iso-date;tmin;tavg;tmax;precip;globrad;wind;relhumid
1980-01-01;-11.99;-5.5;1.0;4.74;1.733;2.57;63.7
1980-01-02;-6.32;-3.39;-0.45;0.0;3.022;5.08;78.27
1980-01-03;-8.22;-6.08;-3.93;0.0;5.502;6.67;74.77
1980-01-04;-13.34;-9.52;-5.7;0.0;5.922;3.07;66.18
1980-01-05;-19.01;-13.93;-8.85;0.0;5.059;3.29;72.8
1980-01-06;-22.74;-17.2;-11.66;0.0;6.114;0.79;76.18
1980-01-07;-22.93;-15.87;-8.81;0.0;5.019;1.75;45.36
1980-01-08;-11.73;-8.21;-4.7;1.21;2.887;2.57;61.87
1980-01-09;-12.74;-7.55;-2.37;0.0;4.19;2.54;58.77
1980-01-10;-7.23;-2.76;1.72;5.13;1.913;3.17;79.0
1980-01-11;-7.76;-3.4;0.95;0.46;2.614;1.97;70.79
1980-01-12;-9.64;-6.89;-4.14;0.0;6.008;5.69;76.66
1980-01-13;-13.82;-10.25;-6.68;0.0;5.079;3.43;72.59
1980-01-14;-15.57;-11.38;-7.18;0.0;6.696;1.25;65.0
1980-01-15;-21.42;-15.68;-9.93;0.0;4.362;0.96;67.28
1980-01-16;-21.62;-15.19;-8.75;0.0;5.167;1.35;63.02
1980-01-17;-13.82;-8.43;-3.03;0.0;4.514;2.55;59.79
1980-01-18;-5.13;-1.82;1.48;2.79;2.245;1.07;81.66
1980-01-19;-6.95;-2.66;1.64;0.0;4.087;0.9;82.24
1980-01-20;-8.04;-3.34;1.35;0.0;5.315;1.54;74.69
1980-01-21;-8.19;-3.59;1.0;0.0;5.876;2.74;66.39
1980-01-22;-7.63;-2.33;2.96;0.49;2.425;3.32;71.32
1980-01-23;-3.2;0.06;3.32;0.0;5.86;5.31;73.81
1980-01-24;-3.58;0.05;3.68;0.48;3.875;4.87;72.81
1980-01-25;-2.05;0.42;2.89;0.0;5.905;3.89;77.18
1980-01-26;-4.09;-0.39;3.31;1.15;5.502;2.95;77.07
1980-01-27;-3.97;-0.04;3.89;0.0;2.563;5.2;78.88
1980-01-28;-7.71;-4.57;-1.43;0.0;6.127;6.31;44.95
1980-01-29;-8.29;-4.86;-1.43;0.0;7.049;6.51;46.37
1980-01-30;-9.34;-5.85;-2.36;0.0;6.812;5.03;49.42
1980-01-31;-10.83;-7.32;-3.81;0.0;8.231;2.76;45.9
1980-02-01;-12.31;-7.38;-2.44;0.39;7.738;1.97;48.23
1980-02-02;-5.34;-2.02;1.29;0.41;8.722;4.78;70.25
1980-02-03;-12.76;-8.12;-3.47;0.0;7.417;4.9;48.28
1980-02-04;-16.64;-11.48;-6.33;0.0;7.904;2.08;58.18
1980-02-05;-14.26;-7.89;-1.53;0.82;5.416;3.78;53.11
1980-02-06;-14.86;-9.29;-3.72;0.0;8.513;4.17;45.33
1980-02-07;-16.35;-11.21;-6.07;0.0;8.158;3.67;60.68
1980-02-08;-16.95;-11.86;-6.77;0.0;8.443;2.13;66.1
1980-02-09;-15.52;-10.28;-5.04;0.0;8.019;2.58;51.75
1980-02-10;-15.65;-10.8;-5.96;0.0;8.875;1.99;71.03
1980-02-11;-16.08;-10.62;-5.16;0.0;8.887;2.2;55.36
1980-02-12;-10.7;-5.57;-0.45;9.98;3.834;3.96;67.72
1980-02-13;-7.03;-3.76;-0.49;1.88;5.035;3.68;73.19
1980-02-14;-16.7;-10.95;-5.2;0.0;10.294;4.98;51.11
1980-02-15;-19.21;-13.97;-8.73;0.0;10.011;5.34;60.57
1980-02-16;-21.07;-15.26;-9.45;0.0;10.034;2.81;58.87
1980-02-17;-23.37;-16.64;-9.92;0.0;10.259;1.99;52.24
1980-02-18;-25.17;-17.57;-9.96;0.0;11.128;1.75;54.99
1980-02-19;-19.28;-9.78;-0.27;0.0;11.814;4.2;37.26
1980-02-20;-6.72;-2.23;2.25;0.41;8.472;5.32;71.69
1980-02-21;-3.4;-1.13;1.15;6.02;11.449;2.1;85.74
1980-02-22;0.21;1.93;3.65;0.95;8.937;2.83;81.45
1980-02-23;0.82;4.36;7.9;0.0;10.682;3.43;62.93
1980-02-24;-0.98;2.67;6.31;0.0;10.632;3.66;61.7
1980-02-25;-0.16;3.4;6.97;0.0;8.942;5.39;52.9
1980-02-26;-1.03;0.5;2.03;0.56;4.07;5.12;78.83
1980-02-27;-0.16;1.32;2.81;0.99;3.298;3.07;81.95
1980-02-28;-1.57;2.19;5.94;0.0;11.382;2.3;55.1
1980-02-29;0.0;0.0;0.0;0.0;0.0;0.0;0.0
1980-03-01;-3.97;-0.59;2.8;0.0;12.888;1.87;53.7
1980-03-02;-4.9;-0.73;3.45;0.0;13.507;2.07;48.0
1980-03-03;-1.33;0.53;2.4;4.91;4.651;4.69;76.6
1980-03-04;0.81;1.82;2.83;0.75;3.327;2.69;83.45
1980-03-05;0.11;2.78;5.45;0.0;10.581;3.9;63.23
1980-03-06;-0.2;2.27;4.73;0.0;11.747;4.83;54.9
1980-03-07;-2.15;1.85;5.85;0.0;12.358;2.67;37.07
1980-03-08;-5.19;-0.87;3.45;0.0;13.247;3.8;32.38
1980-03-09;-5.1;0.42;5.93;0.38;13.714;2.55;38.31
1980-03-10;-1.27;2.72;6.72;0.0;12.925;2.77;48.31
1980-03-11;-2.64;3.29;9.23;1.25;9.901;4.34;39.94
1980-03-12;-4.74;0.01;4.76;0.39;14.632;3.72;34.98
1980-03-13;1.9;6.12;10.34;0.0;13.128;4.78;42.42
1980-03-14;1.39;5.86;10.33;0.0;9.874;3.0;57.5
1980-03-15;0.3;5.32;10.33;0.0;7.021;1.19;62.43
1980-03-16;2.06;9.07;16.08;0.0;14.979;1.39;43.73
1980-03-17;2.06;10.59;19.12;0.0;14.837;2.21;40.29
1980-03-18;5.52;12.52;19.52;0.0;14.869;3.45;42.97
1980-03-19;4.93;10.51;16.09;9.76;8.3;2.73;56.9
1980-03-20;1.46;6.05;10.65;0.0;15.38;4.54;36.07
1980-03-21;-1.35;3.42;8.19;0.36;12.925;2.14;41.53
1980-03-22;3.18;11.13;19.08;0.0;15.239;3.18;42.51
1980-03-23;5.71;12.07;18.43;0.0;14.851;2.19;51.61
1980-03-24;3.85;9.79;15.72;1.94;8.046;4.51;57.42
1980-03-25;-0.26;5.55;11.37;0.0;15.015;3.07;45.75
1980-03-26;-1.27;2.85;6.97;0.43;8.017;3.33;47.57
1980-03-27;-2.77;2.36;7.48;0.0;16.598;0.87;37.63
1980-03-28;0.92;3.35;5.79;2.04;5.573;3.15;74.37
1980-03-29;0.13;5.29;10.44;0.0;14.85;3.58;35.96
1980-03-30;-1.78;2.75;7.28;0.0;16.286;1.87;34.68
1980-03-31;-2.63;2.74;8.12;0.0;17.189;0.61;28.62
1980-04-01;-2.22;2.79;7.8;0.0;17.601;1.7;31.19
1980-04-02;-1.59;4.33;10.26;0.0;17.436;1.81;31.15
1980-04-03;-1.7;3.98;9.66;0.0;17.07;2.59;26.2
1980-04-04;-1.8;3.44;8.68;0.0;16.564;1.97;28.7
1980-04-05;-2.23;4.85;11.93;0.0;17.617;1.39;32.32
1980-04-06;0.46;8.0;15.54;0.0;17.798;4.17;32.32
1980-04-07;6.47;10.48;14.49;9.02;5.106;4.81;67.17
1980-04-08;5.1;9.68;14.26;2.0;4.644;3.21;63.07
1980-04-09;5.71;10.33;14.95;0.0;14.144;1.37;54.75
1980-04-10;2.1;8.14;14.18;0.54;10.783;0.67;54.81
1980-04-11;0.92;6.93;12.94;0.0;14.648;2.95;44.42
1980-04-12;-1.58;5.68;12.95;0.0;15.001;0.44;37.76
1980-04-13;0.78;7.93;15.09;0.0;20.377;1.88;31.66
1980-04-14;1.1;8.69;16.27;0.0;22.026;3.04;28.29
1980-04-15;3.17;10.47;17.77;0.0;22.762;3.43;30.44
1980-04-16;3.49;11.41;19.33;0.0;19.671;2.24;37.31
1980-04-17;6.43;12.4;18.37;0.74;13.056;1.3;51.71
1980-04-18;6.54;11.67;16.8;2.7;8.978;2.16;61.12
1980-04-19;4.64;10.35;16.06;2.55;10.453;2.67;56.67
1980-04-20;2.65;10.27;17.89;1.49;12.838;2.2;43.82
1980-04-21;4.17;10.51;16.85;0.39;15.274;2.19;48.94
1980-04-22;4.71;10.77;16.82;5.37;11.35;2.19;52.21
1980-04-23;3.39;10.79;18.18;0.0;18.695;0.49;46.87
1980-04-24;4.38;12.36;20.34;0.0;19.497;0.71;37.87
1980-04-25;4.34;12.88;21.43;0.0;21.375;0.54;35.87
1980-04-26;7.95;14.5;21.06;0.0;24.012;4.01;36.92
1980-04-27;10.94;13.08;15.22;4.29;8.323;4.58;66.72
1980-04-28;10.35;12.18;14.02;3.09;4.691;2.9;86.21
1980-04-29;9.84;13.54;17.25;0.54;8.242;1.2;69.74
1980-04-30;9.54;16.39;23.25;0.86;21.741;2.6;48.89
1980-05-01;10.57;16.57;22.58;0.0;24.722;2.24;44.01
1980-05-02;10.06;15.55;21.04;0.0;14.331;2.18;48.7
1980-05-03;7.45;13.42;19.39;0.0;23.317;2.54;33.44
1980-05-04;7.36;13.44;19.52;0.0;22.365;2.47;36.03
1980-05-05;9.29;13.21;17.12;0.0;11.737;3.11;55.33
1980-05-06;10.81;14.8;18.8;0.0;15.816;3.29;55.63
1980-05-07;11.44;15.88;20.33;0.0;12.648;2.44;55.81
1980-05-08;11.36;16.09;20.81;0.0;16.441;2.16;45.81
1980-05-09;11.44;16.11;20.79;0.0;18.442;2.91;44.3
1980-05-10;11.37;16.54;21.71;0.0;16.863;3.2;41.81
1980-05-11;9.72;15.5;21.28;0.0;17.745;2.81;44.8
1980-05-12;10.87;15.75;20.64;1.12;6.232;0.85;66.45
1980-05-13;10.92;16.78;22.64;1.65;13.484;1.14;56.69
1980-05-14;10.89;16.86;22.82;1.45;16.576;1.53;53.83
1980-05-15;10.91;17.37;23.82;0.0;22.413;1.85;45.99
1980-05-16;13.04;17.9;22.76;2.39;11.763;1.84;60.66
1980-05-17;11.55;17.69;23.82;0.37;25.34;2.15;44.58
1980-05-18;9.55;16.51;23.47;2.14;21.203;1.35;44.71
1980-05-19;8.59;15.73;22.88;0.69;16.675;1.65;51.19
1980-05-20;13.83;17.9;21.97;6.43;13.067;4.36;64.57
1980-05-21;13.47;17.93;22.4;12.76;11.459;2.66;60.22
1980-05-22;12.94;17.79;22.64;13.9;5.902;1.39;65.21
1980-05-23;11.6;17.54;23.49;1.72;23.459;2.53;41.12
1980-05-24;8.9;15.89;22.87;1.27;20.311;1.02;48.0
1980-05-25;8.85;15.52;22.18;0.35;18.911;2.34;54.9
1980-05-26;13.28;17.32;21.36;4.3;5.075;2.34;69.58
1980-05-27;12.94;18.8;24.66;4.46;20.922;3.28;49.35
1980-05-28;13.83;18.41;22.98;2.03;18.626;3.19;54.7
1980-05-29;11.36;16.67;21.98;0.0;22.283;2.94;44.8
1980-05-30;8.83;15.89;22.96;0.0;28.625;1.01;36.52
1980-05-31;12.76;20.34;27.92;1.94;25.475;2.24;40.07
1980-06-01;16.45;21.73;27.0;0.0;24.703;3.67;41.18
1980-06-02;14.21;20.44;26.67;0.96;21.986;2.53;44.49
1980-06-03;13.49;19.22;24.95;0.4;21.983;3.24;43.31
1980-06-04;10.15;17.96;25.76;4.49;20.477;2.25;41.31
1980-06-05;11.15;17.11;23.07;0.46;21.722;3.15;45.49
1980-06-06;9.03;14.02;19.01;0.0;21.438;2.54;44.77
1980-06-07;6.88;11.36;15.83;0.0;16.414;2.95;43.06
1980-06-08;10.7;14.32;17.94;1.42;11.084;2.96;57.36
1980-06-09;10.18;14.69;19.2;0.0;18.081;4.74;42.15
1980-06-10;6.84;10.8;14.77;0.0;23.176;3.41;27.34
1980-06-11;6.65;13.2;19.74;2.9;12.043;3.05;34.76
1980-06-12;8.64;13.45;18.26;0.0;20.661;2.44;48.3
1980-06-13;7.39;12.58;17.76;1.72;27.11;3.05;40.23
1980-06-14;6.82;10.34;13.85;0.0;19.782;3.24;49.36
1980-06-15;6.49;13.23;19.97;0.0;29.482;2.15;26.45
1980-06-16;6.58;13.98;21.37;0.0;23.561;1.62;36.58
1980-06-17;10.76;16.34;21.93;0.0;21.084;2.37;44.27
1980-06-18;7.78;16.08;24.38;0.0;21.686;0.42;43.72
1980-06-19;15.28;17.32;19.37;23.42;8.502;3.06;92.07
1980-06-20;14.14;20.18;26.22;0.3;24.832;2.44;44.85
1980-06-21;15.56;20.73;25.9;0.0;25.221;3.36;40.87
1980-06-22;14.52;20.16;25.79;4.33;21.931;2.53;42.61
1980-06-23;13.34;17.87;22.39;9.03;16.038;3.42;61.46
1980-06-24;9.55;15.58;21.61;0.0;27.052;2.88;38.67
1980-06-25;8.11;16.05;23.99;4.21;20.72;1.53;34.07
1980-06-26;13.01;17.27;21.52;1.68;15.606;2.45;56.96
1980-06-27;8.07;12.65;17.24;0.5;21.894;3.77;51.52
1980-06-28;8.88;14.46;20.03;4.7;8.581;2.49;50.37
1980-06-29;12.2;17.61;23.02;0.0;20.683;2.83;45.37
1980-06-30;11.93;13.75;15.58;22.45;4.619;3.29;78.07
1980-07-01;10.7;15.62;20.54;0.51;24.225;3.21;39.23
1980-07-02;9.8;16.12;22.43;3.39;14.627;2.05;48.41
1980-07-03;10.69;17.48;24.27;0.0;25.104;1.53;39.37
1980-07-04;13.6;17.25;20.9;5.1;8.333;2.92;71.93
1980-07-05;12.52;18.58;24.64;4.7;17.623;2.25;57.1
1980-07-06;12.32;18.21;24.11;0.56;16.807;2.1;56.4
1980-07-07;14.06;19.3;24.53;3.34;13.764;2.81;48.69
1980-07-08;13.09;18.5;23.91;0.76;22.707;2.53;41.19
1980-07-09;11.69;18.11;24.54;2.36;19.238;0.65;53.84
1980-07-10;10.21;17.32;24.42;0.55;18.138;0.81;37.65
1980-07-11;11.99;19.52;27.05;0.81;23.528;1.55;43.54
1980-07-12;15.38;21.86;28.33;6.03;19.818;2.52;40.09
1980-07-13;15.4;19.73;24.05;22.38;12.405;3.24;64.94
1980-07-14;14.18;19.73;25.27;3.81;19.242;2.45;54.77
1980-07-15;12.89;19.27;25.64;3.59;14.684;0.92;48.25
1980-07-16;13.12;19.22;25.32;1.3;25.293;1.84;42.14
1980-07-17;14.01;18.41;22.81;18.97;9.218;1.63;64.23
1980-07-18;12.78;18.57;24.37;0.0;24.78;2.32;42.07
1980-07-19;11.69;18.5;25.31;6.24;10.898;1.47;47.96
1980-07-20;13.57;19.1;24.63;2.24;16.841;0.59;57.71
1980-07-21;14.26;17.41;20.55;8.22;3.717;2.23;86.65
1980-07-22;12.4;15.02;17.64;5.36;4.126;3.92;72.78
1980-07-23;11.09;14.27;17.44;0.0;17.263;4.14;44.66
1980-07-24;9.03;15.74;22.45;0.31;24.566;1.92;34.9
1980-07-25;11.68;18.15;24.62;4.8;20.002;2.33;44.12
1980-07-26;9.89;14.92;19.95;0.0;19.409;3.28;56.23
1980-07-27;7.68;14.31;20.95;3.61;18.543;1.21;40.25
1980-07-28;9.13;16.54;23.95;0.0;21.781;0.27;46.94
1980-07-29;11.64;17.66;23.69;1.3;23.636;1.61;43.89
1980-07-30;12.3;18.05;23.8;0.0;25.186;2.21;42.68
1980-07-31;13.33;20.63;27.92;0.0;23.552;2.75;33.19
1980-08-01;15.24;22.35;29.46;0.0;23.185;3.23;32.51
1980-08-02;14.12;17.38;20.65;19.94;4.039;3.83;74.11
1980-08-03;13.87;17.99;22.11;0.0;17.094;3.13;50.39
1980-08-04;11.44;18.68;25.93;0.0;22.292;0.26;44.27
1980-08-05;12.25;20.4;28.55;0.48;18.129;0.69;42.74
1980-08-06;16.51;23.16;29.82;2.6;17.92;2.41;36.78
1980-08-07;14.3;21.11;27.91;3.65;8.217;0.49;57.05
1980-08-08;16.07;20.48;24.89;0.0;15.012;2.4;63.77
1980-08-09;16.11;20.48;24.84;0.0;13.992;2.29;58.37
1980-08-10;14.85;20.41;25.96;0.0;15.625;1.1;58.9
1980-08-11;15.0;21.38;27.76;0.0;16.349;0.49;50.85
1980-08-12;14.9;22.39;29.89;0.0;23.428;0.78;40.95
1980-08-13;15.57;22.77;29.97;0.0;22.29;1.0;42.26
1980-08-14;16.27;21.53;26.79;0.0;12.335;2.8;55.9
1980-08-15;12.8;20.01;27.22;0.0;22.895;0.69;41.29
1980-08-16;11.27;19.97;28.67;0.0;22.31;0.51;34.31
1980-08-17;13.69;21.83;29.97;0.0;22.168;1.0;31.5
1980-08-18;14.15;20.02;25.88;1.9;13.645;2.19;59.11
1980-08-19;13.17;18.02;22.87;0.24;19.311;2.47;45.39
1980-08-20;11.04;16.16;21.29;0.0;19.719;1.8;41.52
1980-08-21;10.69;14.99;19.29;0.0;17.628;3.34;43.72
1980-08-22;8.38;15.5;22.63;0.0;20.026;1.64;39.04
1980-08-23;10.69;16.16;21.62;0.0;17.244;2.58;45.05
1980-08-24;8.41;15.31;22.21;0.0;21.181;0.9;33.08
1980-08-25;7.32;15.39;23.46;0.0;21.173;1.29;29.78
1980-08-26;9.14;16.34;23.55;0.0;20.735;2.38;29.54
1980-08-27;10.61;17.86;25.11;0.0;20.008;2.31;31.97
1980-08-28;13.34;20.68;28.02;0.0;19.842;2.47;32.85
1980-08-29;16.14;22.08;28.01;0.0;18.562;2.21;38.04
1980-08-30;14.03;20.82;27.62;0.0;19.477;1.59;32.73
1980-08-31;14.55;21.04;27.52;2.53;12.086;0.99;39.72
1980-09-01;12.16;20.86;29.56;3.52;9.163;0.3;35.28
1980-09-02;12.77;20.05;27.34;0.0;19.286;1.05;38.51
1980-09-03;11.98;19.52;27.07;2.07;9.739;1.34;43.22
1980-09-04;10.73;16.65;22.57;5.52;19.678;3.37;44.45
1980-09-05;7.97;15.09;22.21;0.0;19.419;1.17;30.2
1980-09-06;7.81;16.48;25.14;0.0;18.571;0.43;32.51
1980-09-07;10.34;18.66;26.97;0.0;18.522;0.99;30.41
1980-09-08;13.49;21.5;29.5;0.0;17.954;1.27;30.37
1980-09-09;15.47;22.13;28.79;2.25;17.193;0.85;41.46
1980-09-10;15.71;22.02;28.34;0.0;15.729;0.54;41.24
1980-09-11;14.91;21.31;27.72;0.0;17.58;2.12;32.85
1980-09-12;11.77;18.09;24.42;0.0;18.16;2.81;23.2
1980-09-13;9.5;15.54;21.58;0.0;18.392;3.16;22.31
1980-09-14;8.42;14.64;20.85;0.0;16.032;1.6;28.99
1980-09-15;8.23;15.37;22.51;2.33;14.926;2.89;27.13
1980-09-16;10.82;13.9;16.99;4.43;5.3;2.88;74.95
1980-09-17;9.15;13.88;18.61;0.0;11.219;3.43;46.14
1980-09-18;9.51;14.91;20.32;0.0;11.696;2.89;37.98
1980-09-19;7.1;12.28;17.46;0.0;8.421;1.9;47.9
1980-09-20;9.15;14.73;20.31;0.0;9.159;1.73;42.44
1980-09-21;8.66;16.44;24.22;0.0;16.122;2.71;28.61
1980-09-22;9.68;15.3;20.92;7.79;3.55;2.99;57.14
1980-09-23;8.13;16.14;24.14;0.0;17.333;1.83;32.35
1980-09-24;11.75;17.52;23.29;1.48;8.408;2.82;43.37
1980-09-25;11.31;17.2;23.08;0.0;13.56;2.13;42.17
1980-09-26;11.43;17.52;23.61;0.0;9.962;2.26;39.63
1980-09-27;10.88;17.91;24.95;3.27;8.852;2.52;43.36
1980-09-28;14.73;19.87;25.0;5.04;7.74;2.89;57.21
1980-09-29;14.05;18.29;22.53;12.69;7.114;2.25;71.9
1980-09-30;8.85;14.06;19.27;0.37;6.234;3.96;56.95
1980-10-01;7.13;14.01;20.9;1.06;12.396;2.64;39.63
1980-10-02;8.64;13.36;18.08;0.0;11.294;2.42;45.44
1980-10-03;8.75;13.59;18.42;6.05;3.101;4.51;51.77
1980-10-04;4.59;8.27;11.95;0.0;11.647;4.29;34.28
1980-10-05;1.89;6.98;12.07;0.0;13.145;1.63;34.73
1980-10-06;4.49;8.05;11.62;1.51;3.555;2.23;62.06
1980-10-07;0.91;8.11;15.3;9.31;3.235;2.9;47.52
1980-10-08;0.76;7.0;13.24;0.0;12.564;5.16;27.84
1980-10-09;-0.45;5.54;11.53;0.0;12.136;3.97;27.86
1980-10-10;3.91;7.75;11.59;0.0;6.653;3.52;38.77
1980-10-11;2.5;9.05;15.6;0.0;12.099;2.73;34.51
1980-10-12;10.98;15.41;19.84;1.1;7.221;3.72;52.54
1980-10-13;11.54;17.37;23.19;1.0;4.963;3.3;50.26
1980-10-14;9.0;14.65;20.31;1.48;6.294;2.77;56.13
1980-10-15;5.68;8.29;10.89;12.86;3.346;2.5;68.69
1980-10-16;3.74;7.49;11.23;3.63;4.611;4.15;55.37
1980-10-17;5.68;9.16;12.64;4.01;3.068;2.21;74.73
1980-10-18;5.65;11.14;16.63;1.16;4.705;2.1;54.12
1980-10-19;4.86;10.31;15.77;0.0;9.071;1.21;52.31
1980-10-20;10.19;14.25;18.31;4.88;3.805;4.7;65.84
1980-10-21;11.91;16.36;20.8;4.08;4.931;4.06;63.94
1980-10-22;10.16;14.76;19.35;1.05;10.051;2.87;51.73
1980-10-23;8.42;12.44;16.46;0.44;9.18;1.7;59.27
1980-10-24;4.22;8.34;12.46;0.0;9.114;2.38;57.24
1980-10-25;4.83;9.2;13.57;0.0;9.106;2.25;47.74
1980-10-26;4.9;10.15;15.4;6.8;3.514;3.66;49.75
1980-10-27;1.57;6.84;12.11;0.0;9.154;2.66;30.65
1980-10-28;6.43;11.38;16.33;0.0;9.731;3.28;42.92
1980-10-29;7.43;12.4;17.38;0.0;8.378;2.67;53.03
1980-10-30;7.11;12.88;18.64;0.0;8.197;2.09;49.52
1980-10-31;5.4;11.48;17.56;0.0;5.129;0.46;53.56
1980-11-01;7.4;12.95;18.49;0.0;4.084;0.18;56.87
1980-11-02;5.81;11.42;17.04;0.0;6.357;0.82;55.99
1980-11-03;4.04;9.16;14.28;0.0;7.307;1.69;58.68
1980-11-04;2.48;6.63;10.77;1.13;3.078;0.78;78.52
1980-11-05;0.91;5.49;10.07;0.0;7.498;0.79;60.66
1980-11-06;2.01;7.81;13.61;0.0;5.746;2.08;41.7
1980-11-07;2.85;7.95;13.05;0.0;5.689;1.86;54.02
1980-11-08;3.32;7.44;11.55;0.0;6.677;1.76;58.64
1980-11-09;1.97;6.44;10.91;0.0;5.74;1.66;54.63
1980-11-10;5.22;8.05;10.89;0.0;3.058;1.54;66.55
1980-11-11;3.25;7.32;11.38;0.0;3.818;1.28;60.43
1980-11-12;0.4;5.48;10.56;0.0;5.371;0.62;53.92
1980-11-13;1.32;5.72;10.12;0.0;3.247;0.56;75.48
1980-11-14;6.48;9.81;13.14;0.0;4.54;1.09;73.55
1980-11-15;3.74;6.66;9.57;0.0;2.679;0.57;78.58
1980-11-16;1.95;5.48;9.01;2.51;3.477;2.94;70.23
1980-11-17;0.15;3.5;6.85;0.0;5.707;1.78;63.17
1980-11-18;-1.01;2.11;5.23;0.0;3.084;2.32;65.61
1980-11-19;-2.36;0.36;3.08;0.0;5.431;2.95;45.65
1980-11-20;-4.51;-1.63;1.25;0.0;4.122;4.09;37.95
1980-11-21;-5.62;-2.75;0.11;0.0;5.778;3.25;25.62
1980-11-22;-5.82;-2.79;0.23;0.0;5.39;2.79;35.46
1980-11-23;-6.73;-3.22;0.29;0.0;5.219;1.7;39.23
1980-11-24;-7.8;-3.63;0.55;0.0;5.087;0.71;40.31
1980-11-25;-7.98;-3.57;0.84;0.0;5.138;1.27;38.7
1980-11-26;-6.51;-2.8;0.9;0.81;1.996;1.75;51.28
1980-11-27;-1.78;0.13;2.05;0.63;1.863;1.21;90.72
1980-11-28;-5.28;-1.7;1.89;0.0;4.996;3.2;62.47
1980-11-29;-6.67;-3.94;-1.2;0.0;5.966;3.41;31.04
1980-11-30;-6.71;-3.77;-0.82;1.88;2.206;3.52;40.19
1980-12-01;-7.25;-3.8;-0.35;0.0;4.236;1.21;71.35
1980-12-02;-7.1;-3.38;0.34;0.0;4.537;3.52;56.09
1980-12-03;-5.41;-1.91;1.59;3.27;3.54;4.74;68.66
1980-12-04;-1.47;0.2;1.86;1.93;2.023;0.76;94.01
1980-12-05;-3.3;-0.58;2.14;2.9;3.513;1.21;81.98
1980-12-06;-4.77;-1.49;1.78;5.93;1.554;1.71;89.47
1980-12-07;-7.48;-3.9;-0.31;0.78;3.849;1.43;79.18
1980-12-08;-8.72;-3.52;1.69;0.57;5.981;1.31;75.58
1980-12-09;-10.21;-5.46;-0.71;0.0;3.841;1.92;71.84
1980-12-10;-4.66;-2.23;0.19;0.0;6.001;5.53;71.76
1980-12-11;-5.0;-2.02;0.96;0.0;1.822;3.46;72.17
1980-12-12;-4.1;-1.3;1.5;0.0;5.133;2.53;78.62
1980-12-13;-4.68;-1.91;0.86;0.0;2.754;1.73;82.46
1980-12-14;-7.06;-3.9;-0.74;0.0;3.607;2.24;75.63
1980-12-15;-6.96;-2.8;1.35;0.68;2.05;1.33;80.31
1980-12-16;-0.62;0.83;2.29;0.0;1.741;2.34;93.41
1980-12-17;-0.64;1.49;3.63;0.33;2.69;4.56;66.32
1980-12-18;-3.54;-0.47;2.61;0.0;3.632;4.6;66.57
1980-12-19;-3.46;-0.52;2.42;0.0;1.531;2.5;80.56
1980-12-20;-1.63;0.88;3.39;0.0;5.562;1.69;74.97
1980-12-21;-1.36;1.08;3.53;0.0;5.726;2.6;76.1
1980-12-22;1.23;3.08;4.94;0.66;3.034;5.02;63.55
1980-12-23;-0.25;2.28;4.81;0.0;3.434;3.65;62.36
1980-12-24;-0.98;1.66;4.29;0.0;4.723;2.59;58.86
1980-12-25;-3.88;-0.48;2.91;0.41;3.017;0.51;76.48
1980-12-26;0.63;3.25;5.88;2.78;1.939;2.9;70.57
1980-12-27;0.7;2.9;5.1;0.25;3.908;3.32;71.75
1980-12-28;-2.14;0.58;3.3;0.51;3.025;2.43;77.43
1980-12-29;-6.17;-3.25;-0.33;0.0;4.873;4.49;57.39
1980-12-30;-8.31;-6.2;-4.09;0.0;2.547;6.55;41.93
1980-12-31;-7.46;-4.75;-2.03;0.0;2.09;4.95;48.43
1981-01-01;-6.05;-3.51;-0.98;0.0;2.738;0.97;63.32
1981-01-02;-6.99;-4.02;-1.04;0.0;4.073;0.4;64.37
1981-01-03;-9.14;-5.24;-1.34;0.0;3.653;1.35;66.1
1981-01-04;-7.6;-3.02;1.55;0.0;3.811;2.08;67.23
1981-01-05;-5.67;-1.97;1.73;0.0;4.109;0.75;80.33
1981-01-06;-1.25;1.83;4.92;0.0;5.822;1.24;73.9
1981-01-07;-1.9;0.85;3.61;0.0;5.724;0.85;74.8
1981-01-08;-2.04;0.67;3.38;0.0;5.009;1.36;77.26
1981-01-09;-1.73;0.76;3.25;0.0;4.383;2.06;77.53
1981-01-10;-2.67;-0.56;1.55;0.0;4.527;3.87;71.51
1981-01-11;-5.53;-2.53;0.47;0.0;5.095;3.28;59.45
1981-01-12;-8.18;-5.2;-2.21;0.0;4.555;2.05;47.27
1981-01-13;-9.02;-5.22;-1.43;0.0;6.005;1.34;42.69
1981-01-14;-8.97;-5.05;-1.13;0.0;5.205;2.35;42.61
1981-01-15;-11.21;-7.65;-4.09;0.0;5.785;2.14;31.59
1981-01-16;-10.17;-6.38;-2.6;1.32;3.074;1.4;43.67
1981-01-17;-12.25;-8.03;-3.8;0.0;4.5;1.2;70.62
1981-01-18;-12.67;-5.95;0.77;1.13;5.876;2.02;58.46
1981-01-19;-1.13;0.4;1.93;3.01;2.424;0.96;89.88
1981-01-20;-4.66;-1.68;1.31;1.37;6.507;3.86;82.22
1981-01-21;-4.71;-2.15;0.42;0.0;3.389;4.23;72.65
1981-01-22;-9.97;-6.25;-2.53;0.0;6.067;2.32;58.77
1981-01-23;-7.94;-3.44;1.07;5.53;2.484;3.52;71.51
1981-01-24;-4.13;-1.02;2.09;5.69;3.592;4.49;80.13
1981-01-25;-9.9;-4.43;1.04;0.0;5.414;2.63;54.48
1981-01-26;-3.36;-0.24;2.87;0.0;5.537;3.01;79.36
1981-01-27;-6.78;-2.21;2.36;0.0;6.275;1.65;78.1
1981-01-28;-9.34;-4.39;0.56;0.65;7.379;1.36;61.11
1981-01-29;-11.5;-6.5;-1.5;0.0;6.923;1.39;60.65
1981-01-30;-14.21;-8.71;-3.22;0.0;7.345;0.42;63.19
1981-01-31;-13.5;-7.69;-1.87;0.0;7.327;0.96;58.82
1981-02-01;-11.09;-7.45;-3.81;0.0;9.024;2.48;70.95
1981-02-02;-13.98;-8.46;-2.95;0.51;7.418;2.07;46.11
1981-02-03;-9.45;-6.31;-3.18;0.66;7.551;4.17;76.97
1981-02-04;-11.55;-8.18;-4.81;1.01;7.337;5.44;68.62
1981-02-05;-12.57;-9.07;-5.57;0.0;8.443;4.96;64.86
1981-02-06;-15.99;-11.02;-6.04;0.0;8.897;5.58;47.93
1981-02-07;-14.5;-9.99;-5.48;0.0;8.573;5.25;70.05
1981-02-08;-16.07;-11.68;-7.29;0.0;8.915;3.88;66.55
1981-02-09;-16.43;-11.41;-6.39;0.0;9.621;3.68;61.08
1981-02-10;-16.4;-11.26;-6.12;0.0;8.883;3.97;62.05
1981-02-11;-19.79;-14.18;-8.57;0.0;9.52;2.26;63.55
1981-02-12;-20.91;-14.72;-8.54;0.0;9.425;1.06;64.39
1981-02-13;-16.29;-10.66;-5.04;0.0;8.686;1.99;65.04
1981-02-14;-19.33;-12.08;-4.84;1.31;8.81;1.54;54.99
1981-02-15;-16.18;-9.3;-2.43;0.0;9.372;1.93;66.25
1981-02-16;-16.37;-8.13;0.11;1.18;6.438;2.04;46.44
1981-02-17;-12.67;-7.21;-1.74;0.0;9.601;3.64;65.93
1981-02-18;-16.11;-8.2;-0.28;0.0;9.454;1.93;52.41
1981-02-19;-7.81;-3.46;0.88;0.0;9.386;2.1;80.64
1981-02-20;-13.3;-5.98;1.35;0.0;11.637;3.1;69.38
1981-02-21;-5.02;-1.82;1.37;1.05;9.247;3.65;81.2
1981-02-22;-5.32;-1.91;1.51;0.0;9.47;3.0;72.1
1981-02-23;-2.07;0.34;2.75;0.0;8.388;3.0;80.46
1981-02-24;-2.81;0.18;3.17;0.0;10.278;4.69;66.05
1981-02-25;-4.93;-0.93;3.06;0.0;6.798;2.4;57.43
1981-02-26;-3.23;1.24;5.7;0.0;11.921;2.35;46.28
1981-02-27;0.21;5.09;9.97;0.39;11.636;3.9;50.41
1981-02-28;-1.71;1.63;4.96;0.0;11.5;2.35;62.6
1981-03-01;-1.43;3.1;7.64;1.41;6.773;3.69;52.64
1981-03-02;-1.45;1.67;4.78;0.0;12.045;3.09;47.2
1981-03-03;-1.73;2.2;6.12;0.8;13.382;3.07;47.4
1981-03-04;-1.19;2.35;5.89;0.0;13.042;5.15;43.01
1981-03-05;-2.56;1.89;6.35;0.0;12.879;2.64;34.47
1981-03-06;0.88;4.2;7.51;8.33;3.535;4.22;78.56
1981-03-07;0.82;5.33;9.83;0.41;11.831;2.86;47.96
1981-03-08;0.61;4.54;8.46;0.0;13.163;3.1;37.55
1981-03-09;-0.75;2.87;6.49;5.87;4.088;3.1;76.21
1981-03-10;-1.35;2.53;6.4;0.0;8.283;1.83;53.09
1981-03-11;1.27;5.0;8.73;2.72;13.089;4.22;48.67
1981-03-12;-2.5;1.53;5.56;0.0;13.081;1.81;49.46
1981-03-13;-4.18;-0.02;4.13;0.0;14.256;1.3;36.82
1981-03-14;-5.27;-0.01;5.25;0.0;14.559;1.99;35.34
1981-03-15;-1.45;2.27;5.98;0.0;8.197;1.7;41.57
1981-03-16;0.13;4.87;9.61;0.47;15.187;2.08;44.78
1981-03-17;0.62;3.83;7.04;0.7;7.072;3.72;74.3
1981-03-18;-1.3;2.91;7.11;0.0;15.503;1.88;43.81
1981-03-19;-1.71;2.67;7.04;0.0;13.319;4.2;36.38
1981-03-20;-4.82;-0.86;3.11;0.0;16.602;2.44;24.21
1981-03-21;-5.18;0.24;5.66;0.48;17.162;2.42;27.42
1981-03-22;1.98;8.55;15.12;0.35;7.145;3.99;46.85
1981-03-23;1.53;4.78;8.03;0.49;14.667;3.48;47.95
1981-03-24;-2.58;0.39;3.36;1.55;17.333;4.82;36.2
1981-03-25;-4.42;-1.23;1.96;0.0;16.835;5.23;27.39
1981-03-26;-7.33;-3.12;1.1;0.0;15.258;5.96;27.69
1981-03-27;-5.9;-2.41;1.08;0.0;16.483;6.44;28.09
1981-03-28;-9.13;-4.2;0.73;0.0;16.0;4.57;27.43
1981-03-29;-7.92;-3.15;1.63;0.0;15.907;3.39;30.18
1981-03-30;-5.16;-0.78;3.6;0.0;17.467;3.06;24.34
1981-03-31;-5.68;-1.13;3.41;0.0;17.862;3.46;19.93
1981-04-01;-6.29;-2.49;1.31;0.0;18.401;2.65;21.13
1981-04-02;-5.6;-1.13;3.33;0.0;19.333;0.78;21.64
1981-04-03;-3.41;1.02;5.45;0.0;16.449;0.49;28.72
1981-04-04;-3.29;1.4;6.08;0.0;17.808;0.78;37.29
1981-04-05;-3.1;2.08;7.27;0.0;17.953;1.01;39.39
1981-04-06;-1.45;3.55;8.55;4.13;17.708;3.46;43.17
1981-04-07;0.7;3.21;5.72;0.82;7.425;2.0;73.32
1981-04-08;-1.63;3.2;8.03;0.0;16.264;1.46;46.55
1981-04-09;-2.51;3.96;10.42;0.0;16.252;0.21;34.04
1981-04-10;1.21;6.72;12.23;0.0;13.511;2.47;46.7
1981-04-11;-1.07;5.75;12.57;0.0;21.042;2.71;30.1
1981-04-12;-1.08;6.45;13.97;0.0;16.597;1.0;28.56
1981-04-13;0.1;7.04;13.97;0.0;18.638;2.86;30.23
1981-04-14;1.33;6.04;10.74;0.0;15.538;4.17;32.54
1981-04-15;-0.84;4.83;10.5;0.0;20.469;2.61;26.85
1981-04-16;-0.32;6.08;12.49;0.0;15.873;3.26;33.36
1981-04-17;-0.97;6.89;14.76;0.0;19.905;1.57;39.01
1981-04-18;5.13;12.8;20.47;1.09;15.7;2.14;42.41
1981-04-19;2.29;9.37;16.45;0.0;20.421;1.88;38.31
1981-04-20;2.3;10.21;18.13;0.0;15.495;0.4;41.07
1981-04-21;6.46;14.78;23.1;0.7;14.666;2.43;38.93
1981-04-22;4.45;11.29;18.13;0.0;22.376;1.92;36.19
1981-04-23;3.13;11.32;19.52;0.0;23.846;1.72;34.45
1981-04-24;2.81;11.63;20.44;0.0;22.48;0.93;32.86
1981-04-25;2.62;12.87;23.12;0.0;23.602;1.26;30.75
1981-04-26;6.01;14.74;23.47;0.0;23.23;1.92;32.2
1981-04-27;7.69;15.47;23.25;0.0;22.836;1.81;35.02
1981-04-28;8.44;15.18;21.93;0.0;18.3;2.64;46.95
1981-04-29;7.49;12.61;17.73;0.0;17.891;3.71;47.67
1981-04-30;6.62;14.77;22.92;0.0;20.89;2.7;32.3
1981-05-01;7.89;12.92;17.94;0.34;19.655;4.08;42.07
1981-05-02;6.1;11.85;17.6;0.0;23.999;2.32;30.65
1981-05-03;6.46;14.96;23.47;0.0;23.281;3.1;27.29
1981-05-04;12.92;19.52;26.13;0.0;19.487;3.39;37.15
1981-05-05;13.4;18.02;22.64;4.08;10.514;3.37;56.18
1981-05-06;9.17;12.8;16.44;4.78;13.255;3.86;72.45
1981-05-07;6.9;11.88;16.85;0.0;18.525;4.39;40.69
1981-05-08;4.26;12.02;19.77;4.64;22.682;2.54;35.53
1981-05-09;6.18;11.23;16.29;0.0;19.606;4.01;32.29
1981-05-10;5.27;10.1;14.93;0.0;19.059;3.58;37.27
1981-05-11;4.53;10.36;16.19;0.0;19.76;2.81;30.0
1981-05-12;3.72;10.67;17.63;0.0;26.41;2.42;24.0
1981-05-13;3.1;11.84;20.58;0.0;25.177;1.12;25.07
1981-05-14;7.27;13.03;18.78;0.0;22.869;2.92;40.03
1981-05-15;6.54;12.38;18.23;1.39;11.278;2.95;48.56
1981-05-16;5.06;10.25;15.44;0.0;22.609;2.66;31.32
1981-05-17;4.7;9.28;13.85;0.0;24.251;2.93;24.71
1981-05-18;3.41;8.54;13.67;0.0;23.945;2.83;24.16
1981-05-19;3.57;8.87;14.17;1.12;18.494;2.95;32.6
1981-05-20;5.22;10.53;15.83;0.0;21.556;3.02;29.53
1981-05-21;3.65;9.71;15.76;0.0;22.486;1.53;27.5
1981-05-22;3.58;10.89;18.2;0.0;21.192;1.44;25.15
1981-05-23;11.29;15.99;20.69;0.76;19.69;3.38;34.67
1981-05-24;8.49;11.59;14.68;18.44;8.0;3.24;79.07
1981-05-25;9.93;12.91;15.89;6.54;10.854;2.56;79.51
1981-05-26;11.36;15.64;19.93;0.0;8.834;3.71;55.81
1981-05-27;10.68;16.63;22.59;0.0;20.711;1.33;47.49
1981-05-28;10.09;16.64;23.19;16.27;8.759;1.52;46.49
1981-05-29;9.6;17.12;24.64;3.92;21.624;1.62;40.14
1981-05-30;8.59;15.72;22.85;3.23;19.517;1.09;49.59
1981-05-31;7.35;15.98;24.6;1.28;22.683;0.35;41.28
1981-06-01;10.35;17.42;24.49;12.04;14.15;1.11;49.31
1981-06-02;11.96;18.39;24.82;1.62;19.954;2.44;43.17
1981-06-03;12.04;17.75;23.47;3.46;19.487;2.15;47.64
1981-06-04;10.51;17.25;23.98;1.9;21.219;1.3;43.8
1981-06-05;8.88;16.1;23.32;2.15;16.726;1.01;52.32
1981-06-06;11.89;17.32;22.75;0.0;22.848;3.18;46.05
1981-06-07;12.21;17.37;22.53;0.0;14.524;2.74;55.68
1981-06-08;12.09;18.71;25.33;2.37;23.039;2.12;37.56
1981-06-09;11.09;18.58;26.07;2.46;23.32;0.69;43.56
1981-06-10;15.71;19.79;23.86;13.51;7.677;3.15;59.94
1981-06-11;14.76;20.02;25.28;2.47;14.158;2.84;55.77
1981-06-12;12.52;18.82;25.13;1.57;14.953;1.42;56.17
1981-06-13;12.13;19.53;26.92;0.0;21.164;1.58;43.44
1981-06-14;14.13;20.99;27.85;1.65;20.218;1.83;41.13
1981-06-15;13.46;19.29;25.11;7.32;8.62;1.14;56.79
1981-06-16;11.54;18.11;24.67;0.0;27.031;1.42;43.12
1981-06-17;10.13;18.64;27.15;0.0;20.462;0.48;34.48
1981-06-18;11.25;19.84;28.44;0.65;18.039;0.31;36.52
1981-06-19;12.18;19.32;26.47;1.98;22.302;0.47;51.95
1981-06-20;12.17;18.83;25.49;16.82;13.78;0.69;58.75
1981-06-21;11.74;15.5;19.25;6.09;4.648;3.4;68.68
1981-06-22;10.62;14.29;17.97;0.0;14.837;2.74;55.83
1981-06-23;10.15;14.77;19.39;0.0;18.861;2.24;50.88
1981-06-24;12.51;15.92;19.33;0.0;12.699;3.37;51.91
1981-06-25;11.03;16.19;21.35;0.0;24.78;3.48;32.29
1981-06-26;10.78;15.54;20.29;0.0;20.643;3.65;37.54
1981-06-27;8.99;15.52;22.04;0.63;20.719;1.51;38.09
1981-06-28;11.94;16.93;21.92;4.26;28.815;2.54;47.62
1981-06-29;14.26;20.01;25.76;32.89;12.862;3.67;49.88
1981-06-30;8.88;13.31;17.74;0.62;7.779;4.43;63.4
1981-07-01;7.41;12.69;17.97;0.0;16.687;1.01;43.16
1981-07-02;9.13;15.07;21.01;6.46;25.329;1.01;34.77
1981-07-03;11.51;14.43;17.35;10.32;11.185;3.18;67.97
1981-07-04;10.33;15.92;21.51;0.0;23.249;2.48;36.94
1981-07-05;8.69;16.54;24.39;0.59;22.18;0.25;52.87
1981-07-06;12.17;17.59;23.02;0.0;21.883;2.71;40.91
1981-07-07;14.24;18.27;22.29;0.0;15.752;3.85;47.15
1981-07-08;13.27;17.93;22.59;0.0;19.532;2.92;50.08
1981-07-09;12.59;19.29;25.99;0.0;24.473;1.75;42.97
1981-07-10;11.41;19.43;27.45;1.86;16.724;0.26;48.21
1981-07-11;12.78;20.55;28.33;0.0;24.858;1.01;36.46
1981-07-12;15.04;21.73;28.43;0.0;23.185;1.84;43.6
1981-07-13;16.14;22.29;28.43;0.9;21.408;1.66;47.43
1981-07-14;15.17;22.09;29.0;2.67;20.304;1.65;43.58
1981-07-15;13.3;20.45;27.61;0.0;24.458;2.15;41.67
1981-07-16;11.99;20.27;28.55;0.0;24.474;1.0;31.82
1981-07-17;17.2;23.37;29.53;5.07;22.147;2.81;35.0
1981-07-18;13.95;20.16;26.37;0.0;19.238;2.52;44.48
1981-07-19;11.0;18.29;25.58;0.06;20.818;0.49;37.91
1981-07-20;13.94;20.27;26.6;0.0;17.142;1.62;48.13
1981-07-21;17.79;20.68;23.58;16.77;7.086;1.82;76.82
1981-07-22;16.0;21.3;26.61;0.0;24.591;1.92;44.57
1981-07-23;13.71;20.39;27.07;0.0;24.877;1.32;37.1
1981-07-24;12.45;20.52;28.59;0.0;24.039;0.6;33.85
1981-07-25;13.93;21.73;29.52;0.0;24.231;0.99;30.88
1981-07-26;14.3;21.91;29.53;0.0;24.46;1.82;28.38
1981-07-27;16.06;22.27;28.48;21.06;12.219;2.41;44.22
1981-07-28;13.53;21.32;29.1;0.0;24.161;1.03;35.77
1981-07-29;17.41;23.94;30.46;5.96;21.172;0.79;36.72
1981-07-30;17.59;23.74;29.9;10.3;19.239;0.49;50.91
1981-07-31;17.16;24.02;30.87;3.27;17.728;1.62;35.39
1981-08-01;17.57;23.12;28.67;0.0;20.333;2.95;48.73
1981-08-02;17.23;23.01;28.78;0.0;20.26;1.71;44.83
1981-08-03;15.49;22.0;28.5;0.53;18.898;1.16;42.3
1981-08-04;17.12;22.17;27.22;0.0;19.333;2.89;37.98
1981-08-05;16.66;21.51;26.36;0.0;17.702;2.62;37.69
1981-08-06;16.47;19.0;21.54;23.95;4.107;1.42;73.84
1981-08-07;16.02;19.34;22.66;16.01;5.296;1.91;72.53
1981-08-08;16.6;22.37;28.13;0.81;15.205;0.49;54.44
1981-08-09;15.43;22.67;29.91;0.0;22.556;0.49;42.46
1981-08-10;17.79;23.87;29.95;0.0;13.598;1.7;40.25
1981-08-11;18.5;24.16;29.83;3.74;18.8;2.97;47.83
1981-08-12;17.21;23.52;29.84;3.31;21.333;1.9;48.79
1981-08-13;16.82;23.41;29.99;0.0;21.755;0.89;46.45
1981-08-14;16.72;23.59;30.47;0.0;16.852;1.2;41.26
1981-08-15;16.84;23.73;30.62;7.77;20.243;1.61;38.42
1981-08-16;16.76;22.95;29.14;0.0;20.935;1.7;46.45
1981-08-17;16.27;22.06;27.85;1.31;19.678;1.99;47.05
1981-08-18;15.24;21.5;27.76;1.77;19.932;1.99;49.51
1981-08-19;12.82;18.26;23.69;0.0;20.41;3.24;45.35
1981-08-20;11.22;14.15;17.08;18.88;3.389;2.0;83.9
1981-08-21;10.98;15.63;20.27;0.0;19.264;1.99;43.9
1981-08-22;8.82;15.22;21.63;0.0;20.052;0.46;36.39
1981-08-23;12.39;19.06;25.74;2.15;8.841;1.9;37.41
1981-08-24;13.03;19.95;26.87;2.89;13.684;2.32;52.06
1981-08-25;14.32;19.78;25.24;2.59;18.501;1.3;54.35
1981-08-26;13.76;18.95;24.13;0.99;13.193;0.42;50.5
1981-08-27;13.6;20.11;26.61;6.09;18.031;1.89;50.29
1981-08-28;10.17;15.29;20.41;0.0;20.771;2.89;48.25
1981-08-29;7.89;14.64;21.4;0.0;21.216;0.9;33.16
1981-08-30;8.42;16.27;24.13;1.57;20.543;1.89;35.3
1981-08-31;9.14;14.58;20.01;0.0;14.703;2.96;49.45
1981-09-01;7.28;16.52;25.76;4.38;16.783;2.3;30.41
1981-09-02;12.06;17.96;23.85;0.0;15.071;2.29;46.35
1981-09-03;10.43;16.11;21.79;0.0;18.274;2.29;35.78
1981-09-04;9.61;15.48;21.35;0.0;17.749;2.72;33.68
1981-09-05;7.77;14.72;21.67;0.0;16.258;2.07;42.53
1981-09-06;10.52;17.13;23.75;0.0;18.439;1.27;38.64
1981-09-07;11.87;16.77;21.68;0.2;15.341;3.93;39.64
1981-09-08;11.04;14.7;18.35;0.0;13.694;4.2;39.15
1981-09-09;8.4;12.82;17.24;0.0;16.023;3.97;34.67
1981-09-10;4.77;11.11;17.44;0.0;18.596;2.29;29.85
1981-09-11;3.08;11.27;19.47;9.98;14.035;1.09;32.02
1981-09-12;8.82;11.46;14.1;0.3;3.867;2.41;53.61
1981-09-13;9.7;13.77;17.84;0.0;8.914;2.51;51.75
1981-09-14;8.84;15.23;21.62;0.0;17.738;2.02;33.23
1981-09-15;10.21;17.26;24.3;2.03;9.68;3.43;39.29
1981-09-16;10.97;16.98;22.99;0.0;16.256;2.41;39.95
1981-09-17;8.37;14.55;20.73;2.33;7.933;2.31;50.38
1981-09-18;6.51;11.49;16.47;0.12;7.62;1.08;51.93
1981-09-19;6.81;12.74;18.68;0.0;17.588;1.9;35.73
1981-09-20;9.23;15.73;22.24;14.95;7.142;2.45;49.52
1981-09-21;9.74;14.91;20.08;4.11;9.888;1.7;62.0
1981-09-22;7.8;14.12;20.43;0.0;15.201;1.1;40.07
1981-09-23;6.1;13.89;21.67;0.0;14.406;1.75;38.02
1981-09-24;12.72;18.3;23.89;2.46;8.65;2.67;47.73
1981-09-25;12.36;16.02;19.67;11.67;2.459;1.51;79.6
1981-09-26;12.84;20.25;27.66;0.0;14.899;2.63;36.07
1981-09-27;12.32;18.89;25.46;0.0;14.736;1.31;43.36
1981-09-28;11.25;16.39;21.54;0.0;13.09;3.6;51.13
1981-09-29;8.83;15.29;21.74;0.0;13.702;1.32;41.05
1981-09-30;8.56;15.72;22.88;0.0;15.255;1.15;36.96
1981-10-01;10.18;17.13;24.08;2.8;7.109;1.23;43.3
1981-10-02;11.06;15.82;20.58;1.45;5.791;0.91;75.29
1981-10-03;8.13;13.66;19.19;0.0;13.146;1.12;48.97
1981-10-04;7.05;13.38;19.72;0.0;10.844;1.08;42.41
1981-10-05;8.69;15.25;21.8;0.0;11.578;2.62;40.37
1981-10-06;10.59;15.3;20.01;3.32;4.766;3.02;59.66
1981-10-07;7.61;11.6;15.59;1.12;12.382;2.57;55.86
1981-10-08;6.48;11.53;16.57;0.0;11.121;2.52;35.45
1981-10-09;4.78;11.05;17.33;0.0;12.086;1.93;32.42
1981-10-10;8.61;15.46;22.3;0.0;7.917;2.32;43.14
1981-10-11;10.86;16.88;22.9;0.45;9.902;2.42;48.47
1981-10-12;9.76;14.5;19.25;0.0;6.096;2.56;56.82
1981-10-13;7.22;12.07;16.92;0.0;11.138;2.28;34.92
1981-10-14;5.68;12.99;20.31;0.0;10.333;2.31;32.37
1981-10-15;9.79;15.76;21.73;0.0;11.442;2.14;38.02
1981-10-16;9.83;14.11;18.39;0.41;3.235;1.57;67.74
1981-10-17;10.95;16.81;22.68;0.0;9.908;2.71;52.37
1981-10-18;9.59;16.45;23.32;0.0;9.425;1.51;47.77
1981-10-19;9.54;15.07;20.6;0.0;9.799;1.61;53.45
1981-10-20;8.38;14.13;19.87;2.68;5.78;1.12;55.12
1981-10-21;0.42;6.69;12.96;0.0;9.86;2.11;47.15
1981-10-22;-1.07;5.83;12.72;0.0;9.985;1.7;29.45
1981-10-23;4.38;11.83;19.29;1.0;6.927;1.12;44.65
1981-10-24;7.7;10.66;13.62;0.0;7.568;4.36;49.86
1981-10-25;3.54;7.92;12.3;0.0;8.065;2.66;55.77
1981-10-26;9.15;14.08;19.01;0.0;9.761;3.55;48.21
1981-10-27;7.28;11.27;15.26;0.0;9.514;4.52;39.32
1981-10-28;-0.3;4.92;10.13;0.0;8.993;2.54;42.95
1981-10-29;-1.45;4.13;9.7;0.0;9.359;1.79;29.46
1981-10-30;0.71;5.93;11.15;32.49;1.375;4.14;47.56
1981-10-31;1.76;5.91;10.06;0.0;8.309;3.05;56.8
1981-11-01;1.97;7.29;12.61;0.0;7.542;3.96;38.21
1981-11-02;1.81;5.95;10.08;0.0;7.369;3.81;46.74
1981-11-03;-1.42;4.42;10.26;0.0;8.326;1.87;43.98
1981-11-04;4.89;8.71;12.52;0.0;4.629;1.6;65.31
1981-11-05;5.22;8.9;12.58;0.46;3.688;2.78;71.26
1981-11-06;0.91;4.63;8.35;0.0;7.103;3.27;46.66
1981-11-07;-1.31;3.12;7.55;0.0;7.424;2.17;49.04
1981-11-08;-2.07;2.76;7.6;0.0;7.201;1.39;45.23
1981-11-09;-2.28;2.63;7.54;0.0;6.793;0.76;49.57
1981-11-10;-2.72;2.25;7.23;0.0;6.19;1.4;50.35
1981-11-11;-1.81;2.59;7.0;0.0;6.717;1.96;58.93
1981-11-12;0.12;4.64;9.17;0.0;6.095;1.86;54.81
1981-11-13;0.39;5.19;9.99;0.0;5.126;2.55;63.58
1981-11-14;6.09;10.16;14.22;0.0;5.652;2.56;59.71
1981-11-15;5.65;8.27;10.88;0.0;5.986;4.47;68.61
1981-11-16;-0.25;3.53;7.31;2.08;1.05;2.94;85.83
1981-11-17;-0.66;3.88;8.42;0.0;6.259;2.2;51.06
1981-11-18;2.39;6.68;10.96;4.23;6.349;4.1;62.43
1981-11-19;3.15;6.19;9.22;0.0;6.674;2.2;71.83
1981-11-20;2.65;8.04;13.42;1.79;6.022;2.68;54.45
1981-11-21;10.45;14.33;18.21;0.0;4.033;2.81;72.56
1981-11-22;9.56;13.55;17.55;0.0;6.02;2.68;67.94
1981-11-23;7.85;12.18;16.52;0.0;5.962;3.16;68.55
1981-11-24;8.05;11.8;15.56;0.0;4.15;4.0;65.33
1981-11-25;6.8;10.45;14.1;2.67;3.8;3.32;73.86
1981-11-26;5.94;9.9;13.87;0.28;4.566;3.46;63.96
1981-11-27;-0.75;2.72;6.19;0.0;4.221;2.21;57.39
1981-11-28;-1.8;0.89;3.58;0.0;5.891;0.73;65.97
1981-11-29;-1.75;0.87;3.49;0.52;2.641;2.38;66.18
1981-11-30;0.05;1.65;3.25;18.13;1.033;5.6;87.14
1981-12-01;-3.54;-0.56;2.42;0.0;2.508;5.68;60.35
1981-12-02;-4.2;-1.56;1.07;0.0;4.979;1.39;54.95
1981-12-03;-4.21;-1.23;1.76;0.0;4.93;1.21;59.92
1981-12-04;-4.98;-1.17;2.64;0.0;4.788;2.6;54.68
1981-12-05;-0.36;3.72;7.8;2.39;4.548;5.59;53.76
1981-12-06;5.7;7.08;8.46;14.07;1.503;4.07;84.76
1981-12-07;8.18;11.57;14.96;2.64;4.139;5.61;65.88
1981-12-08;6.91;10.31;13.71;0.0;5.153;5.11;57.1
1981-12-09;5.32;9.07;12.83;0.0;5.052;3.38;61.43
1981-12-10;5.01;8.88;12.76;0.63;4.562;3.35;65.03
1981-12-11;0.12;3.29;6.45;0.0;4.66;1.22;73.32
1981-12-12;-1.42;1.52;4.47;1.08;4.412;1.92;71.63
1981-12-13;3.34;5.44;7.53;0.0;2.022;2.72;67.27
1981-12-14;1.15;3.84;6.54;0.0;4.831;2.73;63.74
1981-12-15;2.62;6.54;10.47;0.72;3.719;4.65;63.06
1981-12-16;0.27;3.84;7.42;6.45;3.448;3.63;68.36
1981-12-17;-4.29;-1.15;1.99;0.49;2.665;2.93;53.93
1981-12-18;-10.01;-6.04;-2.08;0.0;5.041;5.86;32.58
1981-12-19;-12.21;-8.71;-5.21;1.46;5.223;3.9;24.51
1981-12-20;-7.12;-2.25;2.61;2.91;3.124;3.87;76.39
1981-12-21;-3.99;-0.3;3.4;0.0;1.788;3.26;78.15
1981-12-22;0.63;3.17;5.7;0.0;4.928;2.4;69.46
1981-12-23;-0.89;1.04;2.98;0.0;2.106;1.49;76.88
1981-12-24;-3.12;-1.61;-0.1;10.13;2.144;1.5;76.05
1981-12-25;-15.71;-6.85;2.01;5.06;3.105;2.18;52.4
1981-12-26;-10.99;-4.1;2.79;1.82;3.523;4.6;57.23
1981-12-27;-13.95;-6.88;0.18;1.92;2.083;3.51;54.18
1981-12-28;-14.73;-5.6;3.53;11.59;2.623;3.87;41.94
1981-12-29;-0.27;2.5;5.26;0.6;2.717;2.8;77.38
1981-12-30;0.44;3.95;7.45;1.69;1.573;3.91;63.72
1981-12-31;-3.22;2.05;7.32;1.43;3.91;3.88;42.22
1982-01-01;-4.37;-0.88;2.62;1.65;3.603;1.06;65.13
1982-01-02;-1.88;0.56;3.01;6.36;3.021;2.66;78.79
1982-01-03;-8.46;-4.61;-0.75;0.0;4.915;2.98;43.2
1982-01-04;-12.4;-9.12;-5.84;0.0;5.105;3.35;28.49
1982-01-05;-12.81;-8.74;-4.67;0.0;5.903;3.36;16.81
1982-01-06;-6.69;-3.43;-0.17;7.24;1.341;3.66;63.36
1982-01-07;-8.83;-4.67;-0.5;0.0;5.013;4.32;68.41
1982-01-08;-5.87;-1.63;2.62;0.0;3.903;6.13;62.46
1982-01-09;-5.25;-1.31;2.62;0.0;3.402;1.8;80.47
1982-01-10;-9.11;-4.02;1.07;0.3;2.735;3.9;72.24
1982-01-11;-10.48;-4.25;1.97;0.35;5.72;3.75;43.4
1982-01-12;0.72;2.66;4.6;1.59;2.358;5.23;75.25
1982-01-13;-6.01;-1.46;3.08;0.49;4.204;4.63;48.0
1982-01-14;-6.15;-2.59;0.97;0.0;4.887;2.26;48.63
1982-01-15;-4.12;-1.14;1.84;0.0;4.542;1.94;73.71
1982-01-16;-6.45;-3.5;-0.55;0.0;5.025;2.43;59.27
1982-01-17;-8.14;-3.64;0.86;0.0;5.358;2.26;50.74
1982-01-18;-4.99;-1.54;1.92;5.66;1.123;3.88;73.66
1982-01-19;-5.38;-2.18;1.02;2.15;3.389;2.94;75.31
1982-01-20;-1.13;0.6;2.34;6.5;2.189;6.69;82.89
1982-01-21;-0.52;1.04;2.6;0.0;2.252;4.21;89.76
1982-01-22;-2.68;-0.83;1.02;0.0;2.257;4.86;67.85
1982-01-23;-5.97;-3.3;-0.64;0.0;6.652;5.69;47.48
1982-01-24;-8.75;-5.5;-2.24;0.0;6.002;4.52;36.09
1982-01-25;-9.36;-6.04;-2.71;0.0;6.412;3.15;34.57
1982-01-26;-9.56;-5.67;-1.78;0.0;6.177;2.16;37.91
1982-01-27;-7.99;-3.39;1.21;10.34;2.347;3.1;70.67
1982-01-28;-0.65;0.9;2.44;4.57;3.836;2.73;90.01
1982-01-29;-1.02;0.59;2.2;8.55;1.248;2.77;94.12
1982-01-30;-8.32;-3.04;2.24;0.0;8.357;1.32;72.9
1982-01-31;-0.94;1.15;3.24;0.0;4.34;2.97;83.92
1982-02-01;-6.1;-1.62;2.85;0.0;4.368;1.56;79.06
1982-02-02;-7.39;-2.58;2.23;0.0;6.472;0.28;62.05
1982-02-03;-8.32;-3.2;1.92;0.0;4.571;2.13;71.49
1982-02-04;-7.97;-3.9;0.18;0.0;7.234;2.99;58.72
1982-02-05;-8.93;-4.34;0.25;0.0;7.147;2.08;52.33
1982-02-06;-10.74;-6.04;-1.34;0.0;8.268;2.16;39.46
1982-02-07;-11.3;-6.43;-1.55;0.0;8.435;2.17;34.36
1982-02-08;-11.04;-5.97;-0.9;0.0;8.131;2.99;33.31
1982-02-09;-11.76;-6.61;-1.46;0.0;8.536;1.36;37.52
1982-02-10;-12.9;-7.25;-1.61;0.0;8.642;0.57;45.2
1982-02-11;-11.53;-6.38;-1.23;0.0;8.435;3.03;48.68
1982-02-12;-11.64;-7.06;-2.47;0.0;9.265;2.26;45.42
1982-02-13;-12.3;-7.32;-2.34;0.0;9.675;3.34;36.83
1982-02-14;-15.48;-9.05;-2.63;0.0;9.393;2.73;35.47
1982-02-15;-15.48;-8.48;-1.49;0.0;9.228;1.21;35.58
1982-02-16;-8.96;-4.36;0.25;0.0;5.545;0.48;65.47
1982-02-17;-10.94;-4.87;1.21;0.0;9.531;1.34;49.38
1982-02-18;-10.15;-4.78;0.59;0.0;10.309;2.01;54.66
1982-02-19;-11.3;-6.01;-0.71;0.0;11.561;3.44;44.65
1982-02-20;-14.57;-8.1;-1.63;0.0;10.63;1.0;42.56
1982-02-21;-11.76;-6.08;-0.4;0.0;7.077;2.2;43.25
1982-02-22;-13.13;-6.97;-0.81;0.0;11.67;0.9;47.6
1982-02-23;-16.21;-9.16;-2.11;0.0;11.606;0.37;43.97
1982-02-24;-14.1;-7.97;-1.85;0.0;11.837;1.52;43.37
1982-02-25;-8.06;-4.17;-0.28;0.62;7.058;1.68;61.83
1982-02-26;-6.14;-2.71;0.71;2.15;8.795;2.46;76.64
1982-02-27;-10.72;-6.35;-1.98;0.39;12.089;4.89;68.1
1982-02-28;-14.46;-8.88;-3.3;0.0;10.912;5.38;53.46
1982-03-01;-14.5;-6.61;1.29;1.34;5.733;3.69;71.46
1982-03-02;-9.21;-3.37;2.47;0.0;11.958;2.65;73.64
1982-03-03;-9.62;-3.42;2.78;0.0;13.029;2.01;65.85
1982-03-04;-3.15;1.26;5.67;0.0;12.626;2.65;67.28
1982-03-05;0.82;5.61;10.4;0.0;11.516;2.45;57.49
1982-03-06;0.82;7.74;14.65;0.0;13.178;3.79;49.58
1982-03-07;-0.63;3.04;6.7;3.36;6.384;4.74;69.94
1982-03-08;-1.75;1.44;4.62;0.0;13.011;3.22;44.07
1982-03-09;0.37;5.35;10.33;0.39;7.34;4.19;44.89
1982-03-10;-1.06;1.95;4.96;0.0;10.001;5.48;47.28
1982-03-11;-3.28;-0.03;3.22;0.0;10.102;4.56;37.21
1982-03-12;-7.94;-1.92;4.11;0.0;14.939;1.21;29.73
1982-03-13;-1.7;4.07;9.84;0.0;15.257;1.21;39.81
1982-03-14;-2.49;1.53;5.55;0.07;7.589;3.9;56.22
1982-03-15;-6.48;-1.13;4.23;0.0;14.946;1.64;27.42
1982-03-16;-4.86;0.99;6.85;0.0;14.718;0.52;37.06
1982-03-17;-3.18;3.01;9.2;0.0;14.906;0.64;37.16
1982-03-18;-3.01;4.3;11.62;0.0;15.18;0.55;35.92
1982-03-19;-1.82;5.35;12.53;0.0;14.945;1.31;36.45
1982-03-20;-0.34;6.79;13.91;0.0;16.02;2.59;33.83
1982-03-21;-0.1;7.2;14.5;0.0;14.946;2.72;36.96
1982-03-22;4.54;6.69;8.83;0.51;4.122;2.14;84.8
1982-03-23;5.75;9.19;12.63;1.9;6.013;1.66;71.65
1982-03-24;4.66;10.07;15.47;0.0;15.114;1.61;53.0
1982-03-25;6.61;11.73;16.86;7.26;4.767;3.47;68.04
1982-03-26;3.42;9.75;16.08;1.59;15.668;3.58;49.96
1982-03-27;0.91;6.39;11.87;0.34;10.105;1.27;50.24
1982-03-28;0.91;8.0;15.09;0.0;18.062;1.49;35.05
1982-03-29;1.95;10.48;19.01;1.49;11.782;3.75;44.05
1982-03-30;5.33;11.57;17.82;1.0;10.514;3.19;56.72
1982-03-31;2.76;9.61;16.47;0.0;17.06;2.59;38.01
1982-04-01;0.26;8.8;17.34;0.0;17.137;0.49;36.52
1982-04-02;4.53;10.99;17.44;0.0;14.936;0.47;46.96
1982-04-03;2.84;10.81;18.78;0.0;16.737;2.77;37.19
1982-04-04;5.69;12.94;20.18;0.0;18.293;3.3;41.13
1982-04-05;5.68;11.54;17.4;1.02;6.875;1.29;61.73
1982-04-06;3.63;10.79;17.95;0.0;18.235;2.16;39.41
1982-04-07;5.42;12.3;19.19;0.49;10.543;3.08;52.25
1982-04-08;8.82;12.82;16.83;5.28;5.918;1.71;81.72
1982-04-09;9.72;14.75;19.78;0.0;9.929;2.45;54.27
1982-04-10;9.25;16.05;22.84;0.0;12.727;1.91;43.06
1982-04-11;7.0;13.71;20.41;0.0;14.943;1.46;46.66
1982-04-12;9.25;15.91;22.58;0.0;19.905;1.38;43.87
1982-04-13;8.25;13.13;18.02;0.0;11.874;2.87;54.84
1982-04-14;8.89;13.41;17.93;3.6;5.927;3.25;56.71
1982-04-15;6.08;11.36;16.63;0.0;20.396;3.45;37.33
1982-04-16;6.99;13.25;19.52;0.0;13.66;2.25;42.72
1982-04-17;8.34;14.9;21.46;0.29;16.711;2.69;45.82
1982-04-18;7.84;13.38;18.93;2.5;10.214;0.96;54.28
1982-04-19;5.19;13.58;21.97;0.0;20.67;2.66;41.21
1982-04-20;11.19;16.44;21.69;0.82;9.915;3.49;45.4
1982-04-21;9.04;15.94;22.84;2.47;13.425;2.01;54.5
1982-04-22;9.16;14.4;19.64;5.39;12.772;3.28;55.8
1982-04-23;6.0;11.72;17.44;0.38;20.891;2.7;45.68
1982-04-24;6.53;9.69;12.84;0.65;16.746;3.51;48.12
1982-04-25;3.77;6.94;10.12;0.0;16.404;4.76;34.43
1982-04-26;2.07;7.74;13.41;0.0;19.399;2.79;34.38
1982-04-27;4.12;11.22;18.33;0.39;13.984;2.12;43.92
1982-04-28;6.88;14.49;22.11;0.0;15.236;1.97;46.79
1982-04-29;11.08;17.17;23.26;6.29;12.253;0.49;57.66
1982-04-30;10.14;16.81;23.49;0.39;12.781;1.29;54.32
1982-05-01;11.77;19.08;26.39;0.0;23.28;2.2;41.58
1982-05-02;12.81;19.75;26.69;0.0;23.316;2.52;38.04
1982-05-03;11.99;19.46;26.92;0.0;26.102;1.85;33.14
1982-05-04;10.27;18.88;27.49;0.0;24.75;0.41;34.97
1982-05-05;12.46;16.47;20.48;4.32;4.076;2.04;72.87
1982-05-06;9.1;13.11;17.12;0.0;10.572;3.09;63.33
1982-05-07;7.77;13.33;18.9;0.0;18.234;3.2;41.71
1982-05-08;8.91;13.49;18.07;0.0;17.68;3.5;41.84
1982-05-09;7.44;12.87;18.29;0.0;17.261;2.94;50.05
1982-05-10;9.1;12.27;15.45;3.43;5.003;4.12;71.38
1982-05-11;9.87;13.12;16.37;4.43;4.11;2.31;79.8
1982-05-12;11.57;15.87;20.16;4.47;11.831;2.66;60.5
1982-05-13;11.54;16.72;21.9;1.9;15.566;2.15;52.53
1982-05-14;11.32;16.74;22.16;5.9;12.817;2.44;54.5
1982-05-15;11.62;16.86;22.09;2.76;17.258;3.25;50.71
1982-05-16;12.69;16.52;20.36;9.49;8.175;3.31;65.94
1982-05-17;11.9;16.57;21.25;1.3;12.971;2.69;60.26
1982-05-18;10.44;16.29;22.14;0.17;17.657;1.64;51.79
1982-05-19;10.33;16.3;22.26;5.48;16.006;1.86;53.71
1982-05-20;10.05;14.6;19.14;0.98;13.417;2.06;66.68
1982-05-21;8.49;13.95;19.4;1.19;15.745;2.62;53.38
1982-05-22;6.97;12.02;17.08;0.0;22.479;2.75;28.41
1982-05-23;5.83;12.61;19.38;0.0;27.713;1.53;30.93
1982-05-24;6.73;13.33;19.93;1.78;12.803;2.87;48.62
1982-05-25;6.44;14.6;22.75;0.0;21.925;2.15;37.37
1982-05-26;12.89;18.95;25.01;1.28;17.432;2.4;38.89
1982-05-27;12.92;18.68;24.43;0.0;19.429;3.14;43.96
1982-05-28;14.86;17.41;19.96;12.28;8.769;2.84;79.94
1982-05-29;12.49;15.83;19.17;26.65;7.812;1.63;80.07
1982-05-30;12.03;15.11;18.18;21.52;8.497;3.48;81.53
1982-05-31;10.94;17.08;23.22;0.0;25.986;1.32;46.57
1982-06-01;13.14;15.8;18.46;0.59;11.167;3.15;79.72
1982-06-02;10.09;14.18;18.27;0.0;22.058;4.66;44.57
1982-06-03;8.43;13.99;19.55;0.0;22.651;2.25;41.12
1982-06-04;11.0;12.43;13.85;7.19;2.922;2.12;78.29
1982-06-05;9.66;13.75;17.84;0.41;19.154;3.65;50.85
1982-06-06;7.34;14.54;21.73;0.0;28.161;0.69;37.25
1982-06-07;11.09;15.33;19.58;2.41;7.003;2.15;61.68
1982-06-08;8.59;13.28;17.96;0.68;18.795;3.44;39.31
1982-06-09;6.97;13.08;19.19;0.0;23.023;1.94;38.34
1982-06-10;7.6;12.58;17.56;0.0;22.556;2.97;35.26
1982-06-11;7.58;12.6;17.62;0.0;19.459;3.24;42.77
1982-06-12;11.1;16.25;21.39;0.0;16.439;2.33;50.97
1982-06-13;11.27;16.92;22.57;0.0;21.465;1.72;48.1
1982-06-14;10.89;18.24;25.59;0.0;20.796;1.41;40.12
1982-06-15;15.91;22.08;28.25;0.38;25.161;2.95;35.93
1982-06-16;9.4;15.38;21.35;0.58;20.65;3.12;50.85
1982-06-17;9.32;12.82;16.33;0.0;22.682;3.1;35.75
1982-06-18;7.68;11.94;16.19;0.0;19.24;3.05;41.08
1982-06-19;8.09;13.63;19.16;0.0;20.853;2.64;39.64
1982-06-20;10.02;14.24;18.47;2.67;20.65;4.0;47.78
1982-06-21;8.11;12.09;16.08;0.0;18.308;3.56;45.37
1982-06-22;8.11;13.88;19.64;0.0;24.163;2.72;31.3
1982-06-23;8.88;16.0;23.11;0.0;25.667;2.64;27.25
1982-06-24;10.47;17.22;23.97;0.0;25.306;2.83;26.29
1982-06-25;11.19;16.77;22.36;0.0;23.535;2.55;33.56
1982-06-26;8.21;14.56;20.91;0.0;21.625;1.89;35.5
1982-06-27;7.91;15.57;23.24;0.41;11.096;2.36;39.24
1982-06-28;13.1;18.34;23.57;0.19;17.131;2.68;56.04
1982-06-29;11.11;16.75;22.4;0.0;30.635;2.65;35.6
1982-06-30;9.65;17.05;24.45;0.0;28.89;1.83;27.44
1982-07-01;10.09;18.92;27.75;0.0;28.202;1.32;24.94
1982-07-02;13.99;20.49;26.99;0.0;25.31;2.66;31.19
1982-07-03;12.77;20.99;29.21;0.0;25.15;1.02;30.49
1982-07-04;15.67;22.82;29.96;2.66;18.264;1.85;33.22
1982-07-05;14.43;20.1;25.77;0.0;27.963;2.53;29.47
1982-07-06;12.28;17.93;23.57;1.27;16.696;1.85;48.77
1982-07-07;14.47;18.61;22.75;2.47;12.55;3.39;56.3
1982-07-08;13.24;19.49;25.74;0.0;27.035;3.14;32.81
1982-07-09;12.71;19.12;25.52;6.21;10.777;2.14;50.68
1982-07-10;11.08;18.17;25.26;0.0;25.495;2.28;32.89
1982-07-11;12.31;19.3;26.28;0.0;26.813;1.01;29.97
1982-07-12;13.74;19.26;24.78;0.0;11.232;1.95;40.13
1982-07-13;13.12;17.88;22.64;0.0;18.791;3.9;37.63
1982-07-14;12.06;18.09;24.12;0.0;25.758;2.72;29.44
1982-07-15;14.77;19.6;24.43;7.56;17.747;2.21;45.43
1982-07-16;11.53;15.9;20.27;1.3;19.525;4.17;46.45
1982-07-17;10.65;16.49;22.33;0.0;19.654;3.13;34.75
1982-07-18;11.09;17.96;24.84;0.0;27.66;2.22;27.18
1982-07-19;9.52;17.27;25.03;0.0;25.942;1.63;25.94
1982-07-20;14.96;21.05;27.13;13.0;16.15;4.02;25.88
1982-07-21;14.87;16.91;18.96;24.17;3.33;3.94;77.51
1982-07-22;14.68;18.03;21.38;2.52;7.05;3.68;62.66
1982-07-23;15.52;18.96;22.4;0.0;9.111;4.01;57.3
1982-07-24;15.37;19.99;24.61;0.0;20.069;3.47;34.96
1982-07-25;14.89;20.0;25.11;0.0;16.906;2.23;43.47
1982-07-26;13.71;20.04;26.37;0.0;17.918;0.81;46.59
1982-07-27;13.55;19.8;26.06;0.0;20.065;2.14;36.94
1982-07-28;10.21;16.49;22.77;0.0;25.195;2.31;28.4
1982-07-29;8.62;16.75;24.89;0.0;26.47;0.3;31.12
1982-07-30;14.99;19.8;24.6;8.94;9.357;2.61;47.58
1982-07-31;16.0;22.15;28.3;2.11;20.04;2.11;45.93
1982-08-01;12.89;18.44;23.98;0.0;21.057;1.91;36.76
1982-08-02;11.08;18.16;25.24;0.0;25.031;1.82;28.15
1982-08-03;12.86;16.02;19.19;0.0;5.683;3.32;60.73
1982-08-04;12.77;18.37;23.97;0.0;21.782;2.22;35.55
1982-08-05;15.11;20.47;25.83;3.43;10.844;1.71;44.85
1982-08-06;15.21;19.05;22.9;12.18;6.391;3.25;72.98
1982-08-07;13.54;19.06;24.59;0.0;24.637;3.23;34.48
1982-08-08;12.27;18.63;24.99;0.0;24.716;1.91;38.64
1982-08-09;13.18;17.73;22.28;4.37;6.421;1.51;59.8
1982-08-10;13.23;17.98;22.72;0.0;22.677;3.8;43.39
1982-08-11;8.96;13.8;18.64;0.0;18.627;3.34;44.92
1982-08-12;8.86;16.54;24.21;0.0;9.25;1.1;42.03
1982-08-13;11.89;20.94;29.99;1.9;20.72;2.09;31.52
1982-08-14;16.88;22.32;27.77;0.0;7.632;1.7;60.41
1982-08-15;17.3;23.59;29.88;2.77;18.742;2.2;42.68
1982-08-16;15.11;20.54;25.96;1.29;16.74;2.49;59.3
1982-08-17;13.0;15.37;17.74;2.52;6.1;3.61;68.7
1982-08-18;12.26;15.66;19.07;0.0;17.641;3.15;41.88
1982-08-19;11.05;16.45;21.85;1.89;11.858;2.49;52.71
1982-08-20;10.33;18.24;26.15;2.79;21.507;2.2;31.76
1982-08-21;16.14;22.21;28.28;0.82;21.799;3.38;37.6
1982-08-22;16.95;20.54;24.13;11.74;5.853;3.11;64.54
1982-08-23;10.91;15.28;19.65;10.89;4.386;4.05;66.23
1982-08-24;10.21;13.74;17.26;0.0;13.992;3.95;49.38
1982-08-25;9.82;14.31;18.81;3.84;15.45;2.97;53.7
1982-08-26;8.1;12.87;17.64;0.0;16.404;3.16;44.2
1982-08-27;8.3;15.92;23.54;4.36;19.462;1.6;41.07
1982-08-28;11.76;17.36;22.95;3.29;9.995;1.29;60.88
1982-08-29;9.49;16.68;23.88;0.0;20.291;0.99;37.05
1982-08-30;10.69;18.38;26.06;0.54;17.269;2.78;44.31
1982-08-31;12.41;18.1;23.79;2.74;12.706;2.29;54.67
1982-09-01;11.52;16.4;21.28;0.3;19.401;1.86;38.15
1982-09-02;8.65;15.51;22.37;0.0;18.373;1.49;35.5
1982-09-03;14.26;19.82;25.39;0.32;12.089;3.76;33.42
1982-09-04;16.07;19.88;23.69;10.62;6.442;1.27;70.52
1982-09-05;12.05;16.52;21.0;0.32;11.183;2.83;55.89
1982-09-06;9.17;12.98;16.8;0.0;20.229;4.1;31.24
1982-09-07;7.77;12.89;18.01;0.0;19.361;3.32;31.35
1982-09-08;8.23;12.08;15.93;2.37;12.168;3.07;50.53
1982-09-09;10.64;15.77;20.89;0.0;15.568;2.88;43.41
1982-09-10;8.4;13.62;18.84;0.0;16.341;3.87;38.25
1982-09-11;6.77;13.42;20.07;0.0;17.204;1.88;32.78
1982-09-12;8.35;13.65;18.95;0.0;16.085;2.13;35.11
1982-09-13;6.18;11.72;17.27;0.0;15.132;2.41;34.32
1982-09-14;5.97;11.52;17.07;0.0;15.452;3.74;33.75
1982-09-15;4.72;9.45;14.17;0.82;7.015;1.09;57.72
1982-09-16;11.79;17.48;23.17;0.0;9.852;2.63;50.05
1982-09-17;6.35;12.1;17.85;0.0;17.988;3.59;38.49
1982-09-18;4.28;10.86;17.43;0.0;17.592;0.63;29.08
1982-09-19;6.22;9.71;13.2;0.0;6.8;1.9;51.93
1982-09-20;4.88;8.68;12.48;0.0;15.1;3.43;33.72
1982-09-21;5.9;8.91;11.91;0.0;8.342;4.85;43.41
1982-09-22;4.22;8.03;11.83;0.0;11.702;3.77;33.33
1982-09-23;3.14;8.88;14.62;0.58;14.353;2.03;35.85
1982-09-24;9.78;14.38;18.98;0.0;7.395;1.1;66.0
1982-09-25;12.14;18.84;25.53;0.0;13.598;3.83;32.93
1982-09-26;10.79;15.82;20.86;0.63;13.389;3.2;44.62
1982-09-27;10.73;17.81;24.89;0.0;7.706;2.91;35.22
1982-09-28;14.74;21.07;27.4;0.0;14.895;3.51;38.42
1982-09-29;14.9;21.1;27.3;0.0;14.968;3.45;36.95
1982-09-30;14.56;19.29;24.02;2.33;8.703;2.59;65.18
1982-10-01;14.17;19.69;25.21;0.36;7.949;2.63;57.07
1982-10-02;13.05;18.77;24.49;1.94;7.994;2.42;57.55
1982-10-03;13.74;16.89;20.04;6.24;3.241;3.53;83.66
1982-10-04;13.7;17.71;21.73;1.57;3.402;1.52;76.48
1982-10-05;13.25;16.52;19.8;1.11;3.355;2.62;78.68
1982-10-06;11.5;14.35;17.19;6.02;2.608;2.14;84.08
1982-10-07;8.7;14.21;19.71;0.0;12.127;1.31;46.78
1982-10-08;9.25;15.04;20.84;1.52;9.46;2.8;49.43
1982-10-09;8.34;13.16;17.99;0.0;12.0;1.82;47.47
1982-10-10;7.06;13.43;19.81;0.0;12.633;1.52;38.83
1982-10-11;8.06;14.04;20.02;0.0;11.159;2.15;44.31
1982-10-12;9.67;16.02;22.36;0.0;10.544;3.0;44.64
1982-10-13;11.26;17.27;23.27;0.0;10.299;2.8;48.66
1982-10-14;11.01;16.95;22.88;0.0;9.909;3.19;45.49
1982-10-15;10.7;17.16;23.63;0.0;10.893;2.69;42.56
1982-10-16;10.62;16.68;22.75;0.0;10.334;2.44;48.54
1982-10-17;9.0;14.92;20.84;0.0;8.687;1.61;51.39
1982-10-18;8.54;14.38;20.22;0.0;10.215;2.4;45.52
1982-10-19;6.28;10.44;14.59;0.0;3.046;2.21;74.4
1982-10-20;2.25;10.43;18.61;0.0;10.496;1.91;40.15
1982-10-21;10.81;17.04;23.27;0.0;10.326;3.08;35.43
1982-10-22;7.05;13.24;19.43;0.0;5.846;3.29;47.09
1982-10-23;1.05;6.66;12.26;0.0;9.502;1.42;38.23
1982-10-24;-1.18;5.77;12.71;0.0;9.742;0.88;33.35
1982-10-25;0.77;6.5;12.24;0.0;6.042;2.66;36.88
1982-10-26;4.15;8.45;12.75;1.77;2.004;2.19;74.35
1982-10-27;9.49;11.13;12.76;0.32;2.137;3.01;84.5
1982-10-28;8.6;11.45;14.29;0.0;4.084;1.21;68.38
1982-10-29;4.78;9.68;14.58;0.0;5.363;1.03;56.48
1982-10-30;4.05;9.29;14.53;0.0;5.039;1.05;50.73
1982-10-31;8.45;11.9;15.35;0.0;7.524;2.67;57.89
1982-11-01;7.54;11.15;14.76;0.0;7.195;2.07;58.88
1982-11-02;-0.36;5.67;11.7;0.0;6.491;2.83;37.01
1982-11-03;-1.23;4.33;9.88;0.0;7.419;3.27;30.51
1982-11-04;3.25;6.49;9.72;0.07;6.54;4.29;42.12
1982-11-05;5.06;7.57;10.08;0.0;2.774;2.27;76.19
1982-11-06;4.25;8.36;12.47;3.73;4.54;2.92;75.33
1982-11-07;2.71;6.13;9.54;2.94;3.306;1.06;75.71
1982-11-08;1.52;4.81;8.11;0.94;5.215;1.96;71.12
1982-11-09;-1.2;3.15;7.5;0.0;7.038;1.58;50.52
1982-11-10;-1.19;3.47;8.13;0.0;3.181;2.15;43.58
1982-11-11;-0.93;3.5;7.92;0.0;7.388;2.08;41.61
1982-11-12;-1.34;3.1;7.55;0.0;6.147;2.86;48.72
1982-11-13;-2.46;2.02;6.51;0.0;4.137;1.87;55.16
1982-11-14;-2.7;1.46;5.63;2.99;4.855;2.59;61.42
1982-11-15;1.19;5.3;9.41;0.0;3.376;2.77;63.4
1982-11-16;-1.09;3.06;7.2;0.0;6.83;2.19;51.95
1982-11-17;-1.51;1.33;4.18;3.01;3.701;0.86;82.12
1982-11-18;-0.67;2.23;5.13;0.0;4.533;2.1;74.54
1982-11-19;-1.39;1.27;3.92;0.06;4.149;1.21;75.05
1982-11-20;0.77;2.16;3.54;7.47;1.666;4.67;87.15
1982-11-21;-2.36;0.2;2.76;0.28;2.854;4.41;60.94
1982-11-22;-4.24;-1.47;1.31;0.0;5.051;1.85;44.81
1982-11-23;-4.25;-1.35;1.55;4.33;1.213;3.16;77.74
1982-11-24;-1.68;2.98;7.63;1.51;2.9;1.3;62.36
1982-11-25;4.4;8.17;11.94;0.74;4.221;1.65;78.82
1982-11-26;5.47;8.8;12.13;3.05;1.229;2.58;75.48
1982-11-27;-1.18;2.01;5.19;0.0;4.984;2.3;66.25
1982-11-28;-3.47;0.08;3.64;0.0;4.717;1.31;66.72
1982-11-29;-1.87;0.86;3.59;0.0;4.552;2.7;71.59
1982-11-30;-4.98;-1.28;2.43;0.0;3.444;0.71;78.02
1982-12-01;-2.85;0.1;3.05;0.0;5.278;2.31;66.39
1982-12-02;-2.35;0.28;2.91;0.0;2.193;3.41;77.74
1982-12-03;0.85;2.9;4.94;2.99;1.801;4.71;74.53
1982-12-04;1.22;3.14;5.06;3.32;1.09;3.0;84.42
1982-12-05;0.85;2.67;4.48;0.0;1.926;1.31;78.9
1982-12-06;-0.36;2.24;4.84;2.28;2.905;3.64;78.95
1982-12-07;-0.66;2.11;4.88;0.0;3.837;2.72;70.89
1982-12-08;0.77;3.33;5.89;3.79;1.467;4.16;75.59
1982-12-09;-0.76;1.56;3.89;0.1;1.641;2.62;78.43
1982-12-10;-1.84;0.74;3.32;0.0;3.597;2.61;59.9
1982-12-11;-3.65;-0.13;3.39;4.88;5.132;2.95;57.78
1982-12-12;1.58;6.25;10.91;9.54;1.899;4.83;68.39
1982-12-13;-0.61;1.69;3.98;0.0;3.535;1.49;67.81
1982-12-14;-0.62;2.19;5.0;0.0;3.525;2.93;63.6
1982-12-15;0.0;2.94;5.89;0.0;4.813;2.14;68.23
1982-12-16;-0.52;2.17;4.86;0.0;2.661;2.03;78.32
1982-12-17;3.43;5.9;8.37;0.0;4.343;3.08;72.07
1982-12-18;1.37;4.54;7.71;0.0;3.525;3.25;65.59
1982-12-19;2.77;6.63;10.49;0.0;5.359;3.79;61.48
1982-12-20;4.13;6.42;8.71;1.36;1.259;4.11;78.94
1982-12-21;4.35;6.06;7.78;4.04;1.455;2.0;91.17
1982-12-22;2.81;5.75;8.7;0.0;4.107;2.72;71.86
1982-12-23;1.11;3.3;5.49;0.0;2.81;2.42;73.79
1982-12-24;1.85;4.3;6.75;0.6;3.03;3.1;74.43
1982-12-25;0.51;4.13;7.75;2.05;2.834;2.59;72.94
1982-12-26;-1.68;1.48;4.63;0.0;5.442;2.0;63.78
1982-12-27;-3.13;-0.14;2.85;0.0;5.007;1.28;64.28
1982-12-28;-4.16;-1.69;0.79;0.0;5.123;1.0;69.47
1982-12-29;-4.78;-2.45;-0.11;0.0;3.002;0.44;83.3
1982-12-30;-4.76;-1.79;1.18;0.9;3.439;1.39;76.17
1982-12-31;-4.87;-2.08;0.72;0.26;1.535;1.0;94.02
1983-01-01;-6.05;-2.44;1.16;0.0;3.351;1.47;78.23
1983-01-02;-1.63;0.5;2.62;2.38;3.0;1.97;82.19
1983-01-03;-1.12;0.84;2.8;3.19;1.255;1.75;88.44
1983-01-04;-3.82;0.16;4.14;1.79;5.093;3.04;73.58
1983-01-05;1.14;2.56;3.99;4.4;1.021;2.41;86.72
1983-01-06;0.36;1.82;3.29;0.0;1.485;1.05;83.43
1983-01-07;-0.18;1.56;3.3;0.63;1.882;3.06;81.68
1983-01-08;-2.42;0.14;2.69;0.0;4.711;0.85;75.88
1983-01-09;-2.35;-0.21;1.94;1.84;2.843;2.16;82.85
1983-01-10;-0.7;1.02;2.74;0.72;2.208;1.73;83.44
1983-01-11;-2.47;-0.18;2.11;0.0;5.016;3.17;77.21
1983-01-12;-2.84;-0.54;1.76;0.0;4.574;2.34;65.51
1983-01-13;-3.78;-1.31;1.15;0.0;3.644;1.45;68.3
1983-01-14;-4.64;-1.94;0.75;0.0;4.577;1.49;57.16
1983-01-15;-5.43;-2.52;0.39;0.0;5.163;0.22;52.77
1983-01-16;-7.34;-3.52;0.29;0.0;5.227;1.07;52.88
1983-01-17;-6.43;-2.92;0.59;0.0;5.72;1.05;60.44
1983-01-18;-3.52;-1.21;1.09;0.0;3.314;0.71;78.35
1983-01-19;-4.64;-1.81;1.01;0.0;5.427;1.23;66.41
1983-01-20;-6.33;-3.31;-0.3;0.0;5.672;1.15;61.16
1983-01-21;-8.07;-4.61;-1.15;0.0;5.69;0.45;56.26
1983-01-22;-8.56;-4.81;-1.06;0.0;6.07;0.47;50.6
1983-01-23;-9.11;-4.67;-0.23;0.0;5.701;1.37;46.77
1983-01-24;-5.71;-2.98;-0.24;0.3;2.28;2.83;62.95
1983-01-25;-4.86;-1.45;1.97;0.0;5.497;2.77;75.06
1983-01-26;-2.97;-0.21;2.56;0.97;2.276;2.17;83.99
1983-01-27;-2.77;-0.23;2.32;4.88;1.977;1.28;84.08
1983-01-28;0.22;2.07;3.92;1.89;3.603;1.69;83.89
1983-01-29;-1.26;2.35;5.97;1.59;4.222;3.95;70.65
1983-01-30;-2.74;-0.26;2.22;0.0;7.049;4.06;59.0
1983-01-31;-3.55;-0.81;1.92;0.0;6.315;1.14;57.46
1983-02-01;-4.49;-1.74;1.01;0.0;6.725;0.89;50.28
1983-02-02;-4.78;-1.37;2.05;0.0;6.45;0.89;65.41
1983-02-03;-5.5;-1.58;2.34;0.0;5.419;0.56;71.96
1983-02-04;-4.16;-0.72;2.72;0.0;4.639;0.77;74.24
1983-02-05;-0.98;0.74;2.46;1.67;2.683;2.59;86.96
1983-02-06;-1.12;1.98;5.08;5.88;8.115;1.26;72.02
1983-02-07;2.01;5.92;9.84;0.99;5.033;2.37;65.85
1983-02-08;-0.78;2.91;6.6;1.08;5.27;4.15;62.73
1983-02-09;0.7;5.09;9.49;2.74;6.089;3.97;58.36
1983-02-10;0.85;4.64;8.43;16.36;3.432;1.48;69.61
1983-02-11;6.09;10.92;15.75;1.15;2.798;5.92;68.24
1983-02-12;-5.59;1.02;7.62;1.06;4.613;5.21;44.5
1983-02-13;-7.59;-4.72;-1.86;0.0;8.872;3.87;35.94
1983-02-14;-8.33;-4.08;0.17;2.2;6.794;3.61;37.17
1983-02-15;-1.04;2.42;5.87;3.73;2.273;3.61;73.53
1983-02-16;1.43;7.9;14.37;0.92;8.468;2.3;66.04
1983-02-17;-1.84;1.41;4.66;6.05;6.007;2.3;68.79
1983-02-18;-2.48;0.71;3.9;0.54;7.306;1.94;62.19
1983-02-19;-5.59;-2.44;0.72;0.0;7.737;6.48;46.73
1983-02-20;-5.23;-1.47;2.29;0.0;9.887;4.83;55.02
1983-02-21;-0.09;3.51;7.11;0.0;6.444;3.45;65.02
1983-02-22;-2.47;2.97;8.41;0.0;10.496;1.41;52.22
1983-02-23;-2.6;0.36;3.33;0.0;8.822;2.19;55.47
1983-02-24;-4.78;-2.07;0.64;1.44;6.326;1.94;49.98
1983-02-25;-2.91;-1.06;0.8;3.79;5.136;2.96;76.87
1983-02-26;-3.17;-1.31;0.55;8.11;4.332;3.89;81.17
1983-02-27;-7.73;-3.21;1.31;0.0;10.768;2.76;55.23
1983-02-28;-6.17;-1.2;3.78;0.0;7.526;2.36;53.69
1983-03-01;-0.52;4.98;10.48;15.17;3.052;5.5;59.28
1983-03-02;1.58;3.97;6.36;0.42;12.242;3.93;59.21
1983-03-03;1.1;5.01;8.93;0.0;8.66;1.49;56.84
1983-03-04;2.28;5.51;8.75;4.89;3.316;2.66;81.42
1983-03-05;-3.92;1.0;5.93;0.6;10.867;5.29;50.83
1983-03-06;-8.08;-2.8;2.47;0.0;12.184;4.31;29.09
1983-03-07;0.49;6.84;13.2;0.0;14.571;3.65;45.68
1983-03-08;3.81;9.13;14.45;0.0;7.256;2.2;57.48
1983-03-09;2.05;8.36;14.67;0.0;11.864;2.23;50.15
1983-03-10;1.7;7.19;12.68;0.0;7.338;0.9;64.59
1983-03-11;4.37;7.42;10.46;0.0;6.25;1.99;63.94
1983-03-12;1.31;6.24;11.17;0.0;13.527;1.88;45.0
1983-03-13;0.31;5.36;10.41;0.0;13.691;4.22;37.61
1983-03-14;-1.22;2.62;6.45;0.0;14.726;4.16;34.74
1983-03-15;-3.28;1.41;6.09;0.0;15.025;1.28;31.71
1983-03-16;-5.92;0.31;6.54;0.0;15.187;0.19;34.87
1983-03-17;-2.97;1.72;6.42;0.0;13.772;1.39;43.8
1983-03-18;-0.76;2.01;4.78;2.18;7.003;4.33;69.45
1983-03-19;-1.16;2.9;6.96;0.0;9.023;5.42;46.28
1983-03-20;-6.31;-1.86;2.59;0.0;15.563;4.24;27.26
1983-03-21;-9.16;-3.12;2.93;0.0;14.738;2.55;27.43
1983-03-22;-1.69;2.02;5.73;0.34;9.786;2.35;54.25
1983-03-23;-6.1;-1.47;3.16;0.0;16.645;3.65;36.48
1983-03-24;-9.48;-3.0;3.47;0.0;17.351;1.37;27.41
1983-03-25;-2.37;1.73;5.84;0.0;17.215;2.65;29.29
1983-03-26;-2.64;1.64;5.92;0.0;17.533;4.72;26.85
1983-03-27;-6.64;-2.17;2.3;0.0;10.093;6.03;27.4
1983-03-28;-5.11;-0.79;3.54;0.0;13.681;5.38;31.58
1983-03-29;-1.33;2.17;5.67;0.0;9.233;1.43;56.14
1983-03-30;-2.46;2.56;7.58;0.0;13.333;0.46;48.8
1983-03-31;-1.78;3.15;8.08;0.0;12.497;1.57;52.92
1983-04-01;1.08;6.66;12.23;0.0;13.525;4.54;43.16
1983-04-02;1.66;6.28;10.9;0.0;18.027;4.47;36.34
1983-04-03;-0.43;4.95;10.32;0.0;18.425;2.66;29.22
1983-04-04;0.8;5.75;10.7;0.0;16.915;2.05;34.22
1983-04-05;0.47;5.73;10.98;1.66;13.56;1.8;52.57
1983-04-06;1.47;7.44;13.4;0.0;13.764;2.47;44.75
1983-04-07;2.39;8.12;13.84;0.0;16.278;3.67;43.34
1983-04-08;2.77;7.92;13.07;0.0;14.833;3.9;44.27
1983-04-09;3.78;7.46;11.14;0.0;12.867;3.78;37.7
1983-04-10;2.81;7.21;11.61;0.0;17.404;3.71;30.71
1983-04-11;-1.05;3.23;7.52;0.0;20.588;3.36;25.51
1983-04-12;-2.81;2.08;6.98;0.0;20.877;1.88;21.54
1983-04-13;-2.93;3.41;9.74;0.0;20.488;1.97;26.32
1983-04-14;1.31;5.53;9.74;0.84;7.376;1.97;55.11
1983-04-15;1.02;8.11;15.19;0.0;11.943;2.23;45.32
1983-04-16;4.09;11.57;19.05;0.0;19.862;2.76;36.79
1983-04-17;6.2;11.32;16.44;4.79;12.181;3.46;55.97
1983-04-18;4.72;10.96;17.2;3.6;9.954;2.15;48.18
1983-04-19;1.71;9.75;17.79;0.0;16.112;2.06;41.03
1983-04-20;6.83;10.34;13.84;1.02;8.884;4.88;61.18
1983-04-21;8.45;11.87;15.29;0.0;12.718;3.0;43.86
1983-04-22;7.81;11.59;15.37;3.67;10.632;0.91;58.26
1983-04-23;4.51;9.66;14.82;0.0;11.311;1.69;56.25
1983-04-24;3.18;9.04;14.91;0.0;15.61;0.55;41.6
1983-04-25;5.4;10.7;16.0;0.0;12.354;2.2;46.05
1983-04-26;7.13;10.97;14.82;5.94;6.279;3.43;65.03
1983-04-27;6.94;12.18;17.41;1.63;12.773;2.7;53.8
1983-04-28;2.63;8.9;15.18;0.0;19.323;3.6;42.3
1983-04-29;1.42;7.84;14.27;3.57;8.747;1.29;51.28
1983-04-30;2.54;9.55;16.56;0.0;23.568;2.11;33.45
1983-05-01;0.18;11.37;22.56;0.43;20.164;2.01;33.53
1983-05-02;10.62;16.51;22.4;0.0;20.604;2.32;49.53
1983-05-03;10.29;16.88;23.46;6.14;13.922;1.7;50.03
1983-05-04;10.08;14.38;18.68;6.95;11.732;2.67;70.86
1983-05-05;6.95;14.02;21.09;0.79;14.675;2.42;49.9
1983-05-06;10.46;16.13;21.79;0.0;23.045;2.75;44.64
1983-05-07;7.6;14.32;21.04;0.0;22.916;2.03;43.11
1983-05-08;5.8;14.2;22.59;6.5;13.237;1.42;48.51
1983-05-09;11.23;17.08;22.93;2.46;16.648;3.01;56.21
1983-05-10;5.71;10.99;16.26;0.0;19.121;3.11;53.19
1983-05-11;4.91;12.62;20.33;0.0;21.283;2.31;33.92
1983-05-12;9.69;16.82;23.94;0.94;21.966;1.9;38.1
1983-05-13;10.23;16.84;23.46;0.0;27.145;2.33;35.92
1983-05-14;13.22;18.22;23.22;8.39;12.97;3.51;40.99
1983-05-15;11.81;16.89;21.97;9.0;15.49;2.93;55.59
1983-05-16;9.35;14.86;20.36;2.09;11.858;1.34;62.28
1983-05-17;9.02;15.56;22.1;0.0;22.883;1.39;43.57
1983-05-18;11.45;16.52;21.58;12.01;10.723;1.97;60.04
1983-05-19;12.63;17.11;21.59;6.11;14.708;1.7;64.04
1983-05-20;7.56;13.29;19.01;0.0;20.69;3.16;52.15
1983-05-21;7.12;11.85;16.58;3.9;12.055;1.65;62.7
1983-05-22;7.83;14.48;21.12;0.0;27.156;1.65;39.36
1983-05-23;12.44;18.32;24.2;0.0;15.455;2.23;39.52
1983-05-24;11.11;18.52;25.92;0.0;26.148;2.84;36.22
1983-05-25;15.23;20.21;25.19;4.02;20.379;3.4;43.86
1983-05-26;12.97;17.91;22.86;6.72;11.428;2.34;63.65
1983-05-27;11.15;16.96;22.78;0.0;27.134;2.24;40.09
1983-05-28;9.52;16.25;22.98;1.53;20.719;2.08;38.24
1983-05-29;13.12;18.09;23.06;11.17;12.017;2.44;55.88
1983-05-30;10.88;16.52;22.15;0.0;23.072;1.02;54.86
1983-05-31;8.52;15.76;23.0;0.0;22.87;0.93;41.31
1983-06-01;15.62;19.29;22.97;10.82;9.429;1.59;65.85
1983-06-02;13.14;18.56;23.99;0.0;22.944;2.33;43.33
1983-06-03;13.68;18.43;23.18;0.0;18.268;1.32;43.38
1983-06-04;11.49;17.36;23.23;0.0;21.399;1.01;55.71
1983-06-05;9.39;15.19;20.98;0.0;24.104;2.41;33.48
1983-06-06;7.7;14.24;20.78;0.0;28.96;1.09;32.94
1983-06-07;6.42;14.6;22.78;0.0;28.231;1.02;28.48
1983-06-08;11.03;18.43;25.83;0.0;27.931;2.54;28.86
1983-06-09;12.55;20.0;27.45;0.0;27.646;2.04;31.54
1983-06-10;12.76;19.45;26.14;0.0;21.936;1.93;41.13
1983-06-11;11.75;18.54;25.33;0.0;26.137;1.71;45.06
1983-06-12;10.07;18.99;27.91;0.0;25.764;0.58;33.61
1983-06-13;13.0;20.63;28.26;0.0;24.942;1.52;35.38
1983-06-14;14.05;21.34;28.62;0.0;27.069;1.2;35.57
1983-06-15;12.73;21.3;29.88;0.0;26.166;1.31;27.59
1983-06-16;16.44;23.16;29.88;0.0;22.622;2.12;29.51
1983-06-17;16.59;22.71;28.84;0.0;23.732;2.24;27.72
1983-06-18;16.49;22.22;27.95;0.0;26.188;2.34;25.95
1983-06-19;13.91;20.66;27.4;0.0;24.697;2.03;25.23
1983-06-20;15.17;20.86;26.54;2.41;16.12;3.69;30.58
1983-06-21;12.26;18.0;23.74;0.0;29.71;3.61;22.24
1983-06-22;9.82;16.56;23.31;0.0;29.193;2.14;22.39
1983-06-23;11.38;16.38;21.38;0.0;28.244;3.37;24.63
1983-06-24;11.78;16.02;20.25;0.0;16.343;3.74;29.53
1983-06-25;10.54;15.83;21.13;0.24;18.972;3.5;36.84
1983-06-26;10.7;15.56;20.42;0.0;27.917;2.15;25.2
1983-06-27;11.91;18.63;25.36;3.75;14.338;2.6;36.08
1983-06-28;10.73;17.46;24.2;6.42;12.024;3.05;47.13
1983-06-29;10.68;18.88;27.09;2.14;19.182;1.86;36.35
1983-06-30;13.47;19.79;26.1;6.55;11.864;1.53;62.34
1983-07-01;12.11;19.96;27.81;1.3;23.57;1.21;35.82
1983-07-02;13.06;19.41;25.75;0.0;24.657;2.83;33.8
1983-07-03;11.73;16.27;20.82;1.1;18.715;1.79;52.05
1983-07-04;8.47;15.37;22.27;0.0;29.457;1.86;26.77
1983-07-05;12.98;19.37;25.76;0.0;10.688;3.83;25.31
1983-07-06;12.97;17.59;22.22;4.72;13.693;3.13;48.98
1983-07-07;12.51;17.91;23.3;0.0;22.24;3.89;32.68
1983-07-08;10.86;16.29;21.72;0.0;27.69;3.48;25.95
1983-07-09;9.74;16.71;23.67;0.0;27.783;2.81;24.26
1983-07-10;10.36;17.58;24.8;0.0;24.557;1.84;29.03
1983-07-11;12.78;20.73;28.69;0.0;21.896;1.93;28.3
1983-07-12;15.94;23.27;30.6;0.0;26.549;2.72;26.41
1983-07-13;16.77;23.48;30.19;0.0;25.173;2.63;25.63
1983-07-14;15.94;22.41;28.88;0.0;16.8;1.84;25.85
1983-07-15;12.96;21.54;30.11;0.56;20.185;2.05;24.74
1983-07-16;12.17;17.8;23.43;0.0;26.553;3.5;25.39
1983-07-17;10.21;16.73;23.26;0.0;25.311;2.23;24.36
1983-07-18;7.63;17.41;27.2;0.0;26.698;0.36;24.45
1983-07-19;12.86;20.73;28.6;0.0;15.689;1.32;21.22
1983-07-20;14.88;19.98;25.07;0.76;11.463;2.52;29.25
1983-07-21;11.71;19.94;28.17;0.0;25.55;1.43;22.09
1983-07-22;11.81;21.91;32.0;0.0;23.722;1.92;19.14
1983-07-23;15.36;24.0;32.64;9.03;20.908;2.87;18.14
1983-07-24;16.66;20.45;24.23;0.0;6.287;3.63;52.07
1983-07-25;15.79;21.98;28.16;0.0;18.259;0.72;41.53
1983-07-26;14.86;22.56;30.27;0.0;19.873;0.89;28.34
1983-07-27;15.57;23.8;32.03;0.0;23.836;1.1;22.83
1983-07-28;16.32;24.64;32.95;0.96;22.939;1.22;22.62
1983-07-29;17.2;25.15;33.1;1.89;21.995;1.78;24.39
1983-07-30;17.28;23.2;29.11;0.0;23.919;3.61;25.39
1983-07-31;14.62;22.18;29.74;0.0;25.235;1.31;21.2
1983-08-01;15.29;23.52;31.75;2.98;13.924;1.92;23.63
1983-08-02;17.27;23.59;29.92;3.59;17.199;1.11;36.72
1983-08-03;17.09;19.31;21.53;25.54;4.116;2.91;74.89
1983-08-04;16.94;19.09;21.24;0.06;5.628;3.49;74.05
1983-08-05;16.01;19.73;23.46;0.0;10.15;3.32;49.53
1983-08-06;14.08;19.41;24.73;0.0;20.536;2.74;33.66
1983-08-07;12.68;18.66;24.65;0.0;20.462;2.01;29.49
1983-08-08;11.61;18.2;24.8;0.0;21.156;1.21;27.19
1983-08-09;13.55;19.55;25.55;0.0;23.503;2.19;27.69
1983-08-10;10.12;19.49;28.86;0.0;22.31;1.51;23.92
1983-08-11;14.87;22.73;30.59;0.0;26.051;2.3;20.58
1983-08-12;15.11;23.26;31.41;0.0;23.438;2.3;18.77
1983-08-13;16.78;23.91;31.03;0.0;25.216;2.49;18.76
1983-08-14;15.62;23.68;31.74;0.0;24.888;1.3;16.55
1983-08-15;15.57;23.99;32.41;0.87;23.561;1.4;16.99
1983-08-16;17.17;24.11;31.04;2.21;19.593;2.87;25.11
1983-08-17;16.57;23.76;30.94;0.0;21.05;2.59;24.28
1983-08-18;17.94;24.86;31.78;0.0;20.74;2.24;20.95
1983-08-19;18.05;25.44;32.83;0.46;18.614;1.88;20.24
1983-08-20;17.85;23.89;29.92;0.0;13.409;1.51;24.11
1983-08-21;18.01;22.95;27.89;2.97;6.054;2.1;32.93
1983-08-22;16.32;23.16;30.01;0.0;18.521;2.97;25.12
1983-08-23;12.31;17.77;23.24;0.0;20.869;4.19;21.83
1983-08-24;9.71;17.16;24.61;0.0;21.266;1.89;18.78
1983-08-25;8.27;17.49;26.71;0.0;21.05;1.39;17.5
1983-08-26;10.93;20.45;29.98;0.0;20.602;1.39;17.7
1983-08-27;15.19;22.13;29.07;0.0;20.053;1.99;23.3
1983-08-28;16.05;21.76;27.46;0.68;16.158;2.1;33.68
1983-08-29;11.27;16.64;22.02;0.77;10.342;0.58;50.17
1983-08-30;9.19;18.23;27.27;0.0;20.391;0.9;20.58
1983-08-31;10.97;18.52;26.06;0.0;19.141;2.29;26.44
1983-09-01;10.86;17.73;24.59;0.0;16.652;1.79;24.37
1983-09-02;10.56;16.43;22.31;0.0;18.15;3.06;22.49
1983-09-03;8.69;14.55;20.42;0.0;14.185;3.93;29.08
1983-09-04;9.22;15.08;20.94;0.0;16.285;3.96;22.9
1983-09-05;7.83;16.79;25.75;0.0;19.272;2.29;21.65
1983-09-06;13.3;21.0;28.7;0.0;19.366;1.59;24.15
1983-09-07;13.49;21.55;29.61;0.0;18.538;2.71;20.24
1983-09-08;14.4;19.32;24.23;1.29;7.114;1.08;44.76
1983-09-09;13.73;20.01;26.29;0.0;10.787;2.69;32.6
1983-09-10;9.41;16.13;22.84;0.0;12.401;0.98;24.82
1983-09-11;12.37;20.71;29.06;0.0;18.058;2.31;20.22
1983-09-12;15.02;19.58;24.14;25.66;5.553;2.0;50.21
1983-09-13;9.75;14.11;18.47;1.62;4.446;5.56;51.52
1983-09-14;8.37;12.86;17.34;0.0;17.015;4.61;27.38
1983-09-15;6.46;11.97;17.48;0.0;18.111;2.71;25.65
1983-09-16;6.07;13.21;20.34;0.0;19.645;1.14;27.79
1983-09-17;5.67;13.77;21.87;0.0;17.403;0.48;28.56
1983-09-18;7.82;14.35;20.88;0.0;7.938;1.08;39.41
1983-09-19;12.68;18.82;24.96;0.0;8.087;0.92;44.08
1983-09-20;11.2;19.37;27.54;0.07;14.945;2.79;28.79
1983-09-21;7.97;13.3;18.63;0.0;16.872;2.51;27.01
1983-09-22;7.04;14.46;21.89;0.0;15.686;1.1;27.82
1983-09-23;6.83;15.3;23.76;0.0;17.111;0.52;28.26
1983-09-24;7.21;15.81;24.41;0.0;16.741;1.45;26.22
1983-09-25;5.98;13.27;20.55;0.0;10.435;2.13;29.79
1983-09-26;4.38;13.04;21.69;0.0;15.584;1.83;17.83
1983-09-27;7.56;13.98;20.4;0.0;9.69;3.28;27.14
1983-09-28;5.13;8.85;12.57;0.0;12.837;3.95;25.13
1983-09-29;4.86;10.04;15.22;0.0;5.7;4.2;28.64
1983-09-30;4.31;7.63;10.95;0.0;8.289;3.52;36.41
1983-10-01;3.05;6.38;9.72;0.0;12.245;2.8;27.39
1983-10-02;1.64;7.03;12.41;0.0;14.379;0.7;22.98
1983-10-03;1.64;10.18;18.72;0.0;14.834;0.89;24.71
1983-10-04;4.45;14.73;25.02;4.26;13.63;2.8;27.32
1983-10-05;12.71;18.56;24.41;2.83;11.507;3.67;45.94
1983-10-06;3.77;10.88;17.99;0.0;13.272;3.09;33.51
1983-10-07;2.99;11.93;20.87;0.0;13.136;2.03;25.54
1983-10-08;8.45;12.94;17.42;0.0;3.338;1.11;62.55
1983-10-09;10.33;17.27;24.2;0.0;12.372;2.52;35.62
1983-10-10;9.27;14.63;19.98;1.57;8.364;3.73;48.36
1983-10-11;10.4;17.18;23.95;1.2;7.868;3.62;41.04
1983-10-12;11.52;16.11;20.69;0.0;8.402;3.2;36.78
1983-10-13;6.5;10.5;14.49;1.12;4.976;1.69;57.05
1983-10-14;3.58;8.34;13.11;0.0;10.809;2.02;32.35
1983-10-15;2.61;8.83;15.05;0.0;12.222;2.86;29.75
1983-10-16;3.39;11.53;19.67;0.0;10.981;3.72;31.15
1983-10-17;11.68;15.23;18.79;0.0;3.81;4.36;47.98
1983-10-18;9.95;14.48;19.01;2.34;3.318;4.97;49.0
1983-10-19;6.96;10.13;13.31;0.0;10.855;3.39;29.47
1983-10-20;4.34;8.57;12.81;0.0;10.325;1.61;39.92
1983-10-21;1.44;5.9;10.36;0.0;9.221;3.03;39.39
1983-10-22;0.26;4.76;9.26;0.0;9.302;4.03;30.1
1983-10-23;-0.4;3.24;6.89;0.0;7.632;3.91;35.87
1983-10-24;-1.86;2.97;7.81;0.0;8.79;2.77;34.74
1983-10-25;-2.09;2.21;6.51;0.0;9.693;1.3;37.43
1983-10-26;-3.7;1.48;6.66;0.0;10.516;1.04;29.22
1983-10-27;-2.2;2.3;6.81;0.0;9.007;1.5;34.61
1983-10-28;0.48;4.11;7.73;0.4;4.054;1.98;54.51
1983-10-29;0.49;3.84;7.19;1.45;3.493;2.74;62.13
1983-10-30;0.27;3.8;7.34;0.0;6.641;2.18;30.92
1983-10-31;-2.25;2.05;6.35;0.0;8.644;2.32;32.34
1983-11-01;-2.27;1.01;4.3;3.37;4.12;2.46;71.42
1983-11-02;-6.76;-1.57;3.61;0.0;8.496;5.2;32.39
1983-11-03;-8.66;-4.07;0.52;0.0;8.23;1.2;29.88
1983-11-04;-8.04;-2.81;2.42;0.0;8.983;2.5;30.28
1983-11-05;-6.24;-2.37;1.51;0.28;2.769;2.67;62.01
1983-11-06;-0.09;1.98;4.06;0.47;3.688;2.93;77.97
1983-11-07;-3.12;1.02;5.17;0.0;7.662;2.91;52.53
1983-11-08;-3.72;0.81;5.34;0.0;6.589;0.94;54.38
1983-11-09;-1.72;3.69;9.1;0.0;6.667;1.64;52.48
1983-11-10;-1.09;4.51;10.11;0.69;4.786;2.46;58.0
1983-11-11;1.17;5.63;10.08;0.0;4.967;1.61;65.49
1983-11-12;-0.47;3.92;8.31;0.0;3.281;1.05;59.51
1983-11-13;3.65;7.94;12.23;0.0;6.097;2.24;57.98
1983-11-14;4.26;9.23;14.2;0.0;5.874;3.08;55.57
1983-11-15;7.12;11.31;15.51;1.78;6.533;3.44;56.3
1983-11-16;0.96;5.21;9.46;2.21;3.275;3.93;60.71
1983-11-17;-1.97;1.6;5.17;0.0;6.256;2.75;39.48
1983-11-18;-1.97;1.14;4.24;0.0;2.775;1.1;45.46
1983-11-19;-4.12;-0.34;3.43;0.0;4.476;1.59;52.27
1983-11-20;1.12;5.77;10.41;18.28;2.514;1.09;81.17
1983-11-21;6.06;8.94;11.82;3.45;2.392;2.09;86.27
1983-11-22;0.72;4.07;7.41;0.0;4.298;0.86;74.01
1983-11-23;-0.42;3.04;6.51;0.39;3.794;0.99;68.89
1983-11-24;-0.41;4.54;9.5;3.06;2.174;3.87;63.43
1983-11-25;4.76;7.79;10.82;6.43;5.345;2.2;76.67
1983-11-26;0.36;3.71;7.06;11.56;0.787;2.94;84.85
1983-11-27;-1.82;1.19;4.2;0.0;4.547;1.53;66.12
1983-11-28;-1.73;0.79;3.31;0.0;6.204;5.93;59.38
1983-11-29;-2.54;0.37;3.28;0.0;4.848;2.45;60.55
1983-11-30;-0.84;3.1;7.04;3.35;1.661;4.2;63.43
1983-12-01;0.67;3.08;5.48;0.75;4.347;2.41;67.99
1983-12-02;-0.5;2.23;4.95;1.16;4.716;2.28;72.7
1983-12-03;-0.19;2.38;4.94;0.45;2.584;2.81;71.4
1983-12-04;-0.79;1.49;3.78;0.53;2.191;2.31;81.12
1983-12-05;-3.05;0.0;3.05;3.7;4.723;1.31;75.59
1983-12-06;-0.87;1.23;3.33;0.41;2.311;0.81;82.36
1983-12-07;-1.03;1.67;4.38;0.0;2.877;2.23;64.68
1983-12-08;-0.63;1.48;3.58;3.93;1.459;1.73;85.84
1983-12-09;-1.4;1.24;3.88;15.91;2.268;1.72;80.92
1983-12-10;0.32;2.35;4.39;3.76;1.532;2.14;87.55
1983-12-11;-8.54;-3.15;2.23;0.53;5.727;4.01;44.13
1983-12-12;-13.04;-9.66;-6.28;0.0;5.746;4.54;15.61
1983-12-13;-14.15;-9.71;-5.28;0.0;5.439;5.53;27.71
1983-12-14;-13.99;-9.6;-5.2;0.0;5.563;4.85;24.51
1983-12-15;-11.49;-8.66;-5.84;0.0;5.064;4.48;17.7
1983-12-16;-9.82;-6.04;-2.27;0.0;3.927;2.61;37.14
1983-12-17;-10.86;-6.73;-2.61;0.0;3.93;1.11;52.87
1983-12-18;-11.29;-6.91;-2.54;0.0;3.446;0.88;56.8
1983-12-19;-11.23;-6.45;-1.67;3.45;1.637;2.18;62.86
1983-12-20;-4.54;-2.21;0.12;4.42;2.093;2.65;84.87
1983-12-21;-1.59;-0.18;1.23;2.85;2.299;2.59;91.81
1983-12-22;-9.0;-4.07;0.86;2.48;5.767;3.09;85.26
1983-12-23;-1.29;-0.43;0.43;0.65;2.644;0.97;97.04
1983-12-24;-6.08;-2.23;1.62;0.0;5.828;1.59;86.66
1983-12-25;-6.17;-2.5;1.16;1.94;2.43;2.03;85.29
1983-12-26;-1.27;-0.27;0.74;1.91;2.061;0.88;95.82
1983-12-27;-6.26;-2.37;1.52;1.25;2.097;1.69;83.68
1983-12-28;-7.7;-5.18;-2.66;0.0;3.549;1.28;56.73
1983-12-29;-9.86;-6.63;-3.4;0.0;4.425;2.8;34.98
1983-12-30;-7.14;-4.01;-0.88;0.0;2.437;3.37;38.92
1983-12-31;-4.19;-2.04;0.12;2.85;2.44;2.47;58.62
1984-01-01;-6.85;-2.37;2.11;0.0;2.529;1.24;84.58
1984-01-02;-8.58;-4.94;-1.3;0.0;3.52;0.47;77.73
1984-01-03;-6.15;-2.44;1.28;0.0;3.142;1.19;79.73
1984-01-04;-1.1;0.55;2.2;0.0;3.991;1.99;86.11
1984-01-05;-2.46;0.08;2.62;0.61;3.731;3.86;83.3
1984-01-06;-13.06;-7.17;-1.28;0.0;3.247;5.38;46.91
1984-01-07;-19.86;-14.93;-10.01;0.0;3.802;4.78;41.94
1984-01-08;-20.98;-16.3;-11.61;0.0;5.9;2.16;39.76
1984-01-09;-21.79;-16.27;-10.75;0.0;5.8;0.93;40.51
1984-01-10;-20.29;-13.62;-6.94;0.0;4.526;3.36;46.73
1984-01-11;-15.27;-12.1;-8.93;0.0;5.9;4.33;56.32
1984-01-12;-17.95;-10.97;-4.0;0.0;3.891;3.86;48.45
1984-01-13;-10.97;-6.61;-2.24;0.0;3.389;1.24;60.2
1984-01-14;-7.51;-3.37;0.77;0.0;3.437;1.37;69.66
1984-01-15;-7.63;-5.2;-2.76;0.0;3.891;1.15;82.8
1984-01-16;-6.76;-1.93;2.89;0.0;5.349;2.25;72.88
1984-01-17;0.31;1.68;3.04;0.58;2.366;3.82;86.58
1984-01-18;-0.53;1.75;4.04;0.0;4.196;2.56;81.58
1984-01-19;-0.79;1.62;4.03;0.0;6.339;2.55;78.65
1984-01-20;-1.6;0.71;3.03;0.0;6.481;1.99;77.0
1984-01-21;0.11;1.51;2.92;0.0;3.202;2.93;83.1
1984-01-22;-1.35;0.71;2.77;0.0;3.114;1.32;79.99
1984-01-23;-2.64;0.11;2.87;0.0;4.565;0.79;71.12
1984-01-24;-4.36;-1.22;1.92;0.0;3.878;0.9;73.48
1984-01-25;-2.33;-0.19;1.96;2.51;2.401;0.9;85.07
1984-01-26;-1.73;1.09;3.92;0.0;4.487;3.04;77.16
1984-01-27;-3.02;-0.19;2.64;0.13;3.838;4.53;73.21
1984-01-28;-4.77;-0.38;4.01;0.0;4.588;3.42;57.95
1984-01-29;-4.01;-0.09;3.82;0.49;2.366;3.04;72.89
1984-01-30;-0.15;2.94;6.03;0.96;3.932;4.28;69.67
1984-01-31;-1.92;0.97;3.85;0.0;6.305;3.75;59.8
1984-02-01;0.94;3.35;5.76;0.0;2.397;4.16;74.8
1984-02-02;-1.03;2.35;5.73;0.0;7.646;1.36;62.21
1984-02-03;-1.86;0.03;1.92;20.39;2.048;3.2;84.75
1984-02-04;-4.13;-1.86;0.41;1.11;4.634;6.91;68.49
1984-02-05;-9.19;-5.21;-1.24;0.0;9.179;4.25;49.18
1984-02-06;-11.2;-7.46;-3.71;0.0;8.07;3.78;48.34
1984-02-07;-11.88;-8.0;-4.12;0.0;9.488;3.68;34.95
1984-02-08;-14.16;-9.64;-5.12;0.0;8.91;2.69;28.31
1984-02-09;-15.07;-10.29;-5.51;0.0;9.1;0.93;38.06
1984-02-10;-14.34;-9.36;-4.38;0.0;8.773;1.49;42.69
1984-02-11;-13.32;-8.92;-4.52;0.0;8.899;2.44;42.1
1984-02-12;-16.23;-11.09;-5.95;0.0;9.494;3.08;42.06
1984-02-13;-16.98;-11.9;-6.82;0.0;9.504;3.43;40.89
1984-02-14;-18.31;-13.2;-8.09;1.16;6.304;4.53;42.61
1984-02-15;-19.48;-14.1;-8.72;0.0;10.258;4.46;43.94
1984-02-16;-20.32;-14.84;-9.36;0.0;10.274;1.82;40.73
1984-02-17;-20.67;-14.88;-9.09;0.0;10.187;1.21;38.37
1984-02-18;-19.28;-13.67;-8.06;0.0;10.638;3.01;37.15
1984-02-19;-16.11;-10.19;-4.27;0.0;11.838;3.02;44.59
1984-02-20;-16.17;-8.12;-0.07;0.51;11.585;3.01;46.42
1984-02-21;-9.73;-4.0;1.73;0.0;9.766;2.1;74.3
1984-02-22;-10.14;-4.55;1.04;0.0;11.665;1.78;68.75
1984-02-23;-6.38;-2.13;2.13;0.0;12.587;4.2;70.9
1984-02-24;-0.31;0.2;0.72;6.29;3.315;3.09;85.94
1984-02-25;-4.22;-1.24;1.73;0.72;4.228;3.63;77.92
1984-02-26;-9.5;-4.41;0.69;0.0;11.875;1.29;52.21
1984-02-27;-10.03;-4.46;1.11;0.0;11.533;1.89;42.97
1984-02-28;-12.14;-5.38;1.39;0.0;11.575;1.2;38.02
1984-02-29;0.0;0.0;0.0;0.0;0.0;0.0;0.0
1984-03-01;-2.64;0.05;2.74;0.0;6.171;2.78;74.94
1984-03-02;1.87;7.25;12.63;0.0;8.145;4.31;48.66
1984-03-03;1.86;8.02;14.18;1.29;6.557;4.51;54.65
1984-03-04;-1.07;1.88;4.84;1.06;4.823;1.88;75.95
1984-03-05;-0.83;0.64;2.11;1.38;4.212;5.03;73.07
1984-03-06;0.96;2.85;4.74;0.75;3.682;5.31;81.47
1984-03-07;2.61;5.42;8.22;0.0;4.908;1.88;75.5
1984-03-08;0.88;5.31;9.74;0.0;8.839;1.59;59.31
1984-03-09;1.27;4.4;7.53;0.0;9.034;1.7;53.28
1984-03-10;-2.33;2.29;6.91;0.0;13.991;2.38;33.78
1984-03-11;-3.54;2.53;8.6;0.0;14.016;1.88;32.25
1984-03-12;-4.05;3.07;10.19;0.0;14.412;1.28;32.22
1984-03-13;-2.37;5.02;12.4;0.0;14.329;1.52;34.49
1984-03-14;-1.88;6.21;14.31;0.0;14.693;1.4;34.34
1984-03-15;-3.16;5.42;13.99;0.0;13.099;0.31;36.33
1984-03-16;-2.23;6.53;15.29;0.0;14.834;0.18;36.9
1984-03-17;-0.75;7.45;15.65;0.0;14.679;0.7;37.18
1984-03-18;1.1;7.81;14.52;0.0;11.736;1.93;45.71
1984-03-19;0.96;6.74;12.52;0.0;14.844;2.75;43.83
1984-03-20;-0.99;5.79;12.58;0.0;16.753;1.89;36.89
1984-03-21;2.08;7.09;12.11;0.0;9.231;2.06;53.56
1984-03-22;4.56;9.82;15.09;0.0;13.319;2.99;51.35
1984-03-23;3.93;9.6;15.26;1.57;4.649;5.39;66.66
1984-03-24;2.16;9.09;16.01;0.0;9.265;1.85;49.72
1984-03-25;1.55;9.37;17.18;0.0;11.764;2.42;41.04
1984-03-26;-0.27;6.83;13.94;0.0;15.258;1.17;37.02
1984-03-27;-0.07;5.16;10.39;0.0;13.949;1.6;45.75
1984-03-28;-1.19;4.63;10.44;0.0;17.515;1.28;33.96
1984-03-29;-1.34;6.33;14.0;0.0;16.191;1.86;31.95
1984-03-30;0.48;8.57;16.66;0.0;16.244;1.9;37.46
1984-03-31;2.52;10.01;17.5;0.0;11.343;1.79;43.12
1984-04-01;2.76;9.93;17.09;0.0;17.02;3.08;37.83
1984-04-02;3.78;8.14;12.51;0.48;9.056;3.39;61.58
1984-04-03;3.9;9.35;14.8;2.26;10.758;1.25;52.91
1984-04-04;4.4;8.94;13.47;1.78;16.256;2.16;51.46
1984-04-05;2.56;7.17;11.78;1.31;7.359;1.88;60.33
1984-04-06;1.57;7.52;13.47;0.0;10.884;1.45;52.29
1984-04-07;2.2;7.01;11.82;2.28;4.964;3.38;52.94
1984-04-08;1.46;5.89;10.32;0.66;6.996;1.12;52.44
1984-04-09;-1.07;6.37;13.8;3.17;12.729;2.89;49.2
1984-04-10;2.93;7.9;12.87;0.0;16.047;2.74;43.55
1984-04-11;1.73;8.06;14.4;0.0;19.374;3.26;30.67
1984-04-12;3.83;9.02;14.2;1.07;8.96;4.08;50.33
1984-04-13;0.87;7.23;13.6;1.92;11.872;2.34;55.56
1984-04-14;5.24;11.61;17.98;0.85;11.887;1.27;56.86
1984-04-15;5.14;10.72;16.3;0.0;11.318;2.32;54.98
1984-04-16;1.68;8.04;14.39;0.0;18.979;3.25;33.39
1984-04-17;0.16;6.59;13.03;0.0;17.187;1.97;33.56
1984-04-18;0.65;6.81;12.97;0.0;21.636;2.65;29.78
1984-04-19;0.55;7.33;14.12;0.0;15.247;2.06;33.1
1984-04-20;0.79;10.69;20.59;0.0;23.403;1.06;29.58
1984-04-21;5.86;10.95;16.03;1.55;9.013;3.28;54.37
1984-04-22;3.85;9.1;14.34;0.0;16.547;3.26;40.39
1984-04-23;4.52;10.38;16.24;0.0;23.423;2.89;37.61
1984-04-24;4.69;11.63;18.58;0.0;11.356;1.63;50.81
1984-04-25;5.92;12.0;18.09;5.01;11.644;1.21;55.01
1984-04-26;7.3;11.18;15.06;3.59;6.362;1.21;63.77
1984-04-27;5.66;9.15;12.64;0.0;8.183;3.65;60.58
1984-04-28;1.95;7.4;12.86;0.0;13.172;2.91;44.6
1984-04-29;-0.01;7.61;15.23;5.4;17.321;1.41;41.35
1984-04-30;5.49;10.07;14.66;0.0;24.099;3.94;41.66
1984-05-01;6.0;9.03;12.05;2.03;7.606;2.8;72.09
1984-05-02;6.42;11.13;15.85;0.0;10.631;1.34;55.57
1984-05-03;5.33;12.34;19.35;0.23;19.608;3.07;41.93
1984-05-04;9.1;13.14;17.18;6.06;11.407;4.05;57.97
1984-05-05;9.05;13.93;18.81;0.0;15.709;3.54;50.95
1984-05-06;6.94;12.06;17.18;0.94;14.316;1.96;56.36
1984-05-07;4.51;10.9;17.29;5.03;18.458;1.04;59.31
1984-05-08;8.2;13.38;18.57;0.0;20.811;3.2;44.65
1984-05-09;5.26;12.11;18.95;0.0;23.331;1.03;41.0
1984-05-10;9.64;14.91;20.18;6.1;13.255;2.14;70.56
1984-05-11;15.6;18.98;22.36;6.1;8.571;3.3;74.19
1984-05-12;8.94;15.12;21.3;0.0;17.925;2.16;60.02
1984-05-13;8.16;15.36;22.56;0.0;24.734;2.66;39.77
1984-05-14;14.76;21.14;27.53;0.92;17.292;4.33;42.87
1984-05-15;10.03;16.4;22.77;4.19;19.742;3.81;57.98
1984-05-16;7.78;15.62;23.46;0.0;23.568;0.45;37.05
1984-05-17;11.62;16.77;21.91;0.38;14.208;2.14;58.32
1984-05-18;10.86;17.16;23.46;0.0;23.152;1.73;40.59
1984-05-19;11.28;16.77;22.27;0.0;17.813;2.06;43.3
1984-05-20;9.56;16.27;22.97;0.0;24.551;1.97;35.28
1984-05-21;13.5;18.4;23.3;0.0;18.933;2.23;42.35
1984-05-22;13.44;18.5;23.55;0.0;20.838;2.76;44.3
1984-05-23;12.79;18.13;23.46;1.1;20.298;3.15;52.54
1984-05-24;13.55;17.46;21.38;0.0;13.336;2.94;67.31
1984-05-25;13.18;18.45;23.73;2.42;14.436;2.59;54.1
1984-05-26;13.12;18.7;24.27;0.59;25.533;2.74;43.0
1984-05-27;12.96;18.98;24.99;0.47;21.113;3.11;40.07
1984-05-28;11.86;17.64;23.43;0.0;18.47;3.11;41.97
1984-05-29;9.27;16.0;22.74;0.0;27.917;1.72;30.75
1984-05-30;7.63;15.2;22.76;0.0;19.811;1.02;37.05
1984-05-31;11.38;18.11;24.83;0.75;19.715;1.94;37.74
1984-06-01;11.38;17.86;24.33;12.53;14.603;1.93;50.44
1984-06-02;9.18;16.27;23.36;4.09;14.627;1.63;49.41
1984-06-03;12.03;17.02;22.02;0.0;16.322;3.82;50.89
1984-06-04;10.79;15.95;21.1;0.0;21.884;2.34;37.74
1984-06-05;9.81;16.13;22.44;0.0;20.754;1.84;37.19
1984-06-06;7.73;15.84;23.95;0.0;27.476;0.48;32.02
1984-06-07;8.17;16.75;25.34;0.0;24.856;0.39;31.05
1984-06-08;9.8;17.81;25.82;0.0;23.946;1.52;28.24
1984-06-09;12.98;19.01;25.04;10.78;12.728;1.42;57.05
1984-06-10;10.54;18.62;26.69;0.0;25.992;0.46;41.42
1984-06-11;11.92;20.18;28.43;0.0;26.902;0.72;32.75
1984-06-12;12.57;20.96;29.35;0.0;25.193;0.89;31.54
1984-06-13;13.87;22.12;30.37;0.0;24.93;1.09;30.12
1984-06-14;13.95;22.41;30.87;0.0;25.74;1.1;30.67
1984-06-15;15.52;23.49;31.47;0.0;29.841;1.2;28.13
1984-06-16;13.63;24.52;35.41;2.35;14.257;0.33;26.13
1984-06-17;16.83;23.07;29.31;13.75;14.969;2.25;47.41
1984-06-18;12.88;18.34;23.8;0.0;28.45;3.73;33.67
1984-06-19;11.26;17.46;23.66;0.0;25.425;1.92;29.53
1984-06-20;11.15;19.14;27.13;0.0;24.082;0.66;30.17
1984-06-21;15.87;23.23;30.59;0.0;25.513;2.34;27.28
1984-06-22;16.93;24.3;31.66;0.0;26.264;1.52;26.69
1984-06-23;13.48;22.76;32.03;0.0;29.2;1.1;24.35
1984-06-24;16.44;24.27;32.09;0.0;26.585;1.74;22.94
1984-06-25;17.37;23.45;29.52;0.0;18.809;2.44;25.09
1984-06-26;17.78;22.07;26.35;1.27;11.275;1.11;54.82
1984-06-27;15.77;21.73;27.7;0.0;24.449;2.26;25.02
1984-06-28;15.19;20.31;25.43;0.0;18.652;2.36;27.67
1984-06-29;16.72;21.29;25.86;0.0;16.731;2.44;25.43
1984-06-30;14.22;20.19;26.16;0.3;18.356;1.95;32.28
1984-07-01;12.54;20.41;28.29;0.0;21.852;0.49;32.44
1984-07-02;18.34;21.15;23.96;0.0;11.154;2.64;40.96
1984-07-03;14.82;20.99;27.16;0.0;30.616;2.54;22.42
1984-07-04;13.61;20.31;27.01;0.0;28.983;2.14;21.34
1984-07-05;11.11;20.09;29.08;0.0;27.635;0.58;20.93
1984-07-06;13.27;21.73;30.2;0.0;19.17;2.05;21.41
1984-07-07;16.72;19.82;22.93;14.85;5.422;3.02;74.56
1984-07-08;13.3;15.99;18.68;14.99;7.146;6.32;70.71
1984-07-09;12.82;14.71;16.59;3.22;4.56;5.43;74.71
1984-07-10;13.82;16.43;19.04;0.0;11.642;5.02;55.15
1984-07-11;11.39;17.16;22.93;0.0;20.644;4.16;27.28
1984-07-12;9.24;16.43;23.62;0.0;22.966;2.13;25.14
1984-07-13;8.53;13.59;18.65;0.0;22.482;3.13;27.4
1984-07-14;8.2;13.93;19.66;0.45;14.783;2.55;29.74
1984-07-15;8.12;16.3;24.48;0.0;23.021;2.42;24.64
1984-07-16;13.94;21.16;28.39;6.03;21.761;4.03;25.07
1984-07-17;12.1;16.41;20.72;1.2;13.916;2.52;62.16
1984-07-18;10.73;17.41;24.1;0.0;25.38;2.23;28.39
1984-07-19;13.59;19.48;25.38;0.0;23.406;3.06;31.6
1984-07-20;10.9;17.48;24.07;0.0;27.255;1.73;25.16
1984-07-21;13.51;21.88;30.25;0.0;24.334;3.17;22.1
1984-07-22;15.56;22.05;28.53;8.03;16.872;2.64;40.96
1984-07-23;14.22;19.31;24.4;0.0;14.829;1.63;53.69
1984-07-24;13.15;19.98;26.8;0.0;24.974;2.52;26.44
1984-07-25;12.06;17.55;23.05;3.31;15.919;3.63;31.55
1984-07-26;8.71;13.87;19.02;0.0;21.936;3.59;25.53
1984-07-27;7.47;14.54;21.6;0.0;15.824;1.42;30.08
1984-07-28;13.85;19.39;24.93;0.51;17.288;2.97;34.82
1984-07-29;11.42;17.64;23.86;0.0;20.023;3.25;28.41
1984-07-30;8.2;18.19;28.17;0.0;26.011;0.79;22.35
1984-07-31;15.35;23.13;30.91;0.92;20.521;1.52;24.49
1984-08-01;16.94;23.36;29.78;0.0;22.402;1.32;29.77
1984-08-02;17.12;23.63;30.13;1.26;17.849;3.05;32.14
1984-08-03;12.35;17.89;23.42;0.0;25.044;3.82;25.22
1984-08-04;9.53;17.68;25.82;0.0;22.067;1.82;24.09
1984-08-05;15.46;23.13;30.8;0.0;22.675;2.14;24.12
1984-08-06;15.26;23.04;30.82;1.25;20.497;0.55;30.46
1984-08-07;15.68;22.77;29.86;0.0;23.485;2.01;27.59
1984-08-08;13.32;21.98;30.64;0.0;24.313;0.59;21.68
1984-08-09;16.83;24.75;32.67;0.0;21.882;0.49;20.36
1984-08-10;20.34;26.34;32.35;0.0;17.587;2.19;21.31
1984-08-11;19.16;25.34;31.53;6.06;14.656;1.1;33.41
1984-08-12;18.15;24.09;30.04;0.0;18.152;2.87;34.97
1984-08-13;15.34;21.2;27.06;0.0;24.029;3.31;21.86
1984-08-14;15.14;21.31;27.49;0.0;12.385;2.35;34.29
1984-08-15;15.14;21.68;28.21;0.0;17.198;1.6;27.59
1984-08-16;14.44;21.48;28.52;0.0;17.206;1.8;23.93
1984-08-17;14.95;20.71;26.47;0.0;11.741;1.7;32.49
1984-08-18;13.21;19.59;25.97;0.0;22.7;2.39;18.76
1984-08-19;10.37;18.09;25.81;0.0;22.362;1.5;18.2
1984-08-20;9.6;18.64;27.68;0.0;21.663;0.6;17.57
1984-08-21;10.63;20.32;30.0;0.0;21.808;0.8;15.88
1984-08-22;14.84;21.95;29.06;0.67;17.63;2.77;21.59
1984-08-23;13.38;20.73;28.07;0.0;20.958;2.88;21.8
1984-08-24;12.45;20.59;28.74;0.0;20.955;1.07;19.14
1984-08-25;11.39;21.21;31.04;0.0;20.854;1.8;16.08
1984-08-26;11.97;18.86;25.74;0.0;21.057;2.39;17.27
1984-08-27;8.41;17.64;26.88;0.0;20.822;0.69;15.93
1984-08-28;9.97;20.3;30.64;0.0;20.509;1.2;14.27
1984-08-29;13.21;21.91;30.61;0.0;19.989;1.12;17.59
1984-08-30;13.8;22.59;31.38;0.0;19.405;0.88;17.24
1984-08-31;18.39;25.48;32.56;0.62;15.195;0.8;20.77
1984-09-01;14.64;24.6;34.56;0.66;19.218;0.21;19.42
1984-09-02;18.01;24.11;30.21;3.39;13.97;1.69;29.9
1984-09-03;15.96;22.39;28.83;0.0;18.522;1.99;29.92
1984-09-04;16.94;21.31;25.68;3.0;9.147;1.69;41.95
1984-09-05;13.64;20.07;26.5;0.0;9.956;2.14;37.65
1984-09-06;10.51;19.27;28.03;0.0;18.565;0.81;24.02
1984-09-07;17.62;23.07;28.51;0.0;15.619;2.34;28.26
1984-09-08;15.35;22.6;29.85;0.0;18.065;1.89;22.92
1984-09-09;13.71;22.31;30.91;0.0;17.9;1.08;20.02
1984-09-10;13.53;21.88;30.24;0.0;16.999;1.08;27.06
1984-09-11;10.31;19.18;28.04;2.07;10.387;3.97;27.79
1984-09-12;6.35;13.34;20.32;0.0;18.662;2.32;19.58
1984-09-13;6.11;16.11;26.11;0.0;19.278;2.62;16.82
1984-09-14;13.65;21.64;29.63;0.35;14.89;2.71;24.83
1984-09-15;8.85;17.88;26.91;2.55;16.632;1.08;28.46
1984-09-16;12.7;18.55;24.41;1.21;17.473;2.7;30.19
1984-09-17;11.96;20.16;28.36;0.0;17.468;2.89;19.58
1984-09-18;13.31;18.37;23.43;13.52;3.774;1.77;64.41
1984-09-19;9.49;15.23;20.98;0.0;13.963;2.89;39.7
1984-09-20;9.74;14.79;19.83;1.21;6.446;2.63;58.02
1984-09-21;11.08;18.1;25.12;0.0;11.872;1.82;38.79
1984-09-22;9.54;17.18;24.82;0.0;17.081;1.1;28.71
1984-09-23;12.08;19.36;26.65;0.0;16.531;2.99;29.61
1984-09-24;8.64;15.59;22.54;0.0;15.741;2.89;33.98
1984-09-25;8.65;17.05;25.45;0.0;15.651;2.51;25.26
1984-09-26;11.47;19.14;26.8;0.0;15.217;2.9;27.16
1984-09-27;10.91;18.67;26.43;8.62;9.116;4.43;30.08
1984-09-28;7.04;12.41;17.79;0.0;9.482;3.3;31.93
1984-09-29;6.59;13.51;20.43;0.0;10.567;1.83;28.57
1984-09-30;7.84;15.15;22.46;1.63;14.446;2.71;29.98
1984-10-01;12.09;19.31;26.53;2.46;13.607;3.86;34.03
1984-10-02;14.63;20.57;26.52;0.77;10.661;2.8;51.85
1984-10-03;13.46;19.23;24.99;0.0;13.104;2.23;42.62
1984-10-04;14.44;20.88;27.32;1.74;14.113;2.7;36.76
1984-10-05;14.15;20.46;26.78;2.61;11.62;2.8;38.76
1984-10-06;8.43;14.02;19.6;0.0;11.495;2.52;49.63
1984-10-07;7.27;14.82;22.38;0.0;11.466;0.95;34.64
1984-10-08;11.48;18.52;25.56;0.0;11.397;1.82;36.74
1984-10-09;8.79;13.58;18.38;0.0;10.283;4.35;38.61
1984-10-10;6.57;10.69;14.81;0.0;10.299;3.62;33.17
1984-10-11;4.9;9.55;14.21;0.0;5.376;2.8;40.81
1984-10-12;3.3;8.09;12.88;0.0;10.904;2.47;34.41
1984-10-13;2.9;8.23;13.57;0.0;10.345;2.5;33.8
1984-10-14;3.09;7.72;12.36;0.0;8.329;1.92;37.29
1984-10-15;5.67;8.96;12.26;0.0;9.476;1.13;37.95
1984-10-16;1.95;7.32;12.69;0.0;9.66;1.42;32.37
1984-10-17;2.27;7.48;12.7;6.9;3.56;3.79;43.0
1984-10-18;9.84;14.7;19.55;0.0;10.652;2.31;51.63
1984-10-19;9.2;15.4;21.61;2.03;10.327;2.4;41.37
1984-10-20;12.93;17.77;22.6;2.51;8.683;2.5;53.77
1984-10-21;11.85;17.29;22.74;0.0;9.448;1.5;56.22
1984-10-22;9.82;16.71;23.6;0.0;9.908;1.52;41.73
1984-10-23;9.85;16.54;23.22;0.7;9.139;1.54;47.08
1984-10-24;9.02;15.73;22.45;0.0;9.931;1.65;49.12
1984-10-25;9.03;15.31;21.59;0.0;8.764;1.3;51.21
1984-10-26;8.57;14.99;21.41;0.0;8.959;1.69;45.58
1984-10-27;7.4;14.04;20.67;0.0;8.67;1.5;44.06
1984-10-28;6.16;12.85;19.53;0.0;8.03;1.87;47.59
1984-10-29;3.58;8.5;13.41;0.0;9.926;1.16;46.2
1984-10-30;4.53;7.75;10.96;26.56;3.223;4.03;73.71
1984-10-31;8.46;10.23;11.99;8.74;0.323;3.37;89.93
1984-11-01;3.75;8.09;12.43;0.0;3.993;3.44;55.84
1984-11-02;1.15;6.21;11.26;0.0;8.159;1.77;42.05
1984-11-03;2.68;5.76;8.85;6.5;1.94;2.26;76.51
1984-11-04;-2.3;0.93;4.16;0.0;8.208;5.92;33.39
1984-11-05;-4.32;-0.71;2.9;0.0;5.042;1.76;50.37
1984-11-06;-1.7;2.86;7.43;0.0;2.972;1.28;66.84
1984-11-07;3.49;7.21;10.93;9.82;5.55;3.82;70.07
1984-11-08;1.45;6.13;10.8;2.89;7.839;4.12;42.44
1984-11-09;3.79;6.92;10.05;1.2;5.321;2.55;75.46
1984-11-10;0.12;4.88;9.65;0.0;5.566;4.12;35.84
1984-11-11;-0.53;4.78;10.08;0.0;6.636;3.6;37.0
1984-11-12;3.83;7.96;12.08;0.0;6.096;3.44;45.87
1984-11-13;1.29;5.79;10.28;0.0;6.852;2.73;45.57
1984-11-14;0.91;5.12;9.32;0.0;6.508;3.54;41.81
1984-11-15;2.49;5.38;8.28;0.0;6.324;3.95;51.16
1984-11-16;1.87;5.23;8.59;0.0;4.395;3.58;59.71
1984-11-17;3.6;7.17;10.74;0.48;4.915;3.94;63.27
1984-11-18;8.11;10.27;12.43;10.11;0.82;4.96;83.57
1984-11-19;0.18;4.86;9.54;0.0;3.135;3.16;63.8
1984-11-20;0.23;3.92;7.6;0.0;3.178;3.25;70.61
1984-11-21;3.25;7.11;10.96;3.42;2.023;2.37;78.71
1984-11-22;7.36;11.72;16.08;0.0;4.146;2.69;73.93
1984-11-23;6.87;11.64;16.41;0.0;5.43;2.3;68.74
1984-11-24;3.91;8.27;12.63;0.67;4.44;0.85;71.78
1984-11-25;0.77;4.13;7.49;3.82;4.521;2.94;75.34
1984-11-26;-0.9;2.0;4.91;0.0;5.253;2.35;48.59
1984-11-27;-0.97;1.92;4.8;0.9;5.158;3.7;54.47
1984-11-28;-1.55;1.05;3.65;1.84;5.27;3.83;48.87
1984-11-29;4.06;6.04;8.03;0.31;1.994;4.97;69.87
1984-11-30;1.19;3.88;6.57;0.0;4.55;3.1;58.45
1984-12-01;1.19;4.14;7.09;0.32;4.147;3.5;57.45
1984-12-02;-1.33;1.58;4.49;0.0;3.384;3.71;58.67
1984-12-03;-3.79;-0.45;2.89;0.0;4.112;0.92;68.77
1984-12-04;-3.22;-0.21;2.8;0.0;4.875;2.12;66.16
1984-12-05;-1.09;2.06;5.2;0.0;3.761;3.7;56.19
1984-12-06;1.1;4.53;7.95;0.0;3.555;4.03;53.6
1984-12-07;3.59;7.32;11.05;2.55;3.047;5.08;59.33
1984-12-08;2.81;5.17;7.53;0.0;5.644;3.9;65.26
1984-12-09;0.66;4.34;8.02;2.13;2.027;3.13;68.85
1984-12-10;-3.6;-0.14;3.32;0.0;4.296;3.63;59.32
1984-12-11;-5.31;-1.88;1.54;0.0;5.738;1.56;53.2
1984-12-12;-4.01;-1.15;1.71;0.54;1.455;1.41;76.03
1984-12-13;-4.07;-0.92;2.23;0.0;4.136;1.92;71.22
1984-12-14;-3.12;0.0;3.12;0.0;5.52;4.27;56.41
1984-12-15;-0.24;2.48;5.19;2.45;1.79;3.63;69.97
1984-12-16;-3.1;-0.15;2.8;0.0;3.314;3.49;63.53
1984-12-17;-4.15;-0.96;2.23;0.0;3.459;2.81;55.66
1984-12-18;-0.73;1.23;3.19;4.86;1.814;2.16;76.89
1984-12-19;-3.88;-0.94;2.01;0.0;3.534;1.2;81.86
1984-12-20;-5.7;-2.58;0.53;0.0;5.124;1.2;71.04
1984-12-21;-5.27;-2.48;0.3;0.0;3.533;3.86;58.05
1984-12-22;-8.45;-4.75;-1.05;3.28;1.876;3.0;69.64
1984-12-23;-10.94;-6.36;-1.78;0.0;4.559;3.09;57.47
1984-12-24;-9.26;-6.94;-4.61;0.0;4.632;3.3;65.91
1984-12-25;-11.06;-8.94;-6.82;0.0;4.928;4.6;60.75
1984-12-26;-10.72;-8.66;-6.6;0.0;4.618;5.02;63.73
1984-12-27;-10.98;-8.82;-6.65;0.0;6.373;4.75;61.41
1984-12-28;-10.95;-8.34;-5.74;0.0;6.257;5.56;63.42
1984-12-29;-13.02;-10.07;-7.13;0.0;4.993;3.65;62.46
1984-12-30;-10.98;-6.92;-2.86;0.0;5.542;3.49;49.05
1984-12-31;-11.17;-8.57;-5.97;0.0;4.927;3.37;63.7
