iso-date;tmin;tavg;tmax;precip;globrad;wind;relhumid
1980-01-01;7.69;10.77;13.85;0.0;4.47;2.71;48.25
1980-01-02;6.71;9.81;12.91;0.0;8.401;2.14;47.62
1980-01-03;5.01;8.88;12.75;0.0;6.305;5.1;52.22
1980-01-04;5.0;7.99;10.97;0.0;8.352;5.3;43.38
1980-01-05;5.4;8.2;11.0;0.0;8.405;5.3;57.43
1980-01-06;5.83;8.55;11.27;0.0;4.395;6.3;57.42
1980-01-07;5.03;8.37;11.7;0.0;7.946;5.11;61.99
1980-01-08;6.44;9.04;11.63;0.0;4.818;4.43;66.42
1980-01-09;6.48;8.91;11.33;1.91;3.115;1.1;74.53
1980-01-10;5.59;8.93;12.27;0.0;7.376;4.43;59.58
1980-01-11;4.73;7.27;9.8;0.0;9.047;6.76;52.55
1980-01-12;4.29;6.47;8.65;0.92;3.281;5.66;57.08
1980-01-13;4.17;6.85;9.54;1.3;5.124;5.3;57.2
1980-01-14;4.08;6.71;9.35;0.94;6.803;3.19;47.14
1980-01-15;3.65;5.71;7.78;1.36;4.054;4.08;59.06
1980-01-16;3.43;5.68;7.93;0.0;8.363;5.6;62.11
1980-01-17;3.53;5.79;8.05;0.0;6.499;4.64;62.54
1980-01-18;3.11;6.48;9.86;12.35;3.364;2.77;73.58
1980-01-19;-1.58;2.17;5.93;0.0;4.677;6.37;55.02
1980-01-20;-1.22;1.79;4.8;0.0;4.161;3.27;58.75
1980-01-21;0.4;3.29;6.18;0.0;6.291;1.11;57.29
1980-01-22;2.82;5.35;7.88;0.0;9.753;2.28;42.68
1980-01-23;4.4;6.69;8.97;0.8;4.523;2.32;58.81
1980-01-24;2.92;5.8;8.69;6.44;3.5;2.4;68.94
1980-01-25;2.12;4.29;6.46;0.0;7.309;4.17;72.55
1980-01-26;2.12;5.52;8.91;0.0;10.098;1.61;37.72
1980-01-27;5.49;10.06;14.63;5.22;1.785;6.36;55.78
1980-01-28;8.98;11.78;14.58;1.3;2.491;6.91;86.65
1980-01-29;9.55;11.82;14.08;14.91;3.194;7.11;91.16
1980-01-30;6.45;10.26;14.06;42.43;1.874;2.84;85.21
1980-01-31;6.62;9.2;11.78;13.95;2.341;1.48;84.11
1980-02-01;7.76;10.46;13.15;0.0;7.312;1.09;52.84
1980-02-02;9.0;11.09;13.18;0.0;4.277;0.41;54.58
1980-02-03;8.47;11.04;13.61;0.0;8.268;1.69;58.18
1980-02-04;8.39;11.7;15.01;1.76;5.772;4.05;72.07
1980-02-05;9.58;12.91;16.25;1.22;4.781;3.57;85.32
1980-02-06;8.51;11.38;14.26;0.0;4.436;1.63;56.6
1980-02-07;7.8;11.08;14.36;0.0;11.327;1.64;52.65
1980-02-08;8.82;11.32;13.83;0.0;7.953;2.52;69.51
1980-02-09;9.45;11.88;14.3;0.0;7.69;2.83;78.58
1980-02-10;7.92;10.96;14.01;1.71;3.49;3.46;74.19
1980-02-11;6.52;9.04;11.56;2.72;7.854;5.01;57.94
1980-02-12;5.77;9.8;13.83;0.0;12.518;2.75;41.67
1980-02-13;6.35;11.32;16.3;0.0;10.303;3.3;49.86
1980-02-14;6.49;9.16;11.83;0.0;10.803;5.01;35.63
1980-02-15;7.2;11.88;16.55;0.0;11.191;2.77;33.72
1980-02-16;10.42;14.08;17.74;0.0;7.72;1.39;54.68
1980-02-17;7.07;11.6;16.12;0.62;7.703;3.23;47.45
1980-02-18;7.46;11.95;16.43;2.09;5.857;3.6;41.14
1980-02-19;4.64;9.4;14.17;1.14;5.691;3.12;61.53
1980-02-20;2.6;5.42;8.23;1.51;2.651;5.16;84.25
1980-02-21;2.06;5.52;8.98;0.0;14.36;3.62;35.04
1980-02-22;5.42;7.3;9.19;1.42;5.981;1.93;51.4
1980-02-23;5.23;8.6;11.96;0.0;14.729;3.67;48.66
1980-02-24;5.34;7.62;9.9;0.37;10.447;5.42;57.05
1980-02-25;4.17;6.75;9.33;0.0;13.472;5.37;56.02
1980-02-26;4.29;7.15;10.01;0.0;14.749;4.2;41.97
1980-02-27;4.31;9.07;13.83;0.0;13.77;5.03;47.77
1980-02-28;7.17;10.77;14.36;0.0;13.046;3.33;54.12
1980-02-29;7.19;11.04;14.88;0.0;15.053;1.25;41.6
1980-03-01;9.48;12.19;14.89;0.0;14.768;2.51;57.08
1980-03-02;9.0;11.66;14.33;0.0;8.011;5.21;47.72
1980-03-03;6.95;10.31;13.68;6.12;4.492;5.08;57.58
1980-03-04;6.85;9.52;12.18;0.75;6.41;1.62;42.06
1980-03-05;7.17;10.77;14.36;0.52;7.15;3.09;42.57
1980-03-06;8.43;11.2;13.96;6.07;5.159;2.79;75.25
1980-03-07;7.58;9.66;11.73;6.44;3.965;5.42;73.88
1980-03-08;7.79;10.29;12.8;0.0;8.077;6.0;70.47
1980-03-09;7.74;10.07;12.41;3.95;3.643;4.33;83.35
1980-03-10;7.74;9.44;11.14;1.08;5.401;3.2;81.5
1980-03-11;6.75;9.83;12.91;2.65;9.701;2.04;56.0
1980-03-12;5.97;8.5;11.04;16.9;4.326;2.7;66.1
1980-03-13;5.37;8.46;11.55;0.0;17.102;3.79;44.38
1980-03-14;5.37;8.16;10.95;0.0;18.402;3.2;36.15
1980-03-15;5.61;8.32;11.03;0.0;14.361;3.0;39.27
1980-03-16;5.41;9.01;12.61;0.0;18.052;2.19;35.54
1980-03-17;6.89;9.34;11.79;2.31;14.577;0.83;49.24
1980-03-18;8.21;9.51;10.8;74.24;0.925;1.32;88.23
1980-03-19;7.26;10.03;12.8;0.54;12.766;3.42;55.09
1980-03-20;6.97;10.95;14.93;0.0;18.906;2.91;39.23
1980-03-21;9.44;12.78;16.12;0.0;18.964;2.3;41.39
1980-03-22;8.12;10.84;13.55;1.28;15.587;3.78;51.84
1980-03-23;6.32;8.45;10.58;0.0;19.907;4.39;34.13
1980-03-24;8.12;12.86;17.59;0.0;19.985;2.64;29.47
1980-03-25;10.49;13.41;16.34;0.0;9.427;3.27;55.75
1980-03-26;10.33;14.11;17.9;0.0;11.597;4.43;63.03
1980-03-27;9.38;12.33;15.28;0.0;13.418;3.47;41.55
1980-03-28;9.23;11.6;13.97;0.0;13.296;3.77;43.41
1980-03-29;8.68;10.93;13.19;1.63;12.264;4.07;45.58
1980-03-30;8.4;10.93;13.45;1.15;13.355;1.8;51.2
1980-03-31;9.03;12.02;15.02;6.59;7.6;4.13;60.29
1980-04-01;9.51;11.55;13.59;3.06;10.27;3.81;57.76
1980-04-02;9.61;11.56;13.51;1.49;9.543;1.02;53.87
1980-04-03;9.59;11.58;13.57;5.74;5.098;2.38;61.68
1980-04-04;8.72;12.45;16.18;0.23;19.327;1.6;45.34
1980-04-05;8.28;12.13;15.98;0.0;19.38;3.71;46.23
1980-04-06;7.65;12.56;17.47;0.0;20.499;2.0;36.81
1980-04-07;9.59;13.54;17.5;0.0;12.124;0.87;47.78
1980-04-08;7.07;12.87;18.66;0.0;19.464;2.99;38.28
1980-04-09;7.6;10.43;13.26;0.0;14.762;1.58;38.72
1980-04-10;9.38;11.52;13.66;6.77;9.577;5.1;66.58
1980-04-11;8.97;12.38;15.79;0.0;13.702;5.82;46.65
1980-04-12;9.03;14.01;18.99;0.0;16.768;4.08;30.42
1980-04-13;10.34;16.61;22.88;0.0;19.9;2.37;31.36
1980-04-14;11.3;16.62;21.93;0.0;21.93;1.81;36.35
1980-04-15;12.33;16.77;21.22;0.0;22.832;2.98;37.16
1980-04-16;12.38;18.25;24.11;0.0;23.621;1.93;28.07
1980-04-17;12.08;16.36;20.63;0.0;22.7;2.96;45.91
1980-04-18;11.31;14.32;17.32;0.0;20.59;4.91;77.96
1980-04-19;9.86;14.11;18.35;1.71;24.742;2.57;32.24
1980-04-20;10.33;15.23;20.14;0.0;24.123;1.99;25.33
1980-04-21;10.59;15.23;19.88;0.0;23.947;1.31;32.21
1980-04-22;13.22;17.91;22.61;0.0;12.555;1.52;40.91
1980-04-23;12.29;15.73;19.18;2.6;16.515;2.19;48.5
1980-04-24;12.51;14.86;17.22;1.09;14.359;3.14;71.02
1980-04-25;12.23;15.01;17.78;1.53;17.593;3.16;70.51
1980-04-26;13.04;17.7;22.36;0.93;22.015;1.11;42.02
1980-04-27;12.96;15.97;18.98;1.55;14.065;3.3;53.34
1980-04-28;11.67;16.17;20.67;0.61;22.143;2.34;31.69
1980-04-29;9.35;13.28;17.21;0.73;20.301;3.92;34.87
1980-04-30;8.6;10.61;12.62;1.52;11.186;4.2;34.82
1980-05-01;9.15;12.34;15.52;1.56;11.529;2.79;39.09
1980-05-02;10.6;16.27;21.95;0.0;23.709;3.29;23.54
1980-05-03;11.25;14.34;17.42;0.75;16.036;1.62;44.71
1980-05-04;12.39;15.96;19.54;0.0;13.978;1.85;37.19
1980-05-05;11.89;16.22;20.55;0.0;24.215;1.47;32.27
1980-05-06;12.16;16.7;21.23;0.0;18.036;2.26;31.26
1980-05-07;12.45;17.7;22.96;0.0;24.059;3.36;25.4
1980-05-08;11.58;17.7;23.81;0.0;20.025;3.02;26.75
1980-05-09;12.66;18.01;23.35;0.0;25.631;1.6;36.22
1980-05-10;13.65;16.96;20.28;0.0;15.676;0.88;54.22
1980-05-11;13.37;15.95;18.53;5.4;7.489;2.34;66.55
1980-05-12;12.18;16.19;20.19;0.0;13.499;4.42;41.17
1980-05-13;11.63;16.81;21.99;0.0;23.198;3.27;29.31
1980-05-14;11.51;16.14;20.78;0.0;26.044;1.9;28.43
1980-05-15;13.45;16.04;18.63;0.0;13.555;0.93;33.27
1980-05-16;13.53;18.79;24.05;0.0;25.556;1.23;26.23
1980-05-17;15.29;19.91;24.53;0.0;22.918;1.61;38.71
1980-05-18;14.23;18.9;23.57;0.0;23.266;3.59;29.97
1980-05-19;14.65;18.29;21.93;1.15;14.812;3.4;36.64
1980-05-20;13.93;20.12;26.31;0.0;21.552;2.0;28.53
1980-05-21;13.92;20.11;26.3;0.0;26.893;2.58;24.0
1980-05-22;13.53;19.5;25.47;0.0;27.848;1.9;20.54
1980-05-23;13.19;18.61;24.03;0.0;26.366;1.89;21.4
1980-05-24;13.58;18.63;23.68;0.0;27.723;1.4;25.87
1980-05-25;15.72;19.59;23.46;0.0;15.178;1.21;27.22
1980-05-26;16.46;20.08;23.69;0.0;18.161;1.84;46.96
1980-05-27;17.3;23.14;28.98;0.0;23.003;1.4;26.41
1980-05-28;16.39;22.64;28.89;0.0;24.764;1.89;21.97
1980-05-29;16.54;21.58;26.62;0.0;27.094;1.3;28.19
1980-05-30;16.54;21.8;27.07;0.0;29.584;2.95;21.23
1980-05-31;15.69;21.62;27.55;0.0;29.925;3.6;14.02
1980-06-01;15.57;21.52;27.48;0.0;27.451;2.78;19.02
1980-06-02;17.54;21.63;25.71;0.0;13.653;1.8;30.15
1980-06-03;15.9;21.25;26.61;0.0;17.115;1.74;33.04
1980-06-04;16.69;21.01;25.32;0.72;17.071;2.08;35.0
1980-06-05;15.83;21.02;26.22;0.0;23.86;3.91;24.3
1980-06-06;15.56;20.74;25.92;0.0;24.996;4.7;24.35
1980-06-07;15.41;20.5;25.59;0.0;27.982;4.69;23.98
1980-06-08;14.91;20.48;26.05;0.99;24.129;2.9;21.04
1980-06-09;16.37;19.17;21.97;0.0;20.877;1.2;32.87
1980-06-10;16.5;21.04;25.57;0.0;21.081;1.24;27.98
1980-06-11;16.2;21.57;26.94;0.0;21.578;2.01;30.41
1980-06-12;17.75;22.32;26.89;0.0;16.333;0.4;30.41
1980-06-13;16.83;22.33;27.83;0.0;30.431;1.79;22.87
1980-06-14;17.55;22.38;27.2;0.0;24.417;1.09;33.5
1980-06-15;15.56;18.14;20.72;0.0;13.407;3.76;38.73
1980-06-16;14.71;19.96;25.21;0.0;31.608;2.68;22.35
1980-06-17;18.06;21.89;25.72;1.24;29.816;1.5;26.48
1980-06-18;18.33;21.96;25.59;0.0;17.609;2.78;33.73
1980-06-19;19.0;26.09;33.18;0.0;21.339;3.91;19.98
1980-06-20;20.33;27.15;33.97;0.0;22.368;3.36;18.55
1980-06-21;20.27;25.26;30.25;0.0;31.122;1.5;20.63
1980-06-22;20.98;26.9;32.81;0.0;26.027;1.58;20.25
1980-06-23;24.23;31.91;39.58;0.0;27.703;1.63;8.91
1980-06-24;21.34;27.27;33.2;0.0;26.578;1.49;17.34
1980-06-25;22.14;27.63;33.12;0.0;25.432;1.33;18.74
1980-06-26;20.36;26.98;33.59;0.0;23.315;1.41;17.91
1980-06-27;19.33;24.43;29.54;0.0;23.206;2.41;22.1
1980-06-28;18.47;24.34;30.2;0.0;29.233;3.4;16.82
1980-06-29;18.78;24.47;30.16;0.0;25.111;2.4;16.94
1980-06-30;21.21;26.02;30.83;0.0;24.164;1.81;22.17
1980-07-01;21.16;26.49;31.83;0.0;29.242;0.93;18.89
1980-07-02;22.17;27.68;33.19;0.0;28.827;1.24;14.74
1980-07-03;23.07;28.28;33.49;0.0;27.454;2.0;16.72
1980-07-04;22.89;28.61;34.33;0.0;21.152;1.93;16.64
1980-07-05;20.99;26.99;33.0;0.0;19.203;2.1;17.4
1980-07-06;19.53;25.44;31.34;0.0;30.046;2.13;19.84
1980-07-07;20.64;27.71;34.79;0.0;30.097;1.32;14.21
1980-07-08;23.49;29.79;36.09;0.0;26.464;0.91;13.3
1980-07-09;19.87;26.16;32.45;0.0;27.032;3.63;19.94
1980-07-10;19.22;24.88;30.53;0.0;29.552;2.72;19.42
1980-07-11;21.98;28.02;34.07;0.55;26.761;1.94;19.76
1980-07-12;24.09;30.23;36.37;0.0;24.049;2.13;13.39
1980-07-13;21.39;28.55;35.71;0.0;19.081;2.62;15.37
1980-07-14;20.87;26.41;31.94;0.0;23.75;1.44;21.51
1980-07-15;22.68;29.07;35.47;0.0;23.874;2.51;19.73
1980-07-16;23.26;29.16;35.06;0.0;25.212;2.07;19.08
1980-07-17;23.09;30.23;37.36;0.0;27.673;2.23;14.37
1980-07-18;22.29;28.23;34.18;1.75;27.299;3.92;21.29
1980-07-19;21.81;27.81;33.82;0.0;27.403;2.61;16.25
1980-07-20;21.94;29.44;36.94;0.0;27.138;3.14;12.72
1980-07-21;19.81;25.45;31.1;0.0;27.657;4.34;19.0
1980-07-22;19.12;24.88;30.64;0.0;27.461;4.25;15.46
1980-07-23;20.48;26.58;32.68;0.0;27.603;2.43;14.94
1980-07-24;22.58;29.73;36.89;0.0;26.498;2.61;12.69
1980-07-25;21.0;26.96;32.92;0.0;27.206;2.69;17.13
1980-07-26;21.39;28.28;35.17;0.0;26.459;1.06;14.3
1980-07-27;23.05;29.21;35.37;0.0;21.5;1.54;18.53
1980-07-28;24.36;31.74;39.12;0.0;25.593;2.01;11.53
1980-07-29;23.27;29.7;36.12;0.0;27.761;2.13;9.6
1980-07-30;22.74;29.13;35.52;0.0;24.393;2.82;10.08
1980-07-31;20.9;27.45;33.99;3.17;24.378;2.96;14.96
1980-08-01;19.9;25.14;30.39;0.0;25.949;3.9;19.99
1980-08-02;21.19;25.7;30.2;0.0;25.995;1.96;17.95
1980-08-03;22.56;27.48;32.41;1.37;25.586;0.94;30.64
1980-08-04;21.96;26.32;30.68;0.0;21.617;1.09;46.98
1980-08-05;21.54;25.07;28.6;0.0;22.08;1.62;83.25
1980-08-06;22.58;27.3;32.03;0.0;23.653;2.2;46.17
1980-08-07;23.88;32.48;41.09;0.0;24.583;2.11;11.09
1980-08-08;24.71;31.0;37.28;0.0;24.988;2.1;11.72
1980-08-09;23.27;30.77;38.26;0.0;25.658;2.91;7.91
1980-08-10;21.28;26.99;32.7;0.0;25.005;3.76;19.68
1980-08-11;21.25;26.98;32.72;0.0;20.708;3.21;19.32
1980-08-12;21.92;26.54;31.16;0.0;21.902;2.0;28.7
1980-08-13;22.71;28.86;35.0;0.0;24.758;1.4;13.92
1980-08-14;22.21;29.03;35.84;0.0;24.077;2.72;12.7
1980-08-15;21.25;27.82;34.4;0.0;24.006;3.28;15.99
1980-08-16;19.4;24.57;29.74;0.0;23.768;3.26;16.58
1980-08-17;21.29;25.27;29.24;0.0;12.312;2.41;21.7
1980-08-18;21.0;26.12;31.23;0.0;21.679;2.01;26.09
1980-08-19;21.74;27.53;33.33;4.05;14.944;1.8;25.43
1980-08-20;21.15;27.36;33.56;0.0;23.451;1.61;21.49
1980-08-21;21.33;26.59;31.84;0.0;23.255;1.82;23.31
1980-08-22;21.97;26.95;31.94;0.0;23.293;1.52;22.76
1980-08-23;23.83;28.95;34.06;0.0;23.224;1.03;26.68
1980-08-24;24.2;30.35;36.51;0.05;22.899;0.7;13.1
1980-08-25;21.54;27.5;33.47;0.0;18.635;2.84;25.44
1980-08-26;20.33;26.18;32.04;0.0;22.23;3.52;24.46
1980-08-27;22.04;27.1;32.16;0.0;21.733;1.61;25.44
1980-08-28;24.05;29.88;35.7;0.0;22.325;0.48;15.54
1980-08-29;23.17;29.19;35.21;0.0;22.185;1.1;14.76
1980-08-30;22.64;28.93;35.23;0.0;21.379;2.0;16.87
1980-08-31;21.46;27.66;33.86;0.0;21.561;1.7;21.88
1980-09-01;24.31;30.04;35.77;0.0;21.664;1.5;17.62
1980-09-02;21.46;29.82;38.19;0.0;19.754;2.07;13.89
1980-09-03;19.02;25.02;31.02;0.0;21.85;2.77;6.56
1980-09-04;17.85;22.89;27.93;0.0;21.046;3.16;17.68
1980-09-05;19.35;24.02;28.69;0.0;21.038;2.15;13.77
1980-09-06;17.76;20.28;22.8;0.0;20.913;5.44;33.44
1980-09-07;17.43;21.45;25.46;0.0;21.041;3.61;15.41
1980-09-08;18.69;24.78;30.87;0.0;20.145;2.4;14.79
1980-09-09;22.31;26.98;31.64;0.0;20.239;0.74;20.05
1980-09-10;21.47;27.43;33.39;0.0;21.117;1.1;12.22
1980-09-11;21.38;27.8;34.21;0.0;20.946;1.41;9.65
1980-09-12;19.8;25.02;30.23;0.77;17.944;1.51;22.73
1980-09-13;17.64;22.59;27.53;0.0;14.356;3.46;31.71
1980-09-14;17.47;22.09;26.71;0.0;19.332;2.73;20.53
1980-09-15;19.24;23.52;27.81;0.0;18.152;1.19;32.52
1980-09-16;20.58;25.2;29.81;0.0;18.825;1.12;25.87
1980-09-17;20.35;24.68;29.01;0.0;17.183;2.08;40.43
1980-09-18;19.26;23.66;28.07;0.0;18.151;3.92;40.94
1980-09-19;19.31;22.77;26.23;4.14;11.972;4.11;59.67
1980-09-20;18.8;23.02;27.23;0.0;13.575;1.2;30.6
1980-09-21;18.96;22.66;26.35;0.0;17.405;1.4;50.26
1980-09-22;18.96;22.63;26.3;0.0;16.576;3.03;65.75
1980-09-23;19.47;23.37;27.26;0.0;16.811;1.95;49.47
1980-09-24;19.51;23.22;26.93;0.0;16.502;1.8;57.38
1980-09-25;19.51;23.57;27.63;0.0;16.31;0.99;42.96
1980-09-26;18.64;23.71;28.78;0.0;15.45;3.02;36.93
1980-09-27;18.51;23.66;28.82;0.0;16.234;1.72;33.73
1980-09-28;19.62;24.26;28.89;0.0;16.0;0.52;34.8
1980-09-29;20.23;24.54;28.85;0.0;11.105;1.08;41.03
1980-09-30;19.43;24.21;29.0;0.0;8.486;2.12;39.96
1980-10-01;18.33;23.48;28.63;3.11;12.365;2.2;41.16
1980-10-02;16.88;21.7;26.52;0.0;14.228;2.56;33.44
1980-10-03;16.73;20.19;23.65;0.0;15.847;4.15;35.58
1980-10-04;16.01;19.32;22.62;0.0;15.843;3.72;31.87
1980-10-05;15.98;20.33;24.67;0.0;15.622;2.24;30.0
1980-10-06;17.51;21.55;25.6;0.0;15.473;0.62;31.34
1980-10-07;14.44;18.17;21.9;0.0;10.803;3.5;46.46
1980-10-08;14.29;17.84;21.39;0.0;15.413;2.81;22.97
1980-10-09;14.26;17.56;20.86;7.19;5.013;4.5;41.43
1980-10-10;11.12;14.86;18.61;0.0;14.924;4.04;30.59
1980-10-11;10.57;14.25;17.92;0.0;14.939;4.26;30.22
1980-10-12;12.33;15.62;18.91;0.0;13.817;5.03;33.57
1980-10-13;11.86;14.19;16.51;0.0;5.937;5.36;42.67
1980-10-14;10.94;15.31;19.68;5.43;13.879;2.82;27.13
1980-10-15;12.08;14.67;17.26;0.0;10.107;4.43;42.17
1980-10-16;12.63;17.27;21.9;0.0;13.493;1.85;18.37
1980-10-17;15.8;19.94;24.08;0.0;13.439;0.99;28.04
1980-10-18;14.09;17.38;20.67;0.0;10.72;3.38;47.8
1980-10-19;13.91;17.2;20.49;0.0;13.027;1.65;30.01
1980-10-20;16.49;19.14;21.79;0.0;12.296;2.09;46.23
1980-10-21;16.46;20.38;24.31;0.0;12.193;2.2;53.46
1980-10-22;17.22;21.02;24.82;0.0;12.3;1.79;45.75
1980-10-23;16.33;20.25;24.17;0.0;8.1;1.18;44.13
1980-10-24;16.84;21.22;25.6;0.0;9.493;2.08;40.3
1980-10-25;16.84;20.21;23.58;0.0;11.245;3.55;42.35
1980-10-26;16.96;21.88;26.8;0.0;9.064;2.04;41.86
1980-10-27;17.77;21.55;25.34;0.0;8.57;2.02;61.17
1980-10-28;15.99;21.18;26.37;2.63;7.47;2.07;40.25
1980-10-29;14.03;17.0;19.97;0.0;11.178;4.45;41.01
1980-10-30;15.88;19.14;22.41;0.0;5.956;2.89;44.03
1980-10-31;17.03;19.72;22.41;0.0;6.186;2.49;60.1
1980-11-01;16.81;20.12;23.42;0.56;7.061;3.31;73.53
1980-11-02;14.7;18.52;22.35;1.12;9.012;2.6;40.47
1980-11-03;14.08;17.58;21.08;0.0;10.729;1.59;58.97
1980-11-04;15.25;18.66;22.08;0.0;10.733;0.9;64.66
1980-11-05;16.04;19.03;22.02;0.0;9.857;2.25;62.97
1980-11-06;14.65;17.98;21.32;2.34;3.46;3.47;72.61
1980-11-07;13.82;17.44;21.05;9.0;2.326;4.88;73.22
1980-11-08;14.29;17.77;21.24;0.0;3.117;5.05;63.09
1980-11-09;15.45;18.79;22.13;1.6;3.392;4.52;75.84
1980-11-10;14.67;18.25;21.82;1.95;8.045;2.61;70.32
1980-11-11;13.16;17.38;21.61;0.73;4.615;3.03;59.99
1980-11-12;12.6;17.09;21.59;0.0;9.821;2.21;34.04
1980-11-13;14.22;17.11;20.0;0.0;8.945;2.53;57.94
1980-11-14;14.94;17.89;20.85;0.0;6.606;5.19;74.23
1980-11-15;14.65;18.16;21.67;11.49;2.598;4.44;77.85
1980-11-16;13.39;16.8;20.2;26.74;4.708;2.42;70.75
1980-11-17;13.54;16.87;20.2;26.77;1.854;3.37;82.51
1980-11-18;14.13;17.29;20.44;0.0;7.292;0.36;79.71
1980-11-19;14.12;17.32;20.53;0.0;8.707;0.41;71.73
1980-11-20;13.9;17.27;20.63;0.0;7.766;2.42;62.11
1980-11-21;10.44;14.44;18.44;3.41;3.853;4.89;54.07
1980-11-22;10.49;12.85;15.21;3.41;2.898;2.87;63.81
1980-11-23;11.95;14.72;17.5;4.03;5.382;3.25;56.36
1980-11-24;11.32;14.5;17.67;0.0;3.986;4.25;54.14
1980-11-25;11.1;13.43;15.77;7.26;5.225;2.83;48.17
1980-11-26;11.22;13.34;15.45;26.58;2.915;6.36;73.91
1980-11-27;10.74;12.79;14.83;3.06;4.56;5.32;68.34
1980-11-28;9.21;11.66;14.1;6.62;4.894;4.01;67.61
1980-11-29;9.04;11.98;14.92;0.0;8.106;3.2;50.68
1980-11-30;11.61;14.33;17.06;0.0;6.603;3.47;55.66
1980-12-01;12.88;15.62;18.35;0.0;6.873;4.88;73.82
1980-12-02;13.05;14.96;16.86;0.0;5.399;5.68;87.52
1980-12-03;11.55;14.54;17.52;12.04;2.31;6.48;82.05
1980-12-04;10.77;12.8;14.84;2.81;3.007;3.85;72.56
1980-12-05;11.0;13.78;16.56;0.0;6.219;2.21;57.69
1980-12-06;11.62;13.96;16.31;0.0;5.547;2.37;77.01
1980-12-07;11.54;14.43;17.33;0.0;4.178;2.89;61.14
1980-12-08;11.36;14.04;16.73;0.0;5.437;2.68;67.09
1980-12-09;9.9;12.46;15.01;1.86;5.908;4.07;67.66
1980-12-10;9.82;12.79;15.76;0.0;7.078;1.66;61.4
1980-12-11;11.31;14.43;17.55;0.0;4.053;2.09;63.61
1980-12-12;9.7;13.08;16.47;9.72;2.712;3.22;67.68
1980-12-13;9.34;11.57;13.8;3.72;4.236;4.71;62.86
1980-12-14;8.14;10.41;12.69;2.76;4.403;4.19;69.13
1980-12-15;7.82;10.33;12.84;1.99;5.13;3.7;61.63
1980-12-16;9.33;11.43;13.52;11.38;4.288;5.01;75.13
1980-12-17;8.53;10.71;12.88;2.62;2.516;3.38;79.51
1980-12-18;8.39;11.23;14.06;0.0;6.403;2.55;55.99
1980-12-19;8.51;11.28;14.05;0.0;6.644;5.49;61.78
1980-12-20;6.59;9.21;11.83;0.0;5.399;4.26;60.85
1980-12-21;6.96;9.55;12.14;0.0;4.337;3.89;66.65
1980-12-22;5.66;8.31;10.96;1.43;6.846;5.04;63.08
1980-12-23;4.81;7.37;9.92;0.0;7.199;5.65;64.99
1980-12-24;4.79;8.23;11.67;0.0;7.374;3.49;60.78
1980-12-25;7.78;10.52;13.25;0.0;3.632;1.95;59.29
1980-12-26;9.1;11.55;14.01;0.0;3.95;2.44;81.36
1980-12-27;9.16;12.13;15.1;0.0;5.452;3.85;72.56
1980-12-28;9.51;12.96;16.42;0.0;5.403;3.08;66.32
1980-12-29;5.88;9.44;12.99;0.0;7.383;6.15;42.39
1980-12-30;4.38;6.79;9.2;0.0;3.125;6.29;55.33
1980-12-31;4.45;6.74;9.03;2.75;3.177;4.71;60.91
1981-01-01;4.21;6.54;8.86;1.96;2.997;5.02;80.32
1981-01-02;2.07;5.18;8.29;0.0;3.901;6.22;66.47
1981-01-03;2.31;5.46;8.61;0.0;5.575;5.82;66.95
1981-01-04;4.12;6.99;9.86;0.0;6.934;3.33;52.96
1981-01-05;4.75;7.5;10.26;0.0;8.538;2.69;52.02
1981-01-06;5.47;9.35;13.23;0.0;7.739;4.01;43.36
1981-01-07;4.73;7.91;11.09;0.0;8.783;5.24;36.57
1981-01-08;6.52;9.92;13.32;0.0;8.398;4.5;40.13
1981-01-09;7.09;9.96;12.84;0.0;8.395;2.33;68.05
1981-01-10;8.57;10.52;12.47;0.0;4.088;1.21;58.77
1981-01-11;9.07;11.74;14.41;0.0;2.925;4.02;48.72
1981-01-12;9.42;11.73;14.04;0.45;5.81;3.6;65.88
1981-01-13;9.16;11.74;14.32;0.52;8.21;2.58;50.89
1981-01-14;7.95;10.31;12.67;14.19;2.081;5.07;83.91
1981-01-15;7.58;10.62;13.66;0.0;6.243;2.1;61.6
1981-01-16;8.09;10.86;13.62;0.0;8.858;1.15;64.13
1981-01-17;8.02;10.97;13.93;0.0;8.969;1.68;55.48
1981-01-18;9.2;11.96;14.72;0.0;9.06;0.5;60.61
1981-01-19;9.61;12.18;14.76;0.0;9.025;0.17;67.74
1981-01-20;8.08;10.84;13.61;0.0;9.297;1.17;69.26
1981-01-21;7.76;10.37;12.98;0.0;9.144;2.3;74.41
1981-01-22;8.06;10.44;12.81;0.0;9.459;0.77;68.89
1981-01-23;7.15;9.95;12.74;0.0;9.418;1.55;66.39
1981-01-24;6.94;10.14;13.35;0.0;9.635;1.68;52.82
1981-01-25;6.88;10.3;13.72;0.0;8.434;1.99;52.03
1981-01-26;8.4;11.43;14.45;0.0;9.72;1.47;67.56
1981-01-27;9.0;13.29;17.57;0.0;9.888;3.36;50.73
1981-01-28;8.33;11.48;14.63;0.0;9.73;2.23;64.87
1981-01-29;8.12;10.48;12.85;0.0;9.453;0.92;45.77
1981-01-30;5.3;8.81;12.33;12.71;3.616;4.17;61.32
1981-01-31;5.4;7.96;10.51;0.0;10.684;4.88;61.28
1981-02-01;4.54;7.22;9.9;0.0;7.395;6.21;48.05
1981-02-02;4.29;7.55;10.82;0.0;10.123;2.52;44.09
1981-02-03;6.57;11.4;16.24;0.0;5.044;3.96;50.11
1981-02-04;5.89;9.5;13.11;0.0;11.038;4.2;31.85
1981-02-05;6.37;9.74;13.11;0.0;10.728;2.17;32.6
1981-02-06;7.02;11.77;16.51;0.0;10.709;2.44;39.44
1981-02-07;8.11;12.59;17.08;0.0;11.14;1.83;52.86
1981-02-08;8.5;13.3;18.11;0.0;11.413;1.77;41.72
1981-02-09;9.93;14.97;20.02;0.0;12.01;2.35;25.23
1981-02-10;8.82;13.66;18.5;0.0;11.743;1.86;33.67
1981-02-11;7.85;11.63;15.42;0.65;11.121;2.53;42.59
1981-02-12;7.32;10.61;13.9;2.16;11.22;2.75;46.58
1981-02-13;8.21;11.96;15.72;0.0;12.339;1.13;37.74
1981-02-14;8.49;12.66;16.83;0.0;12.017;2.06;39.16
1981-02-15;8.59;12.25;15.9;0.0;8.964;2.92;44.28
1981-02-16;7.37;10.25;13.13;3.14;4.895;3.64;60.36
1981-02-17;6.1;9.21;12.31;1.92;6.615;4.91;49.67
1981-02-18;5.26;7.89;10.53;1.27;6.776;5.27;54.29
1981-02-19;1.13;5.32;9.52;0.39;8.29;4.88;45.23
1981-02-20;0.72;3.09;5.47;0.0;12.465;6.28;54.27
1981-02-21;1.67;5.5;9.34;0.0;13.63;3.14;33.13
1981-02-22;5.33;8.82;12.31;1.15;10.287;2.2;39.96
1981-02-23;4.0;6.89;9.79;1.28;7.785;3.81;70.65
1981-02-24;2.18;4.98;7.78;0.0;7.522;4.73;55.55
1981-02-25;1.19;4.21;7.22;0.0;13.48;5.11;42.62
1981-02-26;2.75;5.64;8.53;0.0;14.261;5.58;41.93
1981-02-27;4.24;7.58;10.92;0.0;13.432;4.91;48.47
1981-02-28;6.35;10.98;15.61;0.0;14.149;4.73;39.48
1981-03-01;6.47;10.14;13.82;0.0;14.643;3.26;44.52
1981-03-02;8.0;11.18;14.36;0.0;14.926;1.22;49.01
1981-03-03;9.8;12.88;15.96;0.0;14.745;0.25;58.11
1981-03-04;8.38;12.88;17.37;0.0;14.852;1.42;46.95
1981-03-05;8.34;12.79;17.23;0.0;15.344;2.71;39.48
1981-03-06;9.59;14.9;20.22;0.0;15.023;1.61;29.46
1981-03-07;7.99;12.3;16.6;0.0;15.691;4.31;32.68
1981-03-08;7.08;10.09;13.09;0.0;15.899;2.39;31.46
1981-03-09;7.91;10.56;13.21;0.0;15.924;2.36;39.1
1981-03-10;8.93;12.68;16.42;0.0;15.652;2.99;32.19
1981-03-11;7.91;11.78;15.64;0.0;10.01;3.14;46.42
1981-03-12;7.75;12.47;17.2;0.0;16.44;2.85;35.69
1981-03-13;6.81;11.33;15.85;0.0;6.867;3.79;35.62
1981-03-14;6.34;10.4;14.46;0.0;17.817;2.39;18.82
1981-03-15;5.56;10.47;15.39;0.88;10.206;4.75;34.63
1981-03-16;3.4;5.67;7.93;0.0;18.594;6.07;34.37
1981-03-17;3.12;5.86;8.6;0.0;14.886;2.6;25.28
1981-03-18;4.2;5.95;7.7;0.0;17.836;5.11;27.1
1981-03-19;2.52;4.32;6.12;17.97;3.269;5.01;55.73
1981-03-20;2.7;5.17;7.64;3.51;7.735;5.48;49.76
1981-03-21;3.24;6.04;8.84;0.0;17.55;3.34;35.08
1981-03-22;4.24;7.21;10.18;0.0;11.044;3.66;39.23
1981-03-23;5.53;9.84;14.15;0.0;14.494;4.44;37.05
1981-03-24;3.93;6.46;8.98;0.0;18.978;5.04;33.5
1981-03-25;4.01;9.72;15.43;0.0;19.601;3.77;31.32
1981-03-26;8.02;12.56;17.1;0.0;19.691;2.29;36.82
1981-03-27;10.79;14.4;18.02;0.0;19.798;1.28;44.83
1981-03-28;10.52;14.21;17.91;0.0;19.956;1.39;43.07
1981-03-29;11.23;14.6;17.97;0.0;19.937;0.3;52.26
1981-03-30;10.0;14.94;19.88;0.0;18.938;1.54;40.27
1981-03-31;10.42;15.36;20.3;0.0;19.084;0.71;37.37
1981-04-01;10.8;15.91;21.02;0.0;19.304;0.86;32.76
1981-04-02;11.5;16.98;22.45;0.0;20.523;1.53;19.16
1981-04-03;11.53;15.14;18.75;0.0;15.019;0.88;39.58
1981-04-04;11.24;14.16;17.08;2.39;9.272;1.9;75.56
1981-04-05;10.34;13.38;16.41;1.64;17.128;2.15;45.75
1981-04-06;10.91;14.69;18.46;0.0;18.108;0.46;34.29
1981-04-07;10.04;15.11;20.18;0.0;21.477;2.38;32.4
1981-04-08;9.99;15.25;20.51;0.0;22.109;3.67;32.35
1981-04-09;10.03;14.3;18.58;0.0;22.029;2.78;35.72
1981-04-10;9.94;15.16;20.39;0.0;22.174;3.06;24.55
1981-04-11;9.93;15.13;20.32;0.0;22.166;1.87;30.26
1981-04-12;12.12;15.63;19.15;0.0;21.737;1.42;50.03
1981-04-13;12.09;17.32;22.56;0.35;14.04;3.59;41.83
1981-04-14;11.32;16.52;21.71;3.14;8.194;3.94;51.11
1981-04-15;10.49;14.86;19.23;0.0;20.983;4.56;32.51
1981-04-16;10.24;16.27;22.31;0.0;23.337;2.67;25.87
1981-04-17;12.96;18.09;23.23;0.0;23.614;1.55;30.76
1981-04-18;11.69;17.19;22.69;0.0;17.281;2.07;39.4
1981-04-19;9.87;14.91;19.95;0.0;12.312;3.56;34.06
1981-04-20;9.84;12.87;15.9;1.21;8.326;3.76;33.24
1981-04-21;9.36;11.43;13.51;1.32;10.646;1.59;42.08
1981-04-22;8.29;11.27;14.25;2.09;12.309;1.31;27.53
1981-04-23;8.88;11.3;13.72;0.0;16.248;1.48;30.54
1981-04-24;9.45;12.27;15.09;0.0;23.357;3.3;23.83
1981-04-25;9.52;12.62;15.71;1.35;14.653;1.99;33.63
1981-04-26;6.97;12.87;18.77;0.0;25.725;4.02;12.58
1981-04-27;10.12;15.41;20.69;0.0;22.53;3.0;30.12
1981-04-28;12.75;17.31;21.87;0.0;25.064;1.37;31.33
1981-04-29;13.09;18.82;24.55;0.0;24.855;1.5;31.03
1981-04-30;11.95;17.59;23.23;0.0;25.725;3.06;27.52
1981-05-01;11.42;17.0;22.58;0.0;24.589;1.89;27.26
1981-05-02;12.78;17.1;21.42;0.0;16.929;1.42;29.31
1981-05-03;13.1;17.89;22.67;2.26;18.731;1.22;30.5
1981-05-04;13.08;17.95;22.81;5.07;18.033;1.51;38.03
1981-05-05;9.34;14.48;19.62;1.23;11.299;3.21;35.96
1981-05-06;8.68;12.9;17.13;0.0;27.186;5.22;15.53
1981-05-07;11.11;16.07;21.04;0.0;25.944;2.16;19.29
1981-05-08;14.79;18.13;21.47;0.0;16.404;2.77;33.92
1981-05-09;13.26;17.46;21.67;3.8;12.285;3.58;56.07
1981-05-10;13.27;18.41;23.56;0.0;22.266;3.03;26.35
1981-05-11;13.44;17.03;20.62;0.0;22.661;3.36;27.95
1981-05-12;12.79;16.22;19.65;0.0;16.57;2.88;40.03
1981-05-13;12.5;16.04;19.58;0.0;23.078;2.1;31.25
1981-05-14;13.05;18.5;23.94;0.0;21.528;2.0;29.24
1981-05-15;14.08;20.36;26.63;0.0;24.514;1.52;23.21
1981-05-16;16.47;20.89;25.32;0.0;13.629;1.73;37.36
1981-05-17;14.08;18.64;23.19;1.47;12.646;2.19;47.33
1981-05-18;13.34;18.75;24.16;0.0;26.604;2.3;21.81
1981-05-19;13.52;16.59;19.67;0.0;16.545;2.57;35.52
1981-05-20;14.16;16.91;19.66;1.1;20.035;2.48;44.52
1981-05-21;14.95;18.82;22.69;1.19;15.536;2.0;36.2
1981-05-22;14.61;18.16;21.71;0.0;26.655;1.73;36.25
1981-05-23;14.69;17.97;21.25;3.79;13.529;1.99;44.09
1981-05-24;14.88;20.59;26.31;1.2;19.994;3.77;31.6
1981-05-25;15.99;20.72;25.45;4.39;13.923;1.8;41.93
1981-05-26;15.71;20.57;25.43;0.0;23.579;1.1;31.4
1981-05-27;16.76;21.02;25.28;0.0;24.688;0.6;41.01
1981-05-28;16.55;21.02;25.48;0.0;24.995;1.05;37.24
1981-05-29;17.36;21.23;25.11;3.75;23.936;1.99;39.11
1981-05-30;15.97;20.28;24.59;0.0;23.418;3.5;27.17
1981-05-31;15.65;19.42;23.19;0.0;15.225;2.99;27.95
1981-06-01;15.55;19.58;23.61;0.0;19.839;1.0;30.75
1981-06-02;15.68;21.24;26.81;0.0;28.49;3.06;22.26
1981-06-03;16.0;21.56;27.12;0.0;29.203;3.35;23.35
1981-06-04;15.76;20.86;25.97;0.0;22.966;1.79;25.61
1981-06-05;15.8;21.4;27.0;0.0;28.282;3.95;23.45
1981-06-06;16.08;21.62;27.16;0.0;27.727;3.82;25.18
1981-06-07;16.55;22.13;27.7;0.0;17.284;2.7;28.12
1981-06-08;17.81;21.91;26.0;0.0;12.231;1.27;35.25
1981-06-09;17.37;21.86;26.35;0.89;24.599;1.01;42.36
1981-06-10;17.81;22.55;27.3;0.0;21.726;1.0;36.44
1981-06-11;18.35;22.68;27.01;0.0;24.742;1.4;41.2
1981-06-12;19.21;23.36;27.5;0.0;25.034;1.11;37.58
1981-06-13;18.76;24.14;29.52;0.0;29.414;0.82;25.7
1981-06-14;19.97;25.0;30.03;0.0;26.539;0.4;26.43
1981-06-15;20.69;25.75;30.81;1.01;27.776;0.57;24.71
1981-06-16;20.77;26.3;31.84;0.0;28.956;0.82;21.74
1981-06-17;21.15;27.03;32.91;0.0;24.097;0.91;21.75
1981-06-18;20.14;25.0;29.85;4.07;10.571;2.29;35.74
1981-06-19;19.52;25.3;31.09;0.0;27.384;2.17;24.3
1981-06-20;18.73;25.16;31.59;0.0;25.213;2.9;23.11
1981-06-21;17.7;22.8;27.89;0.0;16.032;1.2;24.85
1981-06-22;18.55;24.33;30.11;0.63;30.112;1.99;18.56
1981-06-23;18.76;24.22;29.67;0.0;21.884;1.84;24.09
1981-06-24;17.72;24.46;31.2;0.0;24.232;2.75;16.34
1981-06-25;16.2;22.71;29.22;2.54;23.491;3.1;14.9
1981-06-26;17.19;22.38;27.58;0.0;23.337;4.14;19.0
1981-06-27;17.84;23.77;29.7;0.0;23.598;1.91;18.75
1981-06-28;19.34;23.58;27.82;0.0;28.21;1.52;26.79
1981-06-29;19.34;25.33;31.32;7.35;17.563;1.42;30.16
1981-06-30;19.47;24.56;29.65;0.0;19.306;3.62;42.24
1981-07-01;20.19;26.51;32.83;0.0;29.703;1.1;21.12
1981-07-02;19.5;25.21;30.93;0.0;28.616;1.51;21.4
1981-07-03;19.49;25.96;32.43;0.0;28.813;3.37;16.8
1981-07-04;20.28;26.36;32.43;0.0;29.32;1.6;15.22
1981-07-05;22.5;28.7;34.91;0.0;27.897;0.61;16.78
1981-07-06;21.61;26.52;31.42;0.0;20.777;2.38;28.87
1981-07-07;22.26;28.34;34.41;0.0;21.201;1.42;22.44
1981-07-08;22.65;28.22;33.79;0.0;21.708;0.94;24.77
1981-07-09;21.65;25.73;29.8;0.0;21.667;1.23;44.71
1981-07-10;21.38;28.3;35.23;0.0;28.39;2.06;17.78
1981-07-11;20.78;27.87;34.95;0.0;26.014;1.86;13.31
1981-07-12;20.58;25.68;30.79;0.0;28.306;2.23;33.29
1981-07-13;23.71;30.2;36.69;0.0;25.542;1.41;16.9
1981-07-14;21.02;26.1;31.18;0.0;29.763;2.76;16.3
1981-07-15;19.87;25.44;31.0;0.0;28.602;2.72;14.91
1981-07-16;21.24;26.6;31.97;0.0;27.876;1.61;14.69
1981-07-17;22.09;26.42;30.75;0.0;27.088;1.44;26.84
1981-07-18;22.01;28.57;35.13;0.0;27.354;2.75;12.74
1981-07-19;18.91;26.4;33.88;0.0;27.968;3.93;12.73
1981-07-20;17.7;20.95;24.21;0.0;28.803;4.53;18.96
1981-07-21;17.2;21.89;26.59;0.0;28.507;4.16;17.24
1981-07-22;20.01;24.02;28.03;0.0;27.794;2.21;20.59
1981-07-23;22.04;27.05;32.07;0.0;26.941;2.29;18.23
1981-07-24;19.8;24.38;28.96;1.61;10.703;1.99;35.83
1981-07-25;17.85;21.69;25.52;23.37;10.375;0.71;61.44
1981-07-26;17.62;20.0;22.37;13.08;5.475;1.51;58.14
1981-07-27;18.2;23.94;29.67;0.0;25.027;3.53;19.02
1981-07-28;20.01;24.91;29.82;0.0;26.199;2.08;21.75
1981-07-29;18.09;22.72;27.35;0.0;17.969;3.51;23.66
1981-07-30;17.93;23.87;29.81;0.0;27.118;2.6;17.66
1981-07-31;22.32;27.2;32.07;0.0;26.944;0.9;22.06
1981-08-01;23.29;28.57;33.85;0.0;27.256;1.0;17.18
1981-08-02;20.99;28.28;35.58;0.0;26.741;1.94;12.66
1981-08-03;20.12;25.15;30.17;0.0;26.002;4.61;24.86
1981-08-04;19.31;25.67;32.04;0.0;26.825;3.69;21.49
1981-08-05;21.7;28.05;34.41;0.0;26.471;1.88;13.78
1981-08-06;22.87;28.85;34.83;0.0;26.233;1.0;13.74
1981-08-07;24.34;30.34;36.34;0.0;25.832;1.36;12.48
1981-08-08;18.59;26.17;33.75;0.0;26.107;3.12;14.83
1981-08-09;18.5;22.8;27.11;0.0;26.673;4.23;19.93
1981-08-10;19.7;25.09;30.47;0.0;25.992;2.28;16.46
1981-08-11;22.86;27.97;33.08;0.0;23.781;0.99;17.81
1981-08-12;23.02;28.38;33.75;0.0;25.665;0.85;13.09
1981-08-13;22.6;27.91;33.23;0.0;20.256;1.59;20.71
1981-08-14;20.65;24.28;27.91;5.77;15.769;2.39;47.57
1981-08-15;19.63;22.15;24.67;10.08;9.397;2.61;78.76
1981-08-16;19.13;21.77;24.4;7.65;15.071;3.83;53.2
1981-08-17;19.27;23.74;28.21;4.69;17.384;3.5;46.37
1981-08-18;21.34;24.32;27.31;3.37;17.143;1.2;73.28
1981-08-19;22.37;26.44;30.5;2.6;18.609;0.61;52.91
1981-08-20;21.87;26.61;31.34;0.0;23.054;0.9;35.46
1981-08-21;21.76;27.99;34.23;0.0;22.382;1.61;16.9
1981-08-22;19.68;25.09;30.49;0.0;23.289;3.58;23.38
1981-08-23;19.26;25.08;30.9;0.76;23.353;3.88;22.93
1981-08-24;20.81;26.78;32.76;0.0;23.125;2.01;22.98
1981-08-25;23.2;28.27;33.33;0.0;22.967;0.4;26.63
1981-08-26;24.84;29.67;34.5;0.0;22.531;0.1;26.02
1981-08-27;23.29;29.82;36.36;0.0;22.257;1.1;19.97
1981-08-28;22.43;28.18;33.94;0.0;21.96;1.76;29.22
1981-08-29;23.8;28.37;32.94;0.0;21.894;1.0;39.15
1981-08-30;24.87;30.3;35.73;0.0;21.864;0.9;20.28
1981-08-31;18.48;26.22;33.96;0.0;22.133;3.25;13.0
1981-09-01;17.47;21.45;25.44;0.0;22.162;4.66;19.76
1981-09-02;18.9;23.53;28.16;0.0;21.266;4.35;19.16
1981-09-03;19.6;24.41;29.21;0.0;21.041;4.85;28.86
1981-09-04;19.83;24.7;29.56;0.0;21.011;3.26;25.82
1981-09-05;19.62;24.65;29.68;0.0;21.068;1.5;23.56
1981-09-06;20.99;25.02;29.06;0.0;20.317;0.9;32.26
1981-09-07;22.31;27.45;32.6;0.0;20.438;0.39;22.87
1981-09-08;21.57;26.73;31.9;0.0;20.024;0.69;27.55
1981-09-09;22.62;27.3;31.98;0.0;19.692;1.11;35.59
1981-09-10;23.02;27.23;31.44;0.0;18.661;1.61;37.05
1981-09-11;19.28;24.27;29.27;3.97;11.153;1.38;39.74
1981-09-12;19.26;24.01;28.75;0.0;19.592;1.19;40.31
1981-09-13;20.27;25.45;30.63;0.0;19.471;0.42;32.91
1981-09-14;21.44;27.47;33.5;0.0;19.309;0.77;21.12
1981-09-15;21.7;27.48;33.27;0.0;19.481;0.9;18.83
1981-09-16;19.89;25.61;31.32;0.0;18.762;2.73;25.92
1981-09-17;19.43;24.12;28.8;0.0;18.705;2.0;30.17
1981-09-18;19.68;26.26;32.84;0.0;14.705;2.18;28.79
1981-09-19;18.54;23.82;29.1;2.37;16.898;4.12;21.16
1981-09-20;16.63;20.29;23.95;0.18;12.706;4.23;29.63
1981-09-21;16.62;20.7;24.79;0.0;18.396;2.39;21.66
1981-09-22;18.05;23.26;28.47;0.0;16.291;2.0;17.81
1981-09-23;18.33;23.18;28.04;0.0;14.833;1.52;24.07
1981-09-24;18.96;23.05;27.13;0.0;8.963;0.99;38.97
1981-09-25;18.68;22.65;26.62;0.0;17.238;0.89;36.91
1981-09-26;19.71;23.99;28.27;0.0;16.638;0.86;35.9
1981-09-27;19.79;24.95;30.1;0.0;14.08;1.29;29.91
1981-09-28;18.96;24.37;29.78;0.0;15.978;2.61;29.58
1981-09-29;18.6;22.71;26.83;0.0;16.031;2.4;56.66
1981-09-30;19.17;22.88;26.58;0.0;16.169;3.79;46.46
1981-10-01;18.33;22.98;27.64;0.0;11.678;1.9;39.22
1981-10-02;17.34;21.97;26.6;0.0;16.003;2.33;27.95
1981-10-03;16.94;21.75;26.56;0.0;15.906;2.06;34.28
1981-10-04;17.62;22.61;27.6;0.0;15.906;1.72;34.55
1981-10-05;18.05;22.75;27.45;0.0;15.83;1.42;33.58
1981-10-06;17.4;22.05;26.69;0.0;15.657;2.39;36.18
1981-10-07;16.93;21.65;26.37;0.0;14.985;2.83;34.8
1981-10-08;13.74;19.0;24.25;0.0;12.633;4.12;34.07
1981-10-09;9.88;13.13;16.37;0.0;16.037;6.67;20.55
1981-10-10;10.51;12.82;15.13;0.0;12.251;5.21;30.01
1981-10-11;10.08;12.28;14.48;2.72;6.456;5.17;30.15
1981-10-12;10.47;12.95;15.43;0.0;15.137;2.81;20.92
1981-10-13;12.9;16.01;19.12;0.0;9.719;3.11;22.12
1981-10-14;10.7;14.29;17.88;25.03;3.29;6.48;52.04
1981-10-15;10.51;13.09;15.66;0.56;7.603;6.06;61.78
1981-10-16;10.74;14.57;18.39;0.0;13.008;4.08;46.7
1981-10-17;13.67;16.92;20.17;0.0;13.587;3.61;49.07
1981-10-18;13.92;17.27;20.61;0.0;13.724;1.09;38.62
1981-10-19;14.92;18.35;21.78;0.0;13.444;1.29;43.72
1981-10-20;11.33;16.56;21.79;1.19;10.932;2.52;37.05
1981-10-21;10.63;13.41;16.19;1.84;9.825;4.57;43.5
1981-10-22;10.85;14.2;17.55;0.0;13.434;1.39;26.94
1981-10-23;14.1;16.43;18.75;0.0;13.031;0.28;28.22
1981-10-24;13.56;16.59;19.63;0.0;12.779;1.28;29.9
1981-10-25;13.84;16.7;19.55;0.0;13.325;0.36;36.95
1981-10-26;15.0;17.96;20.93;0.0;13.155;0.27;35.88
1981-10-27;14.0;17.5;21.0;0.0;12.945;0.87;23.63
1981-10-28;12.5;16.09;19.69;0.0;12.349;2.71;39.13
1981-10-29;12.93;16.13;19.32;0.0;12.348;0.68;37.84
1981-10-30;14.06;16.91;19.75;0.0;12.064;0.41;35.61
1981-10-31;15.02;17.23;19.44;0.0;11.84;0.2;44.05
1981-11-01;13.59;16.48;19.38;0.0;11.467;0.54;39.23
1981-11-02;12.52;15.96;19.39;0.0;11.374;2.82;45.96
1981-11-03;12.25;15.68;19.11;0.0;11.154;3.26;46.5
1981-11-04;12.56;15.55;18.55;0.0;10.951;1.48;40.82
1981-11-05;12.18;15.0;17.82;1.75;6.575;0.81;56.63
1981-11-06;13.71;16.16;18.62;0.0;5.587;1.26;43.55
1981-11-07;14.15;16.61;19.07;0.0;6.735;2.09;67.64
1981-11-08;13.79;16.05;18.3;2.9;4.063;2.75;85.97
1981-11-09;13.12;15.95;18.78;17.99;1.919;4.72;88.22
1981-11-10;12.59;15.13;17.68;6.43;3.116;2.52;82.54
1981-11-11;12.64;15.75;18.86;5.34;9.46;1.91;65.38
1981-11-12;12.89;14.9;16.91;3.44;4.529;2.62;89.44
1981-11-13;13.16;15.39;17.63;0.0;3.721;1.59;72.8
1981-11-14;13.73;16.42;19.11;0.0;9.753;0.63;55.21
1981-11-15;13.9;16.57;19.24;0.4;6.034;1.0;56.85
1981-11-16;13.82;16.17;18.52;2.2;5.641;2.04;75.85
1981-11-17;12.82;15.21;17.61;0.0;3.878;3.97;73.29
1981-11-18;11.5;14.79;18.09;26.78;1.454;7.59;77.75
1981-11-19;13.16;15.6;18.03;4.11;3.176;5.23;74.18
1981-11-20;11.65;14.78;17.91;24.24;1.795;6.66;70.95
1981-11-21;11.48;14.15;16.83;2.41;5.201;2.31;52.36
1981-11-22;10.41;13.63;16.85;41.63;1.325;3.55;58.87
1981-11-23;10.35;12.41;14.48;11.35;1.318;2.74;83.02
1981-11-24;10.24;13.75;17.27;21.21;1.337;5.25;58.48
1981-11-25;10.0;12.96;15.93;11.13;2.335;1.56;61.75
1981-11-26;9.0;11.21;13.43;12.92;2.935;3.39;87.12
1981-11-27;8.35;10.5;12.64;1.82;2.357;2.25;77.41
1981-11-28;8.11;10.27;12.43;0.0;5.598;2.55;69.43
1981-11-29;8.56;10.99;13.42;22.65;1.243;3.53;83.91
1981-11-30;8.81;11.61;14.4;5.48;1.245;2.21;79.73
1981-12-01;10.5;13.26;16.01;0.0;3.661;1.16;59.63
1981-12-02;11.57;13.65;15.73;4.11;2.588;2.69;79.47
1981-12-03;9.94;12.32;14.7;19.92;0.974;4.89;86.18
1981-12-04;10.14;12.59;15.03;0.0;2.627;2.39;71.25
1981-12-05;11.23;13.84;16.44;4.31;2.872;3.92;79.73
1981-12-06;13.27;15.83;18.39;0.0;3.16;3.37;84.56
1981-12-07;13.2;15.36;17.52;0.0;4.105;2.82;79.07
1981-12-08;11.8;14.14;16.49;0.0;6.278;1.45;77.24
1981-12-09;7.06;12.13;17.21;0.0;4.647;2.9;64.37
1981-12-10;5.6;8.08;10.56;0.0;6.747;5.58;68.13
1981-12-11;5.13;7.97;10.82;0.0;7.865;4.5;67.78
1981-12-12;6.64;9.74;12.84;0.0;7.531;4.64;54.79
1981-12-13;5.67;8.11;10.55;0.0;7.87;4.63;61.81
1981-12-14;5.62;8.98;12.34;0.0;6.646;3.59;58.07
1981-12-15;7.46;10.32;13.19;0.0;7.055;1.63;56.47
1981-12-16;9.04;11.63;14.22;8.47;3.294;1.68;66.75
1981-12-17;9.7;12.07;14.44;2.39;5.79;1.77;79.79
1981-12-18;3.46;8.15;12.85;1.53;2.918;4.39;66.75
1981-12-19;3.66;6.25;8.83;4.06;3.77;4.7;65.7
1981-12-20;3.37;6.11;8.84;16.24;2.934;6.41;86.4
1981-12-21;3.03;5.42;7.82;0.0;6.914;6.06;61.42
1981-12-22;3.66;6.74;9.82;0.0;5.613;4.26;70.1
1981-12-23;4.79;7.03;9.26;0.0;6.024;4.06;73.22
1981-12-24;4.79;7.28;9.77;0.0;8.293;2.1;53.15
1981-12-25;4.89;7.37;9.84;0.0;8.047;2.57;58.57
1981-12-26;5.91;9.27;12.62;0.0;4.825;3.18;49.82
1981-12-27;8.35;10.79;13.23;0.0;7.35;2.39;68.15
1981-12-28;8.17;11.22;14.27;0.0;7.894;1.28;53.71
1981-12-29;11.06;13.05;15.05;0.0;5.658;1.73;45.51
1981-12-30;9.91;12.47;15.03;0.0;5.581;2.29;62.37
1981-12-31;6.54;9.87;13.2;0.0;3.776;2.4;55.6
1982-01-01;5.59;8.13;10.68;2.43;5.861;2.05;58.65
1982-01-02;6.6;8.71;10.83;0.5;3.437;1.24;50.33
1982-01-03;4.62;7.44;10.26;0.0;6.03;4.14;76.74
1982-01-04;4.5;7.26;10.03;0.0;8.453;1.81;55.17
1982-01-05;5.83;8.3;10.77;0.0;8.399;0.71;52.54
1982-01-06;7.33;10.11;12.89;0.0;5.719;2.61;57.77
1982-01-07;9.62;12.53;15.44;0.0;4.201;2.7;67.72
1982-01-08;11.46;14.36;17.26;0.0;5.556;2.6;63.17
1982-01-09;9.87;13.17;16.47;0.0;8.379;1.21;74.65
1982-01-10;8.32;10.69;13.06;0.0;4.561;1.22;61.62
1982-01-11;7.65;10.98;14.32;3.26;6.407;2.6;58.98
1982-01-12;9.43;11.61;13.78;11.68;1.361;3.85;76.5
1982-01-13;9.72;11.82;13.91;0.0;5.967;4.74;61.87
1982-01-14;8.25;10.88;13.51;13.76;1.998;4.1;79.01
1982-01-15;8.02;10.36;12.7;13.46;6.716;3.09;81.92
1982-01-16;7.45;10.38;13.3;0.0;7.875;2.29;52.01
1982-01-17;7.56;9.63;11.71;3.79;6.496;3.82;60.74
1982-01-18;6.49;9.02;11.55;14.12;2.957;3.19;69.71
1982-01-19;5.17;7.53;9.88;3.65;3.122;4.39;82.76
1982-01-20;4.15;6.41;8.66;0.0;9.005;4.46;67.36
1982-01-21;5.16;7.78;10.4;0.0;9.851;1.87;48.37
1982-01-22;5.45;8.78;12.1;0.0;8.44;3.81;46.35
1982-01-23;7.57;9.71;11.86;0.0;6.51;1.63;54.37
1982-01-24;6.65;8.91;11.16;0.0;9.018;2.25;53.4
1982-01-25;6.95;9.44;11.93;0.0;4.876;3.36;56.34
1982-01-26;6.4;8.84;11.29;0.0;4.368;2.15;57.06
1982-01-27;5.28;8.41;11.54;0.0;10.652;3.09;54.86
1982-01-28;6.73;10.23;13.72;0.0;10.814;1.26;41.69
1982-01-29;7.67;10.46;13.25;0.0;6.502;1.96;59.84
1982-01-30;4.22;7.69;11.16;0.0;11.273;6.04;39.62
1982-01-31;2.6;4.98;7.36;0.0;9.918;7.04;46.06
1982-02-01;2.63;5.21;7.78;0.0;11.529;4.87;38.48
1982-02-02;3.54;6.65;9.77;0.0;11.224;3.93;58.8
1982-02-03;4.53;8.38;12.24;0.4;10.225;2.9;46.2
1982-02-04;3.1;5.79;8.49;0.0;10.294;6.7;40.81
1982-02-05;2.89;5.29;7.68;0.0;8.471;5.89;44.23
1982-02-06;3.67;7.58;11.48;0.0;10.79;2.47;37.87
1982-02-07;3.47;8.46;13.46;1.71;8.502;3.57;42.97
1982-02-08;0.27;3.4;6.53;3.46;6.725;5.52;64.83
1982-02-09;-2.79;1.48;5.76;1.22;6.445;6.83;39.91
1982-02-10;-0.07;2.86;5.79;2.42;5.489;2.53;66.17
1982-02-11;-1.41;1.75;4.91;0.0;9.92;4.5;43.51
1982-02-12;-0.65;3.02;6.7;0.0;12.622;1.83;32.57
1982-02-13;3.1;6.66;10.21;0.0;12.315;1.25;39.61
1982-02-14;6.76;9.68;12.59;0.0;5.575;2.27;59.33
1982-02-15;7.23;10.75;14.26;0.0;8.449;1.12;43.79
1982-02-16;7.82;11.73;15.64;0.0;12.237;2.85;46.82
1982-02-17;7.99;13.05;18.12;0.0;12.716;3.11;35.1
1982-02-18;9.39;14.18;18.96;0.0;11.795;2.02;42.9
1982-02-19;5.25;10.49;15.73;0.18;7.304;2.46;52.98
1982-02-20;0.0;4.32;8.63;0.0;13.94;6.03;26.05
1982-02-21;-1.17;0.94;3.05;0.0;7.979;6.26;40.36
1982-02-22;-1.11;0.84;2.8;0.0;8.643;4.61;33.33
1982-02-23;-0.14;2.74;5.61;0.0;11.107;5.57;41.81
1982-02-24;1.11;3.97;6.82;0.0;14.831;5.0;47.69
1982-02-25;1.34;4.49;7.63;1.1;7.738;1.81;48.95
1982-02-26;5.07;7.03;8.99;0.69;13.414;1.73;42.34
1982-02-27;5.8;8.03;10.26;0.0;14.54;1.71;33.92
1982-02-28;7.54;9.87;12.19;0.0;9.364;0.45;35.23
1982-03-01;5.71;9.78;13.84;0.0;12.471;3.56;32.84
1982-03-02;4.99;8.52;12.05;0.0;15.121;3.66;25.4
1982-03-03;6.03;8.56;11.1;0.0;15.405;1.36;32.55
1982-03-04;7.99;9.98;11.97;0.0;15.737;2.12;31.3
1982-03-05;7.93;10.46;12.99;0.7;11.807;2.13;24.64
1982-03-06;8.09;11.66;15.22;0.0;9.966;1.34;45.81
1982-03-07;10.01;13.27;16.53;0.0;15.612;2.62;56.41
1982-03-08;10.51;14.72;18.93;0.0;14.076;1.7;44.5
1982-03-09;11.21;14.78;18.34;0.0;5.977;0.82;62.75
1982-03-10;9.25;13.65;18.05;0.0;8.855;2.7;62.6
1982-03-11;8.01;11.91;15.81;0.0;16.394;3.19;42.1
1982-03-12;7.53;10.05;12.57;2.77;3.838;0.3;53.83
1982-03-13;8.33;11.63;14.94;0.0;11.943;1.08;46.06
1982-03-14;9.47;12.15;14.83;7.67;4.202;2.89;64.48
1982-03-15;4.44;9.21;13.99;11.04;13.54;4.32;47.1
1982-03-16;4.51;7.16;9.81;1.5;17.538;7.5;47.47
1982-03-17;6.51;9.46;12.42;0.0;12.705;1.47;40.05
1982-03-18;6.38;11.27;16.16;2.24;4.349;3.09;37.1
1982-03-19;6.81;10.37;13.92;0.0;17.113;4.41;37.97
1982-03-20;6.14;7.8;9.46;8.4;8.961;2.3;64.96
1982-03-21;6.51;7.67;8.82;19.34;2.449;4.15;89.36
1982-03-22;6.51;11.71;16.91;3.01;3.359;3.77;51.65
1982-03-23;5.5;10.55;15.61;1.29;3.291;3.97;41.26
1982-03-24;5.49;7.51;9.54;1.85;6.024;2.87;54.24
1982-03-25;7.34;10.27;13.2;0.0;12.988;1.01;38.64
1982-03-26;7.25;10.85;14.45;0.0;19.949;0.98;35.7
1982-03-27;10.43;12.73;15.04;0.0;20.325;2.4;41.75
1982-03-28;9.64;12.1;14.55;0.0;18.034;5.19;65.36
1982-03-29;9.42;12.05;14.68;0.0;12.208;3.58;49.01
1982-03-30;8.47;10.62;12.76;1.72;10.3;2.57;54.02
1982-03-31;9.71;12.18;14.64;0.0;16.089;3.3;53.56
1982-04-01;9.29;12.0;14.71;3.88;10.275;4.71;53.52
1982-04-02;8.45;12.45;16.45;3.65;12.096;3.55;42.33
1982-04-03;8.19;11.47;14.75;1.36;12.37;5.19;44.24
1982-04-04;9.27;13.36;17.45;0.0;17.421;2.3;44.98
1982-04-05;10.62;13.7;16.79;1.35;6.572;3.4;59.94
1982-04-06;10.15;13.08;16.01;6.84;2.29;4.84;73.4
1982-04-07;10.18;12.18;14.17;10.65;5.636;3.57;90.12
1982-04-08;10.27;14.22;18.18;0.0;10.75;2.99;62.47
1982-04-09;10.58;15.81;21.04;0.0;21.323;2.19;47.87
1982-04-10;13.32;17.6;21.88;0.0;21.444;0.45;44.85
1982-04-11;13.28;17.02;20.77;0.0;17.53;1.64;45.34
1982-04-12;12.03;15.99;19.95;3.2;13.471;2.41;52.65
1982-04-13;8.52;13.27;18.02;6.27;7.789;3.68;52.73
1982-04-14;7.17;9.21;11.25;1.45;11.655;4.84;43.49
1982-04-15;6.66;8.68;10.69;1.46;8.185;5.24;52.24
1982-04-16;7.96;10.85;13.73;0.0;13.47;5.79;40.28
1982-04-17;8.64;12.56;16.49;0.0;23.96;4.54;33.12
1982-04-18;8.97;14.23;19.48;0.0;23.407;1.63;29.18
1982-04-19;10.85;14.18;17.51;0.0;23.416;1.2;45.26
1982-04-20;10.13;14.87;19.6;0.0;25.17;2.17;28.25
1982-04-21;12.65;16.66;20.67;0.0;23.195;0.92;25.56
1982-04-22;11.91;15.69;19.47;0.0;18.584;1.79;31.93
1982-04-23;12.86;15.11;17.35;0.0;23.038;2.19;52.09
1982-04-24;10.52;14.01;17.5;0.97;12.356;3.4;46.17
1982-04-25;10.61;16.74;22.88;0.0;24.176;1.4;30.99
1982-04-26;12.76;18.57;24.37;0.0;23.328;1.76;30.53
1982-04-27;13.15;17.72;22.29;0.0;22.831;1.48;40.58
1982-04-28;13.22;17.95;22.68;0.0;18.517;3.56;47.62
1982-04-29;12.95;18.06;23.17;0.0;21.59;2.99;36.46
1982-04-30;12.87;16.22;19.58;0.0;15.452;0.92;49.42
1982-05-01;11.87;16.6;21.33;0.0;14.989;2.19;37.34
1982-05-02;11.4;14.83;18.26;0.0;14.393;4.14;38.16
1982-05-03;11.02;16.9;22.78;0.0;25.094;3.59;20.37
1982-05-04;13.27;20.41;27.54;0.0;27.367;1.52;10.16
1982-05-05;12.42;19.9;27.38;0.0;25.912;2.26;13.3
1982-05-06;9.27;12.09;14.9;0.0;18.376;6.13;31.62
1982-05-07;9.04;13.03;17.02;0.0;28.278;5.15;16.71
1982-05-08;9.27;14.92;20.57;0.0;27.21;3.73;15.83
1982-05-09;10.37;17.09;23.82;0.0;24.511;2.34;22.71
1982-05-10;13.21;18.09;22.96;0.0;26.045;1.32;30.74
1982-05-11;13.45;18.33;23.21;0.0;24.881;0.85;40.3
1982-05-12;14.47;18.87;23.26;0.0;26.463;1.08;33.52
1982-05-13;14.97;18.29;21.6;0.0;23.839;2.87;46.75
1982-05-14;13.53;16.75;19.96;5.79;4.72;5.43;56.48
1982-05-15;14.66;18.59;22.52;0.0;7.59;4.96;55.67
1982-05-16;16.35;21.2;26.06;0.0;21.835;2.47;42.05
1982-05-17;16.9;21.08;25.26;0.0;13.503;2.78;44.92
1982-05-18;14.74;19.16;23.58;0.0;21.328;3.58;27.47
1982-05-19;14.75;20.54;26.32;0.0;22.453;2.97;24.3
1982-05-20;16.88;22.67;28.47;0.0;25.298;2.0;28.71
1982-05-21;17.21;23.46;29.71;0.0;28.674;2.57;18.56
1982-05-22;16.75;23.6;30.45;0.0;24.033;2.0;13.38
1982-05-23;15.12;21.1;27.08;0.0;18.962;2.3;20.37
1982-05-24;13.64;19.05;24.46;0.0;27.51;3.75;21.96
1982-05-25;13.46;17.76;22.05;1.5;13.955;3.25;28.75
1982-05-26;15.11;19.61;24.1;0.0;23.752;1.8;27.31
1982-05-27;17.32;20.71;24.11;0.0;28.207;2.28;34.99
1982-05-28;17.46;22.2;26.93;0.0;25.129;2.67;26.83
1982-05-29;19.61;25.12;30.63;0.0;18.695;1.26;22.3
1982-05-30;20.79;26.16;31.54;0.0;21.288;1.1;22.21
1982-05-31;20.08;25.11;30.15;0.0;17.946;1.81;25.97
1982-06-01;17.84;24.43;31.01;0.0;19.677;2.56;22.18
1982-06-02;16.77;23.06;29.35;0.0;30.733;2.55;16.38
1982-06-03;16.2;21.38;26.56;0.0;22.925;1.97;22.41
1982-06-04;17.63;21.23;24.82;3.16;17.934;2.08;33.08
1982-06-05;17.08;21.64;26.21;20.22;20.705;2.34;42.78
1982-06-06;18.05;22.52;26.98;0.0;23.809;1.5;31.28
1982-06-07;17.37;22.38;27.38;0.77;21.632;1.32;24.46
1982-06-08;17.55;22.25;26.95;0.0;25.714;1.24;27.97
1982-06-09;17.53;21.9;26.27;2.84;17.79;1.61;43.8
1982-06-10;16.87;20.43;23.98;5.08;16.354;1.82;59.45
1982-06-11;17.94;21.91;25.87;6.22;17.722;3.31;59.02
1982-06-12;18.46;24.62;30.78;0.84;23.819;3.46;28.22
1982-06-13;17.52;23.34;29.15;0.0;30.909;2.8;23.37
1982-06-14;17.38;22.79;28.19;0.0;31.514;1.98;21.74
1982-06-15;18.02;24.94;31.86;0.0;28.3;1.3;20.36
1982-06-16;16.31;22.45;28.58;0.0;31.648;2.92;15.35
1982-06-17;15.72;22.03;28.34;0.0;25.536;3.37;16.51
1982-06-18;16.79;22.32;27.85;0.0;21.813;1.59;23.11
1982-06-19;17.99;22.46;26.93;2.16;21.007;1.2;32.73
1982-06-20;16.56;22.38;28.21;0.0;24.969;4.47;21.91
1982-06-21;17.49;23.11;28.74;0.0;19.61;3.61;25.55
1982-06-22;17.8;22.77;27.73;0.0;14.051;2.38;30.53
1982-06-23;18.24;22.99;27.75;0.0;27.098;1.1;26.22
1982-06-24;20.16;24.95;29.73;0.0;23.28;0.69;23.59
1982-06-25;19.44;24.26;29.08;0.0;19.933;1.3;31.74
1982-06-26;19.48;24.13;28.78;0.0;26.188;1.22;28.01
1982-06-27;20.34;26.17;32.0;0.0;26.131;1.32;19.91
1982-06-28;18.78;24.22;29.66;0.59;25.936;3.89;21.33
1982-06-29;18.52;24.03;29.54;0.47;29.155;2.04;19.6
1982-06-30;21.48;26.12;30.75;0.0;29.815;1.61;27.14
1982-07-01;22.28;26.34;30.39;0.0;22.543;2.62;29.16
1982-07-02;17.93;23.73;29.53;0.0;30.732;3.68;20.81
1982-07-03;17.63;22.45;27.26;0.0;20.593;4.0;20.15
1982-07-04;17.28;23.36;29.44;0.0;29.843;2.81;18.26
1982-07-05;19.47;26.34;33.2;0.0;27.565;2.0;15.17
1982-07-06;20.25;25.84;31.44;0.0;27.815;2.72;19.86
1982-07-07;20.82;25.66;30.5;0.0;28.113;1.24;22.62
1982-07-08;21.58;25.41;29.24;0.0;27.701;1.5;35.57
1982-07-09;22.6;28.2;33.79;0.0;27.772;0.45;21.11
1982-07-10;21.31;28.55;35.79;0.0;22.236;1.92;17.85
1982-07-11;18.19;22.89;27.59;0.0;27.701;4.69;21.53
1982-07-12;17.88;24.0;30.12;0.0;26.092;3.04;14.97
1982-07-13;20.7;26.99;33.29;0.0;27.268;3.41;15.42
1982-07-14;20.65;25.96;31.27;0.0;27.833;3.03;21.98
1982-07-15;22.19;29.34;36.48;0.0;19.113;3.03;17.89
1982-07-16;19.7;27.08;34.46;0.0;30.805;3.29;9.28
1982-07-17;18.95;23.38;27.82;0.0;30.198;4.51;15.19
1982-07-18;19.41;24.64;29.88;0.0;30.148;2.2;15.1
1982-07-19;22.23;27.77;33.31;0.0;19.109;2.14;15.14
1982-07-20;19.66;26.26;32.85;6.17;17.364;2.96;24.17
1982-07-21;19.18;24.91;30.63;0.0;22.457;2.21;17.96
1982-07-22;17.91;23.09;28.28;2.17;21.837;3.12;15.56
1982-07-23;17.54;23.32;29.11;0.0;27.696;3.99;16.32
1982-07-24;18.51;24.51;30.5;0.0;27.737;3.01;14.13
1982-07-25;20.03;25.98;31.94;0.0;27.031;2.44;15.83
1982-07-26;21.12;26.92;32.72;0.0;26.724;1.32;17.94
1982-07-27;21.55;27.7;33.85;0.0;27.419;1.13;16.12
1982-07-28;22.78;28.19;33.6;0.0;25.777;0.51;19.69
1982-07-29;21.32;27.48;33.64;0.0;26.568;2.72;19.84
1982-07-30;20.21;25.87;31.53;0.0;26.642;3.42;18.93
1982-07-31;20.51;26.3;32.1;0.0;27.001;1.98;18.39
1982-08-01;22.57;27.32;32.06;0.0;26.742;0.79;26.51
1982-08-02;22.57;28.5;34.44;0.0;24.259;1.09;20.95
1982-08-03;21.88;28.05;34.22;0.0;25.714;2.2;21.78
1982-08-04;23.57;29.43;35.29;0.0;25.813;1.3;20.55
1982-08-05;18.43;27.57;36.7;0.0;25.021;3.45;11.15
1982-08-06;17.86;23.49;29.12;0.0;26.114;3.74;15.85
1982-08-07;20.29;25.59;30.89;0.0;25.351;2.38;14.04
1982-08-08;21.78;25.4;29.02;0.0;23.441;1.62;36.61
1982-08-09;23.05;27.37;31.68;0.0;26.209;2.39;28.89
1982-08-10;23.19;29.25;35.31;0.0;18.828;2.2;22.76
1982-08-11;24.71;30.63;36.54;0.0;21.765;0.52;19.46
1982-08-12;24.08;29.48;34.89;0.0;21.678;0.8;25.19
1982-08-13;24.97;30.68;36.4;0.0;23.992;1.4;19.8
1982-08-14;24.55;31.34;38.13;0.0;17.135;1.74;14.14
1982-08-15;24.19;31.17;38.15;0.0;23.745;2.28;12.44
1982-08-16;22.27;30.08;37.88;0.0;23.779;2.74;13.04
1982-08-17;21.25;27.33;33.41;0.0;24.117;2.28;16.62
1982-08-18;21.04;26.05;31.06;0.0;23.338;2.89;21.89
1982-08-19;20.75;26.62;32.49;0.0;23.963;2.61;14.71
1982-08-20;22.39;27.05;31.71;0.0;23.833;1.0;24.1
1982-08-21;21.51;28.01;34.51;0.0;23.828;3.57;14.11
1982-08-22;19.44;24.21;28.98;0.0;16.333;2.53;23.17
1982-08-23;17.58;21.63;25.68;0.0;23.848;2.91;17.07
1982-08-24;18.77;22.63;26.49;0.0;18.811;2.63;18.15
1982-08-25;17.58;20.68;23.79;0.0;16.182;3.88;23.84
1982-08-26;17.58;21.32;25.06;0.0;23.227;3.59;17.78
1982-08-27;17.82;23.35;28.88;0.0;22.95;1.52;7.69
1982-08-28;21.11;26.48;31.84;0.0;21.833;0.57;16.79
1982-08-29;16.94;22.8;28.66;5.64;13.897;3.29;23.4
1982-08-30;17.54;19.91;22.29;0.0;14.891;5.34;40.9
1982-08-31;17.41;21.64;25.88;0.0;17.769;4.26;28.87
1982-09-01;18.05;23.05;28.04;0.0;19.474;3.34;30.52
1982-09-02;18.86;23.95;29.03;0.0;20.79;1.69;26.25
1982-09-03;19.49;24.02;28.55;0.0;21.052;4.18;28.63
1982-09-04;19.19;23.91;28.64;0.0;20.998;2.29;32.41
1982-09-05;18.68;26.0;33.33;0.0;20.792;2.0;16.89
1982-09-06;17.38;19.75;22.13;0.0;20.259;7.02;36.15
1982-09-07;16.64;19.56;22.49;0.0;21.114;4.28;23.41
1982-09-08;16.86;22.41;27.96;0.0;20.803;2.41;14.53
1982-09-09;18.1;22.12;26.14;3.15;12.335;2.4;34.8
1982-09-10;18.48;22.75;27.02;0.0;18.889;1.4;38.06
1982-09-11;18.37;24.09;29.8;0.0;19.16;2.36;24.54
1982-09-12;19.64;25.67;31.7;0.0;19.617;2.36;18.43
1982-09-13;17.88;22.56;27.24;0.0;14.391;3.05;23.09
1982-09-14;18.34;22.88;27.42;0.0;19.1;1.1;31.67
1982-09-15;18.56;23.24;27.93;0.0;18.978;2.18;24.65
1982-09-16;19.08;22.99;26.91;0.0;19.059;0.69;38.05
1982-09-17;19.43;23.4;27.37;0.0;19.068;0.51;34.85
1982-09-18;19.89;24.58;29.26;0.0;18.992;0.29;25.16
1982-09-19;20.75;25.06;29.37;0.0;18.53;0.79;26.83
1982-09-20;21.46;26.58;31.69;0.0;18.106;0.3;19.09
1982-09-21;20.77;26.07;31.38;0.0;17.736;0.49;19.83
1982-09-22;19.31;24.8;30.28;0.0;17.713;2.1;29.33
1982-09-23;19.35;25.01;30.66;0.0;17.572;1.08;28.18
1982-09-24;19.79;24.13;28.48;0.0;17.36;0.7;38.84
1982-09-25;18.96;23.13;27.31;0.0;17.52;2.1;42.53
1982-09-26;19.51;24.0;28.49;0.0;15.283;2.1;32.64
1982-09-27;19.51;23.32;27.13;0.0;16.077;0.79;42.17
1982-09-28;19.01;24.31;29.61;0.0;16.521;1.72;27.37
1982-09-29;18.43;23.62;28.81;0.0;16.37;2.6;28.32
1982-09-30;17.16;20.7;24.24;19.3;15.549;2.3;45.06
1982-10-01;17.87;20.8;23.74;2.97;10.851;3.47;65.04
1982-10-02;18.49;21.48;24.47;0.0;12.024;2.14;52.12
1982-10-03;18.21;21.66;25.11;0.0;9.187;1.79;53.01
1982-10-04;17.56;20.99;24.43;0.0;4.133;2.63;49.49
1982-10-05;17.65;21.02;24.38;7.71;9.409;4.12;51.62
1982-10-06;17.72;20.95;24.17;19.78;4.537;3.5;77.89
1982-10-07;18.1;21.28;24.46;0.0;6.171;1.42;69.22
1982-10-08;18.1;21.76;25.41;0.0;14.942;0.28;58.88
1982-10-09;17.39;20.95;24.51;0.12;13.759;2.85;62.1
1982-10-10;16.87;19.38;21.89;5.09;1.657;4.24;89.57
1982-10-11;17.49;20.65;23.81;0.0;9.187;3.59;75.62
1982-10-12;17.29;20.46;23.64;87.29;3.364;4.11;80.38
1982-10-13;16.68;20.73;24.79;2.48;12.106;3.79;47.45
1982-10-14;16.11;19.41;22.71;0.0;13.814;2.52;45.87
1982-10-15;15.6;19.99;24.38;4.66;6.192;2.52;56.35
1982-10-16;17.52;22.69;27.86;0.0;9.233;3.72;41.25
1982-10-17;17.2;20.29;23.38;0.0;8.955;2.09;54.43
1982-10-18;16.98;20.09;23.21;1.07;8.789;0.67;54.97
1982-10-19;16.25;19.95;23.64;0.0;13.103;1.18;39.51
1982-10-20;16.3;19.95;23.61;0.0;12.732;1.31;36.91
1982-10-21;16.25;19.93;23.6;0.0;12.645;1.18;43.46
1982-10-22;17.57;21.13;24.7;0.0;11.489;1.02;43.98
1982-10-23;17.58;21.49;25.41;0.0;8.427;1.51;45.52
1982-10-24;15.01;18.92;22.83;0.0;12.685;2.18;32.26
1982-10-25;13.62;17.2;20.77;0.0;12.922;0.97;33.09
1982-10-26;14.16;18.11;22.05;0.0;12.668;0.8;30.69
1982-10-27;15.78;19.63;23.48;0.0;12.111;0.9;38.55
1982-10-28;16.84;20.28;23.72;0.0;12.041;0.98;42.29
1982-10-29;16.81;20.55;24.3;0.0;12.023;1.16;41.35
1982-10-30;15.7;20.02;24.33;0.0;11.519;0.76;48.33
1982-10-31;12.92;16.7;20.49;0.0;11.48;3.47;39.05
1982-11-01;12.69;16.27;19.85;0.0;11.467;2.71;42.36
1982-11-02;14.4;17.53;20.66;0.0;9.273;1.89;48.7
1982-11-03;13.11;17.12;21.12;0.0;11.496;2.71;40.14
1982-11-04;12.51;16.09;19.66;0.0;11.23;4.47;43.13
1982-11-05;12.0;14.71;17.41;0.0;11.455;4.89;43.39
1982-11-06;11.12;13.67;16.22;0.0;11.041;3.18;41.5
1982-11-07;10.92;13.72;16.52;0.0;10.727;2.31;36.48
1982-11-08;10.83;13.58;16.33;0.0;6.909;3.71;35.99
1982-11-09;10.19;13.2;16.21;0.0;9.236;1.47;32.0
1982-11-10;12.34;14.98;17.62;0.0;2.973;3.5;40.93
1982-11-11;12.41;15.17;17.92;2.45;3.476;2.31;60.99
1982-11-12;11.25;13.87;16.48;4.55;2.253;3.33;72.82
1982-11-13;13.04;17.47;21.9;9.81;3.229;5.09;52.74
1982-11-14;12.77;15.69;18.6;0.0;6.475;3.74;57.56
1982-11-15;9.77;13.01;16.25;0.0;5.928;4.38;54.37
1982-11-16;7.6;9.91;12.22;0.0;4.401;6.45;64.38
1982-11-17;7.73;10.23;12.73;0.0;8.968;5.88;53.62
1982-11-18;8.68;12.22;15.77;0.0;9.56;4.55;46.31
1982-11-19;9.87;12.84;15.8;0.0;9.394;0.68;44.11
1982-11-20;12.41;14.14;15.88;0.0;5.632;0.5;58.81
1982-11-21;12.66;14.63;16.6;0.0;8.987;2.09;51.47
1982-11-22;12.62;14.56;16.5;0.0;5.62;2.51;57.55
1982-11-23;11.07;13.54;16.02;2.77;1.87;2.88;61.96
1982-11-24;8.97;11.51;14.05;0.0;8.85;2.58;51.68
1982-11-25;8.42;11.45;14.48;0.0;8.263;4.19;53.15
1982-11-26;6.29;8.69;11.09;0.0;8.768;3.91;38.9
1982-11-27;6.58;9.59;12.61;0.0;8.406;3.87;47.33
1982-11-28;7.54;9.87;12.19;0.0;7.963;5.53;57.62
1982-11-29;7.74;10.43;13.11;0.0;7.843;3.28;58.46
1982-11-30;8.79;11.45;14.1;0.0;8.072;2.38;54.87
1982-12-01;9.39;12.11;14.83;0.0;8.09;1.39;51.42
1982-12-02;9.72;12.62;15.52;0.0;7.818;1.36;53.72
1982-12-03;11.22;13.23;15.24;4.32;3.287;2.99;72.25
1982-12-04;10.09;12.56;15.04;0.0;7.494;2.83;61.92
1982-12-05;10.39;12.75;15.11;9.85;3.83;4.04;71.36
1982-12-06;7.79;11.15;14.52;5.17;2.933;4.58;52.58
1982-12-07;7.79;10.16;12.53;2.97;5.263;2.37;48.34
1982-12-08;6.01;8.91;11.81;0.0;8.542;2.42;37.6
1982-12-09;8.53;11.8;15.07;3.86;5.651;4.12;43.8
1982-12-10;8.98;11.42;13.86;1.7;7.921;3.75;58.51
1982-12-11;9.66;12.72;15.78;0.0;5.215;3.21;46.05
1982-12-12;10.08;13.17;16.26;1.3;6.636;4.31;65.06
1982-12-13;9.0;11.14;13.29;1.95;3.354;3.18;67.66
1982-12-14;9.74;12.42;15.1;0.0;4.512;3.13;55.3
1982-12-15;10.61;13.29;15.97;0.0;4.254;3.21;65.0
1982-12-16;11.59;13.83;16.07;0.0;5.114;5.59;76.57
1982-12-17;11.06;13.25;15.43;6.67;3.211;4.38;82.5
1982-12-18;9.66;12.4;15.14;5.44;3.043;3.16;70.08
1982-12-19;8.94;11.45;13.96;0.0;7.587;1.14;52.26
1982-12-20;9.5;12.68;15.85;0.0;4.012;4.19;54.8
1982-12-21;8.52;12.28;16.04;3.46;4.1;4.77;73.12
1982-12-22;7.21;9.93;12.65;1.46;6.825;5.31;49.94
1982-12-23;9.13;12.54;15.94;6.84;4.826;6.52;65.82
1982-12-24;8.56;10.92;13.28;2.41;6.021;4.25;63.48
1982-12-25;8.94;11.61;14.27;0.86;6.278;2.57;56.09
1982-12-26;9.04;11.49;13.95;0.0;7.274;2.57;52.18
1982-12-27;10.74;13.04;15.35;1.0;4.342;3.98;63.09
1982-12-28;11.01;13.06;15.11;4.64;3.122;4.0;81.26
1982-12-29;10.12;12.61;15.09;0.0;7.266;1.13;64.88
1982-12-30;9.2;11.61;14.01;0.0;6.956;1.44;73.45
1982-12-31;8.87;11.11;13.34;0.0;8.091;0.7;67.52
1983-01-01;9.34;11.79;14.24;0.0;4.359;2.61;67.25
1983-01-02;10.95;13.31;15.67;1.05;5.164;4.5;75.78
1983-01-03;11.09;13.37;15.65;0.0;6.07;2.93;75.09
1983-01-04;9.76;12.25;14.74;0.0;6.873;0.93;70.96
1983-01-05;6.59;9.73;12.88;0.0;4.553;4.14;65.65
1983-01-06;5.68;8.88;12.07;0.0;8.154;2.96;54.46
1983-01-07;7.55;9.9;12.25;15.32;1.762;2.84;77.16
1983-01-08;2.95;7.06;11.18;6.63;3.208;4.13;68.72
1983-01-09;2.88;5.88;8.88;5.17;3.984;5.02;84.57
1983-01-10;4.17;6.69;9.21;0.0;8.604;2.45;59.49
1983-01-11;4.43;7.65;10.87;0.0;9.039;3.53;66.48
1983-01-12;6.53;9.87;13.2;0.0;7.458;2.58;75.05
1983-01-13;8.33;11.66;14.99;0.0;8.536;1.11;61.59
1983-01-14;7.91;10.29;12.67;0.0;5.086;1.18;72.88
1983-01-15;8.03;11.1;14.17;0.0;8.78;1.61;61.8
1983-01-16;8.76;11.45;14.14;0.0;7.378;2.63;60.08
1983-01-17;5.31;9.46;13.61;1.92;5.202;4.86;57.69
1983-01-18;5.19;9.06;12.94;0.0;8.265;3.93;44.06
1983-01-19;8.35;11.46;14.56;0.0;9.236;3.1;59.63
1983-01-20;9.41;12.64;15.87;0.0;9.491;2.0;41.8
1983-01-21;8.9;11.52;14.13;0.0;9.305;2.39;58.23
1983-01-22;7.56;10.62;13.67;5.45;5.646;5.62;69.9
1983-01-23;6.53;9.43;12.32;0.0;7.176;4.42;47.34
1983-01-24;8.05;10.66;13.26;0.0;9.678;4.7;44.73
1983-01-25;7.79;10.23;12.67;1.52;6.138;2.31;59.39
1983-01-26;7.04;9.37;11.7;0.0;5.784;2.52;57.71
1983-01-27;6.83;9.35;11.87;0.0;9.644;3.04;48.24
1983-01-28;6.8;9.98;13.16;0.0;10.397;2.52;41.47
1983-01-29;7.66;11.42;15.18;0.0;3.835;4.31;65.4
1983-01-30;7.57;11.19;14.8;5.0;1.753;3.05;60.12
1983-01-31;9.27;11.96;14.66;0.0;6.467;3.54;59.49
1983-02-01;7.39;10.32;13.25;6.61;3.975;2.07;72.01
1983-02-02;7.26;10.47;13.69;0.0;11.407;1.46;48.08
1983-02-03;8.05;11.39;14.73;0.0;11.089;1.21;39.56
1983-02-04;8.95;12.72;16.5;0.0;10.73;1.16;32.64
1983-02-05;10.48;13.83;17.18;0.0;10.722;1.27;51.74
1983-02-06;11.6;14.25;16.9;0.0;8.604;1.69;56.48
1983-02-07;8.98;13.58;18.18;0.0;10.69;1.4;51.38
1983-02-08;7.57;10.66;13.76;1.23;10.614;3.15;55.93
1983-02-09;6.02;8.88;11.75;2.6;6.369;4.67;59.79
1983-02-10;4.21;8.57;12.94;0.0;12.118;5.19;40.41
1983-02-11;4.74;7.15;9.56;0.0;12.024;5.01;39.59
1983-02-12;4.89;9.09;13.29;0.0;8.074;3.14;28.16
1983-02-13;6.86;9.5;12.13;1.21;7.291;1.5;47.81
1983-02-14;6.72;9.15;11.58;9.97;4.9;1.02;56.93
1983-02-15;4.79;7.18;9.56;3.43;3.599;2.41;72.79
1983-02-16;3.07;6.2;9.32;4.41;7.482;1.76;60.75
1983-02-17;6.11;9.35;12.59;0.0;11.227;1.75;36.83
1983-02-18;7.98;12.09;16.19;0.0;12.412;2.49;32.05
1983-02-19;9.58;14.43;19.27;0.0;12.711;2.86;37.88
1983-02-20;8.61;11.43;14.24;1.07;5.757;1.17;67.81
1983-02-21;5.88;9.4;12.93;1.43;7.474;2.16;38.7
1983-02-22;4.15;6.6;9.05;0.0;10.296;5.59;54.75
1983-02-23;4.14;8.17;12.2;0.0;14.771;4.61;33.75
1983-02-24;5.61;9.66;13.71;0.0;14.983;2.6;26.2
1983-02-25;6.25;10.79;15.34;3.21;9.295;2.44;36.97
1983-02-26;7.18;10.5;13.83;0.6;9.183;4.66;54.06
1983-02-27;6.48;13.23;19.99;0.0;11.315;4.59;24.9
1983-02-28;5.63;8.37;11.11;0.0;14.019;3.75;21.54
1983-03-01;8.01;12.77;17.53;0.0;14.51;1.81;37.54
1983-03-02;10.12;14.68;19.24;0.0;8.252;2.39;42.6
1983-03-03;10.45;15.14;19.83;0.0;5.995;1.62;50.43
1983-03-04;9.71;13.1;16.49;6.13;4.764;2.89;81.39
1983-03-05;7.91;10.96;14.01;10.73;9.887;5.16;63.18
1983-03-06;6.36;8.61;10.85;3.5;8.238;2.48;75.69
1983-03-07;7.03;10.22;13.41;2.35;11.207;1.91;53.2
1983-03-08;8.05;10.87;13.68;0.46;13.4;1.11;48.67
1983-03-09;8.05;11.69;15.33;0.0;13.99;2.08;38.8
1983-03-10;7.62;12.18;16.74;0.94;5.753;5.28;48.02
1983-03-11;7.77;12.56;17.35;0.0;16.249;2.12;41.45
1983-03-12;9.43;13.46;17.49;0.0;17.109;0.75;48.17
1983-03-13;9.81;13.93;18.04;0.0;17.255;0.56;39.73
1983-03-14;10.9;15.41;19.91;0.0;17.288;0.43;40.36
1983-03-15;10.21;15.2;20.18;0.08;12.874;2.34;42.55
1983-03-16;10.27;14.73;19.2;2.28;14.995;2.5;66.97
1983-03-17;6.95;13.2;19.44;3.07;4.408;2.25;59.6
1983-03-18;6.39;8.99;11.59;0.0;8.249;5.25;58.47
1983-03-19;6.33;8.38;10.42;4.23;3.294;4.87;80.92
1983-03-20;7.2;8.72;10.25;6.01;2.877;5.51;88.48
1983-03-21;7.24;8.7;10.16;14.66;3.054;4.2;86.85
1983-03-22;7.36;10.3;13.24;2.9;4.161;2.0;55.91
1983-03-23;7.51;10.46;13.4;2.47;12.199;2.3;46.32
1983-03-24;7.34;8.54;9.73;0.0;3.777;3.89;72.19
1983-03-25;7.75;11.96;16.17;0.0;11.438;2.79;42.92
1983-03-26;8.82;13.49;18.16;0.0;18.644;1.69;44.07
1983-03-27;10.15;14.43;18.7;0.0;19.905;0.58;38.19
1983-03-28;11.69;16.02;20.36;0.0;19.96;0.25;39.3
1983-03-29;11.52;15.75;19.98;0.0;20.11;0.31;44.4
1983-03-30;11.5;15.16;18.82;0.0;19.074;0.58;51.22
1983-03-31;12.45;16.74;21.03;0.0;19.317;0.4;37.9
1983-04-01;10.26;15.59;20.93;0.0;17.918;2.48;35.55
1983-04-02;9.82;14.4;18.98;0.0;19.132;1.81;38.28
1983-04-03;9.28;14.71;20.15;0.0;19.295;2.48;29.81
1983-04-04;10.0;14.45;18.89;10.34;10.911;3.19;41.36
1983-04-05;9.99;14.23;18.46;1.35;12.097;4.52;45.41
1983-04-06;9.5;12.54;15.58;1.31;17.664;5.29;43.02
1983-04-07;8.69;11.13;13.58;0.0;16.176;4.43;39.98
1983-04-08;6.93;10.18;13.43;0.0;21.995;5.32;37.17
1983-04-09;6.39;10.91;15.44;0.0;22.584;3.6;20.08
1983-04-10;9.44;13.34;17.24;0.0;14.408;2.75;32.64
1983-04-11;10.37;15.15;19.93;0.0;15.706;3.94;35.48
1983-04-12;10.31;15.52;20.73;0.0;15.991;3.1;28.72
1983-04-13;12.13;17.62;23.11;0.0;22.748;3.01;22.15
1983-04-14;12.08;17.64;23.19;1.46;17.597;2.87;34.0
1983-04-15;10.53;14.99;19.45;0.96;9.526;2.67;40.06
1983-04-16;9.78;14.54;19.3;0.0;22.378;2.75;28.19
1983-04-17;10.91;14.47;18.03;0.0;23.376;1.41;39.69
1983-04-18;11.85;15.79;19.73;0.0;24.865;0.83;32.38
1983-04-19;10.82;16.76;22.7;0.0;19.137;1.41;23.81
1983-04-20;9.43;12.78;16.13;0.0;23.458;4.46;37.24
1983-04-21;8.99;11.5;14.01;1.81;13.628;4.49;37.86
1983-04-22;8.66;11.03;13.39;3.29;5.168;2.18;54.08
1983-04-23;8.72;11.47;14.22;1.14;11.728;1.23;45.99
1983-04-24;11.41;15.0;18.59;0.0;23.325;0.46;33.52
1983-04-25;10.61;15.07;19.53;0.0;24.249;1.18;37.53
1983-04-26;12.76;16.88;20.99;0.0;23.604;0.37;36.77
1983-04-27;13.77;18.17;22.58;0.0;26.165;0.93;29.47
1983-04-28;13.37;16.76;20.15;0.0;18.241;2.48;44.51
1983-04-29;12.24;18.43;24.62;0.0;25.269;2.72;24.82
1983-04-30;12.03;17.11;22.18;0.0;23.979;1.68;33.04
1983-05-01;13.21;17.2;21.18;0.0;25.717;1.31;35.05
1983-05-02;14.47;19.66;24.85;0.0;19.272;1.51;28.42
1983-05-03;13.58;20.23;26.88;0.0;24.597;2.16;21.61
1983-05-04;15.63;21.32;27.0;0.0;18.833;1.22;25.99
1983-05-05;15.03;20.66;26.28;0.0;21.366;1.36;32.49
1983-05-06;14.5;19.71;24.93;0.0;14.079;1.7;33.66
1983-05-07;14.24;18.88;23.51;0.0;11.671;1.98;40.49
1983-05-08;13.46;18.41;23.35;0.0;11.913;2.34;34.38
1983-05-09;14.78;18.54;22.3;3.21;11.88;2.08;44.22
1983-05-10;14.35;18.97;23.59;2.65;13.641;1.8;40.69
1983-05-11;14.56;19.95;25.33;0.0;17.837;1.98;25.48
1983-05-12;14.15;19.02;23.9;0.0;20.524;1.53;26.18
1983-05-13;14.91;19.26;23.6;0.0;23.829;1.32;16.27
1983-05-14;15.47;20.02;24.57;0.0;27.643;1.02;17.44
1983-05-15;15.19;22.03;28.87;0.0;27.473;1.81;15.47
1983-05-16;15.8;22.55;29.29;0.0;26.881;2.39;14.64
1983-05-17;15.14;20.43;25.71;0.0;25.12;1.73;22.81
1983-05-18;16.67;20.12;23.56;0.0;26.719;2.38;44.64
1983-05-19;14.94;18.32;21.7;1.95;15.514;3.69;39.82
1983-05-20;13.98;18.34;22.69;3.81;11.668;5.01;37.71
1983-05-21;14.92;20.92;26.92;0.0;31.066;4.27;14.1
1983-05-22;15.47;19.73;24.0;2.05;9.407;2.38;35.67
1983-05-23;15.12;19.11;23.1;2.68;15.502;2.53;36.43
1983-05-24;14.73;19.51;24.28;23.92;19.026;3.25;28.02
1983-05-25;15.2;18.08;20.96;1.33;12.693;3.57;39.58
1983-05-26;16.54;22.34;28.13;0.0;22.743;3.04;28.6
1983-05-27;16.74;20.17;23.6;0.0;22.804;2.12;38.59
1983-05-28;16.04;21.5;26.96;0.0;25.079;1.5;17.65
1983-05-29;15.99;21.32;26.66;0.0;30.434;1.21;18.39
1983-05-30;16.95;22.13;27.3;0.0;29.614;1.02;18.61
1983-05-31;18.12;23.11;28.09;0.0;28.967;1.02;20.36
1983-06-01;17.83;22.57;27.32;0.0;18.092;1.39;28.95
1983-06-02;18.06;23.34;28.62;0.0;27.315;2.96;25.46
1983-06-03;18.84;24.48;30.12;0.0;26.475;1.39;21.3
1983-06-04;17.49;23.59;29.7;0.0;23.604;2.54;15.5
1983-06-05;16.87;22.81;28.75;0.0;29.848;2.49;19.11
1983-06-06;14.53;19.91;25.29;0.0;26.205;3.64;21.38
1983-06-07;14.14;19.16;24.19;0.0;31.736;4.19;16.51
1983-06-08;15.09;20.83;26.57;0.0;32.213;2.34;15.49
1983-06-09;18.6;23.77;28.95;0.0;16.833;2.02;18.5
1983-06-10;18.49;23.82;29.15;0.0;20.67;3.21;18.87
1983-06-11;19.08;23.97;28.86;0.0;22.086;2.49;23.86
1983-06-12;19.58;24.61;29.64;0.0;22.057;1.48;20.71
1983-06-13;17.16;22.38;27.6;0.0;13.364;2.49;24.68
1983-06-14;15.85;22.02;28.19;0.0;31.765;3.21;14.29
1983-06-15;14.88;21.21;27.55;0.0;32.119;2.37;14.97
1983-06-16;17.38;23.77;30.17;0.9;25.904;1.99;13.96
1983-06-17;17.84;22.39;26.94;2.13;20.782;1.02;33.22
1983-06-18;17.59;24.13;30.67;0.0;25.197;3.0;16.04
1983-06-19;14.94;19.71;24.49;0.0;28.3;3.53;16.74
1983-06-20;15.69;18.12;20.55;7.09;7.438;2.08;38.52
1983-06-21;15.52;19.04;22.56;0.0;31.645;4.77;18.82
1983-06-22;16.2;22.53;28.86;0.0;24.748;3.01;10.93
1983-06-23;18.31;24.05;29.78;0.0;23.046;3.43;16.63
1983-06-24;14.67;21.5;28.33;1.46;17.647;4.59;22.3
1983-06-25;15.73;21.62;27.51;0.0;32.702;3.81;14.48
1983-06-26;19.33;23.82;28.32;0.0;30.416;2.5;18.37
1983-06-27;18.78;25.13;31.47;0.0;29.135;2.72;19.54
1983-06-28;17.53;21.84;26.14;0.0;30.899;4.53;21.36
1983-06-29;17.52;22.42;27.33;0.0;27.466;2.72;15.65
1983-06-30;16.84;22.3;27.75;0.0;30.672;3.39;21.14
1983-07-01;18.71;24.0;29.29;0.0;31.6;1.54;14.68
1983-07-02;19.64;26.48;33.33;0.0;26.26;1.22;14.98
1983-07-03;19.75;25.48;31.22;0.0;27.624;2.28;20.99
1983-07-04;20.33;26.49;32.65;0.0;29.24;1.89;16.29
1983-07-05;21.51;26.7;31.9;0.0;27.849;1.37;20.25
1983-07-06;19.33;26.89;34.45;0.0;31.597;3.4;12.59
1983-07-07;17.88;23.17;28.47;0.0;30.222;3.75;14.67
1983-07-08;18.89;23.55;28.2;0.0;30.155;3.32;10.47
1983-07-09;20.24;25.26;30.28;0.0;30.08;2.41;17.36
1983-07-10;21.38;26.58;31.78;0.0;29.585;1.73;17.46
1983-07-11;22.64;28.7;34.75;0.0;25.507;1.52;17.64
1983-07-12;21.7;29.21;36.72;0.0;27.539;2.52;10.03
1983-07-13;21.19;27.63;34.07;0.0;23.122;2.22;6.5
1983-07-14;22.33;26.66;31.0;0.0;19.113;1.32;16.44
1983-07-15;21.79;27.49;33.19;0.0;26.961;1.54;15.3
1983-07-16;22.69;30.45;38.21;0.0;23.669;2.52;10.22
1983-07-17;19.29;26.88;34.47;0.0;21.847;3.24;6.27
1983-07-18;18.28;23.11;27.94;0.0;28.039;4.17;17.19
1983-07-19;19.36;23.8;28.25;0.0;28.36;2.23;17.13
1983-07-20;19.08;23.63;28.18;2.07;17.136;1.83;27.37
1983-07-21;20.21;22.62;25.02;0.0;21.865;1.12;44.22
1983-07-22;20.65;26.36;32.08;0.0;23.263;2.61;22.12
1983-07-23;21.02;28.14;35.26;0.0;26.221;3.35;14.53
1983-07-24;21.01;28.07;35.13;0.0;26.29;3.47;11.94
1983-07-25;19.18;23.81;28.44;1.61;27.794;2.77;19.34
1983-07-26;19.18;25.56;31.95;0.0;27.202;2.7;13.52
1983-07-27;21.11;26.3;31.49;0.0;25.903;1.22;26.52
1983-07-28;22.43;28.01;33.59;0.0;20.758;2.53;23.77
1983-07-29;22.51;28.08;33.65;0.0;26.049;1.62;24.18
1983-07-30;22.06;27.3;32.55;0.0;26.668;0.62;25.11
1983-07-31;19.8;25.09;30.38;0.0;26.155;3.89;21.96
1983-08-01;19.27;24.76;30.25;0.0;27.111;3.89;13.56
1983-08-02;20.77;25.84;30.9;0.0;27.041;2.12;15.37
1983-08-03;23.04;28.29;33.55;0.0;26.399;0.45;19.8
1983-08-04;23.46;29.45;35.43;1.99;26.598;0.5;12.67
1983-08-05;24.33;30.11;35.9;0.0;25.985;0.4;14.06
1983-08-06;24.06;30.27;36.48;0.0;26.109;0.56;12.67
1983-08-07;23.62;29.52;35.42;0.0;25.495;0.82;18.0
1983-08-08;23.97;29.88;35.79;0.0;25.606;1.01;9.97
1983-08-09;23.28;28.48;33.68;0.0;25.213;0.7;27.81
1983-08-10;25.01;30.63;36.24;0.0;25.739;0.8;13.94
1983-08-11;27.12;33.26;39.39;0.0;25.5;0.28;9.04
1983-08-12;25.33;32.19;39.04;0.0;25.212;1.0;7.61
1983-08-13;28.18;36.5;44.82;0.0;24.789;0.6;5.07
1983-08-14;19.89;31.05;42.22;0.0;24.349;3.19;6.96
1983-08-15;19.27;21.81;24.36;0.0;23.587;6.76;26.46
1983-08-16;18.23;21.25;24.27;12.98;8.974;3.57;49.69
1983-08-17;21.06;25.42;29.79;0.0;18.785;1.6;27.4
1983-08-18;22.6;28.94;35.27;0.0;23.792;0.8;17.08
1983-08-19;23.64;30.38;37.12;0.0;23.494;2.1;10.21
1983-08-20;22.22;29.42;36.62;0.0;23.781;2.77;13.74
1983-08-21;21.7;27.98;34.25;0.0;17.529;2.75;12.78
1983-08-22;22.15;26.61;31.08;0.0;14.901;1.98;22.98
1983-08-23;21.05;25.98;30.91;0.0;16.438;2.14;29.25
1983-08-24;20.25;26.04;31.82;0.0;22.586;2.22;22.67
1983-08-25;21.61;25.98;30.34;0.0;16.796;2.01;28.04
1983-08-26;22.49;25.84;29.2;0.0;17.976;1.71;42.2
1983-08-27;22.44;26.45;30.45;0.0;18.876;1.58;47.73
1983-08-28;21.34;27.8;34.25;0.0;22.128;2.7;22.98
1983-08-29;21.35;26.45;31.55;0.0;21.959;3.59;21.84
1983-08-30;21.34;25.49;29.65;0.52;12.272;2.2;31.74
1983-08-31;21.96;26.6;31.24;0.0;14.17;2.73;47.74
1983-09-01;20.81;26.41;32.01;2.53;17.443;2.0;36.72
1983-09-02;17.41;23.24;29.08;0.0;21.123;3.22;22.36
1983-09-03;16.64;21.91;27.19;0.0;21.756;3.12;15.33
1983-09-04;18.73;23.64;28.56;0.0;21.182;2.09;22.91
1983-09-05;19.37;24.37;29.36;0.0;15.636;0.9;19.48
1983-09-06;17.44;21.8;26.15;0.0;20.402;4.16;24.96
1983-09-07;17.26;22.23;27.21;0.72;20.79;3.61;19.39
1983-09-08;18.37;23.38;28.39;0.0;20.226;2.9;16.99
1983-09-09;19.11;24.03;28.95;0.0;20.256;1.75;21.57
1983-09-10;20.72;24.83;28.94;0.0;20.231;0.38;21.66
1983-09-11;20.65;25.29;29.92;0.0;20.321;0.22;24.68
1983-09-12;20.85;27.0;33.15;0.0;20.231;1.8;15.05
1983-09-13;20.41;26.73;33.06;0.0;19.675;1.54;17.43
1983-09-14;20.53;26.48;32.42;0.0;19.683;0.69;20.25
1983-09-15;19.58;23.63;27.68;0.0;15.452;1.3;58.17
1983-09-16;18.79;22.95;27.12;5.9;10.263;1.4;55.12
1983-09-17;18.93;22.25;25.58;4.6;9.667;3.08;64.85
1983-09-18;19.23;22.63;26.04;0.0;14.213;4.25;51.67
1983-09-19;20.01;24.39;28.76;0.0;16.241;2.17;44.9
1983-09-20;20.96;25.66;30.37;0.0;15.816;1.4;41.14
1983-09-21;21.47;27.31;33.16;0.0;15.476;1.51;19.62
1983-09-22;19.04;25.36;31.67;0.0;18.304;0.99;20.31
1983-09-23;17.69;22.87;28.05;0.0;12.798;3.41;28.31
1983-09-24;17.08;20.27;23.47;0.0;17.24;5.17;38.04
1983-09-25;17.13;21.66;26.18;0.0;17.213;2.61;29.74
1983-09-26;18.52;23.32;28.13;0.0;16.815;1.8;27.69
1983-09-27;15.96;20.1;24.24;2.07;17.233;4.3;30.69
1983-09-28;14.79;18.75;22.71;0.0;17.239;3.07;18.28
1983-09-29;16.6;21.91;27.22;0.0;16.033;2.93;22.77
1983-09-30;17.29;20.57;23.86;0.0;16.003;1.9;42.62
1983-10-01;18.5;21.68;24.86;0.78;12.832;3.78;74.76
1983-10-02;17.72;21.14;24.57;3.06;10.855;4.16;49.13
1983-10-03;16.14;19.04;21.94;0.0;15.638;3.5;34.11
1983-10-04;15.63;18.71;21.78;0.0;11.428;3.0;27.83
1983-10-05;14.99;18.32;21.66;1.52;8.827;3.65;37.63
1983-10-06;13.89;17.64;21.4;0.0;14.407;3.23;23.33
1983-10-07;13.63;16.61;19.59;1.35;14.882;1.92;29.22
1983-10-08;13.89;16.93;19.96;0.0;14.056;3.44;34.85
1983-10-09;14.24;17.86;21.48;0.0;15.257;2.59;35.19
1983-10-10;16.11;19.96;23.82;0.0;15.174;0.7;26.74
1983-10-11;16.94;20.73;24.51;0.0;11.225;0.6;20.88
1983-10-12;17.07;21.35;25.63;0.0;11.59;1.3;36.02
1983-10-13;17.63;21.53;25.43;4.9;9.246;3.3;54.18
1983-10-14;17.08;20.63;24.17;14.3;10.96;2.1;51.93
1983-10-15;17.19;20.24;23.29;0.0;12.133;2.82;73.2
1983-10-16;17.59;20.8;24.0;0.0;9.696;4.8;78.81
1983-10-17;17.15;20.69;24.23;2.31;5.902;4.39;73.17
1983-10-18;16.36;19.98;23.61;17.43;1.776;4.22;77.06
1983-10-19;17.2;19.99;22.79;2.9;11.306;2.92;65.23
1983-10-20;17.1;20.11;23.11;7.75;2.353;3.03;76.83
1983-10-21;14.44;17.97;21.5;42.16;2.153;3.44;80.94
1983-10-22;13.54;16.13;18.72;0.0;7.071;4.75;51.43
1983-10-23;13.53;17.19;20.85;0.0;9.931;3.37;35.79
1983-10-24;16.24;18.82;21.41;8.28;10.15;5.2;48.25
1983-10-25;13.22;16.68;20.15;0.21;10.356;2.33;42.19
1983-10-26;13.21;15.88;18.55;5.39;7.919;3.81;52.12
1983-10-27;14.77;17.66;20.56;13.12;5.194;3.24;68.01
1983-10-28;14.1;17.54;20.99;5.38;4.201;3.52;59.96
1983-10-29;15.37;18.07;20.77;0.0;9.005;0.84;42.0
1983-10-30;9.94;14.48;19.02;3.56;10.163;3.1;52.12
1983-10-31;9.8;13.18;16.55;1.81;7.473;2.81;47.48
1983-11-01;11.56;14.51;17.46;7.56;5.526;4.0;55.8
1983-11-02;12.25;15.26;18.27;1.28;10.365;3.54;52.06
1983-11-03;10.59;13.63;16.68;0.0;7.273;4.49;60.88
1983-11-04;10.42;13.55;16.69;0.0;10.823;4.07;55.77
1983-11-05;9.7;12.97;16.25;0.0;11.032;3.77;55.89
1983-11-06;9.99;13.04;16.09;0.0;6.926;3.37;63.16
1983-11-07;9.71;12.82;15.92;0.0;7.297;3.56;60.29
1983-11-08;8.49;10.93;13.36;0.0;3.643;5.06;62.98
1983-11-09;6.86;11.15;15.44;0.0;9.294;3.78;26.81
1983-11-10;11.03;14.26;17.49;9.18;3.572;4.2;53.18
1983-11-11;13.22;15.75;18.28;6.57;3.672;5.81;65.19
1983-11-12;10.89;14.26;17.62;18.22;1.477;4.33;69.65
1983-11-13;10.44;12.61;14.77;13.32;2.774;3.72;90.68
1983-11-14;7.01;10.41;13.82;12.51;2.214;4.48;70.04
1983-11-15;9.71;12.54;15.36;21.61;2.856;4.4;74.78
1983-11-16;7.0;9.41;11.82;0.0;3.971;5.74;78.32
1983-11-17;7.02;10.62;14.21;2.42;8.875;1.63;43.7
1983-11-18;9.66;12.21;14.77;10.81;1.861;2.86;60.38
1983-11-19;9.18;11.32;13.46;5.08;8.656;2.67;72.03
1983-11-20;8.95;11.48;14.01;0.0;9.032;1.56;60.42
1983-11-21;10.07;12.65;15.23;0.0;6.951;2.51;49.42
1983-11-22;11.2;13.4;15.61;11.99;4.037;4.02;70.93
1983-11-23;10.34;12.28;14.22;4.14;3.925;2.91;70.17
1983-11-24;7.59;11.12;14.65;13.24;5.752;2.77;52.59
1983-11-25;7.29;9.81;12.34;27.62;2.316;4.96;86.96
1983-11-26;8.31;11.56;14.81;1.49;6.285;3.19;41.31
1983-11-27;10.05;12.28;14.5;11.26;1.922;4.46;50.81
1983-11-28;8.5;11.05;13.6;26.58;1.263;3.35;70.22
1983-11-29;8.74;10.99;13.24;33.8;2.567;3.84;85.43
1983-11-30;8.16;10.21;12.26;0.0;3.468;4.16;76.81
1983-12-01;8.01;10.9;13.79;0.0;5.598;3.54;65.13
1983-12-02;4.09;8.71;13.34;4.39;5.066;6.02;48.18
1983-12-03;4.47;9.63;14.8;0.0;7.284;3.2;44.13
1983-12-04;7.92;10.52;13.12;0.0;4.789;4.13;62.64
1983-12-05;3.86;7.34;10.83;8.16;3.952;4.56;63.77
1983-12-06;3.91;6.76;9.62;1.47;5.064;5.84;54.45
1983-12-07;6.17;10.73;15.3;0.0;5.383;4.19;49.01
1983-12-08;10.69;12.57;14.46;0.0;4.586;3.39;72.57
1983-12-09;10.8;12.63;14.45;0.0;7.15;3.06;63.33
1983-12-10;11.09;12.86;14.62;0.0;6.814;4.28;61.21
1983-12-11;10.89;12.86;14.83;0.0;6.29;3.66;65.17
1983-12-12;10.29;12.38;14.46;0.0;3.059;3.59;69.48
1983-12-13;10.11;12.27;14.44;9.93;1.439;3.96;71.27
1983-12-14;9.85;12.21;14.58;1.28;3.024;1.48;73.79
1983-12-15;9.8;11.98;14.16;0.0;5.976;3.32;60.15
1983-12-16;10.32;12.36;14.4;2.72;3.05;5.59;79.9
1983-12-17;10.73;13.08;15.43;0.0;6.338;1.67;72.9
1983-12-18;10.23;12.38;14.54;0.0;6.483;2.68;74.52
1983-12-19;7.99;10.66;13.32;1.52;3.882;5.13;58.91
1983-12-20;7.81;10.05;12.3;0.0;3.586;3.94;60.12
1983-12-21;8.67;12.22;15.78;0.0;3.715;2.98;60.18
1983-12-22;11.32;13.96;16.6;0.0;6.228;2.65;56.26
1983-12-23;11.52;14.05;16.58;0.0;4.548;4.61;72.0
1983-12-24;8.71;11.73;14.76;0.42;3.762;4.96;58.29
1983-12-25;8.07;10.48;12.88;0.0;3.754;3.27;73.09
1983-12-26;7.78;11.11;14.44;0.0;6.665;2.13;54.23
1983-12-27;10.74;12.6;14.46;0.0;5.527;2.48;63.44
1983-12-28;10.84;12.8;14.77;0.0;5.796;4.44;81.7
1983-12-29;10.74;13.17;15.6;0.0;4.342;3.82;78.33
1983-12-30;8.52;11.9;15.29;0.0;5.351;0.96;56.18
1983-12-31;7.64;9.93;12.21;3.87;6.058;2.4;73.39
1984-01-01;5.14;8.42;11.7;0.0;7.226;4.48;50.11
1984-01-02;4.72;9.11;13.5;2.71;4.647;5.38;62.3
1984-01-03;4.62;7.9;11.18;0.0;8.529;5.87;43.18
1984-01-04;6.62;9.89;13.16;0.0;3.589;3.75;57.44
1984-01-05;7.58;9.77;11.95;0.0;6.609;3.43;61.36
1984-01-06;7.63;9.64;11.66;0.0;3.597;1.2;53.96
1984-01-07;4.8;8.05;11.3;3.56;2.35;1.67;59.5
1984-01-08;4.62;7.2;9.78;1.82;4.39;1.2;67.94
1984-01-09;6.09;8.69;11.29;5.18;2.913;2.32;67.76
1984-01-10;6.44;8.85;11.26;1.89;5.022;3.24;55.4
1984-01-11;6.47;8.78;11.09;2.65;6.084;3.85;56.48
1984-01-12;6.45;8.83;11.21;1.0;6.535;3.19;61.83
1984-01-13;6.13;8.73;11.33;0.0;8.78;1.68;49.8
1984-01-14;7.49;10.05;12.61;1.73;5.76;3.1;51.1
1984-01-15;6.91;9.55;12.19;1.72;6.421;5.1;55.12
1984-01-16;5.93;8.58;11.23;5.8;7.679;3.36;51.19
1984-01-17;4.25;7.33;10.42;6.93;4.527;3.99;76.66
1984-01-18;5.7;8.27;10.83;1.3;2.766;3.09;61.48
1984-01-19;5.55;8.4;11.26;0.0;6.534;2.2;59.53
1984-01-20;5.38;8.22;11.06;0.0;5.672;3.09;68.79
1984-01-21;4.32;7.58;10.85;14.15;2.658;2.14;69.15
1984-01-22;0.24;4.17;8.09;1.72;6.934;4.29;61.69
1984-01-23;1.22;3.94;6.66;0.0;10.347;3.7;51.0
1984-01-24;2.89;6.99;11.09;6.42;3.994;2.43;44.9
1984-01-25;7.57;10.32;13.06;3.85;3.393;1.87;75.13
1984-01-26;7.27;10.09;12.9;0.18;3.317;1.79;75.42
1984-01-27;5.24;8.04;10.85;2.91;2.646;3.55;72.0
1984-01-28;5.44;8.96;12.47;0.0;5.221;1.47;44.57
1984-01-29;7.59;11.17;14.75;0.0;6.798;2.96;56.86
1984-01-30;4.07;7.78;11.49;2.92;3.99;4.76;49.77
1984-01-31;2.6;4.96;7.33;0.0;6.461;5.16;51.01
1984-02-01;2.11;4.28;6.44;0.0;7.56;3.15;49.17
1984-02-02;2.63;5.24;7.85;0.42;5.228;1.12;37.85
1984-02-03;2.79;4.89;6.99;0.0;11.21;2.55;36.08
1984-02-04;3.3;6.1;8.9;0.0;10.324;0.38;30.54
1984-02-05;5.84;8.32;10.8;0.0;11.102;2.09;38.14
1984-02-06;6.82;9.48;12.15;0.73;5.097;4.9;60.21
1984-02-07;5.92;9.25;12.58;0.25;11.286;4.51;47.53
1984-02-08;8.11;12.36;16.6;0.66;9.094;3.24;60.78
1984-02-09;7.25;11.08;14.91;0.0;7.23;2.83;45.79
1984-02-10;7.02;10.18;13.34;0.22;4.741;3.24;57.48
1984-02-11;6.04;10.23;14.42;0.0;12.306;2.75;38.62
1984-02-12;7.57;11.13;14.7;0.0;12.324;0.67;55.07
1984-02-13;8.56;12.1;15.63;0.0;12.474;0.7;61.53
1984-02-14;8.03;12.11;16.19;0.0;12.025;2.06;59.97
1984-02-15;8.97;13.09;17.2;0.0;12.134;1.49;44.41
1984-02-16;8.49;12.89;17.3;0.0;12.095;2.46;43.93
1984-02-17;9.01;13.04;17.07;0.0;13.238;1.68;40.51
1984-02-18;8.02;11.9;15.79;0.0;12.784;3.76;42.68
1984-02-19;6.42;9.63;12.85;4.38;4.977;3.56;51.35
1984-02-20;5.66;7.39;9.12;5.23;2.893;4.18;74.17
1984-02-21;3.94;7.73;11.52;0.0;13.903;3.36;35.21
1984-02-22;6.68;11.09;15.51;0.0;5.961;2.89;43.73
1984-02-23;5.47;9.38;13.28;0.0;13.443;5.24;41.07
1984-02-24;4.97;9.95;14.92;0.0;14.744;2.54;26.0
1984-02-25;5.66;10.87;16.07;0.0;8.417;3.62;46.77
1984-02-26;5.33;10.5;15.67;0.44;11.921;4.39;27.8
1984-02-27;6.69;8.85;11.01;0.71;7.052;3.68;60.53
1984-02-28;6.76;11.57;16.38;0.0;14.633;1.3;46.4
1984-02-29;9.65;14.29;18.92;0.0;14.939;2.78;36.92
1984-03-01;6.88;11.1;15.32;0.0;12.513;3.27;49.76
1984-03-02;3.83;7.84;11.85;0.39;12.709;2.94;31.05
1984-03-03;2.44;4.94;7.44;0.0;15.485;4.65;46.72
1984-03-04;3.31;5.86;8.41;0.0;16.303;5.2;41.09
1984-03-05;5.64;9.71;13.79;0.0;15.526;5.05;42.15
1984-03-06;7.7;12.53;17.35;0.0;15.857;5.2;38.61
1984-03-07;7.59;11.07;14.56;0.0;15.614;3.88;46.14
1984-03-08;7.45;10.06;12.68;0.0;10.591;3.48;43.38
1984-03-09;4.89;8.53;12.16;0.0;17.099;6.17;37.62
1984-03-10;3.41;5.88;8.36;0.51;10.59;6.83;33.88
1984-03-11;5.44;8.49;11.54;0.0;17.54;3.2;29.47
1984-03-12;5.82;10.7;15.58;0.0;17.632;2.75;34.01
1984-03-13;6.8;11.83;16.86;0.0;17.786;2.75;37.56
1984-03-14;8.17;12.77;17.37;0.0;18.32;1.49;34.97
1984-03-15;9.47;13.24;17.01;0.0;18.617;0.69;39.32
1984-03-16;8.42;14.14;19.87;0.0;18.825;2.89;26.59
1984-03-17;9.12;14.55;19.99;0.0;18.907;3.5;19.61
1984-03-18;9.8;15.64;21.48;0.0;17.997;2.2;23.23
1984-03-19;11.19;17.8;24.42;0.0;17.73;2.38;10.66
1984-03-20;11.55;17.23;22.9;0.0;15.856;2.88;22.72
1984-03-21;10.52;15.47;20.43;0.0;12.048;1.59;35.98
1984-03-22;9.6;13.02;16.45;0.59;11.667;1.91;48.47
1984-03-23;6.51;12.04;17.58;3.67;7.578;3.48;38.46
1984-03-24;5.26;7.34;9.42;0.0;17.73;5.02;36.76
1984-03-25;1.83;4.74;7.65;0.0;15.212;6.82;40.72
1984-03-26;1.42;7.1;12.79;0.36;17.673;4.39;19.33
1984-03-27;5.51;10.06;14.61;0.0;20.449;3.59;23.75
1984-03-28;8.53;14.04;19.54;0.0;20.352;2.39;33.36
1984-03-29;9.9;14.75;19.61;0.0;19.253;2.93;32.45
1984-03-30;10.33;14.04;17.75;0.0;19.42;1.81;39.4
1984-03-31;10.36;15.99;21.63;0.0;17.489;3.54;32.86
1984-04-01;9.6;13.49;17.38;0.0;20.631;2.0;34.47
1984-04-02;10.86;14.09;17.32;0.0;20.196;2.57;49.78
1984-04-03;11.22;14.36;17.5;0.0;20.797;2.89;67.55
1984-04-04;10.06;14.8;19.55;0.0;21.486;2.61;37.38
1984-04-05;9.62;14.91;20.21;0.65;12.54;3.44;41.88
1984-04-06;7.8;10.83;13.87;2.48;9.634;4.22;53.86
1984-04-07;9.38;11.63;13.87;2.55;10.285;2.19;53.34
1984-04-08;1.67;7.53;13.39;1.34;6.727;4.16;44.32
1984-04-09;1.4;5.72;10.04;0.0;22.591;3.69;23.92
1984-04-10;4.59;8.61;12.62;1.97;13.58;2.5;28.81
1984-04-11;9.9;13.76;17.62;0.0;15.384;4.43;46.79
1984-04-12;9.83;13.68;17.54;0.0;14.342;3.07;40.3
1984-04-13;9.55;14.06;18.58;0.0;22.747;1.97;33.36
1984-04-14;9.81;14.4;18.99;0.0;14.608;1.98;30.38
1984-04-15;10.95;14.78;18.6;0.0;19.5;2.97;41.6
1984-04-16;10.3;16.62;22.93;0.0;16.747;3.95;38.8
1984-04-17;10.16;14.24;18.32;0.0;22.718;3.88;32.63
1984-04-18;10.25;14.29;18.32;0.0;23.026;3.05;28.48
1984-04-19;9.94;12.34;14.74;0.0;11.248;4.12;42.66
1984-04-20;9.97;13.12;16.26;0.0;14.482;3.15;43.71
1984-04-21;10.39;15.31;20.24;0.61;17.403;4.73;37.49
1984-04-22;9.75;13.32;16.9;1.11;17.054;4.27;28.55
1984-04-23;9.75;12.72;15.7;0.0;21.329;0.98;27.48
1984-04-24;9.36;12.01;14.66;3.02;10.507;1.17;48.57
1984-04-25;8.74;12.51;16.28;0.0;14.678;4.11;35.57
1984-04-26;8.32;11.25;14.18;0.0;20.882;3.01;29.02
1984-04-27;9.27;13.21;17.14;0.0;15.581;2.19;22.17
1984-04-28;8.68;11.38;14.07;1.89;10.447;4.02;31.58
1984-04-29;8.07;12.64;17.21;0.0;26.611;4.28;23.41
1984-04-30;10.24;15.93;21.63;0.0;23.912;3.56;18.74
1984-05-01;12.77;18.93;25.09;0.0;14.193;3.53;20.75
1984-05-02;13.21;19.73;26.24;0.0;24.933;3.37;20.11
1984-05-03;10.65;14.46;18.26;0.0;24.962;3.19;25.13
1984-05-04;9.28;14.28;19.28;0.0;14.433;2.86;27.46
1984-05-05;10.83;16.71;22.6;0.0;21.237;3.9;18.04
1984-05-06;10.77;17.65;24.53;0.0;20.726;2.18;20.01
1984-05-07;9.9;14.54;19.17;0.0;8.242;2.71;37.43
1984-05-08;9.25;15.48;21.72;0.0;26.961;3.0;18.65
1984-05-09;9.76;13.05;16.34;0.0;27.274;5.02;25.5
1984-05-10;10.36;15.16;19.97;0.0;28.229;3.81;17.2
1984-05-11;10.66;17.11;23.55;0.0;29.302;2.64;17.35
1984-05-12;13.66;20.24;26.83;0.0;26.937;1.23;12.47
1984-05-13;15.19;20.55;25.91;0.0;25.503;1.32;25.4
1984-05-14;15.54;20.73;25.92;0.0;26.559;0.51;23.12
1984-05-15;17.65;23.34;29.02;0.0;27.085;0.47;14.48
1984-05-16;17.81;23.5;29.19;0.0;27.399;0.58;15.73
1984-05-17;18.37;24.02;29.67;0.0;27.973;1.01;13.85
1984-05-18;15.28;21.18;27.08;3.28;15.682;1.03;23.27
1984-05-19;15.11;17.95;20.8;5.04;13.537;1.21;57.36
1984-05-20;14.95;20.03;25.11;0.0;21.762;2.11;44.5
1984-05-21;16.27;21.57;26.88;0.0;22.366;1.88;37.7
1984-05-22;15.65;21.25;26.84;0.0;19.34;2.56;31.7
1984-05-23;15.13;20.64;26.16;0.0;26.976;2.18;25.78
1984-05-24;16.44;22.57;28.7;0.0;26.599;1.7;23.62
1984-05-25;16.94;22.09;27.25;0.0;28.846;2.38;26.58
1984-05-26;16.07;21.81;27.56;0.0;17.776;3.04;24.55
1984-05-27;15.15;20.77;26.4;0.0;26.027;3.31;19.12
1984-05-28;15.01;20.43;25.85;0.0;27.645;2.77;25.85
1984-05-29;16.05;21.17;26.29;3.6;16.851;1.81;31.95
1984-05-30;14.75;20.59;26.43;0.0;29.208;1.7;12.47
1984-05-31;14.11;17.7;21.28;2.68;13.037;2.84;32.36
1984-06-01;13.81;19.43;25.04;0.0;30.007;2.37;25.16
1984-06-02;15.72;21.0;26.27;0.0;30.434;1.02;21.76
1984-06-03;17.53;21.41;25.3;0.0;19.393;1.3;30.41
1984-06-04;16.51;22.41;28.3;0.0;27.17;1.67;16.52
1984-06-05;16.55;22.02;27.5;0.0;30.219;2.48;17.41
1984-06-06;17.39;22.32;27.25;0.0;24.988;1.02;24.49
1984-06-07;15.74;21.44;27.14;0.0;30.377;3.46;18.43
1984-06-08;15.32;20.87;26.41;0.0;30.936;3.51;19.27
1984-06-09;15.7;20.64;25.58;0.0;29.813;1.65;25.28
1984-06-10;18.03;22.44;26.85;0.0;28.42;0.27;26.23
1984-06-11;18.64;23.38;28.11;0.0;23.628;0.4;27.77
1984-06-12;19.21;23.33;27.45;0.0;23.912;0.52;36.45
1984-06-13;19.35;23.84;28.33;0.0;26.516;0.71;33.06
1984-06-14;19.27;24.94;30.6;0.0;27.475;1.4;25.13
1984-06-15;18.75;24.55;30.36;0.81;29.373;1.59;22.58
1984-06-16;19.66;26.52;33.38;0.0;26.698;1.2;18.65
1984-06-17;15.89;20.55;25.22;0.0;31.795;5.15;22.18
1984-06-18;15.91;21.82;27.74;0.0;32.319;3.53;14.89
1984-06-19;20.09;25.27;30.44;0.0;28.568;0.81;19.63
1984-06-20;19.64;26.75;33.87;0.0;28.784;1.96;17.62
1984-06-21;18.43;23.11;27.79;0.0;25.885;2.37;22.71
1984-06-22;19.16;23.3;27.45;0.0;27.976;2.37;21.85
1984-06-23;20.11;25.54;30.96;0.0;23.562;1.4;22.3
1984-06-24;19.49;25.97;32.45;0.05;22.68;3.2;21.22
1984-06-25;18.73;22.34;25.94;0.71;17.543;0.5;34.44
1984-06-26;17.73;22.58;27.42;2.5;18.234;3.37;26.45
1984-06-27;17.21;21.52;25.82;0.52;21.743;4.15;21.23
1984-06-28;17.64;21.61;25.57;0.0;20.926;4.61;19.88
1984-06-29;17.89;23.43;28.97;0.0;29.264;3.12;18.91
1984-06-30;17.84;21.79;25.74;0.0;28.822;2.81;22.49
1984-07-01;20.28;27.32;34.37;0.0;25.789;3.0;20.16
1984-07-02;21.81;28.78;35.75;0.0;30.607;1.52;11.03
1984-07-03;21.21;26.66;32.12;0.0;23.991;2.18;18.13
1984-07-04;20.86;26.36;31.86;0.0;29.758;0.86;16.89
1984-07-05;21.22;27.03;32.84;0.0;30.79;1.02;15.48
1984-07-06;21.87;28.27;34.67;0.0;21.768;1.23;14.06
1984-07-07;17.48;25.07;32.66;0.0;21.71;3.9;16.36
1984-07-08;16.81;20.62;24.42;0.0;30.543;5.35;18.87
1984-07-09;16.86;22.58;28.3;0.0;29.921;3.03;16.21
1984-07-10;19.12;22.29;25.46;5.24;12.515;3.38;45.54
1984-07-11;18.21;21.82;25.43;0.0;22.74;4.17;25.38
1984-07-12;17.9;23.91;29.92;0.0;21.295;2.99;20.12
1984-07-13;19.66;23.62;27.57;0.0;23.163;2.29;31.48
1984-07-14;19.68;27.09;34.51;0.0;23.058;3.9;18.43
1984-07-15;18.23;22.62;27.01;0.0;28.515;3.91;24.95
1984-07-16;17.7;22.52;27.34;0.0;28.727;3.9;21.71
1984-07-17;17.47;22.8;28.14;0.0;28.007;3.98;19.98
1984-07-18;18.35;23.87;29.38;0.0;18.849;3.43;17.89
1984-07-19;18.81;21.41;24.02;4.8;14.635;2.42;31.03
1984-07-20;18.61;22.62;26.62;0.0;23.147;0.94;31.98
1984-07-21;20.42;22.48;24.55;4.53;23.256;1.02;59.36
1984-07-22;19.7;24.13;28.55;0.9;18.856;2.24;27.54
1984-07-23;19.7;22.8;25.91;0.0;26.674;1.21;41.57
1984-07-24;20.01;26.14;32.27;0.0;19.792;0.71;17.13
1984-07-25;18.09;22.91;27.74;0.0;25.519;4.23;23.85
1984-07-26;17.59;22.89;28.2;0.0;26.509;3.81;19.48
1984-07-27;18.81;24.59;30.37;0.0;26.171;2.27;18.59
1984-07-28;21.45;27.01;32.56;0.0;26.541;1.51;19.02
1984-07-29;20.8;26.85;32.91;0.0;26.578;3.04;19.51
1984-07-30;22.09;26.59;31.1;0.0;26.74;1.3;22.59
1984-07-31;22.74;28.52;34.3;0.0;24.837;0.41;17.42
1984-08-01;21.83;27.44;33.05;0.0;25.51;1.41;24.41
1984-08-02;22.85;29.1;35.35;0.0;25.777;1.2;18.58
1984-08-03;22.6;28.16;33.73;0.0;25.188;1.0;20.8
1984-08-04;22.85;28.25;33.64;0.0;25.252;1.0;24.07
1984-08-05;23.98;30.25;36.52;0.0;22.375;0.5;13.78
1984-08-06;25.12;31.16;37.19;0.0;23.845;1.2;13.82
1984-08-07;25.48;31.42;37.37;0.0;21.307;1.75;12.39
1984-08-08;19.48;27.12;34.76;0.0;21.273;3.67;11.01
1984-08-09;19.12;23.65;28.17;0.0;25.625;3.1;15.04
1984-08-10;21.25;25.24;29.23;0.0;24.957;1.3;16.61
1984-08-11;22.87;26.98;31.09;0.0;24.525;2.1;24.17
1984-08-12;22.94;29.59;36.23;0.0;21.837;2.2;14.94
1984-08-13;21.27;26.4;31.53;0.86;24.31;3.1;21.78
1984-08-14;21.88;26.73;31.59;0.0;24.326;1.29;18.4
1984-08-15;23.63;30.58;37.52;0.0;21.379;2.24;16.05
1984-08-16;24.66;30.85;37.05;0.0;18.052;2.98;14.87
1984-08-17;20.08;26.77;33.47;0.0;22.889;3.8;16.65
1984-08-18;19.32;24.45;29.58;0.0;23.499;3.0;15.35
1984-08-19;20.12;24.89;29.66;0.0;23.905;2.88;17.02
1984-08-20;21.05;25.36;29.66;0.0;23.826;1.27;21.73
1984-08-21;22.4;28.49;34.58;0.0;22.619;1.72;15.72
1984-08-22;19.06;24.2;29.34;0.0;21.718;3.58;23.63
1984-08-23;18.51;23.98;29.46;0.0;23.339;3.1;20.34
1984-08-24;21.21;25.87;30.52;0.0;23.773;1.31;12.4
1984-08-25;22.43;26.38;30.34;0.0;22.584;1.72;34.91
1984-08-26;23.04;27.41;31.79;0.0;22.093;1.41;29.98
1984-08-27;21.57;26.69;31.8;0.0;21.708;1.01;25.21
1984-08-28;21.61;25.84;30.08;0.0;18.667;0.9;28.49
1984-08-29;21.04;24.85;28.66;0.0;18.347;1.51;42.48
1984-08-30;21.15;25.18;29.21;0.0;16.203;1.36;35.92
1984-08-31;19.2;23.88;28.56;0.0;21.181;4.53;25.11
1984-09-01;19.2;22.96;26.73;0.0;21.676;2.2;32.78
1984-09-02;20.43;26.2;31.97;0.0;21.771;1.0;13.53
1984-09-03;20.84;26.85;32.86;0.0;21.385;1.4;13.26
1984-09-04;21.53;26.98;32.44;0.0;21.051;0.76;17.56
1984-09-05;22.27;25.97;29.67;0.0;20.428;1.3;43.27
1984-09-06;22.32;26.84;31.35;0.0;16.236;2.0;37.62
1984-09-07;21.15;25.27;29.38;0.0;12.783;3.12;51.57
1984-09-08;21.02;24.57;28.13;0.0;17.229;2.73;68.4
1984-09-09;18.69;23.43;28.17;1.72;19.976;3.56;26.16
1984-09-10;17.24;21.07;24.9;3.99;12.757;3.48;31.7
1984-09-11;16.63;20.09;23.54;0.0;16.208;3.67;35.53
1984-09-12;17.3;19.88;22.47;7.83;9.497;2.36;57.98
1984-09-13;17.86;21.0;24.14;3.9;14.996;1.7;45.63
1984-09-14;17.49;19.99;22.49;3.97;9.282;3.37;66.05
1984-09-15;17.49;20.59;23.7;1.48;12.055;2.27;50.54
1984-09-16;18.56;21.93;25.31;0.0;13.032;2.44;57.27
1984-09-17;18.79;22.72;26.65;2.0;9.622;3.67;49.7
1984-09-18;19.08;22.97;26.86;2.37;5.574;3.45;42.76
1984-09-19;18.92;22.58;26.24;3.74;9.608;1.66;44.68
1984-09-20;18.43;22.32;26.21;0.0;14.604;1.26;33.84
1984-09-21;17.88;22.98;28.09;0.0;16.333;1.79;32.04
1984-09-22;15.72;20.12;24.52;0.0;14.894;3.15;33.28
1984-09-23;15.59;19.39;23.19;0.0;17.912;3.83;28.92
1984-09-24;16.06;19.91;23.77;0.0;17.817;1.76;24.83
1984-09-25;18.3;21.87;25.43;0.0;17.254;0.22;29.87
1984-09-26;18.87;22.73;26.58;0.0;16.874;0.38;32.48
1984-09-27;18.84;23.78;28.72;0.0;16.949;1.61;25.18
1984-09-28;19.42;24.02;28.62;0.0;15.374;1.9;28.16
1984-09-29;18.91;22.41;25.91;0.0;12.018;3.5;47.63
1984-09-30;18.06;21.84;25.62;7.23;5.31;1.71;68.4
1984-10-01;17.88;21.29;24.69;14.56;4.818;1.61;80.41
1984-10-02;18.1;21.87;25.63;0.0;12.779;1.72;74.1
1984-10-03;18.59;22.66;26.72;4.21;7.181;3.32;69.52
1984-10-04;17.32;21.84;26.37;3.05;5.886;2.4;46.56
1984-10-05;15.13;18.99;22.85;0.0;13.394;2.25;30.51
1984-10-06;13.75;17.29;20.82;0.0;14.496;1.65;26.66
1984-10-07;14.63;17.74;20.85;0.0;15.543;3.41;25.07
1984-10-08;13.57;17.02;20.47;0.0;15.366;1.55;28.26
1984-10-09;16.85;19.36;21.86;0.0;14.314;0.9;24.8
1984-10-10;16.86;20.16;23.46;0.0;10.924;0.79;29.33
1984-10-11;17.81;21.14;24.48;0.0;13.664;0.9;43.15
1984-10-12;17.96;21.26;24.55;0.0;13.8;1.71;47.45
1984-10-13;15.67;19.64;23.6;7.76;4.438;4.08;59.64
1984-10-14;15.1;18.34;21.59;0.0;13.43;1.67;37.49
1984-10-15;17.14;19.96;22.78;0.0;12.332;2.1;54.65
1984-10-16;17.06;20.63;24.19;0.0;13.235;0.58;51.23
1984-10-17;17.26;20.79;24.32;0.0;13.314;0.68;51.86
1984-10-18;17.61;20.98;24.35;0.0;13.125;1.28;59.35
1984-10-19;17.66;21.01;24.35;0.0;12.979;1.54;57.52
1984-10-20;17.55;20.73;23.92;0.0;12.853;2.37;59.69
1984-10-21;17.46;20.85;24.24;0.0;11.992;2.61;49.77
1984-10-22;17.55;20.94;24.32;0.0;9.431;3.72;49.71
1984-10-23;14.92;19.21;23.5;0.0;9.607;3.51;37.84
1984-10-24;14.29;17.64;20.99;0.0;12.474;1.26;36.4
1984-10-25;14.03;16.79;19.54;0.0;11.345;1.79;36.5
1984-10-26;12.45;15.34;18.24;4.55;6.511;3.43;52.3
1984-10-27;12.49;16.02;19.54;1.73;5.644;3.61;51.34
1984-10-28;14.04;18.55;23.05;0.0;11.019;1.95;35.5
1984-10-29;10.63;14.17;17.71;0.0;10.718;3.51;35.9
1984-10-30;10.04;13.16;16.29;0.0;12.076;6.42;37.61
1984-10-31;10.3;14.16;18.02;0.0;11.716;4.71;36.73
1984-11-01;12.18;15.45;18.71;0.0;5.85;1.25;40.1
1984-11-02;14.94;17.62;20.3;0.0;4.312;3.81;48.54
1984-11-03;12.39;15.93;19.47;0.0;6.908;3.75;38.55
1984-11-04;12.0;14.28;16.55;0.0;10.016;2.21;41.12
1984-11-05;11.12;13.93;16.74;3.45;4.942;3.01;44.42
1984-11-06;10.06;13.4;16.74;8.51;2.538;4.07;67.1
1984-11-07;12.62;15.39;18.16;0.0;9.844;4.93;63.22
1984-11-08;11.31;14.66;18.02;0.0;6.61;3.9;60.08
1984-11-09;9.69;12.47;15.26;0.0;10.449;4.9;52.22
1984-11-10;9.2;11.6;14.0;3.44;5.964;5.6;54.14
1984-11-11;9.53;11.89;14.26;0.0;4.067;5.45;45.84
1984-11-12;9.21;12.3;15.38;0.0;9.989;4.71;37.21
1984-11-13;9.69;12.94;16.19;0.0;6.833;3.49;52.61
1984-11-14;11.68;15.37;19.06;1.43;7.568;3.08;43.04
1984-11-15;9.35;12.27;15.19;3.28;8.713;3.37;36.06
1984-11-16;11.45;14.38;17.3;1.25;3.147;2.62;46.54
1984-11-17;13.16;15.94;18.72;5.68;5.016;3.39;77.56
1984-11-18;13.53;16.32;19.12;93.73;0.341;2.38;84.48
1984-11-19;13.54;16.84;20.14;4.86;2.558;4.08;73.14
1984-11-20;12.98;16.41;19.84;13.43;2.316;3.17;76.82
1984-11-21;13.25;16.61;19.96;24.28;0.737;3.55;74.11
1984-11-22;13.65;16.43;19.21;0.0;8.211;1.24;49.08
1984-11-23;12.49;15.6;18.71;4.45;4.601;1.21;64.08
1984-11-24;11.76;14.43;17.1;0.0;6.285;1.81;60.27
1984-11-25;12.6;15.41;18.22;2.6;3.149;2.89;65.57
1984-11-26;9.72;13.43;17.13;0.0;8.121;2.05;43.95
1984-11-27;8.35;11.18;14.01;0.0;8.326;2.58;53.24
1984-11-28;10.14;12.32;14.51;4.19;4.121;1.86;58.17
1984-11-29;5.7;9.54;13.39;22.03;5.289;2.92;56.36
1984-11-30;5.67;8.63;11.59;22.1;2.324;5.25;69.23
1984-12-01;6.62;8.94;11.26;0.0;6.291;3.65;63.75
1984-12-02;5.26;7.66;10.05;0.0;5.692;4.42;71.43
1984-12-03;5.07;7.13;9.19;0.0;4.681;4.56;71.44
1984-12-04;5.05;7.5;9.95;5.93;2.368;3.28;77.14
1984-12-05;5.43;7.91;10.38;2.39;4.111;3.93;64.03
1984-12-06;5.19;7.98;10.77;2.97;5.039;3.66;50.91
1984-12-07;6.46;8.66;10.86;4.25;3.524;5.6;60.89
1984-12-08;3.57;6.71;9.84;5.42;3.163;5.22;70.07
1984-12-09;2.45;5.04;7.64;1.31;3.982;5.89;75.13
1984-12-10;1.72;4.11;6.5;4.6;3.547;5.49;86.13
1984-12-11;1.96;5.69;9.41;0.0;5.94;2.18;43.07
1984-12-12;5.89;8.28;10.66;11.28;3.792;6.27;60.99
1984-12-13;6.04;7.97;9.91;2.7;4.237;5.62;68.91
1984-12-14;6.75;9.11;11.46;2.23;6.473;5.16;59.69
1984-12-15;7.45;9.78;12.1;4.33;3.967;4.21;66.82
1984-12-16;4.32;7.76;11.2;2.54;4.52;3.58;60.02
1984-12-17;3.46;6.07;8.69;0.0;5.707;4.37;58.43
1984-12-18;4.95;8.31;11.67;0.0;4.097;3.97;44.33
1984-12-19;8.14;11.26;14.38;0.0;5.818;4.69;54.95
1984-12-20;9.57;11.86;14.15;2.87;2.945;4.96;74.74
1984-12-21;10.61;13.59;16.58;1.18;2.66;4.68;75.15
1984-12-22;7.74;11.52;15.3;1.88;5.49;4.47;47.48
1984-12-23;8.52;11.69;14.86;0.79;4.635;2.87;58.55
1984-12-24;9.23;12.05;14.88;0.0;4.821;3.07;75.19
1984-12-25;9.22;12.41;15.6;1.55;2.97;3.25;75.72
1984-12-26;10.74;13.9;17.06;3.0;3.853;4.64;78.99
1984-12-27;11.54;13.81;16.08;1.52;3.737;4.98;85.88
1984-12-28;10.76;13.18;15.6;1.11;3.089;6.72;87.2
1984-12-29;8.61;11.17;13.73;0.0;5.173;6.13;59.89
1984-12-30;8.49;11.12;13.75;0.0;7.996;3.28;48.25
1984-12-31;9.33;12.04;14.75;0.0;4.704;3.19;58.7
