iso-date;tmin;tavg;tmax;precip;globrad;wind;relhumid
1980-01-01;4.76;11.03;17.3;0.0;11.793;0.94;28.05
1980-01-02;5.44;10.58;15.71;0.0;5.4;0.7;56.96
1980-01-03;6.66;12.29;17.91;0.0;10.842;0.8;48.27
1980-01-04;8.07;10.98;13.89;4.16;6.265;3.25;75.57
1980-01-05;2.49;6.92;11.35;1.63;8.299;4.26;55.15
1980-01-06;-1.53;3.88;9.29;0.0;12.631;1.62;21.34
1980-01-07;-0.61;5.29;11.19;0.0;12.421;0.66;20.29
1980-01-08;2.68;7.59;12.5;0.0;6.407;2.82;29.71
1980-01-09;6.54;9.45;12.35;13.1;6.442;4.44;67.28
1980-01-10;6.05;8.11;10.17;6.96;7.959;4.34;75.39
1980-01-11;5.82;8.81;11.8;1.67;8.181;3.06;56.87
1980-01-12;1.84;8.45;15.05;0.0;12.558;1.36;27.44
1980-01-13;3.96;10.34;16.71;0.0;12.802;2.71;14.9
1980-01-14;5.88;11.22;16.56;6.77;8.974;3.53;25.01
1980-01-15;7.8;10.47;13.15;5.96;7.189;4.01;79.0
1980-01-16;7.75;11.45;15.14;0.0;5.224;3.16;59.63
1980-01-17;6.14;11.69;17.23;0.0;8.753;1.5;50.66
1980-01-18;5.07;12.24;19.41;0.0;13.034;1.09;34.19
1980-01-19;4.83;12.6;20.37;0.0;13.242;1.09;27.39
1980-01-20;4.65;12.31;19.97;0.0;13.8;1.08;25.91
1980-01-21;4.12;11.94;19.76;0.0;15.225;1.08;22.06
1980-01-22;3.36;10.71;18.06;0.0;14.331;1.29;27.97
1980-01-23;3.64;11.04;18.43;0.0;13.833;1.59;30.92
1980-01-24;4.31;11.68;19.06;0.0;13.948;0.99;24.66
1980-01-25;4.31;11.55;18.8;0.0;13.87;0.99;27.48
1980-01-26;4.2;11.91;19.62;0.0;14.087;0.76;28.16
1980-01-27;5.11;12.27;19.43;0.0;14.176;1.08;26.91
1980-01-28;4.33;11.44;18.55;0.0;14.351;0.89;31.4
1980-01-29;3.3;10.23;17.16;0.0;14.508;0.59;32.62
1980-01-30;3.7;10.14;16.59;0.0;14.521;0.78;34.26
1980-01-31;2.7;9.5;16.3;0.0;15.0;1.59;28.27
1980-02-01;1.11;8.57;16.03;0.0;15.366;1.49;23.33
1980-02-02;1.49;9.76;18.03;0.0;16.756;1.18;17.65
1980-02-03;2.58;10.78;18.98;0.0;16.531;0.99;17.04
1980-02-04;4.76;13.09;21.43;0.0;11.095;1.27;24.13
1980-02-05;8.93;15.61;22.28;0.0;12.398;2.29;23.07
1980-02-06;9.54;14.87;20.19;0.28;12.099;2.55;28.22
1980-02-07;9.02;13.9;18.78;0.0;11.965;0.48;42.9
1980-02-08;7.33;13.6;19.87;3.97;14.761;1.79;38.62
1980-02-09;8.78;11.61;14.43;20.36;6.737;4.08;79.49
1980-02-10;8.42;11.34;14.26;6.36;9.643;2.93;72.57
1980-02-11;8.74;11.3;13.86;6.84;6.416;2.49;79.21
1980-02-12;7.37;10.85;14.32;13.97;8.603;2.8;72.36
1980-02-13;5.56;7.32;9.08;12.13;5.041;3.11;76.32
1980-02-14;5.46;7.2;8.94;11.55;10.637;2.32;58.65
1980-02-15;4.27;7.42;10.56;0.0;12.693;1.19;45.06
1980-02-16;1.83;6.39;10.95;0.0;16.321;0.49;36.74
1980-02-17;4.36;7.29;10.21;0.0;13.233;0.49;41.34
1980-02-18;2.07;7.79;13.51;0.0;16.146;0.8;31.12
1980-02-19;3.01;9.45;15.88;0.85;13.161;0.7;31.88
1980-02-20;6.35;9.96;13.56;0.0;11.861;0.4;50.02
1980-02-21;6.52;10.0;13.49;0.0;12.652;0.41;42.16
1980-02-22;6.87;10.21;13.55;0.0;11.426;0.61;45.04
1980-02-23;6.34;8.65;10.96;8.48;9.671;2.84;65.45
1980-02-24;5.6;7.92;10.24;0.48;11.487;2.18;48.8
1980-02-25;6.92;9.41;11.89;20.75;10.205;4.02;64.97
1980-02-26;4.13;7.29;10.46;0.0;13.802;2.83;40.45
1980-02-27;4.37;8.08;11.79;0.0;7.62;2.44;39.83
1980-02-28;7.42;8.71;9.99;25.4;14.071;3.56;75.09
1980-02-29;0.0;0.0;0.0;0.0;0.0;0.0;0.0
1980-03-01;7.9;10.14;12.39;5.14;9.486;2.99;75.88
1980-03-02;5.79;10.17;14.55;0.0;15.117;0.9;41.03
1980-03-03;6.46;8.71;10.96;15.76;14.056;2.74;71.48
1980-03-04;5.86;8.18;10.5;7.54;8.262;2.47;58.56
1980-03-05;2.85;8.92;14.98;0.0;18.928;0.8;33.43
1980-03-06;3.8;11.2;18.59;0.0;19.353;1.76;28.31
1980-03-07;5.03;12.53;20.03;0.0;20.07;0.53;26.6
1980-03-08;6.87;14.35;21.82;0.0;20.14;1.1;26.69
1980-03-09;8.47;15.62;22.76;0.0;20.558;2.02;17.67
1980-03-10;8.52;16.18;23.84;0.0;20.561;1.83;15.47
1980-03-11;7.82;16.09;24.37;0.0;20.715;0.9;18.0
1980-03-12;10.63;18.14;25.64;2.63;15.909;2.03;27.53
1980-03-13;15.2;21.87;28.53;0.0;17.633;4.03;14.6
1980-03-14;14.5;21.46;28.42;0.0;21.517;3.27;14.35
1980-03-15;10.51;16.21;21.92;6.37;16.22;2.41;35.3
1980-03-16;8.84;11.65;14.46;1.97;16.652;3.1;49.11
1980-03-17;8.83;11.32;13.8;0.0;11.172;1.65;54.42
1980-03-18;8.12;13.61;19.11;0.0;20.553;0.19;31.8
1980-03-19;6.92;14.75;22.57;0.0;23.025;1.61;23.88
1980-03-20;8.87;17.85;26.83;0.0;23.915;0.79;18.18
1980-03-21;12.17;20.03;27.89;0.0;21.886;2.03;15.32
1980-03-22;9.94;18.52;27.1;0.0;23.406;1.21;16.17
1980-03-23;8.51;16.39;24.27;0.0;23.475;0.79;23.76
1980-03-24;9.74;16.77;23.8;0.0;23.49;1.1;26.86
1980-03-25;8.73;17.14;25.56;0.0;24.132;1.2;19.08
1980-03-26;10.88;15.22;19.56;0.0;13.389;1.92;44.75
1980-03-27;8.05;13.93;19.81;0.0;24.532;2.21;27.61
1980-03-28;6.06;13.92;21.78;0.0;25.508;1.1;17.41
1980-03-29;6.99;13.33;19.67;0.0;18.453;1.38;32.29
1980-03-30;8.76;14.95;21.13;0.0;22.796;0.37;27.86
1980-03-31;6.69;14.23;21.77;0.0;24.176;0.78;24.33
1980-04-01;9.46;13.41;17.35;4.28;17.029;2.08;50.81
1980-04-02;8.91;13.42;17.93;0.0;18.545;1.58;37.69
1980-04-03;12.43;15.55;18.67;2.06;15.784;2.44;66.87
1980-04-04;11.75;14.94;18.13;0.0;12.825;1.28;44.2
1980-04-05;10.73;15.78;20.82;1.28;21.271;2.85;30.61
1980-04-06;8.19;10.65;13.11;1.51;14.4;4.52;50.46
1980-04-07;8.21;10.03;11.84;4.43;12.757;4.08;55.78
1980-04-08;8.2;11.69;15.18;0.0;18.667;1.73;35.8
1980-04-09;7.66;9.66;11.66;3.79;21.637;0.55;39.74
1980-04-10;7.5;10.91;14.32;1.9;21.788;3.13;37.24
1980-04-11;5.79;11.53;17.27;0.0;21.637;1.8;29.46
1980-04-12;4.67;12.21;19.76;0.0;25.701;0.78;24.69
1980-04-13;6.31;13.44;20.57;0.0;22.759;1.09;29.37
1980-04-14;9.42;16.15;22.88;0.0;25.904;1.73;28.03
1980-04-15;7.8;15.5;23.19;0.0;26.188;0.99;25.72
1980-04-16;8.09;15.18;22.27;0.0;25.523;1.79;27.94
1980-04-17;11.24;16.72;22.2;0.0;25.585;2.79;28.82
1980-04-18;10.4;15.66;20.91;0.0;22.416;2.91;31.96
1980-04-19;8.21;14.49;20.76;0.0;26.416;3.07;27.99
1980-04-20;5.82;11.2;16.58;0.0;22.967;2.28;28.29
1980-04-21;5.61;10.64;15.67;0.0;20.078;1.19;28.61
1980-04-22;4.62;11.09;17.55;0.0;24.129;1.29;27.84
1980-04-23;7.62;10.42;13.22;0.0;16.178;0.65;45.52
1980-04-24;7.45;12.5;17.55;2.42;23.273;2.27;32.63
1980-04-25;9.19;12.64;16.1;4.09;16.68;3.34;40.7
1980-04-26;10.17;15.45;20.72;0.0;23.275;2.27;28.26
1980-04-27;9.0;13.88;18.77;2.23;12.289;2.96;32.63
1980-04-28;9.27;13.61;17.94;2.87;22.474;4.81;34.94
1980-04-29;11.57;15.2;18.83;0.12;18.752;3.36;33.48
1980-04-30;11.79;15.78;19.76;0.0;12.361;2.31;34.09
1980-05-01;15.02;18.12;21.22;0.0;16.372;3.1;35.54
1980-05-02;16.49;18.38;20.28;5.66;19.189;2.82;59.08
1980-05-03;16.22;18.31;20.41;0.0;13.588;0.81;48.73
1980-05-04;12.17;17.39;22.6;0.0;24.834;1.0;31.1
1980-05-05;15.53;20.25;24.97;0.0;29.595;1.4;27.59
1980-05-06;11.23;20.31;29.4;0.0;30.507;1.09;18.41
1980-05-07;13.29;18.37;23.44;0.0;27.854;1.4;29.45
1980-05-08;13.65;18.71;23.76;0.0;25.639;1.72;28.47
1980-05-09;8.55;16.37;24.19;0.0;28.68;1.08;25.22
1980-05-10;11.2;15.3;19.41;0.0;19.551;2.73;36.3
1980-05-11;12.99;16.18;19.37;0.0;18.512;2.42;31.51
1980-05-12;12.19;17.41;22.64;0.89;25.157;2.98;27.4
1980-05-13;13.67;16.96;20.26;0.0;20.583;3.52;31.66
1980-05-14;13.67;16.95;20.22;0.0;19.486;3.76;30.68
1980-05-15;13.13;16.34;19.55;1.25;21.076;3.76;34.6
1980-05-16;12.87;15.27;17.66;0.0;18.158;2.08;33.87
1980-05-17;12.51;14.88;17.25;0.0;15.981;1.78;33.88
1980-05-18;11.59;16.34;21.08;0.0;25.574;1.06;28.95
1980-05-19;8.36;16.83;25.3;0.0;28.843;1.02;18.73
1980-05-20;9.56;17.67;25.78;0.0;29.242;1.39;21.1
1980-05-21;13.08;17.91;22.73;0.0;21.654;1.59;31.53
1980-05-22;12.32;17.17;22.02;0.0;23.388;1.49;29.65
1980-05-23;10.88;17.37;23.85;0.0;28.266;2.77;25.26
1980-05-24;12.59;18.9;25.21;0.0;28.015;3.17;25.89
1980-05-25;13.39;20.3;27.2;0.0;28.474;3.09;21.61
1980-05-26;13.56;22.06;30.56;0.0;29.342;2.0;14.24
1980-05-27;13.03;22.02;31.02;0.0;29.722;1.1;13.28
1980-05-28;13.3;20.96;28.62;0.0;29.811;1.79;19.08
1980-05-29;12.11;19.41;26.71;0.0;27.713;2.07;22.83
1980-05-30;14.16;19.89;25.63;0.0;26.778;1.79;24.93
1980-05-31;9.8;17.75;25.69;0.0;29.846;1.39;20.85
1980-06-01;9.78;17.55;25.32;0.0;29.767;1.43;22.35
1980-06-02;9.99;17.62;25.25;0.0;27.475;1.1;22.73
1980-06-03;10.73;18.13;25.53;0.0;28.842;1.49;22.93
1980-06-04;10.63;18.23;25.82;0.0;29.617;1.35;20.92
1980-06-05;10.65;18.48;26.31;0.0;29.411;1.41;19.83
1980-06-06;10.66;18.04;25.42;0.0;29.59;1.49;22.21
1980-06-07;10.88;17.62;24.36;0.0;26.822;1.06;24.92
1980-06-08;11.13;17.19;23.25;0.0;22.664;1.79;29.47
1980-06-09;15.57;21.29;27.01;0.0;26.189;3.91;19.63
1980-06-10;14.61;21.41;28.21;0.0;28.054;3.15;15.4
1980-06-11;15.18;22.1;29.02;0.0;27.156;2.9;13.54
1980-06-12;14.75;21.85;28.95;0.0;26.075;1.89;13.66
1980-06-13;12.97;20.09;27.21;0.0;25.072;1.31;22.91
1980-06-14;13.84;20.05;26.26;0.0;26.477;1.9;24.45
1980-06-15;11.52;19.8;28.09;0.0;29.245;1.41;19.36
1980-06-16;12.2;19.69;27.17;0.0;28.993;1.99;21.08
1980-06-17;15.44;20.88;26.31;0.0;26.444;3.33;21.48
1980-06-18;15.78;19.75;23.72;0.0;22.772;3.92;28.15
1980-06-19;15.42;20.55;25.68;0.0;26.102;2.58;23.15
1980-06-20;15.64;19.12;22.6;1.57;22.378;2.8;41.4
1980-06-21;15.39;20.31;25.24;0.0;25.912;2.29;25.41
1980-06-22;14.79;19.79;24.78;0.0;25.356;2.29;26.09
1980-06-23;13.57;19.66;25.74;0.0;26.895;2.1;21.96
1980-06-24;12.31;19.11;25.91;0.0;29.052;1.7;21.07
1980-06-25;11.99;19.12;26.25;0.0;29.545;1.89;21.28
1980-06-26;13.09;20.32;27.56;0.0;29.173;2.0;20.42
1980-06-27;14.89;22.22;29.55;0.0;27.321;3.36;14.81
1980-06-28;16.62;22.84;29.05;0.0;28.438;3.96;16.88
1980-06-29;15.15;21.57;28.0;0.0;28.572;2.81;21.65
1980-06-30;14.54;22.55;30.57;0.0;29.671;2.66;14.91
1980-07-01;15.66;24.44;33.21;0.0;26.747;2.72;13.38
1980-07-02;18.42;23.73;29.04;0.0;27.327;2.95;22.05
1980-07-03;17.56;22.1;26.65;0.0;24.78;2.2;26.42
1980-07-04;16.7;21.67;26.65;0.0;26.732;2.92;21.97
1980-07-05;15.81;21.23;26.65;0.0;27.95;2.92;20.78
1980-07-06;15.88;19.97;24.06;0.0;21.503;2.1;32.37
1980-07-07;13.36;20.05;26.75;0.0;29.488;3.1;16.21
1980-07-08;14.66;21.88;29.11;0.0;29.068;3.52;14.23
1980-07-09;14.71;21.94;29.16;0.0;28.872;2.61;17.21
1980-07-10;14.69;22.0;29.3;0.0;29.068;1.99;16.4
1980-07-11;12.64;21.02;29.4;0.0;29.514;1.8;14.08
1980-07-12;12.99;19.79;26.58;0.0;26.482;1.41;22.66
1980-07-13;14.5;20.67;26.84;0.0;28.326;2.61;19.78
1980-07-14;16.79;22.49;28.2;0.0;27.89;3.51;17.96
1980-07-15;15.72;23.65;31.58;0.0;29.019;4.14;14.29
1980-07-16;16.44;24.07;31.69;0.0;28.576;4.05;15.38
1980-07-17;15.85;26.15;36.45;0.0;28.941;2.92;10.54
1980-07-18;16.98;27.07;37.16;0.0;28.394;1.73;10.83
1980-07-19;18.82;26.23;33.63;0.0;28.288;2.3;14.94
1980-07-20;21.28;25.73;30.18;0.0;25.079;2.29;23.49
1980-07-21;21.82;26.86;31.9;0.0;26.475;2.89;19.24
1980-07-22;16.62;24.65;32.67;0.0;28.138;2.4;15.63
1980-07-23;18.26;24.16;30.05;0.0;26.423;2.88;20.09
1980-07-24;15.57;23.49;31.41;0.0;27.552;2.8;14.8
1980-07-25;18.32;29.09;39.87;0.0;26.279;2.5;9.7
1980-07-26;27.28;33.56;39.84;0.0;22.356;1.98;12.56
1980-07-27;26.28;32.5;38.73;0.0;22.885;2.09;14.72
1980-07-28;24.8;31.13;37.47;0.0;21.05;2.29;17.2
1980-07-29;20.67;28.53;36.39;0.0;25.962;1.77;15.64
1980-07-30;19.04;24.75;30.46;0.0;26.682;2.45;21.3
1980-07-31;20.69;24.86;29.03;0.0;24.216;2.19;22.44
1980-08-01;20.2;25.49;30.79;0.0;26.844;3.28;18.6
1980-08-02;17.76;25.95;34.15;0.0;27.818;3.08;12.22
1980-08-03;16.7;23.96;31.22;0.0;26.632;2.24;18.52
1980-08-04;19.13;24.32;29.51;0.0;26.124;2.77;19.57
1980-08-05;14.69;22.68;30.68;0.0;27.818;2.82;14.41
1980-08-06;17.09;25.94;34.78;0.0;27.518;3.27;9.75
1980-08-07;17.51;26.08;34.65;0.0;25.023;2.48;11.58
1980-08-08;19.43;27.27;35.12;0.0;22.973;2.48;13.52
1980-08-09;19.15;27.57;35.99;0.0;23.534;1.37;13.22
1980-08-10;21.23;26.02;30.82;0.0;24.804;3.11;23.94
1980-08-11;22.17;25.19;28.2;0.0;21.677;2.29;29.89
1980-08-12;22.2;26.34;30.47;0.0;22.943;3.49;23.57
1980-08-13;19.41;27.54;35.67;0.0;26.168;3.01;14.79
1980-08-14;21.07;26.38;31.69;0.0;24.351;2.48;21.9
1980-08-15;20.52;24.96;29.41;0.0;23.26;2.53;23.46
1980-08-16;17.62;24.76;31.9;0.0;25.582;3.1;16.92
1980-08-17;18.39;27.82;37.24;0.0;23.314;1.76;12.57
1980-08-18;19.54;29.02;38.49;0.0;22.912;0.9;13.67
1980-08-19;21.45;29.89;38.33;0.0;21.802;0.98;18.11
1980-08-20;21.06;29.89;38.72;0.0;21.539;0.88;18.83
1980-08-21;19.37;28.11;36.85;0.0;21.566;0.91;17.56
1980-08-22;19.4;28.29;37.17;0.0;23.937;0.65;17.57
1980-08-23;18.65;26.8;34.95;0.0;25.143;1.79;15.87
1980-08-24;19.43;28.32;37.22;0.0;23.367;1.47;14.84
1980-08-25;21.5;29.4;37.3;0.0;22.448;1.31;14.76
1980-08-26;22.87;28.85;34.83;0.0;19.473;2.56;16.8
1980-08-27;20.34;28.04;35.74;0.0;21.707;1.79;16.66
1980-08-28;19.49;27.12;34.75;0.0;21.537;1.42;15.89
1980-08-29;19.04;26.51;33.98;0.0;21.813;1.38;16.39
1980-08-30;17.81;25.66;33.52;0.0;24.366;1.49;15.89
1980-08-31;17.59;25.49;33.39;0.0;22.996;1.59;16.67
1980-09-01;18.04;25.41;32.77;0.0;21.311;1.28;19.54
1980-09-02;18.3;25.59;32.87;0.0;20.717;1.49;19.12
1980-09-03;18.0;23.95;29.9;0.0;23.925;2.92;23.99
1980-09-04;17.12;23.52;29.91;0.0;23.957;2.35;21.77
1980-09-05;16.57;25.19;33.81;0.0;23.848;1.68;16.22
1980-09-06;17.59;25.95;34.32;0.0;22.726;1.97;14.71
1980-09-07;21.18;25.95;30.71;3.09;21.982;1.97;26.29
1980-09-08;19.5;24.39;29.28;0.0;20.104;1.59;29.08
1980-09-09;18.49;22.49;26.49;0.91;12.978;1.68;37.66
1980-09-10;17.3;19.84;22.39;0.0;14.976;2.66;37.14
1980-09-11;15.49;20.52;25.55;0.0;23.921;1.88;24.43
1980-09-12;13.99;21.55;29.1;0.0;23.491;1.68;18.63
1980-09-13;15.44;22.57;29.7;0.0;23.18;2.5;21.18
1980-09-14;17.9;23.13;28.37;0.0;20.952;2.99;28.97
1980-09-15;16.78;21.8;26.82;0.0;17.536;1.98;32.91
1980-09-16;15.97;22.05;28.14;0.0;22.839;2.13;25.12
1980-09-17;16.2;23.45;30.69;0.0;22.97;1.98;17.76
1980-09-18;17.63;25.51;33.38;0.0;20.128;1.87;13.99
1980-09-19;21.39;27.68;33.97;0.0;20.088;3.63;14.71
1980-09-20;20.01;26.47;32.92;0.0;18.954;2.76;17.99
1980-09-21;18.51;21.83;25.14;9.89;13.392;1.02;43.11
1980-09-22;18.08;20.23;22.37;5.61;11.864;2.26;56.87
1980-09-23;17.49;19.8;22.11;0.0;11.651;1.21;43.08
1980-09-24;15.77;19.65;23.53;0.0;17.696;0.9;37.12
1980-09-25;13.44;18.81;24.18;0.0;19.162;0.6;38.39
1980-09-26;16.37;19.73;23.1;2.23;12.518;2.37;43.13
1980-09-27;15.07;17.65;20.23;5.13;15.905;3.16;51.23
1980-09-28;14.21;16.43;18.64;6.11;13.713;4.85;48.51
1980-09-29;13.69;16.9;20.11;0.0;10.816;2.37;42.99
1980-09-30;10.66;17.56;24.46;0.0;20.009;0.55;27.39
1980-10-01;12.66;19.78;26.9;0.0;19.908;0.83;23.4
1980-10-02;14.22;19.61;24.99;0.0;16.931;2.77;28.37
1980-10-03;14.08;20.88;27.68;0.0;18.55;1.33;28.46
1980-10-04;16.95;20.74;24.54;10.85;13.071;2.19;40.32
1980-10-05;18.22;22.34;26.47;0.0;16.052;1.01;38.04
1980-10-06;16.04;21.54;27.03;0.0;18.174;2.69;29.05
1980-10-07;16.2;20.41;24.62;0.0;15.431;0.92;40.67
1980-10-08;13.72;19.03;24.34;0.0;18.56;2.53;32.34
1980-10-09;11.05;18.77;26.5;0.0;19.279;0.73;25.31
1980-10-10;14.7;22.69;30.68;0.0;18.213;1.81;20.57
1980-10-11;16.98;25.66;34.35;0.0;17.977;3.15;12.03
1980-10-12;16.84;24.21;31.58;0.0;19.151;2.88;16.04
1980-10-13;14.27;21.53;28.79;0.0;17.99;2.21;24.5
1980-10-14;15.81;20.31;24.81;6.09;14.929;2.63;38.03
1980-10-15;14.89;18.06;21.23;0.0;13.346;3.8;44.03
1980-10-16;14.12;17.49;20.86;0.0;10.333;1.33;39.8
1980-10-17;10.6;16.48;22.36;0.0;17.079;0.51;32.84
1980-10-18;10.34;18.07;25.8;0.0;17.144;0.82;23.33
1980-10-19;11.31;19.07;26.84;0.0;18.252;2.49;21.79
1980-10-20;13.71;19.76;25.8;0.0;16.955;2.68;30.27
1980-10-21;16.6;20.69;24.77;0.0;11.733;2.95;38.07
1980-10-22;14.26;18.16;22.07;3.05;9.781;2.67;54.21
1980-10-23;13.73;18.02;22.3;0.0;16.023;3.06;33.51
1980-10-24;11.16;16.56;21.96;0.0;13.098;3.38;31.17
1980-10-25;10.5;12.71;14.91;1.08;12.309;2.65;46.93
1980-10-26;7.26;11.94;16.62;0.0;13.668;1.93;34.1
1980-10-27;3.77;11.91;20.05;0.0;16.068;2.55;23.22
1980-10-28;7.16;14.52;21.87;0.0;15.828;2.12;28.9
1980-10-29;7.79;12.32;16.86;0.0;7.651;1.51;40.99
1980-10-30;8.3;12.99;17.67;0.0;15.065;2.29;30.36
1980-10-31;5.18;12.94;20.69;0.0;15.072;2.22;23.6
1980-11-01;8.49;16.14;23.8;0.0;14.946;2.56;28.93
1980-11-02;10.19;17.25;24.3;0.0;15.067;1.9;30.84
1980-11-03;11.76;16.64;21.53;0.0;11.5;2.22;39.43
1980-11-04;7.08;13.82;20.55;0.0;16.466;0.79;31.64
1980-11-05;6.52;14.28;22.03;0.0;16.847;2.08;24.19
1980-11-06;9.61;16.4;23.19;0.0;15.074;3.37;23.33
1980-11-07;10.99;16.43;21.87;1.48;12.738;2.86;29.69
1980-11-08;8.65;11.8;14.95;9.53;11.227;2.17;51.27
1980-11-09;7.62;12.9;18.18;0.0;8.021;2.89;35.99
1980-11-10;12.38;16.95;21.51;0.0;11.235;2.54;36.94
1980-11-11;10.65;17.61;24.56;0.0;13.86;1.31;31.64
1980-11-12;11.33;18.73;26.13;0.0;14.35;2.33;18.98
1980-11-13;10.48;15.7;20.92;0.5;12.559;2.45;29.34
1980-11-14;10.26;15.48;20.7;0.0;12.831;0.79;35.99
1980-11-15;10.65;17.51;24.37;0.0;11.979;1.1;23.03
1980-11-16;9.9;13.95;17.99;1.76;10.089;2.03;41.88
1980-11-17;6.81;11.99;17.18;2.66;10.609;2.53;42.28
1980-11-18;10.0;13.03;16.06;16.39;8.43;2.72;59.34
1980-11-19;7.96;11.93;15.89;0.0;6.985;0.6;50.55
1980-11-20;5.61;12.95;20.29;0.0;13.897;0.76;24.16
1980-11-21;8.96;16.8;24.63;0.0;14.025;2.03;19.41
1980-11-22;12.28;18.48;24.67;0.0;9.828;4.22;16.65
1980-11-23;11.4;15.66;19.92;0.87;3.632;3.61;32.72
1980-11-24;10.79;15.09;19.39;0.0;9.394;3.94;37.39
1980-11-25;9.09;15.91;22.73;0.8;9.733;2.76;30.09
1980-11-26;11.11;16.99;22.87;5.96;11.559;4.09;26.15
1980-11-27;9.09;13.58;18.07;3.12;8.707;4.31;43.18
1980-11-28;9.67;13.54;17.41;8.36;8.317;5.41;45.96
1980-11-29;9.06;11.84;14.61;17.53;5.339;5.04;65.37
1980-11-30;8.4;10.38;12.36;6.18;6.292;3.34;69.13
1980-12-01;8.49;11.44;14.38;7.1;3.62;3.19;66.51
1980-12-02;10.57;13.27;15.96;6.48;5.78;4.47;72.56
1980-12-03;9.04;11.46;13.88;1.36;3.472;2.77;66.6
1980-12-04;8.5;11.48;14.47;0.0;7.123;0.23;50.56
1980-12-05;9.31;12.29;15.27;3.25;2.94;1.7;66.56
1980-12-06;6.32;10.75;15.17;0.0;8.281;0.6;47.92
1980-12-07;4.4;10.28;16.16;0.0;11.844;0.5;40.15
1980-12-08;5.83;9.35;12.87;1.63;3.04;1.19;61.5
1980-12-09;3.58;9.16;14.73;0.0;11.848;2.49;36.18
1980-12-10;2.88;9.41;15.95;0.0;11.848;1.31;33.66
1980-12-11;3.63;10.32;17.01;0.0;11.508;1.4;36.41
1980-12-12;4.16;10.35;16.54;0.0;11.083;1.3;42.7
1980-12-13;4.54;10.79;17.05;0.0;11.015;1.71;41.55
1980-12-14;4.87;11.42;17.97;0.0;11.114;1.2;33.31
1980-12-15;5.69;12.28;18.87;0.0;11.147;1.52;28.12
1980-12-16;4.86;11.5;18.15;0.0;11.269;1.2;26.94
1980-12-17;5.09;11.39;17.7;0.0;12.147;1.41;27.99
1980-12-18;4.91;11.25;17.59;0.0;13.203;1.35;27.62
1980-12-19;4.64;10.69;16.74;0.0;11.004;1.2;33.08
1980-12-20;3.5;9.72;15.95;0.0;10.438;0.6;40.72
1980-12-21;3.26;9.8;16.35;0.0;11.091;1.21;36.12
1980-12-22;3.6;10.14;16.68;0.0;11.126;1.39;32.15
1980-12-23;4.07;10.12;16.17;0.0;11.031;1.95;30.66
1980-12-24;4.47;9.92;15.37;9.13;7.916;2.96;45.36
1980-12-25;7.38;9.4;11.43;4.07;6.376;2.95;76.51
1980-12-26;7.54;10.21;12.88;4.21;2.5;2.42;76.59
1980-12-27;7.27;11.74;16.21;0.0;7.929;0.69;55.78
1980-12-28;4.78;11.21;17.64;0.0;12.979;1.14;38.08
1980-12-29;4.79;11.07;17.36;0.0;12.774;0.68;38.21
1980-12-30;4.78;11.26;17.74;0.0;11.246;0.99;34.74
1980-12-31;5.95;12.41;18.88;0.0;13.157;2.66;25.81
1981-01-01;7.96;12.23;16.5;2.38;6.998;3.93;40.41
1981-01-02;7.3;12.16;17.02;0.0;10.251;2.47;47.69
1981-01-03;8.04;11.93;15.83;15.8;8.199;3.59;56.55
1981-01-04;8.39;11.34;14.29;47.48;4.101;2.68;76.82
1981-01-05;7.1;10.75;14.4;24.39;4.543;4.2;67.27
1981-01-06;6.25;9.11;11.97;5.15;7.271;3.68;68.81
1981-01-07;7.0;9.78;12.55;0.0;6.896;0.1;60.78
1981-01-08;4.47;9.9;15.34;0.0;8.726;0.33;44.56
1981-01-09;8.48;12.16;15.83;0.0;5.76;0.29;61.37
1981-01-10;9.35;12.56;15.77;1.84;3.682;1.4;75.28
1981-01-11;11.47;13.7;15.92;0.81;3.535;1.72;91.14
1981-01-12;10.36;13.07;15.78;0.0;5.561;0.31;79.65
1981-01-13;7.86;11.25;14.64;1.91;7.316;0.88;81.11
1981-01-14;4.13;8.99;13.85;0.0;12.558;1.77;45.07
1981-01-15;1.77;7.93;14.1;0.0;13.862;0.58;38.1
1981-01-16;4.74;8.71;12.68;2.24;8.958;3.48;53.23
1981-01-17;4.56;8.06;11.57;0.73;9.069;5.02;55.76
1981-01-18;5.72;9.53;13.33;6.41;9.068;5.91;47.16
1981-01-19;4.58;6.82;9.06;5.78;8.803;3.05;74.16
1981-01-20;4.66;7.46;10.26;0.0;7.607;1.08;56.11
1981-01-21;2.95;7.33;11.71;0.0;11.258;2.32;40.67
1981-01-22;-0.81;5.94;12.69;0.0;13.981;2.04;25.91
1981-01-23;1.01;7.21;13.42;0.0;10.398;0.26;38.39
1981-01-24;6.74;11.56;16.38;0.0;9.083;1.38;48.57
1981-01-25;4.32;11.54;18.77;0.0;13.911;1.28;27.73
1981-01-26;6.3;12.42;18.54;0.0;10.246;1.98;31.1
1981-01-27;7.8;11.92;16.03;13.7;4.212;2.25;51.88
1981-01-28;5.94;9.93;13.91;5.19;4.904;1.28;65.25
1981-01-29;2.17;7.97;13.78;0.0;15.058;2.29;32.52
1981-01-30;0.99;9.17;17.36;0.0;15.359;1.18;15.3
1981-01-31;4.53;11.45;18.36;0.0;14.181;1.96;13.93
1981-02-01;7.69;12.76;17.83;0.0;11.956;1.38;30.95
1981-02-02;5.55;10.54;15.53;0.0;15.185;2.09;40.21
1981-02-03;4.56;11.57;18.58;0.0;8.999;0.47;28.13
1981-02-04;6.1;11.88;17.66;0.0;13.656;1.69;30.18
1981-02-05;4.06;9.06;14.07;0.0;15.315;3.67;28.17
1981-02-06;1.17;4.74;8.3;0.0;15.864;3.74;24.68
1981-02-07;0.12;5.61;11.1;0.0;15.857;0.89;25.29
1981-02-08;-0.26;4.98;10.22;0.0;15.912;0.98;26.06
1981-02-09;1.46;5.36;9.25;0.0;11.405;0.82;37.79
1981-02-10;0.51;6.18;11.86;0.0;16.086;2.22;30.67
1981-02-11;-0.22;5.93;12.08;0.0;16.531;0.99;25.1
1981-02-12;-1.68;2.83;7.34;0.0;11.176;0.89;45.56
1981-02-13;-0.12;3.34;6.8;0.0;16.756;3.21;28.43
1981-02-14;-0.69;3.6;7.89;0.0;13.69;1.09;29.63
1981-02-15;0.64;6.04;11.44;0.0;13.243;1.09;37.63
1981-02-16;2.7;9.21;15.72;0.0;16.221;2.03;32.2
1981-02-17;2.67;9.57;16.46;0.0;16.366;2.02;32.43
1981-02-18;3.99;11.18;18.37;0.0;16.843;1.82;24.39
1981-02-19;2.64;9.88;17.11;0.0;17.137;1.1;20.07
1981-02-20;2.96;10.38;17.79;0.0;17.409;0.99;17.75
1981-02-21;3.83;11.18;18.53;0.0;17.722;1.2;15.23
1981-02-22;4.64;12.33;20.01;0.0;17.844;1.62;18.02
1981-02-23;5.64;12.79;19.93;0.0;17.427;1.2;21.43
1981-02-24;4.4;12.63;20.85;0.0;17.854;1.1;19.71
1981-02-25;6.63;14.2;21.77;0.0;18.197;1.8;15.83
1981-02-26;6.9;14.2;21.49;0.0;18.824;1.82;16.24
1981-02-27;5.07;11.34;17.61;0.0;14.198;1.61;35.23
1981-02-28;5.26;10.56;15.87;0.0;18.401;2.86;32.93
1981-03-01;4.88;12.64;20.4;0.0;18.824;2.35;16.75
1981-03-02;6.92;13.97;21.02;0.0;19.087;1.61;13.11
1981-03-03;7.5;14.64;21.79;0.0;19.208;2.04;14.38
1981-03-04;7.64;14.81;21.99;0.0;19.309;2.04;15.85
1981-03-05;6.6;14.48;22.37;0.0;19.422;1.56;15.36
1981-03-06;6.33;14.35;22.37;0.0;19.597;1.55;15.74
1981-03-07;5.35;13.74;22.13;0.0;20.936;0.89;17.48
1981-03-08;7.23;14.44;21.65;0.0;20.695;1.23;22.54
1981-03-09;7.5;14.68;21.85;0.0;20.46;2.51;24.19
1981-03-10;8.7;14.89;21.09;0.0;21.532;3.34;27.62
1981-03-11;7.14;12.08;17.01;0.0;13.926;0.8;37.26
1981-03-12;3.06;10.59;18.13;0.0;20.287;0.6;27.58
1981-03-13;7.21;11.11;15.01;0.0;8.097;2.6;47.42
1981-03-14;6.85;12.29;17.73;0.0;14.23;0.6;36.67
1981-03-15;5.74;14.05;22.37;0.0;22.416;1.51;21.52
1981-03-16;7.29;16.07;24.85;0.0;22.245;2.02;15.47
1981-03-17;8.69;14.05;19.42;1.57;14.065;1.52;35.69
1981-03-18;9.54;15.05;20.56;0.0;17.376;0.37;34.3
1981-03-19;6.84;15.91;24.99;0.0;22.271;1.4;14.75
1981-03-20;9.67;18.81;27.95;0.0;22.401;1.71;11.87
1981-03-21;11.49;19.91;28.32;0.0;22.815;1.71;10.18
1981-03-22;11.37;19.82;28.26;0.0;23.189;1.71;9.49
1981-03-23;12.01;20.64;29.27;0.0;23.468;1.82;9.78
1981-03-24;14.91;22.48;30.06;0.0;23.291;2.42;9.57
1981-03-25;15.44;23.18;30.93;0.0;23.445;2.5;7.84
1981-03-26;13.93;23.57;33.21;0.0;23.483;2.22;7.33
1981-03-27;11.87;20.81;29.75;0.0;25.806;2.43;7.85
1981-03-28;10.09;17.38;24.67;0.0;14.388;0.65;19.98
1981-03-29;8.11;17.05;25.98;0.0;25.127;1.19;15.77
1981-03-30;8.53;17.25;25.96;0.0;24.565;2.34;11.29
1981-03-31;10.0;17.56;25.12;0.0;25.67;3.61;9.77
1981-04-01;9.38;16.67;23.96;0.0;24.824;4.1;9.65
1981-04-02;9.86;16.82;23.78;0.0;25.003;2.74;8.23
1981-04-03;5.62;14.79;23.97;0.0;25.441;1.98;7.39
1981-04-04;5.31;14.21;23.12;0.0;24.795;2.26;13.82
1981-04-05;6.88;15.64;24.41;0.0;25.506;2.45;11.07
1981-04-06;5.84;14.64;23.44;0.0;25.085;1.68;19.13
1981-04-07;7.35;12.97;18.59;0.0;15.349;1.68;30.84
1981-04-08;3.79;11.87;19.94;0.0;24.593;1.18;19.52
1981-04-09;8.47;14.6;20.73;0.0;24.655;1.14;19.31
1981-04-10;4.13;11.98;19.83;0.0;23.103;1.4;21.43
1981-04-11;6.26;11.88;17.49;0.0;13.141;1.29;34.35
1981-04-12;10.21;15.46;20.71;0.0;22.113;1.9;25.71
1981-04-13;9.79;14.67;19.55;0.0;20.044;2.31;26.26
1981-04-14;4.36;12.81;21.26;0.0;24.716;2.09;17.97
1981-04-15;4.55;14.31;24.08;0.0;26.689;2.37;9.07
1981-04-16;7.93;18.25;28.58;0.0;27.043;1.6;4.8
1981-04-17;9.0;18.96;28.92;0.0;29.788;1.89;5.97
1981-04-18;9.23;19.29;29.34;0.0;27.163;1.61;6.72
1981-04-19;10.08;20.17;30.26;0.0;26.829;2.04;6.22
1981-04-20;8.26;19.34;30.43;0.0;28.218;1.56;6.37
1981-04-21;7.97;18.5;29.04;0.0;26.863;1.7;7.92
1981-04-22;7.69;17.97;28.25;0.0;26.784;2.06;10.98
1981-04-23;8.17;17.8;27.43;0.0;25.529;1.19;13.56
1981-04-24;11.01;20.75;30.49;0.0;26.898;1.39;7.49
1981-04-25;12.59;22.15;31.71;0.0;24.987;2.18;8.52
1981-04-26;10.56;20.98;31.4;0.0;19.766;1.7;12.53
1981-04-27;19.57;26.23;32.89;0.0;29.932;3.07;5.16
1981-04-28;21.02;27.58;34.14;0.0;25.355;2.97;4.47
1981-04-29;22.01;27.99;33.98;0.0;24.31;5.2;4.05
1981-04-30;14.03;19.78;25.53;5.9;22.477;1.49;23.49
1981-05-01;13.97;18.47;22.97;11.47;22.014;1.98;30.55
1981-05-02;14.18;16.68;19.17;19.04;9.336;1.95;53.25
1981-05-03;16.41;20.8;25.19;7.53;23.377;2.42;29.22
1981-05-04;14.03;19.14;24.26;0.0;22.949;2.02;31.39
1981-05-05;13.56;18.48;23.39;0.7;20.382;2.01;29.65
1981-05-06;13.21;19.55;25.88;0.0;28.69;3.95;13.71
1981-05-07;12.52;20.12;27.72;0.0;28.961;2.73;10.52
1981-05-08;13.07;20.75;28.42;0.0;28.782;1.92;9.77
1981-05-09;15.29;22.65;30.01;0.0;28.803;1.91;9.07
1981-05-10;14.47;22.02;29.56;0.0;21.217;1.67;14.34
1981-05-11;13.12;20.87;28.62;0.0;20.643;1.3;17.68
1981-05-12;11.52;20.15;28.78;0.0;24.975;1.61;11.72
1981-05-13;11.47;19.87;28.27;0.0;28.788;2.01;10.71
1981-05-14;9.1;18.2;27.29;0.0;24.556;0.91;16.91
1981-05-15;13.39;19.16;24.94;1.49;22.85;0.9;28.69
1981-05-16;11.69;17.33;22.97;0.0;21.697;1.06;28.83
1981-05-17;12.18;15.89;19.6;0.0;14.39;1.79;48.48
1981-05-18;14.06;17.72;21.38;0.0;15.625;0.64;37.99
1981-05-19;11.57;18.06;24.56;0.0;26.324;0.96;23.45
1981-05-20;10.35;17.79;25.22;0.0;24.327;0.81;21.69
1981-05-21;14.75;18.38;22.01;4.02;12.403;1.79;39.57
1981-05-22;12.99;17.37;21.75;3.74;19.703;2.36;33.88
1981-05-23;15.04;18.87;22.7;0.0;18.791;1.19;33.87
1981-05-24;12.91;18.18;23.44;0.0;23.655;1.0;29.1
1981-05-25;12.83;18.02;23.22;0.0;24.613;1.54;30.84
1981-05-26;14.2;18.52;22.84;0.0;22.911;1.99;28.96
1981-05-27;13.98;17.95;21.92;0.0;20.853;1.89;29.57
1981-05-28;15.13;18.55;21.97;0.0;20.708;1.69;28.79
1981-05-29;11.48;17.32;23.16;0.0;29.62;1.69;22.42
1981-05-30;8.71;15.99;23.26;0.0;29.767;1.79;22.21
1981-05-31;9.88;17.27;24.65;0.0;30.129;2.19;18.25
1981-06-01;10.61;18.59;26.58;0.0;30.322;1.7;15.19
1981-06-02;10.59;18.73;26.88;0.0;30.388;1.7;15.29
1981-06-03;9.81;17.39;24.96;0.0;29.506;1.69;24.28
1981-06-04;14.89;19.59;24.29;0.0;26.063;1.95;25.47
1981-06-05;12.73;18.44;24.15;0.0;25.733;1.73;26.35
1981-06-06;15.38;19.57;23.75;0.0;23.367;1.79;28.44
1981-06-07;13.8;19.66;25.52;0.0;26.479;2.47;23.93
1981-06-08;13.06;21.04;29.02;0.0;30.148;3.46;16.46
1981-06-09;15.56;24.83;34.09;0.0;29.117;3.31;10.34
1981-06-10;14.89;25.04;35.18;0.0;29.335;2.28;10.14
1981-06-11;15.78;22.99;30.2;0.0;28.457;2.92;19.89
1981-06-12;16.33;20.85;25.37;0.0;25.162;3.29;27.83
1981-06-13;12.99;19.84;26.68;0.0;29.778;3.82;17.42
1981-06-14;14.94;23.76;32.58;0.0;30.286;3.46;6.53
1981-06-15;16.79;25.87;34.95;0.0;23.699;0.59;19.33
1981-06-16;22.15;29.37;36.59;0.0;25.39;2.09;9.12
1981-06-17;26.1;31.6;37.1;0.0;27.156;2.1;7.03
1981-06-18;23.21;31.34;39.48;0.0;26.263;1.51;9.68
1981-06-19;21.88;28.3;34.72;0.0;21.178;1.15;19.15
1981-06-20;18.01;26.0;33.99;0.0;25.888;1.7;17.73
1981-06-21;15.97;23.18;30.4;0.0;24.303;1.21;19.87
1981-06-22;17.15;23.03;28.91;0.0;26.428;1.31;23.51
1981-06-23;13.72;21.3;28.88;0.0;26.348;0.88;23.31
1981-06-24;15.48;20.84;26.19;0.0;25.359;1.51;28.68
1981-06-25;17.29;22.02;26.75;0.0;25.803;1.5;25.57
1981-06-26;15.29;22.45;29.61;0.0;29.077;2.3;18.69
1981-06-27;15.91;22.81;29.71;0.0;27.658;2.41;21.56
1981-06-28;15.44;22.0;28.57;0.0;26.848;2.4;21.33
1981-06-29;18.01;22.25;26.49;0.0;24.252;1.92;26.05
1981-06-30;14.36;21.13;27.9;0.0;29.006;2.0;18.95
1981-07-01;15.3;22.05;28.81;0.0;26.703;1.89;17.45
1981-07-02;15.87;22.77;29.68;0.0;27.766;1.7;16.96
1981-07-03;19.72;24.39;29.07;0.0;26.198;1.79;18.52
1981-07-04;14.36;21.23;28.09;0.0;29.767;1.8;18.04
1981-07-05;12.89;21.37;29.85;0.0;29.7;2.1;15.76
1981-07-06;15.57;25.25;34.93;0.0;29.077;2.41;11.24
1981-07-07;17.87;24.91;31.96;0.0;28.506;2.71;15.86
1981-07-08;19.97;24.85;29.73;0.0;26.605;2.3;21.67
1981-07-09;17.73;24.25;30.77;0.0;28.005;2.81;18.65
1981-07-10;16.91;24.31;31.72;0.0;28.21;3.07;17.07
1981-07-11;18.57;24.16;29.75;0.0;25.61;2.63;21.48
1981-07-12;18.56;22.69;26.82;0.0;23.7;2.4;27.44
1981-07-13;14.68;21.89;29.11;0.0;27.714;2.1;18.84
1981-07-14;15.97;23.16;30.36;0.0;28.24;2.8;17.51
1981-07-15;15.52;21.86;28.2;0.0;26.628;2.25;19.69
1981-07-16;18.06;22.41;26.76;0.0;24.079;2.5;24.55
1981-07-17;15.3;23.41;31.51;0.0;28.881;3.57;13.39
1981-07-18;17.23;27.2;37.18;0.0;28.665;3.45;9.65
1981-07-19;18.44;28.64;38.84;0.0;28.937;2.8;8.03
1981-07-20;17.65;25.81;33.98;0.0;28.259;2.7;13.0
1981-07-21;18.38;26.33;34.27;0.0;28.092;2.7;13.09
1981-07-22;19.15;29.46;39.77;0.0;25.264;1.59;9.7
1981-07-23;19.75;28.91;38.07;0.0;25.265;2.2;10.97
1981-07-24;18.83;25.2;31.56;0.0;27.192;3.53;17.63
1981-07-25;17.99;25.17;32.35;0.0;28.742;3.98;12.57
1981-07-26;18.23;27.88;37.54;0.0;28.801;3.45;4.1
1981-07-27;19.15;29.38;39.61;0.0;28.023;2.2;4.77
1981-07-28;21.25;31.07;40.89;0.0;27.441;1.59;5.7
1981-07-29;23.1;31.05;38.99;0.0;22.21;0.4;16.05
1981-07-30;23.47;30.56;37.65;0.0;19.256;0.88;19.0
1981-07-31;21.47;28.92;36.37;0.0;18.673;1.06;20.13
1981-08-01;20.71;27.63;34.55;0.0;23.618;1.38;17.19
1981-08-02;19.1;27.85;36.59;0.0;26.954;1.77;11.39
1981-08-03;19.42;28.55;37.67;0.0;23.248;1.1;14.01
1981-08-04;26.36;30.44;34.52;0.0;18.763;3.14;13.0
1981-08-05;25.25;31.11;36.96;0.0;23.248;2.29;15.44
1981-08-06;20.71;27.63;34.54;0.0;25.326;1.67;15.57
1981-08-07;19.0;26.8;34.61;0.0;27.302;2.29;11.95
1981-08-08;19.07;27.73;36.39;0.0;25.023;1.27;11.53
1981-08-09;22.81;28.05;33.28;0.0;21.692;1.02;21.61
1981-08-10;18.81;25.57;32.33;0.0;24.25;1.67;19.57
1981-08-11;18.31;25.84;33.38;0.0;26.693;1.68;18.57
1981-08-12;18.74;25.99;33.25;0.0;29.141;1.87;18.52
1981-08-13;18.8;24.4;30.0;0.0;24.83;2.19;22.25
1981-08-14;17.9;23.52;29.15;0.0;26.161;2.5;19.8
1981-08-15;16.54;22.37;28.2;0.0;25.831;2.48;22.56
1981-08-16;19.3;23.54;27.78;0.0;23.314;2.39;22.63
1981-08-17;19.12;23.66;28.19;0.0;25.195;2.09;20.83
1981-08-18;19.01;24.16;29.31;0.0;24.86;2.39;20.23
1981-08-19;17.0;23.14;29.28;0.0;26.401;3.0;19.75
1981-08-20;17.5;24.84;32.17;0.0;27.812;3.49;17.38
1981-08-21;17.23;23.8;30.38;0.0;28.089;3.21;17.82
1981-08-22;17.24;22.88;28.53;0.0;22.385;2.57;26.6
1981-08-23;17.49;22.56;27.63;0.0;21.525;2.38;26.15
1981-08-24;15.46;22.26;29.06;0.0;25.015;2.74;20.81
1981-08-25;16.53;23.04;29.54;0.0;25.116;3.52;19.58
1981-08-26;17.11;23.13;29.15;0.0;23.89;3.66;22.92
1981-08-27;15.44;22.5;29.57;0.0;25.668;3.72;16.03
1981-08-28;17.24;26.24;35.24;0.0;25.357;3.38;7.23
1981-08-29;19.41;29.31;39.21;0.0;24.869;1.88;6.17
1981-08-30;20.27;29.74;39.21;0.0;24.819;1.48;6.12
1981-08-31;24.05;31.05;38.05;0.0;17.852;1.29;12.14
1981-09-01;23.13;29.66;36.19;0.0;10.328;1.68;12.53
1981-09-02;18.11;28.24;38.37;0.0;22.605;2.06;8.98
1981-09-03;19.09;28.41;37.73;0.0;19.156;1.19;13.79
1981-09-04;19.51;27.54;35.57;0.0;18.836;0.73;15.18
1981-09-05;21.21;28.14;35.07;0.0;18.037;0.88;19.07
1981-09-06;19.77;27.63;35.49;0.0;21.082;1.12;22.31
1981-09-07;23.27;29.19;35.11;0.0;20.694;2.46;20.42
1981-09-08;19.54;27.2;34.87;0.0;21.718;1.09;17.82
1981-09-09;20.2;27.37;34.54;0.0;23.33;2.18;15.83
1981-09-10;20.23;27.31;34.4;0.0;21.676;2.28;11.58
1981-09-11;16.91;24.88;32.84;0.0;19.27;1.1;19.66
1981-09-12;17.2;24.77;32.34;0.0;21.255;1.0;16.57
1981-09-13;17.05;24.39;31.73;0.0;22.517;1.68;18.14
1981-09-14;16.7;22.5;28.3;0.0;23.634;1.68;25.74
1981-09-15;19.18;23.46;27.75;0.0;20.149;2.29;27.37
1981-09-16;18.26;23.21;28.16;0.0;22.062;3.09;26.07
1981-09-17;19.18;24.19;29.2;0.0;22.302;3.51;24.39
1981-09-18;17.88;25.28;32.69;0.0;22.272;3.55;19.11
1981-09-19;17.26;26.22;35.18;0.0;22.09;1.79;14.52
1981-09-20;17.27;25.24;33.21;0.0;22.061;1.79;17.53
1981-09-21;16.92;24.02;31.11;0.0;22.04;2.29;18.43
1981-09-22;15.72;24.43;33.15;0.0;19.982;1.51;13.94
1981-09-23;13.27;20.8;28.32;0.0;21.472;1.3;22.55
1981-09-24;17.46;20.03;22.6;0.0;10.546;2.06;45.09
1981-09-25;13.97;17.33;20.69;0.0;15.892;3.48;33.47
1981-09-26;10.38;16.71;23.05;0.0;20.786;1.88;21.91
1981-09-27;7.25;15.71;24.16;0.0;21.336;1.91;12.35
1981-09-28;8.61;16.93;25.25;0.0;20.648;1.5;14.69
1981-09-29;10.08;16.48;22.88;0.0;17.22;1.41;34.72
1981-09-30;15.0;18.02;21.03;0.0;10.7;1.88;38.88
1981-10-01;13.47;17.84;22.2;0.0;17.847;2.37;29.01
1981-10-02;9.84;17.17;24.5;0.0;19.96;2.08;21.59
1981-10-03;9.53;18.14;26.76;0.0;19.342;1.72;15.58
1981-10-04;9.51;17.21;24.91;0.0;18.795;1.71;26.24
1981-10-05;14.4;19.3;24.2;0.0;17.861;2.43;27.46
1981-10-06;10.63;17.5;24.38;0.0;18.63;2.62;27.27
1981-10-07;12.52;19.45;26.37;0.0;18.636;3.42;24.51
1981-10-08;12.35;20.61;28.87;0.0;18.547;2.59;17.14
1981-10-09;13.07;20.93;28.78;0.0;18.394;1.65;15.8
1981-10-10;15.69;20.12;24.55;0.0;14.941;2.21;36.34
1981-10-11;13.46;18.23;22.99;0.0;13.204;0.91;39.16
1981-10-12;12.3;18.87;25.44;0.0;17.977;1.62;26.93
1981-10-13;12.75;19.09;25.42;0.0;16.578;1.91;28.36
1981-10-14;11.27;20.31;29.36;0.0;17.957;2.02;17.98
1981-10-15;13.35;22.16;30.98;0.0;17.419;1.18;10.09
1981-10-16;15.7;23.6;31.5;0.0;17.254;2.44;8.75
1981-10-17;15.7;23.3;30.89;0.0;17.084;1.53;9.64
1981-10-18;18.53;24.91;31.3;0.0;17.029;3.1;6.1
1981-10-19;18.27;25.18;32.09;0.0;16.934;2.78;5.75
1981-10-20;18.39;25.42;32.45;0.0;17.387;2.49;4.7
1981-10-21;17.38;24.58;31.78;0.0;17.602;2.01;4.5
1981-10-22;15.36;23.37;31.38;0.0;17.097;1.63;9.31
1981-10-23;13.72;22.39;31.05;0.0;16.521;1.72;8.67
1981-10-24;16.04;22.98;29.93;0.0;16.356;2.23;9.62
1981-10-25;16.08;22.63;29.19;0.0;16.324;1.91;9.23
1981-10-26;12.49;20.71;28.92;0.0;16.32;2.23;7.13
1981-10-27;11.55;20.0;28.45;0.0;16.789;1.25;9.12
1981-10-28;13.07;21.14;29.21;0.0;17.335;2.48;5.28
1981-10-29;12.49;19.85;27.21;0.0;16.794;2.87;15.38
1981-10-30;13.82;18.73;23.65;0.0;13.321;0.81;32.95
1981-10-31;9.52;18.64;27.77;0.0;15.465;1.71;15.83
1981-11-01;13.8;21.56;29.32;0.0;15.292;1.86;9.81
1981-11-02;14.15;21.84;29.54;0.0;15.16;2.29;8.8
1981-11-03;12.97;20.7;28.42;0.0;15.184;1.71;9.47
1981-11-04;11.18;19.2;27.21;0.0;14.916;2.24;14.73
1981-11-05;11.48;15.12;18.76;15.07;12.016;1.7;47.41
1981-11-06;7.13;13.36;19.59;0.0;12.607;2.07;31.81
1981-11-07;11.86;16.26;20.66;0.0;13.499;0.7;36.18
1981-11-08;12.23;16.33;20.42;0.0;12.512;0.51;37.07
1981-11-09;11.74;14.57;17.39;4.96;8.765;2.86;50.04
1981-11-10;10.15;12.64;15.14;2.54;10.535;2.54;55.44
1981-11-11;10.07;12.61;15.14;0.0;6.429;0.8;49.99
1981-11-12;6.27;12.46;18.64;0.0;14.125;2.01;32.53
1981-11-13;5.73;13.1;20.47;0.0;14.122;1.09;26.01
1981-11-14;5.35;12.73;20.12;0.0;14.133;0.61;27.54
1981-11-15;6.46;13.58;20.69;0.0;13.651;0.71;27.46
1981-11-16;8.37;13.22;18.08;6.05;9.339;2.82;42.74
1981-11-17;10.81;13.25;15.7;6.97;9.703;4.08;68.62
1981-11-18;11.99;14.96;17.93;14.13;7.333;3.95;61.82
1981-11-19;14.13;16.51;18.89;0.0;9.15;3.76;56.38
1981-11-20;11.03;16.04;21.05;0.77;12.44;3.73;38.0
1981-11-21;9.71;13.29;16.88;7.99;9.64;1.3;55.89
1981-11-22;8.99;12.54;16.08;0.0;9.401;2.77;47.02
1981-11-23;8.09;13.43;18.77;0.0;12.959;2.21;37.91
1981-11-24;8.21;14.55;20.9;0.0;13.166;0.7;34.19
1981-11-25;8.46;15.75;23.04;0.0;12.595;0.9;24.62
1981-11-26;8.25;15.72;23.2;0.0;13.242;1.1;22.25
1981-11-27;7.43;14.67;21.91;0.0;12.906;0.98;24.99
1981-11-28;6.19;12.94;19.68;0.0;14.018;1.4;24.89
1981-11-29;8.1;11.77;15.44;2.2;2.856;0.7;63.46
1981-11-30;7.41;11.75;16.09;0.0;8.521;0.89;47.75
1981-12-01;4.55;10.92;17.28;0.0;12.114;1.69;31.18
1981-12-02;5.81;12.61;19.41;0.0;13.468;1.92;25.14
1981-12-03;7.36;13.54;19.72;0.0;13.508;2.13;26.4
1981-12-04;6.96;13.3;19.64;0.0;12.952;2.84;21.69
1981-12-05;9.61;14.62;19.63;0.0;8.515;5.14;18.75
1981-12-06;11.28;17.02;22.75;1.06;9.006;6.27;17.73
1981-12-07;10.64;14.07;17.5;24.92;3.8;6.34;34.63
1981-12-08;9.05;11.81;14.57;5.02;6.994;5.77;58.52
1981-12-09;8.24;12.28;16.32;4.64;7.623;3.92;50.72
1981-12-10;8.78;12.89;17.0;0.0;7.252;0.79;57.62
1981-12-11;5.51;12.29;19.06;0.0;11.541;0.77;32.75
1981-12-12;5.63;12.13;18.63;0.0;12.781;1.1;30.41
1981-12-13;5.05;11.6;18.15;0.0;12.989;0.7;35.23
1981-12-14;5.13;11.55;17.97;0.0;12.965;0.74;34.37
1981-12-15;4.89;11.2;17.51;0.0;12.229;0.8;36.39
1981-12-16;4.42;11.04;17.66;0.0;11.019;0.84;36.18
1981-12-17;4.57;11.32;18.07;0.0;11.025;1.4;33.79
1981-12-18;4.75;11.54;18.32;0.0;11.114;1.2;29.41
1981-12-19;5.77;12.21;18.64;0.0;12.163;2.56;25.2
1981-12-20;6.21;12.86;19.51;0.0;11.74;2.28;21.63
1981-12-21;5.46;13.02;20.57;0.0;11.651;1.81;19.87
1981-12-22;4.82;12.39;19.96;0.0;11.96;1.76;20.88
1981-12-23;4.27;11.01;17.75;0.0;11.446;1.09;24.45
1981-12-24;3.67;10.29;16.9;0.0;10.935;0.69;33.89
1981-12-25;4.51;10.81;17.11;0.0;8.832;1.6;36.62
1981-12-26;9.23;14.11;18.99;0.0;8.105;2.35;38.68
1981-12-27;8.14;13.75;19.36;0.0;12.675;3.69;35.65
1981-12-28;8.82;11.61;14.39;23.83;1.058;3.78;49.58
1981-12-29;10.29;14.8;19.32;8.69;7.924;6.29;25.67
1981-12-30;10.63;13.67;16.71;8.99;5.486;2.65;67.96
1981-12-31;10.64;13.84;17.04;9.1;4.845;4.14;53.66
1982-01-01;11.91;15.29;18.67;0.0;6.376;1.72;60.99
1982-01-02;9.51;15.23;20.95;0.0;13.053;0.29;49.56
1982-01-03;8.02;15.17;22.33;0.0;13.062;0.9;38.06
1982-01-04;9.3;15.74;22.17;0.0;11.986;2.57;29.05
1982-01-05;7.59;13.04;18.49;0.0;9.584;2.18;44.06
1982-01-06;6.76;11.78;16.8;0.0;8.451;0.49;53.93
1982-01-07;4.69;11.99;19.29;0.0;12.191;1.2;27.54
1982-01-08;6.43;13.35;20.27;0.0;12.151;1.93;25.85
1982-01-09;5.87;11.83;17.78;3.25;10.968;2.28;41.15
1982-01-10;8.53;11.0;13.47;0.0;6.667;0.9;66.7
1982-01-11;7.6;10.56;13.52;8.9;7.506;4.85;69.81
1982-01-12;6.88;9.58;12.29;3.14;8.778;3.81;75.07
1982-01-13;7.26;10.43;13.61;0.0;5.361;0.48;66.04
1982-01-14;7.29;11.35;15.4;0.0;6.025;0.69;56.23
1982-01-15;9.69;12.36;15.03;0.0;5.456;0.24;81.24
1982-01-16;8.34;11.91;15.49;0.0;7.932;0.69;56.98
1982-01-17;7.29;10.73;14.17;14.95;6.752;3.56;74.52
1982-01-18;6.89;9.97;13.05;3.23;8.489;3.9;68.13
1982-01-19;7.29;10.45;13.6;0.0;6.588;1.93;56.41
1982-01-20;6.03;9.94;13.84;0.0;7.093;0.78;60.15
1982-01-21;3.54;9.05;14.57;0.0;13.695;2.2;38.26
1982-01-22;2.84;8.96;15.09;0.0;13.291;0.59;38.24
1982-01-23;5.06;10.2;15.33;0.0;11.856;1.27;37.85
1982-01-24;4.92;9.68;14.43;0.0;11.47;0.67;43.11
1982-01-25;4.08;11.52;18.96;0.0;15.355;1.28;21.84
1982-01-26;7.33;13.14;18.94;3.7;8.426;4.25;29.3
1982-01-27;7.55;10.95;14.35;2.06;8.119;4.2;61.01
1982-01-28;6.88;10.1;13.31;3.74;9.561;5.0;61.54
1982-01-29;6.31;8.22;10.13;16.47;1.782;7.31;74.9
1982-01-30;4.39;7.1;9.8;6.84;6.538;2.36;76.47
1982-01-31;3.59;7.75;11.9;0.0;11.236;0.41;43.1
1982-02-01;3.91;7.25;10.58;0.0;10.339;0.59;44.58
1982-02-02;3.92;8.97;14.03;0.0;14.495;1.79;34.47
1982-02-03;4.14;10.46;16.79;0.0;14.632;0.87;27.89
1982-02-04;4.24;11.46;18.69;0.0;15.309;1.71;14.9
1982-02-05;4.3;11.45;18.6;0.0;16.192;1.49;16.95
1982-02-06;5.4;11.93;18.46;0.0;15.277;0.99;26.47
1982-02-07;4.39;11.13;17.88;0.0;15.257;1.39;34.37
1982-02-08;4.75;12.73;20.71;0.0;14.876;1.09;20.43
1982-02-09;7.65;14.02;20.4;2.1;12.155;1.99;35.4
1982-02-10;7.46;12.3;17.14;6.78;9.746;2.29;49.06
1982-02-11;8.78;12.16;15.55;9.78;10.362;1.59;72.5
1982-02-12;6.23;10.4;14.57;0.0;11.426;3.0;47.76
1982-02-13;4.75;10.05;15.35;0.0;16.207;4.47;26.01
1982-02-14;6.09;9.21;12.32;0.05;10.783;2.74;41.06
1982-02-15;5.64;10.1;14.55;0.85;12.79;0.41;43.12
1982-02-16;5.48;9.5;13.53;0.0;12.758;1.22;44.66
1982-02-17;4.72;9.64;14.56;0.0;13.748;0.9;40.78
1982-02-18;5.46;9.7;13.93;6.87;7.355;2.43;50.16
1982-02-19;8.12;11.31;14.51;0.0;11.693;0.4;62.37
1982-02-20;5.41;11.01;16.61;0.0;16.63;0.34;39.19
1982-02-21;4.85;12.07;19.29;0.0;17.885;0.4;27.33
1982-02-22;6.52;13.96;21.41;0.0;17.237;1.51;25.45
1982-02-23;7.72;14.72;21.72;0.0;17.4;1.92;24.39
1982-02-24;8.89;15.06;21.23;0.0;17.869;3.88;10.85
1982-02-25;8.9;13.36;17.83;2.02;13.843;5.0;25.23
1982-02-26;9.5;13.26;17.01;16.85;10.84;3.22;54.23
1982-02-27;7.87;13.13;18.4;3.93;13.944;2.22;42.84
1982-02-28;6.28;13.35;20.41;0.0;18.213;2.83;26.02
1982-03-01;7.65;12.93;18.22;8.29;12.403;4.09;33.3
1982-03-02;6.32;9.54;12.75;0.0;11.971;1.2;45.84
1982-03-03;3.26;11.3;19.35;0.0;19.716;0.99;20.45
1982-03-04;7.93;16.28;24.63;0.0;19.676;3.01;12.01
1982-03-05;10.44;16.73;23.01;0.0;20.131;2.55;18.22
1982-03-06;11.0;13.8;16.6;21.11;12.33;2.12;69.12
1982-03-07;8.42;12.96;17.5;2.45;13.726;1.72;45.91
1982-03-08;5.34;13.15;20.96;0.0;20.788;2.12;21.23
1982-03-09;6.34;14.91;23.49;0.0;20.503;0.89;19.75
1982-03-10;10.76;19.25;27.73;2.37;15.895;2.4;20.76
1982-03-11;13.07;18.09;23.11;2.51;6.967;3.44;28.26
1982-03-12;9.69;16.41;23.13;5.92;18.983;2.39;30.09
1982-03-13;11.08;15.11;19.13;0.0;14.315;2.8;40.74
1982-03-14;10.14;15.37;20.59;0.0;16.813;1.1;35.99
1982-03-15;10.4;17.07;23.75;0.0;20.117;2.89;26.03
1982-03-16;14.28;17.43;20.57;8.87;14.728;1.72;55.3
1982-03-17;13.0;21.1;29.2;0.0;16.873;0.99;22.81
1982-03-18;12.53;18.88;25.24;13.47;17.5;2.12;30.23
1982-03-19;10.29;14.24;18.2;0.0;14.816;3.11;39.21
1982-03-20;9.94;14.84;19.73;0.0;19.575;1.72;30.75
1982-03-21;8.38;15.89;23.41;0.0;23.479;0.99;21.96
1982-03-22;10.01;17.68;25.35;0.0;23.869;1.3;18.72
1982-03-23;10.43;16.93;23.42;0.0;17.951;2.31;26.47
1982-03-24;8.71;11.63;14.54;7.79;12.852;3.4;50.11
1982-03-25;7.82;11.96;16.11;0.0;15.576;2.1;34.78
1982-03-26;6.18;14.54;22.89;0.0;23.611;2.48;17.43
1982-03-27;10.21;16.73;23.25;0.0;19.101;2.7;22.9
1982-03-28;10.67;17.02;23.37;4.42;18.89;3.38;23.54
1982-03-29;9.37;13.41;17.44;6.09;15.55;2.69;52.48
1982-03-30;9.14;12.54;15.93;5.82;14.396;3.05;44.87
1982-03-31;9.47;15.07;20.68;0.0;20.936;0.99;29.11
1982-04-01;8.65;16.61;24.56;0.0;24.361;2.92;15.69
1982-04-02;12.98;16.58;20.18;0.0;11.883;3.68;32.45
1982-04-03;9.32;13.67;18.01;0.0;13.059;2.74;40.08
1982-04-04;7.06;15.14;23.23;0.0;25.044;1.63;21.18
1982-04-05;10.6;16.05;21.51;0.0;19.871;2.91;28.78
1982-04-06;8.04;14.72;21.4;0.0;23.765;0.72;27.88
1982-04-07;6.84;14.54;22.25;1.18;23.172;1.88;24.73
1982-04-08;12.27;16.82;21.38;0.0;17.589;2.53;35.46
1982-04-09;11.18;16.74;22.31;0.0;20.357;2.27;30.97
1982-04-10;10.35;16.34;22.32;0.0;22.87;0.69;29.83
1982-04-11;8.36;16.52;24.68;0.0;26.579;0.89;21.4
1982-04-12;8.52;15.94;23.36;0.0;25.929;1.03;27.97
1982-04-13;11.08;16.18;21.27;0.0;20.907;1.09;32.58
1982-04-14;7.89;15.74;23.59;0.0;26.15;1.39;23.56
1982-04-15;9.66;19.0;28.34;0.0;26.895;1.99;18.07
1982-04-16;10.65;19.77;28.9;0.0;27.608;1.4;19.87
1982-04-17;14.88;25.27;35.66;0.0;23.148;1.8;12.72
1982-04-18;10.8;19.52;28.25;0.0;26.455;2.09;19.86
1982-04-19;8.55;16.06;23.58;0.0;24.65;0.89;27.79
1982-04-20;9.49;15.9;22.31;0.0;25.015;1.4;28.16
1982-04-21;10.41;15.38;20.36;0.0;19.757;1.59;30.4
1982-04-22;8.3;15.03;21.75;0.0;26.696;2.06;23.93
1982-04-23;7.24;14.96;22.68;0.0;26.352;1.71;22.42
1982-04-24;9.93;16.5;23.07;0.0;24.583;2.28;25.13
1982-04-25;8.68;16.54;24.39;0.0;26.659;1.98;22.3
1982-04-26;8.59;17.66;26.73;0.0;27.4;1.99;16.61
1982-04-27;9.31;19.2;29.09;0.0;27.84;1.01;12.52
1982-04-28;13.92;22.54;31.16;0.0;27.947;2.18;9.77
1982-04-29;14.47;20.98;27.49;0.0;28.199;2.97;16.72
1982-04-30;13.14;16.47;19.8;2.9;20.325;2.69;34.6
1982-05-01;12.02;15.5;18.98;0.0;17.593;1.7;28.74
1982-05-02;8.53;14.46;20.4;0.0;23.251;1.05;29.15
1982-05-03;11.69;16.77;21.86;0.0;25.394;2.71;26.99
1982-05-04;6.88;15.46;24.04;0.0;29.017;2.92;12.29
1982-05-05;8.56;17.3;26.04;0.0;28.68;2.41;11.71
1982-05-06;9.43;17.65;25.87;0.0;28.706;3.01;12.49
1982-05-07;8.79;16.06;23.34;0.0;30.393;3.29;11.73
1982-05-08;6.72;15.13;23.54;0.0;29.795;3.19;10.79
1982-05-09;8.51;16.81;25.11;0.0;29.441;2.91;11.03
1982-05-10;8.42;16.04;23.65;0.0;29.02;3.35;14.75
1982-05-11;8.65;15.39;22.14;0.0;28.601;3.4;20.11
1982-05-12;6.57;14.68;22.79;0.0;29.021;2.21;18.19
1982-05-13;7.37;15.83;24.28;0.0;28.339;1.9;20.34
1982-05-14;10.99;17.95;24.9;0.0;27.622;2.08;21.62
1982-05-15;10.26;18.15;26.04;0.0;29.084;2.88;14.09
1982-05-16;9.86;18.06;26.27;0.0;30.142;2.69;14.07
1982-05-17;10.9;17.96;25.01;0.0;30.84;3.06;20.53
1982-05-18;11.29;17.39;23.5;0.0;30.638;2.97;23.42
1982-05-19;11.6;14.14;16.69;1.16;18.418;1.9;39.78
1982-05-20;11.37;14.52;17.68;0.0;23.281;3.06;33.88
1982-05-21;11.59;16.54;21.49;3.06;22.722;2.5;29.63
1982-05-22;8.97;16.21;23.46;0.0;28.098;1.2;24.07
1982-05-23;10.49;17.52;24.55;0.0;28.843;2.0;22.61
1982-05-24;14.26;19.42;24.58;0.0;26.911;2.15;25.34
1982-05-25;11.35;18.29;25.23;0.0;29.067;2.4;21.83
1982-05-26;14.02;19.33;24.64;0.0;26.554;3.09;25.35
1982-05-27;11.32;17.38;23.44;0.0;26.257;2.52;25.62
1982-05-28;13.43;18.61;23.78;0.0;26.133;2.57;23.35
1982-05-29;9.92;17.3;24.69;0.0;29.901;2.79;19.17
1982-05-30;9.68;17.15;24.62;0.0;29.421;2.36;21.86
1982-05-31;12.83;17.32;21.8;0.0;15.273;1.79;33.2
1982-06-01;10.26;17.96;25.67;0.0;28.206;2.08;19.13
1982-06-02;12.14;21.2;30.25;0.0;30.614;2.8;9.13
1982-06-03;12.15;22.07;31.98;0.0;30.57;2.08;6.52
1982-06-04;13.84;23.55;33.25;0.0;30.771;1.21;5.23
1982-06-05;17.19;25.68;34.17;0.0;25.926;2.47;5.33
1982-06-06;21.84;28.0;34.16;0.0;23.534;1.7;7.16
1982-06-07;17.19;26.29;35.38;0.0;25.741;1.31;6.1
1982-06-08;21.94;30.45;38.95;0.0;28.14;2.03;3.99
1982-06-09;24.45;32.45;40.46;0.0;25.752;2.96;2.17
1982-06-10;22.49;30.56;38.64;0.0;24.519;2.47;6.41
1982-06-11;16.18;26.01;35.84;0.0;26.577;0.66;15.46
1982-06-12;15.75;25.27;34.78;0.0;30.033;1.79;11.89
1982-06-13;14.93;24.32;33.7;0.0;30.235;1.79;10.25
1982-06-14;14.59;23.05;31.52;0.0;29.887;2.38;13.36
1982-06-15;14.75;21.62;28.48;0.0;29.396;2.26;19.23
1982-06-16;15.45;22.0;28.55;0.0;27.755;1.8;19.87
1982-06-17;16.72;21.92;27.13;0.08;26.025;2.39;23.57
1982-06-18;16.86;20.09;23.31;5.0;20.714;2.61;36.15
1982-06-19;16.94;20.69;24.43;4.38;22.429;2.09;30.81
1982-06-20;15.62;19.7;23.79;2.2;19.418;1.9;33.96
1982-06-21;15.28;19.55;23.82;0.0;24.246;3.46;28.76
1982-06-22;15.19;20.73;26.27;0.0;26.937;3.51;23.98
1982-06-23;15.81;22.13;28.44;0.0;25.054;1.18;25.55
1982-06-24;17.77;21.77;25.77;2.75;23.712;1.8;29.85
1982-06-25;18.27;20.61;22.94;8.35;10.778;1.7;48.01
1982-06-26;16.43;19.83;23.23;2.49;16.722;1.57;45.4
1982-06-27;16.13;20.16;24.2;1.23;20.528;1.68;34.81
1982-06-28;15.49;19.32;23.14;1.85;19.223;3.45;38.46
1982-06-29;16.21;19.58;22.94;1.73;14.465;3.97;39.04
1982-06-30;14.55;19.55;24.56;0.74;19.664;2.51;32.39
1982-07-01;14.08;20.34;26.59;0.0;25.943;1.61;28.54
1982-07-02;15.43;21.14;26.86;0.0;27.156;1.85;28.59
1982-07-03;17.29;22.48;27.68;0.0;27.129;2.3;27.67
1982-07-04;16.99;22.99;29.0;0.0;28.909;3.61;21.6
1982-07-05;16.47;22.75;29.03;0.0;28.558;3.13;21.67
1982-07-06;16.5;23.76;31.02;0.0;28.558;2.71;17.28
1982-07-07;15.94;23.96;31.99;0.0;28.584;1.5;16.56
1982-07-08;15.36;22.27;29.19;0.0;28.683;1.89;21.54
1982-07-09;15.89;22.43;28.96;0.0;28.172;2.5;22.91
1982-07-10;16.45;24.06;31.67;0.0;26.59;2.61;18.58
1982-07-11;15.49;24.02;32.55;0.0;26.731;1.34;18.67
1982-07-12;18.56;24.52;30.49;0.0;27.632;1.5;25.22
1982-07-13;19.54;24.84;30.15;0.0;26.204;1.63;25.86
1982-07-14;16.81;24.35;31.89;0.0;27.548;1.5;20.44
1982-07-15;16.63;24.84;33.05;0.0;27.958;1.13;16.61
1982-07-16;18.94;27.13;35.31;0.0;25.428;1.24;17.38
1982-07-17;25.42;28.31;31.2;0.0;23.807;2.88;21.66
1982-07-18;21.81;27.45;33.1;0.0;23.103;2.1;21.2
1982-07-19;18.75;24.78;30.81;0.0;25.855;1.48;21.0
1982-07-20;15.68;23.55;31.41;0.0;28.697;1.19;19.09
1982-07-21;16.47;23.71;30.95;0.0;27.855;1.57;21.05
1982-07-22;19.23;24.39;29.56;0.0;25.419;1.88;25.0
1982-07-23;16.59;22.92;29.25;0.0;26.927;1.98;23.16
1982-07-24;18.93;24.27;29.6;0.0;27.343;2.5;22.56
1982-07-25;19.25;24.31;29.38;0.0;26.374;2.42;22.34
1982-07-26;16.05;22.45;28.84;0.0;26.927;2.09;22.05
1982-07-27;19.97;24.74;29.51;0.0;25.835;2.8;22.55
1982-07-28;19.25;24.67;30.09;0.0;26.228;3.11;21.44
1982-07-29;17.68;24.63;31.59;0.0;27.287;2.98;19.64
1982-07-30;19.3;25.91;32.53;0.0;26.412;2.34;19.65
1982-07-31;17.87;25.1;32.33;0.0;26.546;2.09;18.3
1982-08-01;18.91;25.23;31.56;0.0;22.182;1.42;23.26
1982-08-02;18.55;23.66;28.77;0.0;22.861;1.58;26.41
1982-08-03;17.06;23.05;29.04;0.0;27.753;3.27;16.71
1982-08-04;13.68;21.52;29.36;0.0;28.372;1.77;13.47
1982-08-05;15.24;22.84;30.44;0.0;24.704;1.29;15.09
1982-08-06;16.56;24.17;31.79;0.0;23.174;1.06;18.25
1982-08-07;16.57;23.59;30.6;0.0;26.632;1.73;21.16
1982-08-08;18.79;24.13;29.46;0.0;23.084;1.38;27.75
1982-08-09;18.64;24.95;31.25;0.0;23.68;0.97;25.15
1982-08-10;19.37;25.43;31.48;0.0;23.426;1.37;25.08
1982-08-11;20.52;24.61;28.69;0.0;22.265;1.91;30.02
1982-08-12;20.13;24.3;28.46;0.0;23.733;2.09;28.41
1982-08-13;19.14;23.17;27.2;0.0;22.565;1.88;30.23
1982-08-14;19.08;23.63;28.19;0.0;24.83;2.19;25.06
1982-08-15;18.82;23.3;27.77;0.0;22.529;2.39;27.73
1982-08-16;18.3;23.82;29.34;0.0;25.901;2.49;22.24
1982-08-17;18.67;25.48;32.29;0.0;26.53;3.19;13.1
1982-08-18;18.3;26.47;34.64;0.0;23.987;1.37;12.76
1982-08-19;21.41;27.52;33.64;0.0;22.621;1.57;23.43
1982-08-20;20.0;26.19;32.38;0.0;21.532;1.78;20.76
1982-08-21;17.87;24.16;30.45;0.0;22.505;1.88;24.18
1982-08-22;18.81;23.84;28.86;0.0;23.401;2.28;26.55
1982-08-23;16.28;22.59;28.9;0.0;25.972;3.6;19.51
1982-08-24;17.07;24.04;31.01;0.0;26.588;3.83;9.13
1982-08-25;18.12;25.38;32.64;0.0;26.173;1.68;7.98
1982-08-26;19.34;25.98;32.63;0.0;26.177;2.9;7.57
1982-08-27;17.58;25.02;32.46;0.0;25.723;2.38;9.38
1982-08-28;17.08;24.86;32.64;0.0;24.121;1.59;9.1
1982-08-29;18.19;25.51;32.83;0.0;24.248;2.28;12.54
1982-08-30;19.04;24.07;29.11;0.0;22.496;2.38;26.27
1982-08-31;15.84;22.7;29.55;0.0;24.949;3.31;17.29
1982-09-01;15.92;24.28;32.63;0.0;24.705;2.73;11.55
1982-09-02;16.57;26.02;35.47;0.0;24.517;1.63;9.29
1982-09-03;15.98;23.11;30.24;0.0;24.559;1.87;19.47
1982-09-04;15.94;23.12;30.3;0.0;24.332;2.92;19.06
1982-09-05;17.59;26.8;36.0;0.0;24.278;2.88;8.97
1982-09-06;23.2;29.81;36.42;0.0;19.475;1.88;15.82
1982-09-07;20.26;25.73;31.21;0.0;21.604;1.59;18.66
1982-09-08;17.22;24.74;32.26;0.0;23.955;1.55;13.48
1982-09-09;17.58;25.41;33.25;0.0;23.452;0.99;9.15
1982-09-10;20.77;27.3;33.84;0.0;23.534;1.98;7.77
1982-09-11;19.17;26.82;34.46;0.0;23.484;1.79;9.27
1982-09-12;18.12;25.91;33.7;0.0;22.487;1.31;11.46
1982-09-13;17.13;25.74;34.36;0.0;22.61;1.3;9.42
1982-09-14;19.05;26.07;33.09;0.0;18.075;0.71;20.76
1982-09-15;24.93;29.74;34.55;0.0;19.446;1.98;6.21
1982-09-16;24.44;29.41;34.38;0.0;19.441;2.28;9.32
1982-09-17;19.48;25.11;30.74;0.0;9.179;1.6;19.01
1982-09-18;18.91;25.02;31.12;0.0;19.61;1.7;12.61
1982-09-19;16.31;23.59;30.87;0.0;19.386;0.89;14.44
1982-09-20;15.96;23.61;31.26;0.0;22.643;1.6;11.38
1982-09-21;16.55;24.71;32.87;0.0;22.494;0.6;9.84
1982-09-22;22.07;27.79;33.51;0.0;21.463;2.44;21.23
1982-09-23;22.09;26.23;30.37;0.0;18.134;2.72;16.8
1982-09-24;19.62;24.51;29.4;0.0;18.338;2.67;21.45
1982-09-25;18.93;22.98;27.02;0.0;18.528;0.74;32.1
1982-09-26;17.15;23.3;29.46;0.0;20.142;1.51;24.86
1982-09-27;17.43;25.11;32.78;0.0;20.46;1.53;12.49
1982-09-28;17.74;25.28;32.82;0.0;20.295;2.2;12.83
1982-09-29;17.23;23.37;29.51;0.0;17.708;1.04;24.31
1982-09-30;16.26;21.77;27.28;0.0;18.731;3.1;27.38
1982-10-01;17.82;20.5;23.18;1.17;12.885;2.93;44.58
1982-10-02;15.14;20.85;26.56;0.0;19.818;2.72;25.21
1982-10-03;15.43;23.24;31.06;0.0;18.174;1.91;20.13
1982-10-04;15.77;21.73;27.7;0.0;17.52;0.91;27.78
1982-10-05;15.16;21.7;28.23;0.0;18.265;0.54;27.46
1982-10-06;15.1;21.7;28.3;0.0;15.657;1.41;26.63
1982-10-07;12.39;18.76;25.13;0.0;16.788;1.32;33.91
1982-10-08;15.14;19.5;23.85;0.0;16.153;1.91;34.51
1982-10-09;11.22;17.88;24.53;0.0;18.174;1.64;27.47
1982-10-10;11.06;18.21;25.37;0.0;18.007;1.41;26.01
1982-10-11;10.32;18.28;26.24;0.0;17.994;1.12;24.9
1982-10-12;15.24;20.48;25.71;0.0;17.514;1.0;32.34
1982-10-13;16.73;19.22;21.71;7.17;4.692;2.32;48.05
1982-10-14;14.7;17.7;20.71;0.0;9.26;1.81;44.3
1982-10-15;12.64;17.45;22.26;0.0;17.645;1.01;30.81
1982-10-16;14.46;18.3;22.15;0.0;10.784;2.41;37.9
1982-10-17;16.9;20.44;23.98;0.0;12.604;0.92;40.44
1982-10-18;14.35;19.46;24.58;0.0;15.587;1.31;36.45
1982-10-19;12.41;19.66;26.9;0.0;16.873;2.02;25.21
1982-10-20;14.17;21.48;28.8;0.0;14.792;2.96;22.41
1982-10-21;15.58;21.3;27.01;0.18;12.841;2.97;28.71
1982-10-22;15.34;20.55;25.77;0.76;7.434;2.12;34.43
1982-10-23;17.07;20.16;23.24;5.51;9.022;1.35;47.19
1982-10-24;16.67;20.1;23.53;3.72;12.687;2.48;44.81
1982-10-25;16.84;19.35;21.86;0.0;9.723;2.56;43.43
1982-10-26;11.51;17.12;22.73;0.0;15.081;0.38;33.7
1982-10-27;9.84;16.11;22.38;0.0;15.561;0.71;30.76
1982-10-28;9.82;16.11;22.39;1.2;13.655;2.66;33.69
1982-10-29;12.96;16.66;20.37;0.0;6.441;0.81;47.69
1982-10-30;10.03;16.23;22.42;0.0;15.378;0.61;32.31
1982-10-31;9.43;15.91;22.4;0.0;14.775;1.02;33.89
1982-11-01;13.29;16.09;18.88;2.28;10.879;1.52;47.34
1982-11-02;10.53;15.45;20.37;0.0;14.909;2.12;33.11
1982-11-03;7.15;14.88;22.61;0.0;15.268;1.71;22.18
1982-11-04;9.87;17.19;24.51;0.0;16.111;2.46;21.15
1982-11-05;8.0;13.74;19.49;0.5;12.428;1.69;38.36
1982-11-06;8.18;13.54;18.89;0.0;14.933;3.14;31.62
1982-11-07;5.84;13.26;20.67;0.0;14.873;2.07;22.99
1982-11-08;4.31;13.17;22.03;0.0;15.877;0.9;18.85
1982-11-09;4.7;12.73;20.76;0.0;15.193;0.99;23.52
1982-11-10;7.79;12.99;18.2;0.0;9.811;0.9;39.12
1982-11-11;4.07;12.27;20.47;0.0;14.613;1.58;19.99
1982-11-12;4.36;13.45;22.53;0.0;14.464;1.1;16.48
1982-11-13;6.55;14.63;22.7;0.0;14.185;1.31;17.82
1982-11-14;5.89;15.03;24.17;0.0;14.09;1.3;18.6
1982-11-15;6.4;15.44;24.48;0.0;13.86;1.69;19.96
1982-11-16;6.0;15.32;24.65;0.0;13.782;1.73;20.92
1982-11-17;6.74;15.14;23.55;0.0;13.715;2.32;23.2
1982-11-18;5.81;15.25;24.7;0.0;13.827;1.1;18.37
1982-11-19;5.94;12.52;19.09;0.0;10.78;0.7;33.22
1982-11-20;7.65;12.42;17.19;0.0;8.527;1.51;44.64
1982-11-21;4.17;11.43;18.7;0.0;13.324;1.1;22.26
1982-11-22;6.06;14.24;22.42;0.0;13.059;2.32;17.69
1982-11-23;8.94;16.95;24.95;0.0;13.328;3.72;11.58
1982-11-24;12.07;18.68;25.28;0.0;14.128;5.23;11.28
1982-11-25;13.74;15.48;17.21;20.07;5.057;3.25;46.56
1982-11-26;13.42;15.68;17.94;0.0;4.874;0.4;57.45
1982-11-27;9.84;14.5;19.16;0.0;9.683;0.6;45.84
1982-11-28;8.5;15.75;23.0;0.0;12.33;2.89;28.83
1982-11-29;9.14;13.08;17.02;15.53;8.193;3.9;46.78
1982-11-30;9.08;11.66;14.25;5.97;5.925;2.82;68.07
1982-12-01;9.33;11.91;14.48;0.0;3.289;2.04;66.76
1982-12-02;9.81;13.45;17.09;4.33;5.436;2.25;62.18
1982-12-03;5.15;11.21;17.28;0.0;11.254;1.1;36.06
1982-12-04;4.35;11.0;17.66;0.0;11.998;1.59;22.48
1982-12-05;5.92;10.84;15.77;4.08;6.304;2.78;52.24
1982-12-06;9.46;12.79;16.12;6.19;5.319;3.74;52.36
1982-12-07;11.83;14.69;17.55;22.18;5.339;5.77;75.94
1982-12-08;13.65;15.68;17.7;10.16;6.456;4.21;84.32
1982-12-09;9.75;13.99;18.24;3.69;7.279;0.6;64.22
1982-12-10;8.49;14.81;21.13;5.94;12.36;2.58;38.43
1982-12-11;9.94;12.77;15.6;9.28;7.131;3.8;62.19
1982-12-12;6.46;10.7;14.94;0.0;7.25;0.14;51.85
1982-12-13;5.4;9.37;13.33;9.19;6.683;2.69;55.25
1982-12-14;10.82;13.92;17.01;0.29;6.744;0.27;61.15
1982-12-15;8.55;13.12;17.68;0.0;10.398;0.29;49.73
1982-12-16;7.09;12.87;18.65;0.0;11.972;0.37;39.23
1982-12-17;7.52;13.08;18.65;16.42;9.33;3.22;44.88
1982-12-18;8.73;11.29;13.85;6.77;7.273;3.38;64.3
1982-12-19;7.75;9.89;12.03;1.82;5.499;2.48;73.78
1982-12-20;7.4;12.18;16.96;26.03;6.815;3.48;60.89
1982-12-21;10.46;13.19;15.91;10.12;6.376;3.0;80.98
1982-12-22;8.24;10.84;13.45;9.36;6.859;3.67;73.49
1982-12-23;7.3;10.76;14.21;0.0;8.978;1.02;47.91
1982-12-24;7.11;9.62;12.12;13.07;2.132;2.35;63.72
1982-12-25;4.12;8.35;12.58;0.0;7.932;1.29;52.53
1982-12-26;1.7;7.35;13.01;0.0;12.589;0.11;43.33
1982-12-27;5.84;10.85;15.86;0.0;8.885;2.43;37.74
1982-12-28;4.66;10.65;16.65;0.0;11.126;1.82;34.78
1982-12-29;4.16;10.18;16.19;0.0;11.446;2.19;40.82
1982-12-30;5.06;8.86;12.65;0.0;6.782;2.42;53.44
1982-12-31;4.69;8.17;11.65;0.0;7.878;0.81;48.44
1983-01-01;3.49;7.59;11.69;0.0;7.747;2.38;47.56
1983-01-02;6.25;10.07;13.88;0.0;7.247;2.35;59.83
1983-01-03;7.94;10.72;13.51;0.0;5.23;1.82;75.36
1983-01-04;8.39;11.45;14.51;0.28;3.027;1.96;79.18
1983-01-05;10.69;13.21;15.72;0.0;4.214;0.11;79.89
1983-01-06;7.51;12.43;17.36;0.0;8.685;0.9;52.78
1983-01-07;4.92;11.13;17.34;0.0;13.433;0.8;43.14
1983-01-08;4.8;9.41;14.03;0.0;6.023;1.1;59.5
1983-01-09;2.37;8.44;14.5;0.0;12.432;0.6;32.35
1983-01-10;3.22;8.75;14.28;0.0;8.741;1.3;36.09
1983-01-11;7.01;11.2;15.39;3.51;6.066;2.93;51.59
1983-01-12;4.24;8.99;13.74;0.89;7.924;1.1;64.33
1983-01-13;2.75;9.13;15.52;0.0;12.383;0.38;39.13
1983-01-14;3.1;9.92;16.74;0.0;13.171;0.99;30.6
1983-01-15;4.33;10.02;15.71;0.0;9.021;0.69;43.61
1983-01-16;3.61;10.24;16.87;0.0;12.773;0.69;36.41
1983-01-17;3.88;10.62;17.35;0.0;12.921;1.08;30.5
1983-01-18;4.59;11.71;18.84;0.0;13.141;2.24;21.59
1983-01-19;6.57;13.22;19.87;0.0;14.312;3.63;13.71
1983-01-20;6.14;11.1;16.06;2.06;7.982;3.54;38.29
1983-01-21;4.59;9.09;13.59;1.72;9.139;1.59;51.22
1983-01-22;5.99;9.6;13.21;0.0;7.817;0.58;63.21
1983-01-23;7.36;10.84;14.32;0.0;7.766;0.3;64.02
1983-01-24;7.06;10.87;14.68;0.0;10.32;0.22;52.49
1983-01-25;4.91;8.16;11.4;4.01;9.958;1.69;66.12
1983-01-26;4.23;8.54;12.86;0.0;10.69;0.28;44.85
1983-01-27;5.26;9.34;13.42;2.89;6.494;2.95;53.59
1983-01-28;5.92;8.25;10.59;4.68;6.49;2.71;69.02
1983-01-29;3.93;7.83;11.74;0.0;10.3;0.39;45.65
1983-01-30;1.91;7.58;13.26;0.0;14.18;0.89;35.74
1983-01-31;4.19;9.03;13.87;0.0;10.238;1.68;45.65
1983-02-01;7.05;11.38;15.7;5.44;5.218;1.87;65.8
1983-02-02;7.36;12.78;18.2;0.0;10.823;0.2;51.41
1983-02-03;5.82;12.79;19.75;0.0;14.747;0.98;34.17
1983-02-04;6.76;13.25;19.73;0.13;14.853;1.89;34.58
1983-02-05;6.53;12.86;19.19;0.0;15.3;1.89;28.19
1983-02-06;6.29;12.72;19.15;0.0;16.521;2.29;17.1
1983-02-07;5.55;12.61;19.67;0.0;16.483;1.28;17.42
1983-02-08;5.38;10.93;16.49;0.0;10.67;0.89;42.31
1983-02-09;5.96;13.65;21.34;0.0;16.543;3.51;21.09
1983-02-10;8.02;11.96;15.91;18.54;11.66;5.67;50.13
1983-02-11;6.18;10.59;14.99;0.0;8.993;2.39;50.15
1983-02-12;5.5;13.39;21.29;0.0;15.332;2.42;22.8
1983-02-13;8.56;14.3;20.03;1.75;11.134;4.06;32.75
1983-02-14;10.14;13.71;17.29;1.85;11.724;4.11;51.73
1983-02-15;8.91;11.29;13.67;2.14;7.1;1.51;73.55
1983-02-16;8.12;11.34;14.57;0.0;11.674;0.38;55.85
1983-02-17;6.3;8.38;10.45;4.85;12.489;2.07;66.97
1983-02-18;4.25;7.04;9.83;0.0;13.733;1.3;41.17
1983-02-19;3.39;11.16;18.93;1.96;16.209;2.13;24.99
1983-02-20;8.29;12.51;16.73;7.41;13.703;2.03;45.04
1983-02-21;7.6;11.27;14.94;4.16;11.922;3.3;50.35
1983-02-22;6.22;11.96;17.7;0.0;18.493;0.54;36.54
1983-02-23;6.9;12.67;18.44;0.37;11.731;2.98;42.35
1983-02-24;9.91;15.17;20.43;0.0;13.97;2.56;42.42
1983-02-25;8.44;13.55;18.66;0.0;13.404;1.72;46.05
1983-02-26;8.7;13.69;18.68;0.0;13.894;1.2;47.11
1983-02-27;6.64;12.05;17.46;11.57;13.673;1.2;46.06
1983-02-28;5.66;9.3;12.94;3.83;12.28;2.76;50.54
1983-03-01;2.97;10.16;17.36;0.0;20.327;0.94;25.47
1983-03-02;5.01;12.12;19.23;3.48;18.715;2.74;27.14
1983-03-03;9.52;12.32;15.13;3.16;11.879;3.0;56.64
1983-03-04;8.59;10.96;13.34;0.0;9.718;0.9;56.51
1983-03-05;5.14;9.48;13.82;0.0;13.931;0.49;37.82
1983-03-06;2.94;9.63;16.33;0.0;19.518;0.99;24.27
1983-03-07;6.94;14.07;21.19;4.48;15.409;1.8;29.17
1983-03-08;9.79;16.04;22.29;12.27;15.987;1.51;36.86
1983-03-09;13.98;18.65;23.32;6.91;11.687;2.78;34.78
1983-03-10;11.39;17.77;24.14;0.0;8.646;1.84;30.22
1983-03-11;10.48;15.12;19.76;0.0;12.969;2.99;33.69
1983-03-12;11.49;15.3;19.11;0.0;13.334;2.69;39.02
1983-03-13;7.78;13.46;19.15;0.0;15.499;2.11;36.04
1983-03-14;6.87;13.35;19.83;0.0;20.824;1.92;29.92
1983-03-15;9.37;13.96;18.56;0.0;16.655;2.57;36.81
1983-03-16;8.97;12.91;16.84;4.83;11.506;2.87;62.91
1983-03-17;6.55;15.26;23.97;0.0;21.067;0.5;21.72
1983-03-18;7.49;13.23;18.97;0.0;16.791;1.81;35.58
1983-03-19;7.93;13.49;19.05;0.0;14.394;2.43;32.54
1983-03-20;10.29;16.02;21.75;0.0;22.631;0.6;27.65
1983-03-21;9.43;16.43;23.42;4.33;18.344;2.12;20.1
1983-03-22;9.73;14.18;18.63;0.0;14.902;1.71;36.58
1983-03-23;8.16;14.69;21.21;0.0;22.647;0.89;26.53
1983-03-24;7.14;15.53;23.91;0.0;23.001;0.65;18.9
1983-03-25;8.78;15.23;21.67;0.0;21.008;2.12;28.47
1983-03-26;10.33;15.16;19.98;0.0;14.941;0.5;36.57
1983-03-27;8.02;16.24;24.47;0.0;23.742;0.6;19.73
1983-03-28;10.01;16.2;22.39;0.0;18.962;2.89;24.23
1983-03-29;10.74;15.56;20.38;3.86;17.882;5.02;31.39
1983-03-30;8.54;11.4;14.26;3.16;20.783;4.0;53.36
1983-03-31;7.96;12.42;16.87;0.0;17.238;2.74;31.25
1983-04-01;6.34;13.55;20.77;0.0;25.091;1.56;23.98
1983-04-02;6.24;13.95;21.65;0.0;24.655;0.57;22.91
1983-04-03;7.57;16.61;25.64;3.47;24.95;2.07;15.86
1983-04-04;14.72;18.66;22.59;26.48;12.82;3.61;41.95
1983-04-05;12.71;17.3;21.9;0.0;18.715;2.58;33.51
1983-04-06;10.58;14.09;17.6;1.6;17.537;3.76;45.6
1983-04-07;9.52;11.57;13.62;0.0;13.978;2.85;57.03
1983-04-08;9.78;13.21;16.65;0.0;14.217;2.22;41.81
1983-04-09;10.17;13.82;17.46;0.0;16.697;2.34;41.39
1983-04-10;9.41;13.5;17.59;0.0;21.487;2.5;35.29
1983-04-11;8.72;14.27;19.83;0.0;24.298;0.78;28.18
1983-04-12;10.01;14.31;18.61;0.0;21.206;2.89;34.54
1983-04-13;7.84;13.29;18.75;0.0;21.627;0.78;29.12
1983-04-14;5.26;13.21;21.16;0.0;25.727;0.58;26.87
1983-04-15;12.3;17.29;22.28;0.0;25.565;0.99;29.45
1983-04-16;8.38;14.34;20.31;0.0;18.73;1.99;33.31
1983-04-17;8.0;14.61;21.22;0.0;23.418;0.36;28.14
1983-04-18;8.43;15.33;22.23;0.0;23.128;2.3;27.85
1983-04-19;10.78;15.96;21.14;0.0;16.61;0.75;35.67
1983-04-20;8.21;16.41;24.6;0.0;29.163;1.09;21.69
1983-04-21;11.41;21.12;30.82;0.0;25.532;2.06;16.68
1983-04-22;15.16;21.95;28.73;2.54;21.476;3.34;19.65
1983-04-23;11.41;17.87;24.33;1.07;24.27;1.8;29.56
1983-04-24;12.97;17.09;21.22;0.0;22.461;3.22;30.81
1983-04-25;10.59;16.49;22.39;0.0;25.488;2.59;27.86
1983-04-26;9.28;15.77;22.26;0.0;27.4;3.7;21.25
1983-04-27;7.97;16.0;24.03;0.0;27.185;2.78;17.35
1983-04-28;9.83;18.23;26.63;2.33;24.884;2.87;16.58
1983-04-29;11.73;15.27;18.81;6.35;22.337;3.07;36.39
1983-04-30;9.94;14.29;18.64;0.0;20.973;1.19;32.47
1983-05-01;7.93;14.85;21.77;0.0;27.206;1.7;25.74
1983-05-02;10.23;17.64;25.05;0.0;27.953;2.21;23.1
1983-05-03;10.01;18.95;27.88;0.0;28.429;1.09;16.66
1983-05-04;12.08;21.21;30.35;0.0;28.407;1.38;14.2
1983-05-05;13.15;21.28;29.41;0.0;28.386;1.61;17.93
1983-05-06;9.33;18.34;27.36;0.0;30.425;1.0;20.34
1983-05-07;10.31;17.64;24.98;0.0;28.429;1.93;24.21
1983-05-08;14.02;18.37;22.71;0.0;23.394;3.25;28.51
1983-05-09;11.36;18.99;26.62;0.0;28.472;3.31;20.82
1983-05-10;10.71;19.55;28.4;0.0;28.039;1.0;21.38
1983-05-11;12.35;18.83;25.31;2.16;23.794;1.3;29.03
1983-05-12;15.08;19.09;23.11;0.15;20.987;2.67;31.35
1983-05-13;14.67;19.09;23.5;0.0;24.302;1.8;29.42
1983-05-14;11.34;17.98;24.62;0.0;27.769;2.37;22.74
1983-05-15;11.43;18.14;24.86;0.0;29.209;3.06;18.62
1983-05-16;10.53;17.37;24.21;0.0;28.806;2.61;23.23
1983-05-17;9.65;16.42;23.19;0.0;28.263;2.3;22.6
1983-05-18;7.4;15.39;23.39;0.0;29.245;2.59;18.83
1983-05-19;10.51;17.61;24.72;0.0;29.303;2.98;18.82
1983-05-20;11.31;19.32;27.34;0.0;30.142;2.63;12.7
1983-05-21;9.89;18.39;26.9;0.0;29.233;2.49;15.97
1983-05-22;13.06;16.53;20.0;0.0;18.379;2.49;31.03
1983-05-23;12.0;14.95;17.89;0.0;18.096;2.09;31.55
1983-05-24;11.66;16.81;21.97;0.0;23.984;1.22;25.32
1983-05-25;8.91;16.09;23.27;0.0;27.219;1.49;24.55
1983-05-26;14.92;19.36;23.81;0.0;25.115;1.4;25.97
1983-05-27;15.52;18.23;20.95;0.0;15.216;1.79;41.19
1983-05-28;12.48;17.55;22.63;0.0;25.334;2.48;26.04
1983-05-29;8.07;15.78;23.49;0.0;29.229;2.18;21.64
1983-05-30;9.45;15.98;22.52;0.0;25.033;2.0;26.84
1983-05-31;13.73;18.73;23.72;0.0;26.001;1.3;24.55
1983-06-01;10.74;18.02;25.3;0.0;29.229;2.08;21.89
1983-06-02;14.43;20.48;26.53;0.0;27.633;2.01;21.22
1983-06-03;10.92;18.77;26.62;0.0;29.028;1.79;20.54
1983-06-04;14.9;20.75;26.61;0.0;25.797;1.99;24.91
1983-06-05;12.15;17.54;22.92;0.0;22.682;3.11;28.19
1983-06-06;15.23;18.46;21.7;0.0;20.619;2.08;28.49
1983-06-07;13.21;17.47;21.73;0.0;23.294;3.48;28.59
1983-06-08;12.14;17.56;22.98;0.0;24.356;1.74;24.61
1983-06-09;10.79;18.7;26.61;1.26;27.188;2.28;19.08
1983-06-10;15.57;19.06;22.56;0.66;22.011;2.06;32.91
1983-06-11;15.74;20.5;25.27;0.0;28.191;2.06;22.8
1983-06-12;12.7;20.11;27.51;0.0;28.833;2.8;19.57
1983-06-13;13.41;19.54;25.67;0.0;27.416;2.39;24.19
1983-06-14;15.35;20.07;24.8;0.0;25.066;3.46;26.02
1983-06-15;12.49;19.14;25.8;0.0;30.018;4.16;19.85
1983-06-16;12.13;18.79;25.44;0.0;30.052;3.52;20.65
1983-06-17;11.02;17.79;24.55;0.0;26.439;2.71;23.73
1983-06-18;13.47;17.13;20.79;3.92;20.843;3.44;46.98
1983-06-19;15.84;18.93;22.01;0.86;19.69;2.1;50.49
1983-06-20;15.06;20.38;25.69;0.0;28.04;1.6;25.92
1983-06-21;13.82;19.68;25.54;0.0;27.507;2.6;26.05
1983-06-22;14.77;18.48;22.19;0.0;16.772;2.8;33.74
1983-06-23;12.64;18.21;23.79;0.0;26.061;2.39;25.27
1983-06-24;11.41;17.89;24.38;0.0;29.098;2.5;23.67
1983-06-25;12.05;18.79;25.53;0.0;30.034;3.34;20.68
1983-06-26;12.3;19.44;26.58;0.0;30.206;3.45;20.04
1983-06-27;16.14;20.86;25.57;0.0;26.406;2.31;25.43
1983-06-28;15.04;19.67;24.31;0.0;23.484;1.99;28.91
1983-06-29;14.2;19.13;24.06;0.0;23.663;1.89;26.98
1983-06-30;14.35;19.55;24.75;0.0;26.609;2.0;21.56
1983-07-01;12.86;20.25;27.64;0.0;29.931;3.45;16.24
1983-07-02;13.94;20.4;26.86;0.0;27.402;2.51;21.31
1983-07-03;13.87;20.36;26.85;0.0;26.66;1.5;22.8
1983-07-04;16.01;20.76;25.51;0.0;22.566;2.51;28.8
1983-07-05;15.65;22.01;28.37;0.0;27.979;4.15;20.46
1983-07-06;15.92;23.83;31.74;0.0;28.217;3.02;16.06
1983-07-07;15.27;23.97;32.67;0.0;28.69;2.1;15.65
1983-07-08;19.14;24.64;30.15;0.0;26.619;2.71;21.71
1983-07-09;18.93;24.21;29.49;0.0;26.482;3.53;21.43
1983-07-10;15.77;22.82;29.87;0.0;28.569;3.68;17.52
1983-07-11;16.18;23.77;31.37;0.0;28.326;3.82;14.99
1983-07-12;16.54;24.95;33.37;0.0;28.197;3.45;12.93
1983-07-13;18.08;27.04;36.01;0.0;26.447;3.0;13.12
1983-07-14;18.68;27.16;35.64;0.0;26.928;1.8;15.2
1983-07-15;18.91;26.66;34.4;0.0;26.473;1.63;18.2
1983-07-16;20.22;26.41;32.59;0.0;25.408;1.88;20.45
1983-07-17;19.32;24.67;30.02;0.0;24.825;1.8;24.55
1983-07-18;19.77;22.84;25.91;0.96;15.613;1.19;33.31
1983-07-19;19.07;23.32;27.57;0.0;24.507;2.1;26.91
1983-07-20;16.49;23.95;31.41;0.0;26.368;1.16;20.51
1983-07-21;20.58;24.11;27.65;0.0;22.838;1.47;28.12
1983-07-22;18.79;24.15;29.51;0.0;26.888;2.09;24.01
1983-07-23;19.06;25.36;31.66;0.0;26.645;2.4;20.75
1983-07-24;19.62;25.29;30.95;0.0;25.839;2.2;23.72
1983-07-25;23.12;27.27;31.42;0.0;25.09;2.3;24.83
1983-07-26;22.21;26.89;31.58;0.0;25.768;2.3;24.16
1983-07-27;21.64;27.23;32.81;0.0;25.771;2.18;21.12
1983-07-28;20.5;26.08;31.66;0.0;25.034;1.87;22.58
1983-07-29;19.17;26.43;33.68;0.0;25.063;2.19;17.92
1983-07-30;18.26;25.98;33.7;0.0;24.21;1.28;15.95
1983-07-31;18.34;25.48;32.62;0.0;24.335;0.87;20.46
1983-08-01;20.1;25.91;31.73;0.0;24.22;1.28;21.13
1983-08-02;21.41;25.7;29.99;0.0;22.966;0.73;25.63
1983-08-03;21.25;24.32;27.4;0.16;22.121;0.77;30.61
1983-08-04;18.42;24.64;30.85;0.0;29.705;1.99;16.66
1983-08-05;16.32;24.25;32.17;0.0;29.552;2.39;10.61
1983-08-06;17.66;26.22;34.78;0.0;27.057;0.83;12.99
1983-08-07;25.46;29.23;33.01;0.0;21.367;2.58;16.58
1983-08-08;22.95;28.59;34.23;0.0;22.45;2.49;18.58
1983-08-09;22.87;27.23;31.58;0.0;20.532;1.99;21.25
1983-08-10;19.74;25.13;30.51;0.0;23.404;2.19;23.59
1983-08-11;17.98;24.84;31.7;0.0;26.693;2.49;18.69
1983-08-12;17.28;25.24;33.2;0.0;26.837;2.09;15.15
1983-08-13;16.91;25.52;34.12;0.0;26.358;1.33;16.44
1983-08-14;18.26;27.38;36.51;0.0;23.233;0.77;17.13
1983-08-15;21.22;29.2;37.19;0.0;22.569;0.61;19.73
1983-08-16;21.54;28.6;35.66;0.0;22.986;1.57;15.39
1983-08-17;22.83;28.12;33.41;0.0;23.096;1.67;19.74
1983-08-18;19.26;25.99;32.72;0.0;23.886;1.47;18.3
1983-08-19;17.91;25.42;32.93;0.0;26.073;1.66;14.5
1983-08-20;19.24;27.01;34.78;0.0;26.307;1.18;13.48
1983-08-21;22.73;29.65;36.57;0.0;25.483;2.09;16.82
1983-08-22;24.43;29.54;34.64;0.0;22.798;3.29;14.09
1983-08-23;23.14;27.68;32.22;0.0;21.838;1.81;20.82
1983-08-24;19.4;23.05;26.7;6.98;19.712;2.28;41.28
1983-08-25;19.14;23.23;27.32;0.0;21.573;2.08;29.75
1983-08-26;17.48;23.8;30.11;0.0;24.832;2.68;22.36
1983-08-27;17.78;23.69;29.6;0.0;24.327;2.77;25.22
1983-08-28;17.94;24.15;30.36;0.0;24.732;3.28;21.16
1983-08-29;18.85;25.3;31.74;0.0;24.639;2.42;17.46
1983-08-30;18.82;25.38;31.95;0.0;24.248;2.08;17.79
1983-08-31;17.86;24.3;30.74;0.0;21.299;0.7;21.92
1983-09-01;23.82;26.55;29.29;0.0;12.131;1.2;26.7
1983-09-02;22.12;26.63;31.13;0.0;16.575;1.6;22.53
1983-09-03;23.17;27.9;32.63;0.0;19.607;1.25;16.76
1983-09-04;23.37;28.84;34.3;0.0;23.515;1.97;12.5
1983-09-05;22.14;28.34;34.54;0.0;24.841;1.78;10.59
1983-09-06;23.79;28.41;33.02;0.0;23.458;2.27;11.72
1983-09-07;23.21;27.18;31.15;0.0;20.822;1.61;17.72
1983-09-08;20.82;25.69;30.55;0.0;17.907;1.19;21.52
1983-09-09;17.75;24.21;30.67;0.0;21.013;2.27;19.07
1983-09-10;16.69;22.92;29.15;0.15;19.405;0.51;26.62
1983-09-11;16.91;21.71;26.52;0.49;18.816;0.65;35.2
1983-09-12;15.48;20.49;25.5;0.0;20.086;0.84;33.13
1983-09-13;16.62;21.59;26.56;0.0;21.224;0.52;29.01
1983-09-14;14.5;20.86;27.21;0.0;23.191;1.88;24.36
1983-09-15;16.18;22.95;29.72;0.0;23.178;2.26;18.42
1983-09-16;17.7;24.25;30.81;0.0;23.194;1.88;12.49
1983-09-17;18.67;24.65;30.63;0.0;22.879;1.89;12.33
1983-09-18;18.74;24.31;29.89;0.0;22.391;2.77;11.21
1983-09-19;16.61;22.66;28.71;0.0;22.433;2.36;19.49
1983-09-20;14.73;21.45;28.16;0.0;22.322;1.4;19.52
1983-09-21;15.29;21.71;28.14;0.0;19.964;1.0;16.86
1983-09-22;15.55;21.7;27.86;0.0;17.871;1.5;14.76
1983-09-23;15.82;21.88;27.93;0.0;18.697;0.75;13.79
1983-09-24;16.76;22.13;27.5;0.0;21.143;1.7;10.09
1983-09-25;16.04;22.25;28.47;0.0;21.092;1.31;9.35
1983-09-26;15.98;22.47;28.96;0.0;21.457;1.42;15.85
1983-09-27;17.78;23.96;30.15;0.0;20.745;2.35;11.71
1983-09-28;19.03;23.7;28.38;0.0;16.616;1.97;25.53
1983-09-29;18.1;23.93;29.76;0.0;18.498;2.65;21.61
1983-09-30;17.41;23.77;30.14;0.0;20.104;2.18;17.7
1983-10-01;17.26;22.44;27.61;0.0;15.881;2.65;20.87
1983-10-02;17.23;20.52;23.8;1.71;16.032;0.51;40.51
1983-10-03;16.22;19.45;22.68;1.53;10.934;1.82;41.21
1983-10-04;17.11;19.54;21.97;0.0;8.756;1.11;47.23
1983-10-05;14.31;18.57;22.82;0.0;11.013;0.95;40.85
1983-10-06;12.73;16.58;20.43;4.04;8.405;1.21;60.94
1983-10-07;13.82;19.19;24.55;0.0;17.901;3.4;32.72
1983-10-08;13.29;19.51;25.73;0.0;18.581;2.69;23.84
1983-10-09;12.52;18.98;25.45;0.0;17.979;2.01;25.11
1983-10-10;13.11;19.42;25.73;0.0;17.985;1.31;24.87
1983-10-11;13.28;19.5;25.73;0.0;17.993;1.33;23.93
1983-10-12;13.88;19.57;25.27;0.0;17.48;1.71;25.42
1983-10-13;14.52;19.7;24.87;0.0;16.317;0.51;33.21
1983-10-14;14.24;18.45;22.66;0.58;11.703;0.92;42.66
1983-10-15;15.07;17.95;20.82;0.21;7.959;2.12;49.02
1983-10-16;14.26;18.62;22.98;0.0;15.819;2.67;30.81
1983-10-17;11.69;18.68;25.67;0.0;16.981;2.97;24.97
1983-10-18;11.89;19.41;26.92;0.0;16.931;1.13;26.01
1983-10-19;12.81;20.16;27.52;0.0;16.83;1.22;24.53
1983-10-20;12.56;20.11;27.65;0.0;16.794;1.52;23.19
1983-10-21;11.95;19.56;27.17;0.0;16.833;1.41;23.57
1983-10-22;11.07;19.01;26.94;0.0;17.189;1.11;22.66
1983-10-23;11.0;19.18;27.35;0.0;16.858;1.12;19.21
1983-10-24;12.38;19.81;27.24;0.0;17.282;1.9;17.87
1983-10-25;11.77;19.52;27.27;0.0;17.294;1.46;15.86
1983-10-26;12.93;19.91;26.9;0.0;16.324;1.34;15.59
1983-10-27;12.31;19.04;25.76;0.0;15.972;1.48;16.11
1983-10-28;10.07;17.72;25.37;0.0;16.038;0.9;17.15
1983-10-29;12.22;20.08;27.94;0.0;13.806;2.58;15.57
1983-10-30;15.41;21.36;27.31;4.41;11.374;3.25;22.44
1983-10-31;15.05;20.08;25.1;1.36;13.211;4.01;31.39
1983-11-01;15.32;21.11;26.89;3.74;12.353;4.83;27.72
1983-11-02;15.92;19.14;22.37;7.49;8.535;5.5;41.1
1983-11-03;15.41;19.19;22.96;4.73;11.318;6.03;37.02
1983-11-04;12.37;16.05;19.73;8.01;12.045;6.22;43.39
1983-11-05;8.19;12.08;15.97;4.98;10.095;2.27;49.18
1983-11-06;4.61;12.76;20.91;0.0;16.789;1.09;20.66
1983-11-07;10.09;16.48;22.88;1.14;12.595;5.25;19.95
1983-11-08;10.94;14.55;18.17;0.0;8.937;1.4;42.69
1983-11-09;9.47;15.27;21.08;0.0;13.413;0.61;29.72
1983-11-10;8.92;16.98;25.05;0.0;14.621;1.48;21.62
1983-11-11;12.58;19.98;27.38;0.0;12.847;3.12;18.73
1983-11-12;14.14;17.76;21.38;2.77;11.913;2.09;35.31
1983-11-13;11.03;16.09;21.15;6.58;11.581;1.4;38.09
1983-11-14;12.27;14.79;17.31;1.25;10.325;2.24;56.25
1983-11-15;11.3;15.55;19.81;0.0;12.608;0.52;38.21
1983-11-16;8.95;15.06;21.18;0.0;13.277;1.0;37.24
1983-11-17;8.77;15.25;21.74;0.0;13.769;0.75;34.86
1983-11-18;8.66;15.63;22.6;0.0;13.702;0.7;31.67
1983-11-19;9.64;16.42;23.2;0.0;13.242;2.42;27.37
1983-11-20;10.06;13.37;16.68;6.38;8.917;2.6;51.11
1983-11-21;8.04;12.29;16.55;0.0;9.38;0.88;41.17
1983-11-22;4.76;11.95;19.14;0.0;13.039;1.0;24.78
1983-11-23;6.09;12.79;19.49;0.0;14.04;2.03;24.36
1983-11-24;8.76;12.84;16.93;1.57;9.817;2.41;46.79
1983-11-25;11.39;14.14;16.89;0.0;6.896;0.6;53.63
1983-11-26;10.88;14.3;17.71;0.0;4.46;1.52;47.96
1983-11-27;11.72;14.62;17.51;0.0;3.581;0.99;63.38
1983-11-28;8.9;14.11;19.31;0.0;8.692;0.29;47.12
1983-11-29;9.19;13.17;17.15;16.36;5.485;3.32;54.36
1983-11-30;7.95;10.92;13.88;0.2;8.322;2.39;48.86
1983-12-01;7.31;10.6;13.89;6.1;8.024;3.66;58.56
1983-12-02;8.67;11.3;13.94;4.53;8.589;2.91;63.46
1983-12-03;8.23;12.67;17.1;17.81;6.518;3.53;50.61
1983-12-04;11.15;14.32;17.5;34.69;3.461;4.1;76.7
1983-12-05;9.39;12.29;15.2;5.47;6.68;3.8;63.43
1983-12-06;9.5;13.29;17.09;0.0;8.561;4.7;46.76
1983-12-07;9.72;13.04;16.36;58.01;3.676;6.69;63.45
1983-12-08;12.14;14.6;17.05;41.69;5.216;7.39;66.27
1983-12-09;9.93;12.61;15.28;12.4;3.635;6.53;68.22
1983-12-10;9.94;13.25;16.56;0.0;6.476;4.22;55.16
1983-12-11;12.18;14.66;17.14;28.88;4.139;5.59;65.11
1983-12-12;13.52;15.74;17.97;35.63;5.969;2.94;75.01
1983-12-13;13.8;16.14;18.48;0.0;6.465;1.78;59.8
1983-12-14;11.41;14.65;17.89;0.0;7.224;0.6;54.57
1983-12-15;10.8;14.64;18.49;0.0;7.344;0.6;55.15
1983-12-16;9.09;14.1;19.1;0.0;11.409;0.31;47.7
1983-12-17;8.89;14.56;20.24;0.0;9.869;1.0;38.54
1983-12-18;9.88;15.62;21.35;0.0;12.702;3.93;29.65
1983-12-19;10.86;13.91;16.96;30.03;4.529;5.99;58.81
1983-12-20;10.45;13.21;15.97;2.22;7.702;3.27;65.43
1983-12-21;10.46;13.7;16.93;25.56;5.002;6.69;67.95
1983-12-22;12.31;14.5;16.68;5.39;6.177;6.46;73.4
1983-12-23;11.32;14.54;17.75;2.78;8.152;5.82;51.35
1983-12-24;8.82;11.96;15.09;12.7;4.873;6.43;74.62
1983-12-25;6.66;10.66;14.67;1.41;7.888;4.24;54.15
1983-12-26;4.18;11.34;18.5;0.0;12.761;2.25;25.88
1983-12-27;8.17;14.51;20.85;0.0;13.465;3.48;19.43
1983-12-28;8.4;13.89;19.39;0.0;12.976;3.55;19.84
1983-12-29;7.54;10.41;13.28;23.23;7.112;1.18;65.38
1983-12-30;5.97;9.5;13.03;0.0;8.092;0.16;51.67
1983-12-31;3.45;9.57;15.69;2.02;11.74;1.8;33.94
1984-01-01;6.6;9.28;11.96;24.13;7.768;3.67;69.02
1984-01-02;6.5;9.8;13.1;2.62;7.841;2.92;68.69
1984-01-03;4.47;10.8;17.14;0.0;11.679;0.9;38.56
1984-01-04;6.5;13.43;20.35;0.0;12.068;2.54;20.68
1984-01-05;8.82;15.22;21.62;0.0;12.283;3.24;19.03
1984-01-06;7.79;10.2;12.61;4.3;2.318;2.17;52.27
1984-01-07;7.9;10.23;12.57;23.77;7.931;2.05;80.65
1984-01-08;6.63;10.19;13.74;2.53;7.109;1.3;65.95
1984-01-09;4.49;10.13;15.78;0.0;13.611;0.46;41.2
1984-01-10;6.5;10.04;13.57;9.05;3.438;2.86;60.54
1984-01-11;6.22;9.22;12.23;6.31;7.931;6.68;59.35
1984-01-12;4.74;9.29;13.85;7.57;7.388;2.61;63.11
1984-01-13;3.46;9.28;15.09;2.67;9.029;2.29;44.16
1984-01-14;8.01;11.66;15.3;17.22;9.039;2.2;72.1
1984-01-15;6.36;10.77;15.18;0.0;8.536;0.38;62.12
1984-01-16;6.22;10.59;14.96;20.87;5.745;3.62;58.46
1984-01-17;6.55;10.73;14.92;38.3;9.191;2.95;75.25
1984-01-18;5.52;7.9;10.28;9.48;6.728;2.2;74.55
1984-01-19;2.1;6.79;11.49;0.0;9.164;0.38;48.75
1984-01-20;0.91;6.83;12.74;0.0;13.237;0.44;32.62
1984-01-21;2.88;7.96;13.05;0.0;7.004;0.58;37.54
1984-01-22;4.9;10.54;16.18;0.0;12.449;1.45;40.07
1984-01-23;2.67;9.45;16.22;0.0;14.012;1.19;35.0
1984-01-24;1.39;8.69;15.99;0.0;13.943;0.89;32.0
1984-01-25;2.94;7.79;12.65;0.0;8.084;0.39;50.88
1984-01-26;8.23;12.07;15.9;0.0;5.407;0.58;64.23
1984-01-27;6.11;13.03;19.94;0.0;14.083;1.88;38.26
1984-01-28;5.29;12.54;19.79;0.0;14.278;0.99;29.85
1984-01-29;5.02;11.99;18.96;0.0;15.415;1.08;33.35
1984-01-30;4.97;11.68;18.4;0.0;15.366;0.89;37.15
1984-01-31;4.95;11.45;17.94;0.0;15.266;0.78;39.51
1984-02-01;4.64;11.23;17.83;0.0;14.616;0.64;39.26
1984-02-02;4.55;11.26;17.96;0.0;14.856;0.68;37.99
1984-02-03;4.71;11.57;18.42;0.0;14.839;0.89;28.9
1984-02-04;4.05;10.94;17.82;0.0;14.932;0.89;30.61
1984-02-05;4.1;9.16;14.21;0.0;11.094;0.47;44.93
1984-02-06;6.55;9.8;13.06;20.38;9.412;2.2;65.78
1984-02-07;4.97;6.92;8.87;9.29;5.235;2.92;75.79
1984-02-08;1.41;4.5;7.59;5.35;11.468;3.96;44.49
1984-02-09;0.16;3.42;6.68;0.0;15.384;0.48;35.84
1984-02-10;-5.19;0.99;7.18;0.0;13.09;0.59;38.9
1984-02-11;2.11;5.75;9.4;0.0;11.068;0.49;42.48
1984-02-12;-1.47;5.64;12.75;0.0;17.081;1.79;18.56
1984-02-13;0.26;9.25;18.24;0.0;17.979;1.68;14.34
1984-02-14;3.8;11.02;18.23;0.0;17.739;2.34;11.26
1984-02-15;4.25;10.8;17.36;0.0;16.593;1.62;22.52
1984-02-16;3.41;10.06;16.72;2.66;16.047;2.02;36.04
1984-02-17;8.66;12.7;16.73;17.19;10.778;4.34;68.7
1984-02-18;9.67;12.81;15.95;16.04;11.499;2.83;73.54
1984-02-19;8.23;11.36;14.49;13.89;6.509;3.49;67.59
1984-02-20;7.66;10.61;13.56;5.44;12.221;2.76;65.94
1984-02-21;8.33;11.61;14.88;8.72;10.298;4.08;68.13
1984-02-22;9.2;12.45;15.69;2.0;10.386;0.4;63.76
1984-02-23;9.19;13.61;18.04;2.66;10.778;1.3;54.98
1984-02-24;8.8;11.82;14.83;16.15;4.917;2.43;80.39
1984-02-25;8.32;10.04;11.77;0.0;8.423;1.39;68.77
1984-02-26;7.83;12.42;17.01;0.0;17.555;0.6;37.96
1984-02-27;6.1;13.64;21.17;0.0;18.662;0.6;29.42
1984-02-28;8.18;15.34;22.5;0.0;18.933;2.56;24.57
1984-02-29;0.0;0.0;0.0;0.0;0.0;0.0;0.0
1984-03-01;9.07;12.31;15.55;13.05;13.13;3.22;61.51
1984-03-02;9.23;12.07;14.92;0.0;9.912;2.36;51.9
1984-03-03;7.86;10.69;13.51;18.99;12.392;4.18;70.51
1984-03-04;4.59;9.04;13.49;2.08;13.832;1.95;41.23
1984-03-05;1.67;10.09;18.52;0.0;20.325;0.8;20.49
1984-03-06;7.28;14.38;21.48;0.0;20.629;3.31;13.42
1984-03-07;10.18;15.93;21.68;0.67;16.642;3.26;15.79
1984-03-08;8.45;11.79;15.12;4.96;7.915;2.42;45.76
1984-03-09;7.66;12.38;17.1;5.52;12.539;3.57;33.12
1984-03-10;8.31;11.33;14.35;8.89;7.956;2.32;63.78
1984-03-11;7.66;12.24;16.83;4.15;12.142;1.2;41.97
1984-03-12;7.99;12.41;16.82;0.0;14.315;0.9;46.91
1984-03-13;5.83;11.97;18.11;0.0;15.892;0.41;35.66
1984-03-14;8.74;12.9;17.06;4.46;10.21;0.18;45.31
1984-03-15;9.12;13.34;17.56;0.0;15.922;1.2;42.36
1984-03-16;7.66;13.1;18.54;0.0;17.461;0.9;35.45
1984-03-17;5.64;12.88;20.12;0.0;21.578;0.89;30.01
1984-03-18;6.92;14.0;21.08;0.0;22.906;1.19;30.5
1984-03-19;10.01;13.07;16.12;0.0;14.685;1.23;42.86
1984-03-20;8.91;11.52;14.13;0.0;14.077;0.81;38.79
1984-03-21;7.54;9.96;12.39;1.38;16.412;2.42;42.31
1984-03-22;7.2;9.8;12.4;0.0;15.235;2.22;39.49
1984-03-23;7.81;10.41;13.02;10.55;14.755;3.48;59.8
1984-03-24;8.25;10.32;12.39;2.52;16.953;3.11;55.05
1984-03-25;8.01;9.58;11.15;2.67;12.925;2.02;57.35
1984-03-26;6.71;10.64;14.57;0.0;15.592;0.59;34.67
1984-03-27;4.81;11.63;18.45;0.0;21.787;1.19;28.8
1984-03-28;4.79;11.96;19.13;0.0;23.479;0.79;27.69
1984-03-29;7.61;12.57;17.53;3.67;14.407;2.53;35.76
1984-03-30;7.96;10.52;13.08;1.12;20.931;3.62;43.91
1984-03-31;8.16;11.34;14.51;0.24;20.207;3.68;40.88
1984-04-01;8.39;11.21;14.04;0.0;14.65;2.93;46.7
1984-04-02;8.48;11.45;14.41;2.49;20.394;1.88;50.24
1984-04-03;8.15;11.25;14.34;0.0;16.036;0.27;45.03
1984-04-04;8.49;13.3;18.12;0.0;20.932;0.38;33.13
1984-04-05;10.25;13.75;17.25;0.0;13.586;0.48;39.73
1984-04-06;9.28;11.64;14.0;0.0;12.19;1.08;46.56
1984-04-07;7.15;12.21;17.26;0.0;21.512;1.21;28.89
1984-04-08;5.14;12.02;18.89;0.0;25.523;1.27;27.15
1984-04-09;6.26;12.04;17.83;0.0;22.103;1.99;30.28
1984-04-10;6.61;11.27;15.93;0.0;17.357;0.45;31.41
1984-04-11;5.54;12.88;20.22;0.0;25.592;0.59;25.25
1984-04-12;8.07;15.44;22.81;0.0;25.798;1.7;22.6
1984-04-13;9.51;15.2;20.89;0.0;21.624;2.49;31.62
1984-04-14;11.52;16.24;20.97;0.0;21.848;0.99;30.21
1984-04-15;9.94;15.65;21.36;2.54;20.415;1.7;32.03
1984-04-16;13.35;17.0;20.66;12.45;16.371;1.7;55.92
1984-04-17;11.25;17.29;23.32;0.0;25.323;0.26;28.81
1984-04-18;11.75;16.46;21.18;6.13;12.705;2.0;35.29
1984-04-19;9.79;12.86;15.92;6.17;21.626;2.89;45.12
1984-04-20;9.5;11.85;14.2;3.92;15.805;3.23;53.18
1984-04-21;10.45;14.02;17.59;0.0;15.65;1.35;35.31
1984-04-22;8.78;14.89;21.0;0.0;22.509;2.27;30.37
1984-04-23;9.2;16.38;23.55;0.0;26.593;2.48;23.46
1984-04-24;8.44;16.38;24.32;0.0;26.598;1.98;22.35
1984-04-25;9.64;16.16;22.67;0.0;25.163;2.02;29.69
1984-04-26;12.06;17.3;22.54;0.0;26.574;2.48;28.9
1984-04-27;8.54;15.92;23.31;0.0;29.274;2.88;23.5
1984-04-28;9.63;17.25;24.87;0.0;29.922;3.1;23.07
1984-04-29;11.02;18.5;25.99;0.0;27.905;2.59;23.44
1984-04-30;11.58;18.72;25.86;0.0;27.246;2.78;23.47
1984-05-01;11.33;18.63;25.92;0.0;27.64;2.62;23.55
1984-05-02;11.96;18.36;24.75;0.0;27.032;3.0;27.2
1984-05-03;11.88;18.8;25.71;0.0;27.864;2.82;25.07
1984-05-04;13.47;20.11;26.74;0.0;27.15;2.81;23.62
1984-05-05;14.73;21.58;28.42;0.0;27.716;2.12;21.04
1984-05-06;15.27;22.65;30.03;0.0;22.846;1.71;21.11
1984-05-07;18.38;24.02;29.65;0.0;20.676;2.13;24.75
1984-05-08;16.82;24.43;32.05;0.0;22.536;1.91;21.15
1984-05-09;18.84;23.5;28.16;6.95;24.963;2.13;21.26
1984-05-10;14.83;17.95;21.06;9.13;19.665;2.94;42.49
1984-05-11;14.03;17.46;20.89;0.0;20.804;1.07;32.09
1984-05-12;11.47;12.48;13.48;0.85;20.04;2.89;49.3
1984-05-13;11.31;13.27;15.23;0.0;19.555;2.47;34.23
1984-05-14;9.7;15.54;21.38;0.0;26.413;1.24;28.96
1984-05-15;11.63;18.45;25.27;0.0;27.687;1.22;25.06
1984-05-16;12.87;21.55;30.23;0.0;26.964;1.7;18.57
1984-05-17;12.63;20.16;27.68;0.0;28.647;1.9;20.59
1984-05-18;13.67;19.73;25.79;0.0;27.459;2.5;26.93
1984-05-19;13.93;19.27;24.61;0.0;27.473;2.87;28.2
1984-05-20;12.22;16.8;21.37;0.0;22.726;2.88;30.77
1984-05-21;11.61;15.75;19.89;0.0;23.059;2.3;28.38
1984-05-22;11.99;16.69;21.39;0.0;26.409;2.49;24.41
1984-05-23;8.45;15.54;22.62;0.0;29.34;2.38;22.64
1984-05-24;7.78;14.53;21.28;0.0;24.117;2.07;25.86
1984-05-25;9.41;14.72;20.04;0.0;18.133;1.39;32.2
1984-05-26;10.4;16.09;21.79;0.0;19.972;1.45;32.04
1984-05-27;9.79;16.27;22.74;1.39;21.408;1.69;30.59
1984-05-28;10.34;17.47;24.6;0.0;27.985;2.07;24.98
1984-05-29;10.09;17.03;23.97;0.0;25.306;2.29;26.42
1984-05-30;12.04;18.13;24.22;0.0;26.234;3.37;26.98
1984-05-31;11.35;17.34;23.32;0.0;25.69;2.08;28.55
1984-06-01;11.24;17.35;23.46;0.0;25.975;1.44;26.24
1984-06-02;9.26;16.72;24.18;0.0;30.249;1.49;20.94
1984-06-03;10.79;17.35;23.91;0.0;27.437;1.8;25.64
1984-06-04;12.91;16.9;20.89;0.0;23.155;1.6;33.52
1984-06-05;13.08;18.23;23.38;0.0;26.451;0.91;24.87
1984-06-06;10.06;17.2;24.34;0.0;28.404;1.6;24.88
1984-06-07;14.7;18.8;22.91;0.0;24.048;1.79;28.84
1984-06-08;13.44;18.39;23.34;0.0;25.586;1.85;26.74
1984-06-09;10.79;18.26;25.73;0.0;29.011;2.07;18.99
1984-06-10;10.97;19.63;28.29;0.0;30.277;2.08;16.49
1984-06-11;10.99;20.09;29.18;0.0;29.9;1.36;17.41
1984-06-12;12.16;21.05;29.95;0.0;30.123;1.79;17.18
1984-06-13;15.17;20.73;26.29;0.0;28.027;2.29;24.81
1984-06-14;16.47;21.41;26.36;0.0;27.492;3.33;23.63
1984-06-15;14.16;20.96;27.77;0.0;27.471;3.26;21.97
1984-06-16;14.65;21.88;29.11;0.0;25.846;2.3;20.32
1984-06-17;14.76;21.57;28.37;1.5;24.175;2.2;23.6
1984-06-18;18.07;23.5;28.93;0.0;26.465;2.1;25.43
1984-06-19;17.29;22.95;28.62;0.0;25.723;1.61;26.49
1984-06-20;18.55;21.52;24.49;0.09;19.99;2.6;35.99
1984-06-21;17.01;20.37;23.72;0.0;22.906;2.7;30.48
1984-06-22;15.63;17.28;18.92;4.89;10.022;2.09;50.77
1984-06-23;15.31;18.24;21.17;6.07;11.164;3.13;46.96
1984-06-24;15.43;18.99;22.55;4.66;23.401;2.5;39.23
1984-06-25;14.35;19.41;24.47;0.0;25.931;2.0;29.25
1984-06-26;15.5;19.79;24.07;0.71;21.723;1.42;37.44
1984-06-27;18.16;21.45;24.73;0.0;24.066;1.42;33.21
1984-06-28;15.98;20.76;25.53;0.0;26.723;1.79;29.28
1984-06-29;14.94;20.6;26.26;0.0;25.341;2.3;28.36
1984-06-30;16.26;22.59;28.92;0.0;30.379;3.53;15.32
1984-07-01;14.38;22.33;30.28;0.0;29.794;1.6;14.47
1984-07-02;14.79;22.73;30.67;0.0;28.73;1.32;16.53
1984-07-03;16.81;23.84;30.86;0.0;25.366;1.03;23.93
1984-07-04;18.08;24.5;30.93;0.0;23.967;2.1;21.05
1984-07-05;15.16;20.23;25.31;0.0;23.699;1.42;31.8
1984-07-06;16.33;21.15;25.97;0.0;26.053;1.2;27.68
1984-07-07;14.37;20.83;27.29;0.0;28.878;1.38;23.42
1984-07-08;16.99;21.7;26.4;0.0;26.466;1.69;27.45
1984-07-09;16.55;20.56;24.58;0.0;23.943;1.69;28.97
1984-07-10;17.61;21.62;25.63;0.0;26.107;1.41;26.0
1984-07-11;17.52;21.97;26.42;0.0;25.841;1.5;26.19
1984-07-12;14.7;21.0;27.3;0.0;28.725;1.41;22.52
1984-07-13;14.49;21.18;27.86;0.0;28.63;1.35;22.13
1984-07-14;15.03;20.75;26.46;0.0;26.932;1.69;26.74
1984-07-15;18.32;21.37;24.42;0.0;22.171;1.8;32.59
1984-07-16;18.56;22.1;25.64;0.0;24.039;1.69;28.18
1984-07-17;18.83;24.52;30.22;0.0;26.965;2.39;20.49
1984-07-18;15.69;24.82;33.95;0.0;26.017;1.57;12.44
1984-07-19;16.97;25.45;33.93;0.0;24.573;1.48;15.32
1984-07-20;20.21;25.42;30.63;0.0;24.488;2.6;24.83
1984-07-21;19.53;23.55;27.57;0.0;23.123;1.56;28.04
1984-07-22;16.69;22.52;28.36;0.0;24.456;1.28;26.01
1984-07-23;19.4;23.22;27.04;0.0;22.656;1.27;28.38
1984-07-24;21.36;24.61;27.86;0.0;22.772;1.27;28.16
1984-07-25;17.44;24.04;30.63;0.0;25.383;1.48;23.73
1984-07-26;17.09;23.9;30.71;0.0;24.679;1.27;24.71
1984-07-27;19.61;24.11;28.61;0.0;22.888;1.98;27.9
1984-07-28;19.48;24.68;29.88;0.0;23.951;1.77;24.35
1984-07-29;17.88;24.87;31.86;0.0;27.357;1.28;19.63
1984-07-30;18.16;25.91;33.67;0.0;25.332;1.18;20.07
1984-07-31;19.13;25.57;32.01;0.0;22.225;0.59;26.79
1984-08-01;20.82;26.28;31.74;0.0;22.639;1.48;23.66
1984-08-02;18.9;25.78;32.66;0.0;26.336;1.19;20.84
1984-08-03;20.32;27.39;34.46;0.0;24.815;1.06;18.71
1984-08-04;20.85;28.93;37.01;0.0;26.239;0.98;16.19
1984-08-05;22.66;27.05;31.45;0.0;19.067;2.39;20.88
1984-08-06;24.27;28.66;33.04;0.0;21.654;3.76;13.69
1984-08-07;25.0;30.43;35.85;0.0;22.872;3.14;9.32
1984-08-08;25.15;30.52;35.88;0.0;21.208;3.1;13.13
1984-08-09;23.16;29.54;35.92;0.0;25.148;2.49;11.63
1984-08-10;21.44;28.4;35.36;0.0;22.723;2.09;11.12
1984-08-11;19.09;26.67;34.25;0.0;21.553;1.37;15.65
1984-08-12;17.78;25.74;33.7;0.0;22.987;1.37;14.73
1984-08-13;18.13;25.91;33.7;0.0;22.967;1.14;16.66
1984-08-14;19.12;25.9;32.67;0.0;22.116;0.97;21.53
1984-08-15;18.11;25.54;32.97;0.0;22.057;1.17;19.85
1984-08-16;17.43;25.15;32.87;0.0;26.26;1.46;16.41
1984-08-17;17.37;24.98;32.58;0.0;26.186;1.36;16.49
1984-08-18;17.25;24.77;32.28;0.0;22.894;0.73;20.21
1984-08-19;17.73;25.64;33.55;0.0;22.119;1.1;17.82
1984-08-20;22.41;27.84;33.28;0.0;20.008;2.89;11.27
1984-08-21;21.45;29.26;37.06;0.0;26.169;2.9;7.7
1984-08-22;24.58;30.49;36.4;0.0;18.554;2.83;12.49
1984-08-23;20.82;28.07;35.33;0.0;17.953;1.98;14.11
1984-08-24;19.43;26.78;34.13;0.0;20.042;1.58;15.87
1984-08-25;17.85;26.17;34.49;0.0;23.992;1.38;13.55
1984-08-26;17.06;25.21;33.36;0.0;25.138;1.48;15.74
1984-08-27;16.45;24.91;33.38;0.0;23.37;1.19;17.43
1984-08-28;17.06;24.68;32.3;0.0;22.869;0.66;22.91
1984-08-29;17.5;24.93;32.35;0.0;23.282;1.09;21.05
1984-08-30;17.86;25.29;32.73;0.0;23.124;1.39;22.43
1984-08-31;17.86;25.25;32.64;0.0;23.179;2.28;20.85
1984-09-01;17.92;25.54;33.15;0.0;22.594;1.49;18.57
1984-09-02;19.48;26.88;34.28;0.0;22.118;0.98;17.63
1984-09-03;18.58;26.56;34.54;0.0;23.926;1.88;13.74
1984-09-04;17.31;25.58;33.84;0.0;24.356;1.59;12.82
1984-09-05;16.43;24.84;33.26;0.0;24.067;1.02;14.75
1984-09-06;17.99;25.16;32.33;0.0;20.949;0.57;22.41
1984-09-07;17.2;24.62;32.03;0.0;20.896;2.36;19.07
1984-09-08;15.83;24.26;32.69;0.0;20.876;1.2;17.83
1984-09-09;17.52;26.35;35.18;0.0;23.852;2.27;13.73
1984-09-10;19.17;27.24;35.31;0.0;23.484;1.51;12.25
1984-09-11;21.86;28.93;36.0;0.0;23.655;1.4;8.53
1984-09-12;19.43;27.85;36.27;0.0;24.62;1.88;8.04
1984-09-13;16.35;24.58;32.81;0.0;23.233;1.78;17.53
1984-09-14;17.32;23.97;30.62;0.0;22.923;2.47;22.85
1984-09-15;17.95;24.84;31.73;0.0;22.613;2.83;19.78
1984-09-16;16.78;25.29;33.79;0.0;20.088;1.3;17.16
1984-09-17;18.79;26.59;34.38;0.0;21.101;1.2;17.51
1984-09-18;18.99;26.69;34.39;0.0;22.505;1.41;14.1
1984-09-19;19.95;26.87;33.78;0.0;22.505;1.77;12.86
1984-09-20;15.73;23.84;31.95;0.0;22.526;1.68;16.43
1984-09-21;16.91;26.72;36.53;0.0;23.547;2.08;11.43
1984-09-22;19.97;27.46;34.96;0.0;23.893;2.39;9.7
1984-09-23;15.68;23.0;30.32;0.0;21.053;1.47;22.98
1984-09-24;16.46;24.63;32.79;0.0;18.52;1.5;20.92
1984-09-25;16.59;26.8;37.01;0.0;20.479;1.51;13.77
1984-09-26;16.44;26.15;35.85;0.0;19.049;1.42;11.32
1984-09-27;18.48;27.26;36.03;0.0;19.404;1.5;10.06
1984-09-28;20.34;28.47;36.6;0.0;18.907;1.76;7.35
1984-09-29;20.24;28.6;36.97;0.0;18.324;2.06;11.01
1984-09-30;16.31;22.7;29.09;0.0;19.848;2.18;23.18
1984-10-01;19.05;21.81;24.58;0.0;13.243;1.4;40.15
1984-10-02;17.98;20.3;22.61;0.0;9.16;1.01;44.51
1984-10-03;17.51;19.6;21.69;0.0;10.688;1.89;43.86
1984-10-04;14.23;17.91;21.59;0.0;12.391;1.81;35.96
1984-10-05;10.43;17.98;25.54;0.0;18.737;2.41;22.6
1984-10-06;13.3;21.98;30.65;0.0;18.7;1.01;13.47
1984-10-07;18.32;25.29;32.25;0.0;18.622;2.5;8.57
1984-10-08;17.56;24.48;31.41;0.0;18.479;2.19;9.65
1984-10-09;16.75;23.45;30.16;0.0;18.343;1.91;10.46
1984-10-10;16.82;22.97;29.12;0.0;18.655;2.21;12.17
1984-10-11;16.0;22.23;28.47;0.0;18.394;1.82;15.38
1984-10-12;15.77;22.13;28.49;0.0;17.593;1.32;15.67
1984-10-13;17.88;23.93;29.98;0.0;16.416;1.63;12.69
1984-10-14;17.32;23.89;30.47;0.0;17.425;1.52;11.84
1984-10-15;17.36;24.48;31.59;0.0;18.528;3.19;9.66
1984-10-16;18.12;23.03;27.94;0.0;14.755;2.86;22.17
1984-10-17;14.27;17.81;21.35;13.36;10.815;2.21;54.55
1984-10-18;13.32;16.63;19.95;0.0;9.925;3.13;41.65
1984-10-19;11.51;15.55;19.6;0.0;13.02;4.64;37.6
1984-10-20;11.74;16.27;20.79;0.0;12.574;5.96;31.2
1984-10-21;12.38;15.19;18.0;1.42;11.734;5.29;50.84
1984-10-22;12.11;16.79;21.47;0.0;15.182;2.47;35.19
1984-10-23;12.54;16.99;21.45;0.0;13.828;2.33;37.84
1984-10-24;13.0;17.95;22.89;0.0;16.728;0.67;33.69
1984-10-25;10.34;18.37;26.39;0.0;17.295;1.31;22.94
1984-10-26;12.23;20.09;27.94;0.0;16.598;1.16;21.14
1984-10-27;13.48;21.48;29.48;0.0;16.846;0.71;19.78
1984-10-28;17.03;23.13;29.24;0.0;16.87;2.38;14.51
1984-10-29;13.82;20.88;27.94;0.0;15.803;2.12;15.09
1984-10-30;13.83;20.52;27.2;0.0;16.14;2.44;15.58
1984-10-31;10.03;18.45;26.88;0.0;15.503;1.71;15.99
1984-11-01;9.28;17.68;26.09;0.0;15.576;1.71;19.42
1984-11-02;7.83;16.45;25.08;0.0;16.3;1.8;20.12
1984-11-03;7.64;15.96;24.28;0.0;15.002;1.01;22.69
1984-11-04;7.93;16.59;25.25;0.0;15.105;0.7;18.17
1984-11-05;10.08;18.28;26.48;0.0;15.067;1.19;14.2
1984-11-06;9.68;18.05;26.42;0.0;14.908;2.04;12.59
1984-11-07;7.35;15.19;23.03;0.0;14.768;0.7;20.34
1984-11-08;6.55;14.29;22.03;0.0;14.596;1.06;24.02
1984-11-09;6.56;14.66;22.76;0.0;14.74;1.73;21.68
1984-11-10;5.89;14.47;23.05;0.0;14.367;0.83;21.22
1984-11-11;8.71;14.26;19.81;1.92;6.678;1.6;36.66
1984-11-12;9.58;11.83;14.08;0.37;10.555;1.7;54.81
1984-11-13;9.48;11.19;12.9;0.43;2.837;1.4;70.13
1984-11-14;8.99;13.86;18.72;0.0;11.234;0.4;41.4
1984-11-15;8.0;13.65;19.3;0.0;12.852;0.33;36.24
1984-11-16;8.22;14.05;19.87;0.0;9.762;3.78;33.24
1984-11-17;11.4;14.16;16.93;35.68;9.788;4.62;62.28
1984-11-18;10.28;13.31;16.34;0.0;3.687;0.84;59.0
1984-11-19;9.7;14.64;19.59;0.0;9.995;2.76;41.38
1984-11-20;10.49;16.38;22.27;0.0;12.743;3.22;35.28
1984-11-21;10.88;15.12;19.35;7.33;10.024;4.42;40.38
1984-11-22;9.55;12.72;15.89;0.0;10.038;2.34;50.63
1984-11-23;9.72;13.21;16.71;0.0;9.683;0.7;43.71
1984-11-24;9.51;14.68;19.84;0.3;10.849;2.33;37.18
1984-11-25;9.39;14.88;20.36;0.0;9.927;2.33;24.59
1984-11-26;8.59;14.08;19.58;0.0;12.327;2.78;23.21
1984-11-27;7.35;13.25;19.14;0.0;12.606;1.6;26.8
1984-11-28;6.39;12.5;18.61;0.0;12.447;1.19;28.35
1984-11-29;6.81;12.96;19.1;0.0;12.333;1.74;28.3
1984-11-30;7.64;13.52;19.39;0.0;13.535;2.18;25.84
1984-12-01;7.42;13.34;19.27;0.0;9.49;2.0;25.34
1984-12-02;9.06;14.21;19.36;0.0;9.031;1.92;26.71
1984-12-03;7.35;13.33;19.31;0.0;8.146;2.13;24.68
1984-12-04;7.37;13.38;19.39;0.0;12.742;3.26;21.66
1984-12-05;9.33;12.27;15.21;21.55;8.1;3.94;61.1
1984-12-06;9.08;11.89;14.71;4.9;6.93;2.95;61.01
1984-12-07;9.05;12.34;15.62;0.0;5.422;2.1;50.72
1984-12-08;9.94;13.81;17.68;0.0;7.071;0.71;49.84
1984-12-09;7.87;12.56;17.25;0.0;7.066;0.9;54.31
1984-12-10;4.94;12.14;19.34;0.0;11.939;0.93;29.16
1984-12-11;5.39;11.91;18.42;0.0;12.368;0.79;26.34
1984-12-12;5.75;11.91;18.07;0.0;10.245;1.83;36.39
1984-12-13;4.84;11.26;17.68;0.0;11.547;0.5;35.33
1984-12-14;5.38;11.05;16.72;8.93;8.816;1.66;46.89
1984-12-15;5.29;9.11;12.92;0.0;6.299;1.8;57.55
1984-12-16;2.77;9.0;15.23;0.0;11.846;2.42;31.53
1984-12-17;2.56;9.09;15.62;0.0;11.713;0.9;26.96
1984-12-18;1.6;8.13;14.67;0.0;11.768;0.36;33.16
1984-12-19;2.97;9.58;16.19;0.0;10.48;0.69;37.34
1984-12-20;7.54;12.11;16.67;0.0;5.972;1.6;52.31
1984-12-21;4.93;11.62;18.3;0.0;10.735;1.81;31.86
1984-12-22;4.53;10.73;16.92;0.0;11.172;0.79;35.25
1984-12-23;3.86;10.29;16.72;0.0;11.74;2.02;25.35
1984-12-24;7.54;11.96;16.39;0.0;7.69;1.29;51.21
1984-12-25;7.16;12.75;18.34;0.0;8.174;2.98;35.44
1984-12-26;8.11;12.83;17.55;1.21;7.747;2.66;31.68
1984-12-27;7.63;14.09;20.55;0.0;13.049;4.14;13.43
1984-12-28;8.87;12.64;16.41;1.52;7.9;4.77;29.61
1984-12-29;5.8;11.36;16.92;0.0;12.42;2.46;40.05
1984-12-30;8.6;12.19;15.78;8.89;7.643;3.16;55.64
1984-12-31;9.2;12.11;15.02;1.17;7.703;2.64;61.16
