iso-date;tmin;tavg;tmax;precip;globrad;wind;relhumid
1980-01-01;7.34;12.45;17.55;0.0;8.921;5.33;46.4
1980-01-02;6.59;10.35;14.11;14.55;5.588;5.74;66.77
1980-01-03;5.91;9.05;12.2;5.21;7.66;2.96;67.58
1980-01-04;4.73;8.6;12.46;14.72;4.855;7.13;61.9
1980-01-05;8.06;11.03;13.99;3.31;5.226;2.74;69.01
1980-01-06;7.95;11.07;14.19;0.41;5.331;2.94;56.45
1980-01-07;7.85;11.91;15.97;4.1;4.65;2.35;66.69
1980-01-08;5.34;12.21;19.07;0.0;13.157;2.31;35.04
1980-01-09;9.58;15.96;22.35;0.0;10.114;2.71;24.26
1980-01-10;9.28;12.5;15.73;5.5;3.274;2.63;58.63
1980-01-11;10.25;13.44;16.62;0.0;7.87;0.58;58.31
1980-01-12;4.54;10.85;17.16;0.0;13.15;1.21;37.39
1980-01-13;4.48;10.42;16.36;0.39;13.024;1.84;38.76
1980-01-14;9.29;12.57;15.85;2.65;5.114;2.72;72.77
1980-01-15;11.11;14.77;18.42;0.0;10.069;3.4;51.36
1980-01-16;7.2;12.88;18.55;0.0;13.145;0.51;45.44
1980-01-17;4.73;10.98;17.24;0.0;12.498;1.01;40.85
1980-01-18;4.75;11.28;17.8;0.0;11.805;1.31;37.17
1980-01-19;4.85;8.96;13.06;8.41;7.828;3.53;62.32
1980-01-20;6.21;8.89;11.57;6.17;10.138;1.11;62.36
1980-01-21;3.8;7.04;10.29;2.22;12.303;3.13;51.5
1980-01-22;3.52;8.29;13.06;0.0;12.554;2.25;44.9
1980-01-23;3.66;9.02;14.37;0.0;3.547;1.42;49.86
1980-01-24;2.91;9.46;16.0;0.0;9.266;6.67;39.52
1980-01-25;4.58;11.27;17.96;0.0;11.677;5.38;38.13
1980-01-26;5.52;11.46;17.39;0.0;11.793;4.7;40.37
1980-01-27;5.31;11.89;18.48;0.0;12.352;4.19;32.17
1980-01-28;4.03;11.26;18.48;0.0;13.148;2.89;26.91
1980-01-29;4.32;11.29;18.26;0.0;12.796;2.1;27.52
1980-01-30;3.05;10.04;17.04;0.0;13.581;2.42;30.1
1980-01-31;2.7;9.29;15.87;0.0;13.522;1.0;32.86
1980-02-01;3.01;8.72;14.44;0.0;13.606;1.0;33.73
1980-02-02;2.55;8.8;15.05;0.0;13.881;1.29;31.51
1980-02-03;2.02;8.63;15.23;0.0;13.752;1.43;24.95
1980-02-04;1.92;8.56;15.2;0.0;14.281;1.21;23.9
1980-02-05;2.88;9.72;16.57;0.0;15.916;1.3;20.49
1980-02-06;3.72;10.42;17.12;0.0;15.595;1.3;18.42
1980-02-07;4.43;11.54;18.64;25.85;12.59;2.19;23.81
1980-02-08;7.92;13.3;18.69;18.4;6.1;1.98;40.84
1980-02-09;10.16;16.1;22.04;0.0;10.683;2.11;27.47
1980-02-10;8.43;14.9;21.37;0.0;11.655;1.1;26.0
1980-02-11;9.33;15.75;22.18;0.0;16.24;0.6;24.9
1980-02-12;10.26;15.82;21.38;0.0;16.372;0.9;21.55
1980-02-13;7.22;13.64;20.07;0.0;15.898;1.3;18.34
1980-02-14;5.82;12.86;19.89;0.0;15.425;1.3;21.42
1980-02-15;5.26;12.34;19.41;0.0;15.702;1.3;25.33
1980-02-16;3.66;11.04;18.42;0.0;16.351;1.3;29.85
1980-02-17;5.22;12.58;19.95;0.0;17.288;1.5;27.26
1980-02-18;7.12;14.08;21.04;0.0;17.234;2.03;22.14
1980-02-19;6.95;13.59;20.24;0.0;16.375;2.68;25.33
1980-02-20;5.36;12.14;18.93;0.0;16.907;1.1;32.41
1980-02-21;2.59;9.44;16.29;0.21;16.907;1.5;39.12
1980-02-22;7.47;12.56;17.66;0.0;13.667;1.88;42.54
1980-02-23;4.8;8.56;12.32;0.0;9.574;2.03;47.4
1980-02-24;4.24;9.25;14.26;0.0;17.24;6.1;28.56
1980-02-25;4.09;9.07;14.06;0.0;16.527;4.27;30.15
1980-02-26;4.24;9.46;14.68;0.0;17.08;4.95;30.22
1980-02-27;2.81;8.86;14.91;0.0;17.165;3.73;23.11
1980-02-28;3.12;9.48;15.84;0.0;17.194;1.97;25.87
1980-02-29;0.0;0.0;0.0;0.0;0.0;0.0;0.0
1980-03-01;4.07;10.45;16.83;0.0;17.507;1.73;26.2
1980-03-02;6.49;12.64;18.79;0.0;17.943;1.01;30.25
1980-03-03;4.83;12.34;19.84;0.0;17.83;1.88;27.6
1980-03-04;6.93;14.82;22.71;0.0;18.784;2.18;18.37
1980-03-05;7.93;14.98;22.04;0.0;18.071;0.66;17.47
1980-03-06;7.48;15.48;23.49;0.0;18.789;1.89;14.13
1980-03-07;6.13;13.45;20.76;0.0;17.95;1.96;23.34
1980-03-08;5.59;12.05;18.51;0.18;17.421;0.88;34.63
1980-03-09;6.66;13.98;21.3;0.0;18.635;1.97;25.3
1980-03-10;8.41;16.34;24.26;0.0;19.437;0.8;16.33
1980-03-11;12.39;19.21;26.03;0.0;20.432;1.53;10.72
1980-03-12;12.27;19.38;26.48;0.0;21.245;1.77;10.27
1980-03-13;8.4;15.55;22.7;0.0;19.466;2.06;18.67
1980-03-14;7.58;14.34;21.1;0.0;19.208;2.66;29.2
1980-03-15;7.49;15.95;24.4;0.0;20.631;1.67;16.34
1980-03-16;13.88;19.55;25.22;0.0;20.983;2.15;14.1
1980-03-17;7.02;12.99;18.97;0.0;19.591;2.06;37.35
1980-03-18;9.9;15.55;21.2;0.0;18.52;2.38;28.31
1980-03-19;8.57;16.98;25.4;0.0;19.563;2.38;18.28
1980-03-20;11.22;19.23;27.25;0.0;22.099;1.19;17.09
1980-03-21;9.07;17.77;26.47;0.0;21.775;1.78;20.86
1980-03-22;9.9;17.13;24.35;0.0;22.512;2.41;26.36
1980-03-23;9.22;16.17;23.12;0.0;22.817;3.16;23.83
1980-03-24;8.32;16.04;23.75;0.0;23.251;3.25;22.53
1980-03-25;9.25;16.96;24.68;0.0;22.829;3.11;25.42
1980-03-26;7.86;16.87;25.87;0.0;21.524;2.02;20.68
1980-03-27;7.42;17.01;26.6;0.0;23.014;1.39;21.2
1980-03-28;7.15;14.26;21.37;0.0;24.003;1.68;27.16
1980-03-29;10.75;16.33;21.91;0.0;21.057;2.88;30.24
1980-03-30;9.03;16.05;23.08;0.0;21.585;3.28;27.42
1980-03-31;10.62;16.45;22.28;0.0;18.487;1.97;33.12
1980-04-01;11.15;16.3;21.45;0.0;19.962;2.07;31.91
1980-04-02;8.62;14.61;20.6;0.0;23.649;3.5;28.89
1980-04-03;8.22;15.07;21.91;0.0;20.047;2.98;24.73
1980-04-04;7.86;14.1;20.34;0.26;23.215;3.09;28.01
1980-04-05;8.62;12.86;17.11;1.95;12.313;1.38;47.66
1980-04-06;6.71;13.85;20.99;0.0;24.123;2.68;27.52
1980-04-07;8.11;12.94;17.76;0.63;17.309;2.28;35.8
1980-04-08;8.68;13.71;18.74;0.0;17.223;0.52;33.81
1980-04-09;5.76;13.29;20.82;0.0;23.611;3.62;20.07
1980-04-10;10.18;18.99;27.81;0.0;22.983;3.49;10.71
1980-04-11;10.04;15.94;21.84;0.0;24.375;2.5;29.7
1980-04-12;8.09;14.65;21.21;0.0;24.969;1.5;29.54
1980-04-13;9.76;15.0;20.23;9.35;17.178;3.12;34.66
1980-04-14;10.99;14.07;17.16;9.09;12.021;2.19;54.21
1980-04-15;10.92;15.49;20.06;0.0;17.262;0.34;34.28
1980-04-16;7.89;14.96;22.04;0.0;24.583;1.59;27.08
1980-04-17;10.7;18.03;25.36;0.0;24.45;1.7;27.77
1980-04-18;11.09;14.15;17.21;8.71;13.591;1.69;57.09
1980-04-19;9.28;13.66;18.03;0.0;16.759;2.29;36.63
1980-04-20;6.12;12.56;19.0;0.0;22.782;3.4;28.39
1980-04-21;7.48;14.51;21.53;0.0;28.088;3.2;21.35
1980-04-22;7.44;14.65;21.85;0.0;23.817;2.06;20.88
1980-04-23;11.51;15.09;18.68;3.94;14.021;2.0;39.21
1980-04-24;17.73;21.5;25.26;0.0;20.677;1.3;31.76
1980-04-25;9.34;16.34;23.35;0.0;25.97;1.5;28.4
1980-04-26;9.53;16.0;22.46;0.0;24.232;1.66;30.53
1980-04-27;7.3;14.66;22.02;0.0;26.334;2.59;24.97
1980-04-28;9.68;16.72;23.76;0.0;22.575;1.4;29.41
1980-04-29;8.95;16.73;24.51;0.0;27.752;1.3;27.48
1980-04-30;11.38;16.99;22.6;0.0;19.876;1.2;33.57
1980-05-01;10.07;16.26;22.44;0.0;19.381;1.7;28.45
1980-05-02;11.24;15.27;19.3;0.0;8.3;1.89;46.58
1980-05-03;11.6;16.11;20.63;0.0;18.824;0.91;31.96
1980-05-04;9.13;15.32;21.52;5.04;25.815;3.4;29.82
1980-05-05;8.96;12.35;15.74;4.6;16.716;3.83;53.32
1980-05-06;8.4;11.91;15.41;6.11;11.415;3.91;63.88
1980-05-07;10.6;13.57;16.53;5.74;16.75;3.58;77.84
1980-05-08;10.93;13.98;17.04;2.53;10.965;1.81;73.06
1980-05-09;11.57;15.18;18.79;0.18;16.022;1.0;53.46
1980-05-10;12.32;16.68;21.04;2.21;20.252;1.75;44.69
1980-05-11;13.03;19.7;26.37;0.0;23.35;1.21;34.25
1980-05-12;14.37;21.23;28.09;0.0;23.863;0.59;30.35
1980-05-13;13.68;20.57;27.46;0.0;26.941;1.42;32.79
1980-05-14;11.44;16.59;21.73;0.0;20.769;2.11;41.8
1980-05-15;9.99;15.32;20.64;0.0;22.329;1.81;34.68
1980-05-16;9.82;15.76;21.69;0.0;22.533;2.66;28.15
1980-05-17;11.53;16.95;22.36;0.0;26.121;2.41;28.17
1980-05-18;8.43;14.86;21.29;0.0;27.199;3.03;24.91
1980-05-19;11.06;17.16;23.26;0.0;26.546;3.18;22.88
1980-05-20;12.32;18.45;24.59;0.0;29.341;3.22;29.41
1980-05-21;11.3;17.69;24.07;0.0;27.583;3.39;24.48
1980-05-22;13.57;21.46;29.35;0.0;27.397;2.62;16.25
1980-05-23;14.15;23.86;33.56;0.0;29.062;1.81;16.43
1980-05-24;15.5;24.05;32.61;1.78;23.287;1.4;15.91
1980-05-25;18.62;25.49;32.36;1.0;22.792;1.91;13.26
1980-05-26;18.22;22.06;25.91;1.58;21.643;2.21;33.13
1980-05-27;14.03;19.75;25.47;0.0;25.992;2.8;25.09
1980-05-28;12.18;18.66;25.14;0.0;27.065;3.18;20.55
1980-05-29;12.75;20.16;27.57;0.0;25.88;3.14;21.23
1980-05-30;14.43;20.3;26.18;0.0;24.078;2.13;28.59
1980-05-31;15.68;23.34;31.01;0.0;25.398;2.02;26.15
1980-06-01;15.97;22.14;28.3;0.0;27.516;2.52;29.19
1980-06-02;16.68;22.57;28.46;0.0;25.182;2.31;30.6
1980-06-03;15.52;21.22;26.92;0.0;19.774;2.74;28.7
1980-06-04;15.65;21.55;27.45;0.0;21.275;2.84;27.88
1980-06-05;16.04;21.79;27.53;0.0;13.317;2.31;28.26
1980-06-06;16.37;22.68;28.98;0.0;17.122;2.62;28.24
1980-06-07;16.77;24.35;31.93;0.0;28.387;2.11;23.34
1980-06-08;17.11;25.18;33.25;0.0;29.288;1.81;20.48
1980-06-09;16.6;21.99;27.38;0.0;16.429;2.01;28.66
1980-06-10;13.58;19.23;24.89;0.0;21.419;2.11;27.96
1980-06-11;14.46;18.34;22.23;0.0;24.834;2.02;30.26
1980-06-12;13.22;19.41;25.61;0.0;28.44;1.0;25.49
1980-06-13;13.48;20.41;27.34;0.0;29.523;1.8;22.22
1980-06-14;14.73;21.32;27.91;0.0;28.776;1.51;23.45
1980-06-15;14.83;22.48;30.14;0.0;29.005;1.51;16.88
1980-06-16;16.42;22.45;28.49;0.0;27.359;2.11;15.26
1980-06-17;16.51;22.48;28.46;0.0;24.799;2.01;25.08
1980-06-18;15.53;21.28;27.03;0.0;19.563;1.81;30.1
1980-06-19;17.01;23.19;29.37;0.0;23.019;2.31;26.36
1980-06-20;16.25;23.69;31.12;0.0;27.033;2.51;18.35
1980-06-21;19.03;26.09;33.14;0.0;26.52;2.41;16.59
1980-06-22;15.99;21.55;27.12;0.0;14.478;1.61;28.56
1980-06-23;14.6;20.41;26.22;0.0;23.688;1.61;25.67
1980-06-24;14.67;20.5;26.32;0.0;22.937;1.42;24.8
1980-06-25;12.5;18.09;23.68;0.0;29.557;2.29;22.97
1980-06-26;14.4;20.86;27.31;0.0;27.61;1.33;19.37
1980-06-27;15.3;22.79;30.28;0.0;28.402;1.91;15.61
1980-06-28;15.97;24.27;32.56;0.0;28.763;1.79;14.98
1980-06-29;24.58;29.02;33.46;0.0;27.443;1.01;17.32
1980-06-30;16.37;22.77;29.16;0.0;26.204;1.61;22.9
1980-07-01;15.86;22.23;28.61;0.0;27.574;1.8;22.83
1980-07-02;15.6;22.97;30.34;0.0;28.242;1.71;19.99
1980-07-03;13.28;20.25;27.23;0.0;28.687;2.2;19.26
1980-07-04;14.97;22.39;29.81;0.0;26.785;1.29;18.23
1980-07-05;14.22;20.77;27.33;0.0;25.256;1.33;22.49
1980-07-06;15.54;21.78;28.02;0.0;26.324;1.35;26.46
1980-07-07;15.38;22.22;29.06;0.0;25.434;1.43;23.46
1980-07-08;16.06;23.7;31.33;0.0;27.315;2.29;17.37
1980-07-09;17.59;24.7;31.82;0.0;25.822;2.29;22.32
1980-07-10;16.44;21.61;26.77;0.0;26.524;2.19;27.19
1980-07-11;15.98;22.31;28.64;0.0;24.659;1.61;26.48
1980-07-12;18.25;24.16;30.07;0.0;28.331;1.91;23.35
1980-07-13;16.3;23.29;30.28;0.0;26.917;2.1;18.07
1980-07-14;17.0;24.54;32.08;0.0;26.609;1.81;15.25
1980-07-15;18.14;25.37;32.59;0.0;25.691;2.0;14.7
1980-07-16;18.96;26.58;34.2;0.0;23.77;2.49;14.72
1980-07-17;18.72;25.61;32.51;0.0;25.984;2.18;16.86
1980-07-18;18.98;27.09;35.19;0.0;25.652;2.75;14.64
1980-07-19;18.7;26.88;35.07;0.0;26.107;3.22;12.65
1980-07-20;22.67;29.64;36.62;0.0;28.423;2.08;14.46
1980-07-21;23.1;30.54;37.97;0.0;26.696;2.59;12.7
1980-07-22;28.03;34.45;40.88;0.0;22.795;1.79;12.4
1980-07-23;23.5;30.86;38.23;0.0;26.197;1.59;12.81
1980-07-24;19.67;27.5;35.33;0.0;25.456;1.79;16.33
1980-07-25;21.11;29.86;38.6;0.0;21.902;1.51;16.02
1980-07-26;25.42;32.2;38.99;0.0;9.9;0.86;17.02
1980-07-27;24.22;31.32;38.43;0.0;21.583;1.88;15.05
1980-07-28;22.96;31.32;39.67;0.0;20.447;2.3;12.03
1980-07-29;22.82;29.71;36.6;0.0;24.447;2.8;11.69
1980-07-30;21.8;29.35;36.91;0.0;25.145;3.3;12.83
1980-07-31;29.69;35.26;40.82;0.0;23.284;1.9;12.6
1980-08-01;26.29;31.7;37.1;0.0;21.906;1.8;16.85
1980-08-02;23.91;29.32;34.73;0.0;16.297;1.72;22.81
1980-08-03;19.93;26.41;32.89;0.0;24.938;2.45;23.51
1980-08-04;24.7;32.05;39.4;0.0;18.633;0.29;21.73
1980-08-05;20.76;28.15;35.54;0.0;26.47;1.71;16.78
1980-08-06;18.88;26.02;33.15;0.0;24.951;1.8;16.38
1980-08-07;19.07;21.32;23.58;2.72;23.603;1.76;36.22
1980-08-08;17.69;22.68;27.66;0.0;26.376;3.07;25.53
1980-08-09;20.51;27.02;33.52;0.0;23.697;2.04;24.11
1980-08-10;16.75;22.37;27.98;0.0;24.306;3.43;21.1
1980-08-11;19.29;25.48;31.68;0.0;23.068;2.52;19.8
1980-08-12;17.95;24.42;30.9;0.0;26.024;2.42;20.12
1980-08-13;14.39;23.06;31.73;0.0;23.643;2.12;16.81
1980-08-14;15.91;24.78;33.65;0.0;22.302;1.94;13.62
1980-08-15;17.23;25.95;34.67;0.0;24.732;1.9;14.8
1980-08-16;17.71;25.34;32.96;0.0;26.288;2.09;16.79
1980-08-17;21.1;28.48;35.85;0.0;22.509;1.29;20.04
1980-08-18;18.85;25.18;31.5;0.0;23.23;1.72;25.22
1980-08-19;17.78;23.7;29.62;0.0;24.722;2.34;27.73
1980-08-20;17.46;23.43;29.39;0.0;24.514;2.23;25.69
1980-08-21;17.29;23.61;29.93;0.0;24.055;1.61;22.02
1980-08-22;13.63;20.88;28.13;0.0;24.828;2.32;19.35
1980-08-23;19.81;28.03;36.25;0.0;22.887;0.33;12.95
1980-08-24;19.08;27.73;36.38;0.0;23.983;0.79;12.42
1980-08-25;19.5;29.28;39.06;0.0;23.844;0.67;11.35
1980-08-26;19.41;27.23;35.04;0.0;24.157;1.0;12.94
1980-08-27;18.93;25.17;31.41;0.0;22.901;2.12;23.16
1980-08-28;15.39;20.98;26.58;0.0;27.307;4.03;23.85
1980-08-29;17.13;21.37;25.6;0.0;27.005;3.81;30.22
1980-08-30;17.56;23.2;28.83;0.0;24.595;2.32;29.38
1980-08-31;17.53;23.3;29.07;0.0;20.461;1.72;36.16
1980-09-01;16.53;22.48;28.42;0.0;22.582;1.12;32.64
1980-09-02;16.62;23.27;29.93;0.0;23.635;3.13;23.51
1980-09-03;17.22;25.21;33.21;0.0;22.954;1.92;18.16
1980-09-04;18.61;28.1;37.59;0.0;22.623;1.41;13.9
1980-09-05;20.99;30.37;39.75;0.0;22.141;0.93;13.29
1980-09-06;23.17;31.85;40.52;0.0;22.867;0.45;10.05
1980-09-07;24.47;32.48;40.5;0.0;22.277;0.69;9.41
1980-09-08;25.46;34.13;42.8;0.0;14.551;1.27;7.95
1980-09-09;25.67;34.09;42.51;0.0;10.838;0.68;5.34
1980-09-10;24.78;33.49;42.2;0.0;21.614;0.37;4.91
1980-09-11;25.4;32.92;40.44;0.0;21.299;0.36;5.38
1980-09-12;24.33;31.7;39.07;0.0;9.213;1.02;5.29
1980-09-13;24.77;32.42;40.08;0.0;21.834;0.61;8.07
1980-09-14;21.66;29.35;37.04;0.0;21.519;1.31;11.7
1980-09-15;20.77;28.51;36.25;0.0;21.506;1.71;10.4
1980-09-16;21.66;29.84;38.03;0.0;20.629;1.42;10.55
1980-09-17;17.9;25.89;33.89;0.0;23.319;1.51;9.56
1980-09-18;23.58;30.68;37.77;0.0;19.379;1.41;12.87
1980-09-19;21.76;31.0;40.24;0.0;20.238;0.51;7.78
1980-09-20;24.26;31.61;38.95;0.0;9.564;0.81;5.56
1980-09-21;19.12;26.69;34.26;0.0;17.569;1.67;11.0
1980-09-22;18.98;25.63;32.29;1.25;17.27;0.8;18.86
1980-09-23;19.28;25.75;32.22;0.0;17.457;0.6;14.87
1980-09-24;18.55;24.76;30.97;0.0;16.203;2.46;14.97
1980-09-25;19.71;25.23;30.76;0.0;16.523;2.0;11.44
1980-09-26;18.99;25.02;31.06;0.0;16.114;2.3;10.68
1980-09-27;22.51;28.38;34.25;0.0;18.876;0.8;8.86
1980-09-28;21.83;26.33;30.83;0.0;20.456;0.44;10.12
1980-09-29;25.34;28.07;30.81;0.0;18.598;0.5;6.65
1980-09-30;22.28;26.41;30.54;0.0;18.167;0.51;8.58
1980-10-01;22.84;26.6;30.36;0.0;17.645;0.4;8.83
1980-10-02;19.77;25.05;30.33;0.0;18.568;0.6;10.6
1980-10-03;18.06;23.34;28.62;0.0;19.591;1.59;12.33
1980-10-04;18.61;23.34;28.08;0.0;17.891;0.34;18.28
1980-10-05;13.05;19.95;26.84;0.0;18.41;0.9;19.56
1980-10-06;11.93;19.98;28.02;0.0;18.049;1.38;19.46
1980-10-07;14.23;24.23;34.23;0.0;15.553;3.45;12.82
1980-10-08;18.55;24.8;31.06;0.0;15.731;1.99;11.26
1980-10-09;18.4;25.35;32.3;0.0;14.672;1.97;12.37
1980-10-10;16.82;25.27;33.71;0.0;15.062;2.7;14.43
1980-10-11;16.23;24.44;32.64;0.0;16.902;0.7;24.01
1980-10-12;18.87;24.58;30.29;0.0;10.426;0.63;32.44
1980-10-13;18.53;24.31;30.09;0.0;15.346;1.5;31.39
1980-10-14;16.45;23.62;30.79;0.0;15.511;1.99;27.15
1980-10-15;16.76;24.81;32.87;0.0;15.377;1.71;24.2
1980-10-16;18.04;26.0;33.95;0.0;15.766;0.28;18.31
1980-10-17;19.31;25.55;31.78;0.0;15.74;0.85;19.65
1980-10-18;14.34;21.09;27.84;0.0;14.548;1.02;29.93
1980-10-19;14.75;22.39;30.03;0.0;15.061;0.66;21.62
1980-10-20;14.8;22.61;30.42;3.0;13.56;1.3;18.14
1980-10-21;18.27;25.16;32.06;0.0;10.543;0.79;18.12
1980-10-22;14.23;21.03;27.83;0.0;13.694;0.89;25.03
1980-10-23;13.42;20.08;26.74;0.0;13.243;1.3;27.1
1980-10-24;10.03;15.66;21.3;0.5;15.218;1.79;38.95
1980-10-25;11.2;15.21;19.22;1.68;10.991;4.06;42.38
1980-10-26;10.12;15.07;20.03;0.0;14.932;4.77;23.89
1980-10-27;10.27;16.84;23.4;0.0;14.607;3.09;17.14
1980-10-28;11.63;18.52;25.4;0.0;15.031;1.59;13.31
1980-10-29;12.1;17.77;23.43;0.0;14.599;1.98;22.9
1980-10-30;11.85;17.0;22.14;0.0;3.237;1.97;47.57
1980-10-31;10.9;14.71;18.52;0.37;8.612;0.7;47.61
1980-11-01;7.79;10.31;12.84;9.73;7.743;4.87;58.25
1980-11-02;10.53;14.68;18.83;0.0;4.507;1.31;38.04
1980-11-03;9.7;14.38;19.05;0.0;11.866;1.0;36.42
1980-11-04;8.62;11.9;15.18;7.96;6.995;3.52;62.97
1980-11-05;8.22;10.87;13.51;4.71;7.703;3.52;67.68
1980-11-06;7.9;10.48;13.05;8.76;6.9;5.06;63.76
1980-11-07;7.54;9.85;12.16;7.96;8.239;3.17;62.84
1980-11-08;6.95;9.04;11.14;7.9;8.752;2.8;61.36
1980-11-09;10.05;14.75;19.44;0.0;2.481;1.8;48.68
1980-11-10;7.79;13.3;18.82;0.0;12.978;1.1;39.11
1980-11-11;6.97;10.13;13.3;8.21;5.219;5.01;64.23
1980-11-12;8.2;10.79;13.38;2.89;7.087;1.68;63.08
1980-11-13;8.63;13.22;17.81;0.0;10.573;2.77;43.66
1980-11-14;7.56;12.21;16.86;0.0;13.808;2.69;34.74
1980-11-15;4.83;9.62;14.41;0.0;14.119;0.7;32.0
1980-11-16;5.4;8.89;12.39;4.16;7.968;4.5;54.88
1980-11-17;10.61;13.37;16.12;4.94;5.929;0.7;63.86
1980-11-18;10.0;13.95;17.9;1.28;3.776;1.1;50.7
1980-11-19;17.53;19.4;21.27;0.0;2.2;0.84;55.65
1980-11-20;9.23;15.03;20.82;0.0;12.398;2.0;46.05
1980-11-21;9.68;16.07;22.47;0.0;10.676;0.53;37.75
1980-11-22;10.01;15.27;20.54;0.0;12.191;1.77;42.46
1980-11-23;8.2;14.17;20.15;0.0;13.077;3.01;43.18
1980-11-24;8.34;15.0;21.66;0.0;10.192;0.86;33.93
1980-11-25;9.27;15.63;22.0;0.0;9.663;1.56;30.85
1980-11-26;9.17;15.29;21.41;0.0;11.479;1.11;31.43
1980-11-27;7.92;14.23;20.54;0.0;12.678;0.41;32.7
1980-11-28;9.21;15.09;20.96;0.0;11.117;1.8;29.14
1980-11-29;7.95;13.84;19.74;0.0;13.103;1.2;28.41
1980-11-30;8.91;14.17;19.42;0.0;12.513;1.15;31.29
1980-12-01;4.3;10.37;16.43;5.64;8.058;1.69;48.14
1980-12-02;8.53;13.3;18.08;0.0;9.287;2.91;24.68
1980-12-03;12.02;15.81;19.61;0.0;5.055;2.96;21.47
1980-12-04;8.26;12.04;15.81;11.37;7.986;3.59;47.06
1980-12-05;7.42;11.0;14.59;17.73;4.853;1.8;67.65
1980-12-06;7.82;12.61;17.4;0.0;5.046;1.11;48.39
1980-12-07;5.59;11.53;17.46;0.0;10.873;0.7;40.47
1980-12-08;5.64;11.55;17.47;0.0;12.323;1.2;36.39
1980-12-09;6.61;12.79;18.97;0.0;9.636;1.69;32.94
1980-12-10;8.58;14.05;19.52;0.0;9.379;1.84;31.69
1980-12-11;8.44;14.34;20.24;0.0;12.625;1.59;28.25
1980-12-12;9.11;15.74;22.37;0.0;12.217;1.2;24.44
1980-12-13;8.74;15.02;21.3;0.0;10.609;1.99;18.86
1980-12-14;7.2;13.29;19.38;0.0;12.814;1.0;21.01
1980-12-15;4.06;10.55;17.05;0.0;10.834;3.0;26.11
1980-12-16;3.97;10.01;16.06;0.0;10.536;0.9;33.92
1980-12-17;4.35;9.66;14.97;0.0;12.606;0.5;36.72
1980-12-18;3.39;8.96;14.52;0.0;10.14;1.05;40.26
1980-12-19;3.43;9.72;16.02;0.0;11.787;1.11;42.67
1980-12-20;7.23;12.65;18.07;0.0;10.934;1.51;52.81
1980-12-21;9.82;14.32;18.82;0.0;8.054;1.71;52.26
1980-12-22;6.54;13.06;19.59;0.0;7.721;3.16;45.44
1980-12-23;7.23;14.34;21.45;0.0;8.453;1.3;37.36
1980-12-24;7.95;14.22;20.5;0.0;10.372;1.71;36.47
1980-12-25;6.21;12.95;19.69;0.0;8.541;0.9;38.15
1980-12-26;6.3;12.71;19.11;0.0;9.173;1.4;32.09
1980-12-27;5.35;12.05;18.76;0.0;12.099;0.57;28.08
1980-12-28;5.19;11.71;18.23;0.0;9.897;0.8;20.59
1980-12-29;5.52;12.39;19.27;0.0;10.157;1.71;16.65
1980-12-30;5.97;13.08;20.19;0.0;9.538;1.11;16.73
1980-12-31;6.85;13.52;20.19;0.0;11.051;1.3;16.03
1981-01-01;7.41;14.03;20.64;0.0;10.749;1.85;15.98
1981-01-02;5.11;11.88;18.65;0.0;9.683;1.5;40.1
1981-01-03;5.87;13.78;21.69;0.0;10.749;2.91;33.0
1981-01-04;4.83;11.54;18.24;0.0;11.724;2.03;29.51
1981-01-05;6.12;13.22;20.33;0.0;10.486;4.37;36.01
1981-01-06;5.91;13.53;21.14;0.0;11.389;2.12;22.79
1981-01-07;5.37;11.88;18.4;0.0;12.936;1.81;24.91
1981-01-08;5.16;11.77;18.38;0.0;12.716;1.5;21.88
1981-01-09;4.95;11.68;18.41;0.0;13.301;2.92;21.82
1981-01-10;4.19;11.56;18.92;0.0;11.676;1.45;18.58
1981-01-11;4.87;11.54;18.2;0.0;11.84;2.02;19.28
1981-01-12;3.1;10.76;18.41;0.0;11.593;2.15;18.99
1981-01-13;3.51;11.96;20.42;0.0;12.659;1.0;16.04
1981-01-14;4.5;12.24;19.99;0.0;13.42;0.91;14.78
1981-01-15;5.21;12.87;20.52;0.0;13.709;0.5;13.94
1981-01-16;4.71;12.94;21.16;0.0;13.151;0.83;10.66
1981-01-17;5.87;13.29;20.71;0.0;13.687;1.54;10.11
1981-01-18;4.53;11.39;18.25;0.0;13.625;2.16;17.42
1981-01-19;3.78;12.11;20.43;0.0;14.015;2.81;19.3
1981-01-20;4.42;11.7;18.99;0.0;13.939;1.31;14.43
1981-01-21;2.87;10.14;17.41;0.0;12.81;0.91;21.97
1981-01-22;1.95;9.66;17.38;0.0;14.127;1.31;30.25
1981-01-23;3.62;11.3;18.98;0.0;13.948;2.42;28.15
1981-01-24;3.92;12.41;20.89;0.0;12.128;1.5;18.47
1981-01-25;7.61;14.92;22.23;0.0;14.194;2.42;12.24
1981-01-26;5.3;11.86;18.41;11.37;10.397;2.9;38.3
1981-01-27;4.49;12.74;20.99;0.0;14.303;2.8;22.15
1981-01-28;9.41;17.41;25.42;0.0;14.218;2.26;18.78
1981-01-29;7.5;16.45;25.4;0.0;13.991;0.41;22.45
1981-01-30;8.58;17.61;26.65;0.0;13.363;1.2;18.82
1981-01-31;8.7;15.47;22.25;0.0;13.658;1.1;13.12
1981-02-01;7.81;14.4;21.0;0.0;13.955;1.81;14.27
1981-02-02;4.38;13.3;22.22;0.0;14.03;1.17;16.32
1981-02-03;3.64;12.14;20.65;0.0;14.196;1.98;16.37
1981-02-04;2.09;10.88;19.68;0.0;14.446;1.7;18.03
1981-02-05;1.93;10.44;18.94;0.0;14.175;1.0;21.13
1981-02-06;3.79;12.71;21.62;0.0;14.178;1.09;19.75
1981-02-07;6.25;13.69;21.12;0.0;14.481;1.8;19.05
1981-02-08;4.3;12.47;20.65;0.0;14.636;1.43;22.64
1981-02-09;6.51;13.81;21.11;0.0;15.636;1.6;8.81
1981-02-10;8.39;14.16;19.93;0.0;16.752;1.09;12.32
1981-02-11;5.38;12.01;18.64;0.0;16.0;0.6;7.99
1981-02-12;2.85;10.45;18.05;0.0;16.483;0.8;5.49
1981-02-13;0.85;8.99;17.12;0.0;16.2;1.0;8.28
1981-02-14;3.09;10.65;18.21;0.0;15.431;1.88;13.81
1981-02-15;4.76;12.09;19.41;0.0;15.524;1.97;16.48
1981-02-16;4.37;12.02;19.67;0.0;16.275;2.08;14.87
1981-02-17;4.73;12.25;19.76;0.0;17.346;2.27;15.15
1981-02-18;5.82;13.17;20.52;0.0;16.972;2.88;17.9
1981-02-19;6.69;13.5;20.31;0.0;16.702;2.88;13.76
1981-02-20;4.84;11.31;17.78;0.0;16.375;3.44;21.3
1981-02-21;4.27;11.89;19.52;0.0;16.738;2.84;21.24
1981-02-22;3.75;11.38;19.02;0.0;16.821;2.18;17.9
1981-02-23;5.29;12.06;18.83;0.0;18.018;2.48;19.3
1981-02-24;4.15;11.27;18.38;0.0;17.075;1.5;22.51
1981-02-25;4.74;11.59;18.45;0.0;16.268;1.69;16.77
1981-02-26;4.63;11.3;17.98;0.0;16.513;1.08;12.71
1981-02-27;5.11;11.7;18.29;0.0;16.765;1.31;10.93
1981-02-28;5.52;12.14;18.77;0.0;16.972;2.27;13.5
1981-03-01;5.55;12.47;19.39;0.0;17.546;2.0;16.31
1981-03-02;5.74;12.65;19.56;0.0;17.61;2.08;17.31
1981-03-03;5.25;13.1;20.94;0.0;17.914;1.59;15.88
1981-03-04;7.05;14.39;21.73;0.0;18.026;1.59;9.84
1981-03-05;8.24;15.27;22.31;0.0;19.323;1.74;9.24
1981-03-06;8.34;15.31;22.29;0.0;18.304;1.68;12.67
1981-03-07;7.08;14.75;22.42;0.0;18.944;1.77;14.16
1981-03-08;8.47;15.22;21.97;0.0;18.588;0.9;18.21
1981-03-09;4.88;12.95;21.01;0.0;18.398;1.29;24.52
1981-03-10;6.61;14.79;22.97;0.0;18.822;2.06;20.59
1981-03-11;6.86;15.53;24.19;0.0;18.041;1.29;20.12
1981-03-12;7.48;15.47;23.46;0.0;18.859;1.0;20.87
1981-03-13;9.05;17.45;25.84;0.0;19.076;1.02;16.4
1981-03-14;8.17;16.54;24.91;0.0;19.188;1.29;18.28
1981-03-15;8.57;16.66;24.74;0.0;20.726;0.88;18.77
1981-03-16;11.29;19.16;27.02;0.0;21.412;2.06;11.95
1981-03-17;10.3;17.77;25.25;0.0;20.033;0.41;16.32
1981-03-18;12.61;18.98;25.36;0.0;20.1;1.74;15.86
1981-03-19;8.89;16.87;24.85;0.0;19.622;2.08;24.05
1981-03-20;9.51;19.34;29.17;0.0;20.461;1.23;17.3
1981-03-21;10.13;17.93;25.73;0.0;21.671;1.97;18.7
1981-03-22;5.93;12.21;18.5;3.75;21.682;2.25;33.92
1981-03-23;6.89;8.71;10.54;16.86;17.016;3.38;72.2
1981-03-24;6.33;7.88;9.43;9.11;14.757;3.91;67.4
1981-03-25;6.94;9.62;12.3;0.17;12.064;1.77;49.06
1981-03-26;8.82;13.66;18.5;0.0;5.704;0.71;46.1
1981-03-27;8.32;12.71;17.09;0.0;13.821;0.5;48.07
1981-03-28;8.22;13.01;17.8;0.0;8.232;1.88;48.16
1981-03-29;7.58;13.11;18.64;0.0;20.721;1.39;36.08
1981-03-30;6.97;13.68;20.4;0.0;20.448;2.28;29.01
1981-03-31;7.67;13.96;20.26;0.0;20.756;1.63;36.07
1981-04-01;8.88;14.25;19.62;0.0;23.666;2.68;36.33
1981-04-02;7.39;13.22;19.05;0.0;23.897;4.5;32.85
1981-04-03;7.58;14.48;21.39;0.0;22.95;4.52;26.69
1981-04-04;7.55;14.66;21.76;0.0;23.893;1.29;27.69
1981-04-05;6.74;13.78;20.82;0.0;22.026;1.78;28.9
1981-04-06;7.36;13.25;19.14;0.0;20.052;3.13;34.97
1981-04-07;10.91;15.99;21.07;0.0;19.958;1.09;34.19
1981-04-08;6.58;13.09;19.6;0.26;24.977;2.48;30.49
1981-04-09;14.82;19.0;23.18;0.0;21.917;2.39;31.18
1981-04-10;9.49;16.71;23.92;0.0;23.796;3.61;23.96
1981-04-11;9.77;18.65;27.53;0.0;22.434;0.69;18.0
1981-04-12;13.08;20.89;28.7;0.0;23.541;3.02;15.32
1981-04-13;10.6;17.34;24.09;0.0;24.678;2.61;27.74
1981-04-14;9.26;14.11;18.95;0.0;15.564;2.09;42.37
1981-04-15;10.73;15.06;19.4;0.0;15.571;1.4;38.19
1981-04-16;7.48;14.61;21.73;0.0;23.884;3.91;24.13
1981-04-17;9.9;17.84;25.78;0.0;24.228;1.0;16.42
1981-04-18;11.51;19.66;27.81;0.0;24.214;1.16;13.64
1981-04-19;11.72;20.59;29.45;0.0;24.43;1.99;12.12
1981-04-20;13.6;21.23;28.86;0.0;25.128;1.04;12.32
1981-04-21;13.88;22.14;30.39;0.0;24.634;2.4;12.17
1981-04-22;9.94;16.32;22.71;0.0;23.63;1.61;22.66
1981-04-23;11.37;17.16;22.96;0.0;24.97;2.71;28.53
1981-04-24;9.08;15.41;21.74;0.0;26.673;3.34;23.58
1981-04-25;7.93;15.21;22.49;0.0;21.853;2.71;26.67
1981-04-26;9.96;19.71;29.47;0.0;25.453;2.79;21.22
1981-04-27;11.77;19.1;26.43;0.0;24.392;2.59;24.91
1981-04-28;10.57;16.26;21.94;0.0;26.837;3.01;24.21
1981-04-29;10.95;19.88;28.81;0.0;26.785;2.6;7.53
1981-04-30;12.72;22.02;31.32;0.0;30.3;2.3;7.96
1981-05-01;11.4;19.79;28.17;0.0;26.334;1.2;17.43
1981-05-02;12.45;20.32;28.19;0.0;23.807;1.41;18.37
1981-05-03;12.81;22.43;32.04;0.0;24.862;0.66;13.84
1981-05-04;12.03;20.61;29.19;0.0;28.712;1.41;16.52
1981-05-05;13.07;20.37;27.66;0.0;28.414;2.31;20.72
1981-05-06;11.94;18.98;26.02;0.0;25.37;2.63;23.1
1981-05-07;12.86;22.94;33.02;0.0;26.348;0.91;10.83
1981-05-08;16.55;24.66;32.78;0.0;26.941;2.49;3.45
1981-05-09;17.05;24.71;32.37;0.0;26.54;2.0;4.02
1981-05-10;14.76;23.18;31.59;0.0;29.237;0.64;7.58
1981-05-11;14.1;19.11;24.13;0.0;27.268;1.51;19.15
1981-05-12;12.23;18.12;24.01;0.0;28.626;1.97;24.94
1981-05-13;9.83;16.89;23.95;0.0;30.544;2.22;21.89
1981-05-14;11.44;18.65;25.86;0.0;26.203;2.23;22.83
1981-05-15;13.74;22.75;31.75;0.0;30.091;2.31;20.63
1981-05-16;12.61;22.52;32.43;0.0;27.325;1.06;18.14
1981-05-17;13.3;21.13;28.96;0.0;27.729;1.31;20.84
1981-05-18;13.18;20.48;27.77;0.0;29.904;2.31;20.62
1981-05-19;13.12;21.56;30.0;0.0;28.226;1.71;17.53
1981-05-20;13.03;23.24;33.45;0.0;29.212;0.97;14.99
1981-05-21;14.85;24.94;35.03;0.0;27.397;0.68;11.86
1981-05-22;16.05;25.9;35.74;0.0;31.044;1.21;9.43
1981-05-23;16.33;25.56;34.8;0.0;32.624;1.61;9.24
1981-05-24;16.37;24.91;33.45;0.0;30.328;2.01;10.63
1981-05-25;15.47;22.4;29.33;0.0;30.317;2.21;13.5
1981-05-26;15.87;24.34;32.82;0.0;29.837;1.71;8.88
1981-05-27;18.53;27.19;35.84;0.0;28.17;1.31;6.29
1981-05-28;19.91;28.66;37.4;0.0;28.555;0.92;4.68
1981-05-29;19.16;26.0;32.84;0.0;23.66;1.67;4.76
1981-05-30;17.93;27.68;37.43;0.0;27.523;1.0;12.28
1981-05-31;18.66;28.19;37.72;0.0;28.493;1.67;10.91
1981-06-01;18.35;27.82;37.28;0.0;28.05;1.81;10.15
1981-06-02;18.35;26.77;35.19;0.0;27.683;2.52;12.54
1981-06-03;18.29;25.29;32.28;1.78;23.24;2.22;14.33
1981-06-04;17.13;24.25;31.38;0.0;26.157;0.92;15.89
1981-06-05;13.32;20.07;26.83;0.0;27.422;1.31;22.8
1981-06-06;14.03;20.64;27.26;0.0;26.796;2.22;21.44
1981-06-07;16.93;26.72;36.51;0.0;27.303;2.43;11.09
1981-06-08;18.6;26.18;33.75;0.0;24.412;1.41;7.1
1981-06-09;16.64;24.84;33.05;0.0;23.808;1.51;12.94
1981-06-10;17.38;26.02;34.67;0.0;28.69;1.8;15.22
1981-06-11;20.96;26.75;32.55;0.0;25.969;2.11;17.37
1981-06-12;18.92;25.5;32.08;0.0;27.414;2.41;15.87
1981-06-13;21.2;29.92;38.64;0.0;29.108;2.42;9.39
1981-06-14;19.38;26.27;33.16;0.0;29.185;2.11;14.25
1981-06-15;17.4;23.37;29.34;0.0;25.563;1.92;20.47
1981-06-16;15.59;22.02;28.44;0.0;21.387;2.41;23.72
1981-06-17;15.53;21.98;28.44;0.0;20.939;1.75;24.54
1981-06-18;16.03;22.07;28.11;0.0;19.98;1.45;25.78
1981-06-19;15.62;21.45;27.27;0.0;22.409;1.33;25.32
1981-06-20;13.2;19.77;26.34;0.0;30.879;3.22;22.26
1981-06-21;17.01;22.55;28.08;0.0;27.62;2.59;29.56
1981-06-22;15.63;20.59;25.55;0.0;21.822;1.82;32.2
1981-06-23;16.42;20.69;24.95;0.0;12.883;1.51;38.27
1981-06-24;17.63;21.38;25.14;0.0;10.8;1.04;40.27
1981-06-25;14.64;21.7;28.77;0.0;24.481;2.39;21.55
1981-06-26;16.88;24.25;31.63;0.0;26.508;2.7;21.23
1981-06-27;16.8;22.7;28.59;0.0;20.74;1.81;27.3
1981-06-28;15.36;21.94;28.52;0.0;28.155;1.81;22.27
1981-06-29;15.47;22.82;30.16;0.0;28.511;1.91;16.59
1981-06-30;16.22;23.95;31.68;0.0;28.443;1.81;16.16
1981-07-01;16.81;24.76;32.71;0.0;28.166;1.9;16.26
1981-07-02;19.48;27.91;36.34;0.0;28.624;1.92;13.5
1981-07-03;21.04;29.73;38.43;0.0;25.809;2.01;11.71
1981-07-04;23.58;31.42;39.26;0.0;26.683;1.8;7.43
1981-07-05;22.1;29.76;37.42;0.0;26.136;1.61;9.78
1981-07-06;18.01;25.48;32.96;0.0;26.22;1.42;13.85
1981-07-07;17.65;24.67;31.69;0.0;27.125;1.67;17.25
1981-07-08;17.38;24.46;31.55;0.0;27.205;1.42;16.81
1981-07-09;16.44;23.7;30.96;0.0;27.112;1.18;12.96
1981-07-10;16.29;23.59;30.89;0.0;27.099;1.42;15.58
1981-07-11;16.25;23.19;30.12;0.0;27.422;1.77;19.86
1981-07-12;15.69;22.64;29.59;0.0;27.206;1.82;20.57
1981-07-13;13.54;20.66;27.77;0.0;29.691;2.78;18.47
1981-07-14;17.05;25.26;33.46;0.0;25.816;2.19;17.06
1981-07-15;19.5;28.53;37.56;0.0;23.156;2.2;16.45
1981-07-16;24.55;31.76;38.96;0.0;22.613;2.1;17.83
1981-07-17;24.25;29.73;35.21;0.0;22.709;2.19;18.55
1981-07-18;19.46;26.61;33.75;0.0;26.994;2.18;15.64
1981-07-19;18.64;26.14;33.64;0.0;27.086;1.98;13.53
1981-07-20;18.11;25.45;32.78;0.0;26.863;1.88;15.85
1981-07-21;18.7;26.87;35.03;0.0;25.324;2.09;14.25
1981-07-22;22.43;31.91;41.38;0.0;26.326;1.07;9.3
1981-07-23;27.26;34.36;41.45;0.0;17.524;0.74;9.59
1981-07-24;26.65;34.0;41.36;0.0;13.897;0.83;12.71
1981-07-25;25.56;33.49;41.43;0.0;17.551;0.69;14.74
1981-07-26;27.24;34.7;42.16;0.0;12.958;0.5;9.26
1981-07-27;28.67;36.16;43.64;0.0;18.056;0.6;6.76
1981-07-28;22.89;29.2;35.5;0.0;23.0;1.03;8.37
1981-07-29;19.49;27.16;34.83;0.0;25.36;1.31;13.98
1981-07-30;23.32;28.64;33.97;0.0;23.871;1.12;20.3
1981-07-31;23.89;29.16;34.44;0.0;23.574;0.89;22.03
1981-08-01;21.55;28.94;36.33;0.0;25.733;1.8;15.13
1981-08-02;22.25;29.82;37.39;0.0;24.89;1.19;11.88
1981-08-03;22.48;30.23;37.98;0.0;26.26;1.78;8.35
1981-08-04;22.92;30.44;37.95;0.0;27.086;1.3;13.16
1981-08-05;26.95;34.15;41.34;0.0;17.317;1.19;15.55
1981-08-06;28.58;34.98;41.39;0.0;16.089;1.8;12.38
1981-08-07;26.98;33.74;40.5;0.0;18.819;1.8;11.94
1981-08-08;22.8;28.71;34.62;0.0;21.027;1.2;14.78
1981-08-09;17.97;24.52;31.06;0.0;25.43;1.2;20.33
1981-08-10;17.95;24.67;31.4;0.0;25.212;1.49;22.07
1981-08-11;18.32;25.02;31.72;0.0;24.754;2.02;23.76
1981-08-12;18.77;25.17;31.58;0.0;24.406;2.71;27.88
1981-08-13;18.17;24.65;31.13;0.0;24.012;2.71;22.51
1981-08-14;18.34;25.09;31.84;0.0;23.076;2.82;20.08
1981-08-15;18.41;26.32;34.23;0.0;24.654;2.91;16.67
1981-08-16;19.84;29.25;38.66;0.0;21.812;2.62;13.92
1981-08-17;25.04;32.33;39.62;0.0;22.591;2.21;14.91
1981-08-18;24.92;30.96;37.0;0.0;21.086;2.02;18.67
1981-08-19;20.63;27.18;33.73;0.0;21.523;2.02;17.5
1981-08-20;19.7;29.45;39.21;0.0;23.75;2.34;13.66
1981-08-21;19.27;27.52;35.77;0.0;23.254;1.72;17.79
1981-08-22;24.62;29.5;34.38;0.0;18.366;0.72;25.62
1981-08-23;25.83;31.19;36.55;0.0;14.915;1.61;22.44
1981-08-24;21.25;26.32;31.4;0.0;22.972;2.03;22.01
1981-08-25;19.13;25.45;31.76;0.0;22.663;2.13;20.68
1981-08-26;16.12;22.41;28.7;0.0;26.168;3.88;20.22
1981-08-27;17.25;23.68;30.1;0.0;24.539;2.43;20.13
1981-08-28;17.24;23.79;30.34;0.0;25.004;3.24;19.31
1981-08-29;18.24;23.68;29.12;0.0;22.88;2.92;21.93
1981-08-30;17.54;23.46;29.38;0.0;24.432;3.14;21.77
1981-08-31;17.78;24.36;30.93;0.0;21.966;3.2;22.15
1981-09-01;19.01;25.59;32.16;0.0;21.521;1.51;21.98
1981-09-02;19.78;26.03;32.28;0.0;19.162;1.22;19.92
1981-09-03;25.03;29.12;33.2;0.0;17.506;1.12;21.5
1981-09-04;16.59;23.4;30.21;0.0;23.424;1.41;21.27
1981-09-05;17.54;26.32;35.1;0.0;22.452;1.81;17.1
1981-09-06;16.57;24.09;31.62;0.0;24.023;1.92;17.58
1981-09-07;19.03;26.78;34.52;0.0;21.781;0.61;22.09
1981-09-08;17.66;25.87;34.07;0.0;22.037;1.02;19.19
1981-09-09;17.42;23.13;28.83;0.0;23.238;2.82;20.6
1981-09-10;19.52;26.36;33.2;0.0;18.96;2.0;18.69
1981-09-11;24.49;29.93;35.37;0.0;8.352;1.26;20.75
1981-09-12;15.2;21.79;28.38;0.0;25.377;3.4;18.8
1981-09-13;19.9;27.76;35.62;0.0;20.818;1.02;15.67
1981-09-14;15.29;22.88;30.48;0.0;23.403;2.2;13.31
1981-09-15;19.0;27.11;35.23;0.0;22.088;1.42;13.82
1981-09-16;17.63;24.01;30.39;0.0;20.251;1.22;21.46
1981-09-17;16.36;22.38;28.41;0.0;19.291;1.22;26.29
1981-09-18;16.44;22.18;27.92;0.0;18.124;1.02;27.19
1981-09-19;16.38;22.52;28.66;0.0;20.681;1.81;31.24
1981-09-20;17.56;21.38;25.21;0.0;19.942;1.61;41.42
1981-09-21;18.37;22.05;25.74;0.0;18.135;0.87;39.53
1981-09-22;23.87;26.23;28.6;0.0;6.608;0.24;40.26
1981-09-23;26.08;27.6;29.12;0.0;8.507;0.23;38.95
1981-09-24;19.65;29.27;38.89;0.0;20.125;1.21;14.78
1981-09-25;18.06;24.51;30.96;0.0;23.587;2.0;9.0
1981-09-26;15.36;23.56;31.76;0.0;22.257;1.01;12.61
1981-09-27;17.21;22.44;27.66;0.0;13.544;0.6;19.47
1981-09-28;17.6;24.06;30.52;0.0;17.101;1.7;13.87
1981-09-29;17.1;22.39;27.67;0.0;19.22;0.7;26.44
1981-09-30;15.39;22.07;28.75;0.0;16.203;2.27;23.7
1981-10-01;16.31;24.27;32.24;0.0;16.628;2.34;17.35
1981-10-02;18.89;26.19;33.49;0.0;16.495;0.69;11.87
1981-10-03;19.77;28.04;36.31;0.0;18.335;0.97;8.22
1981-10-04;20.18;28.95;37.72;0.0;18.299;0.77;4.35
1981-10-05;20.25;29.06;37.87;0.0;18.303;1.7;4.29
1981-10-06;15.74;23.69;31.64;0.57;16.476;0.5;15.89
1981-10-07;17.17;23.37;29.57;3.84;14.329;0.73;20.58
1981-10-08;16.32;22.45;28.58;0.66;15.464;1.26;22.26
1981-10-09;16.01;21.9;27.78;0.0;19.593;0.9;17.94
1981-10-10;21.94;28.93;35.92;0.0;17.872;1.86;8.27
1981-10-11;21.69;28.68;35.67;0.0;10.741;1.1;9.3
1981-10-12;21.68;28.85;36.02;0.0;16.591;0.9;5.56
1981-10-13;20.4;28.32;36.25;0.0;16.199;1.2;8.73
1981-10-14;15.71;22.68;29.64;0.0;16.75;1.6;12.07
1981-10-15;12.64;20.51;28.38;0.0;16.629;2.41;9.14
1981-10-16;14.23;21.0;27.77;0.0;16.239;1.3;11.17
1981-10-17;15.4;21.28;27.16;0.0;15.922;1.78;14.27
1981-10-18;14.73;20.87;27.0;0.0;15.672;0.57;17.04
1981-10-19;15.07;21.02;26.96;0.0;15.472;0.9;14.43
1981-10-20;14.27;20.3;26.33;0.0;15.714;1.09;12.99
1981-10-21;12.98;19.08;25.17;0.0;16.165;0.99;14.77
1981-10-22;11.45;18.39;25.33;0.0;16.195;1.63;19.54
1981-10-23;11.55;18.09;24.63;0.0;13.986;1.1;24.82
1981-10-24;10.57;15.2;19.82;16.86;11.095;3.53;46.31
1981-10-25;11.02;14.05;17.08;5.1;8.808;2.68;63.93
1981-10-26;10.54;13.76;16.98;1.78;5.579;0.5;58.01
1981-10-27;6.41;11.24;16.08;1.71;16.036;1.3;39.56
1981-10-28;12.79;15.65;18.52;6.82;8.497;2.79;71.61
1981-10-29;12.76;15.7;18.63;1.78;4.837;2.68;71.12
1981-10-30;16.2;19.48;22.76;0.0;2.183;0.8;49.31
1981-10-31;12.33;17.62;22.91;0.0;12.148;3.42;38.74
1981-11-01;12.57;18.87;25.16;0.0;12.359;0.8;33.61
1981-11-02;14.71;21.11;27.51;0.0;13.649;1.98;26.47
1981-11-03;15.97;20.39;24.82;0.0;13.532;2.59;30.45
1981-11-04;14.5;19.51;24.51;0.0;12.968;1.98;38.85
1981-11-05;13.69;19.79;25.88;0.0;15.01;1.7;26.98
1981-11-06;12.35;19.95;27.54;0.0;13.708;0.7;23.99
1981-11-07;14.08;20.82;27.55;0.0;15.092;0.8;19.21
1981-11-08;15.52;22.92;30.32;0.0;14.268;1.32;17.63
1981-11-09;14.84;22.52;30.19;0.0;13.885;2.28;16.14
1981-11-10;12.81;21.09;29.38;0.0;15.046;1.5;12.58
1981-11-11;16.71;24.41;32.11;0.0;14.404;2.52;8.34
1981-11-12;16.85;24.58;32.31;0.0;2.602;3.3;9.11
1981-11-13;12.85;18.61;24.36;11.1;11.188;2.3;23.77
1981-11-14;9.97;15.14;20.31;0.7;13.152;2.0;41.65
1981-11-15;9.46;15.83;22.19;0.0;13.6;0.93;36.13
1981-11-16;9.01;14.98;20.96;0.0;13.423;1.0;36.97
1981-11-17;8.02;14.09;20.16;0.0;12.404;1.4;43.91
1981-11-18;8.18;15.69;23.19;0.0;12.3;1.48;28.03
1981-11-19;10.84;19.09;27.33;0.0;12.162;1.29;14.89
1981-11-20;13.69;20.51;27.33;0.0;11.594;1.5;12.19
1981-11-21;12.61;18.25;23.9;0.0;11.89;1.0;13.54
1981-11-22;12.13;17.34;22.56;0.0;13.166;1.51;11.08
1981-11-23;11.17;16.93;22.68;0.0;11.076;1.8;13.46
1981-11-24;10.94;17.02;23.09;0.0;10.56;1.4;15.05
1981-11-25;10.01;16.13;22.25;0.0;12.323;2.01;15.03
1981-11-26;9.9;16.18;22.46;0.0;12.28;2.84;16.73
1981-11-27;10.6;15.86;21.12;0.0;10.958;1.11;26.35
1981-11-28;10.71;15.69;20.67;0.0;11.394;2.71;30.83
1981-11-29;10.29;12.73;15.17;14.23;5.774;4.02;66.62
1981-11-30;13.45;15.54;17.64;0.0;2.2;0.6;56.15
1981-12-01;8.92;11.89;14.86;9.67;4.252;3.63;65.26
1981-12-02;11.02;14.2;17.37;0.0;2.453;0.91;51.79
1981-12-03;6.93;12.72;18.52;0.0;12.201;2.99;31.51
1981-12-04;9.88;15.29;20.7;0.0;12.7;2.71;18.72
1981-12-05;11.26;16.61;21.96;0.0;12.352;2.41;16.19
1981-12-06;11.21;18.93;26.64;0.0;9.093;2.51;11.35
1981-12-07;11.28;19.02;26.77;0.0;5.731;2.45;9.95
1981-12-08;9.82;16.46;23.1;0.0;9.766;2.29;11.91
1981-12-09;9.18;15.87;22.55;0.0;9.807;2.19;16.65
1981-12-10;7.5;14.91;22.33;0.0;11.474;2.18;17.08
1981-12-11;7.87;15.19;22.5;0.0;9.865;1.39;15.44
1981-12-12;8.02;14.22;20.42;0.0;10.536;2.63;16.73
1981-12-13;6.21;12.21;18.2;0.0;9.565;0.7;18.86
1981-12-14;4.71;11.84;18.96;0.0;11.083;0.8;17.02
1981-12-15;8.03;14.36;20.7;0.0;6.257;2.29;14.72
1981-12-16;9.9;15.6;21.3;0.0;7.031;1.55;16.02
1981-12-17;8.07;14.23;20.4;0.0;8.626;2.79;20.18
1981-12-18;8.35;14.69;21.03;0.0;9.294;2.09;18.83
1981-12-19;7.03;13.71;20.38;0.0;11.894;2.03;15.2
1981-12-20;4.96;11.79;18.61;0.0;12.576;1.6;15.64
1981-12-21;4.45;11.33;18.21;0.0;12.754;2.02;15.21
1981-12-22;4.19;11.15;18.1;0.0;12.329;1.44;16.09
1981-12-23;4.79;11.16;17.54;0.0;12.416;0.7;16.73
1981-12-24;5.35;11.37;17.39;0.0;8.561;2.94;33.31
1981-12-25;5.21;11.26;17.3;0.0;9.247;2.72;41.35
1981-12-26;3.44;9.42;15.39;0.0;10.157;0.81;35.24
1981-12-27;2.91;9.56;16.21;0.0;10.324;0.65;26.43
1981-12-28;3.97;10.4;16.84;0.0;11.589;2.74;18.43
1981-12-29;6.32;11.8;17.28;12.93;11.034;2.88;25.64
1981-12-30;9.26;12.07;14.89;14.68;2.442;3.45;66.62
1981-12-31;8.1;11.47;14.84;4.62;8.037;3.28;52.79
1982-01-01;6.58;10.37;14.15;17.29;4.913;3.49;62.92
1982-01-02;10.07;13.29;16.5;11.3;6.013;3.07;67.32
1982-01-03;12.29;14.64;17.0;0.0;7.513;0.7;55.63
1982-01-04;13.7;15.36;17.02;0.0;4.068;3.02;56.18
1982-01-05;5.93;11.36;16.78;0.0;10.592;4.67;38.09
1982-01-06;4.81;11.17;17.54;0.0;11.629;3.17;31.2
1982-01-07;3.83;10.61;17.4;0.0;11.276;2.06;29.11
1982-01-08;4.06;10.55;17.04;0.0;11.113;1.2;27.62
1982-01-09;4.0;10.52;17.04;0.0;11.413;1.92;32.32
1982-01-10;3.88;10.2;16.52;0.0;12.033;0.7;31.92
1982-01-11;4.2;10.36;16.52;0.0;13.382;2.63;33.85
1982-01-12;4.31;11.76;19.22;0.0;11.61;2.56;20.55
1982-01-13;5.2;11.76;18.32;0.0;11.252;2.46;21.81
1982-01-14;3.87;10.1;16.32;0.0;11.216;1.11;32.65
1982-01-15;2.35;9.71;17.07;0.0;11.415;1.31;30.07
1982-01-16;1.92;9.14;16.36;0.0;12.456;1.11;26.3
1982-01-17;1.65;9.22;16.8;0.0;13.414;3.14;26.36
1982-01-18;4.71;11.95;19.19;0.0;11.89;4.62;26.89
1982-01-19;4.82;13.22;21.62;0.0;12.585;2.35;20.54
1982-01-20;4.64;11.45;18.25;0.0;12.953;2.71;26.28
1982-01-21;6.91;12.46;18.01;0.0;12.663;4.13;35.06
1982-01-22;3.72;9.88;16.04;0.0;13.024;3.97;20.5
1982-01-23;3.45;10.65;17.85;0.0;13.884;3.1;19.93
1982-01-24;1.16;9.18;17.19;0.0;13.4;2.26;16.32
1982-01-25;2.82;9.7;16.57;0.0;13.022;1.41;17.46
1982-01-26;4.21;10.06;15.91;0.0;14.496;1.81;13.73
1982-01-27;1.53;8.56;15.59;0.0;14.264;0.69;15.61
1982-01-28;4.32;11.11;17.9;0.0;14.183;0.41;17.18
1982-01-29;7.34;13.59;19.84;0.0;13.903;1.36;18.46
1982-01-30;7.18;14.02;20.86;0.0;14.234;0.71;13.01
1982-01-31;8.89;15.57;22.25;0.0;14.532;0.23;14.42
1982-02-01;8.82;15.74;22.66;0.0;14.758;0.25;16.95
1982-02-02;8.85;15.59;22.34;0.0;14.074;1.5;12.21
1982-02-03;5.53;13.34;21.14;0.0;14.149;1.19;17.96
1982-02-04;6.17;14.11;22.06;0.0;14.266;0.41;13.48
1982-02-05;8.72;15.64;22.57;0.0;14.197;1.5;11.9
1982-02-06;7.74;15.11;22.47;0.0;15.055;0.51;11.47
1982-02-07;5.51;13.6;21.69;0.0;15.594;1.19;6.81
1982-02-08;4.72;12.69;20.66;0.0;15.459;1.7;8.1
1982-02-09;5.07;13.11;21.15;0.0;15.158;1.7;13.51
1982-02-10;5.34;13.67;22.0;0.0;16.839;0.91;13.4
1982-02-11;5.02;12.87;20.71;0.0;15.631;1.51;11.61
1982-02-12;4.95;12.13;19.3;0.0;15.804;1.7;16.41
1982-02-13;2.09;11.05;20.02;0.0;16.105;1.19;16.38
1982-02-14;4.47;12.47;20.47;0.0;15.679;1.74;10.96
1982-02-15;5.11;12.82;20.54;0.0;15.663;1.81;12.25
1982-02-16;4.25;12.59;20.93;0.0;16.953;2.28;16.08
1982-02-17;4.47;12.7;20.92;0.0;16.619;1.88;18.24
1982-02-18;5.23;13.19;21.15;0.0;16.978;2.08;17.68
1982-02-19;7.51;14.56;21.61;0.0;17.554;1.88;17.9
1982-02-20;7.11;14.39;21.68;0.0;17.29;1.4;17.67
1982-02-21;7.92;15.05;22.17;0.0;17.375;1.2;14.73
1982-02-22;7.4;14.61;21.82;0.0;16.633;0.8;15.63
1982-02-23;6.1;13.87;21.64;0.0;17.246;0.61;15.39
1982-02-24;7.66;14.92;22.17;0.0;17.706;2.17;14.14
1982-02-25;6.48;12.72;18.96;0.0;14.534;2.17;34.45
1982-02-26;4.81;10.9;17.0;0.0;16.584;4.07;24.59
1982-02-27;4.37;12.15;19.93;0.0;17.178;2.95;12.73
1982-02-28;5.11;12.95;20.79;0.0;16.754;1.68;11.73
1982-03-01;4.93;12.63;20.32;0.0;17.452;1.19;14.14
1982-03-02;5.11;13.07;21.03;0.0;17.63;1.88;13.99
1982-03-03;5.36;13.65;21.94;0.0;17.913;1.76;12.67
1982-03-04;6.12;14.28;22.43;0.0;18.257;1.48;12.46
1982-03-05;6.33;14.77;23.22;0.0;18.709;2.14;12.68
1982-03-06;6.7;15.08;23.46;0.0;18.794;2.08;14.43
1982-03-07;5.53;14.02;22.5;0.0;18.837;1.4;18.31
1982-03-08;2.32;9.95;17.57;0.4;19.192;1.87;31.74
1982-03-09;10.02;13.41;16.81;0.0;10.689;2.62;39.68
1982-03-10;7.08;8.89;10.7;0.91;10.99;1.16;48.54
1982-03-11;6.89;10.33;13.77;0.0;8.551;2.47;39.03
1982-03-12;4.52;10.02;15.51;0.0;18.687;3.54;29.15
1982-03-13;6.23;13.63;21.02;0.0;19.154;3.58;18.18
1982-03-14;7.26;14.32;21.38;0.0;19.227;2.24;16.89
1982-03-15;5.7;13.56;21.42;0.0;19.373;1.67;20.21
1982-03-16;7.02;15.01;23.0;0.0;19.861;3.25;19.92
1982-03-17;8.42;16.24;24.06;0.0;20.196;2.66;18.22
1982-03-18;9.27;16.94;24.6;0.0;20.527;1.59;16.38
1982-03-19;9.29;16.82;24.36;0.0;19.615;0.76;15.63
1982-03-20;8.7;16.13;23.55;0.0;19.928;0.9;17.12
1982-03-21;7.15;14.93;22.72;0.0;20.367;1.39;16.95
1982-03-22;9.93;18.26;26.59;0.0;20.523;1.58;8.85
1982-03-23;9.54;16.92;24.31;0.0;20.601;1.1;13.43
1982-03-24;8.32;17.46;26.61;0.0;21.873;1.55;16.74
1982-03-25;8.32;17.46;26.6;0.0;21.264;1.68;17.93
1982-03-26;9.88;21.12;32.36;0.0;22.022;1.96;17.07
1982-03-27;11.78;20.8;29.83;0.0;21.964;1.39;16.77
1982-03-28;14.81;18.93;23.06;0.0;19.709;1.49;34.71
1982-03-29;11.93;16.46;20.99;0.0;18.455;1.68;31.81
1982-03-30;6.69;13.53;20.36;0.0;23.039;1.78;27.56
1982-03-31;7.36;14.0;20.65;0.0;22.194;1.68;33.35
1982-04-01;9.99;13.91;17.83;0.88;11.876;0.31;47.81
1982-04-02;7.36;14.07;20.78;0.0;18.535;2.17;31.5
1982-04-03;9.51;12.37;15.22;13.58;14.307;2.98;54.04
1982-04-04;7.88;10.52;13.15;3.44;13.734;3.39;48.17
1982-04-05;6.86;9.17;11.47;7.92;15.82;4.0;55.62
1982-04-06;6.58;7.96;9.35;4.27;14.095;2.78;49.75
1982-04-07;7.34;9.63;11.92;7.5;12.629;3.61;49.8
1982-04-08;6.61;10.97;15.34;2.4;14.539;1.29;45.07
1982-04-09;5.42;9.86;14.29;3.31;16.4;1.23;46.24
1982-04-10;8.15;12.32;16.5;2.21;17.14;0.9;40.23
1982-04-11;6.52;12.2;17.88;0.0;25.699;2.31;32.25
1982-04-12;6.13;12.46;18.78;0.0;23.73;3.33;27.83
1982-04-13;6.36;13.36;20.35;0.0;25.596;1.63;27.06
1982-04-14;6.61;13.7;20.79;0.0;26.777;1.45;27.15
1982-04-15;10.02;16.55;23.09;0.0;23.814;1.3;34.43
1982-04-16;15.22;18.35;21.48;11.01;14.863;1.5;41.72
1982-04-17;9.76;12.91;16.05;6.88;14.862;3.3;51.11
1982-04-18;8.15;12.39;16.62;0.0;14.799;1.2;39.79
1982-04-19;5.15;10.84;16.54;0.0;24.969;2.09;28.26
1982-04-20;6.51;13.42;20.33;0.0;25.625;1.97;23.59
1982-04-21;8.58;15.08;21.58;0.0;22.741;2.3;31.54
1982-04-22;10.4;16.64;22.89;0.0;21.941;2.92;28.44
1982-04-23;8.52;16.12;23.72;0.0;27.145;1.69;21.18
1982-04-24;8.11;14.75;21.39;0.0;25.97;2.0;29.11
1982-04-25;10.29;13.27;16.25;6.73;13.56;2.91;49.18
1982-04-26;10.31;14.7;19.09;0.0;18.29;1.5;39.95
1982-04-27;10.27;14.88;19.5;0.0;22.736;1.64;33.52
1982-04-28;6.52;13.41;20.3;0.0;28.719;2.81;25.45
1982-04-29;6.29;13.21;20.13;0.0;25.243;2.4;24.65
1982-04-30;10.19;15.27;20.35;0.0;18.81;1.3;39.83
1982-05-01;11.35;16.57;21.78;0.0;25.705;0.52;29.71
1982-05-02;8.31;15.37;22.42;0.0;26.136;2.0;24.4
1982-05-03;10.73;14.79;18.85;2.53;11.514;2.72;48.01
1982-05-04;8.51;14.64;20.78;0.0;26.297;1.81;32.93
1982-05-05;11.9;16.13;20.35;0.0;13.171;1.31;38.66
1982-05-06;9.79;14.02;18.25;0.0;20.198;1.7;32.09
1982-05-07;6.79;10.8;14.81;0.0;25.169;2.91;29.77
1982-05-08;5.42;9.66;13.9;0.0;26.54;3.86;24.19
1982-05-09;9.27;15.48;21.7;0.0;27.677;3.21;15.84
1982-05-10;11.85;17.93;24.01;0.0;29.501;1.31;12.17
1982-05-11;14.3;19.44;24.58;0.0;28.367;1.41;11.82
1982-05-12;17.98;21.41;24.85;0.0;23.711;0.58;14.21
1982-05-13;15.08;20.27;25.46;0.0;26.543;0.3;10.8
1982-05-14;14.61;20.23;25.84;0.0;26.811;1.52;8.6
1982-05-15;13.18;19.33;25.48;0.0;26.662;1.31;14.17
1982-05-16;11.88;18.61;25.33;0.0;26.08;1.31;21.19
1982-05-17;10.6;17.98;25.36;0.0;28.375;1.61;22.39
1982-05-18;11.44;18.01;24.58;0.0;26.941;1.95;22.86
1982-05-19;9.84;18.01;26.18;0.0;26.797;2.11;18.51
1982-05-20;14.04;21.66;29.29;0.0;27.794;1.11;9.6
1982-05-21;14.22;21.91;29.6;0.0;30.351;1.2;10.09
1982-05-22;12.25;19.41;26.56;0.0;30.993;1.52;17.06
1982-05-23;13.28;18.79;24.31;0.0;27.082;2.11;32.41
1982-05-24;11.85;17.98;24.11;0.0;24.446;2.11;24.77
1982-05-25;14.2;21.48;28.75;0.0;27.48;2.11;13.96
1982-05-26;13.82;21.01;28.2;0.0;28.763;1.51;9.31
1982-05-27;13.22;20.86;28.5;0.0;28.559;0.9;9.08
1982-05-28;14.55;22.42;30.29;0.0;30.464;0.57;7.17
1982-05-29;17.93;24.35;30.77;0.0;30.438;1.84;10.97
1982-05-30;14.34;20.11;25.87;0.0;26.635;1.31;22.9
1982-05-31;12.94;19.3;25.66;0.0;22.722;1.31;28.21
1982-06-01;13.14;19.32;25.5;0.0;26.041;1.71;28.79
1982-06-02;14.86;20.08;25.3;0.0;23.944;2.53;31.38
1982-06-03;15.12;19.82;24.52;0.0;11.664;1.81;35.59
1982-06-04;15.4;19.63;23.86;0.0;11.692;1.8;34.57
1982-06-05;14.91;19.71;24.52;0.0;18.458;1.34;30.36
1982-06-06;15.06;21.01;26.96;0.0;19.209;2.53;28.54
1982-06-07;14.64;21.27;27.91;3.71;23.405;2.02;25.93
1982-06-08;16.03;21.27;26.52;3.85;24.327;2.62;34.7
1982-06-09;15.27;20.5;25.74;1.26;24.973;2.11;35.31
1982-06-10;15.15;22.29;29.43;0.0;23.781;1.31;26.06
1982-06-11;17.68;24.55;31.42;0.0;28.212;2.12;14.21
1982-06-12;21.11;26.77;32.44;0.0;27.81;1.81;7.41
1982-06-13;20.3;27.78;35.26;0.0;29.768;0.36;5.14
1982-06-14;22.74;30.73;38.73;0.0;29.111;1.91;5.87
1982-06-15;24.82;32.18;39.54;0.0;28.952;0.37;5.15
1982-06-16;25.6;33.15;40.7;0.0;28.834;1.33;5.21
1982-06-17;24.77;32.05;39.32;0.0;27.435;1.11;5.07
1982-06-18;22.51;29.74;36.97;0.0;16.228;0.81;6.12
1982-06-19;20.56;28.98;37.4;0.0;26.325;0.66;12.59
1982-06-20;20.27;27.57;34.87;0.0;26.13;1.01;16.81
1982-06-21;16.52;23.82;31.13;0.0;26.921;0.86;20.17
1982-06-22;15.35;22.77;30.2;0.0;28.827;1.47;20.83
1982-06-23;11.36;19.05;26.75;0.0;29.563;2.12;22.72
1982-06-24;15.49;23.23;30.98;0.0;28.516;1.54;22.9
1982-06-25;15.94;19.57;23.19;0.0;24.271;1.82;38.63
1982-06-26;17.61;22.41;27.2;0.0;29.53;2.0;27.76
1982-06-27;15.95;21.54;27.13;0.0;28.572;2.29;26.94
1982-06-28;16.49;21.8;27.12;0.0;20.957;2.0;26.94
1982-06-29;15.41;21.47;27.53;0.0;19.552;1.91;28.6
1982-06-30;17.12;22.13;27.14;0.0;15.22;1.52;30.32
1982-07-01;18.59;22.54;26.49;0.0;14.905;0.85;38.14
1982-07-02;19.45;23.3;27.15;0.0;18.217;0.5;32.35
1982-07-03;19.42;24.51;29.6;0.0;22.281;1.05;24.98
1982-07-04;17.62;25.88;34.15;0.0;25.778;2.2;18.56
1982-07-05;21.52;29.27;37.03;0.0;28.224;2.1;18.5
1982-07-06;19.57;24.88;30.2;0.0;22.447;1.5;27.62
1982-07-07;15.98;21.59;27.21;0.0;21.266;1.91;29.64
1982-07-08;17.56;21.34;25.11;0.0;12.7;1.35;34.96
1982-07-09;18.75;23.73;28.7;0.0;28.674;1.71;27.05
1982-07-10;18.77;23.09;27.42;0.0;18.33;1.62;26.91
1982-07-11;18.45;23.41;28.38;0.0;22.483;1.09;25.51
1982-07-12;18.43;23.3;28.18;0.0;22.242;0.87;25.1
1982-07-13;17.16;21.31;25.47;0.0;17.22;1.2;37.36
1982-07-14;19.14;22.97;26.8;0.0;14.749;0.67;34.21
1982-07-15;15.28;20.88;26.47;0.0;17.394;1.42;30.98
1982-07-16;14.56;20.46;26.37;0.0;18.057;2.0;28.75
1982-07-17;17.67;22.4;27.12;0.0;22.121;2.29;27.13
1982-07-18;17.26;23.34;29.41;0.0;25.774;1.94;24.36
1982-07-19;16.91;23.46;30.01;0.0;27.789;1.86;21.8
1982-07-20;16.39;22.97;29.55;0.0;27.348;1.4;21.62
1982-07-21;17.56;23.51;29.46;0.0;21.54;1.87;32.1
1982-07-22;17.1;23.11;29.12;0.0;24.977;1.79;33.37
1982-07-23;17.63;23.07;28.51;0.0;16.644;1.18;31.72
1982-07-24;18.55;23.91;29.26;0.0;25.007;1.1;25.84
1982-07-25;17.49;24.13;30.76;0.0;25.809;2.49;21.64
1982-07-26;18.0;25.25;32.49;0.0;25.976;2.08;16.57
1982-07-27;18.8;25.66;32.52;0.0;25.127;2.18;16.35
1982-07-28;18.27;24.67;31.08;0.0;24.973;2.19;19.94
1982-07-29;17.49;23.95;30.4;0.0;26.165;1.84;21.75
1982-07-30;17.28;23.96;30.64;0.0;26.0;1.51;19.35
1982-07-31;17.26;24.87;32.48;0.0;26.165;1.41;16.53
1982-08-01;18.08;26.54;34.99;0.0;24.941;1.06;17.03
1982-08-02;19.74;28.63;37.51;0.0;23.966;0.55;17.28
1982-08-03;20.32;27.66;35.01;0.0;23.881;0.86;18.4
1982-08-04;19.61;25.99;32.37;0.0;21.591;1.9;24.58
1982-08-05;19.21;25.51;31.8;0.0;16.967;2.4;25.11
1982-08-06;18.77;25.61;32.45;0.0;17.099;2.0;21.42
1982-08-07;21.59;29.96;38.33;0.0;16.508;1.41;15.01
1982-08-08;21.67;29.39;37.1;0.0;26.581;1.8;12.46
1982-08-09;20.48;28.41;36.35;0.0;25.661;1.2;14.55
1982-08-10;24.02;31.15;38.27;0.0;24.305;0.2;20.67
1982-08-11;20.41;26.07;31.73;0.0;22.279;2.42;27.77
1982-08-12;18.65;24.8;30.96;0.0;18.501;3.03;34.15
1982-08-13;18.15;24.39;30.64;0.0;23.662;2.71;32.09
1982-08-14;18.53;25.09;31.65;0.0;15.974;1.6;35.23
1982-08-15;20.19;26.18;32.17;0.0;15.774;1.0;38.36
1982-08-16;21.07;25.16;29.24;0.0;23.047;2.32;35.83
1982-08-17;22.6;28.84;35.08;0.0;17.485;2.11;30.56
1982-08-18;19.02;26.3;33.59;0.0;25.859;2.21;21.83
1982-08-19;18.83;25.95;33.08;1.02;24.414;1.88;22.89
1982-08-20;20.58;27.14;33.7;0.0;23.976;1.61;27.93
1982-08-21;18.59;25.62;32.65;0.0;25.328;2.03;23.4
1982-08-22;18.91;26.19;33.46;0.0;23.693;2.24;20.26
1982-08-23;17.8;25.06;32.33;0.0;23.577;2.02;23.04
1982-08-24;19.13;26.33;33.53;0.0;22.693;1.5;23.76
1982-08-25;19.11;26.64;34.17;0.0;19.709;1.4;18.34
1982-08-26;18.02;24.42;30.83;0.0;24.108;1.72;20.07
1982-08-27;18.79;24.37;29.94;0.0;22.273;1.82;27.67
1982-08-28;18.2;24.27;30.33;0.0;22.144;1.83;25.62
1982-08-29;18.59;26.26;33.92;0.0;18.732;2.02;19.57
1982-08-30;19.83;28.29;36.75;0.0;17.144;1.98;18.58
1982-08-31;21.83;29.34;36.86;0.0;23.327;1.81;16.98
1982-09-01;18.18;26.41;34.65;0.0;23.5;1.67;15.98
1982-09-02;18.86;27.84;36.81;0.0;23.285;2.02;13.69
1982-09-03;20.05;25.45;30.84;0.0;22.991;1.73;25.73
1982-09-04;17.1;23.41;29.73;0.0;23.395;1.92;23.67
1982-09-05;16.43;25.44;34.45;0.0;23.425;1.81;11.86
1982-09-06;18.32;28.72;39.12;0.0;22.942;0.7;10.58
1982-09-07;20.92;30.45;39.98;0.0;22.327;0.48;10.99
1982-09-08;19.13;29.2;39.28;0.0;21.308;0.49;12.7
1982-09-09;19.13;26.76;34.38;0.0;20.931;1.27;12.3
1982-09-10;19.92;27.35;34.78;0.0;19.113;1.12;14.66
1982-09-11;18.58;25.71;32.84;0.0;18.16;1.31;20.89
1982-09-12;23.16;30.97;38.78;0.0;22.404;1.22;10.23
1982-09-13;18.56;27.23;35.91;0.0;22.376;1.51;8.83
1982-09-14;17.36;24.36;31.36;0.0;21.521;1.31;18.97
1982-09-15;16.14;21.59;27.03;0.0;20.677;1.63;28.3
1982-09-16;16.87;21.9;26.93;0.0;18.503;1.51;32.93
1982-09-17;16.32;21.55;26.78;0.0;18.072;1.12;32.47
1982-09-18;16.88;21.93;26.98;0.0;15.945;2.2;39.45
1982-09-19;17.71;22.66;27.61;0.0;6.467;1.03;42.25
1982-09-20;17.79;22.72;27.65;0.0;5.8;1.02;42.79
1982-09-21;17.32;22.25;27.18;0.0;7.913;1.22;34.02
1982-09-22;13.89;19.21;24.54;0.0;19.331;3.75;24.54
1982-09-23;13.87;19.94;26.01;0.0;20.568;3.94;18.23
1982-09-24;14.06;20.36;26.66;0.0;19.564;2.9;21.77
1982-09-25;10.74;16.58;22.42;0.0;20.39;3.42;28.36
1982-09-26;14.06;20.63;27.19;0.0;18.701;3.54;19.74
1982-09-27;13.93;21.07;28.22;0.0;19.131;2.2;13.32
1982-09-28;15.15;22.8;30.46;0.0;21.004;1.8;9.2
1982-09-29;18.03;25.51;32.99;0.0;21.494;2.28;10.13
1982-09-30;17.9;25.82;33.74;0.0;5.187;1.11;15.79
1982-10-01;21.94;30.7;39.45;0.0;19.081;1.21;10.54
1982-10-02;22.97;31.34;39.7;0.0;18.485;0.8;8.1
1982-10-03;21.38;28.78;36.19;0.0;19.978;0.61;6.86
1982-10-04;21.55;29.27;36.99;0.0;19.208;1.1;7.16
1982-10-05;20.77;28.57;36.37;0.0;18.773;1.89;9.51
1982-10-06;20.62;26.41;32.2;0.0;18.266;1.8;10.96
1982-10-07;18.64;24.0;29.35;0.0;17.775;1.89;9.45
1982-10-08;16.02;23.13;30.25;0.0;18.181;0.7;9.23
1982-10-09;16.37;22.47;28.57;1.29;16.449;2.5;11.87
1982-10-10;15.98;22.3;28.62;3.04;13.954;2.81;22.61
1982-10-11;18.79;23.66;28.54;0.0;16.85;1.46;18.97
1982-10-12;13.43;19.96;26.5;0.0;15.815;0.9;26.15
1982-10-13;15.03;21.79;28.54;0.0;17.71;0.7;16.39
1982-10-14;21.4;27.7;33.99;0.0;6.851;0.99;14.74
1982-10-15;19.4;25.32;31.25;0.0;17.338;1.0;18.91
1982-10-16;18.54;23.59;28.64;0.0;11.818;1.78;20.26
1982-10-17;20.67;24.0;27.33;0.0;14.256;1.19;38.2
1982-10-18;15.08;20.07;25.07;0.0;13.045;1.06;38.6
1982-10-19;13.25;18.83;24.41;0.0;13.331;1.3;38.7
1982-10-20;14.24;18.41;22.57;0.0;11.525;2.28;40.8
1982-10-21;13.85;18.34;22.84;0.0;15.099;3.02;36.63
1982-10-22;12.26;19.42;26.58;0.0;14.252;2.44;24.56
1982-10-23;12.45;19.22;25.99;0.0;13.546;3.07;25.15
1982-10-24;12.96;18.82;24.68;0.0;13.532;3.81;24.29
1982-10-25;12.0;17.95;23.89;0.0;14.724;4.05;27.68
1982-10-26;12.33;19.96;27.6;0.0;14.898;1.79;17.59
1982-10-27;15.99;21.86;27.74;0.0;15.777;1.59;12.6
1982-10-28;15.88;21.71;27.53;0.0;15.517;1.05;10.34
1982-10-29;18.5;23.54;28.58;0.0;7.709;1.1;13.75
1982-10-30;12.31;18.79;25.27;0.0;14.173;0.8;20.45
1982-10-31;15.21;20.53;25.85;0.0;13.776;1.2;11.98
1982-11-01;14.89;20.77;26.64;0.0;13.711;1.66;11.77
1982-11-02;15.77;21.42;27.08;0.0;13.586;1.0;13.76
1982-11-03;16.96;22.48;27.99;0.0;13.078;1.31;9.77
1982-11-04;17.22;23.07;28.92;0.0;14.842;0.47;8.82
1982-11-05;16.65;24.84;33.04;0.0;6.203;2.49;8.62
1982-11-06;17.72;25.54;33.36;0.0;13.704;2.4;11.6
1982-11-07;16.4;21.97;27.54;0.0;14.338;1.0;17.93
1982-11-08;12.61;18.34;24.08;0.0;14.096;1.84;34.28
1982-11-09;10.93;15.19;19.44;2.63;8.351;4.62;49.99
1982-11-10;13.47;16.45;19.43;21.38;8.225;3.94;68.14
1982-11-11;10.27;14.11;17.95;1.6;10.596;1.2;48.71
1982-11-12;8.65;15.32;21.98;0.0;13.294;1.4;34.2
1982-11-13;10.85;16.43;22.02;0.0;10.704;1.3;39.3
1982-11-14;8.36;12.61;16.85;1.95;8.307;3.16;49.82
1982-11-15;8.19;13.21;18.24;0.0;11.21;6.52;36.22
1982-11-16;5.23;11.8;18.38;0.0;14.014;2.0;27.96
1982-11-17;8.91;13.79;18.66;0.0;12.88;0.88;34.84
1982-11-18;7.48;12.96;18.43;0.0;11.997;3.01;40.02
1982-11-19;8.1;14.75;21.4;0.0;12.07;1.03;23.79
1982-11-20;11.36;17.3;23.24;0.0;12.012;2.0;16.58
1982-11-21;12.59;18.95;25.31;0.0;12.225;1.7;16.31
1982-11-22;13.48;20.29;27.1;0.0;12.875;1.9;14.31
1982-11-23;11.68;18.31;24.95;0.0;12.405;3.16;16.69
1982-11-24;8.93;14.66;20.4;0.0;10.914;3.34;38.86
1982-11-25;9.09;15.55;22.01;0.0;9.648;4.71;31.16
1982-11-26;8.71;15.6;22.49;0.0;9.937;2.82;30.21
1982-11-27;8.6;14.88;21.16;0.0;12.369;0.5;43.04
1982-11-28;14.55;16.98;19.4;0.0;2.416;1.3;58.1
1982-11-29;9.24;12.21;15.18;7.8;4.015;5.0;64.93
1982-11-30;6.89;10.71;14.54;0.0;10.935;4.72;36.13
1982-12-01;6.04;10.91;15.79;0.0;9.889;3.21;30.66
1982-12-02;6.94;12.08;17.22;0.0;8.984;2.5;44.49
1982-12-03;5.94;11.56;17.17;0.0;9.998;1.95;37.46
1982-12-04;2.56;9.29;16.02;2.7;11.341;2.4;36.42
1982-12-05;10.71;14.05;17.39;2.85;8.004;3.34;52.2
1982-12-06;7.22;13.32;19.43;0.0;8.453;2.0;31.38
1982-12-07;9.63;14.55;19.46;0.0;10.447;2.11;27.48
1982-12-08;7.13;12.39;17.65;0.0;12.481;1.45;20.12
1982-12-09;8.3;12.83;17.36;0.0;12.707;2.37;21.66
1982-12-10;8.68;12.09;15.49;25.44;4.995;4.21;61.32
1982-12-11;10.79;13.5;16.22;11.28;6.233;3.93;74.97
1982-12-12;11.68;14.33;16.99;25.91;3.967;5.28;81.72
1982-12-13;11.1;13.95;16.8;4.64;6.304;4.49;65.62
1982-12-14;7.18;12.28;17.37;0.0;8.688;0.6;47.01
1982-12-15;7.46;12.83;18.2;0.0;12.347;0.56;41.17
1982-12-16;8.11;13.04;17.98;0.0;12.423;0.5;43.16
1982-12-17;6.47;12.14;17.82;0.0;12.158;0.38;38.97
1982-12-18;7.33;12.39;17.46;0.0;8.569;1.2;40.56
1982-12-19;7.47;13.46;19.46;0.0;12.207;0.17;38.56
1982-12-20;6.69;13.4;20.11;0.0;12.71;1.24;29.08
1982-12-21;7.05;14.24;21.43;0.0;12.414;1.43;23.63
1982-12-22;8.03;15.21;22.4;0.0;12.411;1.3;27.06
1982-12-23;8.83;15.75;22.68;0.0;12.56;2.25;25.73
1982-12-24;9.23;16.11;22.98;0.0;11.246;2.45;20.71
1982-12-25;8.87;15.42;21.97;0.0;11.888;2.21;18.51
1982-12-26;8.93;15.64;22.35;0.0;11.296;2.31;16.74
1982-12-27;8.8;14.64;20.48;7.36;8.573;3.33;28.18
1982-12-28;9.5;13.28;17.06;0.0;8.151;1.73;59.64
1982-12-29;9.45;14.13;18.82;0.0;8.446;1.31;55.03
1982-12-30;6.86;12.49;18.13;0.0;7.649;3.34;39.56
1982-12-31;8.21;13.57;18.93;0.0;12.201;2.81;31.91
1983-01-01;8.73;15.25;21.76;0.0;12.206;2.32;15.98
1983-01-02;9.58;15.37;21.16;0.0;12.438;2.23;16.16
1983-01-03;9.87;16.28;22.69;0.0;12.61;1.51;25.72
1983-01-04;9.21;15.65;22.09;0.0;12.33;2.12;9.72
1983-01-05;10.16;13.9;17.64;5.03;6.147;3.37;49.96
1983-01-06;7.32;11.98;16.64;0.0;11.304;1.92;40.92
1983-01-07;1.73;6.21;10.69;3.12;12.519;2.32;33.66
1983-01-08;5.78;10.76;15.74;3.3;6.913;0.9;62.91
1983-01-09;5.11;10.9;16.7;0.0;12.276;0.5;41.08
1983-01-10;7.21;11.94;16.66;0.5;3.934;3.32;53.33
1983-01-11;11.63;17.04;22.44;0.0;12.714;0.26;48.3
1983-01-12;8.87;16.97;25.08;0.0;13.285;1.8;22.71
1983-01-13;8.87;16.61;24.34;0.0;13.16;1.85;14.87
1983-01-14;8.87;16.45;24.03;0.0;13.577;1.11;16.71
1983-01-15;8.83;16.08;23.33;0.0;13.402;1.21;12.98
1983-01-16;8.72;16.25;23.77;0.0;12.473;1.38;16.13
1983-01-17;7.9;14.98;22.07;0.0;11.742;0.47;20.36
1983-01-18;7.12;14.58;22.04;0.0;11.912;0.51;17.2
1983-01-19;6.55;14.13;21.72;0.0;13.792;1.11;13.64
1983-01-20;5.4;11.61;17.81;0.0;13.336;0.7;26.62
1983-01-21;7.07;13.01;18.95;0.0;12.331;3.14;29.14
1983-01-22;8.79;15.53;22.26;0.0;13.351;2.56;18.92
1983-01-23;9.62;16.0;22.39;0.0;11.325;2.64;21.68
1983-01-24;9.0;16.18;23.36;0.0;13.112;1.81;24.23
1983-01-25;8.67;15.79;22.91;0.0;14.216;1.81;13.92
1983-01-26;7.74;15.13;22.52;0.0;14.004;1.3;13.46
1983-01-27;10.56;16.34;22.11;0.0;13.127;0.35;28.13
1983-01-28;10.73;15.37;20.01;0.0;13.681;1.75;41.93
1983-01-29;6.19;13.05;19.91;0.0;12.517;2.42;33.95
1983-01-30;5.09;12.46;19.84;0.0;12.785;1.4;34.35
1983-01-31;14.5;16.48;18.46;0.0;13.36;2.6;46.19
1983-02-01;4.91;10.97;17.03;0.0;13.567;4.24;29.58
1983-02-02;5.16;11.82;18.49;0.0;13.363;2.8;27.19
1983-02-03;5.09;12.33;19.57;0.0;13.374;1.7;36.67
1983-02-04;5.1;10.03;14.96;0.0;7.479;2.39;52.3
1983-02-05;4.71;10.55;16.4;0.0;14.118;1.1;30.73
1983-02-06;0.07;7.58;15.1;20.03;15.809;3.5;32.14
1983-02-07;6.26;9.54;12.82;0.73;10.224;2.39;55.27
1983-02-08;7.68;11.43;15.18;0.0;8.131;0.6;44.96
1983-02-09;4.66;8.52;12.37;12.61;10.839;4.85;62.19
1983-02-10;4.47;7.28;10.08;5.95;12.582;5.16;62.43
1983-02-11;4.34;8.56;12.79;0.84;13.114;1.89;38.56
1983-02-12;6.87;13.1;19.32;0.0;15.441;2.89;18.14
1983-02-13;9.88;15.27;20.66;0.0;15.384;2.8;24.32
1983-02-14;7.61;12.54;17.48;2.8;13.643;2.68;39.28
1983-02-15;9.75;14.48;19.21;0.0;12.163;2.17;46.41
1983-02-16;5.97;12.04;18.12;0.0;16.278;1.15;39.34
1983-02-17;3.75;9.2;14.65;0.15;13.645;1.23;41.42
1983-02-18;4.79;11.66;18.53;0.0;16.173;4.05;30.57
1983-02-19;5.31;12.86;20.41;0.0;16.907;1.2;24.86
1983-02-20;7.52;14.44;21.36;0.0;16.973;1.2;25.87
1983-02-21;4.96;12.37;19.78;0.0;16.281;0.91;32.48
1983-02-22;6.29;14.74;23.2;0.0;16.453;0.5;24.9
1983-02-23;9.78;18.23;26.67;0.0;16.692;2.28;15.26
1983-02-24;8.17;11.97;15.78;6.02;6.274;2.77;52.24
1983-02-25;6.76;11.31;15.87;0.0;11.672;0.6;35.05
1983-02-26;5.13;12.04;18.94;0.0;17.355;1.75;28.58
1983-02-27;7.59;15.47;23.35;0.0;17.988;1.1;24.02
1983-02-28;10.4;18.0;25.59;0.0;16.93;2.28;14.28
1983-03-01;6.18;11.73;17.29;10.2;15.367;2.73;40.63
1983-03-02;6.74;10.27;13.8;0.9;11.973;2.83;41.75
1983-03-03;5.04;11.61;18.17;0.0;18.572;1.0;28.92
1983-03-04;5.86;13.32;20.78;0.0;18.01;1.5;29.59
1983-03-05;8.52;17.58;26.64;0.0;19.309;1.88;25.44
1983-03-06;11.41;17.2;22.99;0.0;18.461;1.76;30.83
1983-03-07;9.82;15.6;21.37;0.0;17.801;1.49;33.8
1983-03-08;7.36;15.28;23.2;0.0;19.132;2.07;19.22
1983-03-09;12.84;19.35;25.86;0.0;17.132;2.16;16.08
1983-03-10;14.61;18.84;23.08;0.0;18.828;0.6;28.54
1983-03-11;8.62;15.54;22.45;0.0;19.817;0.9;34.48
1983-03-12;8.33;13.21;18.09;15.79;11.814;2.06;57.58
1983-03-13;8.38;12.25;16.13;11.72;15.63;2.8;53.7
1983-03-14;7.24;11.32;15.39;1.36;9.469;3.46;48.5
1983-03-15;10.97;14.25;17.53;3.65;6.898;2.77;80.53
1983-03-16;13.11;17.02;20.93;0.0;15.619;2.67;44.23
1983-03-17;8.72;14.2;19.67;0.0;19.48;0.62;38.87
1983-03-18;7.81;13.75;19.7;0.0;23.395;1.86;37.34
1983-03-19;9.88;15.57;21.27;0.0;18.966;0.36;35.06
1983-03-20;7.31;13.48;19.65;0.0;20.642;1.97;34.94
1983-03-21;10.3;15.6;20.9;0.0;17.08;0.4;35.51
1983-03-22;6.23;12.9;19.58;0.0;22.043;1.28;25.9
1983-03-23;7.65;15.8;23.94;0.0;21.615;1.97;17.12
1983-03-24;6.91;13.81;20.72;0.0;20.813;2.94;33.07
1983-03-25;11.92;16.13;20.33;0.0;19.02;0.4;32.95
1983-03-26;8.16;16.64;25.12;0.0;23.34;2.32;19.03
1983-03-27;12.64;20.87;29.09;0.0;23.098;1.39;16.84
1983-03-28;9.58;19.32;29.07;0.0;23.962;0.79;20.1
1983-03-29;11.92;20.89;29.87;0.0;22.067;0.4;18.54
1983-03-30;11.98;20.3;28.61;0.0;23.687;0.47;15.31
1983-03-31;13.5;21.38;29.26;0.0;22.521;2.57;10.41
1983-04-01;9.45;18.76;28.07;0.0;22.08;1.67;22.07
1983-04-02;10.15;18.64;27.12;2.21;16.377;1.29;20.88
1983-04-03;11.86;17.98;24.1;5.02;12.722;0.28;26.52
1983-04-04;8.41;14.15;19.9;1.44;17.746;1.56;37.03
1983-04-05;10.46;13.69;16.91;2.75;10.644;2.35;49.87
1983-04-06;9.82;13.68;17.53;0.0;14.446;1.19;39.72
1983-04-07;13.57;16.91;20.26;0.0;15.52;1.2;37.08
1983-04-08;10.29;15.11;19.92;0.0;14.644;1.97;36.35
1983-04-09;8.5;14.21;19.92;0.0;19.619;0.6;29.29
1983-04-10;6.94;13.93;20.92;0.0;21.712;2.5;23.72
1983-04-11;8.23;15.66;23.09;0.0;23.949;2.77;23.65
1983-04-12;9.82;18.96;28.1;0.0;26.338;2.09;17.99
1983-04-13;9.49;17.32;25.15;0.0;23.949;1.69;25.58
1983-04-14;11.3;16.92;22.54;0.0;18.141;1.99;33.01
1983-04-15;8.52;14.96;21.4;0.0;25.62;1.1;28.63
1983-04-16;8.02;14.88;21.75;0.0;24.606;1.69;24.14
1983-04-17;9.21;17.11;25.01;0.0;24.447;1.0;20.52
1983-04-18;11.27;19.96;28.66;0.0;26.967;0.93;17.57
1983-04-19;10.42;16.12;21.82;0.0;23.73;1.88;32.1
1983-04-20;10.08;14.16;18.24;4.24;12.257;0.74;45.97
1983-04-21;8.74;15.93;23.11;0.0;23.95;1.31;27.56
1983-04-22;12.07;21.97;31.87;0.0;25.157;0.83;21.29
1983-04-23;14.79;21.98;29.18;0.0;26.217;1.0;26.14
1983-04-24;16.86;22.5;28.14;0.0;24.304;0.59;27.55
1983-04-25;12.8;16.77;20.73;1.63;20.474;2.0;33.53
1983-04-26;8.99;12.0;15.01;5.92;15.727;3.62;40.05
1983-04-27;8.47;12.72;16.97;0.0;19.571;1.3;30.79
1983-04-28;5.97;12.34;18.71;0.0;25.072;4.71;25.84
1983-04-29;8.76;16.88;25.0;0.0;29.61;1.59;17.91
1983-04-30;11.9;19.96;28.01;0.0;27.714;1.1;15.08
1983-05-01;10.64;19.13;27.62;0.0;28.45;1.3;18.74
1983-05-02;12.19;19.18;26.16;0.0;28.056;2.21;23.68
1983-05-03;11.32;17.3;23.28;0.0;23.699;2.51;26.67
1983-05-04;9.55;16.32;23.09;0.0;24.233;2.62;25.57
1983-05-05;12.02;18.46;24.9;0.0;25.817;2.52;29.76
1983-05-06;12.16;18.43;24.7;0.0;25.714;2.52;27.11
1983-05-07;10.22;17.58;24.94;0.0;26.163;2.73;21.89
1983-05-08;11.41;19.68;27.94;0.0;28.639;2.22;19.14
1983-05-09;13.67;21.66;29.65;0.0;28.201;2.56;19.77
1983-05-10;13.17;22.76;32.35;0.0;28.555;2.1;17.97
1983-05-11;15.76;22.27;28.78;0.0;28.561;1.55;25.47
1983-05-12;13.37;19.92;26.47;0.0;23.424;1.41;27.07
1983-05-13;11.79;18.8;25.81;0.0;28.887;3.2;23.48
1983-05-14;13.66;22.43;31.2;0.0;26.68;3.05;18.69
1983-05-15;15.92;27.11;38.3;0.0;30.577;1.42;12.8
1983-05-16;19.1;28.47;37.84;0.0;28.566;0.82;17.36
1983-05-17;20.31;26.79;33.27;0.0;20.871;1.2;24.45
1983-05-18;15.48;21.08;26.67;0.0;23.378;1.91;29.77
1983-05-19;14.83;19.45;24.06;0.0;25.541;2.31;30.53
1983-05-20;11.78;18.37;24.96;0.0;30.551;3.81;25.53
1983-05-21;13.17;18.78;24.39;0.0;21.232;2.52;33.41
1983-05-22;11.63;18.08;24.53;0.0;27.891;3.14;24.0
1983-05-23;13.19;20.43;27.67;0.0;30.698;2.77;13.23
1983-05-24;15.21;23.6;31.99;0.0;26.813;1.81;11.47
1983-05-25;15.55;21.66;27.76;0.0;28.645;2.53;20.78
1983-05-26;13.54;20.54;27.53;0.0;28.004;2.59;22.9
1983-05-27;13.82;21.14;28.46;0.0;28.645;2.93;22.94
1983-05-28;14.91;22.45;30.0;0.0;27.823;3.35;26.17
1983-05-29;15.77;21.45;27.13;0.0;26.565;2.84;27.69
1983-05-30;12.72;19.39;26.06;0.0;29.437;3.44;22.92
1983-05-31;13.86;20.68;27.5;0.0;29.823;3.25;17.56
1983-06-01;16.07;23.16;30.25;0.0;26.594;2.93;19.83
1983-06-02;15.98;25.55;35.13;0.0;29.092;2.63;16.35
1983-06-03;18.53;29.41;40.3;0.0;29.862;1.07;10.01
1983-06-04;23.61;31.95;40.3;0.0;28.217;1.21;7.95
1983-06-05;19.63;24.69;29.75;0.0;27.263;2.01;20.53
1983-06-06;15.69;21.11;26.52;0.0;29.293;2.11;23.33
1983-06-07;13.23;18.93;24.63;0.0;29.024;2.12;23.7
1983-06-08;11.7;17.77;23.85;0.0;27.303;2.01;26.71
1983-06-09;15.42;20.25;25.09;0.0;28.599;2.64;31.11
1983-06-10;15.68;21.07;26.47;0.0;27.412;3.13;30.31
1983-06-11;16.1;22.73;29.36;0.0;20.295;3.02;24.1
1983-06-12;16.45;23.3;30.15;0.0;25.793;3.13;17.36
1983-06-13;16.84;25.58;34.32;3.71;22.049;1.91;26.56
1983-06-14;18.78;25.8;32.81;3.6;20.314;1.52;27.63
1983-06-15;18.22;24.81;31.4;0.0;23.503;1.51;25.1
1983-06-16;17.85;24.9;31.95;0.0;23.812;1.82;22.6
1983-06-17;15.21;20.71;26.21;0.0;26.214;3.03;31.73
1983-06-18;17.12;21.58;26.03;0.0;12.175;1.42;42.78
1983-06-19;22.5;26.31;30.13;0.0;12.298;1.03;27.89
1983-06-20;23.22;30.13;37.04;0.0;26.317;2.01;9.47
1983-06-21;23.51;31.23;38.96;0.0;25.662;0.65;6.26
1983-06-22;24.75;32.12;39.49;0.0;26.825;0.68;5.61
1983-06-23;19.35;25.49;31.63;1.23;22.774;1.51;11.77
1983-06-24;23.66;30.1;36.55;0.0;28.406;1.23;17.88
1983-06-25;17.91;22.77;27.63;0.0;18.068;1.71;30.82
1983-06-26;16.81;21.8;26.8;0.0;29.355;2.1;27.91
1983-06-27;14.97;20.27;25.57;0.0;22.27;2.1;28.79
1983-06-28;16.8;21.27;25.73;0.0;12.577;1.91;36.36
1983-06-29;17.07;21.47;25.87;0.0;16.847;2.1;32.51
1983-06-30;16.19;20.44;24.68;0.0;12.301;2.0;41.14
1983-07-01;16.52;21.16;25.79;0.0;23.063;2.29;25.66
1983-07-02;14.39;19.59;24.79;0.0;14.1;2.29;33.46
1983-07-03;14.97;20.14;25.31;0.0;21.865;2.29;27.36
1983-07-04;14.6;20.58;26.56;0.0;28.965;2.98;22.54
1983-07-05;15.13;21.83;28.53;0.0;27.961;2.59;15.48
1983-07-06;18.99;24.51;30.03;0.0;12.0;2.1;14.39
1983-07-07;16.75;24.23;31.71;0.0;26.412;2.1;14.66
1983-07-08;18.88;26.55;34.22;0.0;26.111;2.03;12.68
1983-07-09;18.45;26.18;33.91;0.0;26.372;1.35;13.96
1983-07-10;17.24;25.72;34.2;0.0;27.003;1.11;14.59
1983-07-11;16.44;24.68;32.92;0.0;27.369;1.33;15.52
1983-07-12;15.76;22.93;30.1;0.0;22.562;1.82;18.56
1983-07-13;15.69;22.02;28.35;0.0;22.55;1.91;22.16
1983-07-14;16.28;21.8;27.32;0.0;22.167;1.43;25.77
1983-07-15;16.04;22.34;28.64;0.0;23.629;2.1;25.65
1983-07-16;17.82;23.41;29.0;0.0;22.606;2.49;26.17
1983-07-17;17.02;22.91;28.8;0.0;22.135;2.39;24.84
1983-07-18;17.9;24.49;31.09;0.0;23.473;2.59;22.5
1983-07-19;18.38;25.04;31.69;0.0;24.046;2.79;22.18
1983-07-20;18.63;25.37;32.11;0.0;23.897;2.43;21.5
1983-07-21;18.52;25.12;31.71;0.0;21.443;2.08;24.44
1983-07-22;17.82;23.94;30.06;0.0;25.003;2.59;24.44
1983-07-23;18.35;25.15;31.94;0.0;26.296;2.09;20.56
1983-07-24;17.56;24.6;31.65;0.0;26.209;2.39;19.97
1983-07-25;20.83;27.2;33.56;0.23;26.492;1.89;20.11
1983-07-26;20.96;27.29;33.62;0.51;28.864;1.89;21.89
1983-07-27;19.44;27.06;34.68;1.01;24.946;1.88;24.03
1983-07-28;20.8;28.64;36.48;0.7;24.069;1.92;21.65
1983-07-29;20.59;26.62;32.65;0.0;22.314;3.84;22.64
1983-07-30;21.58;27.62;33.66;0.0;26.26;1.9;15.23
1983-07-31;20.52;25.73;30.94;0.51;23.608;1.71;30.62
1983-08-01;17.06;23.97;30.88;0.0;24.799;2.2;26.6
1983-08-02;17.26;23.28;29.3;0.0;26.114;2.0;25.96
1983-08-03;17.78;23.23;28.67;0.0;26.843;2.4;27.76
1983-08-04;17.07;23.17;29.27;0.21;25.978;2.51;21.85
1983-08-05;18.07;24.11;30.14;0.0;26.374;2.24;23.42
1983-08-06;17.31;24.42;31.53;0.0;27.0;2.1;20.69
1983-08-07;19.21;24.71;30.22;0.0;22.855;1.61;25.32
1983-08-08;18.98;25.38;31.78;0.0;22.332;1.61;32.09
1983-08-09;20.61;26.16;31.71;0.82;25.055;1.49;23.05
1983-08-10;21.17;25.91;30.65;0.0;23.4;1.2;34.21
1983-08-11;20.14;25.66;31.19;0.0;25.834;1.4;24.48
1983-08-12;23.91;31.41;38.92;0.0;23.734;1.2;18.19
1983-08-13;20.5;27.73;34.95;0.0;28.026;2.11;14.95
1983-08-14;23.87;31.84;39.8;0.0;25.929;1.21;16.69
1983-08-15;23.47;30.57;37.67;0.0;23.902;1.07;21.69
1983-08-16;18.17;25.29;32.41;0.0;22.601;1.95;20.08
1983-08-17;18.83;25.61;32.4;0.0;21.242;1.2;15.57
1983-08-18;16.81;23.21;29.62;0.0;21.875;1.49;21.44
1983-08-19;20.14;27.71;35.29;0.0;21.86;0.66;21.28
1983-08-20;17.8;23.63;29.46;0.0;26.106;1.5;21.42
1983-08-21;18.77;25.07;31.37;27.27;24.849;2.23;23.11
1983-08-22;17.8;23.53;29.26;2.32;22.844;1.3;34.35
1983-08-23;17.16;19.46;21.76;0.44;24.818;1.4;34.84
1983-08-24;17.39;20.75;24.1;0.0;23.661;2.32;55.16
1983-08-25;20.84;25.27;29.69;0.0;23.319;1.28;47.23
1983-08-26;18.82;23.98;29.14;0.0;24.318;1.83;50.04
1983-08-27;18.79;24.09;29.38;0.0;11.125;1.02;43.36
1983-08-28;17.79;23.56;29.33;0.0;10.619;0.74;46.47
1983-08-29;17.81;23.59;29.38;0.0;10.026;1.27;48.66
1983-08-30;17.91;23.52;29.13;0.0;19.255;1.6;35.82
1983-08-31;16.64;22.73;28.83;0.0;23.638;3.11;27.77
1983-09-01;17.4;23.68;29.97;0.0;23.489;2.7;25.75
1983-09-02;18.25;25.27;32.3;0.0;22.994;1.92;18.96
1983-09-03;18.39;25.25;32.11;0.0;23.665;2.0;20.36
1983-09-04;19.54;26.19;32.84;0.0;22.794;1.93;23.76
1983-09-05;19.3;27.2;35.1;0.0;23.23;2.22;18.92
1983-09-06;19.08;27.96;36.85;0.0;22.582;2.22;16.25
1983-09-07;16.64;24.61;32.57;0.0;23.541;3.32;13.8
1983-09-08;15.67;25.05;34.44;0.0;20.409;2.32;20.66
1983-09-09;17.38;24.88;32.39;0.0;23.484;1.81;16.96
1983-09-10;21.22;26.93;32.64;0.0;23.29;2.0;23.04
1983-09-11;21.11;26.06;31.01;0.0;22.244;1.62;24.16
1983-09-12;18.72;25.7;32.68;0.0;21.89;1.22;20.73
1983-09-13;17.58;27.15;36.72;0.0;23.361;1.08;16.42
1983-09-14;21.15;28.82;36.49;0.0;23.107;0.72;20.93
1983-09-15;17.97;25.1;32.23;0.0;22.706;0.81;23.18
1983-09-16;17.64;24.52;31.4;0.0;18.833;0.97;24.57
1983-09-17;17.58;24.58;31.58;0.0;19.506;1.61;24.54
1983-09-18;16.15;20.66;25.16;0.0;23.236;2.4;34.95
1983-09-19;20.04;24.7;29.35;0.0;10.94;1.51;34.06
1983-09-20;17.8;23.4;29.0;0.0;19.49;1.8;32.26
1983-09-21;17.56;22.73;27.9;0.0;18.11;1.51;35.84
1983-09-22;17.0;21.48;25.95;0.0;20.034;2.2;36.99
1983-09-23;17.29;21.97;26.65;0.0;20.427;2.78;31.88
1983-09-24;18.43;23.49;28.56;0.0;19.227;2.0;26.29
1983-09-25;21.15;25.8;30.44;0.0;19.18;0.61;24.06
1983-09-26;22.42;26.74;31.06;0.0;4.457;0.38;26.78
1983-09-27;20.96;26.09;31.21;0.0;17.993;0.7;26.73
1983-09-28;21.26;26.97;32.67;0.0;17.514;0.51;27.11
1983-09-29;20.21;25.55;30.88;0.0;17.849;0.7;29.09
1983-09-30;21.42;25.19;28.95;0.0;17.498;0.8;34.06
1983-10-01;16.12;20.98;25.84;0.0;17.391;1.92;36.75
1983-10-02;23.52;26.54;29.56;0.0;4.991;0.43;37.15
1983-10-03;16.26;21.97;27.67;0.0;16.583;0.78;34.25
1983-10-04;19.77;25.41;31.05;0.0;15.452;0.36;26.54
1983-10-05;21.32;27.18;33.04;0.0;18.373;0.6;20.02
1983-10-06;17.1;24.02;30.95;0.0;17.239;0.6;19.64
1983-10-07;17.2;23.34;29.49;1.34;15.691;0.5;20.67
1983-10-08;17.44;23.01;28.57;0.0;17.344;1.23;20.17
1983-10-09;14.11;21.25;28.4;0.0;15.754;0.9;21.68
1983-10-10;16.9;21.77;26.63;0.0;18.177;0.6;19.12
1983-10-11;17.05;21.93;26.8;2.34;14.443;0.61;24.0
1983-10-12;19.84;24.56;29.28;0.0;15.614;0.56;17.38
1983-10-13;17.66;22.91;28.15;0.0;15.464;0.49;17.89
1983-10-14;15.55;21.93;28.3;0.0;16.076;0.49;21.04
1983-10-15;15.34;22.06;28.78;0.0;16.108;0.64;19.95
1983-10-16;15.26;22.2;29.13;0.0;17.163;0.42;18.92
1983-10-17;17.88;24.91;31.94;0.0;17.257;1.09;14.66
1983-10-18;20.68;28.48;36.29;0.0;10.284;1.4;10.32
1983-10-19;17.92;25.25;32.58;2.13;13.3;2.7;10.07
1983-10-20;17.91;21.21;24.52;15.15;11.892;3.01;40.18
1983-10-21;19.31;21.86;24.41;0.0;2.175;1.09;48.6
1983-10-22;12.27;18.72;25.17;0.0;16.157;1.19;29.03
1983-10-23;15.96;24.62;33.28;0.0;15.617;3.0;14.52
1983-10-24;19.64;27.29;34.93;0.0;14.769;2.52;9.6
1983-10-25;19.6;25.48;31.37;0.0;14.647;1.72;20.13
1983-10-26;16.9;22.51;28.12;0.0;15.119;1.5;29.62
1983-10-27;14.72;19.8;24.87;0.0;14.222;1.2;37.57
1983-10-28;12.83;16.69;20.55;1.9;5.897;0.5;55.02
1983-10-29;13.33;18.0;22.68;0.0;14.99;2.89;35.2
1983-10-30;11.03;18.21;25.39;0.0;15.218;1.71;25.08
1983-10-31;13.19;20.56;27.93;0.0;13.982;0.8;23.23
1983-11-01;17.51;23.16;28.81;0.0;13.72;0.9;16.91
1983-11-02;17.43;23.04;28.64;0.0;13.611;1.0;15.52
1983-11-03;15.84;21.66;27.49;0.0;14.71;0.8;17.96
1983-11-04;14.56;19.97;25.38;0.0;13.695;0.71;21.3
1983-11-05;13.34;19.3;25.25;0.0;15.36;0.41;19.39
1983-11-06;15.02;22.3;29.57;0.0;13.232;1.06;13.6
1983-11-07;16.36;23.6;30.84;0.0;12.978;1.4;13.29
1983-11-08;14.58;21.33;28.08;0.0;14.564;0.8;14.04
1983-11-09;15.86;23.42;30.99;0.0;13.391;1.3;9.47
1983-11-10;15.28;23.32;31.35;0.0;13.6;0.75;7.5
1983-11-11;14.45;22.36;30.27;0.0;13.896;1.1;9.97
1983-11-12;12.3;19.73;27.15;0.0;13.232;2.6;22.9
1983-11-13;12.21;16.77;21.34;1.5;10.034;2.8;45.08
1983-11-14;10.28;18.09;25.89;0.0;13.124;1.5;22.96
1983-11-15;14.0;21.77;29.53;0.0;11.368;1.99;11.97
1983-11-16;15.83;22.78;29.73;0.0;12.583;2.31;13.18
1983-11-17;16.68;19.53;22.38;0.0;4.081;3.7;34.6
1983-11-18;14.31;17.14;19.97;3.17;6.765;5.15;50.17
1983-11-19;9.85;14.56;19.27;10.61;10.082;2.98;48.61
1983-11-20;10.3;13.1;15.89;14.83;6.775;3.4;74.49
1983-11-21;11.45;14.3;17.16;0.0;2.862;0.8;50.61
1983-11-22;9.34;12.79;16.24;15.26;6.147;4.63;57.84
1983-11-23;14.51;16.41;18.31;3.5;6.058;2.81;61.41
1983-11-24;10.44;14.68;18.93;0.0;12.4;1.2;48.01
1983-11-25;8.57;14.72;20.87;0.0;9.287;2.6;33.87
1983-11-26;10.28;17.68;25.07;0.0;12.875;0.9;26.92
1983-11-27;11.27;19.06;26.85;0.0;11.718;1.8;24.23
1983-11-28;11.06;18.81;26.56;0.0;13.109;1.4;24.74
1983-11-29;11.19;17.67;24.15;0.0;10.741;1.52;31.54
1983-11-30;8.81;14.83;20.85;0.0;12.703;0.39;32.06
1983-12-01;7.2;13.3;19.4;0.0;12.741;0.25;25.97
1983-12-02;6.17;12.73;19.28;0.0;12.201;2.01;21.23
1983-12-03;8.6;15.91;23.23;0.0;8.846;1.4;29.55
1983-12-04;8.44;15.0;21.55;0.0;12.514;0.49;27.64
1983-12-05;7.7;13.34;18.99;0.0;9.228;1.4;47.45
1983-12-06;11.21;15.0;18.79;0.0;6.747;2.61;49.93
1983-12-07;7.29;12.54;17.78;0.0;11.883;2.81;45.14
1983-12-08;5.65;12.64;19.64;0.0;12.606;0.7;27.68
1983-12-09;7.48;13.38;19.27;0.0;12.327;0.9;27.28
1983-12-10;7.79;13.71;19.63;0.0;12.614;2.23;31.88
1983-12-11;8.38;13.82;19.27;0.0;10.792;4.5;46.45
1983-12-12;7.44;12.76;18.08;0.0;9.079;4.95;45.2
1983-12-13;6.68;12.84;19.0;0.0;8.395;4.5;41.6
1983-12-14;7.27;13.96;20.66;0.0;8.328;3.14;44.32
1983-12-15;8.65;13.25;17.85;0.0;7.404;2.69;48.49
1983-12-16;5.99;11.57;17.14;0.0;8.726;3.91;40.17
1983-12-17;4.37;10.15;15.93;0.0;11.521;1.37;29.9
1983-12-18;4.68;9.09;13.51;10.61;5.208;6.12;60.78
1983-12-19;5.09;8.63;12.16;2.98;8.516;2.17;58.52
1983-12-20;4.56;8.02;11.48;0.0;8.553;1.3;48.9
1983-12-21;3.6;7.3;11.01;0.0;11.894;1.0;42.81
1983-12-22;3.24;7.7;12.15;0.0;9.59;4.04;36.37
1983-12-23;2.4;8.24;14.08;0.0;9.883;1.41;29.85
1983-12-24;1.87;7.88;13.9;0.0;11.203;0.7;26.31
1983-12-25;2.13;7.14;12.15;0.0;12.149;1.31;24.56
1983-12-26;2.03;8.17;14.3;0.0;12.207;1.1;26.57
1983-12-27;1.84;8.91;15.98;0.0;12.3;0.8;25.87
1983-12-28;2.14;9.35;16.55;0.0;12.938;1.06;22.29
1983-12-29;1.67;9.07;16.46;0.0;10.78;1.29;26.34
1983-12-30;0.34;8.52;16.7;0.0;13.001;1.33;18.69
1983-12-31;0.25;8.49;16.73;0.0;13.001;0.7;18.58
1984-01-01;4.82;11.63;18.45;0.0;12.492;0.45;17.86
1984-01-02;8.8;15.24;21.68;0.0;6.375;2.52;15.98
1984-01-03;9.58;13.53;17.48;0.0;7.055;2.31;43.48
1984-01-04;4.93;12.15;19.38;0.0;12.442;0.53;26.76
1984-01-05;8.37;14.95;21.53;0.0;12.441;2.22;15.03
1984-01-06;6.83;11.3;15.77;11.49;9.327;3.0;38.07
1984-01-07;5.67;8.89;12.11;17.37;6.647;3.19;78.02
1984-01-08;6.97;10.15;13.34;0.0;11.992;0.4;49.05
1984-01-09;5.52;9.71;13.89;1.16;8.885;1.2;49.52
1984-01-10;9.4;13.21;17.02;0.0;12.357;0.3;46.68
1984-01-11;5.72;11.27;16.83;0.0;11.232;2.12;31.45
1984-01-12;4.13;11.19;18.25;0.0;12.021;1.76;23.47
1984-01-13;6.04;12.8;19.57;0.0;12.025;2.35;17.97
1984-01-14;4.65;8.46;12.28;6.56;9.73;2.38;51.25
1984-01-15;6.5;11.11;15.71;0.0;12.698;0.4;47.91
1984-01-16;4.03;10.01;15.99;3.57;13.599;3.09;27.99
1984-01-17;9.1;12.0;14.9;19.02;9.263;3.77;77.41
1984-01-18;9.02;13.67;18.32;5.5;7.126;4.09;51.06
1984-01-19;7.48;11.04;14.6;21.47;7.538;4.32;72.14
1984-01-20;7.63;11.74;15.86;8.59;8.779;4.01;57.66
1984-01-21;11.2;14.71;18.22;0.0;5.638;4.25;56.18
1984-01-22;10.59;14.08;17.57;18.91;6.882;4.08;62.33
1984-01-23;8.93;13.14;17.35;3.17;10.965;3.19;61.23
1984-01-24;5.77;11.67;17.58;0.0;12.999;1.3;45.06
1984-01-25;4.64;11.88;19.11;0.0;12.226;1.3;34.52
1984-01-26;8.94;18.5;28.05;0.0;13.961;2.1;24.36
1984-01-27;8.83;14.82;20.81;14.01;14.945;2.42;27.14
1984-01-28;5.71;9.53;13.35;6.76;11.978;3.98;56.77
1984-01-29;4.66;7.66;10.65;4.16;8.199;1.68;67.77
1984-01-30;5.25;9.47;13.69;0.0;3.186;0.8;50.67
1984-01-31;6.3;11.79;17.29;0.0;11.968;0.61;42.36
1984-02-01;5.67;12.06;18.45;0.0;14.301;0.78;42.78
1984-02-02;7.64;12.85;18.06;0.0;3.409;1.81;53.46
1984-02-03;14.5;17.59;20.68;0.0;14.263;0.51;43.98
1984-02-04;9.97;16.11;22.25;0.0;14.616;1.8;28.35
1984-02-05;10.07;14.86;19.65;0.0;13.732;2.29;36.2
1984-02-06;10.99;14.97;18.95;0.0;13.117;3.07;44.7
1984-02-07;4.68;12.3;19.92;0.0;14.332;1.09;28.56
1984-02-08;7.44;13.89;20.34;0.0;15.174;1.31;30.35
1984-02-09;6.14;13.12;20.1;0.0;14.689;0.76;31.51
1984-02-10;6.59;14.1;21.61;0.0;15.149;0.9;26.16
1984-02-11;7.74;15.29;22.83;0.0;16.565;1.3;24.02
1984-02-12;10.39;17.37;24.35;0.0;16.618;2.2;21.58
1984-02-13;12.36;16.61;20.86;0.0;16.849;2.57;35.94
1984-02-14;7.84;14.49;21.14;0.0;17.074;0.51;38.72
1984-02-15;8.95;15.42;21.9;0.0;16.661;0.41;33.02
1984-02-16;10.5;16.59;22.68;0.0;15.477;2.37;22.63
1984-02-17;9.42;13.6;17.78;0.6;7.85;1.5;53.97
1984-02-18;8.57;14.6;20.62;0.0;16.783;0.66;39.06
1984-02-19;8.67;15.36;22.04;0.0;16.908;0.4;29.0
1984-02-20;9.7;18.04;26.38;0.0;16.973;0.44;23.36
1984-02-21;10.56;18.61;26.66;0.0;17.331;2.08;19.23
1984-02-22;10.82;18.34;25.87;0.0;17.39;2.37;18.64
1984-02-23;9.59;15.68;21.76;1.75;17.164;2.28;27.43
1984-02-24;10.57;13.36;16.14;18.98;7.152;0.6;90.76
1984-02-25;6.01;10.4;14.79;0.32;7.988;1.66;65.94
1984-02-26;3.81;9.38;14.95;0.0;18.13;0.87;41.52
1984-02-27;6.89;10.71;14.54;14.61;15.045;3.47;62.47
1984-02-28;4.97;6.88;8.8;11.92;7.056;4.59;81.35
1984-02-29;0.0;0.0;0.0;0.0;0.0;0.0;0.0
1984-03-01;5.36;7.62;9.87;6.51;14.621;4.22;61.5
1984-03-02;5.18;10.28;15.38;0.0;17.887;1.0;40.44
1984-03-03;3.69;10.5;17.3;0.0;18.084;1.98;27.94
1984-03-04;6.44;13.73;21.01;0.0;19.486;1.21;23.72
1984-03-05;8.72;16.25;23.77;0.0;18.757;1.49;24.0
1984-03-06;14.34;19.18;24.02;0.0;19.148;1.39;26.25
1984-03-07;11.93;16.94;21.95;0.0;19.016;1.58;22.45
1984-03-08;8.64;15.17;21.7;0.0;19.991;1.55;19.95
1984-03-09;8.59;15.21;21.83;0.0;18.118;1.48;20.4
1984-03-10;8.43;15.38;22.32;0.0;18.448;1.39;24.33
1984-03-11;9.65;16.68;23.7;0.0;18.674;0.81;21.31
1984-03-12;11.21;17.88;24.56;0.0;18.897;1.48;18.68
1984-03-13;7.36;13.91;20.47;0.0;21.177;3.5;29.27
1984-03-14;7.71;13.77;19.83;0.0;19.71;3.68;30.87
1984-03-15;8.1;17.15;26.2;0.0;21.476;0.68;22.17
1984-03-16;10.05;16.52;22.98;1.95;23.008;2.77;18.7
1984-03-17;7.51;9.59;11.66;0.74;13.943;3.04;45.71
1984-03-18;7.38;12.11;16.84;0.0;8.655;0.79;43.53
1984-03-19;5.88;12.19;18.5;0.0;22.258;1.77;33.3
1984-03-20;6.23;10.78;15.33;0.83;12.98;1.68;47.28
1984-03-21;5.84;12.07;18.31;0.0;22.059;1.7;32.38
1984-03-22;7.17;10.32;13.46;3.34;12.496;3.57;48.98
1984-03-23;7.86;12.73;17.6;0.0;13.521;0.7;38.42
1984-03-24;5.9;12.76;19.62;0.0;23.426;1.78;26.92
1984-03-25;6.15;12.68;19.21;0.0;21.926;1.28;32.72
1984-03-26;6.69;11.59;16.49;0.0;14.046;0.69;43.88
1984-03-27;6.61;13.28;19.94;0.0;22.441;1.19;31.17
1984-03-28;6.91;13.81;20.72;0.0;24.236;3.07;30.14
1984-03-29;9.04;12.22;15.4;2.9;9.011;3.11;56.77
1984-03-30;8.65;11.63;14.61;3.33;12.247;2.98;49.87
1984-03-31;8.11;13.09;18.07;0.0;17.062;0.79;36.03
1984-04-01;7.58;12.7;17.82;0.0;6.928;2.36;45.1
1984-04-02;11.86;15.11;18.35;0.0;8.6;2.77;43.48
1984-04-03;8.43;11.24;14.05;3.77;14.107;3.14;47.18
1984-04-04;8.6;12.98;17.36;0.0;15.751;0.79;36.18
1984-04-05;6.06;13.04;20.01;0.0;23.306;3.83;25.93
1984-04-06;7.79;15.47;23.16;0.0;24.255;1.38;21.34
1984-04-07;12.66;18.18;23.7;0.0;22.667;2.35;22.44
1984-04-08;9.25;14.77;20.28;0.0;14.602;1.19;41.25
1984-04-09;6.72;12.54;18.36;0.0;24.05;2.39;29.84
1984-04-10;6.82;14.33;21.84;0.0;25.831;2.39;25.13
1984-04-11;8.48;17.48;26.47;0.0;25.735;1.24;24.39
1984-04-12;14.31;22.93;31.54;0.0;21.453;2.94;18.65
1984-04-13;15.34;18.58;21.82;0.0;17.32;2.29;32.41
1984-04-14;10.18;14.77;19.36;0.0;17.188;2.7;34.64
1984-04-15;6.68;13.73;20.78;0.0;25.555;2.6;26.09
1984-04-16;9.21;19.35;29.49;0.0;28.398;1.99;16.1
1984-04-17;7.49;14.14;20.8;0.0;23.796;1.4;28.38
1984-04-18;6.39;13.06;19.74;0.0;24.623;1.99;29.71
1984-04-19;6.61;12.36;18.11;0.0;19.565;2.11;34.11
1984-04-20;7.61;12.97;18.34;0.0;23.687;4.01;33.14
1984-04-21;8.26;13.89;19.53;0.0;20.066;3.92;33.8
1984-04-22;6.41;13.46;20.52;0.0;24.195;4.0;22.87
1984-04-23;8.85;16.09;23.34;0.0;27.032;2.0;21.03
1984-04-24;11.16;16.71;22.27;1.63;22.887;1.08;28.37
1984-04-25;16.38;19.78;23.18;3.94;18.924;2.0;34.18
1984-04-26;14.64;19.23;23.81;7.04;16.241;2.51;33.24
1984-04-27;11.81;17.72;23.63;2.2;21.758;2.94;27.55
1984-04-28;11.82;19.72;27.62;0.0;21.908;2.6;28.25
1984-04-29;12.04;17.59;23.14;2.2;26.783;1.69;30.0
1984-04-30;13.4;18.3;23.2;0.0;26.387;2.54;33.53
1984-05-01;8.76;15.11;21.46;0.0;23.025;3.02;27.76
1984-05-02;8.37;14.82;21.26;0.0;22.005;2.31;28.85
1984-05-03;9.28;15.79;22.29;0.0;27.901;2.92;27.9
1984-05-04;11.12;17.39;23.66;0.0;28.001;3.06;27.05
1984-05-05;10.74;17.4;24.06;0.0;23.407;1.51;27.39
1984-05-06;9.15;16.16;23.18;0.0;26.038;1.72;24.93
1984-05-07;9.44;16.41;23.39;0.0;29.449;2.62;22.35
1984-05-08;9.68;16.84;24.01;0.0;25.963;2.71;22.79
1984-05-09;11.85;20.67;29.49;0.0;26.288;2.82;20.73
1984-05-10;12.38;23.84;35.3;0.0;27.828;1.6;17.91
1984-05-11;12.92;21.19;29.46;0.0;29.218;1.9;19.94
1984-05-12;11.02;16.72;22.42;0.0;27.921;2.71;32.36
1984-05-13;11.55;15.89;20.24;0.0;21.179;2.88;32.83
1984-05-14;11.13;13.39;15.64;0.0;21.193;3.02;27.64
1984-05-15;7.8;14.71;21.61;0.0;28.75;3.72;16.41
1984-05-16;10.64;18.56;26.48;0.0;31.023;1.31;11.77
1984-05-17;16.99;24.5;32.01;0.0;28.566;2.22;3.14
1984-05-18;18.07;26.39;34.7;0.0;29.629;2.41;9.15
1984-05-19;14.46;22.68;30.89;0.0;25.687;1.71;17.52
1984-05-20;14.48;20.4;26.32;0.0;28.566;1.42;22.44
1984-05-21;13.02;19.33;25.64;0.0;30.068;2.31;23.84
1984-05-22;12.56;18.52;24.49;0.0;29.922;2.11;22.84
1984-05-23;12.29;18.69;25.09;0.0;25.478;1.61;25.03
1984-05-24;11.79;18.32;24.86;0.0;25.879;1.91;29.09
1984-05-25;15.52;20.57;25.62;0.0;23.476;2.5;27.29
1984-05-26;13.56;20.93;28.31;0.0;28.528;3.38;14.94
1984-05-27;16.23;25.01;33.78;0.0;28.268;2.02;7.02
1984-05-28;17.59;26.48;35.36;0.0;28.554;0.5;6.37
1984-05-29;18.91;27.58;36.25;0.0;30.152;1.71;6.73
1984-05-30;14.97;22.21;29.45;0.0;29.818;1.81;13.0
1984-05-31;11.92;18.75;25.58;0.0;28.493;1.51;22.42
1984-06-01;12.89;18.42;23.95;0.0;26.219;1.81;27.85
1984-06-02;14.98;21.6;28.22;0.0;23.782;2.42;27.01
1984-06-03;14.5;20.44;26.37;0.0;24.079;3.04;25.45
1984-06-04;15.2;21.44;27.68;0.0;25.237;3.13;24.84
1984-06-05;15.95;22.34;28.72;0.0;26.463;2.52;16.14
1984-06-06;15.83;22.54;29.24;0.0;28.875;2.68;15.95
1984-06-07;16.27;23.11;29.94;0.0;27.566;2.52;17.89
1984-06-08;16.02;24.77;33.52;0.0;27.595;1.91;10.28
1984-06-09;15.81;25.35;34.88;0.0;27.125;1.06;11.87
1984-06-10;17.16;24.38;31.61;0.0;28.313;1.13;16.19
1984-06-11;13.82;18.63;23.43;0.0;29.738;2.62;26.66
1984-06-12;16.01;19.97;23.92;0.0;11.407;1.52;39.33
1984-06-13;14.03;19.54;25.06;0.0;25.155;2.84;25.63
1984-06-14;14.87;21.24;27.61;0.0;26.114;3.42;20.89
1984-06-15;14.49;20.55;26.61;0.0;27.206;2.41;25.45
1984-06-16;14.6;20.45;26.29;0.0;21.616;2.41;26.39
1984-06-17;14.19;19.89;25.59;0.0;28.954;2.72;28.88
1984-06-18;14.6;19.68;24.77;0.0;17.461;2.31;32.9
1984-06-19;13.86;19.77;25.67;0.0;29.231;3.11;23.99
1984-06-20;14.85;21.19;27.53;0.0;26.823;3.33;22.59
1984-06-21;15.23;21.65;28.07;0.0;28.219;3.11;21.37
1984-06-22;14.6;20.95;27.3;0.0;25.763;2.8;22.61
1984-06-23;14.6;21.52;28.45;0.0;18.56;2.51;22.67
1984-06-24;17.2;26.2;35.19;0.0;25.407;2.61;15.09
1984-06-25;19.05;28.85;38.66;0.0;26.828;1.11;11.46
1984-06-26;16.49;25.98;35.47;0.0;26.916;1.18;14.73
1984-06-27;16.78;24.86;32.94;0.0;26.012;2.1;17.47
1984-06-28;18.73;25.82;32.91;0.0;26.335;2.1;17.44
1984-06-29;17.1;24.63;32.16;0.0;29.01;2.03;18.67
1984-06-30;16.36;24.01;31.66;0.0;27.037;2.1;17.22
1984-07-01;17.08;25.24;33.4;0.0;26.828;2.28;15.9
1984-07-02;17.59;26.02;34.44;0.0;26.312;2.29;15.17
1984-07-03;17.6;24.96;32.32;0.0;25.906;2.33;16.66
1984-07-04;16.63;24.41;32.18;0.0;25.616;2.29;18.34
1984-07-05;18.01;26.94;35.87;0.0;24.418;1.52;16.15
1984-07-06;17.72;26.13;34.55;0.0;27.848;1.62;11.31
1984-07-07;22.12;30.38;38.64;0.0;29.214;1.26;8.68
1984-07-08;20.22;27.74;35.26;0.0;24.291;1.35;15.76
1984-07-09;19.64;26.56;33.48;0.0;25.876;1.32;17.19
1984-07-10;20.03;27.57;35.11;0.0;24.398;1.53;10.84
1984-07-11;21.14;29.21;37.29;0.0;23.927;1.09;12.63
1984-07-12;21.1;28.31;35.52;0.16;24.51;1.62;17.36
1984-07-13;19.68;27.23;34.78;6.9;25.615;1.72;25.5
1984-07-14;18.95;25.52;32.08;0.0;25.249;1.62;17.36
1984-07-15;27.9;31.21;34.53;0.0;17.23;1.78;12.49
1984-07-16;21.59;27.27;32.95;0.0;23.563;2.29;15.19
1984-07-17;18.97;25.48;32.0;0.0;26.531;2.42;17.7
1984-07-18;18.83;25.77;32.71;0.0;26.745;2.89;17.5
1984-07-19;18.62;25.42;32.23;0.0;26.548;2.55;19.59
1984-07-20;18.43;25.22;32.01;0.0;23.769;1.59;20.18
1984-07-21;18.37;26.38;34.39;0.0;25.776;1.2;15.84
1984-07-22;19.48;28.62;37.76;0.0;26.695;1.1;12.65
1984-07-23;20.62;29.37;38.11;0.0;26.602;1.3;12.76
1984-07-24;20.69;29.13;37.58;0.0;26.515;1.51;12.86
1984-07-25;19.32;28.21;37.09;0.0;26.698;1.35;11.31
1984-07-26;19.43;27.92;36.41;0.0;26.542;1.58;11.6
1984-07-27;20.84;29.61;38.38;0.0;25.785;2.28;11.55
1984-07-28;19.21;27.71;36.21;0.0;26.434;3.21;10.72
1984-07-29;19.3;28.67;38.04;0.0;29.238;1.9;8.02
1984-07-30;19.31;28.43;37.55;0.0;29.117;2.1;12.19
1984-07-31;22.87;29.23;35.6;0.0;25.532;1.8;17.17
1984-08-01;19.21;26.64;34.07;0.0;26.252;1.62;13.37
1984-08-02;19.31;27.63;35.95;0.0;15.376;0.74;13.12
1984-08-03;18.14;22.92;27.7;0.0;22.144;1.8;24.21
1984-08-04;19.38;26.34;33.29;0.0;22.796;1.43;18.66
1984-08-05;19.2;25.95;32.69;0.0;23.071;2.0;19.95
1984-08-06;18.79;25.68;32.57;0.0;23.116;2.1;17.25
1984-08-07;18.68;25.29;31.89;0.0;22.311;2.4;18.2
1984-08-08;18.25;24.51;30.76;0.0;25.733;3.13;25.91
1984-08-09;18.16;24.5;30.84;0.0;25.161;3.21;25.54
1984-08-10;17.25;23.94;30.63;0.0;24.825;3.03;18.39
1984-08-11;17.79;27.02;36.24;0.0;25.443;2.42;13.07
1984-08-12;18.76;28.97;39.17;0.0;25.267;1.5;12.77
1984-08-13;21.4;30.11;38.81;0.0;24.581;1.9;17.58
1984-08-14;19.93;26.84;33.75;0.0;24.218;2.31;18.73
1984-08-15;18.02;24.48;30.94;0.0;24.363;2.51;21.79
1984-08-16;17.25;23.88;30.51;0.0;24.002;1.9;19.04
1984-08-17;17.45;24.42;31.4;0.0;23.229;2.05;18.03
1984-08-18;19.21;25.43;31.65;0.0;17.509;2.12;19.54
1984-08-19;18.94;25.08;31.21;0.0;23.223;2.53;21.83
1984-08-20;20.21;25.95;31.69;0.0;23.972;2.42;23.24
1984-08-21;19.05;24.45;29.86;0.0;24.303;2.42;23.32
1984-08-22;16.72;23.95;31.17;0.0;24.094;2.72;16.55
1984-08-23;12.88;22.32;31.77;0.0;27.249;2.84;13.82
1984-08-24;17.39;22.71;28.04;0.0;27.266;2.92;28.66
1984-08-25;18.22;23.82;29.42;0.0;15.568;2.53;32.46
1984-08-26;18.23;23.68;29.12;0.0;14.535;2.73;34.11
1984-08-27;17.43;23.24;29.05;0.0;20.693;2.82;31.42
1984-08-28;17.41;23.5;29.59;0.0;20.981;2.12;26.19
1984-08-29;16.46;23.92;31.38;0.0;22.415;1.92;16.75
1984-08-30;17.39;26.98;36.57;0.0;24.001;2.12;12.05
1984-08-31;17.81;27.03;36.26;0.0;23.996;2.22;10.55
1984-09-01;17.71;24.33;30.95;0.0;23.688;2.32;15.34
1984-09-02;16.68;22.62;28.56;0.0;23.546;2.71;26.33
1984-09-03;15.99;22.68;29.36;0.0;23.492;2.71;21.43
1984-09-04;16.3;23.77;31.23;0.0;23.282;1.81;15.42
1984-09-05;16.82;24.84;32.85;0.0;22.8;1.51;20.15
1984-09-06;18.18;25.36;32.53;0.0;22.433;1.92;22.19
1984-09-07;17.39;24.53;31.67;0.0;22.899;2.33;17.44
1984-09-08;17.25;24.24;31.24;0.0;22.588;2.02;18.83
1984-09-09;17.04;25.68;34.32;0.0;22.816;2.33;13.7
1984-09-10;21.32;30.47;39.62;0.0;22.626;1.51;8.47
1984-09-11;23.84;32.08;40.31;0.0;22.506;0.72;5.69
1984-09-12;24.62;33.3;41.97;0.0;22.49;1.12;5.26
1984-09-13;24.47;32.28;40.09;0.0;22.172;1.12;5.49
1984-09-14;24.22;31.56;38.9;0.0;22.084;0.5;5.69
1984-09-15;17.9;24.48;31.06;0.0;19.041;2.08;9.17
1984-09-16;18.03;24.68;31.33;0.95;18.093;1.12;24.09
1984-09-17;19.81;25.31;30.81;0.0;15.92;2.7;18.41
1984-09-18;19.96;26.28;32.59;0.0;16.956;1.02;17.96
1984-09-19;21.27;28.46;35.66;0.0;20.441;0.64;16.74
1984-09-20;15.25;22.52;29.8;0.0;25.402;1.95;15.33
1984-09-21;16.15;24.6;33.05;0.0;19.182;1.61;14.21
1984-09-22;15.38;22.91;30.43;0.0;23.007;2.0;13.94
1984-09-23;15.03;21.73;28.44;0.0;23.681;2.6;16.44
1984-09-24;24.09;27.27;30.45;0.0;12.485;1.01;23.81
1984-09-25;19.07;22.86;26.65;0.0;7.57;2.1;41.13
1984-09-26;17.44;21.81;26.18;0.0;3.299;2.4;47.59
1984-09-27;14.39;19.47;24.55;0.0;17.258;2.03;34.69
1984-09-28;14.32;19.54;24.76;0.0;14.581;1.3;33.83
1984-09-29;9.4;13.5;17.59;7.97;13.415;3.93;44.61
1984-09-30;17.08;21.59;26.09;0.0;2.7;1.6;51.22
1984-10-01;15.01;20.09;25.16;0.0;10.867;3.13;38.95
1984-10-02;12.39;19.57;26.75;0.0;18.109;2.66;23.14
1984-10-03;14.13;22.02;29.91;0.0;19.471;1.2;19.82
1984-10-04;15.85;23.32;30.79;0.0;18.797;1.1;19.92
1984-10-05;18.53;23.33;28.13;0.0;18.181;0.43;24.97
1984-10-06;14.58;21.71;28.84;0.0;18.027;0.8;22.69
1984-10-07;13.77;21.48;29.18;0.57;18.301;1.1;17.08
1984-10-08;16.36;24.5;32.64;0.39;16.863;2.6;9.68
1984-10-09;15.55;23.05;30.55;1.9;15.795;2.5;17.07
1984-10-10;15.11;23.82;32.52;0.0;15.827;0.81;19.23
1984-10-11;15.75;23.74;31.74;0.0;16.221;0.9;16.65
1984-10-12;18.06;27.19;36.32;0.0;16.574;0.9;9.32
1984-10-13;17.33;25.56;33.79;3.8;11.598;2.9;9.61
1984-10-14;19.83;24.47;29.11;0.0;15.586;1.5;27.24
1984-10-15;17.32;21.2;25.09;0.0;15.183;2.55;38.53
1984-10-16;13.29;19.63;25.98;0.0;15.968;3.6;25.8
1984-10-17;12.62;19.04;25.45;0.0;16.798;3.11;29.75
1984-10-18;14.03;19.45;24.88;0.0;16.318;3.18;35.54
1984-10-19;14.06;18.77;23.49;0.0;15.115;2.69;38.52
1984-10-20;11.99;17.77;23.55;0.0;14.61;2.19;38.14
1984-10-21;13.18;19.13;25.07;0.0;13.781;4.04;33.71
1984-10-22;12.29;20.03;27.77;0.0;15.513;1.3;19.9
1984-10-23;15.7;22.94;30.18;0.0;16.159;2.41;11.97
1984-10-24;12.55;19.62;26.69;0.0;16.235;1.7;24.93
1984-10-25;18.53;21.63;24.74;0.0;8.845;1.89;40.76
1984-10-26;14.51;18.69;22.87;0.0;4.383;2.49;39.28
1984-10-27;10.95;17.32;23.7;0.0;14.599;2.77;30.27
1984-10-28;11.65;19.59;27.52;0.0;14.514;1.6;20.79
1984-10-29;16.06;23.63;31.2;0.0;15.191;1.99;8.71
1984-10-30;17.54;23.64;29.75;0.0;15.781;1.79;8.31
1984-10-31;16.68;22.89;29.1;0.0;15.03;1.2;11.5
1984-11-01;16.03;21.98;27.92;0.0;15.352;1.1;11.95
1984-11-02;20.08;24.03;27.99;0.0;12.739;0.51;15.03
1984-11-03;14.7;20.63;26.55;2.78;13.312;0.46;19.04
1984-11-04;18.51;23.13;27.75;0.0;14.993;1.32;18.29
1984-11-05;13.44;19.61;25.78;0.0;13.709;1.51;24.21
1984-11-06;8.39;13.65;18.91;0.7;14.412;1.99;42.4
1984-11-07;9.8;15.38;20.95;0.0;14.215;5.07;34.29
1984-11-08;8.04;13.39;18.74;0.0;13.6;5.44;19.16
1984-11-09;8.15;13.81;19.47;0.0;13.396;5.31;18.64
1984-11-10;6.76;14.07;21.39;0.0;13.401;0.83;13.35
1984-11-11;12.5;18.71;24.93;0.0;12.798;2.18;12.77
1984-11-12;11.72;17.04;22.36;7.35;9.099;2.8;22.25
1984-11-13;10.45;15.04;19.62;7.84;9.671;4.58;48.7
1984-11-14;5.81;10.99;16.18;3.92;14.31;1.1;42.6
1984-11-15;10.71;13.5;16.28;8.58;7.145;3.2;61.0
1984-11-16;9.47;13.19;16.91;0.0;12.871;2.21;43.67
1984-11-17;6.31;12.43;18.56;2.74;12.709;4.92;36.12
1984-11-18;11.46;15.56;19.66;2.94;8.173;3.7;50.67
1984-11-19;9.23;16.16;23.08;0.0;11.728;2.12;35.18
1984-11-20;11.04;17.39;23.75;0.0;11.333;1.8;29.73
1984-11-21;8.71;14.79;20.87;0.0;12.092;1.2;34.14
1984-11-22;7.33;13.66;19.98;0.0;13.274;1.9;33.52
1984-11-23;8.03;14.46;20.9;0.0;12.9;0.5;25.19
1984-11-24;7.49;13.52;19.56;0.0;13.273;0.9;29.3
1984-11-25;6.45;12.96;19.48;0.0;9.641;2.5;38.76
1984-11-26;5.35;12.5;19.65;0.0;11.929;1.0;27.5
1984-11-27;6.68;12.7;18.71;0.0;11.617;0.8;20.67
1984-11-28;6.32;11.85;17.37;0.0;10.975;1.01;27.82
1984-11-29;7.17;12.45;17.74;0.0;9.658;2.61;45.97
1984-11-30;7.62;13.44;19.25;0.0;11.633;2.6;37.61
1984-12-01;8.02;13.75;19.49;0.0;11.602;1.01;26.6
1984-12-02;7.33;13.41;19.5;0.0;9.528;0.5;24.13
1984-12-03;7.49;14.03;20.57;0.0;11.134;1.4;17.87
1984-12-04;4.39;10.6;16.81;3.62;13.599;2.71;27.41
1984-12-05;8.61;12.55;16.5;4.69;6.826;1.3;57.92
1984-12-06;6.52;12.09;17.66;0.0;7.269;1.3;46.08
1984-12-07;7.59;13.55;19.51;0.0;8.65;2.52;45.47
1984-12-08;12.18;14.63;17.07;13.89;7.027;5.87;66.47
1984-12-09;10.04;12.84;15.64;10.87;7.201;3.36;76.29
1984-12-10;11.23;14.29;17.35;12.64;4.604;5.58;67.0
1984-12-11;13.12;15.66;18.2;5.49;4.315;5.69;83.72
1984-12-12;11.81;15.3;18.8;2.49;5.575;5.45;57.16
1984-12-13;8.48;12.17;15.86;29.38;8.089;4.77;71.4
1984-12-14;7.61;10.79;13.98;7.39;6.62;2.69;65.83
1984-12-15;10.88;13.53;16.17;0.0;0.0;2.49;57.99
1984-12-16;12.61;14.99;17.37;0.0;4.292;2.93;54.19
1984-12-17;14.43;16.27;18.12;0.0;5.178;0.8;57.91
1984-12-18;11.84;15.55;19.27;0.0;10.68;0.5;54.99
1984-12-19;9.32;15.37;21.42;0.0;9.1;2.74;49.43
1984-12-20;6.58;13.13;19.67;0.0;9.538;0.44;42.78
1984-12-21;6.99;13.47;19.95;0.0;8.827;0.9;43.47
1984-12-22;7.35;13.5;19.66;0.0;8.635;1.78;44.17
1984-12-23;6.27;12.95;19.63;0.0;8.892;1.0;43.52
1984-12-24;7.57;13.61;19.64;0.0;11.362;1.51;37.64
1984-12-25;5.91;12.36;18.81;0.0;9.07;1.13;40.7
1984-12-26;5.51;12.2;18.89;0.0;10.51;1.61;27.78
1984-12-27;5.76;11.97;18.18;0.0;12.004;2.12;27.9
1984-12-28;7.3;12.38;17.47;0.0;9.938;1.92;33.83
1984-12-29;5.46;10.99;16.52;0.0;9.198;1.91;46.06
1984-12-30;5.39;10.96;16.52;0.0;10.085;3.08;46.82
1984-12-31;6.59;12.29;17.98;0.0;12.531;3.31;47.0
