iso-date;tmin;tavg;tmax;precip;globrad;wind;relhumid
1980-01-01;6.38;12.24;18.11;5.51;7.394;0.5;35.81
1980-01-02;8.18;10.32;12.47;2.44;4.258;2.63;68.04
1980-01-03;7.6;10.58;13.56;0.0;5.484;2.61;55.66
1980-01-04;5.86;10.0;14.14;0.0;6.789;1.09;49.27
1980-01-05;5.1;10.27;15.44;0.0;11.339;2.99;34.93
1980-01-06;4.83;10.43;16.03;0.0;11.152;3.32;32.07
1980-01-07;4.44;9.94;15.43;0.0;12.449;2.81;35.71
1980-01-08;4.91;9.63;14.35;1.73;11.683;0.89;47.16
1980-01-09;8.75;10.96;13.16;2.53;2.368;2.82;71.41
1980-01-10;8.44;10.45;12.45;0.0;6.57;2.3;52.74
1980-01-11;2.82;7.23;11.64;0.0;5.556;3.14;44.28
1980-01-12;0.82;5.26;9.7;8.42;6.579;1.99;44.58
1980-01-13;0.73;3.38;6.04;13.42;9.021;3.06;46.92
1980-01-14;-1.05;2.69;6.42;1.18;11.342;2.85;27.83
1980-01-15;1.8;6.01;10.22;0.73;7.31;3.13;40.8
1980-01-16;0.84;4.24;7.63;8.27;7.25;2.7;44.55
1980-01-17;6.05;9.21;12.37;14.43;4.851;1.58;68.19
1980-01-18;7.88;10.78;13.67;12.4;2.0;1.09;71.51
1980-01-19;7.65;10.12;12.58;5.1;3.984;2.06;63.8
1980-01-20;7.49;10.0;12.5;4.54;4.98;2.4;72.4
1980-01-21;5.34;9.9;14.46;0.0;15.264;1.29;49.47
1980-01-22;4.48;9.54;14.59;0.0;12.314;1.18;44.04
1980-01-23;4.91;10.67;16.43;0.0;12.181;0.31;37.22
1980-01-24;5.99;13.09;20.18;0.0;13.008;1.59;32.33
1980-01-25;7.48;14.26;21.03;0.0;12.7;1.61;37.06
1980-01-26;6.96;13.48;20.0;0.0;12.572;2.37;35.88
1980-01-27;7.76;14.5;21.23;0.0;12.994;1.8;38.36
1980-01-28;6.46;11.85;17.24;0.0;8.39;0.8;45.49
1980-01-29;7.72;12.83;17.95;2.1;13.173;1.1;43.68
1980-01-30;7.72;13.43;19.14;0.0;10.925;1.81;43.23
1980-01-31;7.02;12.78;18.54;0.0;12.858;0.39;44.23
1980-02-01;6.75;12.6;18.45;0.24;13.639;0.39;43.21
1980-02-02;8.26;12.07;15.89;2.46;4.466;1.61;63.68
1980-02-03;10.75;12.57;14.4;0.9;9.071;1.89;67.8
1980-02-04;9.72;11.13;12.53;4.4;4.524;1.69;81.63
1980-02-05;7.94;9.7;11.45;19.51;3.599;2.19;83.32
1980-02-06;6.8;8.74;10.69;10.7;4.5;2.27;66.93
1980-02-07;6.3;8.0;9.7;12.84;4.304;2.61;63.21
1980-02-08;2.26;5.17;8.07;2.22;14.08;2.7;38.82
1980-02-09;-0.83;2.59;6.01;27.51;8.359;2.95;55.87
1980-02-10;-0.04;3.45;6.94;0.0;15.032;2.96;23.49
1980-02-11;0.14;4.58;9.01;0.0;14.292;1.61;31.41
1980-02-12;2.32;5.66;8.99;3.42;7.506;0.58;61.47
1980-02-13;6.36;8.0;9.64;11.44;5.969;1.32;75.85
1980-02-14;6.22;8.61;11.0;0.5;7.173;1.9;54.78
1980-02-15;5.8;8.29;10.77;2.34;6.471;1.63;64.49
1980-02-16;2.67;6.53;10.38;0.0;14.716;1.31;31.16
1980-02-17;1.34;6.92;12.5;0.0;14.791;2.64;22.63
1980-02-18;1.86;7.61;13.36;0.0;15.112;2.54;23.06
1980-02-19;4.69;11.2;17.71;0.0;15.253;2.9;20.5
1980-02-20;5.2;10.05;14.91;0.0;9.564;1.8;34.82
1980-02-21;2.43;8.71;14.99;0.0;15.924;1.0;42.08
1980-02-22;4.77;10.63;16.49;0.0;12.223;1.0;50.57
1980-02-23;5.25;10.2;15.14;1.91;11.891;0.69;55.94
1980-02-24;8.49;12.57;16.66;4.67;6.545;1.9;63.95
1980-02-25;9.69;14.8;19.92;0.0;12.716;1.41;34.24
1980-02-26;4.47;9.54;14.61;0.0;15.198;1.8;24.94
1980-02-27;0.88;6.78;12.67;0.0;16.232;1.55;21.75
1980-02-28;0.23;6.83;13.43;0.0;16.348;0.68;25.6
1980-02-29;0.0;0.0;0.0;0.0;0.0;0.0;0.0
1980-03-01;1.99;9.4;16.82;0.0;16.033;0.96;30.59
1980-03-02;5.77;14.74;23.72;0.0;16.609;0.6;34.22
1980-03-03;10.68;17.93;25.17;0.0;17.007;2.0;28.24
1980-03-04;8.52;13.03;17.54;3.24;7.978;1.89;32.05
1980-03-05;10.35;13.11;15.86;5.32;6.1;1.6;79.08
1980-03-06;7.13;10.52;13.91;9.36;5.854;2.89;67.03
1980-03-07;4.33;8.37;12.4;0.0;16.818;2.08;27.01
1980-03-08;0.6;5.08;9.56;0.0;18.789;2.61;18.04
1980-03-09;-1.59;1.87;5.33;13.56;7.76;3.54;36.05
1980-03-10;7.97;10.27;12.57;2.63;6.448;2.09;72.85
1980-03-11;8.33;9.95;11.56;17.89;6.085;0.8;86.76
1980-03-12;6.03;11.55;17.08;0.0;16.362;1.59;43.85
1980-03-13;4.9;10.38;15.85;0.0;13.511;0.71;42.28
1980-03-14;5.92;9.27;12.61;2.13;6.963;0.39;59.36
1980-03-15;0.44;5.02;9.61;0.0;19.722;2.09;18.64
1980-03-16;-1.12;3.77;8.65;0.0;20.312;1.46;18.93
1980-03-17;0.69;6.58;12.48;0.0;19.539;0.89;28.09
1980-03-18;4.89;10.33;15.77;0.0;15.303;1.1;43.83
1980-03-19;2.45;8.6;14.74;0.75;19.039;0.8;35.84
1980-03-20;7.95;15.55;23.16;0.0;20.028;0.4;38.11
1980-03-21;9.91;12.79;15.68;10.92;8.875;2.09;64.76
1980-03-22;5.19;8.03;10.86;17.72;5.712;2.88;65.69
1980-03-23;4.37;7.06;9.75;2.03;18.476;3.09;35.26
1980-03-24;3.57;7.92;12.28;0.0;19.368;2.4;33.76
1980-03-25;3.59;8.62;13.64;0.0;20.113;0.7;36.64
1980-03-26;3.4;8.47;13.54;0.75;13.722;0.6;41.47
1980-03-27;7.28;9.6;11.92;13.7;11.117;1.61;72.09
1980-03-28;4.17;8.22;12.27;2.92;17.681;1.5;41.41
1980-03-29;5.87;11.46;17.04;0.0;14.885;0.61;41.49
1980-03-30;1.24;6.39;11.54;0.8;12.937;0.8;46.13
1980-03-31;8.83;14.16;19.49;2.82;11.621;2.32;31.62
1980-04-01;10.11;13.36;16.61;24.79;4.262;2.41;63.1
1980-04-02;6.79;8.95;11.11;4.2;11.162;2.84;67.74
1980-04-03;6.01;7.64;9.28;16.94;8.264;3.0;65.32
1980-04-04;5.07;7.4;9.73;8.28;6.942;3.12;63.26
1980-04-05;8.24;9.07;9.9;8.21;13.799;2.51;53.89
1980-04-06;4.72;9.35;13.97;0.0;15.613;1.5;51.54
1980-04-07;6.94;12.76;18.57;0.0;22.769;0.71;41.04
1980-04-08;9.19;12.7;16.22;0.25;21.572;2.16;51.19
1980-04-09;8.88;10.32;11.77;6.45;12.02;2.77;67.96
1980-04-10;9.17;13.8;18.42;0.0;20.504;1.49;44.77
1980-04-11;9.9;16.41;22.91;1.54;14.211;3.06;32.98
1980-04-12;11.71;15.56;19.41;0.0;3.698;2.43;54.3
1980-04-13;10.17;14.18;18.18;0.0;2.939;2.94;40.7
1980-04-14;4.94;8.4;11.86;3.07;13.825;1.4;50.26
1980-04-15;5.79;9.8;13.81;4.3;14.819;0.91;47.85
1980-04-16;2.56;9.62;16.67;0.0;24.644;1.0;41.74
1980-04-17;8.62;13.68;18.75;0.0;14.862;0.5;39.97
1980-04-18;10.97;15.95;20.92;1.92;21.763;0.71;41.22
1980-04-19;9.5;12.88;16.27;1.33;20.243;2.55;48.47
1980-04-20;9.69;14.42;19.15;0.0;22.243;1.89;33.58
1980-04-21;8.74;14.04;19.33;0.0;22.887;0.87;32.67
1980-04-22;8.51;14.49;20.47;0.0;23.407;0.31;31.55
1980-04-23;9.34;13.91;18.49;13.2;9.942;2.2;42.02
1980-04-24;10.01;13.98;17.94;0.0;20.671;2.46;58.98
1980-04-25;8.97;14.04;19.11;0.0;23.962;0.81;35.22
1980-04-26;9.88;15.55;21.23;0.0;24.036;0.29;41.51
1980-04-27;11.6;19.84;28.07;0.0;12.647;1.79;21.2
1980-04-28;9.29;15.38;21.48;0.0;28.25;1.5;42.72
1980-04-29;9.26;13.21;17.16;8.06;11.85;0.9;65.93
1980-04-30;10.33;13.33;16.33;8.89;16.321;2.35;69.08
1980-05-01;10.96;12.11;13.26;8.68;10.063;2.9;82.01
1980-05-02;9.86;13.46;17.07;0.0;11.197;2.19;61.57
1980-05-03;6.38;11.76;17.15;0.0;23.767;1.28;47.32
1980-05-04;4.12;12.26;20.4;0.0;26.501;0.59;30.37
1980-05-05;13.09;19.95;26.82;0.0;16.836;0.33;31.5
1980-05-06;3.52;10.97;18.42;0.0;27.055;1.09;50.75
1980-05-07;9.86;17.55;25.25;0.0;24.971;0.46;31.74
1980-05-08;13.14;21.48;29.82;0.0;6.646;0.89;24.97
1980-05-09;10.69;17.0;23.3;0.0;25.672;1.29;29.86
1980-05-10;9.05;15.57;22.09;0.0;26.392;1.38;34.0
1980-05-11;9.57;17.73;25.9;0.0;26.662;0.7;23.36
1980-05-12;14.32;21.43;28.53;0.0;18.835;1.04;22.17
1980-05-13;17.4;20.24;23.09;1.62;9.711;0.79;52.46
1980-05-14;11.28;15.27;19.27;5.04;9.428;2.88;68.64
1980-05-15;11.17;17.77;24.38;0.0;25.338;0.6;32.47
1980-05-16;11.99;19.44;26.89;0.0;24.67;0.44;26.05
1980-05-17;14.05;22.08;30.1;0.0;25.97;0.9;20.54
1980-05-18;15.93;24.11;32.28;0.0;25.918;0.79;18.99
1980-05-19;15.71;24.3;32.88;0.0;25.421;0.59;18.85
1980-05-20;15.26;22.34;29.42;0.0;28.011;1.18;26.36
1980-05-21;14.01;21.98;29.94;0.0;26.898;1.09;27.34
1980-05-22;15.91;23.08;30.25;0.0;27.487;0.99;25.61
1980-05-23;12.62;19.37;26.12;0.0;28.247;0.99;21.95
1980-05-24;12.96;19.97;26.98;0.0;12.236;0.99;25.02
1980-05-25;16.08;21.6;27.12;0.0;24.106;1.29;30.45
1980-05-26;16.03;20.19;24.35;0.65;21.699;2.11;31.31
1980-05-27;13.24;20.36;27.48;0.0;26.052;0.62;24.77
1980-05-28;13.32;20.34;27.35;0.0;28.974;0.7;14.26
1980-05-29;14.94;22.2;29.45;0.0;28.939;0.99;14.09
1980-05-30;15.19;23.89;32.6;0.0;28.236;0.7;13.71
1980-05-31;20.07;27.15;34.23;0.0;26.501;0.75;13.27
1980-06-01;20.39;28.39;36.4;0.0;28.7;0.26;9.7
1980-06-02;19.7;30.09;40.48;0.0;28.912;0.2;6.42
1980-06-03;18.54;25.0;31.47;0.0;21.45;1.59;18.17
1980-06-04;17.02;24.06;31.1;0.0;24.922;1.19;23.73
1980-06-05;15.99;22.91;29.84;0.0;25.208;0.89;26.85
1980-06-06;16.36;23.94;31.52;9.58;29.473;1.7;21.78
1980-06-07;16.0;19.84;23.67;1.3;19.24;1.59;52.08
1980-06-08;13.21;20.02;26.83;0.0;25.485;0.68;21.46
1980-06-09;13.1;21.82;30.54;0.0;28.504;0.6;16.88
1980-06-10;13.45;20.48;27.5;0.0;28.519;0.49;27.2
1980-06-11;11.5;19.27;27.04;0.0;27.361;0.58;31.38
1980-06-12;16.8;21.24;25.68;0.0;23.874;1.8;44.63
1980-06-13;17.44;22.79;28.13;0.0;27.808;1.7;37.07
1980-06-14;17.51;24.04;30.57;0.0;29.076;0.59;28.66
1980-06-15;16.42;22.48;28.54;0.0;28.013;0.89;24.32
1980-06-16;18.13;21.83;25.53;0.0;23.605;2.21;56.53
1980-06-17;17.44;22.83;28.22;0.0;29.914;1.58;18.25
1980-06-18;17.21;22.8;28.4;0.0;31.43;0.93;10.85
1980-06-19;18.9;25.41;31.91;0.0;31.228;1.21;9.35
1980-06-20;18.65;27.36;36.06;0.0;31.238;0.99;9.25
1980-06-21;17.79;27.54;37.3;0.0;30.264;1.29;9.16
1980-06-22;19.47;26.87;34.27;0.0;28.401;1.69;16.29
1980-06-23;19.3;25.93;32.56;0.0;28.89;1.53;27.14
1980-06-24;18.21;24.26;30.31;0.0;25.654;1.89;36.48
1980-06-25;18.64;23.9;29.16;0.0;19.3;2.11;31.84
1980-06-26;18.63;23.91;29.2;0.0;24.621;1.89;35.17
1980-06-27;20.86;24.67;28.49;0.56;24.629;2.11;38.1
1980-06-28;18.48;26.09;33.7;0.0;27.001;1.41;13.83
1980-06-29;23.48;30.72;37.95;0.0;30.379;0.4;8.48
1980-06-30;23.36;30.82;38.29;0.0;29.879;0.99;8.59
1980-07-01;22.61;29.98;37.35;0.0;28.408;0.77;8.89
1980-07-02;22.61;30.03;37.45;8.67;29.117;1.08;9.06
1980-07-03;22.44;30.69;38.93;0.0;29.649;0.58;8.93
1980-07-04;20.39;26.87;33.34;0.0;24.548;1.79;9.95
1980-07-05;22.3;28.9;35.5;0.0;25.658;2.0;19.09
1980-07-06;23.07;28.33;33.59;0.0;24.822;2.29;25.27
1980-07-07;22.72;27.79;32.85;0.0;25.033;2.2;27.06
1980-07-08;21.86;26.55;31.23;0.0;25.943;2.11;28.73
1980-07-09;19.34;23.8;28.25;0.0;24.124;2.19;31.56
1980-07-10;18.69;23.61;28.53;0.0;23.553;1.9;28.51
1980-07-11;17.82;23.52;29.22;0.0;24.851;1.79;24.21
1980-07-12;20.18;26.29;32.4;0.0;26.373;1.7;23.17
1980-07-13;20.03;26.59;33.14;0.0;24.138;1.9;24.25
1980-07-14;19.12;26.05;32.99;0.0;26.029;1.9;18.19
1980-07-15;21.06;26.29;31.51;2.68;27.395;1.9;17.72
1980-07-16;18.5;23.97;29.44;0.0;26.763;2.0;19.82
1980-07-17;19.98;25.13;30.28;0.0;27.515;2.12;23.65
1980-07-18;21.09;28.98;36.87;0.0;27.892;1.27;11.21
1980-07-19;23.91;30.83;37.74;0.0;28.337;0.78;9.69
1980-07-20;23.99;31.52;39.04;0.0;28.56;0.68;8.38
1980-07-21;22.37;31.48;40.58;0.0;29.102;0.9;7.4
1980-07-22;22.5;31.23;39.96;0.0;28.874;0.91;7.39
1980-07-23;23.2;31.32;39.44;0.0;27.577;0.81;8.29
1980-07-24;23.77;31.16;38.56;0.0;26.411;1.19;10.96
1980-07-25;23.57;29.48;35.4;0.0;24.526;2.02;19.34
1980-07-26;22.38;27.91;33.45;0.0;23.709;2.02;23.36
1980-07-27;21.38;26.51;31.64;0.0;26.133;1.71;24.44
1980-07-28;21.56;27.66;33.76;0.0;25.214;1.8;26.27
1980-07-29;21.68;28.78;35.88;0.0;23.553;1.6;23.67
1980-07-30;22.02;30.02;38.02;0.0;25.261;1.45;17.98
1980-07-31;22.52;31.4;40.28;0.0;26.226;1.28;12.58
1980-08-01;22.69;32.88;43.06;0.0;26.819;1.18;9.86
1980-08-02;22.87;33.07;43.27;0.0;27.551;1.1;8.51
1980-08-03;22.78;32.34;41.91;0.0;27.427;1.29;9.01
1980-08-04;25.76;32.66;39.56;0.0;26.137;2.0;11.88
1980-08-05;24.54;29.73;34.93;0.0;23.576;2.09;24.21
1980-08-06;23.68;28.91;34.15;0.0;22.341;2.2;29.22
1980-08-07;22.39;26.12;29.84;0.0;24.557;2.0;24.62
1980-08-08;22.57;28.86;35.15;0.0;22.896;1.9;29.68
1980-08-09;21.76;30.72;39.68;0.0;25.551;1.39;12.5
1980-08-10;23.72;31.02;38.32;0.36;25.422;1.29;18.09
1980-08-11;23.01;28.36;33.7;4.66;20.642;1.39;32.05
1980-08-12;22.43;28.49;34.55;0.0;23.308;1.43;24.94
1980-08-13;21.72;28.46;35.21;0.0;24.348;1.2;23.09
1980-08-14;21.14;28.95;36.76;0.0;24.163;1.4;18.86
1980-08-15;21.35;29.41;37.48;0.0;24.291;1.59;16.46
1980-08-16;22.92;30.15;37.38;0.0;23.658;1.87;18.6
1980-08-17;23.01;29.18;35.35;0.0;23.911;2.2;21.59
1980-08-18;21.86;27.32;32.79;0.0;23.657;2.2;23.39
1980-08-19;21.76;28.74;35.73;0.0;23.051;1.44;22.76
1980-08-20;20.53;29.42;38.31;0.0;23.375;1.18;14.7
1980-08-21;22.82;30.75;38.68;0.0;23.221;1.28;12.76
1980-08-22;23.27;29.8;36.32;0.0;21.635;1.9;19.07
1980-08-23;22.81;29.17;35.53;0.0;23.144;1.59;19.36
1980-08-24;21.47;28.47;35.48;0.0;23.195;1.49;20.13
1980-08-25;20.8;28.44;36.08;0.0;23.545;1.49;18.66
1980-08-26;20.3;28.52;36.73;0.0;24.146;1.36;15.39
1980-08-27;19.91;28.78;37.65;0.0;23.906;1.49;14.73
1980-08-28;21.21;28.93;36.66;0.0;22.714;2.22;19.51
1980-08-29;22.28;28.73;35.18;0.0;21.737;2.38;23.01
1980-08-30;20.01;26.93;33.84;0.0;22.636;1.49;20.24
1980-08-31;20.95;27.24;33.53;0.0;9.3;1.08;28.84
1980-09-01;20.39;27.52;34.66;0.0;21.638;1.49;22.03
1980-09-02;20.47;28.81;37.15;0.0;21.477;1.08;16.05
1980-09-03;20.8;31.75;42.7;0.0;21.736;0.79;9.92
1980-09-04;21.28;32.54;43.8;0.0;21.803;0.7;10.57
1980-09-05;22.61;30.96;39.32;0.0;21.523;1.69;14.76
1980-09-06;23.6;29.57;35.55;0.0;20.915;1.95;25.32
1980-09-07;23.32;29.3;35.28;0.0;20.186;0.79;27.08
1980-09-08;20.01;27.71;35.41;0.0;21.324;0.8;17.02
1980-09-09;19.45;27.49;35.54;0.0;20.928;1.08;18.14
1980-09-10;20.66;27.25;33.84;0.0;20.726;1.78;25.3
1980-09-11;21.04;26.23;31.41;0.0;20.274;2.1;33.49
1980-09-12;21.55;25.52;29.49;0.0;19.206;2.13;39.35
1980-09-13;19.36;24.16;28.95;0.0;20.115;2.29;26.27
1980-09-14;17.75;24.38;31.01;0.0;20.28;0.87;23.6
1980-09-15;18.27;26.59;34.91;0.0;20.172;0.78;12.57
1980-09-16;20.23;27.85;35.48;0.0;19.324;0.99;15.26
1980-09-17;21.02;28.23;35.45;0.0;18.331;1.18;19.52
1980-09-18;23.14;29.55;35.95;0.73;16.54;1.6;16.68
1980-09-19;22.47;28.72;34.98;0.0;18.053;1.6;15.35
1980-09-20;19.77;26.59;33.4;0.0;18.834;0.99;15.05
1980-09-21;18.33;27.15;35.98;0.0;19.384;0.74;14.2
1980-09-22;19.73;28.95;38.16;0.0;19.151;0.7;13.04
1980-09-23;20.11;29.45;38.79;0.0;19.169;0.74;12.49
1980-09-24;19.87;29.59;39.31;0.0;19.212;0.9;11.01
1980-09-25;20.26;29.65;39.04;0.0;19.229;0.6;10.12
1980-09-26;19.41;29.04;38.67;0.0;19.24;0.7;10.58
1980-09-27;19.05;29.27;39.49;0.0;19.211;0.61;9.57
1980-09-28;20.47;31.72;42.98;0.0;19.175;0.7;5.06
1980-09-29;20.46;31.34;42.22;0.0;18.736;0.71;10.15
1980-09-30;19.77;27.83;35.89;0.0;18.215;1.84;17.63
1980-10-01;22.29;30.48;38.68;0.0;17.912;0.81;18.54
1980-10-02;20.98;28.2;35.41;0.0;17.842;1.2;18.76
1980-10-03;20.48;28.22;35.95;0.0;18.848;0.91;16.43
1980-10-04;22.14;28.5;34.85;0.0;12.954;1.87;23.89
1980-10-05;20.02;25.91;31.81;0.0;17.523;1.59;24.2
1980-10-06;18.36;23.3;28.23;0.0;16.614;1.49;35.75
1980-10-07;15.84;22.55;29.25;0.0;17.315;1.29;18.9
1980-10-08;15.0;22.8;30.61;0.0;17.842;1.77;7.49
1980-10-09;16.41;24.47;32.53;0.0;17.114;1.88;8.01
1980-10-10;14.72;22.34;29.95;0.0;16.311;1.77;20.83
1980-10-11;14.73;21.33;27.93;0.0;16.026;1.28;29.73
1980-10-12;14.74;21.52;28.29;0.94;15.808;1.57;25.62
1980-10-13;19.39;25.64;31.9;0.0;14.457;1.69;27.31
1980-10-14;20.24;26.27;32.31;0.0;13.402;1.01;27.53
1980-10-15;19.77;25.98;32.19;0.0;14.505;0.71;28.15
1980-10-16;18.95;26.21;33.47;0.0;16.557;0.2;19.12
1980-10-17;19.7;28.83;37.95;0.0;15.724;0.91;9.08
1980-10-18;17.84;26.1;34.37;0.0;15.267;1.99;15.2
1980-10-19;16.18;21.41;26.65;0.0;15.138;1.88;36.37
1980-10-20;16.26;19.2;22.15;3.56;4.381;1.99;58.37
1980-10-21;13.85;20.82;27.78;0.0;15.012;0.4;19.15
1980-10-22;16.44;25.24;34.05;0.0;14.238;1.31;11.19
1980-10-23;20.74;29.57;38.4;0.0;14.861;1.01;9.18
1980-10-24;18.38;27.18;35.98;0.0;14.494;0.9;9.67
1980-10-25;18.86;28.06;37.26;0.0;13.473;1.71;13.28
1980-10-26;17.49;22.39;27.29;1.12;0.9;1.48;34.46
1980-10-27;19.21;28.8;38.4;0.0;9.637;0.34;17.87
1980-10-28;17.7;24.12;30.53;38.56;8.247;2.28;15.15
1980-10-29;15.68;18.3;20.93;3.92;7.146;1.66;41.26
1980-10-30;13.8;19.5;25.19;0.0;9.359;1.68;25.77
1980-10-31;9.9;16.27;22.65;0.0;13.468;0.47;23.86
1980-11-01;9.64;16.63;23.61;0.0;13.379;0.8;19.85
1980-11-02;10.34;16.65;22.96;0.0;13.047;1.48;18.65
1980-11-03;8.8;15.78;22.75;0.0;13.178;1.47;15.71
1980-11-04;3.36;12.21;21.07;0.0;13.252;1.43;17.59
1980-11-05;6.41;14.46;22.52;0.0;13.008;3.26;14.39
1980-11-06;11.1;15.7;20.29;3.92;11.397;0.41;26.25
1980-11-07;9.43;14.42;19.41;3.81;8.878;1.63;42.85
1980-11-08;8.8;15.13;21.47;0.0;12.478;1.83;33.88
1980-11-09;13.04;17.18;21.33;0.0;5.018;0.6;43.32
1980-11-10;11.01;16.13;21.25;4.9;4.083;1.47;40.33
1980-11-11;9.16;15.41;21.66;6.47;8.923;2.12;34.9
1980-11-12;8.21;14.13;20.04;0.1;10.181;1.12;36.29
1980-11-13;7.1;14.23;21.36;0.0;12.042;1.47;29.35
1980-11-14;8.81;14.73;20.64;0.0;9.92;2.11;38.87
1980-11-15;14.92;18.5;22.09;0.0;4.62;1.84;45.79
1980-11-16;5.43;10.09;14.75;23.42;6.73;3.43;30.76
1980-11-17;5.27;9.68;14.08;0.0;12.293;3.8;16.5
1980-11-18;0.25;4.51;8.77;0.0;12.587;1.79;21.22
1980-11-19;2.18;5.08;7.98;2.9;2.896;3.41;56.45
1980-11-20;4.1;9.43;14.76;0.0;11.941;1.72;31.11
1980-11-21;5.88;11.91;17.94;0.0;8.188;2.27;32.34
1980-11-22;9.04;14.8;20.56;0.0;12.265;2.22;27.26
1980-11-23;7.57;12.34;17.1;5.74;6.182;2.04;39.96
1980-11-24;11.1;14.82;18.54;0.0;4.792;2.15;54.18
1980-11-25;9.34;13.81;18.29;0.0;4.404;0.41;51.68
1980-11-26;8.24;14.86;21.49;0.0;11.1;2.27;27.56
1980-11-27;7.56;13.71;19.87;0.0;10.182;1.32;30.64
1980-11-28;7.16;13.7;20.23;0.0;11.315;1.3;30.47
1980-11-29;6.71;13.27;19.83;0.0;11.854;1.03;34.35
1980-11-30;9.98;14.83;19.68;0.0;9.641;1.42;48.67
1980-12-01;10.97;14.86;18.74;0.56;6.021;2.39;51.82
1980-12-02;6.68;12.19;17.69;3.01;7.6;2.65;40.73
1980-12-03;4.24;9.48;14.72;0.0;10.93;1.74;22.37
1980-12-04;3.48;9.57;15.67;0.0;10.932;1.49;22.59
1980-12-05;5.8;12.82;19.84;0.0;11.298;3.34;22.49
1980-12-06;7.24;12.32;17.4;0.0;9.413;2.39;29.99
1980-12-07;5.35;10.54;15.74;3.73;0.725;2.56;38.08
1980-12-08;6.55;10.96;15.37;1.54;5.822;1.1;56.05
1980-12-09;4.19;9.89;15.59;0.0;9.51;1.29;25.53
1980-12-10;4.39;10.91;17.42;0.0;10.002;2.15;22.45
1980-12-11;5.46;12.63;19.81;0.0;11.105;2.33;21.66
1980-12-12;5.88;12.58;19.28;0.0;10.0;1.6;29.74
1980-12-13;7.28;13.59;19.9;16.66;3.561;2.84;30.4
1980-12-14;7.67;9.0;10.32;11.26;2.02;2.65;76.35
1980-12-15;7.5;8.98;10.47;6.85;1.582;2.74;59.1
1980-12-16;7.15;8.32;9.48;17.2;5.676;2.33;66.7
1980-12-17;3.61;7.04;10.47;0.6;5.919;3.08;40.42
1980-12-18;-0.21;4.59;9.39;0.0;10.046;2.93;20.6
1980-12-19;-2.73;2.6;7.93;0.0;8.167;1.07;27.71
1980-12-20;-0.87;4.33;9.53;0.0;7.754;1.39;31.86
1980-12-21;-1.36;4.88;11.11;0.0;7.423;1.61;36.44
1980-12-22;-0.07;6.64;13.36;0.0;9.679;1.77;37.85
1980-12-23;1.21;7.41;13.61;0.0;9.71;1.09;43.47
1980-12-24;3.4;8.8;14.21;0.0;7.343;2.31;46.37
1980-12-25;8.85;12.61;16.38;0.0;7.987;3.4;45.05
1980-12-26;11.45;14.01;16.57;0.83;5.848;1.86;50.63
1980-12-27;10.07;12.04;14.02;9.5;2.608;2.31;72.54
1980-12-28;8.83;11.13;13.43;7.76;5.54;1.75;75.02
1980-12-29;4.36;7.37;10.37;1.86;2.097;0.56;67.97
1980-12-30;5.41;6.71;8.01;15.9;3.591;2.41;66.53
1980-12-31;4.21;7.8;11.4;30.78;11.387;0.7;43.29
1981-01-01;3.8;6.26;8.72;17.26;3.344;3.13;64.08
1981-01-02;-3.23;1.49;6.2;13.05;6.471;3.15;31.73
1981-01-03;-2.59;2.89;8.37;0.0;9.531;1.17;28.22
1981-01-04;-3.37;1.4;6.17;0.0;6.463;1.78;50.49
1981-01-05;2.99;7.57;12.14;0.0;5.066;2.3;51.22
1981-01-06;2.13;6.88;11.62;0.0;7.799;1.39;47.06
1981-01-07;3.31;7.99;12.66;0.0;6.949;1.78;57.08
1981-01-08;4.48;9.62;14.75;0.0;10.589;1.77;45.33
1981-01-09;3.59;8.45;13.3;0.0;10.237;2.74;36.23
1981-01-10;4.16;8.39;12.62;0.0;5.057;2.58;39.05
1981-01-11;5.65;10.67;15.69;0.0;11.988;2.2;31.55
1981-01-12;5.39;9.31;13.24;0.0;5.28;1.09;51.3
1981-01-13;4.65;8.48;12.32;1.75;3.793;1.0;59.26
1981-01-14;6.71;10.26;13.81;0.0;6.941;2.29;55.15
1981-01-15;7.63;10.44;13.25;0.0;6.877;1.77;49.7
1981-01-16;4.08;8.92;13.76;0.0;9.225;1.58;43.67
1981-01-17;3.67;8.8;13.94;0.0;8.186;2.76;45.23
1981-01-18;2.69;8.63;14.56;0.0;12.594;0.6;40.98
1981-01-19;4.04;10.45;16.86;0.0;11.661;1.48;33.1
1981-01-20;4.52;10.7;16.88;0.0;11.813;1.47;32.78
1981-01-21;3.5;10.21;16.93;0.0;12.321;1.19;32.71
1981-01-22;3.28;9.84;16.39;0.88;12.475;0.4;36.25
1981-01-23;4.4;11.23;18.06;0.0;11.401;0.7;33.49
1981-01-24;4.77;11.6;18.42;0.0;12.055;2.29;28.66
1981-01-25;5.52;12.3;19.09;0.0;12.96;2.3;27.93
1981-01-26;4.95;11.21;17.47;0.0;12.208;2.82;26.08
1981-01-27;4.74;11.29;17.83;0.0;12.979;2.29;24.09
1981-01-28;2.94;10.06;17.18;0.0;12.762;1.35;28.43
1981-01-29;0.66;7.8;14.95;0.24;12.284;0.61;31.3
1981-01-30;3.84;10.34;16.84;0.0;13.1;2.85;23.73
1981-01-31;5.6;11.57;17.54;0.0;12.932;3.3;17.0
1981-02-01;6.2;9.58;12.96;0.96;3.815;1.5;47.33
1981-02-02;6.53;7.99;9.45;7.58;3.0;0.31;90.51
1981-02-03;4.62;7.93;11.24;2.94;7.452;0.91;59.79
1981-02-04;2.82;7.08;11.35;0.0;13.317;1.1;36.3
1981-02-05;0.62;5.35;10.09;0.0;13.535;1.7;26.7
1981-02-06;-2.03;3.48;8.98;2.7;13.423;0.8;32.04
1981-02-07;4.71;7.48;10.26;5.31;7.559;2.03;58.98
1981-02-08;9.0;10.84;12.68;18.94;4.809;2.7;77.95
1981-02-09;8.55;10.73;12.91;0.0;8.929;2.4;45.18
1981-02-10;8.05;12.1;16.14;4.3;7.138;1.99;49.13
1981-02-11;9.2;12.83;16.46;1.78;4.76;0.26;69.33
1981-02-12;6.8;12.84;18.88;1.76;11.437;1.29;32.22
1981-02-13;6.33;10.43;14.53;3.35;7.36;1.41;52.16
1981-02-14;5.74;7.41;9.07;11.02;2.314;0.8;72.33
1981-02-15;5.52;7.11;8.7;11.6;2.144;1.1;85.01
1981-02-16;3.99;7.9;11.8;5.29;11.038;1.1;50.97
1981-02-17;4.68;7.83;10.99;4.4;6.633;0.8;53.56
1981-02-18;1.62;6.34;11.06;0.0;15.194;1.41;24.6
1981-02-19;-0.25;5.0;10.26;0.0;15.415;0.9;27.94
1981-02-20;-0.36;5.82;11.99;0.0;15.194;0.7;33.22
1981-02-21;0.65;6.2;11.75;0.0;15.696;0.73;30.88
1981-02-22;-0.29;6.41;13.11;0.0;15.797;0.78;30.18
1981-02-23;-0.11;7.13;14.37;0.0;16.784;1.3;25.32
1981-02-24;3.69;10.38;17.08;0.0;16.223;1.3;22.03
1981-02-25;7.84;11.04;14.25;3.78;13.248;1.8;56.38
1981-02-26;8.17;10.82;13.46;4.23;6.878;2.1;71.04
1981-02-27;8.02;11.14;14.26;5.87;6.178;1.5;80.58
1981-02-28;7.55;11.9;16.25;2.1;16.946;1.8;44.52
1981-03-01;3.9;9.31;14.72;0.0;16.743;2.31;34.62
1981-03-02;2.12;8.76;15.4;0.0;17.183;0.69;32.44
1981-03-03;1.72;8.2;14.68;11.02;11.68;2.71;35.78
1981-03-04;9.75;13.19;16.62;18.6;6.572;2.31;67.8
1981-03-05;8.12;12.54;16.97;6.11;7.968;2.61;57.52
1981-03-06;7.13;13.53;19.93;0.0;17.391;1.5;43.96
1981-03-07;8.6;15.7;22.8;0.0;17.48;1.21;35.73
1981-03-08;5.34;11.61;17.87;0.0;16.282;0.59;32.86
1981-03-09;6.63;12.08;17.53;0.0;17.037;1.19;26.5
1981-03-10;6.63;12.81;19.0;0.0;17.781;2.6;20.99
1981-03-11;8.12;12.82;17.53;0.5;9.269;1.79;27.63
1981-03-12;9.13;11.43;13.72;3.29;9.04;1.65;70.58
1981-03-13;9.05;11.09;13.13;11.82;5.132;1.42;75.91
1981-03-14;8.75;10.64;12.54;16.36;9.1;2.09;67.76
1981-03-15;9.12;11.79;14.45;0.0;10.028;1.59;52.18
1981-03-16;8.22;10.35;12.47;1.38;7.875;2.16;54.27
1981-03-17;-0.93;3.8;8.54;1.0;21.052;3.03;33.69
1981-03-18;1.61;7.46;13.3;0.0;19.515;0.4;30.4
1981-03-19;5.91;12.84;19.76;0.0;19.322;1.0;24.99
1981-03-20;9.74;13.36;16.97;3.55;6.46;1.61;42.12
1981-03-21;8.04;9.75;11.47;17.75;4.883;2.19;70.42
1981-03-22;2.23;6.54;10.86;0.0;19.615;2.0;35.88
1981-03-23;3.0;7.78;12.55;0.0;20.203;0.86;31.69
1981-03-24;4.5;9.66;14.81;0.0;13.755;0.9;42.48
1981-03-25;4.07;10.31;16.56;0.0;18.398;0.73;36.9
1981-03-26;2.63;8.9;15.17;1.36;19.642;1.09;37.74
1981-03-27;5.42;13.03;20.64;0.0;21.187;0.49;31.56
1981-03-28;8.45;17.8;27.15;0.0;21.881;0.7;28.09
1981-03-29;12.11;20.8;29.5;0.0;19.928;0.5;24.06
1981-03-30;14.21;24.22;34.23;0.0;16.526;0.9;21.45
1981-03-31;11.45;16.96;22.48;7.54;12.834;2.87;25.69
1981-04-01;9.93;12.95;15.96;3.62;15.21;2.49;48.08
1981-04-02;9.43;13.89;18.36;0.0;14.127;1.51;49.53
1981-04-03;8.54;14.11;19.68;0.0;22.243;1.0;36.76
1981-04-04;6.48;12.53;18.57;0.0;21.095;1.5;39.17
1981-04-05;6.32;13.0;19.67;0.0;21.448;0.85;26.29
1981-04-06;9.57;16.47;23.37;0.0;21.748;1.4;21.01
1981-04-07;11.57;19.8;28.03;0.0;23.735;1.4;18.0
1981-04-08;11.57;21.3;31.03;0.0;21.883;1.3;16.82
1981-04-09;16.18;24.95;33.71;0.0;23.041;1.9;14.15
1981-04-10;15.67;22.35;29.03;33.35;18.603;2.73;16.3
1981-04-11;11.37;17.07;22.76;1.44;17.222;0.89;50.13
1981-04-12;10.52;13.37;16.21;1.54;16.262;2.08;49.61
1981-04-13;10.58;14.39;18.19;0.0;15.66;2.0;49.68
1981-04-14;9.19;14.04;18.89;0.0;16.397;1.1;43.53
1981-04-15;8.4;15.07;21.74;0.0;24.483;1.1;33.25
1981-04-16;15.06;23.4;31.74;0.0;9.12;0.6;20.63
1981-04-17;19.95;25.58;31.21;0.0;2.887;2.43;25.14
1981-04-18;10.58;17.82;25.07;0.0;22.749;1.84;29.56
1981-04-19;10.62;17.91;25.2;0.0;23.475;0.9;18.1
1981-04-20;10.69;20.05;29.41;0.0;23.23;0.71;16.33
1981-04-21;13.15;22.77;32.39;0.0;21.65;0.79;16.87
1981-04-22;17.4;26.38;35.36;0.0;24.7;1.0;13.06
1981-04-23;20.11;28.56;37.01;0.0;15.055;2.0;9.79
1981-04-24;13.86;19.95;26.04;0.0;24.599;1.69;22.25
1981-04-25;11.47;17.69;23.91;0.0;25.077;1.6;26.64
1981-04-26;10.35;18.29;26.24;0.0;23.44;1.4;19.93
1981-04-27;11.12;19.2;27.28;0.0;23.477;1.3;20.07
1981-04-28;11.59;20.74;29.9;0.0;23.338;0.4;20.06
1981-04-29;14.52;23.88;33.25;0.0;23.527;0.9;13.51
1981-04-30;14.89;25.34;35.79;0.0;23.568;0.79;10.74
1981-05-01;18.12;27.07;36.02;0.0;23.79;0.9;9.0
1981-05-02;16.72;26.52;36.31;0.0;24.277;0.89;11.36
1981-05-03;19.2;26.89;34.58;0.0;6.369;1.49;13.06
1981-05-04;14.42;20.29;26.16;0.0;24.661;1.78;23.36
1981-05-05;12.66;18.45;24.24;0.0;25.573;1.6;31.66
1981-05-06;12.6;18.24;23.88;0.0;23.999;1.78;33.4
1981-05-07;11.73;17.81;23.89;0.0;25.975;1.78;32.06
1981-05-08;13.65;19.66;25.68;0.0;21.775;1.59;33.97
1981-05-09;13.07;18.69;24.3;6.77;20.527;1.48;28.98
1981-05-10;11.18;18.5;25.82;0.0;26.403;1.18;14.36
1981-05-11;11.69;20.68;29.66;0.0;27.255;0.79;13.58
1981-05-12;14.28;24.77;35.25;0.0;25.327;0.71;12.65
1981-05-13;18.97;28.3;37.64;0.0;24.789;0.59;11.41
1981-05-14;22.11;30.87;39.63;0.0;24.593;0.44;10.95
1981-05-15;22.15;33.05;43.96;0.0;25.696;0.69;7.21
1981-05-16;20.38;32.41;44.43;0.0;26.965;0.29;4.13
1981-05-17;19.08;30.84;42.6;0.0;27.225;0.54;3.58
1981-05-18;17.13;27.48;37.82;0.0;29.638;0.82;9.13
1981-05-19;15.71;26.55;37.38;0.0;27.7;0.52;11.21
1981-05-20;16.62;25.7;34.77;4.09;23.192;1.19;11.14
1981-05-21;16.78;23.5;30.22;1.72;18.56;2.63;22.65
1981-05-22;14.93;23.02;31.11;0.0;28.051;1.09;22.3
1981-05-23;14.01;23.01;32.01;0.0;27.908;1.09;19.6
1981-05-24;15.65;22.84;30.03;0.0;25.682;1.49;26.95
1981-05-25;17.69;26.61;35.53;0.0;24.305;0.6;20.94
1981-05-26;17.04;30.07;43.1;0.0;28.744;0.32;6.69
1981-05-27;21.94;32.62;43.29;0.0;28.109;0.34;3.04
1981-05-28;21.62;32.65;43.68;0.0;27.608;0.53;2.85
1981-05-29;20.92;30.45;39.98;0.0;27.424;2.02;10.87
1981-05-30;19.6;26.11;32.61;0.0;25.394;1.69;27.61
1981-05-31;19.33;25.8;32.27;0.0;23.204;1.5;30.11
1981-06-01;18.72;25.97;33.23;0.0;25.871;1.18;26.47
1981-06-02;18.17;26.93;35.68;0.0;28.502;0.9;20.98
1981-06-03;19.28;27.29;35.3;0.0;26.4;1.15;21.38
1981-06-04;19.09;26.42;33.76;0.0;27.108;1.67;18.8
1981-06-05;18.39;27.14;35.88;0.0;26.679;1.59;13.73
1981-06-06;20.01;27.78;35.55;0.0;28.17;1.88;14.41
1981-06-07;20.93;27.71;34.5;0.0;28.018;2.13;16.85
1981-06-08;19.67;27.16;34.65;0.0;28.548;2.12;15.68
1981-06-09;20.52;26.78;33.04;0.0;24.274;2.23;20.74
1981-06-10;20.38;27.53;34.68;0.0;28.222;2.03;16.6
1981-06-11;20.49;28.03;35.58;0.0;27.028;2.0;16.09
1981-06-12;20.68;27.75;34.82;0.0;25.166;1.59;16.7
1981-06-13;19.57;25.37;31.16;0.0;27.164;2.01;18.62
1981-06-14;18.76;24.14;29.52;0.0;25.685;1.8;33.57
1981-06-15;18.23;26.04;33.84;0.0;29.324;0.2;18.26
1981-06-16;17.11;26.46;35.81;0.0;31.053;0.89;14.27
1981-06-17;17.35;26.52;35.69;0.0;30.992;1.58;16.2
1981-06-18;19.39;27.65;35.91;0.0;29.1;1.49;17.56
1981-06-19;19.26;27.56;35.87;0.0;29.88;1.29;14.06
1981-06-20;22.14;28.46;34.79;0.0;30.411;1.09;10.39
1981-06-21;21.91;28.4;34.89;0.0;31.529;0.82;9.23
1981-06-22;21.95;29.6;37.26;0.0;31.088;0.59;8.97
1981-06-23;22.0;30.9;39.8;0.0;31.237;0.58;6.22
1981-06-24;22.47;31.54;40.62;0.0;31.572;0.46;3.78
1981-06-25;20.59;30.59;40.58;0.0;31.529;0.77;7.47
1981-06-26;20.65;29.2;37.74;0.0;30.539;1.58;12.01
1981-06-27;19.37;28.05;36.74;0.0;30.407;0.94;16.66
1981-06-28;18.02;27.12;36.21;0.0;30.397;0.88;14.18
1981-06-29;18.71;28.41;38.1;0.0;30.856;1.27;10.37
1981-06-30;19.3;29.23;39.17;0.0;31.051;1.38;9.37
1981-07-01;20.79;29.85;38.91;0.0;30.334;1.44;9.31
1981-07-02;22.36;30.29;38.22;0.0;30.033;1.18;10.58
1981-07-03;21.06;29.3;37.53;0.0;29.429;1.18;13.66
1981-07-04;20.21;28.61;37.01;0.0;29.035;1.18;14.25
1981-07-05;20.43;28.91;37.39;0.0;29.158;1.18;10.68
1981-07-06;19.86;28.79;37.73;0.0;29.76;1.28;9.08
1981-07-07;21.07;30.0;38.93;0.0;29.257;1.39;10.08
1981-07-08;21.61;30.62;39.63;0.0;29.592;1.18;9.28
1981-07-09;21.61;30.8;40.0;0.0;29.911;1.08;7.41
1981-07-10;21.79;28.64;35.49;0.0;24.634;1.49;6.63
1981-07-11;22.27;29.0;35.73;0.0;24.888;1.9;10.06
1981-07-12;23.26;31.38;39.49;0.0;29.169;1.79;12.27
1981-07-13;22.26;28.73;35.19;0.0;25.405;2.46;16.79
1981-07-14;22.41;27.95;33.48;0.0;25.173;2.46;18.84
1981-07-15;21.71;27.73;33.74;0.0;27.276;2.2;18.67
1981-07-16;21.15;27.58;34.01;0.0;25.935;2.1;19.35
1981-07-17;21.38;27.84;34.3;0.0;25.531;2.0;17.37
1981-07-18;23.09;28.54;33.99;0.0;22.371;1.5;18.23
1981-07-19;20.9;28.73;36.57;0.0;29.071;1.27;10.06
1981-07-20;21.28;29.14;36.99;0.0;29.948;1.62;5.54
1981-07-21;19.49;28.62;37.75;0.0;29.574;1.29;8.74
1981-07-22;21.29;29.91;38.52;0.0;29.222;1.09;10.59
1981-07-23;21.4;30.31;39.23;0.0;29.129;1.1;10.97
1981-07-24;20.62;30.24;39.87;0.0;29.175;1.29;10.6
1981-07-25;22.91;30.53;38.16;0.0;26.877;1.39;13.05
1981-07-26;23.04;29.29;35.53;0.0;22.779;1.81;18.7
1981-07-27;21.9;28.28;34.66;0.0;24.585;1.71;21.37
1981-07-28;20.89;26.71;32.54;0.0;23.444;1.91;29.42
1981-07-29;23.86;29.82;35.77;0.0;22.838;2.0;26.96
1981-07-30;23.46;30.17;36.88;0.0;24.746;1.61;20.05
1981-07-31;23.62;31.42;39.22;0.0;27.862;1.5;12.88
1981-08-01;22.76;31.91;41.07;0.0;26.968;1.18;11.48
1981-08-02;24.7;30.63;36.56;0.0;25.684;2.09;19.58
1981-08-03;24.19;28.71;33.23;0.0;21.756;2.03;37.67
1981-08-04;22.23;27.32;32.41;0.0;21.928;2.19;34.18
1981-08-05;20.47;24.57;28.67;0.0;23.355;1.5;27.02
1981-08-06;20.01;23.84;27.67;0.0;23.395;1.59;23.06
1981-08-07;20.86;27.32;33.78;0.0;25.276;1.39;17.48
1981-08-08;20.59;28.47;36.34;0.0;25.436;1.6;14.36
1981-08-09;21.64;30.48;39.33;0.0;26.44;1.49;12.5
1981-08-10;22.18;30.52;38.87;0.0;26.794;1.8;13.39
1981-08-11;22.72;31.25;39.78;0.0;26.093;1.39;12.96
1981-08-12;22.62;30.5;38.38;0.0;25.119;1.29;16.45
1981-08-13;23.36;29.85;36.34;0.0;23.85;1.73;23.05
1981-08-14;23.37;29.36;35.35;0.0;22.88;1.8;26.26
1981-08-15;22.62;28.63;34.63;0.0;22.123;1.8;26.02
1981-08-16;21.96;28.61;35.26;0.0;23.655;1.49;17.57
1981-08-17;21.15;28.59;36.02;0.0;24.285;1.64;13.19
1981-08-18;22.74;28.65;34.56;0.0;22.277;1.76;24.18
1981-08-19;22.48;28.62;34.75;0.0;22.019;1.59;24.94
1981-08-20;22.24;29.12;36.0;4.08;23.344;1.49;23.3
1981-08-21;22.76;28.88;34.99;0.0;22.147;0.91;28.08
1981-08-22;22.37;28.28;34.19;0.0;20.306;1.67;38.26
1981-08-23;22.98;29.09;35.19;0.0;22.857;1.91;24.58
1981-08-24;21.66;26.87;32.07;0.0;23.376;1.9;23.62
1981-08-25;21.21;26.55;31.88;0.0;22.553;1.91;26.42
1981-08-26;21.76;27.23;32.69;0.0;21.645;2.1;33.55
1981-08-27;24.57;28.52;32.48;0.0;20.225;2.0;36.74
1981-08-28;21.51;26.57;31.63;0.0;20.813;1.8;32.32
1981-08-29;21.06;26.34;31.63;0.0;20.057;1.49;33.81
1981-08-30;20.78;26.46;32.13;0.0;21.178;1.29;26.53
1981-08-31;19.62;27.46;35.3;0.0;22.048;0.99;19.93
1981-09-01;19.66;27.87;36.08;0.0;21.159;1.18;17.57
1981-09-02;21.06;27.81;34.56;0.0;21.977;1.59;21.53
1981-09-03;21.41;27.63;33.85;0.0;21.908;1.8;27.88
1981-09-04;22.07;29.12;36.17;0.0;21.623;1.98;22.08
1981-09-05;20.32;28.26;36.2;0.0;21.516;1.18;14.38
1981-09-06;19.58;28.3;37.03;0.0;21.724;0.79;12.57
1981-09-07;20.44;29.64;38.84;0.0;20.923;1.39;15.53
1981-09-08;23.06;30.46;37.86;0.0;20.923;2.0;17.9
1981-09-09;22.69;28.23;33.76;0.0;20.621;2.12;31.42
1981-09-10;23.24;29.7;36.16;0.0;19.121;2.0;26.14
1981-09-11;20.47;29.5;38.52;0.0;21.013;1.49;11.78
1981-09-12;23.51;32.54;41.56;0.0;20.688;1.39;8.03
1981-09-13;23.44;32.34;41.24;0.0;20.71;0.69;8.55
1981-09-14;22.79;31.12;39.45;0.0;20.736;0.99;12.07
1981-09-15;20.47;29.52;38.56;0.0;20.652;0.78;13.21
1981-09-16;19.77;29.23;38.7;0.0;20.428;0.69;11.56
1981-09-17;19.8;30.23;40.67;0.0;19.262;0.69;10.19
1981-09-18;25.9;34.05;42.2;0.0;15.981;0.33;11.89
1981-09-19;23.6;28.98;34.35;0.0;17.497;1.6;28.39
1981-09-20;22.97;27.16;31.36;0.0;16.253;1.9;35.45
1981-09-21;20.36;27.74;35.12;0.0;18.856;0.99;16.68
1981-09-22;18.95;27.61;36.27;0.0;19.925;0.47;12.43
1981-09-23;18.88;27.5;36.12;0.0;19.614;1.11;15.23
1981-09-24;22.38;28.53;34.68;0.0;18.192;1.68;28.57
1981-09-25;22.42;27.69;32.95;0.0;17.988;1.49;33.03
1981-09-26;19.98;25.73;31.48;0.0;17.593;1.29;31.84
1981-09-27;18.27;24.63;31.0;0.0;18.676;1.01;31.31
1981-09-28;21.03;26.73;32.42;0.0;17.313;1.21;31.34
1981-09-29;19.04;23.02;27.01;0.7;17.789;2.11;39.8
1981-09-30;20.11;25.59;31.06;0.0;12.384;2.13;28.71
1981-10-01;17.79;23.87;29.95;0.0;17.08;1.3;24.57
1981-10-02;18.34;24.34;30.34;0.0;15.847;1.2;29.52
1981-10-03;15.64;22.08;28.52;0.0;16.997;1.29;27.61
1981-10-04;14.83;22.05;29.26;0.0;17.576;1.61;23.66
1981-10-05;14.37;22.7;31.04;0.0;18.204;1.24;11.87
1981-10-06;16.15;24.48;32.82;0.0;17.96;1.88;9.97
1981-10-07;17.5;26.04;34.58;0.0;17.048;2.7;12.53
1981-10-08;20.3;26.8;33.3;0.0;16.674;1.48;14.62
1981-10-09;17.76;25.86;33.95;0.0;16.558;2.4;13.98
1981-10-10;18.78;25.77;32.75;0.0;15.629;1.33;23.78
1981-10-11;19.37;25.72;32.06;0.0;15.258;1.77;27.7
1981-10-12;17.45;21.2;24.95;5.63;10.58;2.47;53.12
1981-10-13;14.97;21.32;27.66;0.0;16.495;2.09;13.28
1981-10-14;13.04;20.13;27.22;0.0;16.524;1.4;12.78
1981-10-15;13.85;21.16;28.48;0.0;16.168;1.41;12.48
1981-10-16;12.98;21.45;29.93;0.0;16.095;0.72;11.4
1981-10-17;13.12;22.12;31.12;0.0;16.062;0.81;11.11
1981-10-18;12.45;20.36;28.27;0.0;15.136;1.76;24.52
1981-10-19;11.72;18.12;24.51;1.5;14.989;1.69;34.84
1981-10-20;14.9;17.05;19.21;11.49;3.564;0.93;66.16
1981-10-21;13.45;15.07;16.7;10.72;8.424;2.16;61.92
1981-10-22;9.45;12.33;15.21;10.09;1.787;1.58;76.09
1981-10-23;6.38;12.12;17.86;0.0;14.498;0.8;36.94
1981-10-24;10.97;17.05;23.14;0.0;13.186;0.4;36.89
1981-10-25;9.56;16.27;22.98;0.0;14.545;0.6;31.16
1981-10-26;10.33;17.79;25.25;0.0;13.843;0.7;27.89
1981-10-27;10.4;17.38;24.35;4.27;14.236;1.98;19.54
1981-10-28;13.73;18.75;23.77;12.23;12.965;1.33;27.15
1981-10-29;13.27;18.86;24.44;0.0;12.831;1.37;28.9
1981-10-30;9.55;14.97;20.4;0.0;13.529;3.1;19.44
1981-10-31;7.72;13.59;19.47;0.0;13.56;2.41;24.08
1981-11-01;4.95;10.22;15.49;8.97;8.062;3.16;43.24
1981-11-02;12.84;15.38;17.93;0.0;4.799;0.2;62.42
1981-11-03;13.75;16.6;19.45;1.27;4.27;1.3;63.69
1981-11-04;13.42;15.64;17.86;7.56;4.567;0.7;75.86
1981-11-05;10.79;15.36;19.93;3.65;10.672;1.23;56.63
1981-11-06;11.5;15.31;19.13;10.23;3.425;2.24;57.18
1981-11-07;12.53;14.77;17.0;14.38;4.104;1.82;67.89
1981-11-08;9.97;12.77;15.56;7.17;7.596;2.7;58.37
1981-11-09;5.85;9.96;14.06;0.0;12.7;3.38;23.98
1981-11-10;4.05;8.39;12.73;0.0;12.919;2.04;22.3
1981-11-11;4.24;9.61;14.98;0.0;12.472;0.61;25.39
1981-11-12;4.72;11.1;17.48;0.0;12.587;0.7;28.71
1981-11-13;5.88;12.2;18.51;0.0;11.224;1.43;27.78
1981-11-14;6.62;12.75;18.87;0.0;6.854;0.81;45.78
1981-11-15;7.42;13.88;20.33;0.0;12.679;1.82;29.13
1981-11-16;10.28;17.13;23.97;0.0;13.333;3.15;22.14
1981-11-17;12.18;18.33;24.48;0.0;12.874;2.92;20.18
1981-11-18;10.96;16.44;21.92;1.99;6.077;1.93;30.88
1981-11-19;9.89;14.38;18.88;0.0;8.577;1.72;50.73
1981-11-20;11.99;16.43;20.88;0.0;4.375;2.55;63.82
1981-11-21;7.63;13.72;19.82;0.0;11.842;2.34;25.56
1981-11-22;5.67;11.71;17.75;0.0;11.677;2.12;21.88
1981-11-23;5.13;11.41;17.69;0.0;11.407;2.69;21.65
1981-11-24;4.77;12.13;19.48;0.0;12.0;3.28;19.49
1981-11-25;7.75;13.63;19.52;0.0;6.254;1.33;30.78
1981-11-26;8.42;14.66;20.89;0.0;7.144;1.62;40.21
1981-11-27;6.76;13.08;19.4;0.0;11.366;0.2;38.6
1981-11-28;10.15;16.64;23.12;0.0;11.625;2.25;28.51
1981-11-29;9.96;16.38;22.81;0.0;11.184;2.26;28.53
1981-11-30;9.81;16.23;22.64;0.0;11.401;1.63;28.42
1981-12-01;8.49;15.45;22.41;0.0;11.667;1.02;26.81
1981-12-02;7.35;14.63;21.9;0.0;11.146;1.22;26.87
1981-12-03;6.63;13.54;20.46;0.0;10.165;1.52;30.08
1981-12-04;8.91;14.37;19.82;0.0;7.299;2.32;45.07
1981-12-05;7.35;11.97;16.59;0.0;4.31;0.54;50.51
1981-12-06;7.24;13.09;18.93;0.0;8.24;0.56;40.29
1981-12-07;5.84;12.31;18.78;0.91;9.041;0.57;32.24
1981-12-08;6.17;12.74;19.31;0.0;9.322;1.87;27.69
1981-12-09;6.24;12.66;19.07;0.0;8.943;3.07;23.78
1981-12-10;6.59;12.79;18.98;0.0;10.223;3.71;15.3
1981-12-11;5.54;12.07;18.61;0.0;10.1;3.39;14.65
1981-12-12;4.01;10.11;16.22;0.0;8.576;2.1;23.21
1981-12-13;3.68;9.52;15.35;0.0;8.46;1.99;25.17
1981-12-14;2.6;8.45;14.3;0.0;9.143;2.23;25.12
1981-12-15;1.36;7.71;14.06;0.0;9.397;1.69;26.87
1981-12-16;0.42;7.02;13.62;0.0;9.133;1.4;29.15
1981-12-17;2.36;8.01;13.65;0.0;8.673;2.0;24.45
1981-12-18;1.15;7.06;12.97;0.0;8.872;2.1;30.84
1981-12-19;6.66;10.07;13.47;12.55;3.537;2.71;61.77
1981-12-20;3.05;8.47;13.89;0.0;7.482;3.12;23.43
1981-12-21;-1.22;4.25;9.72;0.0;9.129;1.14;27.14
1981-12-22;-1.95;5.08;12.12;0.0;7.703;2.08;33.87
1981-12-23;-0.48;6.16;12.8;0.0;7.417;0.99;36.22
1981-12-24;0.02;6.87;13.71;0.0;6.918;1.85;33.04
1981-12-25;1.78;8.03;14.28;0.0;7.055;2.2;30.43
1981-12-26;2.36;8.21;14.05;0.0;7.259;1.58;34.07
1981-12-27;1.3;6.54;11.79;8.11;6.944;1.0;47.81
1981-12-28;2.63;3.75;4.87;8.53;1.489;1.87;67.7
1981-12-29;3.63;6.53;9.43;2.94;5.088;1.98;42.44
1981-12-30;3.49;7.26;11.03;0.0;9.388;2.2;24.25
1981-12-31;0.63;6.83;13.04;0.0;10.225;2.2;39.29
1982-01-01;2.38;7.67;12.96;0.0;8.301;1.25;44.22
1982-01-02;2.53;7.87;13.21;0.0;11.124;1.89;37.16
1982-01-03;1.63;7.57;13.52;0.0;9.468;2.0;32.79
1982-01-04;0.36;6.4;12.45;0.0;9.522;1.5;31.76
1982-01-05;0.56;6.58;12.6;0.0;10.644;1.79;30.4
1982-01-06;1.43;7.38;13.34;0.0;10.825;1.88;31.58
1982-01-07;2.38;8.29;14.21;0.0;11.307;2.4;30.19
1982-01-08;4.56;8.99;13.42;0.0;6.639;3.09;27.59
1982-01-09;1.37;5.84;10.31;0.0;10.054;2.4;14.41
1982-01-10;-0.5;4.45;9.39;0.0;10.695;1.99;12.19
1982-01-11;-0.82;4.6;10.02;0.0;10.594;2.7;14.32
1982-01-12;1.08;6.48;11.88;0.0;5.118;3.69;14.17
1982-01-13;2.38;7.29;12.21;17.6;5.749;1.49;40.78
1982-01-14;5.9;9.14;12.38;2.74;5.599;0.24;64.2
1982-01-15;1.51;7.29;13.08;0.0;11.321;0.9;39.13
1982-01-16;-0.84;6.0;12.83;0.0;11.668;1.76;20.51
1982-01-17;-0.07;5.38;10.84;0.0;11.663;2.08;16.27
1982-01-18;-0.24;5.16;10.56;0.0;11.998;3.04;16.47
1982-01-19;0.33;6.0;11.67;0.0;11.661;3.01;15.16
1982-01-20;-0.48;6.43;13.34;0.0;11.759;2.4;16.1
1982-01-21;0.18;7.71;15.23;0.0;7.296;2.07;18.22
1982-01-22;5.52;10.31;15.1;12.4;4.235;0.6;44.62
1982-01-23;7.77;12.62;17.46;1.6;7.422;2.72;42.5
1982-01-24;8.64;11.44;14.23;0.36;5.388;2.1;56.71
1982-01-25;7.03;9.59;12.15;5.15;7.237;1.7;68.28
1982-01-26;3.47;8.33;13.19;1.89;8.644;1.04;46.05
1982-01-27;0.66;5.99;11.32;1.83;8.2;0.8;40.73
1982-01-28;-0.03;5.23;10.48;4.58;8.825;0.51;40.04
1982-01-29;-1.34;4.84;11.03;0.0;12.226;1.3;28.7
1982-01-30;0.62;6.52;12.43;0.0;12.602;2.0;39.75
1982-01-31;8.21;11.0;13.78;2.68;6.047;2.5;69.29
1982-02-01;11.12;12.53;13.94;2.71;5.441;2.79;75.75
1982-02-02;10.56;11.95;13.33;1.69;4.466;1.7;82.48
1982-02-03;9.71;11.75;13.78;1.9;4.698;1.6;74.44
1982-02-04;4.65;9.73;14.82;6.53;5.687;2.0;59.41
1982-02-05;1.8;8.32;14.85;0.25;13.3;1.1;28.21
1982-02-06;5.95;11.19;16.42;0.0;12.924;2.95;39.66
1982-02-07;9.92;12.2;14.48;1.9;6.58;2.39;65.7
1982-02-08;8.46;10.45;12.43;17.34;5.251;2.4;82.01
1982-02-09;2.34;6.47;10.6;0.0;14.241;1.99;30.26
1982-02-10;-1.41;3.83;9.08;0.0;14.201;1.19;22.9
1982-02-11;2.16;7.95;13.73;0.0;13.114;1.8;39.84
1982-02-12;0.1;7.27;14.45;0.25;14.494;1.1;27.48
1982-02-13;2.86;10.13;17.4;0.0;15.981;2.49;13.96
1982-02-14;1.15;8.78;16.41;0.0;14.222;2.11;21.81
1982-02-15;0.49;7.75;15.0;0.0;14.306;1.0;36.31
1982-02-16;3.86;11.89;19.93;0.0;15.149;1.82;21.74
1982-02-17;8.34;12.04;15.75;0.7;13.969;1.41;49.42
1982-02-18;8.16;10.53;12.9;3.34;10.471;2.01;44.79
1982-02-19;6.59;9.97;13.36;0.0;6.75;0.69;37.98
1982-02-20;5.97;8.07;10.17;5.68;5.367;0.9;67.14
1982-02-21;8.95;11.22;13.49;5.29;7.848;1.9;64.38
1982-02-22;8.8;10.69;12.58;6.38;3.771;1.03;84.39
1982-02-23;6.2;10.9;15.6;8.42;3.521;2.0;42.08
1982-02-24;8.72;11.07;13.43;3.38;6.598;1.42;62.88
1982-02-25;8.38;10.82;13.27;2.7;8.151;1.97;66.2
1982-02-26;5.76;10.41;15.06;0.0;9.641;2.1;52.83
1982-02-27;6.7;11.45;16.2;0.0;15.884;0.3;41.73
1982-02-28;6.94;15.16;23.37;0.0;16.017;1.3;26.38
1982-03-01;8.58;15.59;22.59;0.0;16.371;1.31;35.23
1982-03-02;8.37;12.88;17.38;0.0;10.431;0.87;54.23
1982-03-03;7.13;14.21;21.28;0.0;16.985;0.3;40.56
1982-03-04;3.86;10.66;17.46;0.8;18.098;0.59;34.23
1982-03-05;6.22;15.0;23.78;0.0;18.394;0.55;25.79
1982-03-06;8.77;16.48;24.19;0.0;18.579;0.87;17.97
1982-03-07;6.64;14.67;22.7;0.0;18.217;0.8;25.57
1982-03-08;4.38;11.14;17.9;2.24;18.451;2.68;26.65
1982-03-09;9.39;11.0;12.61;7.32;6.93;2.0;68.36
1982-03-10;8.41;10.5;12.6;12.91;5.62;2.0;74.48
1982-03-11;5.94;11.73;17.52;0.0;17.428;1.09;36.66
1982-03-12;-0.11;7.25;14.6;0.5;19.862;0.79;29.86
1982-03-13;7.58;15.33;23.08;0.0;19.21;1.0;22.71
1982-03-14;8.18;13.29;18.39;3.11;13.422;0.69;31.69
1982-03-15;9.89;13.04;16.18;7.34;8.975;2.0;71.33
1982-03-16;9.77;15.63;21.49;0.0;17.138;1.37;42.79
1982-03-17;12.69;16.61;20.54;0.0;18.712;1.9;33.5
1982-03-18;8.03;13.52;19.0;0.0;19.375;2.57;21.24
1982-03-19;5.98;12.2;18.42;0.0;18.579;2.24;31.16
1982-03-20;12.45;19.64;26.83;0.0;18.256;0.8;40.65
1982-03-21;7.94;14.93;21.91;0.0;19.768;1.3;40.42
1982-03-22;3.8;10.72;17.64;0.75;21.012;0.75;25.18
1982-03-23;6.77;15.8;24.84;0.0;20.345;0.89;19.49
1982-03-24;9.68;16.6;23.52;0.0;19.377;2.09;34.17
1982-03-25;4.84;11.8;18.77;0.0;20.462;0.75;27.6
1982-03-26;6.3;13.13;19.96;0.0;21.729;2.01;32.99
1982-03-27;11.95;16.42;20.89;0.0;14.064;1.5;48.4
1982-03-28;9.74;17.66;25.58;0.0;20.815;0.5;37.9
1982-03-29;7.19;13.87;20.55;0.75;23.486;0.65;25.21
1982-03-30;9.16;16.71;24.27;0.0;19.1;1.09;28.67
1982-03-31;10.58;14.41;18.23;3.39;18.471;2.0;41.12
1982-04-01;7.81;9.64;11.47;8.13;3.183;1.73;54.75
1982-04-02;4.93;10.3;15.67;0.0;21.371;1.6;17.39
1982-04-03;5.81;12.97;20.14;0.0;20.011;1.18;26.03
1982-04-04;9.93;16.37;22.81;0.0;20.486;0.89;23.64
1982-04-05;10.73;17.26;23.78;0.0;21.01;0.8;20.24
1982-04-06;10.28;17.82;25.37;0.0;21.15;0.75;20.11
1982-04-07;10.42;19.03;27.64;0.0;21.541;0.66;21.65
1982-04-08;10.87;18.08;25.29;0.0;22.335;1.8;28.07
1982-04-09;10.71;16.99;23.27;0.0;22.047;1.1;20.92
1982-04-10;9.59;16.13;22.68;0.0;22.354;1.4;11.57
1982-04-11;9.91;18.13;26.34;0.0;20.286;0.8;15.76
1982-04-12;12.16;22.27;32.39;0.0;21.523;1.09;9.91
1982-04-13;12.24;23.53;34.82;0.0;24.36;0.81;7.04
1982-04-14;11.9;22.65;33.41;0.0;24.298;0.81;9.17
1982-04-15;12.14;21.88;31.63;0.0;18.143;2.0;14.95
1982-04-16;12.92;17.11;21.29;0.0;16.776;1.69;42.95
1982-04-17;13.21;20.04;26.87;0.0;22.416;1.5;27.96
1982-04-18;14.27;21.33;28.39;0.0;19.823;1.3;31.79
1982-04-19;12.85;23.18;33.51;0.0;21.984;0.71;17.52
1982-04-20;18.35;26.76;35.17;0.0;23.147;1.3;9.51
1982-04-21;18.49;27.09;35.7;0.0;21.495;1.6;9.01
1982-04-22;18.55;27.24;35.93;0.0;21.796;1.49;8.83
1982-04-23;19.71;28.48;37.25;0.0;20.437;1.29;8.65
1982-04-24;21.78;29.79;37.8;0.0;4.489;0.9;8.57
1982-04-25;20.17;28.93;37.69;0.0;15.259;1.1;9.26
1982-04-26;17.46;24.93;32.41;0.0;23.319;1.64;18.13
1982-04-27;14.17;20.56;26.95;0.0;24.32;1.59;26.3
1982-04-28;13.45;20.67;27.9;0.0;23.634;1.59;28.95
1982-04-29;14.18;22.64;31.11;0.0;24.022;1.3;19.64
1982-04-30;13.0;24.2;35.41;0.0;24.7;0.69;13.5
1982-05-01;18.03;27.03;36.02;0.0;23.456;0.3;11.46
1982-05-02;18.22;29.03;39.84;0.0;23.689;0.43;7.36
1982-05-03;18.32;29.0;39.67;0.0;26.687;0.68;4.92
1982-05-04;18.1;25.83;33.56;0.0;26.972;1.37;12.85
1982-05-05;14.41;20.91;27.42;1.04;18.189;1.68;19.75
1982-05-06;10.97;19.18;27.39;0.0;27.737;1.08;19.56
1982-05-07;11.6;21.56;31.52;0.0;25.299;1.1;13.49
1982-05-08;13.2;22.71;32.23;0.0;27.822;1.39;13.76
1982-05-09;14.88;22.57;30.25;0.0;25.448;1.48;23.43
1982-05-10;17.74;26.3;34.85;0.0;22.011;1.59;25.71
1982-05-11;18.12;27.27;36.41;0.0;25.409;1.45;17.47
1982-05-12;17.47;28.45;39.43;0.0;25.237;0.48;11.37
1982-05-13;18.47;29.8;41.14;0.0;29.38;0.24;7.23
1982-05-14;19.33;29.55;39.77;0.0;25.24;1.39;8.84
1982-05-15;18.1;23.75;29.39;0.0;26.189;1.65;24.2
1982-05-16;17.1;22.2;27.3;0.0;23.217;1.68;35.02
1982-05-17;14.6;21.69;28.78;0.0;22.386;1.98;30.55
1982-05-18;12.68;21.64;30.6;0.0;28.61;0.89;12.55
1982-05-19;15.13;24.96;34.79;0.0;28.689;0.69;7.65
1982-05-20;17.12;28.78;40.44;0.0;27.775;0.28;6.16
1982-05-21;19.72;30.27;40.83;0.0;28.732;0.17;4.27
1982-05-22;21.31;30.5;39.69;0.0;26.19;0.99;13.18
1982-05-23;19.86;28.82;37.77;0.0;25.182;1.18;18.05
1982-05-24;19.6;27.14;34.69;0.0;25.313;1.49;12.83
1982-05-25;19.59;25.97;32.34;0.0;6.696;0.42;18.2
1982-05-26;18.09;24.8;31.51;9.7;23.156;0.99;18.28
1982-05-27;17.84;26.24;34.64;0.0;22.562;0.72;20.16
1982-05-28;19.17;25.43;31.69;11.39;20.337;1.59;25.24
1982-05-29;18.53;25.34;32.14;4.62;22.737;1.5;24.65
1982-05-30;17.08;24.84;32.6;0.0;26.23;0.9;24.15
1982-05-31;17.02;24.88;32.73;0.0;26.736;1.39;25.95
1982-06-01;18.42;24.62;30.81;0.0;5.92;1.39;35.58
1982-06-02;15.49;23.95;32.41;0.0;29.376;0.73;17.44
1982-06-03;15.44;23.97;32.51;0.0;29.339;1.29;15.93
1982-06-04;14.33;23.7;33.08;0.0;29.21;1.59;16.27
1982-06-05;16.0;24.02;32.03;0.0;30.028;1.7;20.15
1982-06-06;18.54;24.95;31.35;0.0;29.416;1.7;27.78
1982-06-07;19.26;24.12;28.98;0.0;28.84;1.8;26.17
1982-06-08;16.29;23.74;31.19;0.0;27.107;1.8;20.95
1982-06-09;12.62;22.32;32.02;0.0;25.387;1.8;16.58
1982-06-10;18.83;23.59;28.35;0.0;29.035;1.67;28.59
1982-06-11;17.73;22.51;27.29;0.0;28.189;1.73;33.69
1982-06-12;17.53;22.15;26.77;0.0;26.214;1.8;38.05
1982-06-13;17.43;22.43;27.42;0.0;24.752;1.8;39.5
1982-06-14;18.54;24.85;31.16;0.0;21.524;2.24;26.22
1982-06-15;17.73;26.3;34.88;0.0;27.442;1.69;14.29
1982-06-16;19.1;26.89;34.69;0.0;25.884;1.49;13.53
1982-06-17;20.39;27.64;34.89;0.0;25.39;1.89;14.29
1982-06-18;20.65;28.11;35.58;0.0;26.03;1.78;13.24
1982-06-19;23.14;29.91;36.69;0.0;31.141;2.0;16.16
1982-06-20;21.27;27.35;33.43;0.0;28.501;2.11;23.26
1982-06-21;21.46;27.62;33.78;0.0;27.442;2.21;24.85
1982-06-22;20.66;25.94;31.22;0.0;22.336;2.01;36.16
1982-06-23;20.03;25.64;31.25;0.0;24.399;1.68;24.51
1982-06-24;19.91;24.77;29.62;0.0;22.798;0.89;37.26
1982-06-25;18.37;25.7;33.02;0.0;25.485;0.24;26.29
1982-06-26;18.78;25.5;32.22;0.0;24.604;0.89;26.04
1982-06-27;19.0;26.78;34.56;0.0;27.5;0.94;24.2
1982-06-28;20.17;27.66;35.15;0.0;26.227;1.48;25.08
1982-06-29;20.72;28.5;36.27;0.0;27.696;1.48;20.4
1982-06-30;20.66;28.02;35.37;0.0;28.106;1.59;19.41
1982-07-01;20.51;27.75;34.99;0.0;28.172;1.9;20.13
1982-07-02;21.41;27.42;33.43;0.0;28.409;1.69;27.37
1982-07-03;23.0;28.68;34.35;0.0;23.611;2.21;36.17
1982-07-04;21.57;27.66;33.76;0.0;21.127;2.11;30.34
1982-07-05;21.55;28.38;35.2;0.0;24.463;1.8;26.7
1982-07-06;21.34;27.4;33.45;0.0;20.815;1.9;30.11
1982-07-07;22.51;27.88;33.26;0.0;25.542;2.29;27.4
1982-07-08;22.84;28.77;34.71;0.0;24.499;2.19;28.06
1982-07-09;22.84;27.94;33.04;0.0;24.612;2.3;28.88
1982-07-10;21.62;26.8;31.98;0.0;26.449;2.2;28.51
1982-07-11;20.82;26.07;31.32;0.0;26.026;1.9;30.08
1982-07-12;20.63;25.6;30.57;0.0;23.36;1.9;35.96
1982-07-13;21.47;26.69;31.91;0.0;24.284;2.1;34.71
1982-07-14;21.1;26.47;31.84;0.0;23.029;2.41;34.29
1982-07-15;21.93;27.75;33.58;0.0;20.981;1.9;27.92
1982-07-16;19.85;27.45;35.04;0.0;28.64;1.39;14.28
1982-07-17;18.28;26.8;35.32;0.0;29.1;1.5;10.72
1982-07-18;21.19;27.58;33.96;0.0;28.051;1.71;18.68
1982-07-19;20.81;27.23;33.65;0.0;26.133;1.81;24.89
1982-07-20;22.68;28.54;34.41;0.0;22.86;2.02;30.46
1982-07-21;22.86;29.72;36.58;0.0;24.147;1.26;21.88
1982-07-22;22.85;31.08;39.31;0.0;25.929;1.0;15.32
1982-07-23;23.04;30.86;38.69;0.0;26.133;1.29;11.47
1982-07-24;23.32;29.55;35.77;0.0;22.893;2.21;13.8
1982-07-25;23.03;29.38;35.73;0.0;22.899;1.91;12.93
1982-07-26;23.43;30.57;37.72;0.0;25.656;1.81;14.13
1982-07-27;23.54;31.02;38.5;0.0;25.745;1.5;12.26
1982-07-28;23.5;30.14;36.79;0.0;25.703;1.6;13.78
1982-07-29;23.28;30.3;37.31;0.0;26.304;1.9;19.31
1982-07-30;24.29;33.97;43.64;0.0;26.909;1.7;14.93
1982-07-31;24.34;32.15;39.95;0.0;26.139;1.9;18.14
1982-08-01;23.5;29.27;35.03;0.0;24.952;2.12;26.04
1982-08-02;22.77;28.49;34.22;0.0;23.789;1.81;28.89
1982-08-03;23.08;29.54;36.0;0.54;23.347;1.9;32.95
1982-08-04;24.34;29.64;34.94;0.0;21.666;2.38;46.95
1982-08-05;23.39;29.7;36.0;0.0;26.699;1.7;12.06
1982-08-06;20.42;28.38;36.34;0.0;25.733;1.79;15.29
1982-08-07;23.83;29.65;35.47;0.0;21.762;2.1;31.49
1982-08-08;22.79;27.65;32.51;0.0;20.485;2.46;35.31
1982-08-09;22.23;26.94;31.64;0.0;23.833;1.39;28.62
1982-08-10;21.43;26.41;31.4;0.0;23.025;1.8;31.23
1982-08-11;21.88;26.8;31.73;0.0;24.17;1.61;26.68
1982-08-12;21.3;27.23;33.16;0.0;23.439;1.7;27.86
1982-08-13;22.08;30.32;38.57;0.0;24.088;1.32;17.53
1982-08-14;23.47;32.28;41.09;0.0;26.124;0.93;11.1
1982-08-15;22.45;31.87;41.29;0.0;25.653;1.49;11.42
1982-08-16;22.73;30.16;37.58;0.0;24.468;1.69;16.41
1982-08-17;22.8;29.45;36.09;0.0;25.112;1.29;13.42
1982-08-18;21.95;29.31;36.68;0.0;23.053;1.39;19.2
1982-08-19;22.63;29.59;36.55;0.0;22.02;1.49;22.6
1982-08-20;23.26;29.54;35.81;0.0;18.0;1.91;23.13
1982-08-21;22.2;29.57;36.94;0.0;23.372;1.09;18.82
1982-08-22;21.34;29.71;38.08;0.0;23.899;1.18;13.21
1982-08-23;23.16;29.54;35.92;0.0;19.107;1.09;19.66
1982-08-24;22.64;29.33;36.02;0.0;22.608;1.8;22.7
1982-08-25;22.28;27.49;32.7;0.0;22.24;1.69;25.89
1982-08-26;21.1;26.52;31.94;0.0;19.621;1.59;43.05
1982-08-27;21.96;29.22;36.48;3.7;24.215;0.79;17.64
1982-08-28;21.45;29.46;37.47;0.0;23.261;0.89;12.76
1982-08-29;23.75;29.48;35.22;0.0;19.411;1.91;26.86
1982-08-30;22.05;25.02;27.99;0.56;18.085;2.62;59.25
1982-08-31;23.21;27.61;32.0;0.0;12.23;2.11;34.6
1982-09-01;20.26;25.54;30.82;0.0;21.794;2.0;23.14
1982-09-02;19.0;25.36;31.72;0.0;22.531;0.99;20.06
1982-09-03;19.04;26.66;34.27;0.0;22.433;1.17;18.12
1982-09-04;17.89;27.13;36.36;0.0;22.305;0.99;13.68
1982-09-05;18.99;27.99;37.0;0.0;21.806;1.18;14.07
1982-09-06;21.3;28.16;35.01;0.0;21.756;1.59;22.94
1982-09-07;21.09;27.98;34.88;0.0;20.972;1.7;25.02
1982-09-08;21.43;28.91;36.39;0.0;20.513;1.59;21.93
1982-09-09;19.9;28.49;37.08;0.0;21.406;1.19;15.53
1982-09-10;18.37;27.45;36.52;0.0;21.516;1.17;12.78
1982-09-11;19.31;28.39;37.47;0.0;21.395;0.78;13.27
1982-09-12;20.27;29.18;38.09;0.0;20.836;0.99;13.72
1982-09-13;19.65;28.9;38.16;0.0;20.731;0.88;13.47
1982-09-14;21.42;29.43;37.43;0.0;19.858;1.49;18.45
1982-09-15;21.65;28.73;35.81;0.0;20.274;1.29;15.14
1982-09-16;21.44;27.87;34.29;0.0;20.582;0.78;10.99
1982-09-17;20.36;27.14;33.93;0.0;20.532;0.78;10.61
1982-09-18;20.07;27.07;34.06;0.0;20.282;1.18;10.3
1982-09-19;18.64;26.52;34.4;0.0;20.274;0.7;10.64
1982-09-20;18.29;26.92;35.55;0.0;19.864;0.88;13.1
1982-09-21;18.16;27.03;35.91;0.0;19.769;0.89;12.74
1982-09-22;18.89;27.46;36.04;0.0;19.276;1.21;16.49
1982-09-23;20.31;26.66;33.0;0.0;19.402;1.39;30.76
1982-09-24;20.25;25.17;30.09;4.12;14.43;1.49;43.4
1982-09-25;22.07;28.57;35.07;0.0;18.212;0.2;22.66
1982-09-26;20.92;31.04;41.15;0.0;18.719;0.52;11.14
1982-09-27;21.3;29.4;37.49;0.0;18.023;1.2;17.59
1982-09-28;23.71;28.29;32.86;0.0;15.767;1.2;34.97
1982-09-29;18.53;21.05;23.56;7.92;10.53;1.21;58.59
1982-09-30;20.7;26.19;31.68;0.0;9.64;0.42;40.99
1982-10-01;19.25;25.86;32.46;0.0;15.218;0.25;33.78
1982-10-02;19.46;27.66;35.87;0.0;16.59;0.34;18.52
1982-10-03;21.27;30.0;38.73;0.0;17.595;0.5;10.06
1982-10-04;22.13;30.1;38.08;29.62;15.092;1.39;10.33
1982-10-05;20.04;28.18;36.33;0.0;17.209;1.2;17.4
1982-10-06;19.61;26.43;33.24;0.0;16.884;1.68;26.55
1982-10-07;17.22;24.09;30.96;0.0;17.01;1.29;27.9
1982-10-08;18.45;24.68;30.91;0.0;16.102;1.58;32.57
1982-10-09;19.72;26.31;32.9;4.2;16.208;0.4;20.69
1982-10-10;18.65;27.31;35.98;0.0;16.297;0.48;15.24
1982-10-11;20.31;27.01;33.71;0.0;15.902;2.15;25.55
1982-10-12;18.78;25.29;31.8;0.0;15.345;1.55;27.3
1982-10-13;18.66;24.91;31.17;0.0;14.907;1.2;31.55
1982-10-14;17.52;23.78;30.04;0.0;14.508;0.5;26.02
1982-10-15;17.67;23.02;28.37;3.47;11.273;1.02;39.94
1982-10-16;16.53;23.07;29.61;0.0;15.199;0.7;29.09
1982-10-17;15.32;22.52;29.72;0.0;15.537;1.2;25.51
1982-10-18;16.89;24.02;31.14;0.0;15.234;0.91;24.96
1982-10-19;17.71;25.02;32.33;0.0;14.853;0.91;18.33
1982-10-20;18.53;25.96;33.38;0.0;14.474;0.4;16.96
1982-10-21;18.57;26.78;34.99;0.0;15.92;0.36;15.59
1982-10-22;20.47;29.04;37.62;0.0;14.127;0.51;12.8
1982-10-23;17.93;26.21;34.5;0.0;13.945;0.5;18.06
1982-10-24;18.77;25.76;32.75;0.0;13.72;0.63;17.01
1982-10-25;17.76;25.26;32.75;0.0;14.393;1.37;9.3
1982-10-26;16.89;25.05;33.22;0.0;14.812;2.18;6.93
1982-10-27;17.9;25.79;33.68;0.0;14.51;1.93;6.21
1982-10-28;17.79;26.72;35.65;0.0;13.118;0.8;9.33
1982-10-29;13.97;19.45;24.92;18.11;9.292;2.37;33.72
1982-10-30;11.54;18.48;25.43;0.0;13.799;1.0;18.33
1982-10-31;10.33;18.06;25.79;0.0;13.583;0.7;19.88
1982-11-01;11.36;18.8;26.24;0.0;13.163;1.0;26.25
1982-11-02;12.72;19.66;26.61;0.0;12.858;0.6;30.9
1982-11-03;14.91;22.06;29.21;0.0;8.753;1.0;27.78
1982-11-04;13.97;21.07;28.17;0.0;13.014;0.9;28.32
1982-11-05;14.85;23.96;33.08;0.0;13.025;0.3;21.14
1982-11-06;16.66;23.52;30.38;3.85;5.989;1.02;20.59
1982-11-07;12.85;18.29;23.74;3.74;9.935;0.5;50.14
1982-11-08;12.66;17.11;21.56;7.41;7.034;1.13;57.13
1982-11-09;11.57;16.67;21.77;1.05;12.045;2.32;39.04
1982-11-10;10.93;17.91;24.9;0.0;9.43;0.81;29.23
1982-11-11;14.9;20.35;25.8;0.0;8.44;1.22;25.2
1982-11-12;12.81;19.84;26.88;0.0;12.155;1.43;36.83
1982-11-13;15.18;21.13;27.07;0.0;11.88;1.01;34.27
1982-11-14;12.12;17.96;23.81;0.0;11.972;2.23;27.52
1982-11-15;9.97;15.91;21.84;0.0;11.535;1.32;22.87
1982-11-16;9.17;15.93;22.69;0.0;12.038;1.62;21.67
1982-11-17;11.58;19.61;27.64;0.0;12.141;2.86;14.37
1982-11-18;13.79;17.55;21.3;7.87;6.291;1.73;44.83
1982-11-19;13.2;16.89;20.58;6.63;2.491;2.26;56.03
1982-11-20;11.96;15.5;19.04;5.82;6.008;2.44;52.32
1982-11-21;7.09;12.31;17.54;0.0;11.692;3.77;24.87
1982-11-22;3.43;9.3;15.18;0.0;11.612;0.91;21.89
1982-11-23;4.19;10.63;17.08;0.0;11.274;1.24;25.76
1982-11-24;4.89;11.74;18.59;0.0;11.224;1.89;24.12
1982-11-25;7.05;13.79;20.52;0.0;10.924;1.32;23.99
1982-11-26;6.81;13.89;20.97;0.0;10.7;1.42;28.53
1982-11-27;8.34;15.11;21.87;0.0;12.019;1.93;26.21
1982-11-28;7.33;14.05;20.77;0.0;10.711;2.02;25.81
1982-11-29;7.35;14.51;21.67;0.0;10.72;2.47;24.75
1982-11-30;8.3;15.36;22.42;0.0;11.477;3.62;17.59
1982-12-01;11.64;17.51;23.37;6.11;5.466;2.14;19.7
1982-12-02;10.15;12.87;15.58;4.66;4.952;2.09;67.06
1982-12-03;11.31;13.47;15.63;0.68;3.296;2.32;59.96
1982-12-04;12.01;15.15;18.29;0.0;4.181;2.77;65.34
1982-12-05;12.55;15.45;18.35;0.0;3.524;2.49;78.37
1982-12-06;13.18;16.61;20.03;0.0;4.828;0.68;62.62
1982-12-07;13.58;18.41;23.23;0.0;9.139;2.86;28.22
1982-12-08;12.73;17.62;22.51;0.0;11.231;2.74;26.05
1982-12-09;12.84;17.41;21.97;0.0;5.818;3.18;24.59
1982-12-10;11.12;15.64;20.17;2.48;5.93;1.1;36.48
1982-12-11;7.64;10.71;13.79;12.97;1.54;2.74;59.94
1982-12-12;3.98;7.86;11.74;0.76;5.944;3.1;33.22
1982-12-13;2.54;7.21;11.88;0.0;9.45;1.6;27.65
1982-12-14;0.63;6.16;11.69;0.0;9.683;1.1;29.07
1982-12-15;0.71;6.4;12.1;0.0;6.426;1.28;33.06
1982-12-16;4.83;8.93;13.04;0.0;7.342;3.6;31.34
1982-12-17;5.12;8.69;12.26;0.0;7.707;4.54;32.4
1982-12-18;5.32;9.75;14.19;0.0;6.218;4.24;23.09
1982-12-19;3.47;8.73;13.99;0.0;6.357;2.61;23.74
1982-12-20;1.74;7.57;13.39;0.0;7.343;1.88;32.43
1982-12-21;1.09;5.73;10.37;5.7;1.971;1.39;61.25
1982-12-22;6.45;9.3;12.15;0.0;4.204;0.78;65.1
1982-12-23;5.26;8.8;12.34;4.38;7.761;0.89;67.58
1982-12-24;7.9;10.71;13.53;0.0;6.108;0.99;58.2
1982-12-25;8.32;10.44;12.56;20.06;5.106;2.05;69.56
1982-12-26;8.18;10.13;12.07;17.66;2.951;2.61;79.08
1982-12-27;3.86;5.83;7.79;16.11;6.127;1.59;63.94
1982-12-28;2.27;4.47;6.67;5.96;6.661;3.04;44.26
1982-12-29;-2.54;2.04;6.63;0.0;9.92;1.59;37.61
1982-12-30;3.51;7.37;11.23;0.0;3.37;4.2;33.93
1982-12-31;4.0;8.52;13.04;0.0;9.995;3.59;31.04
1983-01-01;3.4;8.28;13.16;0.0;9.444;3.65;24.82
1983-01-02;3.75;8.87;13.99;0.0;9.942;3.64;23.27
1983-01-03;5.42;9.55;13.69;1.84;5.311;1.68;46.39
1983-01-04;5.64;9.13;12.62;3.86;6.417;1.59;59.28
1983-01-05;6.49;8.74;10.99;0.92;4.258;0.38;78.95
1983-01-06;7.59;10.22;12.85;3.79;7.303;1.58;59.18
1983-01-07;3.85;5.34;6.84;11.72;4.498;1.89;69.59
1983-01-08;1.19;5.55;9.91;0.0;10.456;0.57;44.24
1983-01-09;4.27;7.54;10.8;0.0;6.949;0.81;52.88
1983-01-10;4.6;8.9;13.2;28.59;10.131;2.09;31.42
1983-01-11;4.69;5.82;6.94;5.68;1.889;2.99;75.43
1983-01-12;6.0;9.09;12.17;15.31;6.605;2.07;68.8
1983-01-13;7.25;11.07;14.89;0.0;11.987;3.16;48.33
1983-01-14;4.82;9.41;13.99;0.0;5.924;0.7;56.08
1983-01-15;4.03;9.23;14.43;2.67;8.7;0.41;51.6
1983-01-16;8.41;11.46;14.5;10.12;3.242;1.34;76.85
1983-01-17;8.84;11.82;14.8;0.51;5.371;0.99;73.31
1983-01-18;7.75;12.5;17.25;0.0;12.561;1.89;45.08
1983-01-19;8.83;12.88;16.93;0.0;6.791;1.39;51.99
1983-01-20;5.56;10.05;14.55;0.0;13.751;3.23;44.45
1983-01-21;1.04;5.27;9.5;0.0;12.441;1.76;21.57
1983-01-22;0.21;5.34;10.46;33.43;11.333;2.19;42.35
1983-01-23;-1.67;3.55;8.77;0.0;12.348;3.58;19.25
1983-01-24;-2.47;1.68;5.82;0.0;12.358;3.06;15.58
1983-01-25;-1.54;3.34;8.21;0.0;12.244;2.85;20.39
1983-01-26;0.21;5.98;11.74;15.85;9.022;0.7;44.72
1983-01-27;9.15;14.23;19.32;0.0;8.414;0.9;58.58
1983-01-28;10.29;16.45;22.6;0.0;15.491;2.7;45.66
1983-01-29;9.9;15.96;22.03;0.0;14.473;2.75;33.83
1983-01-30;9.48;14.01;18.54;9.05;12.255;2.19;45.39
1983-01-31;8.16;10.14;12.12;0.0;9.765;2.8;39.64
1983-02-01;-1.39;1.84;5.07;0.77;6.866;1.62;27.68
1983-02-02;-1.0;3.18;7.36;0.24;11.532;0.7;40.59
1983-02-03;-1.77;1.3;4.36;2.03;11.874;1.61;32.94
1983-02-04;4.07;6.07;8.07;16.2;2.695;2.18;77.39
1983-02-05;0.65;5.11;9.56;0.0;11.874;1.79;33.99
1983-02-06;-1.04;3.8;8.63;0.0;13.581;2.08;24.69
1983-02-07;-0.95;4.24;9.43;0.0;14.058;2.0;22.1
1983-02-08;-1.62;4.38;10.39;0.0;13.89;1.4;33.83
1983-02-09;4.76;8.47;12.19;18.86;3.643;2.79;77.8
1983-02-10;2.09;7.68;13.27;0.0;14.115;1.0;39.9
1983-02-11;0.2;6.08;11.96;0.0;14.152;0.87;38.27
1983-02-12;3.72;8.61;13.5;1.38;8.034;1.89;62.03
1983-02-13;6.3;11.71;17.11;0.0;15.03;1.1;47.58
1983-02-14;4.54;10.42;16.31;0.0;14.825;0.7;33.86
1983-02-15;6.09;13.86;21.63;0.0;14.221;2.0;31.56
1983-02-16;6.97;12.34;17.71;3.72;6.811;2.0;26.19
1983-02-17;9.45;12.54;15.64;14.84;5.971;2.72;70.59
1983-02-18;4.42;5.94;7.46;18.88;4.502;3.47;61.7
1983-02-19;0.42;1.97;3.52;2.87;15.65;2.51;30.16
1983-02-20;-1.42;2.87;7.16;0.0;15.761;1.51;21.18
1983-02-21;-2.41;2.32;7.06;16.62;11.515;3.03;46.22
1983-02-22;1.37;5.93;10.49;0.0;16.044;0.8;31.63
1983-02-23;1.83;8.26;14.69;0.0;15.638;4.1;40.45
1983-02-24;6.93;12.19;17.44;0.0;15.894;2.2;49.33
1983-02-25;6.73;13.7;20.66;0.0;16.177;1.0;33.86
1983-02-26;6.13;10.47;14.82;14.19;12.804;3.08;38.64
1983-02-27;3.74;7.82;11.89;0.0;15.701;3.33;30.96
1983-02-28;2.0;7.33;12.67;0.0;15.832;0.4;34.51
1983-03-01;1.51;7.88;14.26;0.0;16.885;1.9;25.8
1983-03-02;3.88;10.21;16.53;0.0;17.462;1.71;23.8
1983-03-03;3.8;9.51;15.21;0.0;17.459;2.4;45.48
1983-03-04;3.94;9.95;15.96;0.0;17.371;0.48;34.22
1983-03-05;4.19;11.28;18.37;0.0;17.494;1.5;28.67
1983-03-06;7.09;14.71;22.33;0.0;17.901;1.54;23.78
1983-03-07;7.96;10.2;12.43;8.8;6.677;2.38;64.23
1983-03-08;6.46;9.24;12.02;4.44;8.218;2.21;52.25
1983-03-09;1.55;6.63;11.71;0.0;18.09;0.79;25.85
1983-03-10;1.93;7.78;13.63;0.0;18.153;0.49;32.0
1983-03-11;2.3;9.31;16.33;0.0;18.712;0.88;28.01
1983-03-12;4.97;11.59;18.22;0.0;13.141;0.7;29.22
1983-03-13;7.89;12.25;16.61;2.83;11.377;0.89;42.24
1983-03-14;6.38;11.53;16.68;0.0;9.839;1.0;57.38
1983-03-15;3.98;10.46;16.94;1.0;19.628;0.89;36.31
1983-03-16;10.23;19.85;29.47;0.0;19.94;1.39;24.46
1983-03-17;5.2;10.75;16.31;1.38;13.447;1.8;49.73
1983-03-18;4.07;10.54;17.01;0.0;22.448;0.78;28.91
1983-03-19;6.84;14.54;22.25;0.0;18.774;0.7;30.25
1983-03-20;7.07;12.62;18.16;0.0;19.485;1.2;43.59
1983-03-21;6.47;14.73;23.0;0.0;19.246;1.7;26.61
1983-03-22;12.58;20.84;29.11;0.0;20.506;1.7;18.09
1983-03-23;12.86;21.21;29.57;0.0;20.881;0.74;22.52
1983-03-24;14.02;21.86;29.69;0.0;19.67;0.29;26.98
1983-03-25;14.21;22.01;29.81;0.0;15.0;0.28;30.66
1983-03-26;13.35;22.38;31.4;0.0;21.58;0.25;31.76
1983-03-27;12.11;18.73;25.36;5.3;9.725;0.24;44.45
1983-03-28;11.87;18.7;25.52;0.0;21.062;1.89;42.53
1983-03-29;9.71;16.5;23.28;0.0;16.699;1.8;32.68
1983-03-30;7.93;13.04;18.14;0.0;20.009;2.1;32.62
1983-03-31;5.68;12.3;18.92;0.0;19.917;0.5;28.25
1983-04-01;8.05;15.24;22.43;0.0;20.052;1.1;22.5
1983-04-02;8.88;17.16;25.45;0.0;19.901;1.3;17.98
1983-04-03;7.07;14.62;22.17;0.0;21.274;2.31;29.0
1983-04-04;9.2;14.89;20.59;0.0;21.374;2.19;35.48
1983-04-05;6.48;13.23;19.98;0.0;21.308;0.52;27.38
1983-04-06;7.63;15.36;23.09;0.0;21.745;0.8;20.75
1983-04-07;6.59;13.33;20.07;0.0;22.331;1.71;30.98
1983-04-08;9.67;14.66;19.65;0.0;22.702;2.0;34.56
1983-04-09;7.95;12.09;16.23;3.69;14.869;1.98;46.67
1983-04-10;7.81;13.96;20.12;0.0;21.29;0.8;34.07
1983-04-11;1.16;6.59;12.02;14.41;12.684;0.81;68.74
1983-04-12;9.59;11.28;12.97;11.17;7.919;2.71;65.66
1983-04-13;9.45;11.98;14.52;4.52;16.243;2.9;42.9
1983-04-14;9.55;14.44;19.33;0.0;21.806;1.3;38.76
1983-04-15;9.49;13.88;18.26;0.78;7.708;0.47;46.22
1983-04-16;16.35;25.32;34.28;0.0;5.044;1.2;19.9
1983-04-17;11.93;17.18;22.43;2.38;13.86;2.22;41.69
1983-04-18;12.05;16.36;20.67;0.0;21.049;2.1;40.4
1983-04-19;11.23;14.27;17.3;0.0;10.218;2.48;46.66
1983-04-20;11.39;15.68;19.97;0.0;11.508;2.1;41.15
1983-04-21;10.09;15.72;21.35;0.0;21.127;1.4;39.5
1983-04-22;11.12;17.68;24.24;0.0;13.887;0.48;31.39
1983-04-23;10.35;18.41;26.47;0.0;22.938;1.1;20.11
1983-04-24;10.7;18.76;26.82;0.0;23.603;0.59;19.86
1983-04-25;12.17;21.89;31.61;0.0;20.81;0.35;19.05
1983-04-26;17.54;23.66;29.79;13.93;9.095;1.69;26.27
1983-04-27;11.7;16.44;21.18;2.5;22.514;2.23;52.2
1983-04-28;12.14;16.81;21.49;0.0;22.518;2.09;42.86
1983-04-29;10.33;16.63;22.92;0.0;21.736;1.09;37.57
1983-04-30;10.8;20.5;30.19;0.0;26.616;0.8;16.88
1983-05-01;18.21;27.07;35.93;0.0;19.1;1.6;12.84
1983-05-02;13.67;20.54;27.4;0.0;26.734;1.39;25.55
1983-05-03;13.28;16.86;20.44;1.74;20.258;1.96;43.72
1983-05-04;11.32;17.1;22.88;0.0;19.589;1.68;34.28
1983-05-05;9.62;15.89;22.16;0.0;23.413;1.09;33.48
1983-05-06;9.72;17.62;25.51;1.66;26.835;0.99;23.26
1983-05-07;11.86;19.91;27.96;0.0;24.9;1.19;22.73
1983-05-08;10.31;16.11;21.91;0.0;23.495;2.26;37.96
1983-05-09;12.8;16.36;19.91;0.0;15.479;1.69;46.48
1983-05-10;11.2;16.53;21.86;0.0;19.67;1.18;34.99
1983-05-11;10.18;17.64;25.1;0.0;26.612;1.18;27.9
1983-05-12;13.27;19.17;25.07;0.0;22.462;1.38;37.91
1983-05-13;13.82;18.89;23.97;0.0;23.567;2.22;37.93
1983-05-14;14.32;20.77;27.23;0.0;5.9;0.79;32.85
1983-05-15;14.36;23.55;32.74;0.0;25.58;0.99;19.47
1983-05-16;16.61;22.69;28.76;0.0;22.964;1.49;32.26
1983-05-17;17.31;21.38;25.45;0.0;19.069;1.89;49.28
1983-05-18;16.94;21.69;26.44;0.0;24.913;1.37;37.08
1983-05-19;14.65;19.07;23.5;0.0;18.887;1.89;41.45
1983-05-20;15.03;20.98;26.93;0.0;17.264;1.21;38.51
1983-05-21;13.61;21.64;29.68;0.0;21.832;0.9;26.43
1983-05-22;12.29;22.09;31.89;7.27;23.634;1.29;15.05
1983-05-23;17.38;22.82;28.27;7.0;17.5;0.69;44.81
1983-05-24;15.93;17.88;19.84;1.97;13.178;1.69;62.09
1983-05-25;16.34;17.34;18.34;4.5;12.836;1.59;66.79
1983-05-26;14.59;18.3;22.0;0.0;13.164;1.06;55.3
1983-05-27;13.78;18.93;24.08;1.6;18.637;0.75;42.93
1983-05-28;13.61;19.01;24.41;0.0;24.156;1.9;36.76
1983-05-29;17.23;21.11;24.99;0.0;24.037;1.9;49.44
1983-05-30;16.8;22.95;29.11;0.0;28.698;1.19;31.93
1983-05-31;17.69;24.34;30.98;0.0;23.108;1.19;29.69
1983-06-01;17.25;24.71;32.17;0.0;24.777;1.6;28.09
1983-06-02;19.25;24.35;29.45;0.0;25.373;1.87;26.45
1983-06-03;15.26;22.64;30.02;0.0;29.878;1.01;10.68
1983-06-04;13.04;20.59;28.15;0.0;13.772;1.29;14.09
1983-06-05;17.54;23.34;29.15;0.0;24.24;2.71;19.08
1983-06-06;18.57;21.27;23.97;6.46;19.381;2.72;62.11
1983-06-07;15.92;20.55;25.17;4.66;23.315;1.29;37.37
1983-06-08;14.43;20.32;26.22;0.0;29.293;1.08;18.84
1983-06-09;12.53;19.91;27.29;0.0;28.407;0.29;24.47
1983-06-10;14.43;20.63;26.82;0.0;26.197;1.37;27.87
1983-06-11;15.4;20.51;25.62;0.0;22.143;1.8;48.11
1983-06-12;15.98;22.59;29.2;0.0;27.107;0.28;24.25
1983-06-13;14.09;22.88;31.68;0.0;28.947;0.34;18.82
1983-06-14;16.06;22.59;29.11;0.0;28.733;1.49;28.59
1983-06-15;18.07;22.47;26.87;0.0;24.54;2.2;33.93
1983-06-16;17.39;21.02;24.65;2.72;21.552;2.52;38.01
1983-06-17;15.73;23.16;30.59;0.0;29.335;0.83;16.13
1983-06-18;17.41;26.8;36.19;0.0;31.097;1.09;9.27
1983-06-19;21.22;30.1;38.98;0.0;30.885;0.59;7.84
1983-06-20;19.53;29.88;40.22;0.0;31.229;0.98;9.24
1983-06-21;21.14;26.74;32.34;0.0;25.224;2.55;19.68
1983-06-22;21.07;26.7;32.32;0.0;23.478;2.21;25.14
1983-06-23;20.24;24.59;28.95;8.33;23.311;2.36;30.39
1983-06-24;19.21;22.95;26.69;0.0;22.78;1.09;36.66
1983-06-25;17.44;24.06;30.68;0.0;26.517;1.28;23.54
1983-06-26;17.3;23.41;29.51;0.0;26.399;1.59;22.63
1983-06-27;18.63;24.96;31.3;0.0;27.315;1.59;27.19
1983-06-28;17.99;23.93;29.88;0.0;23.838;2.11;33.95
1983-06-29;19.74;26.45;33.15;0.0;27.217;1.69;24.54
1983-06-30;18.75;25.2;31.65;0.0;27.701;2.11;24.26
1983-07-01;19.86;25.67;31.49;0.0;27.758;2.0;31.73
1983-07-02;18.89;23.93;28.97;0.0;23.885;1.9;34.29
1983-07-03;18.5;24.86;31.21;0.0;25.973;1.59;26.07
1983-07-04;17.7;23.52;29.35;0.0;27.458;1.69;22.92
1983-07-05;17.57;23.58;29.59;0.0;27.935;1.69;21.82
1983-07-06;17.1;20.93;24.76;0.0;25.658;2.01;21.6
1983-07-07;19.03;24.12;29.2;0.0;27.598;1.91;23.43
1983-07-08;19.11;24.23;29.34;0.0;28.707;1.9;22.18
1983-07-09;19.06;24.17;29.28;0.0;28.706;2.0;22.5
1983-07-10;19.38;24.79;30.19;0.0;28.344;2.2;25.06
1983-07-11;19.62;25.07;30.51;0.0;27.956;2.2;26.06
1983-07-12;18.95;24.02;29.08;0.0;25.635;2.26;26.59
1983-07-13;19.38;24.86;30.34;0.0;27.98;2.0;25.84
1983-07-14;19.31;24.64;29.98;0.0;25.709;2.46;28.45
1983-07-15;19.34;24.31;29.29;0.0;24.487;2.48;32.01
1983-07-16;18.81;23.91;29.01;0.0;27.473;2.0;23.87
1983-07-17;18.06;22.77;27.49;0.0;27.518;1.7;20.44
1983-07-18;19.24;22.02;24.8;0.0;26.678;1.81;20.65
1983-07-19;19.75;23.57;27.39;0.0;25.648;2.49;25.51
1983-07-20;20.53;24.82;29.11;0.0;26.274;2.32;28.47
1983-07-21;20.43;24.84;29.24;0.0;23.407;2.32;36.01
1983-07-22;20.53;24.45;28.36;0.0;22.829;2.61;35.15
1983-07-23;20.8;24.41;28.02;0.0;20.796;2.7;35.65
1983-07-24;20.77;26.21;31.65;0.0;24.439;2.31;24.83
1983-07-25;20.34;26.38;32.42;0.0;24.585;2.5;21.52
1983-07-26;21.99;26.73;31.48;0.0;23.046;2.49;27.35
1983-07-27;21.27;26.3;31.32;0.0;22.856;2.02;27.99
1983-07-28;20.19;25.07;29.94;0.0;23.644;1.91;25.78
1983-07-29;21.29;25.25;29.21;0.0;26.438;1.9;21.15
1983-07-30;20.49;22.68;24.88;0.0;26.031;2.2;22.29
1983-07-31;21.31;26.92;32.54;0.0;22.969;2.47;26.74
1983-08-01;22.52;28.59;34.67;0.0;22.321;1.9;28.1
1983-08-02;22.04;29.18;36.33;5.34;24.506;1.8;22.76
1983-08-03;23.44;28.94;34.44;1.9;23.119;2.09;33.69
1983-08-04;22.77;28.3;33.82;0.0;20.505;2.09;33.16
1983-08-05;22.59;28.81;35.03;0.0;23.569;1.76;24.43
1983-08-06;21.84;27.94;34.04;0.0;24.732;1.7;22.98
1983-08-07;20.52;26.02;31.52;0.0;25.434;1.39;22.72
1983-08-08;20.46;27.14;33.83;0.0;21.781;1.79;28.1
1983-08-09;22.72;29.04;35.35;0.0;22.356;1.69;30.74
1983-08-10;22.92;28.88;34.84;0.0;22.678;1.9;31.4
1983-08-11;23.25;28.45;33.66;0.0;21.672;2.01;34.5
1983-08-12;23.1;28.09;33.07;0.36;22.355;2.14;37.21
1983-08-13;23.99;28.92;33.86;0.71;21.634;2.2;41.69
1983-08-14;23.45;28.1;32.75;0.36;21.063;2.2;47.85
1983-08-15;22.57;27.39;32.21;0.36;21.673;1.59;38.35
1983-08-16;21.32;26.12;30.91;1.29;21.183;2.38;52.92
1983-08-17;22.25;28.18;34.12;0.0;23.611;1.7;20.66
1983-08-18;21.12;27.9;34.68;0.0;25.042;1.1;14.16
1983-08-19;21.24;28.45;35.65;0.0;24.583;1.29;17.8
1983-08-20;20.51;28.47;36.43;0.0;23.262;1.49;18.37
1983-08-21;23.05;27.75;32.45;0.0;22.532;1.8;29.26
1983-08-22;23.67;28.41;33.14;0.0;21.729;1.99;31.18
1983-08-23;21.53;27.29;33.05;0.0;22.97;1.45;22.97
1983-08-24;20.84;27.8;34.75;0.0;23.63;0.86;20.11
1983-08-25;20.63;27.81;35.0;0.0;23.374;1.58;20.78
1983-08-26;22.02;27.49;32.97;0.0;21.6;1.99;29.57
1983-08-27;20.86;26.84;32.83;0.0;23.102;0.8;17.12
1983-08-28;20.28;26.03;31.78;0.0;24.342;0.8;11.28
1983-08-29;20.15;26.11;32.08;0.0;23.901;0.78;13.25
1983-08-30;20.45;26.17;31.9;0.0;22.572;0.99;22.03
1983-08-31;19.15;25.91;32.67;0.0;22.703;1.08;22.32
1983-09-01;19.55;26.02;32.48;0.0;22.532;1.42;25.09
1983-09-02;21.07;26.59;32.1;0.0;22.532;2.0;32.01
1983-09-03;20.7;27.02;33.33;0.0;22.422;1.7;28.63
1983-09-04;20.31;28.02;35.74;0.0;20.335;0.99;21.23
1983-09-05;20.04;26.8;33.57;0.0;21.703;1.8;23.99
1983-09-06;21.43;26.92;32.41;0.0;21.063;2.54;40.75
1983-09-07;23.58;28.35;33.12;0.0;20.492;2.0;33.46
1983-09-08;21.89;28.58;35.27;0.0;20.18;1.69;24.08
1983-09-09;20.11;28.79;37.47;0.0;21.018;0.89;16.35
1983-09-10;20.82;30.88;40.93;0.0;20.944;0.79;10.58
1983-09-11;23.65;32.28;40.92;0.0;20.281;0.68;8.72
1983-09-12;22.27;29.26;36.24;0.0;20.174;1.49;17.81
1983-09-13;19.51;26.83;34.15;0.0;20.942;1.16;16.81
1983-09-14;18.67;27.8;36.93;0.0;20.687;1.11;13.33
1983-09-15;21.04;29.54;38.04;0.0;19.793;1.36;13.25
1983-09-16;22.42;29.25;36.08;0.0;18.919;1.6;20.02
1983-09-17;23.87;29.48;35.09;0.0;17.849;2.0;27.29
1983-09-18;23.7;30.78;37.87;0.0;18.529;1.9;16.85
1983-09-19;23.9;31.46;39.03;0.0;18.143;1.39;15.56
1983-09-20;22.92;31.77;40.61;0.0;18.443;0.88;13.59
1983-09-21;22.52;31.25;39.98;0.0;19.546;1.19;11.58
1983-09-22;22.32;32.45;42.57;0.0;19.495;1.39;8.49
1983-09-23;22.62;30.49;38.36;0.0;19.011;1.11;15.2
1983-09-24;20.86;28.89;36.92;0.0;18.836;1.01;16.37
1983-09-25;21.46;28.34;35.22;0.0;19.31;1.36;18.83
1983-09-26;20.11;26.49;32.87;0.0;18.698;1.4;21.07
1983-09-27;20.51;26.99;33.48;0.0;18.023;1.8;25.66
1983-09-28;19.46;27.02;34.58;0.0;18.259;0.9;19.05
1983-09-29;19.19;26.58;33.97;0.0;18.312;1.2;17.97
1983-09-30;18.18;25.88;33.58;0.0;18.007;0.8;17.74
1983-10-01;19.26;26.65;34.04;0.0;17.668;1.11;21.91
1983-10-02;23.44;29.41;35.37;0.0;15.663;1.39;23.84
1983-10-03;21.13;27.78;34.44;0.0;18.166;1.0;19.8
1983-10-04;22.38;28.55;34.72;0.0;10.983;1.1;23.67
1983-10-05;19.16;25.9;32.63;0.0;17.638;1.49;24.28
1983-10-06;16.35;24.57;32.8;0.0;17.701;0.7;17.06
1983-10-07;18.54;26.11;33.67;0.0;16.119;1.49;20.46
1983-10-08;19.94;26.3;32.66;0.0;16.254;1.48;25.43
1983-10-09;18.1;24.71;31.33;0.0;15.962;0.7;31.18
1983-10-10;18.45;24.67;30.9;0.0;15.775;1.0;30.41
1983-10-11;20.46;28.52;36.58;0.0;16.107;0.28;16.61
1983-10-12;22.01;31.22;40.42;0.0;16.505;0.9;9.55
1983-10-13;21.77;31.28;40.8;0.0;16.206;0.7;7.72
1983-10-14;20.42;28.91;37.4;0.0;15.908;0.7;12.42
1983-10-15;20.34;27.31;34.29;0.0;15.32;0.8;17.94
1983-10-16;16.49;23.34;30.19;0.0;16.093;1.11;12.45
1983-10-17;13.84;20.88;27.91;0.0;15.955;1.01;12.74
1983-10-18;12.79;20.19;27.59;0.0;14.978;1.22;24.83
1983-10-19;18.11;23.34;28.57;0.0;5.221;1.21;34.59
1983-10-20;20.32;23.72;27.12;0.0;6.537;1.11;35.96
1983-10-21;16.83;22.21;27.6;0.0;5.307;1.59;32.74
1983-10-22;14.54;20.57;26.6;0.0;13.715;0.4;30.76
1983-10-23;13.77;19.7;25.63;3.83;10.154;0.4;34.71
1983-10-24;17.23;24.17;31.11;0.0;11.813;1.3;24.75
1983-10-25;16.03;23.84;31.64;0.0;13.761;0.5;24.13
1983-10-26;18.52;26.6;34.69;0.0;14.566;1.48;15.96
1983-10-27;16.24;19.84;23.44;5.91;9.649;1.89;62.11
1983-10-28;14.91;19.7;24.49;0.0;10.076;1.48;47.85
1983-10-29;14.91;18.02;21.14;9.09;5.008;1.2;69.44
1983-10-30;13.36;16.24;19.13;3.52;10.539;2.38;60.9
1983-10-31;9.23;10.78;12.33;11.22;1.001;2.7;72.25
1983-11-01;9.38;14.89;20.39;0.0;13.454;1.79;34.24
1983-11-02;8.03;13.85;19.67;0.0;13.387;1.68;24.13
1983-11-03;7.28;13.2;19.11;0.0;14.041;2.5;22.85
1983-11-04;8.48;14.35;20.22;0.0;13.379;2.8;20.93
1983-11-05;6.09;11.92;17.75;0.0;13.054;2.14;20.85
1983-11-06;6.33;12.91;19.5;0.0;12.972;2.04;23.97
1983-11-07;5.81;12.46;19.1;0.0;13.102;2.16;27.87
1983-11-08;6.98;13.24;19.5;2.35;11.917;3.13;38.72
1983-11-09;10.37;14.93;19.48;13.59;8.204;2.68;54.23
1983-11-10;11.6;14.07;16.55;23.0;7.023;1.68;81.51
1983-11-11;10.01;12.93;15.86;7.48;1.616;2.03;70.64
1983-11-12;9.1;13.32;17.53;1.54;10.835;2.67;38.98
1983-11-13;9.0;14.38;19.76;0.0;12.038;2.87;33.01
1983-11-14;8.84;14.19;19.54;0.0;11.972;2.56;31.39
1983-11-15;6.87;13.15;19.43;0.0;11.972;1.13;33.44
1983-11-16;4.96;11.76;18.55;0.0;12.564;1.01;34.8
1983-11-17;10.26;14.34;18.41;0.0;4.31;0.76;39.73
1983-11-18;8.69;11.7;14.71;17.68;4.958;2.33;46.04
1983-11-19;6.68;8.08;9.48;12.04;8.884;2.88;35.61
1983-11-20;5.66;6.08;6.5;13.24;3.1;2.34;72.1
1983-11-21;3.31;5.67;8.03;1.17;7.002;3.69;40.59
1983-11-22;0.89;4.17;7.44;4.01;11.388;1.93;38.48
1983-11-23;7.46;8.71;9.96;2.38;6.94;2.15;62.44
1983-11-24;4.35;9.5;14.65;0.0;11.677;3.33;32.29
1983-11-25;3.01;8.54;14.08;0.0;11.142;1.86;30.8
1983-11-26;3.42;5.83;8.23;6.38;4.843;2.96;55.17
1983-11-27;7.62;10.12;12.62;6.49;6.18;2.68;44.9
1983-11-28;5.45;8.04;10.62;0.0;11.601;2.03;36.75
1983-11-29;7.25;8.81;10.37;5.86;2.657;2.89;62.62
1983-11-30;7.34;9.07;10.8;16.89;3.508;2.69;71.86
1983-12-01;7.82;10.21;12.59;0.0;9.874;2.43;36.78
1983-12-02;6.32;9.73;13.14;0.0;10.705;2.39;35.07
1983-12-03;3.49;6.71;9.92;7.17;4.97;2.82;54.64
1983-12-04;1.68;6.15;10.62;0.0;10.71;3.1;35.94
1983-12-05;0.35;5.45;10.55;0.0;10.3;1.13;34.75
1983-12-06;-3.64;2.44;8.53;1.43;8.531;1.23;41.05
1983-12-07;3.42;6.05;8.68;16.89;7.124;2.49;56.65
1983-12-08;8.8;10.64;12.48;13.82;2.709;2.55;82.43
1983-12-09;9.39;11.6;13.81;3.64;7.508;2.21;76.35
1983-12-10;7.44;10.56;13.68;5.31;1.727;2.95;65.12
1983-12-11;3.25;7.34;11.44;0.0;10.084;2.32;27.84
1983-12-12;0.54;5.43;10.32;0.0;9.437;1.19;28.37
1983-12-13;1.51;6.87;12.23;0.0;8.46;2.21;41.6
1983-12-14;7.65;10.25;12.84;0.0;3.448;1.4;68.71
1983-12-15;8.95;12.81;16.68;0.0;6.098;1.93;58.87
1983-12-16;5.94;10.87;15.79;0.0;11.097;0.9;46.35
1983-12-17;4.67;10.3;15.94;0.0;10.0;0.89;42.45
1983-12-18;5.62;10.9;16.17;0.0;10.877;1.81;42.88
1983-12-19;5.55;5.64;5.74;2.85;1.54;2.52;78.59
1983-12-20;5.57;8.77;11.96;0.0;7.029;2.08;50.15
1983-12-21;3.9;6.73;9.55;0.0;4.298;0.54;62.56
1983-12-22;1.71;6.59;11.46;0.0;9.056;1.28;45.93
1983-12-23;-0.03;5.64;11.31;0.0;10.196;1.39;43.93
1983-12-24;2.67;6.67;10.68;0.0;8.329;2.31;42.31
1983-12-25;3.8;7.81;11.82;6.54;7.468;0.43;54.53
1983-12-26;6.03;8.02;10.0;15.22;2.479;1.81;71.56
1983-12-27;5.65;7.83;10.02;17.55;3.397;3.0;65.94
1983-12-28;2.3;3.91;5.52;8.6;5.828;2.83;69.83
1983-12-29;0.16;1.3;2.43;0.86;5.749;1.85;66.58
1983-12-30;1.25;5.82;10.39;0.0;6.388;1.27;39.41
1983-12-31;-2.17;3.36;8.89;0.0;9.679;1.27;34.8
1984-01-01;-2.85;3.16;9.16;0.0;10.131;1.48;37.76
1984-01-02;0.16;5.08;10.01;0.0;11.554;3.57;35.06
1984-01-03;2.53;3.92;5.32;6.69;5.899;3.1;55.96
1984-01-04;3.27;6.81;10.36;0.0;10.629;3.45;47.74
1984-01-05;1.01;5.65;10.29;0.0;8.363;1.89;40.86
1984-01-06;-0.23;4.0;8.23;0.0;10.395;1.69;32.99
1984-01-07;-1.39;3.39;8.16;0.0;11.256;2.64;36.14
1984-01-08;-0.33;4.4;9.13;0.0;10.522;3.14;30.35
1984-01-09;-0.1;4.34;8.79;0.97;6.357;1.8;46.45
1984-01-10;5.2;8.57;11.94;8.17;4.324;2.81;56.56
1984-01-11;1.66;6.69;11.71;0.0;5.502;3.14;45.21
1984-01-12;-0.76;4.17;9.11;0.0;11.338;2.5;20.3
1984-01-13;0.15;4.75;9.35;0.0;10.162;3.46;20.23
1984-01-14;0.29;5.3;10.31;0.0;10.47;3.58;23.58
1984-01-15;1.59;6.97;12.35;0.0;10.409;3.53;21.78
1984-01-16;1.46;6.63;11.8;18.76;12.482;1.14;41.1
1984-01-17;4.98;8.32;11.66;4.58;5.544;0.61;70.72
1984-01-18;2.96;8.31;13.67;0.0;12.335;1.49;43.57
1984-01-19;2.87;8.57;14.28;0.0;9.023;1.86;43.33
1984-01-20;4.9;10.47;16.04;0.0;6.646;1.98;43.18
1984-01-21;6.39;10.24;14.09;17.51;2.264;1.83;56.66
1984-01-22;3.7;6.5;9.3;0.0;11.542;3.01;36.9
1984-01-23;1.31;5.93;10.55;0.6;12.15;1.8;39.38
1984-01-24;7.45;9.78;12.1;7.97;4.302;2.19;77.32
1984-01-25;5.55;9.85;14.14;1.88;4.507;0.47;62.56
1984-01-26;2.94;9.14;15.34;0.0;13.687;2.9;23.92
1984-01-27;4.36;9.85;15.34;0.0;12.436;3.29;21.62
1984-01-28;5.28;11.02;16.76;0.0;13.801;3.32;24.38
1984-01-29;5.37;9.83;14.29;20.08;6.318;1.54;44.19
1984-01-30;8.55;10.25;11.94;1.89;6.499;2.52;63.02
1984-01-31;6.21;10.35;14.49;0.0;12.518;1.3;43.37
1984-02-01;2.95;9.2;15.44;0.0;13.002;2.38;24.2
1984-02-02;2.72;8.81;14.9;0.0;13.942;1.95;38.0
1984-02-03;4.07;8.88;13.7;0.0;9.031;2.19;43.02
1984-02-04;2.24;8.36;14.47;0.0;12.993;1.6;32.81
1984-02-05;0.52;8.23;15.95;0.0;13.32;1.4;23.76
1984-02-06;1.38;8.97;16.56;0.0;14.628;1.6;24.62
1984-02-07;2.48;10.81;19.14;0.0;14.031;2.61;19.64
1984-02-08;5.75;10.12;14.49;0.0;9.009;3.96;46.7
1984-02-09;3.19;7.6;12.02;0.0;9.062;1.4;45.72
1984-02-10;2.61;7.77;12.93;0.0;14.657;1.0;40.98
1984-02-11;1.31;7.99;14.67;0.0;15.196;1.5;29.89
1984-02-12;1.2;6.54;11.88;0.0;14.772;1.7;21.39
1984-02-13;-0.02;5.91;11.84;0.0;14.824;1.29;25.7
1984-02-14;-1.16;5.03;11.21;0.0;15.009;0.8;32.38
1984-02-15;-1.35;4.44;10.22;5.46;6.7;2.67;59.08
1984-02-16;5.87;7.48;9.1;1.29;7.321;2.72;46.69
1984-02-17;1.41;4.42;7.42;1.1;8.667;2.4;38.62
1984-02-18;0.08;4.42;8.76;0.0;15.06;1.83;30.71
1984-02-19;-1.32;3.82;8.96;0.0;14.698;0.6;33.01
1984-02-20;-1.07;4.13;9.32;0.0;15.657;0.82;33.03
1984-02-21;-1.6;3.24;8.08;14.64;7.165;2.74;59.11
1984-02-22;7.85;12.38;16.9;2.07;4.2;2.4;31.55
1984-02-23;6.03;8.85;11.67;14.08;6.989;3.01;61.52
1984-02-24;5.25;7.04;8.84;2.15;8.827;2.51;54.06
1984-02-25;3.41;6.4;9.39;5.82;6.718;1.41;68.46
1984-02-26;-0.11;2.19;4.48;7.74;7.106;3.95;47.87
1984-02-27;1.2;6.36;11.53;0.0;15.765;0.48;31.62
1984-02-28;1.26;6.76;12.26;0.0;16.433;1.16;29.53
1984-02-29;0.0;0.0;0.0;0.0;0.0;0.0;0.0
1984-03-01;1.18;7.04;12.89;0.0;18.2;2.82;20.17
1984-03-02;1.81;7.9;13.98;0.0;10.59;4.08;14.12
1984-03-03;5.16;11.01;16.85;0.0;17.328;2.0;34.2
1984-03-04;0.4;7.06;13.71;0.0;18.42;0.69;33.44
1984-03-05;6.28;14.15;22.02;0.0;17.271;1.0;25.62
1984-03-06;12.48;18.73;24.97;0.0;18.082;0.69;30.95
1984-03-07;12.67;21.59;30.5;0.0;10.166;1.7;30.01
1984-03-08;9.4;11.62;13.84;0.0;7.162;2.1;54.85
1984-03-09;4.82;10.25;15.67;0.0;13.263;1.6;39.32
1984-03-10;-1.64;5.36;12.37;2.83;19.267;1.2;32.75
1984-03-11;8.63;10.55;12.46;26.26;5.345;0.98;82.78
1984-03-12;7.03;9.26;11.48;10.82;4.372;1.08;77.14
1984-03-13;5.22;8.58;11.95;3.11;7.5;1.28;66.18
1984-03-14;2.11;7.3;12.49;2.76;19.322;2.82;48.91
1984-03-15;12.45;15.34;18.23;0.5;11.929;2.3;65.01
1984-03-16;11.33;21.02;30.7;0.0;18.062;1.16;46.95
1984-03-17;8.63;18.54;28.45;0.0;19.206;0.79;31.46
1984-03-18;12.89;20.77;28.65;0.0;13.899;0.23;40.45
1984-03-19;9.89;15.84;21.78;0.0;18.487;1.0;40.72
1984-03-20;8.31;12.62;16.93;0.75;17.93;1.79;56.24
1984-03-21;8.16;13.29;18.41;0.0;21.063;1.5;32.61
1984-03-22;3.25;8.43;13.62;0.0;20.137;2.55;19.62
1984-03-23;3.77;10.99;18.22;0.0;19.745;1.17;22.66
1984-03-24;5.72;12.72;19.73;0.0;14.928;1.3;36.87
1984-03-25;9.28;15.88;22.47;0.0;19.735;0.45;42.3
1984-03-26;8.95;17.71;26.47;0.0;16.516;0.3;34.23
1984-03-27;11.52;18.12;24.72;1.38;19.208;0.4;28.78
1984-03-28;11.57;18.18;24.78;0.0;13.184;1.34;19.98
1984-03-29;14.01;19.23;24.44;0.0;18.376;0.81;35.73
1984-03-30;10.36;14.07;17.79;14.57;14.856;1.4;57.77
1984-03-31;9.75;12.14;14.53;11.09;7.515;1.42;76.17
1984-04-01;10.47;14.52;18.58;0.0;12.524;1.52;60.84
1984-04-02;9.93;15.58;21.24;3.54;15.127;2.1;34.04
1984-04-03;11.59;14.02;16.44;22.0;7.85;2.12;85.0
1984-04-04;12.56;16.98;21.41;1.5;16.374;1.87;46.4
1984-04-05;13.03;17.63;22.22;3.54;13.305;0.5;53.25
1984-04-06;12.53;16.41;20.28;4.78;14.858;2.11;69.8
1984-04-07;9.03;13.83;18.63;0.0;22.59;1.03;30.88
1984-04-08;4.67;7.68;10.69;6.15;15.473;1.8;38.46
1984-04-09;8.17;13.08;17.99;0.0;19.406;0.8;31.8
1984-04-10;7.46;12.54;17.62;0.0;22.138;0.4;30.23
1984-04-11;5.01;12.32;19.63;4.31;21.722;1.6;27.0
1984-04-12;12.41;17.43;22.44;20.86;15.634;2.91;37.7
1984-04-13;7.43;11.07;14.72;5.09;13.757;1.94;64.53
1984-04-14;7.98;11.19;14.4;7.46;13.448;1.75;58.88
1984-04-15;10.29;14.43;18.57;0.0;18.669;1.08;54.17
1984-04-16;10.62;15.39;20.17;0.0;16.291;0.91;47.96
1984-04-17;7.71;13.95;20.19;1.33;24.934;1.6;40.35
1984-04-18;6.34;11.83;17.33;2.76;14.249;1.52;50.92
1984-04-19;7.72;13.38;19.03;0.0;23.731;0.51;28.52
1984-04-20;8.62;14.86;21.1;0.0;22.938;0.49;31.03
1984-04-21;9.87;17.75;25.62;0.0;22.517;0.79;25.7
1984-04-22;9.81;16.92;24.03;2.41;9.056;1.2;37.12
1984-04-23;11.9;15.77;19.64;0.0;20.359;2.34;52.62
1984-04-24;10.21;14.99;19.77;3.3;18.173;1.22;50.31
1984-04-25;9.2;15.56;21.93;0.0;23.651;0.4;36.89
1984-04-26;6.52;13.12;19.71;0.0;24.426;1.8;38.43
1984-04-27;9.29;15.52;21.75;0.0;25.172;0.52;30.27
1984-04-28;10.8;18.14;25.49;0.0;25.752;1.49;20.06
1984-04-29;14.17;22.33;30.49;0.0;21.736;0.9;21.06
1984-04-30;12.36;19.81;27.27;0.0;18.812;0.9;28.24
1984-05-01;9.87;16.68;23.49;0.0;22.968;1.28;40.61
1984-05-02;8.08;14.96;21.85;0.8;25.052;0.79;28.45
1984-05-03;10.99;19.81;28.63;4.61;20.772;3.23;17.76
1984-05-04;12.01;15.41;18.8;0.0;23.492;1.89;46.5
1984-05-05;13.46;15.69;17.92;0.19;12.779;1.39;50.16
1984-05-06;12.87;15.01;17.15;3.13;9.273;0.99;60.43
1984-05-07;10.97;15.77;20.58;0.0;20.686;1.37;48.38
1984-05-08;11.33;16.25;21.17;3.31;15.963;1.09;55.1
1984-05-09;9.9;15.95;22.0;0.0;24.847;0.94;39.63
1984-05-10;10.56;17.84;25.12;1.04;25.205;0.61;27.86
1984-05-11;15.8;21.85;27.9;0.0;24.31;1.78;30.14
1984-05-12;14.03;17.18;20.34;2.5;22.448;2.48;48.87
1984-05-13;13.11;19.77;26.42;0.0;24.525;1.28;28.65
1984-05-14;13.11;20.46;27.82;0.0;22.484;0.34;27.86
1984-05-15;11.49;19.78;28.07;3.99;23.991;1.39;19.23
1984-05-16;14.32;16.66;19.01;4.66;13.517;2.39;61.36
1984-05-17;14.59;18.98;23.37;0.0;14.513;1.92;51.25
1984-05-18;13.74;20.07;26.39;0.0;22.747;0.99;30.9
1984-05-19;13.29;22.13;30.97;0.0;27.13;0.99;18.42
1984-05-20;12.4;19.82;27.24;0.0;27.364;1.09;23.98
1984-05-21;14.61;21.34;28.08;0.0;23.662;1.89;32.33
1984-05-22;16.14;23.27;30.4;0.0;22.196;1.46;31.45
1984-05-23;17.05;23.91;30.76;0.0;23.677;1.8;23.77
1984-05-24;15.96;24.18;32.4;0.0;27.663;0.95;18.22
1984-05-25;14.82;25.36;35.91;0.0;29.897;0.58;11.28
1984-05-26;19.61;25.31;31.02;0.0;4.91;0.57;21.07
1984-05-27;19.8;23.34;26.88;1.42;9.584;0.57;53.87
1984-05-28;17.38;20.77;24.16;1.97;13.307;2.42;60.52
1984-05-29;17.08;20.05;23.02;0.0;18.125;2.39;49.7
1984-05-30;17.05;19.59;22.14;3.93;19.064;2.03;56.7
1984-05-31;17.08;23.4;29.72;0.0;19.133;0.6;32.86
1984-06-01;16.45;25.0;33.55;0.0;27.3;0.99;14.31
1984-06-02;19.41;27.52;35.63;0.0;29.182;1.17;8.95
1984-06-03;17.45;24.86;32.27;0.0;24.16;2.14;16.13
1984-06-04;18.76;23.75;28.73;0.0;22.25;1.96;28.68
1984-06-05;17.81;23.35;28.9;0.0;17.403;1.59;32.59
1984-06-06;15.66;23.3;30.94;0.0;24.997;0.83;25.48
1984-06-07;17.08;23.54;30.0;0.0;24.57;1.28;30.1
1984-06-08;18.33;24.06;29.8;0.0;26.402;1.59;27.43
1984-06-09;17.58;23.88;30.17;0.0;26.812;1.8;26.0
1984-06-10;18.32;25.11;31.9;0.0;26.539;1.28;21.82
1984-06-11;17.4;27.62;37.84;0.0;29.89;0.2;12.93
1984-06-12;19.76;30.45;41.13;0.0;30.557;0.36;7.81
1984-06-13;21.32;29.01;36.7;0.0;26.908;1.49;10.66
1984-06-14;19.63;25.38;31.14;0.0;27.924;1.89;15.29
1984-06-15;19.07;25.33;31.59;0.0;30.706;1.79;20.13
1984-06-16;18.59;24.92;31.25;0.0;27.8;2.0;24.31
1984-06-17;18.47;23.91;29.34;0.0;20.56;2.1;33.9
1984-06-18;19.27;24.64;30.01;0.0;24.601;2.0;37.71
1984-06-19;19.55;23.95;28.35;0.0;21.993;2.0;52.41
1984-06-20;19.89;23.59;27.3;8.39;22.111;1.87;30.85
1984-06-21;18.87;25.76;32.65;0.0;28.972;1.29;13.36
1984-06-22;20.22;28.18;36.13;0.0;30.529;1.09;10.18
1984-06-23;18.48;28.59;38.69;0.0;31.425;1.09;9.32
1984-06-24;19.82;27.26;34.7;0.0;29.964;1.79;18.86
1984-06-25;20.93;26.86;32.79;0.0;28.257;2.01;33.49
1984-06-26;19.61;23.23;26.84;0.0;23.163;2.59;43.39
1984-06-27;17.13;23.52;29.9;0.0;22.086;1.69;27.99
1984-06-28;19.25;26.27;33.29;0.56;30.333;1.49;19.37
1984-06-29;19.53;24.77;30.02;0.0;24.906;2.11;37.18
1984-06-30;20.65;25.41;30.17;0.0;22.994;2.3;32.16
1984-07-01;21.14;27.34;33.54;9.77;28.619;2.0;17.19
1984-07-02;19.7;25.14;30.59;0.0;25.618;1.89;18.42
1984-07-03;21.35;25.96;30.58;0.0;21.262;2.11;28.48
1984-07-04;20.93;26.52;32.12;0.0;22.331;2.11;26.78
1984-07-05;20.79;26.68;32.58;0.0;24.989;2.12;22.68
1984-07-06;21.05;26.58;32.1;0.0;28.689;2.11;21.26
1984-07-07;20.52;26.33;32.13;0.0;28.434;2.19;25.65
1984-07-08;21.37;27.03;32.69;0.0;25.623;2.32;30.42
1984-07-09;21.27;27.49;33.72;0.0;24.103;2.29;24.73
1984-07-10;20.78;27.46;34.13;0.0;26.41;2.2;21.71
1984-07-11;21.57;27.61;33.65;0.0;26.81;2.46;23.6
1984-07-12;21.69;26.59;31.48;0.0;27.518;2.26;26.99
1984-07-13;21.07;26.26;31.45;0.0;25.646;2.3;36.77
1984-07-14;20.68;25.45;30.21;0.0;24.657;2.46;36.66
1984-07-15;19.82;25.15;30.48;0.0;25.019;2.46;34.91
1984-07-16;20.25;25.58;30.91;0.0;26.41;1.9;28.91
1984-07-17;20.75;25.48;30.21;0.0;26.193;2.06;27.21
1984-07-18;21.19;26.23;31.26;0.0;26.832;2.41;27.29
1984-07-19;20.97;25.8;30.62;0.0;26.009;2.5;30.54
1984-07-20;20.44;25.27;30.11;0.0;25.83;2.19;30.44
1984-07-21;20.25;25.12;29.99;0.0;25.585;2.22;30.45
1984-07-22;20.28;25.04;29.79;0.0;23.075;2.71;37.05
1984-07-23;20.96;25.36;29.75;0.0;22.964;2.58;36.2
1984-07-24;20.57;24.31;28.06;0.0;17.6;2.67;35.73
1984-07-25;21.35;26.13;30.91;0.0;21.482;1.81;30.4
1984-07-26;21.76;27.76;33.75;0.21;25.622;1.71;24.94
1984-07-27;19.89;25.55;31.2;0.0;24.865;1.5;24.62
1984-07-28;21.25;25.37;29.48;0.0;27.126;1.79;20.86
1984-07-29;21.07;26.8;32.54;0.0;24.934;2.3;25.48
1984-07-30;21.37;27.47;33.56;0.0;24.043;2.3;26.49
1984-07-31;21.09;25.13;29.17;0.0;26.155;1.8;24.02
1984-08-01;21.09;26.39;31.69;0.0;23.395;2.55;30.19
1984-08-02;23.09;28.63;34.16;0.0;24.153;2.3;31.62
1984-08-03;22.81;28.96;35.11;0.0;23.887;2.07;24.19
1984-08-04;21.32;28.4;35.48;0.0;26.553;1.5;15.29
1984-08-05;21.17;28.49;35.81;0.0;28.052;1.8;8.94
1984-08-06;21.24;29.23;37.23;0.0;26.773;2.55;9.34
1984-08-07;23.11;30.73;38.36;0.0;24.439;1.19;15.15
1984-08-08;24.76;30.54;36.31;0.0;24.735;2.01;23.04
1984-08-09;23.45;27.52;31.6;0.0;23.273;2.03;30.23
1984-08-10;22.64;27.0;31.36;0.0;22.546;2.2;40.69
1984-08-11;20.84;25.06;29.29;5.29;20.526;2.75;58.81
1984-08-12;19.16;23.61;28.05;5.29;19.357;2.9;55.79
1984-08-13;21.28;24.63;27.97;6.07;19.37;2.72;65.18
1984-08-14;21.72;26.43;31.14;0.0;21.745;2.48;39.23
1984-08-15;21.79;26.66;31.52;0.0;22.982;2.31;26.29
1984-08-16;20.96;27.61;34.26;0.0;23.789;2.47;18.89
1984-08-17;22.87;29.17;35.47;0.0;22.275;2.4;26.13
1984-08-18;21.26;28.82;36.38;0.0;26.223;1.7;11.92
1984-08-19;21.4;29.4;37.41;0.0;25.607;1.49;11.69
1984-08-20;21.46;29.63;37.79;0.0;23.667;1.48;14.71
1984-08-21;24.07;29.96;35.85;0.0;21.972;1.76;24.64
1984-08-22;22.81;28.66;34.51;0.0;21.424;2.04;32.91
1984-08-23;21.76;27.87;33.97;0.0;22.372;1.59;27.48
1984-08-24;22.17;27.82;33.47;0.0;19.67;2.1;37.37
1984-08-25;22.8;28.23;33.65;0.0;21.644;2.1;32.8
1984-08-26;20.86;27.95;35.04;0.0;23.566;0.97;17.02
1984-08-27;20.5;28.43;36.36;0.0;24.379;1.08;11.42
1984-08-28;21.46;28.5;35.55;0.0;22.465;2.1;19.89
1984-08-29;22.79;27.5;32.2;0.0;20.521;2.1;36.74
1984-08-30;23.64;28.96;34.28;0.0;21.724;1.8;34.27
1984-08-31;22.69;28.6;34.51;0.0;21.858;1.91;30.36
1984-09-01;20.77;26.17;31.58;0.0;22.676;1.8;33.23
1984-09-02;22.21;28.57;34.92;0.0;20.486;1.91;26.35
1984-09-03;21.29;27.75;34.21;0.0;22.033;0.79;12.82
1984-09-04;19.25;26.77;34.3;0.0;22.469;1.72;9.5
1984-09-05;17.06;26.68;36.3;0.0;22.399;1.08;11.37
1984-09-06;20.85;27.34;33.83;0.0;21.158;2.31;24.74
1984-09-07;23.22;27.81;32.41;0.0;20.513;2.0;39.1
1984-09-08;22.41;28.21;34.01;0.0;19.491;1.29;32.1
1984-09-09;20.44;27.84;35.23;0.0;20.072;0.87;23.03
1984-09-10;19.49;27.55;35.6;1.13;20.922;1.28;16.75
1984-09-11;22.05;27.15;32.25;0.0;20.277;2.1;35.13
1984-09-12;20.79;25.68;30.58;1.99;20.73;2.11;29.4
1984-09-13;18.78;24.99;31.2;0.0;20.331;2.1;23.43
1984-09-14;17.33;24.86;32.39;0.0;20.729;0.88;17.9
1984-09-15;17.67;25.36;33.04;0.0;20.641;1.69;18.87
1984-09-16;20.85;27.71;34.58;0.0;20.796;1.72;8.44
1984-09-17;19.79;27.77;35.76;0.0;20.718;1.79;5.58
1984-09-18;19.3;28.55;37.81;0.0;20.604;0.69;4.99
1984-09-19;20.11;30.41;40.7;0.0;20.18;0.6;4.57
1984-09-20;24.22;31.52;38.83;0.0;6.559;0.59;13.38
1984-09-21;22.0;28.66;35.31;3.74;15.64;2.21;17.17
1984-09-22;19.45;24.92;30.39;3.37;15.762;1.11;30.71
1984-09-23;18.58;25.65;32.73;0.0;18.744;0.6;24.0
1984-09-24;17.21;25.95;34.68;0.0;19.418;0.48;14.28
1984-09-25;22.4;33.1;43.8;0.0;15.64;1.39;7.74
1984-09-26;21.65;29.48;37.32;0.0;18.524;1.4;15.98
1984-09-27;21.05;28.22;35.38;0.0;17.703;1.11;19.36
1984-09-28;21.25;29.22;37.19;0.0;17.686;1.21;15.25
1984-09-29;22.08;29.89;37.71;0.0;17.436;1.3;14.47
1984-09-30;19.45;25.15;30.85;4.32;15.087;2.04;26.51
1984-10-01;20.73;25.81;30.89;0.0;6.05;1.51;39.2
1984-10-02;18.08;22.16;26.24;4.15;14.506;1.58;38.36
1984-10-03;17.05;22.79;28.52;0.0;12.291;1.13;35.87
1984-10-04;14.99;21.27;27.55;0.0;16.69;0.77;32.66
1984-10-05;15.69;21.11;26.53;4.5;12.693;1.67;39.75
1984-10-06;17.98;20.23;22.49;14.9;9.317;1.39;67.22
1984-10-07;15.0;17.94;20.88;4.78;8.793;2.7;63.8
1984-10-08;9.78;17.17;24.56;0.0;16.897;0.8;25.71
1984-10-09;7.8;16.39;24.99;0.0;16.537;0.5;27.68
1984-10-10;10.27;17.69;25.1;0.0;16.113;0.49;32.21
1984-10-11;12.0;18.59;25.17;0.0;15.704;1.31;34.69
1984-10-12;12.02;19.01;26.0;0.0;15.917;1.0;28.47
1984-10-13;11.53;19.05;26.58;0.0;15.723;0.5;24.77
1984-10-14;12.73;20.66;28.59;0.0;15.241;0.8;24.53
1984-10-15;14.9;22.51;30.12;0.0;15.132;0.91;23.61
1984-10-16;15.44;23.02;30.6;0.0;14.717;1.01;24.66
1984-10-17;16.32;24.01;31.69;0.0;14.996;1.21;22.18
1984-10-18;16.43;25.79;35.14;0.0;15.371;1.03;12.21
1984-10-19;14.87;23.11;31.36;0.0;14.936;0.8;19.99
1984-10-20;15.92;24.17;32.42;0.0;15.134;1.11;17.35
1984-10-21;16.44;23.44;30.44;0.0;10.469;1.36;27.4
1984-10-22;14.86;21.32;27.78;0.0;12.562;0.76;34.54
1984-10-23;14.55;21.05;27.55;0.0;12.562;1.22;34.09
1984-10-24;14.7;19.51;24.32;0.0;13.184;2.18;33.55
1984-10-25;12.61;19.8;27.0;0.0;14.285;1.79;26.96
1984-10-26;13.19;22.23;31.26;0.0;13.585;1.2;17.82
1984-10-27;15.77;24.14;32.51;0.0;13.472;1.23;22.02
1984-10-28;15.38;24.16;32.93;0.0;13.255;0.5;18.84
1984-10-29;15.76;24.53;33.3;0.0;13.386;0.7;14.97
1984-10-30;17.44;26.3;35.16;0.0;13.312;0.9;11.05
1984-10-31;17.35;25.62;33.89;0.0;14.024;0.8;10.07
1984-11-01;15.87;25.14;34.42;0.0;13.089;0.9;11.29
1984-11-02;14.3;19.56;24.83;0.0;12.072;1.5;39.96
1984-11-03;20.8;25.16;29.52;0.0;8.789;0.7;38.18
1984-11-04;15.68;20.09;24.51;0.26;7.426;2.25;38.58
1984-11-05;10.7;17.23;23.77;0.0;13.022;1.42;22.76
1984-11-06;9.73;16.95;24.18;0.0;12.7;1.43;24.07
1984-11-07;11.93;17.04;22.14;4.34;5.627;2.76;47.84
1984-11-08;12.11;15.49;18.88;0.0;10.319;2.47;23.87
1984-11-09;6.67;11.09;15.52;0.0;12.696;2.44;17.92
1984-11-10;5.23;11.4;17.57;0.0;12.255;1.02;19.5
1984-11-11;6.16;13.61;21.06;0.0;12.039;0.91;25.48
1984-11-12;7.55;14.98;22.41;0.0;11.962;1.01;27.75
1984-11-13;8.0;15.64;23.28;0.0;11.527;1.01;27.25
1984-11-14;9.33;16.77;24.21;0.0;11.619;1.83;20.16
1984-11-15;9.34;15.36;21.38;12.39;12.658;2.12;21.62
1984-11-16;9.01;13.53;18.05;14.7;7.807;1.7;48.3
1984-11-17;8.24;10.71;13.17;5.94;2.86;2.12;59.58
1984-11-18;6.81;11.2;15.59;0.0;12.221;1.23;35.28
1984-11-19;3.4;10.06;16.73;0.0;12.162;1.54;34.1
1984-11-20;9.58;12.63;15.69;6.92;4.313;1.73;56.72
1984-11-21;8.69;10.33;11.97;8.8;2.181;1.53;68.37
1984-11-22;6.2;9.09;11.97;0.49;4.426;1.41;59.88
1984-11-23;6.53;10.2;13.86;0.0;6.77;1.83;39.63
1984-11-24;8.49;10.45;12.41;2.86;4.409;2.04;56.05
1984-11-25;8.84;10.84;12.83;14.23;5.401;2.26;73.28
1984-11-26;8.5;11.33;14.16;0.0;5.275;2.26;44.31
1984-11-27;6.69;7.81;8.94;12.83;1.757;1.63;67.56
1984-11-28;4.5;9.09;13.68;0.0;11.218;1.22;34.71
1984-11-29;2.22;7.65;13.07;0.43;8.379;1.64;43.27
1984-11-30;6.96;9.6;12.24;8.29;1.875;2.67;64.16
1984-12-01;4.69;8.72;12.76;0.0;11.041;3.86;24.1
1984-12-02;1.43;6.68;11.93;0.0;11.134;2.61;22.0
1984-12-03;-1.26;4.55;10.36;0.0;11.796;0.91;28.37
1984-12-04;4.17;6.21;8.26;10.82;1.695;2.4;67.98
1984-12-05;5.34;9.64;13.94;0.0;10.06;2.98;34.48
1984-12-06;2.98;7.46;11.95;0.0;10.618;1.64;33.32
1984-12-07;2.73;7.38;12.03;0.0;6.293;1.73;49.07
1984-12-08;6.36;7.72;9.09;15.49;5.443;1.82;70.32
1984-12-09;0.33;5.59;10.86;1.99;10.353;2.55;34.36
1984-12-10;-2.83;2.38;7.59;1.07;10.229;0.56;36.48
1984-12-11;3.64;7.26;10.88;1.63;6.155;1.39;58.89
1984-12-12;8.23;12.0;15.77;0.0;7.9;2.1;43.76
1984-12-13;6.04;10.64;15.24;6.52;7.405;1.8;42.16
1984-12-14;6.83;7.38;7.92;10.64;1.553;1.8;77.91
1984-12-15;7.02;8.82;10.62;18.72;0.9;2.81;60.75
1984-12-16;3.03;4.96;6.9;5.89;6.969;2.94;39.04
1984-12-17;-0.92;3.37;7.66;9.69;4.921;3.28;28.78
1984-12-18;-1.01;3.94;8.89;0.0;10.134;2.51;19.78
1984-12-19;-4.31;1.02;6.35;0.0;8.961;1.98;36.3
1984-12-20;-2.72;0.55;3.82;3.11;5.105;2.31;64.2
1984-12-21;-3.16;1.87;6.9;12.97;2.596;3.38;39.21
1984-12-22;-0.62;4.45;9.52;0.0;10.566;2.61;12.24
1984-12-23;-1.06;3.9;8.87;0.0;9.679;2.45;17.76
1984-12-24;-1.9;3.18;8.26;0.0;7.432;2.88;21.81
1984-12-25;-1.26;3.86;8.97;0.0;10.606;1.87;26.73
1984-12-26;-0.63;5.04;10.71;2.37;7.167;3.0;57.81
1984-12-27;4.48;7.99;11.5;16.86;2.452;2.49;65.89
1984-12-28;3.04;6.28;9.52;0.0;9.245;2.3;34.12
1984-12-29;0.73;6.1;11.46;0.0;7.987;3.0;31.46
1984-12-30;-0.58;4.17;8.93;0.0;10.225;3.45;20.11
1984-12-31;-0.9;4.0;8.9;0.0;9.388;3.93;18.3
