iso-date;tmin;tavg;tmax;precip;globrad;wind;relhumid
1980-01-01;1.74;3.21;4.67;0.4;1.784;4.03;74.57
1980-01-02;1.48;2.87;4.26;1.94;1.435;2.65;86.97
1980-01-03;-0.3;1.2;2.7;0.0;3.574;3.25;65.69
1980-01-04;-1.07;0.47;2.02;1.04;2.581;1.66;72.84
1980-01-05;-6.18;-1.93;2.32;1.91;2.706;3.21;66.68
1980-01-06;-7.32;-3.7;-0.08;0.19;3.621;0.76;67.19
1980-01-07;-5.17;-2.24;0.69;0.0;4.098;1.13;67.02
1980-01-08;-1.88;1.56;5.0;0.22;5.029;4.44;83.07
1980-01-09;2.75;3.67;4.58;0.0;2.238;3.51;91.58
1980-01-10;1.97;3.67;5.38;0.0;3.072;2.82;84.52
1980-01-11;1.97;3.52;5.08;0.0;3.034;1.29;85.8
1980-01-12;1.79;4.02;6.24;0.0;2.83;1.64;83.85
1980-01-13;1.51;3.01;4.51;0.0;2.748;2.56;83.97
1980-01-14;1.63;3.5;5.38;0.0;3.819;3.49;79.47
1980-01-15;1.21;3.04;4.88;0.0;5.411;3.24;68.03
1980-01-16;0.52;2.2;3.88;0.0;5.932;1.47;65.95
1980-01-17;0.13;2.7;5.27;0.59;3.574;2.84;78.56
1980-01-18;1.09;3.62;6.15;0.38;2.57;2.49;80.52
1980-01-19;0.71;2.75;4.79;0.0;5.473;2.63;69.8
1980-01-20;-0.04;1.4;2.84;0.0;4.66;4.04;59.38
1980-01-21;-0.7;0.99;2.68;0.0;5.299;4.93;46.32
1980-01-22;0.1;1.63;3.16;0.0;4.189;5.88;40.88
1980-01-23;-0.62;0.59;1.81;0.0;6.106;3.62;59.72
1980-01-24;-3.47;-0.41;2.66;0.0;5.094;0.88;60.02
1980-01-25;-3.52;-0.47;2.58;0.0;5.574;2.86;50.99
1980-01-26;-2.34;1.0;4.33;2.63;4.255;3.47;57.62
1980-01-27;1.98;3.96;5.93;3.64;3.93;4.22;87.5
1980-01-28;1.31;3.37;5.43;0.0;2.951;3.38;84.81
1980-01-29;0.61;2.34;4.07;0.0;5.51;1.72;75.66
1980-01-30;0.4;1.59;2.79;0.0;3.692;4.62;60.16
1980-01-31;-0.37;1.54;3.45;0.0;7.398;4.66;50.91
1980-02-01;-0.09;2.87;5.82;0.0;4.781;1.93;61.76
1980-02-02;0.68;4.04;7.4;1.43;3.439;5.94;64.66
1980-02-03;1.29;4.83;8.37;0.25;5.318;3.99;72.52
1980-02-04;5.75;7.92;10.09;0.21;3.611;6.29;65.96
1980-02-05;2.93;5.66;8.39;0.0;3.872;3.2;60.74
1980-02-06;2.09;5.41;8.72;0.0;4.471;1.03;63.67
1980-02-07;1.38;4.47;7.57;0.0;6.411;1.38;63.57
1980-02-08;2.5;5.7;8.89;0.0;3.283;1.97;68.36
1980-02-09;3.33;7.61;11.89;0.0;4.603;1.53;68.85
1980-02-10;1.81;6.6;11.39;0.0;5.575;1.79;58.63
1980-02-11;0.93;5.97;11.01;0.0;7.162;1.51;57.36
1980-02-12;1.48;6.07;10.65;0.0;6.254;1.74;60.57
1980-02-13;2.43;6.48;10.53;0.0;6.885;3.61;54.68
1980-02-14;1.84;5.64;9.45;0.0;6.934;2.37;52.06
1980-02-15;1.61;6.67;11.74;0.0;4.645;1.54;57.85
1980-02-16;4.79;8.09;11.38;0.0;4.437;1.03;72.14
1980-02-17;5.27;8.2;11.12;0.0;6.146;2.25;73.89
1980-02-18;1.36;4.24;7.12;0.0;8.027;3.06;53.45
1980-02-19;0.73;4.24;7.75;0.0;11.299;2.73;46.41
1980-02-20;0.69;4.03;7.37;0.0;11.228;5.02;40.13
1980-02-21;0.29;2.5;4.7;0.0;10.791;6.74;40.01
1980-02-22;-0.44;2.34;5.12;0.0;11.143;5.13;25.44
1980-02-23;-0.4;2.93;6.26;0.0;11.389;4.21;29.39
1980-02-24;1.47;6.28;11.08;2.07;8.519;5.47;52.5
1980-02-25;6.93;11.33;15.73;0.88;4.897;3.45;71.48
1980-02-26;11.21;15.15;19.09;0.0;9.025;5.81;52.65
1980-02-27;11.0;13.21;15.43;0.79;8.696;5.11;64.92
1980-02-28;5.05;9.61;14.16;0.29;4.539;5.07;75.54
1980-02-29;0.0;0.0;0.0;0.0;0.0;0.0;0.0
1980-03-01;3.96;9.04;14.11;0.0;10.445;0.78;46.98
1980-03-02;7.92;14.73;21.53;0.0;9.501;2.57;48.94
1980-03-03;6.44;11.86;17.27;0.0;11.369;3.28;50.28
1980-03-04;12.27;18.38;24.5;1.97;4.764;2.68;69.91
1980-03-05;10.95;13.47;16.0;0.0;10.2;2.89;56.46
1980-03-06;9.61;13.98;18.36;0.0;10.653;2.99;51.45
1980-03-07;12.69;18.45;24.22;0.52;5.358;2.3;65.76
1980-03-08;10.21;13.52;16.83;0.0;11.441;3.16;53.18
1980-03-09;13.18;17.81;22.45;0.84;5.325;2.91;72.47
1980-03-10;9.87;11.74;13.61;0.0;9.126;1.83;62.53
1980-03-11;10.05;14.57;19.09;0.0;8.915;0.69;61.63
1980-03-12;6.03;9.97;13.91;0.0;7.043;3.72;68.74
1980-03-13;3.29;7.29;11.28;0.0;14.92;3.53;32.52
1980-03-14;1.65;5.21;8.78;0.0;15.335;1.37;28.15
1980-03-15;1.94;7.46;12.98;0.0;15.868;1.17;36.19
1980-03-16;6.44;13.56;20.67;34.48;3.431;2.98;76.92
1980-03-17;5.61;8.53;11.45;0.0;10.122;1.54;56.49
1980-03-18;4.89;10.05;15.21;0.42;10.387;2.23;52.36
1980-03-19;2.75;7.79;12.82;0.0;15.419;2.59;39.06
1980-03-20;2.3;7.63;12.95;0.0;11.487;2.32;47.21
1980-03-21;2.74;7.61;12.48;0.0;15.803;2.9;41.05
1980-03-22;2.29;7.29;12.29;0.0;13.514;2.9;44.69
1980-03-23;2.68;8.08;13.47;0.0;16.455;1.98;40.64
1980-03-24;1.77;7.27;12.77;0.0;14.865;1.02;41.32
1980-03-25;1.85;8.48;15.11;0.0;17.173;1.47;40.87
1980-03-26;2.49;9.19;15.88;0.0;8.837;2.14;47.48
1980-03-27;4.79;11.01;17.24;0.0;12.569;2.76;49.16
1980-03-28;7.66;13.19;18.72;6.22;5.687;5.41;77.77
1980-03-29;3.36;6.36;9.37;0.45;7.22;4.94;55.58
1980-03-30;3.26;8.98;14.71;0.0;12.139;3.08;43.67
1980-03-31;2.01;5.71;9.42;0.0;10.089;1.46;50.71
1980-04-01;3.54;8.77;13.99;0.0;14.558;3.28;49.36
1980-04-02;2.28;7.95;13.62;0.0;11.345;1.85;47.72
1980-04-03;6.97;13.18;19.39;4.06;8.175;3.96;49.74
1980-04-04;1.39;5.67;9.94;1.04;12.813;4.72;52.3
1980-04-05;-0.67;3.42;7.5;0.0;18.539;1.0;37.19
1980-04-06;0.59;6.74;12.89;0.0;16.203;3.15;46.17
1980-04-07;2.48;7.69;12.89;1.08;10.44;2.75;62.12
1980-04-08;3.92;7.7;11.47;0.0;16.252;2.76;46.43
1980-04-09;0.83;5.05;9.28;0.0;21.852;5.19;18.16
1980-04-10;-0.82;3.21;7.23;0.0;22.286;5.69;17.48
1980-04-11;-1.36;2.04;5.44;0.0;22.36;5.28;15.93
1980-04-12;-0.58;3.83;8.23;0.0;24.145;4.87;20.69
1980-04-13;-0.24;4.65;9.54;0.0;13.999;2.34;47.35
1980-04-14;2.7;7.26;11.82;4.2;6.423;4.07;63.72
1980-04-15;2.88;6.78;10.68;0.0;16.851;3.92;49.65
1980-04-16;1.6;6.87;12.14;0.0;14.495;3.35;45.52
1980-04-17;0.44;4.56;8.69;0.0;17.677;3.81;37.09
1980-04-18;6.21;12.62;19.03;0.0;19.474;5.1;39.08
1980-04-19;9.89;15.75;21.6;10.45;6.362;2.11;88.5
1980-04-20;9.38;10.65;11.92;2.93;14.11;2.74;63.32
1980-04-21;8.03;11.4;14.77;1.15;20.638;2.15;45.33
1980-04-22;7.63;14.04;20.44;3.39;13.315;1.09;49.94
1980-04-23;10.24;16.18;22.12;0.0;16.954;1.69;54.04
1980-04-24;9.04;12.43;15.81;0.66;15.733;0.93;56.49
1980-04-25;10.17;14.31;18.45;5.13;10.511;0.77;72.54
1980-04-26;4.98;7.95;10.91;2.02;9.792;2.78;63.22
1980-04-27;3.0;7.51;12.02;0.0;18.032;0.94;46.9
1980-04-28;8.74;15.8;22.85;1.08;9.398;2.42;71.22
1980-04-29;6.97;9.83;12.7;0.0;15.228;2.29;57.75
1980-04-30;3.42;8.62;13.81;0.0;22.058;1.12;43.24
1980-05-01;3.09;10.01;16.92;0.0;22.435;1.24;40.58
1980-05-02;8.7;16.2;23.71;0.0;21.975;3.07;49.21
1980-05-03;8.34;11.39;14.45;6.9;8.583;4.76;63.47
1980-05-04;8.33;11.74;15.15;1.14;15.098;5.31;50.0
1980-05-05;6.52;9.02;11.52;0.84;10.222;2.82;57.06
1980-05-06;3.19;6.34;9.49;0.0;19.285;2.17;50.3
1980-05-07;3.85;9.47;15.1;0.0;21.932;1.87;48.01
1980-05-08;6.16;12.09;18.02;0.0;17.386;1.13;52.42
1980-05-09;10.51;15.75;21.0;2.75;9.267;1.55;66.56
1980-05-10;7.79;10.72;13.66;0.44;13.245;1.4;62.21
1980-05-11;6.1;10.71;15.32;0.0;18.167;0.13;48.14
1980-05-12;9.38;15.65;21.92;3.13;13.075;3.07;66.76
1980-05-13;8.9;12.29;15.69;2.17;13.465;4.2;56.39
1980-05-14;9.85;13.59;17.34;5.3;8.631;4.55;75.81
1980-05-15;8.02;9.5;10.98;5.63;8.186;2.92;62.84
1980-05-16;7.82;11.57;15.32;0.91;10.06;1.95;67.93
1980-05-17;6.25;9.57;12.89;0.0;21.403;1.87;49.28
1980-05-18;3.72;9.29;14.87;4.87;16.916;1.15;52.14
1980-05-19;5.45;11.81;18.17;0.0;17.235;1.43;52.24
1980-05-20;7.88;13.16;18.44;0.0;22.641;2.17;43.5
1980-05-21;9.39;14.51;19.62;0.92;8.979;2.94;71.78
1980-05-22;9.28;10.48;11.69;3.39;10.812;2.83;59.88
1980-05-23;9.92;13.29;16.66;0.0;15.911;3.94;53.76
1980-05-24;11.03;14.73;18.44;1.11;16.004;5.19;50.87
1980-05-25;14.96;20.12;25.27;2.16;8.141;4.64;77.79
1980-05-26;14.24;15.86;17.48;0.0;9.48;3.0;69.07
1980-05-27;10.81;13.16;15.5;0.0;16.835;3.37;53.99
1980-05-28;8.72;13.0;17.27;0.35;20.357;3.05;49.39
1980-05-29;10.55;14.9;19.25;1.68;13.332;3.8;57.3
1980-05-30;10.49;14.93;19.37;0.0;19.254;6.35;50.21
1980-05-31;10.48;13.26;16.04;0.0;17.712;5.32;50.1
1980-06-01;8.74;11.23;13.73;0.37;16.394;3.71;50.59
1980-06-02;11.9;16.47;21.04;0.93;12.36;3.9;67.25
1980-06-03;8.81;10.5;12.18;0.0;14.669;2.32;50.49
1980-06-04;8.08;12.57;17.05;0.0;24.856;1.89;42.17
1980-06-05;12.86;19.55;26.25;1.22;23.621;1.71;46.79
1980-06-06;14.11;20.34;26.56;21.32;11.065;2.22;71.73
1980-06-07;9.04;13.12;17.2;0.0;30.11;2.44;51.25
1980-06-08;6.68;11.9;17.12;0.0;22.158;1.39;48.48
1980-06-09;8.96;15.27;21.57;0.0;24.606;2.15;45.67
1980-06-10;10.23;16.09;21.95;0.0;22.632;2.13;46.78
1980-06-11;13.73;20.05;26.37;0.0;23.856;2.28;48.4
1980-06-12;15.51;21.54;27.58;2.59;25.703;2.63;45.65
1980-06-13;13.17;19.16;25.16;1.11;11.134;2.54;62.48
1980-06-14;9.95;14.55;19.15;0.0;23.527;0.58;46.93
1980-06-15;14.89;21.09;27.28;4.29;15.385;1.03;50.43
1980-06-16;14.18;18.82;23.47;0.27;15.106;1.08;61.26
1980-06-17;15.32;19.59;23.85;1.95;20.352;1.42;54.08
1980-06-18;15.47;20.11;24.74;12.02;16.39;2.54;52.42
1980-06-19;14.13;19.29;24.45;0.56;17.019;2.44;60.69
1980-06-20;13.94;18.73;23.51;12.88;7.212;1.66;75.17
1980-06-21;12.91;16.01;19.11;2.76;20.574;4.95;59.55
1980-06-22;12.23;15.39;18.55;0.0;16.717;2.8;56.24
1980-06-23;10.61;13.69;16.77;10.92;17.389;2.87;50.41
1980-06-24;12.91;18.8;24.68;0.71;12.188;3.53;66.47
1980-06-25;13.06;16.06;19.06;0.0;11.352;2.78;60.48
1980-06-26;14.88;18.98;23.08;0.59;18.776;2.87;49.6
1980-06-27;13.88;19.78;25.68;3.63;21.734;5.48;52.04
1980-06-28;12.72;17.77;22.83;2.15;9.96;4.71;60.33
1980-06-29;12.54;14.88;17.23;0.72;17.572;3.01;49.12
1980-06-30;12.54;15.75;18.96;2.57;8.86;3.11;72.93
1980-07-01;10.44;13.29;16.13;4.7;19.723;3.28;61.59
1980-07-02;10.94;14.9;18.86;1.81;14.237;3.53;60.7
1980-07-03;12.03;14.77;17.51;1.84;13.022;2.55;65.9
1980-07-04;13.06;16.07;19.08;1.8;10.974;2.01;69.59
1980-07-05;13.12;16.19;19.26;1.21;10.285;2.04;71.93
1980-07-06;12.26;15.74;19.22;0.0;20.301;2.47;54.57
1980-07-07;14.36;19.13;23.9;5.32;7.015;3.54;80.93
1980-07-08;13.32;15.25;17.18;0.5;10.972;3.74;61.51
1980-07-09;10.87;13.4;15.93;1.69;10.772;2.88;65.39
1980-07-10;9.2;12.22;15.25;0.0;17.512;1.07;56.07
1980-07-11;7.85;12.43;17.01;0.0;23.887;0.63;44.1
1980-07-12;11.47;17.97;24.47;0.0;21.132;2.13;43.29
1980-07-13;14.06;20.23;26.4;14.06;8.808;2.2;77.73
1980-07-14;10.96;14.09;17.21;0.0;14.92;4.16;59.2
1980-07-15;11.44;15.14;18.84;1.31;19.127;1.52;55.36
1980-07-16;12.37;16.66;20.94;3.73;6.706;1.94;72.86
1980-07-17;15.51;18.91;22.3;2.88;13.935;0.75;67.23
1980-07-18;14.8;19.02;23.23;7.06;9.224;2.56;77.37
1980-07-19;13.92;16.96;20.0;0.84;10.841;4.51;62.59
1980-07-20;11.8;14.44;17.07;0.0;14.144;2.41;55.57
1980-07-21;10.19;14.45;18.71;0.0;16.626;0.35;53.93
1980-07-22;14.19;19.66;25.13;0.0;18.716;0.41;52.8
1980-07-23;13.22;17.16;21.09;0.0;12.217;0.85;55.66
1980-07-24;13.69;18.07;22.46;4.45;6.588;1.76;82.59
1980-07-25;14.56;17.37;20.18;1.22;13.385;2.81;72.67
1980-07-26;11.45;14.95;18.45;0.0;25.067;1.98;49.91
1980-07-27;9.64;14.85;20.05;0.0;16.267;1.92;54.53
1980-07-28;10.98;16.23;21.47;0.0;16.483;1.47;55.26
1980-07-29;10.38;15.22;20.06;0.0;18.747;2.26;46.12
1980-07-30;13.5;19.7;25.9;1.7;8.956;4.04;66.05
1980-07-31;11.96;15.78;19.6;0.0;19.71;1.68;45.09
1980-08-01;13.45;19.81;26.18;0.0;15.452;2.67;62.61
1980-08-02;11.08;14.9;18.72;4.94;15.381;3.14;61.52
1980-08-03;9.31;12.87;16.42;1.48;17.094;2.12;54.11
1980-08-04;12.63;16.89;21.14;2.45;12.519;3.64;58.56
1980-08-05;12.81;16.13;19.45;5.47;7.664;3.99;78.75
1980-08-06;12.51;15.33;18.15;0.49;13.684;4.49;62.12
1980-08-07;11.14;14.74;18.34;0.0;23.691;1.82;50.55
1980-08-08;11.36;17.07;22.79;1.2;16.826;1.81;53.83
1980-08-09;11.84;17.54;23.23;0.0;14.385;3.47;58.76
1980-08-10;9.0;12.34;15.69;0.0;15.175;1.06;55.23
1980-08-11;11.14;15.83;20.52;16.54;4.092;3.08;82.45
1980-08-12;12.7;15.62;18.54;9.69;8.179;6.86;73.52
1980-08-13;11.19;12.02;12.84;1.9;10.174;5.59;61.36
1980-08-14;10.07;12.73;15.39;0.0;16.794;2.66;52.76
1980-08-15;11.12;15.02;18.91;16.57;5.359;4.05;72.82
1980-08-16;10.81;14.39;17.97;9.09;3.23;4.0;85.58
1980-08-17;11.0;14.0;17.0;1.29;13.803;2.14;62.15
1980-08-18;12.84;16.9;20.96;1.68;11.439;1.56;67.09
1980-08-19;10.34;13.7;17.06;0.0;15.963;1.24;56.27
1980-08-20;10.71;15.79;20.88;0.0;14.898;0.63;54.5
1980-08-21;11.0;16.44;21.87;0.0;17.474;1.74;54.64
1980-08-22;10.72;16.34;21.96;3.81;13.6;2.75;66.7
1980-08-23;7.53;12.0;16.47;0.0;14.178;1.54;56.08
1980-08-24;10.38;15.05;19.73;3.48;11.35;1.91;67.29
1980-08-25;7.19;9.68;12.16;0.0;13.701;1.81;53.31
1980-08-26;5.29;9.56;13.84;0.0;14.215;0.46;54.58
1980-08-27;6.88;12.67;18.46;0.0;15.537;0.51;51.52
1980-08-28;10.17;16.39;22.61;0.0;22.134;1.72;49.09
1980-08-29;11.47;17.39;23.32;9.7;15.266;2.56;49.12
1980-08-30;10.96;17.21;23.47;3.61;9.795;2.32;70.75
1980-08-31;10.2;14.45;18.7;6.71;8.197;3.1;70.94
1980-09-01;10.52;14.15;17.78;5.2;7.755;4.68;77.32
1980-09-02;10.04;12.21;14.38;2.76;9.101;3.51;70.95
1980-09-03;10.29;12.75;15.22;2.37;10.199;2.81;63.4
1980-09-04;12.11;15.19;18.27;1.08;9.04;4.25;66.17
1980-09-05;12.29;15.79;19.28;0.0;9.1;2.23;65.62
1980-09-06;11.73;15.46;19.18;0.0;10.111;0.64;62.52
1980-09-07;12.04;16.78;21.52;0.0;17.929;1.51;55.33
1980-09-08;12.5;17.75;23.0;0.0;14.434;2.99;64.19
1980-09-09;9.61;12.97;16.33;0.0;11.008;3.43;62.94
1980-09-10;7.25;10.61;13.96;0.0;18.975;1.89;52.02
1980-09-11;8.02;12.58;17.14;0.0;18.468;3.09;48.29
1980-09-12;9.74;15.14;20.53;0.0;15.727;1.07;51.69
1980-09-13;11.13;17.04;22.95;14.29;15.468;2.71;53.94
1980-09-14;11.8;17.09;22.37;4.7;11.43;3.34;68.1
1980-09-15;11.21;13.6;15.98;0.44;8.31;1.37;67.95
1980-09-16;10.79;14.06;17.33;0.0;8.07;0.53;64.74
1980-09-17;10.93;14.33;17.74;0.0;10.074;2.35;60.69
1980-09-18;10.11;13.87;17.63;1.76;9.535;2.31;65.0
1980-09-19;9.55;12.5;15.45;3.06;6.871;4.07;68.78
1980-09-20;9.75;12.71;15.66;2.98;7.873;4.7;67.61
1980-09-21;8.97;11.04;13.12;0.93;7.766;2.43;59.16
1980-09-22;9.55;11.99;14.43;10.06;1.255;2.81;77.89
1980-09-23;11.74;14.33;16.92;13.53;7.669;3.28;69.95
1980-09-24;12.67;15.48;18.28;1.37;11.153;3.82;63.44
1980-09-25;11.71;15.15;18.59;6.25;4.114;2.52;83.74
1980-09-26;8.98;11.39;13.8;0.44;13.839;4.76;64.74
1980-09-27;8.3;11.35;14.39;2.74;4.363;1.17;75.07
1980-09-28;8.8;11.88;14.95;0.78;8.36;3.93;67.42
1980-09-29;7.25;10.25;13.25;0.0;11.637;3.53;58.85
1980-09-30;6.66;10.23;13.81;0.97;8.687;2.43;65.11
1980-10-01;7.75;11.64;15.53;2.87;6.638;4.17;65.99
1980-10-02;9.13;13.13;17.13;0.64;8.067;3.02;73.76
1980-10-03;11.45;14.03;16.61;0.95;5.822;3.47;76.72
1980-10-04;12.19;15.07;17.95;0.56;5.258;2.23;84.67
1980-10-05;12.81;14.77;16.72;0.0;6.208;2.72;70.27
1980-10-06;9.93;12.78;15.63;0.0;10.173;1.76;52.37
1980-10-07;14.56;20.17;25.78;2.38;10.61;3.39;56.8
1980-10-08;9.57;13.21;16.85;0.12;4.827;3.0;78.32
1980-10-09;7.31;11.07;14.83;0.0;11.909;3.88;53.41
1980-10-10;5.21;9.28;13.35;0.0;11.309;3.14;48.7
1980-10-11;3.94;8.95;13.96;0.0;11.928;2.27;46.93
1980-10-12;3.81;9.44;15.06;0.0;12.671;2.54;48.4
1980-10-13;3.89;9.46;15.04;0.0;10.511;1.56;48.19
1980-10-14;2.88;8.45;14.02;0.0;7.987;2.75;54.05
1980-10-15;3.44;8.87;14.29;0.0;7.441;3.12;55.85
1980-10-16;2.5;6.53;10.55;5.12;4.647;3.69;58.16
1980-10-17;2.91;7.75;12.58;0.0;9.64;2.86;59.96
1980-10-18;1.11;5.84;10.57;0.0;10.022;0.98;48.21
1980-10-19;2.87;8.04;13.21;0.6;5.615;2.94;59.06
1980-10-20;2.11;7.1;12.1;6.86;3.185;1.83;71.43
1980-10-21;2.62;6.41;10.2;0.27;8.941;4.57;59.24
1980-10-22;0.88;4.24;7.59;0.0;7.999;1.98;51.66
1980-10-23;1.42;5.58;9.73;5.12;6.596;2.27;58.43
1980-10-24;2.07;6.01;9.95;2.27;6.765;4.98;57.91
1980-10-25;0.57;3.35;6.12;0.0;8.144;1.75;48.72
1980-10-26;1.38;5.08;8.78;3.24;2.171;3.22;63.19
1980-10-27;7.13;11.79;16.45;1.67;4.786;3.48;76.46
1980-10-28;8.8;10.9;13.0;4.23;1.977;5.28;84.71
1980-10-29;11.09;13.79;16.49;1.28;3.583;4.37;79.81
1980-10-30;10.2;11.92;13.64;0.0;6.79;2.99;66.48
1980-10-31;11.56;14.44;17.32;0.6;6.021;4.48;65.57
1980-11-01;11.78;15.34;18.9;2.15;7.494;3.82;79.47
1980-11-02;8.4;10.05;11.71;0.0;3.86;2.85;83.84
1980-11-03;6.6;9.4;12.2;1.31;4.62;3.6;74.91
1980-11-04;4.35;6.86;9.37;0.0;6.841;2.57;57.11
1980-11-05;3.25;7.0;10.75;0.0;8.733;4.02;56.5
1980-11-06;9.42;13.8;18.19;1.51;2.042;4.65;78.98
1980-11-07;7.55;9.49;11.44;6.82;3.061;4.1;79.98
1980-11-08;11.59;14.25;16.91;7.81;2.423;5.09;88.33
1980-11-09;12.34;13.41;14.48;9.0;1.993;4.05;86.79
1980-11-10;11.88;13.0;14.11;4.19;2.445;4.63;86.1
1980-11-11;11.35;13.0;14.64;11.73;2.138;3.45;89.61
1980-11-12;9.49;10.91;12.34;3.65;2.76;2.95;86.57
1980-11-13;8.25;9.97;11.69;3.93;1.677;2.16;88.34
1980-11-14;6.01;6.97;7.93;18.69;0.969;2.59;89.78
1980-11-15;5.41;7.31;9.21;11.62;0.957;3.59;69.98
1980-11-16;8.23;12.72;17.22;1.75;2.551;3.2;86.91
1980-11-17;7.29;10.29;13.3;0.0;4.478;3.02;76.21
1980-11-18;9.08;11.87;14.65;4.86;3.176;4.86;80.61
1980-11-19;9.01;11.77;14.52;3.7;1.368;6.53;84.07
1980-11-20;6.77;8.39;10.01;0.0;3.049;4.59;73.75
1980-11-21;5.2;6.63;8.07;1.04;1.583;3.13;88.33
1980-11-22;0.69;2.06;3.44;0.0;4.003;1.55;75.79
1980-11-23;0.16;2.96;5.76;0.37;2.433;2.49;75.33
1980-11-24;3.95;6.76;9.57;4.68;3.017;2.86;78.01
1980-11-25;1.85;4.67;7.5;0.99;2.45;2.58;86.93
1980-11-26;0.21;2.67;5.12;0.0;3.98;2.89;77.73
1980-11-27;-0.77;1.4;3.57;0.0;4.688;2.47;74.52
1980-11-28;-0.09;1.98;4.04;0.79;2.812;2.07;82.75
1980-11-29;-0.51;2.15;4.81;2.15;2.624;2.56;70.93
1980-11-30;2.91;4.81;6.72;3.41;1.097;0.8;89.07
1980-12-01;2.21;4.71;7.22;4.19;2.64;3.52;86.8
1980-12-02;2.15;4.47;6.8;7.38;2.33;6.07;85.94
1980-12-03;2.36;3.04;3.71;3.8;1.161;3.19;84.47
1980-12-04;2.6;6.05;9.51;0.21;2.186;1.0;83.18
1980-12-05;2.56;6.17;9.77;0.0;2.387;0.83;84.17
1980-12-06;3.91;6.77;9.63;0.28;2.532;2.29;76.54
1980-12-07;3.81;7.08;10.36;1.86;1.74;2.15;86.82
1980-12-08;3.59;5.96;8.33;0.32;2.572;1.34;88.27
1980-12-09;-0.58;1.74;4.06;0.0;3.972;3.88;53.73
1980-12-10;-1.05;2.19;5.43;0.0;4.194;3.0;30.25
1980-12-11;-3.18;-1.96;-0.74;0.0;4.062;2.08;30.13
1980-12-12;-3.57;-1.25;1.07;0.0;3.445;2.16;35.94
1980-12-13;-0.85;1.97;4.79;0.0;2.175;1.35;67.21
1980-12-14;0.1;2.65;5.21;0.0;2.754;1.69;85.29
1980-12-15;0.9;3.57;6.23;0.0;2.692;0.69;86.46
1980-12-16;0.52;2.49;4.46;0.0;2.716;0.83;86.16
1980-12-17;0.24;2.0;3.76;0.8;3.371;3.07;79.83
1980-12-18;3.08;5.39;7.7;1.89;1.846;2.95;87.17
1980-12-19;0.95;3.28;5.61;0.0;3.993;4.48;66.61
1980-12-20;0.09;2.44;4.8;0.0;4.457;6.06;59.08
1980-12-21;-0.44;1.03;2.51;0.0;3.503;5.81;50.9
1980-12-22;-1.26;-0.28;0.7;0.0;3.119;3.2;57.8
1980-12-23;-1.99;-0.92;0.16;0.0;3.06;2.95;63.24
1980-12-24;0.06;2.16;4.26;1.38;2.343;4.04;83.53
1980-12-25;2.36;4.54;6.73;0.51;1.344;2.0;86.11
1980-12-26;2.33;4.48;6.63;0.43;1.376;2.54;89.34
1980-12-27;2.86;4.33;5.81;0.0;1.776;1.34;88.22
1980-12-28;1.15;2.28;3.41;4.64;2.565;2.73;74.17
1980-12-29;5.77;9.07;12.37;3.66;0.921;4.23;84.54
1980-12-30;8.26;10.93;13.6;0.26;2.317;4.52;81.61
1980-12-31;7.48;8.45;9.41;3.7;1.515;4.3;87.27
1981-01-01;5.77;7.47;9.18;0.85;2.036;5.39;84.22
1981-01-02;5.92;7.25;8.59;4.06;4.533;5.84;78.06
1981-01-03;3.37;5.21;7.04;0.3;1.82;6.04;66.16
1981-01-04;4.49;7.8;11.11;2.75;1.835;5.62;76.08
1981-01-05;3.59;6.18;8.77;1.01;1.527;2.22;83.05
1981-01-06;3.34;6.24;9.14;5.17;1.136;3.48;88.07
1981-01-07;0.83;2.54;4.24;0.0;4.904;5.38;64.56
1981-01-08;0.68;2.71;4.75;0.0;3.178;2.34;75.81
1981-01-09;0.16;1.73;3.29;0.0;4.067;2.2;82.52
1981-01-10;0.96;2.5;4.03;0.56;2.609;4.3;80.92
1981-01-11;4.22;6.98;9.75;2.89;0.913;4.56;85.61
1981-01-12;4.94;7.21;9.47;0.0;2.965;3.05;81.21
1981-01-13;4.46;6.88;9.3;1.19;1.725;4.54;81.77
1981-01-14;4.89;6.93;8.97;1.37;3.561;6.15;72.93
1981-01-15;4.64;6.8;8.96;4.5;2.379;2.93;86.68
1981-01-16;4.87;6.64;8.41;0.0;3.139;3.77;74.58
1981-01-17;5.43;7.66;9.89;12.41;3.601;2.91;76.59
1981-01-18;5.71;8.43;11.14;6.6;1.16;2.46;89.19
1981-01-19;4.84;6.21;7.59;0.68;4.451;4.05;73.74
1981-01-20;4.86;7.01;9.15;4.23;3.371;3.59;81.98
1981-01-21;5.14;6.91;8.68;3.76;1.738;3.2;84.57
1981-01-22;3.33;5.24;7.15;0.0;4.609;2.49;71.8
1981-01-23;2.66;5.17;7.68;0.0;4.665;2.82;66.65
1981-01-24;2.07;4.92;7.78;0.66;6.376;5.45;66.02
1981-01-25;5.03;7.77;10.51;0.0;4.695;4.62;71.57
1981-01-26;5.8;8.39;10.98;1.82;2.797;4.86;83.16
1981-01-27;5.7;7.19;8.67;1.4;4.081;4.16;74.53
1981-01-28;3.88;6.02;8.16;0.0;6.25;3.45;72.4
1981-01-29;3.27;6.12;8.97;0.0;4.647;3.02;67.24
1981-01-30;4.67;7.88;11.1;0.0;3.16;4.72;83.35
1981-01-31;2.49;3.38;4.26;0.0;2.893;1.8;80.97
1981-02-01;2.51;4.88;7.26;3.81;3.341;3.34;60.63
1981-02-02;9.62;14.61;19.59;1.43;1.22;3.35;90.5
1981-02-03;9.71;10.62;11.52;0.19;5.539;2.85;70.71
1981-02-04;8.04;10.4;12.77;1.13;1.807;2.57;87.51
1981-02-05;8.41;9.87;11.32;1.75;3.997;3.16;83.67
1981-02-06;8.91;11.0;13.08;0.0;4.562;6.09;80.36
1981-02-07;7.32;8.57;9.83;0.2;3.912;3.28;76.31
1981-02-08;6.54;8.46;10.39;1.51;4.122;3.47;75.11
1981-02-09;3.32;5.89;8.46;0.72;2.715;3.99;82.18
1981-02-10;1.33;4.62;7.9;0.0;6.121;1.58;62.31
1981-02-11;2.2;6.58;10.96;0.0;6.775;3.3;55.52
1981-02-12;2.54;6.54;10.53;0.5;5.009;3.15;54.97
1981-02-13;1.77;5.27;8.78;0.0;7.946;1.44;58.19
1981-02-14;2.03;5.65;9.27;0.0;6.051;1.43;53.71
1981-02-15;1.46;5.14;8.82;0.0;7.133;2.31;52.08
1981-02-16;1.41;5.14;8.87;0.0;7.283;2.09;52.66
1981-02-17;0.86;4.58;8.31;0.0;7.521;1.63;55.84
1981-02-18;2.16;6.67;11.17;2.55;4.882;5.42;66.22
1981-02-19;7.06;11.36;15.66;3.01;2.405;2.55;89.68
1981-02-20;3.84;4.88;5.92;0.0;9.979;2.17;51.34
1981-02-21;2.9;7.92;12.94;0.74;4.695;5.01;72.13
1981-02-22;1.35;3.98;6.61;0.0;7.646;4.14;52.88
1981-02-23;0.52;3.11;5.69;3.72;3.705;3.57;59.31
1981-02-24;5.86;9.8;13.74;3.98;3.395;5.88;76.24
1981-02-25;4.62;7.07;9.52;0.33;5.836;6.59;53.82
1981-02-26;2.9;4.73;6.56;0.0;6.759;5.36;53.25
1981-02-27;2.59;4.63;6.68;0.47;5.024;4.08;70.71
1981-02-28;3.22;6.25;9.27;8.44;2.798;5.03;76.45
1981-03-01;2.09;5.83;9.58;0.0;11.508;1.39;48.41
1981-03-02;3.99;7.95;11.91;10.56;4.419;4.4;59.07
1981-03-03;8.69;14.63;20.57;1.87;4.355;4.56;76.77
1981-03-04;8.69;10.71;12.72;3.31;7.809;4.21;65.84
1981-03-05;7.98;10.28;12.57;7.03;6.367;4.02;64.14
1981-03-06;4.9;8.14;11.38;1.45;6.697;5.51;60.8
1981-03-07;3.2;7.18;11.15;0.0;11.633;0.47;48.95
1981-03-08;2.39;7.71;13.03;0.96;9.31;3.15;47.93
1981-03-09;9.12;15.05;20.99;1.21;9.399;3.07;63.24
1981-03-10;5.19;7.96;10.74;1.14;6.021;2.83;66.08
1981-03-11;3.98;8.74;13.5;0.0;6.825;3.01;56.58
1981-03-12;3.63;7.92;12.21;1.09;5.037;2.3;71.25
1981-03-13;6.03;10.52;15.0;0.0;9.793;1.95;58.5
1981-03-14;3.74;9.0;14.25;0.0;16.164;1.92;43.93
1981-03-15;5.66;12.38;19.09;2.75;5.455;2.9;58.38
1981-03-16;10.65;16.09;21.54;0.29;9.76;3.73;58.99
1981-03-17;7.7;11.63;15.57;0.0;15.38;3.36;47.92
1981-03-18;4.76;10.25;15.74;0.0;16.555;1.84;44.07
1981-03-19;2.59;8.91;15.23;0.0;15.98;0.57;42.17
1981-03-20;3.62;11.01;18.39;0.0;14.323;1.88;40.18
1981-03-21;5.77;12.91;20.05;5.41;5.799;2.66;66.21
1981-03-22;3.07;8.04;13.01;2.08;11.387;2.02;53.7
1981-03-23;5.68;13.2;20.72;1.79;6.306;5.03;72.81
1981-03-24;5.49;10.09;14.7;0.0;9.628;5.64;43.49
1981-03-25;4.48;8.88;13.27;11.96;7.747;2.37;68.25
1981-03-26;8.93;13.47;18.02;0.0;8.235;1.25;65.47
1981-03-27;4.83;6.84;8.86;2.45;6.4;4.35;74.06
1981-03-28;3.42;6.26;9.11;0.0;9.629;2.51;52.79
1981-03-29;4.25;8.55;12.86;4.18;7.472;2.51;55.78
1981-03-30;4.5;8.43;12.36;12.82;5.835;2.79;71.11
1981-03-31;5.6;9.93;14.26;0.4;6.42;3.97;75.0
1981-04-01;1.48;4.54;7.61;0.39;9.737;3.35;57.25
1981-04-02;-0.05;4.61;9.27;4.06;15.511;2.54;43.52
1981-04-03;6.49;12.56;18.63;0.71;14.198;5.1;53.89
1981-04-04;6.03;9.48;12.93;8.61;5.425;4.15;59.95
1981-04-05;3.61;6.8;9.99;0.51;9.094;4.37;62.07
1981-04-06;1.64;4.8;7.96;0.0;12.618;2.48;49.87
1981-04-07;1.0;4.54;8.08;0.0;13.72;4.42;46.73
1981-04-08;0.29;3.15;6.0;0.37;13.984;2.87;52.19
1981-04-09;-0.72;2.46;5.64;0.0;17.178;0.42;41.27
1981-04-10;0.17;4.85;9.54;0.0;16.862;1.32;33.54
1981-04-11;1.77;7.68;13.59;0.0;14.692;2.69;40.23
1981-04-12;4.57;11.03;17.49;0.0;16.675;3.94;48.89
1981-04-13;2.69;6.68;10.67;0.0;13.052;3.73;57.18
1981-04-14;0.72;4.0;7.28;0.0;18.435;2.33;41.34
1981-04-15;-0.3;4.54;9.38;0.0;18.472;2.23;36.78
1981-04-16;6.23;12.62;19.01;11.6;4.971;4.24;65.67
1981-04-17;7.59;10.47;13.36;3.6;11.284;1.55;73.37
1981-04-18;5.66;8.61;11.56;3.66;10.364;2.4;61.27
1981-04-19;3.76;7.45;11.13;0.68;17.464;2.36;48.46
1981-04-20;3.38;8.74;14.11;0.65;11.292;6.71;61.03
1981-04-21;0.97;4.11;7.24;0.0;17.855;5.0;37.17
1981-04-22;-0.88;2.23;5.34;0.0;21.593;2.76;30.1
1981-04-23;0.03;4.65;9.28;0.0;20.208;2.48;35.47
1981-04-24;-1.4;2.37;6.14;0.0;23.254;1.26;31.9
1981-04-25;2.61;8.74;14.87;4.87;9.557;3.35;63.85
1981-04-26;0.88;4.36;7.83;0.0;18.532;2.78;42.48
1981-04-27;3.7;9.43;15.16;0.0;21.643;4.19;39.93
1981-04-28;4.85;10.66;16.47;1.78;12.976;1.69;49.34
1981-04-29;6.64;12.43;18.22;0.0;22.393;4.44;44.06
1981-04-30;4.28;10.37;16.46;0.0;25.79;4.27;41.3
1981-05-01;2.41;8.12;13.83;0.0;24.553;2.17;37.49
1981-05-02;4.79;12.02;19.25;0.0;16.951;1.87;52.82
1981-05-03;8.03;14.19;20.35;0.0;9.456;1.75;62.96
1981-05-04;4.16;8.94;13.71;0.0;21.258;1.26;43.85
1981-05-05;10.04;17.06;24.08;0.0;15.92;0.37;52.16
1981-05-06;9.85;14.23;18.62;0.0;14.35;1.56;50.11
1981-05-07;11.58;16.46;21.35;0.0;23.442;2.17;42.11
1981-05-08;11.26;17.43;23.59;1.03;21.849;1.65;38.8
1981-05-09;10.78;17.35;23.92;0.0;25.869;2.63;39.58
1981-05-10;14.11;20.58;27.05;0.0;19.715;3.33;41.94
1981-05-11;11.1;15.4;19.7;0.0;21.686;4.1;44.23
1981-05-12;11.58;17.34;23.11;2.08;12.207;3.4;54.7
1981-05-13;12.75;17.1;21.45;0.0;15.809;4.61;49.98
1981-05-14;9.52;14.03;18.54;0.0;26.466;3.57;45.44
1981-05-15;6.87;12.33;17.78;3.64;22.315;1.95;44.54
1981-05-16;7.5;13.83;20.16;21.9;3.157;4.82;82.1
1981-05-17;4.29;7.5;10.71;0.0;24.847;4.8;38.78
1981-05-18;2.01;6.42;10.84;0.0;27.07;5.22;27.84
1981-05-19;2.49;8.23;13.98;0.0;28.237;3.38;28.45
1981-05-20;1.3;6.89;12.47;0.0;23.684;1.24;37.37
1981-05-21;2.77;9.0;15.22;1.23;17.398;1.16;52.13
1981-05-22;3.45;8.53;13.6;1.73;15.285;2.1;56.05
1981-05-23;1.28;5.97;10.66;2.01;23.935;1.95;43.45
1981-05-24;6.79;13.25;19.72;0.96;15.797;4.29;53.38
1981-05-25;7.52;11.34;15.16;0.0;18.395;3.05;46.75
1981-05-26;7.6;11.45;15.29;0.56;18.465;3.38;49.29
1981-05-27;8.46;12.78;17.1;5.93;12.188;4.38;67.73
1981-05-28;7.5;11.91;16.33;1.73;17.923;2.46;49.48
1981-05-29;6.55;11.06;15.57;0.0;20.277;2.93;52.41
1981-05-30;4.01;8.21;12.42;0.0;20.035;1.0;46.44
1981-05-31;5.58;11.75;17.93;0.0;21.741;0.94;46.07
1981-06-01;7.09;12.85;18.61;0.0;22.317;4.31;47.49
1981-06-02;7.8;12.03;16.25;72.07;0.449;6.52;79.84
1981-06-03;6.13;6.71;7.29;15.26;9.633;4.83;59.83
1981-06-04;7.12;10.31;13.51;4.52;15.105;2.25;69.25
1981-06-05;6.89;10.15;13.41;0.44;17.2;2.04;57.83
1981-06-06;7.41;10.88;14.35;2.58;19.195;3.19;52.66
1981-06-07;9.63;14.37;19.1;1.07;18.809;4.01;58.16
1981-06-08;9.2;13.0;16.81;2.58;9.036;2.87;69.34
1981-06-09;8.18;11.93;15.69;0.0;12.719;1.5;60.48
1981-06-10;7.32;11.75;16.18;0.0;19.512;3.67;53.05
1981-06-11;7.85;12.34;16.82;3.52;14.384;1.51;59.64
1981-06-12;9.51;13.69;17.87;2.35;8.535;1.13;69.88
1981-06-13;10.28;13.3;16.32;11.76;13.905;3.15;63.29
1981-06-14;9.37;12.69;16.01;3.54;12.392;1.99;62.19
1981-06-15;10.35;13.93;17.5;18.19;9.712;3.65;65.1
1981-06-16;13.85;17.23;20.6;0.11;10.282;3.63;63.72
1981-06-17;9.95;12.93;15.92;2.27;20.293;3.71;52.58
1981-06-18;7.62;11.45;15.28;2.0;15.568;3.4;53.66
1981-06-19;5.71;9.83;13.95;5.21;14.704;2.66;58.76
1981-06-20;4.53;9.35;14.17;2.62;15.47;1.7;57.75
1981-06-21;3.77;9.0;14.22;0.0;20.558;2.33;49.52
1981-06-22;3.53;9.38;15.23;0.0;20.426;1.8;49.13
1981-06-23;2.35;7.64;12.93;5.65;20.208;2.41;54.49
1981-06-24;5.99;11.83;17.67;0.0;18.023;2.33;50.54
1981-06-25;6.48;11.38;16.29;0.29;13.663;1.49;54.78
1981-06-26;5.41;10.4;15.39;0.54;18.7;1.28;50.52
1981-06-27;12.76;19.04;25.31;3.59;7.824;3.05;83.46
1981-06-28;13.25;15.22;17.19;0.0;18.117;2.87;59.39
1981-06-29;12.79;15.91;19.04;11.99;12.084;3.02;67.31
1981-06-30;11.81;14.77;17.73;1.1;15.122;3.3;60.89
1981-07-01;12.66;15.63;18.61;4.26;7.288;4.22;77.79
1981-07-02;13.48;16.25;19.01;1.78;11.064;3.85;73.11
1981-07-03;13.37;15.55;17.74;2.91;12.798;3.41;68.27
1981-07-04;15.11;17.39;19.67;4.29;7.956;4.02;82.42
1981-07-05;11.07;13.12;15.17;0.0;16.978;2.77;63.46
1981-07-06;8.35;12.32;16.3;0.0;16.768;0.86;53.79
1981-07-07;8.96;14.46;19.97;0.0;22.62;0.65;48.43
1981-07-08;12.99;19.57;26.16;0.0;29.148;1.98;46.95
1981-07-09;15.85;21.93;28.02;0.0;21.068;2.14;53.15
1981-07-10;15.21;20.58;25.95;0.41;13.812;0.78;64.12
1981-07-11;15.4;20.25;25.09;0.0;21.452;0.44;54.63
1981-07-12;16.53;22.44;28.34;0.0;22.502;1.95;51.71
1981-07-13;18.22;23.98;29.74;0.0;25.36;2.89;52.68
1981-07-14;19.16;24.37;29.57;8.64;21.32;1.94;47.1
1981-07-15;17.98;23.93;29.88;0.0;27.054;1.72;50.03
1981-07-16;19.06;25.21;31.36;12.07;10.079;1.46;65.21
1981-07-17;17.65;21.21;24.77;10.87;12.344;0.41;76.82
1981-07-18;13.23;16.44;19.65;0.5;15.165;2.14;69.05
1981-07-19;10.72;15.27;19.83;0.0;17.516;0.95;58.69
1981-07-20;11.63;16.54;21.45;0.0;19.057;0.87;53.01
1981-07-21;13.08;18.44;23.8;0.0;20.047;1.21;52.17
1981-07-22;10.88;15.55;20.22;0.0;20.61;1.07;50.39
1981-07-23;13.52;19.26;25.0;0.0;26.68;1.91;46.02
1981-07-24;15.15;21.57;27.98;13.55;14.534;2.31;63.4
1981-07-25;12.67;18.01;23.35;0.0;24.919;0.83;47.35
1981-07-26;16.94;23.59;30.24;5.4;25.629;1.9;55.35
1981-07-27;17.24;21.74;26.24;15.53;8.719;1.06;65.89
1981-07-28;16.15;19.78;23.41;8.73;14.838;1.21;63.94
1981-07-29;16.54;20.98;25.43;17.24;6.383;1.87;80.43
1981-07-30;12.08;15.09;18.09;3.21;6.161;3.41;72.13
1981-07-31;12.7;16.12;19.53;6.27;5.416;3.94;87.47
1981-08-01;12.91;14.16;15.41;2.56;9.18;3.12;73.43
1981-08-02;12.4;14.5;16.6;3.38;14.484;2.15;67.15
1981-08-03;12.8;15.84;18.87;0.0;16.668;2.02;58.99
1981-08-04;15.42;19.5;23.57;0.0;15.701;0.96;58.74
1981-08-05;15.54;18.86;22.17;0.0;12.525;2.23;58.9
1981-08-06;12.34;15.63;18.93;0.0;20.694;3.79;54.72
1981-08-07;10.66;14.79;18.92;0.0;16.238;3.25;56.48
1981-08-08;8.63;12.57;16.5;0.0;17.187;1.19;56.1
1981-08-09;14.51;20.25;26.0;0.6;14.87;2.35;60.18
1981-08-10;13.68;17.38;21.09;0.0;21.154;2.34;50.63
1981-08-11;16.37;22.41;28.46;0.0;24.313;3.58;52.21
1981-08-12;13.14;18.13;23.12;0.0;17.011;1.81;58.36
1981-08-13;12.5;16.71;20.93;0.0;17.877;0.63;50.46
1981-08-14;15.58;21.55;27.53;4.31;14.152;2.17;62.75
1981-08-15;13.06;17.13;21.19;7.19;14.1;2.33;60.09
1981-08-16;9.84;14.69;19.53;4.65;15.924;2.23;55.15
1981-08-17;12.02;17.05;22.09;0.4;15.081;2.55;54.35
1981-08-18;12.27;15.62;18.97;0.55;15.859;2.25;48.11
1981-08-19;12.89;18.11;23.32;3.24;13.37;2.24;62.32
1981-08-20;9.53;12.8;16.07;0.7;13.588;1.95;58.86
1981-08-21;8.27;12.53;16.79;0.0;14.138;0.76;50.84
1981-08-22;9.01;14.41;19.82;0.0;18.886;0.97;50.68
1981-08-23;9.38;15.15;20.92;0.0;19.612;1.41;49.47
1981-08-24;11.15;17.17;23.19;0.0;19.141;2.55;47.56
1981-08-25;14.14;19.72;25.3;0.0;18.406;3.14;44.59
1981-08-26;12.62;18.34;24.05;0.0;15.242;2.33;56.27
1981-08-27;8.77;12.94;17.11;0.0;17.658;2.78;52.65
1981-08-28;5.73;10.58;15.43;0.0;12.789;0.86;51.78
1981-08-29;12.33;17.82;23.32;0.4;8.385;1.89;52.87
1981-08-30;12.68;16.55;20.43;0.0;12.358;1.76;59.94
1981-08-31;13.27;16.97;20.67;0.0;13.663;1.28;52.0
1981-09-01;10.68;14.98;19.29;0.0;19.6;1.59;56.27
1981-09-02;12.72;17.95;23.18;15.61;5.728;3.7;81.76
1981-09-03;11.18;13.37;15.55;7.94;9.115;4.69;69.96
1981-09-04;11.9;14.32;16.75;2.21;6.702;4.8;68.41
1981-09-05;11.5;13.55;15.6;1.81;5.092;2.25;76.31
1981-09-06;12.41;15.04;17.66;11.01;3.734;1.46;88.66
1981-09-07;9.89;11.32;12.75;0.83;7.55;3.65;72.51
1981-09-08;7.93;10.68;13.42;9.06;18.427;2.42;60.23
1981-09-09;11.69;16.68;21.68;32.25;4.959;2.69;79.41
1981-09-10;11.92;14.73;17.55;13.03;3.064;4.99;89.29
1981-09-11;12.16;13.02;13.87;3.57;3.641;4.94;89.2
1981-09-12;11.29;11.88;12.47;0.41;5.148;2.52;76.9
1981-09-13;11.12;12.85;14.58;0.7;6.559;3.69;71.87
1981-09-14;8.76;10.42;12.08;0.0;10.85;1.7;64.81
1981-09-15;6.95;10.61;14.27;0.0;18.024;0.43;57.57
1981-09-16;9.42;14.74;20.06;0.0;16.997;2.54;59.03
1981-09-17;10.06;14.46;18.87;0.72;8.21;3.35;67.09
1981-09-18;10.8;13.61;16.42;0.77;4.913;4.53;66.81
1981-09-19;11.49;14.12;16.75;2.48;6.412;4.55;64.61
1981-09-20;13.36;16.12;18.87;1.58;4.359;4.48;76.02
1981-09-21;12.5;14.55;16.61;0.0;4.432;2.43;78.12
1981-09-22;12.51;14.66;16.81;9.08;10.381;2.93;62.35
1981-09-23;10.4;13.8;17.21;2.8;9.763;3.27;70.24
1981-09-24;9.82;12.63;15.45;7.99;4.111;3.27;74.21
1981-09-25;10.62;14.04;17.45;0.0;7.542;3.78;69.49
1981-09-26;10.99;13.39;15.8;0.0;8.319;2.71;63.99
1981-09-27;10.76;13.7;16.63;0.0;16.394;3.53;56.32
1981-09-28;10.51;14.34;18.18;0.0;12.204;1.72;58.08
1981-09-29;11.19;15.83;20.47;0.0;12.981;3.42;59.29
1981-09-30;12.08;16.23;20.39;0.0;10.689;3.98;57.19
1981-10-01;13.68;16.99;20.31;0.0;14.514;3.87;48.41
1981-10-02;13.62;17.95;22.27;0.0;13.726;3.31;49.16
1981-10-03;12.48;16.96;21.44;0.0;11.341;3.41;49.65
1981-10-04;13.02;18.02;23.01;0.0;10.873;3.99;49.17
1981-10-05;12.24;15.82;19.41;0.0;12.593;3.76;46.62
1981-10-06;12.35;16.84;21.34;0.97;11.151;2.74;48.76
1981-10-07;12.97;17.38;21.78;5.94;4.268;1.58;87.79
1981-10-08;13.35;15.36;17.36;1.69;8.356;1.65;76.52
1981-10-09;9.03;11.38;13.72;12.28;6.762;5.23;74.89
1981-10-10;8.12;11.67;15.22;3.5;5.578;6.7;70.94
1981-10-11;9.14;11.61;14.08;4.55;3.58;5.12;71.06
1981-10-12;10.28;13.38;16.47;0.0;12.602;3.42;52.9
1981-10-13;12.84;17.95;23.06;0.0;11.875;3.83;53.78
1981-10-14;13.71;17.96;22.21;0.0;6.225;5.6;55.62
1981-10-15;11.85;14.93;18.01;0.52;9.835;5.17;50.0
1981-10-16;12.86;16.31;19.77;0.51;8.888;3.4;62.39
1981-10-17;13.65;16.73;19.82;1.21;4.415;4.26;75.95
1981-10-18;10.92;13.68;16.45;0.0;8.396;3.01;70.3
1981-10-19;10.53;14.63;18.73;0.0;6.985;2.82;57.57
1981-10-20;14.78;20.13;25.49;0.0;10.178;4.24;54.83
1981-10-21;13.21;17.62;22.02;1.87;5.658;4.48;57.46
1981-10-22;11.2;14.26;17.32;0.0;8.096;3.92;55.79
1981-10-23;10.36;13.59;16.83;9.57;4.505;5.47;69.32
1981-10-24;8.87;11.81;14.75;0.57;5.353;3.12;75.45
1981-10-25;9.4;12.21;15.03;16.0;1.788;5.88;73.98
1981-10-26;12.91;17.2;21.5;3.14;4.267;4.12;76.47
1981-10-27;14.82;16.87;18.92;0.0;6.163;4.02;67.7
1981-10-28;13.59;16.43;19.27;0.0;7.369;3.92;58.63
1981-10-29;13.11;16.56;20.02;0.0;8.398;4.12;57.18
1981-10-30;15.34;19.61;23.88;0.0;8.224;4.94;57.15
1981-10-31;12.64;15.61;18.58;1.41;3.477;2.93;80.97
1981-11-01;8.17;10.84;13.51;0.0;5.311;1.71;72.73
1981-11-02;7.69;10.93;14.17;0.0;6.827;2.77;60.07
1981-11-03;9.41;13.89;18.38;0.0;6.943;3.33;67.67
1981-11-04;9.09;12.29;15.5;0.0;4.489;2.66;73.53
1981-11-05;11.17;14.71;18.25;0.0;2.194;3.1;86.54
1981-11-06;7.38;8.72;10.06;0.0;3.963;2.29;70.64
1981-11-07;7.12;10.2;13.27;0.71;3.713;2.63;72.16
1981-11-08;11.36;14.9;18.45;0.0;2.927;3.24;75.04
1981-11-09;6.27;7.89;9.52;0.88;3.588;3.97;75.82
1981-11-10;5.6;8.98;12.37;0.0;4.038;2.06;63.67
1981-11-11;5.56;8.69;11.81;0.61;4.333;3.79;69.33
1981-11-12;5.42;7.82;10.22;7.2;1.296;4.83;76.84
1981-11-13;8.5;12.02;15.53;1.35;3.421;4.28;78.63
1981-11-14;6.75;8.59;10.44;0.0;4.058;4.54;67.66
1981-11-15;6.64;9.01;11.38;1.38;2.679;3.79;82.19
1981-11-16;8.09;10.18;12.26;5.48;3.003;4.94;84.0
1981-11-17;8.09;9.46;10.82;0.95;3.199;6.06;67.42
1981-11-18;6.86;8.22;9.59;0.75;3.831;5.23;61.09
1981-11-19;6.88;9.1;11.31;0.74;3.733;4.15;68.44
1981-11-20;5.59;7.92;10.26;3.58;1.674;1.73;89.19
1981-11-21;1.51;3.8;6.09;8.1;4.355;2.93;77.16
1981-11-22;-0.67;2.27;5.21;0.0;4.423;1.2;69.34
1981-11-23;1.21;4.88;8.56;2.92;3.607;3.81;64.81
1981-11-24;5.92;9.82;13.72;0.0;3.789;4.56;73.98
1981-11-25;4.9;7.3;9.7;0.0;3.919;4.56;62.41
1981-11-26;3.7;6.47;9.25;3.54;1.337;3.19;86.54
1981-11-27;-0.24;2.25;4.74;0.36;3.199;2.86;71.06
1981-11-28;-0.59;2.25;5.08;6.09;4.914;4.07;56.35
1981-11-29;5.99;9.33;12.67;2.17;2.077;3.45;86.63
1981-11-30;10.37;13.24;16.11;4.58;1.811;5.03;88.39
1981-12-01;4.91;5.76;6.61;0.41;1.882;5.3;77.47
1981-12-02;3.26;6.0;8.75;1.93;1.81;4.71;83.69
1981-12-03;3.4;5.43;7.46;0.23;2.492;3.09;79.25
1981-12-04;3.67;5.62;7.57;4.83;2.783;6.49;69.78
1981-12-05;3.12;6.11;9.1;0.79;3.351;5.76;73.61
1981-12-06;2.01;4.19;6.37;2.2;0.729;4.39;86.86
1981-12-07;1.63;4.25;6.88;6.03;2.967;5.51;66.8
1981-12-08;7.12;10.98;14.85;4.19;2.557;3.78;83.05
1981-12-09;3.59;4.89;6.2;0.0;3.409;5.52;71.93
1981-12-10;2.8;5.91;9.03;0.0;3.394;2.92;75.53
1981-12-11;2.26;5.27;8.29;0.61;1.699;2.49;82.33
1981-12-12;1.45;4.1;6.76;0.0;2.652;1.57;82.85
1981-12-13;1.62;4.45;7.27;0.0;2.788;1.26;83.64
1981-12-14;1.94;4.28;6.62;2.61;0.791;4.8;75.56
1981-12-15;3.42;7.28;11.13;5.73;1.492;3.18;87.26
1981-12-16;3.58;6.62;9.65;1.65;1.588;4.69;77.06
1981-12-17;7.17;10.21;13.25;8.67;0.573;5.53;88.32
1981-12-18;6.88;8.79;10.7;1.71;1.164;3.2;83.64
1981-12-19;7.86;9.96;12.06;0.0;3.502;4.02;80.4
1981-12-20;6.93;8.35;9.77;2.91;2.247;4.44;80.62
1981-12-21;7.24;8.55;9.87;2.75;0.853;6.83;82.02
1981-12-22;7.6;8.68;9.76;2.55;1.876;6.62;85.7
1981-12-23;7.57;8.6;9.63;13.8;0.687;5.32;94.61
1981-12-24;2.02;2.56;3.11;4.25;2.559;2.17;83.94
1981-12-25;0.87;5.01;9.15;0.0;2.676;1.33;78.83
1981-12-26;4.09;7.12;10.14;0.0;2.957;2.81;84.61
1981-12-27;5.18;7.46;9.73;0.0;2.531;2.68;85.54
1981-12-28;4.25;6.13;8.0;0.0;2.64;4.47;83.3
1981-12-29;6.83;9.02;11.21;0.77;1.6;6.86;79.15
1981-12-30;4.91;6.54;8.16;8.55;1.708;5.41;85.66
1981-12-31;3.93;6.35;8.77;0.0;2.337;3.15;85.35
1982-01-01;0.88;2.5;4.13;2.52;2.102;5.22;83.48
1982-01-02;-0.85;1.89;4.63;4.82;2.736;9.03;59.55
1982-01-03;-1.17;0.71;2.58;0.22;3.504;7.78;65.98
1982-01-04;0.56;3.09;5.62;0.0;5.38;3.56;79.74
1982-01-05;-1.5;0.67;2.83;0.0;4.27;2.06;84.64
1982-01-06;-1.55;0.68;2.91;0.0;3.732;2.08;84.32
1982-01-07;-1.6;0.01;1.62;0.0;3.237;1.51;88.69
1982-01-08;-1.83;-0.01;1.82;0.0;3.005;0.37;78.95
1982-01-09;-1.45;0.84;3.13;2.62;3.475;5.21;77.63
1982-01-10;2.46;5.91;9.36;0.0;4.232;3.3;83.08
1982-01-11;3.75;5.78;7.8;0.29;2.5;4.24;83.79
1982-01-12;2.7;4.5;6.29;4.99;1.229;7.27;76.79
1982-01-13;1.93;4.92;7.9;1.35;4.368;4.96;70.53
1982-01-14;3.47;6.02;8.56;0.0;3.823;7.56;67.21
1982-01-15;3.88;5.5;7.11;0.67;2.71;6.22;70.98
1982-01-16;3.32;4.65;5.98;0.89;3.013;6.1;74.67
1982-01-17;1.68;3.4;5.11;0.0;4.239;1.81;79.2
1982-01-18;1.83;4.0;6.17;8.95;2.174;5.94;85.99
1982-01-19;2.43;3.75;5.08;8.25;2.265;5.51;86.61
1982-01-20;2.12;3.04;3.96;0.39;3.53;4.46;80.69
1982-01-21;0.89;1.84;2.8;0.0;4.205;3.93;76.19
1982-01-22;0.96;2.25;3.53;0.41;4.04;3.62;71.43
1982-01-23;1.84;3.5;5.17;0.82;4.863;3.79;78.51
1982-01-24;4.18;6.24;8.3;0.0;6.192;5.71;71.49
1982-01-25;4.72;6.88;9.03;2.4;3.597;6.0;75.21
1982-01-26;7.02;9.12;11.22;3.44;1.64;5.36;87.79
1982-01-27;4.35;5.19;6.03;0.0;3.225;5.61;68.18
1982-01-28;4.49;6.94;9.38;4.54;2.899;5.4;72.97
1982-01-29;5.71;8.1;10.48;0.71;3.186;5.97;78.26
1982-01-30;4.27;5.85;7.43;0.0;4.258;6.0;71.42
1982-01-31;3.24;4.9;6.56;1.85;3.467;6.13;75.3
1982-02-01;2.81;5.25;7.69;1.65;2.665;3.52;72.83
1982-02-02;0.9;4.02;7.14;2.05;3.535;5.86;57.16
1982-02-03;-1.95;-0.25;1.45;0.0;7.038;2.84;37.39
1982-02-04;-2.28;-0.19;1.9;1.73;3.648;3.7;50.09
1982-02-05;0.87;4.78;8.7;0.8;3.621;4.06;83.25
1982-02-06;-1.32;1.24;3.8;1.04;4.472;1.37;74.27
1982-02-07;3.16;7.36;11.55;11.37;2.089;5.28;65.84
1982-02-08;4.72;9.23;13.75;5.66;4.471;4.35;78.58
1982-02-09;5.7;9.02;12.34;0.26;3.936;5.93;63.72
1982-02-10;4.19;6.87;9.54;4.02;3.426;3.57;84.19
1982-02-11;2.08;4.33;6.58;0.0;6.602;2.28;59.97
1982-02-12;2.31;6.85;11.39;0.0;5.024;4.28;62.97
1982-02-13;0.52;2.39;4.26;0.0;5.522;4.46;51.4
1982-02-14;-0.55;1.35;3.26;0.0;9.819;0.88;51.42
1982-02-15;1.65;4.49;7.32;3.42;4.402;3.25;76.18
1982-02-16;3.72;5.82;7.91;4.28;0.969;1.13;87.14
1982-02-17;5.15;7.83;10.51;0.97;2.269;2.86;88.83
1982-02-18;2.87;4.15;5.43;0.0;5.147;2.39;52.03
1982-02-19;1.64;5.07;8.49;0.0;9.164;1.78;48.83
1982-02-20;1.18;6.23;11.28;0.65;7.908;2.99;52.26
1982-02-21;5.98;10.87;15.75;1.49;3.583;4.06;84.86
1982-02-22;4.3;6.42;8.54;0.0;5.768;2.97;62.91
1982-02-23;4.38;8.9;13.42;3.91;4.888;5.86;68.53
1982-02-24;3.48;7.1;10.71;0.42;5.829;2.9;66.59
1982-02-25;5.19;8.9;12.62;0.0;5.501;3.12;76.52
1982-02-26;3.46;6.02;8.58;0.0;5.923;2.54;60.85
1982-02-27;2.29;6.42;10.55;3.77;5.01;3.36;73.43
1982-02-28;5.08;8.97;12.86;0.0;6.067;4.5;64.77
1982-03-01;6.59;10.02;13.45;0.0;4.428;3.23;69.91
1982-03-02;6.1;8.91;11.71;0.72;5.19;2.91;70.22
1982-03-03;5.02;8.21;11.39;0.0;7.047;2.84;58.44
1982-03-04;2.81;6.73;10.65;0.35;9.77;1.67;50.0
1982-03-05;3.07;9.02;14.97;0.63;6.7;1.0;60.58
1982-03-06;4.19;8.83;13.46;0.37;6.706;4.18;67.9
1982-03-07;3.07;5.05;7.04;0.66;6.981;3.58;66.64
1982-03-08;1.35;3.36;5.37;0.0;13.737;2.45;47.3
1982-03-09;3.88;7.7;11.52;1.16;5.17;5.26;53.87
1982-03-10;2.86;4.88;6.89;0.0;9.404;4.18;50.41
1982-03-11;1.33;4.64;7.96;0.0;14.494;1.97;38.43
1982-03-12;2.08;5.42;8.77;6.8;9.451;2.99;47.41
1982-03-13;8.31;14.7;21.09;2.65;8.057;6.13;61.53
1982-03-14;6.96;9.59;12.21;3.78;5.644;4.17;62.23
1982-03-15;7.64;11.05;14.47;0.98;8.435;4.16;57.39
1982-03-16;6.09;9.7;13.3;0.0;10.319;3.15;49.7
1982-03-17;8.72;13.72;18.72;9.03;6.531;4.74;67.72
1982-03-18;6.59;9.86;13.13;0.0;10.345;1.26;59.34
1982-03-19;5.72;10.37;15.02;2.1;10.888;2.77;52.53
1982-03-20;10.96;17.07;23.17;16.35;4.825;4.4;91.27
1982-03-21;5.88;6.7;7.52;0.0;11.95;2.3;60.14
1982-03-22;4.82;10.22;15.62;0.69;5.566;3.76;77.22
1982-03-23;2.61;5.29;7.98;3.11;6.521;3.27;52.52
1982-03-24;6.55;13.83;21.11;0.0;10.464;4.31;61.93
1982-03-25;5.88;9.1;12.32;0.0;7.234;4.77;58.98
1982-03-26;7.59;10.75;13.9;2.92;5.802;5.64;66.83
1982-03-27;6.78;9.64;12.5;1.31;9.198;6.05;60.51
1982-03-28;3.64;5.83;8.01;0.25;11.739;4.43;58.75
1982-03-29;1.41;3.84;6.27;1.72;17.06;2.08;43.83
1982-03-30;6.35;11.57;16.8;5.76;6.039;3.7;76.96
1982-03-31;11.63;16.06;20.49;0.0;9.295;3.86;51.89
1982-04-01;7.95;11.12;14.28;0.0;19.624;4.03;40.67
1982-04-02;10.07;16.68;23.29;0.0;20.353;4.39;41.16
1982-04-03;10.72;15.78;20.84;9.27;9.837;0.68;75.8
1982-04-04;10.59;12.9;15.21;8.4;4.276;2.13;83.91
1982-04-05;6.27;8.02;9.78;1.85;6.063;4.84;64.17
1982-04-06;2.38;5.52;8.66;3.13;15.933;2.87;49.38
1982-04-07;9.37;15.84;22.32;2.9;19.138;2.49;49.31
1982-04-08;7.79;12.33;16.88;2.58;13.576;1.84;46.95
1982-04-09;7.26;13.09;18.92;1.15;8.878;1.01;66.3
1982-04-10;7.46;11.36;15.25;0.74;7.535;2.56;77.03
1982-04-11;4.21;7.36;10.5;0.6;11.998;5.04;53.81
1982-04-12;1.13;3.52;5.92;0.0;18.17;4.36;34.9
1982-04-13;-0.68;2.48;5.64;0.0;20.502;2.71;31.64
1982-04-14;0.42;5.39;10.36;0.0;16.9;2.22;41.3
1982-04-15;2.43;7.76;13.09;4.68;6.388;3.36;53.89
1982-04-16;2.97;7.77;12.56;7.22;15.212;1.73;52.21
1982-04-17;5.92;11.25;16.57;8.68;6.412;3.26;63.03
1982-04-18;7.0;10.39;13.78;0.67;11.94;2.69;55.23
1982-04-19;7.17;10.84;14.5;5.73;10.309;3.14;51.15
1982-04-20;4.11;8.53;12.95;0.83;15.13;2.8;52.69
1982-04-21;2.05;7.14;12.24;0.0;12.469;2.74;57.09
1982-04-22;1.1;5.02;8.95;0.0;13.411;2.29;46.41
1982-04-23;3.76;9.62;15.47;0.0;14.424;2.3;50.22
1982-04-24;0.96;5.44;9.91;0.0;25.016;2.36;31.19
1982-04-25;3.09;9.5;15.92;0.0;26.675;2.56;32.9
1982-04-26;8.63;15.26;21.89;2.84;15.93;3.7;46.93
1982-04-27;7.93;13.93;19.93;10.49;6.735;4.27;74.03
1982-04-28;6.79;11.21;15.63;5.22;11.356;1.78;64.62
1982-04-29;5.34;9.07;12.8;0.0;19.013;1.45;52.02
1982-04-30;5.35;10.37;15.39;0.0;18.323;1.3;47.36
1982-05-01;5.0;10.41;15.83;0.0;17.592;0.68;47.16
1982-05-02;5.97;12.17;18.38;0.0;19.802;1.35;50.9
1982-05-03;6.06;11.81;17.56;0.0;22.484;1.56;42.88
1982-05-04;8.09;14.32;20.55;0.0;27.932;3.23;39.15
1982-05-05;10.78;17.05;23.32;0.0;26.743;3.59;38.83
1982-05-06;10.62;16.73;22.84;0.69;23.127;1.64;45.54
1982-05-07;9.1;15.25;21.39;1.58;11.734;3.38;71.43
1982-05-08;6.6;9.59;12.59;0.61;20.269;1.87;49.01
1982-05-09;6.53;11.27;16.01;0.0;18.128;1.04;55.77
1982-05-10;8.32;12.97;17.63;0.0;14.639;0.74;55.77
1982-05-11;6.97;10.4;13.84;0.0;21.553;1.86;46.35
1982-05-12;5.65;10.57;15.49;0.0;7.913;1.16;58.75
1982-05-13;10.04;15.04;20.05;0.0;13.477;1.64;55.91
1982-05-14;11.44;15.38;19.33;3.22;12.462;1.95;66.14
1982-05-15;11.76;14.91;18.06;7.82;8.189;2.11;74.38
1982-05-16;10.95;13.49;16.04;2.32;12.404;1.22;68.52
1982-05-17;9.03;12.79;16.56;1.01;13.846;1.65;52.61
1982-05-18;9.1;13.71;18.33;1.33;10.104;3.2;64.82
1982-05-19;9.1;12.24;15.38;0.94;11.696;2.71;63.39
1982-05-20;8.57;11.46;14.36;3.63;14.379;0.99;60.88
1982-05-21;5.83;9.72;13.61;1.13;17.471;1.89;51.12
1982-05-22;6.2;11.47;16.74;0.0;14.357;1.07;51.3
1982-05-23;3.51;7.47;11.43;0.0;25.824;0.96;39.8
1982-05-24;4.36;11.27;18.17;0.0;28.693;2.83;36.02
1982-05-25;3.79;10.29;16.78;0.0;28.941;3.63;37.3
1982-05-26;5.35;11.54;17.72;0.0;24.185;4.37;43.47
1982-05-27;6.87;12.25;17.63;4.32;18.2;4.99;52.18
1982-05-28;10.58;14.92;19.26;0.0;6.127;3.93;76.86
1982-05-29;8.34;9.27;10.19;0.0;8.012;1.96;77.24
1982-05-30;6.04;9.49;12.95;0.0;28.039;0.93;39.56
1982-05-31;4.74;11.27;17.81;0.0;28.464;0.58;38.33
1982-06-01;7.03;15.12;23.21;1.35;20.452;2.5;47.77
1982-06-02;6.02;12.72;19.42;0.43;12.893;3.82;57.01
1982-06-03;3.48;7.61;11.73;0.0;24.278;0.9;37.72
1982-06-04;5.55;11.96;18.38;0.0;26.298;1.12;37.34
1982-06-05;8.85;15.36;21.87;1.49;31.291;1.7;36.96
1982-06-06;11.68;18.76;25.84;5.08;9.088;2.86;79.39
1982-06-07;6.88;10.28;13.68;0.0;28.957;3.19;50.01
1982-06-08;4.5;9.72;14.94;0.0;30.262;2.13;37.92
1982-06-09;6.95;13.79;20.62;0.0;24.4;2.22;42.6
1982-06-10;9.85;16.25;22.65;0.0;23.818;2.43;47.68
1982-06-11;11.24;16.96;22.69;0.0;21.768;1.3;49.64
1982-06-12;12.74;18.64;24.55;5.25;12.534;1.65;54.22
1982-06-13;9.84;15.21;20.58;0.65;11.356;2.8;62.29
1982-06-14;7.96;11.98;16.0;0.32;15.139;2.56;56.85
1982-06-15;13.91;19.13;24.36;1.1;8.274;2.77;79.34
1982-06-16;14.19;15.57;16.94;0.0;11.729;3.18;63.86
1982-06-17;10.31;13.3;16.28;0.68;10.682;3.19;63.71
1982-06-18;7.17;12.07;16.96;0.0;28.251;1.42;41.58
1982-06-19;10.06;16.44;22.82;0.0;20.564;2.52;44.54
1982-06-20;12.66;17.93;23.19;0.0;15.074;1.98;50.7
1982-06-21;13.89;18.54;23.18;13.15;12.48;2.55;66.89
1982-06-22;10.38;13.99;17.6;1.05;20.453;2.91;58.1
1982-06-23;8.23;12.89;17.56;0.0;27.067;1.13;39.73
1982-06-24;10.36;16.45;22.53;0.0;30.948;1.8;40.16
1982-06-25;15.72;22.89;30.07;9.58;22.569;2.34;43.31
1982-06-26;15.82;21.96;28.1;1.42;12.297;1.9;70.11
1982-06-27;11.84;14.99;18.15;0.0;22.129;1.5;50.73
1982-06-28;12.27;17.45;22.63;0.0;24.16;0.9;48.31
1982-06-29;12.73;18.38;24.02;0.0;20.43;0.75;47.39
1982-06-30;15.66;21.91;28.17;0.0;20.286;2.42;50.42
1982-07-01;15.38;20.07;24.75;0.0;21.617;2.69;55.85
1982-07-02;13.44;17.96;22.49;0.0;18.246;0.68;59.99
1982-07-03;13.87;19.2;24.53;2.57;16.066;2.55;66.99
1982-07-04;11.58;15.86;20.15;0.0;20.854;2.03;49.65
1982-07-05;12.22;17.21;22.19;11.77;8.265;0.87;73.76
1982-07-06;10.12;14.13;18.15;0.0;18.19;1.73;52.86
1982-07-07;8.85;13.86;18.88;0.0;19.824;1.07;48.97
1982-07-08;14.35;20.14;25.93;1.95;7.472;3.0;66.92
1982-07-09;12.62;15.47;18.33;1.75;12.058;3.83;70.01
1982-07-10;11.1;13.66;16.22;0.53;14.509;2.55;54.02
1982-07-11;10.38;13.84;17.31;0.0;15.079;2.21;47.56
1982-07-12;14.66;20.13;25.6;0.71;13.524;2.64;51.22
1982-07-13;15.8;19.85;23.9;4.08;6.667;4.6;81.74
1982-07-14;13.95;16.01;18.07;0.46;14.043;2.31;58.51
1982-07-15;12.76;15.61;18.47;0.0;17.73;1.19;46.29
1982-07-16;10.72;14.4;18.08;1.77;17.698;2.11;51.99
1982-07-17;10.37;14.36;18.34;0.39;17.328;3.42;51.63
1982-07-18;12.99;17.11;21.24;0.0;17.385;1.51;50.0
1982-07-19;12.68;16.22;19.76;0.0;15.361;2.46;49.73
1982-07-20;11.71;15.8;19.89;2.09;10.543;4.92;65.18
1982-07-21;9.36;12.63;15.89;0.0;21.036;3.49;42.86
1982-07-22;8.64;13.32;18.0;0.0;22.283;3.7;43.2
1982-07-23;11.64;17.44;23.23;6.01;17.536;5.28;50.85
1982-07-24;12.77;16.93;21.09;1.86;5.594;3.33;70.11
1982-07-25;9.89;12.96;16.04;0.0;20.731;1.52;46.19
1982-07-26;14.38;20.45;26.51;10.01;8.422;2.72;77.68
1982-07-27;10.39;13.2;16.0;0.0;15.339;2.03;54.73
1982-07-28;9.43;14.07;18.71;0.0;13.469;1.43;51.15
1982-07-29;9.84;14.41;18.98;0.0;14.019;2.0;50.88
1982-07-30;10.59;15.77;20.95;0.0;21.722;1.89;42.15
1982-07-31;11.36;17.88;24.4;0.0;18.199;2.74;49.7
1982-08-01;8.96;14.54;20.11;0.0;27.044;1.19;44.06
1982-08-02;13.81;20.16;26.51;16.57;12.087;2.7;57.45
1982-08-03;15.63;20.05;24.48;5.42;6.271;1.83;84.51
1982-08-04;14.9;17.46;20.03;1.67;8.581;1.89;67.16
1982-08-05;14.18;16.41;18.65;0.0;15.438;1.05;52.98
1982-08-06;13.37;16.83;20.29;0.0;16.534;1.15;50.69
1982-08-07;10.95;15.24;19.54;0.0;22.874;1.08;45.41
1982-08-08;11.38;17.21;23.04;0.0;22.529;1.54;45.88
1982-08-09;11.58;17.37;23.16;0.0;25.384;0.49;47.14
1982-08-10;14.24;20.35;26.46;0.0;6.695;1.41;60.56
1982-08-11;14.25;17.66;21.08;0.0;25.523;1.42;45.12
1982-08-12;15.87;22.0;28.13;0.0;20.072;1.53;46.14
1982-08-13;16.96;22.96;28.97;0.0;20.587;2.01;43.99
1982-08-14;18.27;24.29;30.3;0.0;15.954;1.89;42.31
1982-08-15;17.64;23.6;29.56;0.0;20.182;2.35;40.46
1982-08-16;16.5;22.76;29.02;2.74;18.376;2.74;45.02
1982-08-17;12.85;18.05;23.25;35.32;10.054;1.91;69.03
1982-08-18;10.54;13.79;17.03;0.0;16.218;0.95;52.86
1982-08-19;11.89;16.96;22.04;6.96;7.872;2.13;63.54
1982-08-20;14.67;18.46;22.26;0.72;10.174;2.67;65.55
1982-08-21;13.44;15.77;18.09;0.0;13.286;2.56;57.45
1982-08-22;15.14;18.42;21.7;0.0;11.89;3.9;54.52
1982-08-23;11.38;14.65;17.92;1.93;6.758;1.98;68.19
1982-08-24;9.22;12.97;16.72;0.0;19.988;1.73;46.88
1982-08-25;9.92;15.41;20.89;0.0;17.319;1.59;47.16
1982-08-26;9.95;15.23;20.52;0.0;20.143;2.73;40.99
1982-08-27;10.83;16.46;22.09;0.0;19.331;3.54;38.24
1982-08-28;14.16;19.96;25.77;4.36;13.975;3.01;43.47
1982-08-29;14.0;18.98;23.97;6.21;13.426;1.9;54.0
1982-08-30;14.2;18.64;23.08;11.95;9.285;0.72;61.12
1982-08-31;12.24;15.9;19.56;0.0;13.202;1.54;57.89
1982-09-01;9.92;14.58;19.24;0.0;20.152;0.21;53.47
1982-09-02;11.52;16.73;21.94;0.0;7.752;0.55;64.45
1982-09-03;11.78;15.21;18.64;0.0;6.935;0.85;65.04
1982-09-04;11.61;14.94;18.27;0.46;8.958;3.15;66.53
1982-09-05;11.26;13.96;16.66;3.0;6.408;3.42;61.06
1982-09-06;10.16;13.43;16.69;0.0;16.168;4.06;48.79
1982-09-07;8.51;11.74;14.97;0.6;9.018;2.9;50.69
1982-09-08;9.32;12.95;16.57;0.0;8.885;2.93;49.81
1982-09-09;8.98;11.98;14.98;0.74;7.497;2.68;60.82
1982-09-10;7.97;11.23;14.5;0.0;9.547;1.16;58.99
1982-09-11;10.5;14.63;18.76;0.19;7.034;2.69;59.54
1982-09-12;10.74;13.43;16.13;5.84;4.591;2.02;78.48
1982-09-13;10.08;12.38;14.67;0.38;8.505;3.74;59.8
1982-09-14;7.87;11.19;14.51;0.0;13.999;1.83;51.12
1982-09-15;9.62;14.48;19.35;2.08;4.524;1.59;73.42
1982-09-16;9.03;12.13;15.24;0.0;5.68;2.09;64.37
1982-09-17;6.23;10.02;13.81;1.56;12.996;1.03;53.0
1982-09-18;11.9;17.82;23.73;2.78;6.75;2.35;72.28
1982-09-19;11.32;13.9;16.48;0.0;6.702;2.83;65.34
1982-09-20;9.3;11.75;14.19;0.0;17.366;1.33;51.84
1982-09-21;9.08;13.33;17.58;0.0;7.442;1.25;53.36
1982-09-22;10.38;14.16;17.93;0.4;6.572;1.67;64.46
1982-09-23;11.94;15.28;18.62;0.57;5.968;2.42;65.25
1982-09-24;11.56;14.55;17.55;0.0;7.642;0.86;64.02
1982-09-25;12.49;15.95;19.4;0.0;8.465;2.11;49.88
1982-09-26;12.04;16.25;20.46;0.0;12.639;2.78;49.01
1982-09-27;12.69;17.16;21.64;0.64;7.358;2.41;55.73
1982-09-28;12.73;16.06;19.4;8.64;11.129;4.01;51.09
1982-09-29;11.28;15.28;19.28;2.64;7.443;4.7;62.66
1982-09-30;10.2;12.66;15.13;0.21;7.239;3.8;55.07
1982-10-01;10.71;14.0;17.28;4.44;7.466;1.09;64.97
1982-10-02;11.6;14.84;18.07;6.6;6.797;4.35;67.95
1982-10-03;8.55;10.73;12.9;0.0;6.263;5.47;54.37
1982-10-04;6.06;9.04;12.03;0.0;9.428;1.14;52.65
1982-10-05;8.05;12.42;16.79;1.87;4.738;2.03;82.07
1982-10-06;5.67;7.7;9.72;0.0;10.001;1.45;53.02
1982-10-07;10.42;15.74;21.06;0.0;5.811;2.17;65.99
1982-10-08;11.68;14.72;17.77;0.0;4.713;0.29;79.22
1982-10-09;9.99;12.66;15.34;6.36;8.705;2.86;59.65
1982-10-10;9.72;13.87;18.01;4.57;9.541;3.21;65.35
1982-10-11;6.12;9.3;12.49;0.0;8.461;1.38;54.59
1982-10-12;4.92;9.86;14.79;0.0;7.329;2.13;50.29
1982-10-13;9.32;14.32;19.32;5.64;3.991;2.38;87.71
1982-10-14;5.94;7.03;8.11;0.0;8.864;2.46;54.43
1982-10-15;3.83;8.2;12.57;0.0;9.359;1.28;48.59
1982-10-16;4.58;9.54;14.51;2.39;6.542;3.87;54.32
1982-10-17;7.4;12.39;17.39;0.0;9.183;3.76;56.21
1982-10-18;8.56;12.36;16.16;1.2;4.92;6.2;66.4
1982-10-19;10.11;13.15;16.2;5.19;6.339;6.28;66.88
1982-10-20;9.18;11.38;13.58;4.35;3.612;8.27;59.86
1982-10-21;8.87;12.04;15.21;0.91;6.694;6.76;60.73
1982-10-22;7.62;10.03;12.43;10.9;4.055;4.51;81.3
1982-10-23;6.67;9.54;12.41;0.0;7.138;3.63;59.81
1982-10-24;8.21;11.6;14.99;1.26;6.861;3.89;65.78
1982-10-25;9.41;12.42;15.43;1.66;3.97;3.22;75.05
1982-10-26;8.28;10.75;13.21;1.66;5.967;4.18;74.24
1982-10-27;9.26;11.54;13.81;1.91;5.24;4.59;63.65
1982-10-28;10.65;12.8;14.96;1.98;3.955;6.01;75.7
1982-10-29;7.55;10.35;13.15;5.11;3.708;6.08;68.26
1982-10-30;5.86;9.7;13.53;1.12;5.108;3.72;68.08
1982-10-31;4.39;6.47;8.55;1.06;3.013;3.58;78.13
1982-11-01;5.06;7.79;10.51;4.05;2.247;1.87;86.54
1982-11-02;5.3;7.24;9.19;0.0;4.482;2.51;76.01
1982-11-03;6.95;9.25;11.55;12.0;1.501;5.77;77.71
1982-11-04;7.66;10.73;13.81;2.76;3.727;4.57;85.12
1982-11-05;2.83;4.11;5.39;2.12;2.876;5.04;72.49
1982-11-06;0.87;3.76;6.65;0.0;6.661;2.76;53.97
1982-11-07;2.14;5.36;8.58;5.88;2.207;4.23;80.72
1982-11-08;8.52;12.11;15.7;26.64;1.407;6.26;85.68
1982-11-09;6.55;8.23;9.91;3.05;2.505;5.18;73.41
1982-11-10;6.28;9.08;11.88;1.25;3.682;3.77;87.14
1982-11-11;4.22;5.02;5.82;1.22;1.64;2.07;86.13
1982-11-12;6.99;9.61;12.22;5.82;1.498;5.0;84.44
1982-11-13;10.68;14.27;17.85;1.31;1.831;4.98;79.63
1982-11-14;9.24;10.96;12.68;1.95;5.238;4.95;63.18
1982-11-15;5.76;8.5;11.25;2.2;2.736;4.84;66.21
1982-11-16;2.39;5.68;8.96;0.0;4.017;2.92;67.51
1982-11-17;3.17;6.0;8.83;0.0;3.124;1.45;83.47
1982-11-18;0.79;3.52;6.25;0.0;6.244;1.36;67.48
1982-11-19;0.01;3.9;7.8;0.97;1.722;1.51;80.34
1982-11-20;4.6;7.38;10.16;7.97;1.462;2.46;89.23
1982-11-21;4.28;6.84;9.4;2.06;1.835;2.67;88.42
1982-11-22;0.04;2.87;5.69;0.0;4.361;1.29;74.11
1982-11-23;1.13;4.96;8.79;0.0;3.022;3.1;68.59
1982-11-24;1.13;3.53;5.93;2.29;3.525;1.44;75.63
1982-11-25;4.55;7.6;10.64;1.9;2.385;1.44;86.73
1982-11-26;5.77;7.9;10.03;0.93;3.548;3.33;83.37
1982-11-27;5.69;8.14;10.59;0.0;4.482;3.33;81.11
1982-11-28;3.35;6.44;9.53;0.0;4.463;2.73;81.23
1982-11-29;4.06;6.6;9.14;2.21;1.293;4.49;90.93
1982-11-30;1.12;2.17;3.22;2.43;5.299;3.02;71.16
1982-12-01;2.66;4.33;5.99;12.44;1.245;2.15;84.99
1982-12-02;5.67;8.38;11.09;43.14;0.187;3.47;85.94
1982-12-03;9.67;12.8;15.94;15.14;1.592;4.53;87.94
1982-12-04;8.86;10.04;11.21;8.79;1.477;4.03;88.13
1982-12-05;2.49;3.53;4.57;4.71;0.827;5.65;69.88
1982-12-06;0.8;5.44;10.08;0.0;2.556;3.34;68.74
1982-12-07;0.44;2.2;3.96;0.41;2.548;2.41;80.01
1982-12-08;-0.47;0.95;2.38;0.0;3.955;1.63;79.21
1982-12-09;-0.71;0.72;2.15;0.0;2.632;3.28;69.56
1982-12-10;-1.24;0.37;1.98;0.0;4.295;2.85;70.91
1982-12-11;-3.01;-1.31;0.39;0.0;4.616;1.65;65.35
1982-12-12;-2.93;-0.52;1.9;0.0;3.62;2.08;67.78
1982-12-13;-3.71;-0.88;1.96;4.38;2.21;3.16;65.07
1982-12-14;1.55;5.02;8.48;6.15;1.414;3.69;71.36
1982-12-15;4.01;7.62;11.22;10.03;4.211;3.61;83.76
1982-12-16;3.86;7.23;10.61;8.06;1.943;1.16;84.89
1982-12-17;6.44;9.39;12.35;4.09;2.163;4.54;86.96
1982-12-18;5.49;6.34;7.19;2.4;2.289;5.4;84.6
1982-12-19;5.09;6.33;7.58;0.95;1.844;4.51;85.61
1982-12-20;1.46;3.04;4.62;0.0;3.24;1.61;77.52
1982-12-21;2.13;4.97;7.81;0.0;3.047;3.96;77.63
1982-12-22;3.49;5.77;8.05;7.92;1.299;1.58;88.74
1982-12-23;1.02;3.18;5.35;0.4;4.303;3.46;69.08
1982-12-24;0.17;3.59;7.01;0.0;3.77;1.41;77.65
1982-12-25;1.43;3.26;5.1;21.65;0.795;5.65;65.06
1982-12-26;5.58;10.3;15.03;4.11;1.323;4.57;83.3
1982-12-27;4.77;7.76;10.75;0.61;2.093;5.6;77.61
1982-12-28;-1.9;-0.55;0.8;0.47;2.438;5.8;58.31
1982-12-29;-5.19;-0.96;3.27;0.0;3.736;2.53;50.35
1982-12-30;-5.25;-2.71;-0.17;1.16;4.306;1.81;40.08
1982-12-31;-1.59;1.39;4.37;1.76;3.096;5.45;76.72
1983-01-01;0.88;3.89;6.9;1.82;2.69;6.46;76.25
1983-01-02;0.7;2.52;4.33;0.0;3.772;5.39;65.21
1983-01-03;0.74;1.81;2.89;0.45;3.002;5.84;78.17
1983-01-04;1.4;3.02;4.64;0.0;4.787;5.75;80.59
1983-01-05;0.56;1.55;2.54;3.61;2.742;4.75;70.27
1983-01-06;0.9;3.77;6.64;0.0;2.69;4.07;78.47
1983-01-07;0.44;3.09;5.74;0.0;3.229;1.79;74.44
1983-01-08;1.46;2.94;4.41;0.47;1.204;4.97;71.58
1983-01-09;-1.46;-0.97;-0.49;0.0;3.991;3.27;77.16
1983-01-10;-2.06;0.35;2.76;0.0;4.428;3.02;64.52
1983-01-11;-4.02;-1.52;0.97;0.0;5.472;3.47;62.04
1983-01-12;-3.94;-1.48;0.97;0.0;2.898;2.77;60.78
1983-01-13;-2.8;0.63;4.06;0.83;3.162;5.37;63.14
1983-01-14;-1.61;1.63;4.87;0.0;4.781;3.55;73.43
1983-01-15;-3.88;-1.92;0.04;0.0;5.893;1.56;73.85
1983-01-16;-3.95;-1.98;0.0;0.0;5.78;0.99;66.29
1983-01-17;-4.63;-1.61;1.4;0.0;4.473;2.06;69.04
1983-01-18;-1.82;0.75;3.32;11.78;2.303;5.39;84.19
1983-01-19;2.38;5.94;9.5;3.94;3.484;2.96;91.47
1983-01-20;3.31;4.34;5.38;5.12;4.033;3.8;80.53
1983-01-21;2.96;5.21;7.47;6.84;0.41;3.49;90.82
1983-01-22;3.03;4.19;5.35;0.95;5.365;3.55;81.03
1983-01-23;4.39;6.76;9.13;0.58;1.804;2.15;93.15
1983-01-24;1.35;2.22;3.09;0.0;3.74;1.04;81.43
1983-01-25;1.8;5.0;8.19;1.6;2.946;2.48;86.7
1983-01-26;1.52;3.29;5.05;0.34;2.389;4.7;86.07
1983-01-27;-1.0;0.8;2.6;0.0;7.072;6.5;61.45
1983-01-28;-1.07;1.0;3.07;2.21;4.364;3.5;62.97
1983-01-29;-0.01;3.09;6.19;0.0;5.519;2.64;71.91
1983-01-30;0.68;2.8;4.93;4.52;3.011;6.24;67.15
1983-01-31;3.73;7.2;10.67;0.95;1.663;3.92;90.15
1983-02-01;2.1;4.17;6.24;0.0;2.862;3.79;78.49
1983-02-02;4.92;8.13;11.35;0.17;1.946;5.02;78.08
1983-02-03;8.53;12.23;15.93;0.0;2.738;3.07;85.62
1983-02-04;7.98;9.97;11.96;0.26;3.637;2.02;80.25
1983-02-05;8.01;10.25;12.5;1.4;1.942;1.72;89.86
1983-02-06;6.43;7.42;8.41;0.0;2.964;1.5;80.66
1983-02-07;6.23;9.88;13.52;0.0;4.1;2.31;76.38
1983-02-08;8.96;12.46;15.96;3.6;2.062;3.42;89.19
1983-02-09;6.39;7.38;8.36;0.0;6.678;2.46;76.37
1983-02-10;1.42;4.1;6.78;0.0;8.411;3.62;59.9
1983-02-11;-1.13;2.56;6.24;0.0;9.195;5.46;50.44
1983-02-12;-2.18;0.55;3.28;0.0;7.504;4.22;34.37
1983-02-13;-1.67;-0.07;1.53;0.0;5.598;1.55;52.33
1983-02-14;0.54;4.0;7.47;1.21;3.624;2.45;79.27
1983-02-15;-3.89;-2.0;-0.1;0.0;8.865;5.01;31.57
1983-02-16;-7.28;-4.25;-1.21;0.0;9.573;2.47;23.22
1983-02-17;-4.63;0.38;5.39;0.0;8.254;1.65;41.28
1983-02-18;-3.09;1.67;6.43;0.0;9.335;1.94;38.0
1983-02-19;-2.25;2.0;6.25;0.0;9.509;2.41;44.34
1983-02-20;-0.05;4.49;9.04;0.0;8.268;3.65;50.47
1983-02-21;0.45;4.21;7.96;0.0;5.341;1.53;65.41
1983-02-22;1.29;5.48;9.68;0.0;7.671;4.87;61.45
1983-02-23;-0.66;3.08;6.83;0.0;11.445;8.15;34.31
1983-02-24;-1.85;0.2;2.26;0.0;10.964;5.87;25.8
1983-02-25;-0.43;2.25;4.92;0.0;5.647;1.66;54.76
1983-02-26;0.32;4.83;9.34;0.0;7.578;0.77;67.99
1983-02-27;-1.04;2.5;6.05;0.0;8.81;1.46;62.23
1983-02-28;-0.95;3.23;7.4;0.0;5.073;4.3;73.33
1983-03-01;-2.46;0.15;2.76;0.0;10.911;3.46;31.04
1983-03-02;-0.16;2.15;4.47;0.0;10.036;3.93;39.28
1983-03-03;-2.15;0.44;3.02;0.0;13.173;4.16;31.21
1983-03-04;-1.81;1.35;4.52;0.0;10.308;2.77;38.71
1983-03-05;-0.89;1.93;4.76;0.0;11.153;1.15;44.37
1983-03-06;-0.03;4.47;8.96;0.0;11.217;1.11;50.56
1983-03-07;0.85;5.45;10.05;0.0;14.548;2.91;37.8
1983-03-08;4.19;9.95;15.7;6.62;4.272;3.82;77.6
1983-03-09;2.91;6.16;9.4;0.0;9.056;4.25;62.22
1983-03-10;1.77;6.95;12.13;0.0;10.706;2.24;44.3
1983-03-11;2.18;8.49;14.8;2.62;5.551;2.43;71.21
1983-03-12;1.01;4.21;7.42;0.0;15.528;4.15;36.78
1983-03-13;0.43;2.84;5.26;0.0;15.879;4.17;26.36
1983-03-14;0.23;2.92;5.6;0.0;13.255;1.95;37.58
1983-03-15;1.82;5.88;9.94;5.37;5.44;6.34;53.27
1983-03-16;1.62;5.37;9.11;0.0;10.358;6.03;48.42
1983-03-17;-0.04;2.23;4.49;1.6;10.073;4.05;54.98
1983-03-18;-2.31;0.13;2.56;0.0;12.389;3.07;40.59
1983-03-19;-2.7;0.24;3.18;0.0;11.923;1.83;40.28
1983-03-20;-0.44;3.73;7.91;0.0;11.682;3.22;42.7
1983-03-21;-1.54;0.85;3.24;0.0;16.627;3.76;37.2
1983-03-22;-1.97;-0.06;1.84;0.0;11.516;2.04;40.91
1983-03-23;0.34;3.87;7.4;0.57;9.948;3.37;54.7
1983-03-24;0.92;3.75;6.58;0.0;13.222;1.28;46.08
1983-03-25;1.31;4.46;7.6;0.0;8.275;1.94;54.21
1983-03-26;3.11;7.23;11.35;12.48;5.698;4.32;66.57
1983-03-27;3.77;7.71;11.65;3.41;7.883;5.94;71.51
1983-03-28;2.25;4.48;6.71;0.23;9.521;2.03;59.51
1983-03-29;2.46;5.71;8.95;2.34;5.996;2.88;74.25
1983-03-30;2.44;5.13;7.81;0.0;11.966;1.8;58.23
1983-03-31;2.83;8.42;14.01;0.0;12.264;2.29;57.47
1983-04-01;-0.77;2.51;5.79;0.0;16.272;1.44;45.47
1983-04-02;1.9;7.34;12.78;1.16;8.102;3.56;60.43
1983-04-03;1.86;5.55;9.24;0.0;11.051;3.94;53.07
1983-04-04;0.07;3.69;7.3;0.0;14.488;2.5;43.61
1983-04-05;0.36;5.42;10.48;0.0;15.927;2.79;32.9
1983-04-06;1.66;8.38;15.11;0.0;22.416;3.03;30.32
1983-04-07;2.57;9.46;16.36;0.0;20.022;3.14;30.88
1983-04-08;3.07;9.85;16.62;0.0;20.091;2.11;35.94
1983-04-09;4.42;10.99;17.56;0.0;19.593;2.3;39.43
1983-04-10;7.16;14.71;22.27;0.0;18.42;2.84;44.24
1983-04-11;7.07;13.53;19.99;0.0;20.314;2.72;43.33
1983-04-12;6.3;12.72;19.15;0.0;16.057;2.0;38.56
1983-04-13;5.19;12.05;18.91;0.0;21.051;2.46;35.54
1983-04-14;5.52;12.52;19.51;0.0;20.584;2.72;40.55
1983-04-15;2.07;8.27;14.47;0.0;22.304;2.76;27.83
1983-04-16;0.35;6.17;11.99;0.0;22.422;1.44;25.31
1983-04-17;1.15;7.96;14.77;0.0;22.122;0.85;34.51
1983-04-18;2.84;9.55;16.27;0.0;17.369;1.66;40.32
1983-04-19;3.52;10.01;16.5;0.0;23.018;2.88;37.06
1983-04-20;2.74;9.26;15.78;0.0;23.623;3.67;28.99
1983-04-21;2.05;8.46;14.88;0.0;24.272;3.24;26.99
1983-04-22;9.07;15.89;22.71;2.24;7.938;4.21;69.48
1983-04-23;9.05;11.46;13.88;7.58;5.981;4.24;81.67
1983-04-24;2.3;4.3;6.31;1.27;10.964;4.68;62.94
1983-04-25;1.17;6.07;10.96;0.0;17.161;2.95;39.29
1983-04-26;-0.26;3.49;7.23;3.87;11.361;2.51;52.21
1983-04-27;6.05;11.51;16.97;0.45;17.124;3.54;50.0
1983-04-28;4.66;9.21;13.75;0.0;19.245;2.54;48.64
1983-04-29;4.31;9.37;14.43;2.22;15.108;3.12;50.18
1983-04-30;5.96;11.86;17.75;0.63;15.128;4.85;55.2
1983-05-01;9.94;13.12;16.3;9.59;5.651;4.52;78.76
1983-05-02;6.58;8.54;10.5;3.19;9.72;0.96;65.95
1983-05-03;4.7;9.13;13.57;0.0;20.547;2.47;45.26
1983-05-04;8.43;14.71;20.99;1.05;15.328;3.93;52.64
1983-05-05;8.36;11.98;15.6;2.75;8.858;4.11;62.92
1983-05-06;13.01;16.68;20.35;0.54;17.894;3.65;45.57
1983-05-07;11.48;16.58;21.68;13.16;11.127;2.72;65.9
1983-05-08;4.65;8.14;11.64;0.0;19.113;3.31;53.66
1983-05-09;3.86;9.93;16.0;0.0;27.844;2.59;34.9
1983-05-10;9.06;16.55;24.05;0.0;25.244;1.94;41.31
1983-05-11;7.31;13.75;20.19;0.0;16.021;2.36;48.72
1983-05-12;3.61;9.11;14.6;0.0;23.401;2.09;40.09
1983-05-13;2.74;8.88;15.01;0.0;28.219;1.56;35.38
1983-05-14;4.14;10.88;17.61;0.0;27.091;0.69;32.34
1983-05-15;5.06;12.86;20.66;0.0;26.773;0.47;36.79
1983-05-16;6.54;14.92;23.31;0.0;25.822;0.34;37.8
1983-05-17;12.23;20.86;29.49;0.0;16.227;1.22;44.19
1983-05-18;14.22;20.41;26.59;0.0;16.808;1.25;44.44
1983-05-19;12.58;18.39;24.21;0.0;25.274;1.76;42.25
1983-05-20;10.69;16.79;22.9;0.0;25.142;1.56;35.91
1983-05-21;12.0;18.91;25.82;0.0;18.527;3.22;45.66
1983-05-22;8.09;13.82;19.55;0.0;27.731;3.85;37.17
1983-05-23;7.8;13.19;18.58;0.0;20.584;4.02;39.34
1983-05-24;6.46;11.75;17.04;0.0;29.233;4.55;26.02
1983-05-25;6.2;11.64;17.09;0.0;29.006;3.79;30.38
1983-05-26;6.17;12.25;18.34;0.0;25.685;3.34;35.76
1983-05-27;7.82;14.09;20.35;0.0;21.856;3.21;44.1
1983-05-28;10.81;15.82;20.82;0.0;23.53;3.12;39.01
1983-05-29;12.79;18.34;23.89;0.0;23.445;3.35;39.48
1983-05-30;11.34;14.94;18.53;0.0;19.44;3.08;39.05
1983-05-31;10.13;13.64;17.16;4.23;7.779;3.37;52.08
1983-06-01;9.67;13.29;16.91;2.27;13.256;3.12;57.91
1983-06-02;10.87;15.11;19.36;8.19;21.623;3.44;46.0
1983-06-03;12.19;18.11;24.02;5.66;8.514;3.19;74.38
1983-06-04;12.17;14.97;17.77;2.27;16.81;0.98;53.37
1983-06-05;9.16;13.3;17.45;15.3;12.557;3.12;68.2
1983-06-06;7.54;11.41;15.29;0.8;15.976;2.79;57.72
1983-06-07;10.03;13.88;17.72;9.81;22.863;3.12;49.53
1983-06-08;8.11;13.29;18.47;6.12;16.248;4.33;53.86
1983-06-09;9.17;13.6;18.03;13.76;7.735;4.78;73.86
1983-06-10;8.97;12.03;15.08;2.08;12.393;5.19;60.53
1983-06-11;9.49;12.5;15.51;7.17;9.129;4.08;66.55
1983-06-12;8.55;11.23;13.9;3.54;17.802;5.27;55.11
1983-06-13;8.26;11.82;15.39;2.64;14.329;4.16;62.6
1983-06-14;7.41;10.04;12.66;0.0;20.256;3.42;50.51
1983-06-15;6.11;9.19;12.26;11.2;10.32;3.17;52.55
1983-06-16;7.21;12.14;17.08;5.71;12.956;3.53;65.35
1983-06-17;6.05;9.59;13.13;0.0;17.605;3.2;54.18
1983-06-18;6.11;10.51;14.91;0.0;14.272;3.46;52.15
1983-06-19;5.95;10.11;14.27;1.37;8.569;2.32;59.97
1983-06-20;10.11;15.37;20.63;4.79;12.176;3.11;68.85
1983-06-21;12.27;14.76;17.25;2.1;10.159;4.39;63.58
1983-06-22;11.79;14.54;17.28;0.28;12.901;4.19;58.27
1983-06-23;9.74;12.75;15.75;0.0;17.404;3.14;50.45
1983-06-24;7.38;10.57;13.76;0.0;17.605;1.64;50.42
1983-06-25;5.83;10.38;14.92;0.0;30.054;3.01;37.75
1983-06-26;7.9;14.09;20.27;0.0;30.72;3.89;37.53
1983-06-27;6.1;11.26;16.42;0.0;17.428;1.87;45.9
1983-06-28;12.59;18.94;25.28;9.54;12.218;3.4;62.09
1983-06-29;12.58;15.93;19.27;2.67;13.16;2.99;72.64
1983-06-30;12.36;14.39;16.43;0.56;11.247;3.76;67.03
1983-07-01;11.21;14.21;17.2;0.0;20.516;3.16;54.98
1983-07-02;10.66;14.71;18.76;3.92;6.907;3.0;69.47
1983-07-03;16.19;20.38;24.56;1.33;11.0;3.02;76.42
1983-07-04;16.12;18.57;21.02;0.0;16.234;2.66;64.33
1983-07-05;12.83;16.06;19.29;0.0;20.374;1.87;56.39
1983-07-06;10.94;15.77;20.59;0.0;20.929;0.49;53.66
1983-07-07;15.02;21.29;27.55;0.0;21.543;1.35;51.81
1983-07-08;14.12;19.54;24.97;0.0;29.371;1.22;47.04
1983-07-09;16.73;22.89;29.05;0.8;17.982;2.27;53.51
1983-07-10;14.27;18.91;23.55;0.0;21.651;2.16;50.11
1983-07-11;14.53;19.91;25.28;0.0;21.362;2.68;48.03
1983-07-12;17.17;22.55;27.92;0.0;18.817;2.73;52.18
1983-07-13;15.72;19.61;23.5;0.0;25.202;2.14;47.52
1983-07-14;15.9;21.27;26.65;0.0;20.475;3.19;49.7
1983-07-15;12.82;17.57;22.33;0.0;27.911;3.49;41.97
1983-07-16;13.59;18.77;23.95;0.0;27.891;3.17;43.61
1983-07-17;15.4;21.16;26.92;3.99;28.403;2.65;42.78
1983-07-18;17.83;23.96;30.09;5.02;11.105;1.86;61.74
1983-07-19;16.5;20.87;25.23;3.74;13.868;2.47;58.5
1983-07-20;15.35;20.43;25.5;0.0;24.841;1.55;49.72
1983-07-21;13.34;18.77;24.21;10.25;20.882;0.47;42.34
1983-07-22;16.53;24.11;31.68;11.93;12.723;0.72;49.64
1983-07-23;15.37;21.22;27.08;15.2;15.952;1.16;60.0
1983-07-24;15.34;20.48;25.63;0.0;17.062;3.27;62.31
1983-07-25;16.73;20.3;23.88;5.79;16.921;1.88;47.87
1983-07-26;15.67;21.13;26.58;29.52;18.064;0.7;60.62
1983-07-27;16.56;21.96;27.36;0.0;16.219;1.47;62.03
1983-07-28;15.1;18.49;21.88;6.1;17.48;3.51;54.67
1983-07-29;14.69;18.63;22.58;0.0;16.94;2.8;57.23
1983-07-30;10.51;13.89;17.27;0.61;11.545;3.57;59.47
1983-07-31;9.3;13.91;18.51;0.0;12.134;0.95;54.14
1983-08-01;9.34;14.15;18.97;0.0;16.017;1.98;52.91
1983-08-02;8.88;13.34;17.81;0.0;17.204;1.05;50.32
1983-08-03;13.01;18.52;24.03;1.61;21.853;3.4;47.38
1983-08-04;15.74;21.8;27.85;0.0;27.121;2.65;52.27
1983-08-05;12.85;16.76;20.67;0.83;15.155;2.49;57.29
1983-08-06;12.26;16.37;20.48;3.56;12.019;2.95;64.13
1983-08-07;12.98;16.27;19.57;0.0;25.485;2.48;45.51
1983-08-08;14.62;20.21;25.81;3.17;14.615;1.41;58.88
1983-08-09;13.01;17.18;21.35;3.66;13.955;1.97;62.32
1983-08-10;13.28;18.02;22.76;0.0;17.787;0.7;47.44
1983-08-11;19.54;25.83;32.12;2.53;14.43;2.46;49.59
1983-08-12;14.94;19.94;24.94;10.04;12.933;2.16;63.77
1983-08-13;11.68;16.4;21.12;0.0;24.303;2.64;51.48
1983-08-14;9.76;14.33;18.9;0.0;24.553;2.34;45.64
1983-08-15;10.91;16.41;21.9;0.0;25.291;1.63;43.65
1983-08-16;12.78;19.02;25.27;0.0;18.501;0.95;41.63
1983-08-17;15.11;21.63;28.14;0.0;19.555;2.43;48.02
1983-08-18;12.25;17.25;22.25;0.0;23.115;3.01;45.07
1983-08-19;11.76;16.71;21.67;0.0;23.965;2.2;44.15
1983-08-20;13.3;19.08;24.86;0.0;23.725;2.33;41.41
1983-08-21;14.92;20.9;26.88;0.0;20.952;1.72;38.57
1983-08-22;15.51;21.81;28.11;4.61;13.91;0.96;45.04
1983-08-23;15.6;22.25;28.91;6.08;22.053;0.78;44.13
1983-08-24;16.55;23.19;29.83;9.46;20.462;1.4;45.32
1983-08-25;17.21;23.57;29.92;6.79;17.602;0.86;49.13
1983-08-26;17.31;23.21;29.12;10.11;13.593;1.25;49.12
1983-08-27;16.36;22.08;27.8;1.36;16.105;1.65;51.43
1983-08-28;14.71;19.7;24.69;0.0;17.175;1.4;47.7
1983-08-29;16.18;21.68;27.18;9.34;15.697;2.01;43.13
1983-08-30;15.64;21.96;28.28;1.04;18.808;2.19;50.7
1983-08-31;15.27;20.32;25.37;0.0;15.305;1.27;49.3
1983-09-01;10.79;15.66;20.54;0.0;22.168;0.36;49.52
1983-09-02;12.97;18.88;24.79;6.1;9.326;3.31;61.26
1983-09-03;11.06;14.98;18.9;0.0;20.346;3.61;51.92
1983-09-04;9.53;13.44;17.35;0.0;20.997;2.24;46.83
1983-09-05;9.26;14.65;20.04;0.0;20.6;1.59;46.1
1983-09-06;11.19;17.0;22.82;0.0;15.473;4.03;51.95
1983-09-07;9.33;13.02;16.7;0.0;21.838;3.69;47.39
1983-09-08;8.71;13.09;17.46;0.0;20.584;3.26;45.3
1983-09-09;9.63;14.66;19.69;0.0;20.804;2.13;41.05
1983-09-10;11.01;16.26;21.51;1.26;6.391;1.26;47.67
1983-09-11;11.05;16.46;21.87;0.0;12.762;4.28;48.68
1983-09-12;9.91;14.05;18.19;1.8;7.882;3.34;64.39
1983-09-13;8.49;11.53;14.57;0.0;17.444;3.16;47.79
1983-09-14;9.38;14.33;19.28;0.0;12.085;3.54;53.62
1983-09-15;10.93;15.28;19.63;0.0;16.517;3.86;49.22
1983-09-16;10.36;14.19;18.01;0.0;16.139;2.96;46.65
1983-09-17;9.5;14.35;19.2;0.0;15.753;2.89;47.3
1983-09-18;11.07;16.52;21.97;0.0;8.141;3.14;48.85
1983-09-19;11.37;14.8;18.24;0.0;7.917;2.8;47.37
1983-09-20;9.77;12.54;15.32;4.03;7.969;3.68;57.47
1983-09-21;7.57;10.88;14.19;0.0;14.981;3.0;48.06
1983-09-22;5.83;9.89;13.96;0.0;13.61;0.94;46.73
1983-09-23;9.07;14.38;19.7;0.0;5.772;4.5;35.17
1983-09-24;10.93;15.09;19.25;1.24;6.14;3.62;45.37
1983-09-25;12.01;16.43;20.84;6.84;4.508;1.99;70.6
1983-09-26;12.78;15.64;18.51;1.53;9.725;2.01;51.81
1983-09-27;11.33;15.07;18.8;0.0;11.48;4.87;47.27
1983-09-28;12.09;16.51;20.93;7.72;7.333;4.06;54.97
1983-09-29;11.45;14.89;18.34;5.73;3.079;3.52;82.79
1983-09-30;11.83;13.84;15.85;0.0;6.326;3.78;62.71
1983-10-01;12.66;15.39;18.12;0.77;4.23;3.08;78.89
1983-10-02;13.96;16.19;18.42;0.0;7.042;1.54;62.05
1983-10-03;13.04;16.08;19.12;0.0;5.656;1.23;69.8
1983-10-04;12.89;15.52;18.15;7.94;5.605;1.46;71.73
1983-10-05;12.53;14.98;17.44;13.7;5.103;1.22;77.0
1983-10-06;11.39;14.08;16.76;0.0;8.786;2.61;52.61
1983-10-07;8.46;12.74;17.01;0.0;11.069;2.9;48.5
1983-10-08;6.95;11.78;16.61;0.0;9.452;3.04;55.7
1983-10-09;6.99;11.02;15.05;0.0;11.107;3.19;49.3
1983-10-10;6.0;10.21;14.41;0.0;9.422;2.79;49.6
1983-10-11;7.94;13.05;18.16;0.0;10.073;1.8;48.17
1983-10-12;8.55;14.04;19.53;0.0;12.22;2.81;51.22
1983-10-13;9.64;15.21;20.78;0.0;10.258;2.44;47.63
1983-10-14;10.17;15.7;21.24;0.0;11.995;2.37;35.46
1983-10-15;10.54;16.41;22.28;1.62;8.415;4.02;46.56
1983-10-16;6.6;11.57;16.54;0.0;7.921;3.1;56.05
1983-10-17;5.47;9.65;13.84;0.0;7.796;3.7;47.97
1983-10-18;10.98;16.29;21.6;1.38;2.112;3.86;84.13
1983-10-19;13.28;15.24;17.2;5.3;3.611;4.69;83.46
1983-10-20;11.21;12.84;14.46;0.0;5.316;5.02;69.75
1983-10-21;9.15;11.32;13.48;2.45;5.696;1.64;76.75
1983-10-22;3.51;6.04;8.57;0.85;5.4;4.11;64.01
1983-10-23;2.87;6.71;10.54;0.29;6.925;4.03;54.78
1983-10-24;2.75;6.62;10.49;0.0;6.752;2.96;63.02
1983-10-25;2.0;6.29;10.57;2.8;2.474;2.95;72.15
1983-10-26;3.02;6.21;9.39;0.0;4.139;2.72;75.17
1983-10-27;1.76;4.92;8.07;0.0;4.984;2.8;73.01
1983-10-28;2.54;5.59;8.63;0.0;6.775;1.78;63.28
1983-10-29;2.67;6.4;10.13;0.0;4.377;1.91;58.64
1983-10-30;6.41;10.98;15.55;4.5;2.223;3.4;82.94
1983-10-31;4.0;6.04;8.07;0.0;6.05;2.6;60.05
1983-11-01;6.54;11.05;15.57;5.69;1.952;4.77;86.57
1983-11-02;9.81;11.66;13.52;10.72;1.98;4.49;88.11
1983-11-03;6.03;7.43;8.82;0.94;3.799;3.04;82.74
1983-11-04;5.36;8.81;12.26;7.61;2.078;5.78;77.84
1983-11-05;4.01;6.62;9.22;1.04;4.378;4.85;64.5
1983-11-06;2.72;4.9;7.08;5.11;5.106;4.07;69.05
1983-11-07;4.71;7.52;10.33;3.36;2.315;4.72;78.87
1983-11-08;1.83;4.1;6.37;0.0;4.363;4.34;54.93
1983-11-09;0.55;3.28;6.02;4.6;3.669;3.0;48.08
1983-11-10;7.0;12.87;18.73;0.0;3.893;4.61;63.23
1983-11-11;7.16;9.91;12.67;1.88;2.792;3.94;78.01
1983-11-12;9.56;12.75;15.94;5.27;5.997;4.81;65.29
1983-11-13;4.71;7.77;10.83;0.9;1.852;4.6;62.86
1983-11-14;5.07;8.84;12.62;2.67;4.146;4.03;73.38
1983-11-15;4.49;7.78;11.07;7.32;3.435;3.44;84.1
1983-11-16;4.78;7.51;10.23;0.0;4.941;1.87;69.82
1983-11-17;3.03;5.4;7.77;6.45;1.126;2.92;53.81
1983-11-18;10.3;14.96;19.62;0.44;2.163;4.33;86.12
1983-11-19;9.22;10.46;11.71;0.83;2.684;3.68;87.18
1983-11-20;5.07;6.67;8.28;1.14;1.877;4.7;81.69
1983-11-21;2.53;6.69;10.85;3.77;2.199;1.04;80.13
1983-11-22;0.94;5.04;9.13;0.0;4.625;0.62;66.73
1983-11-23;2.47;6.44;10.41;0.0;3.193;1.11;73.88
1983-11-24;1.56;4.83;8.09;0.0;3.148;1.09;61.01
1983-11-25;0.09;3.81;7.54;0.0;5.683;1.4;62.6
1983-11-26;-0.33;3.13;6.6;4.1;3.79;3.32;56.41
1983-11-27;9.05;14.77;20.48;1.06;3.002;7.24;71.85
1983-11-28;5.32;6.95;8.58;0.0;3.721;5.52;52.53
1983-11-29;4.39;6.5;8.62;0.0;5.225;2.85;62.14
1983-11-30;4.53;6.9;9.28;0.65;2.401;0.94;86.69
1983-12-01;6.05;7.69;9.33;0.0;2.034;0.46;87.11
1983-12-02;4.92;6.09;7.27;0.85;4.195;2.76;75.92
1983-12-03;8.73;11.98;15.24;3.48;1.511;5.43;88.59
1983-12-04;4.91;6.14;7.38;3.65;3.009;2.93;83.18
1983-12-05;7.69;10.76;13.82;3.24;1.888;6.9;78.35
1983-12-06;4.78;6.36;7.94;2.38;2.275;6.6;71.39
1983-12-07;2.05;4.59;7.13;1.76;2.538;4.47;74.04
1983-12-08;1.21;3.9;6.59;0.18;2.458;3.48;73.95
1983-12-09;0.83;2.79;4.75;0.0;2.717;2.16;78.86
1983-12-10;1.54;3.23;4.92;0.0;2.381;1.17;85.49
1983-12-11;0.67;2.77;4.87;0.0;4.673;3.12;64.84
1983-12-12;0.03;1.29;2.56;0.0;2.095;1.3;58.5
1983-12-13;-0.26;1.13;2.52;0.0;3.516;2.3;63.6
1983-12-14;-0.62;1.14;2.89;0.0;3.534;0.97;77.89
1983-12-15;-1.3;0.52;2.34;0.0;2.366;1.72;84.48
1983-12-16;-0.33;2.07;4.47;0.42;3.098;2.93;85.99
1983-12-17;1.27;3.52;5.77;1.71;2.863;1.78;90.74
1983-12-18;2.11;3.05;4.0;14.79;0.767;3.91;80.47
1983-12-19;5.62;8.77;11.92;1.06;1.824;4.12;87.2
1983-12-20;6.65;8.18;9.71;7.96;1.332;5.83;81.83
1983-12-21;6.07;8.14;10.21;2.8;1.304;5.36;83.71
1983-12-22;2.45;4.47;6.5;0.79;1.407;4.96;69.51
1983-12-23;1.68;4.82;7.96;4.87;1.798;3.07;87.21
1983-12-24;0.13;1.49;2.85;0.0;2.463;1.38;66.7
1983-12-25;-0.13;1.45;3.03;0.0;3.037;1.72;65.11
1983-12-26;-0.45;1.3;3.05;5.87;1.127;2.77;88.06
1983-12-27;0.13;2.48;4.84;0.53;1.716;3.61;70.38
1983-12-28;5.55;11.36;17.17;4.91;1.6;5.45;85.98
1983-12-29;4.2;6.94;9.68;5.88;2.614;6.14;70.44
1983-12-30;2.54;4.69;6.84;0.61;2.397;5.95;65.07
1983-12-31;2.86;6.34;9.82;0.77;1.707;5.59;82.9
1984-01-01;3.09;4.34;5.6;0.33;2.347;3.85;84.85
1984-01-02;1.63;2.8;3.98;0.0;2.908;2.38;80.62
1984-01-03;1.96;4.33;6.69;2.65;1.502;2.77;88.6
1984-01-04;1.57;2.59;3.61;0.0;2.311;1.72;80.94
1984-01-05;1.49;3.79;6.08;8.39;3.046;3.88;73.59
1984-01-06;4.96;7.65;10.34;5.72;1.751;4.06;88.52
1984-01-07;-1.32;0.08;1.49;0.61;2.927;7.57;56.09
1984-01-08;-3.0;1.32;5.64;0.0;4.21;4.46;41.97
1984-01-09;-2.1;-0.55;1.01;0.42;2.159;3.71;75.06
1984-01-10;2.11;5.83;9.55;0.0;2.842;1.38;86.57
1984-01-11;1.03;2.42;3.82;0.0;4.579;2.82;78.77
1984-01-12;1.43;2.92;4.42;2.34;1.935;3.11;80.06
1984-01-13;2.99;4.57;6.15;4.55;1.769;3.13;81.93
1984-01-14;6.7;9.44;12.18;1.63;1.534;3.59;85.58
1984-01-15;5.78;7.37;8.96;0.0;2.425;2.43;87.39
1984-01-16;6.36;8.22;10.09;0.8;3.097;3.14;83.96
1984-01-17;4.79;6.53;8.26;5.28;1.226;4.04;84.23
1984-01-18;4.71;6.95;9.18;2.33;2.019;5.85;86.07
1984-01-19;4.34;5.2;6.06;0.0;4.095;4.82;75.18
1984-01-20;4.98;6.66;8.34;5.04;1.072;5.01;80.56
1984-01-21;3.79;6.53;9.27;0.0;4.445;2.85;76.95
1984-01-22;3.16;6.55;9.94;1.36;5.535;4.68;66.21
1984-01-23;2.94;6.08;9.23;0.0;4.068;3.56;77.36
1984-01-24;2.33;4.83;7.34;0.0;2.754;2.89;75.04
1984-01-25;5.87;9.04;12.2;2.02;2.305;5.11;84.65
1984-01-26;3.38;4.94;6.49;3.28;2.02;5.03;85.57
1984-01-27;2.71;5.97;9.23;0.0;5.34;2.93;70.5
1984-01-28;2.87;5.31;7.75;4.44;2.003;1.72;83.67
1984-01-29;4.09;6.15;8.21;4.14;1.635;5.98;83.68
1984-01-30;3.14;5.33;7.51;0.0;4.195;4.09;67.56
1984-01-31;2.99;4.61;6.23;0.0;4.461;0.82;77.93
1984-02-01;2.25;4.29;6.34;1.54;1.792;3.15;72.58
1984-02-02;1.33;4.87;8.41;5.9;5.225;4.12;56.35
1984-02-03;0.13;4.65;9.17;3.7;2.926;8.43;53.56
1984-02-04;-4.12;0.95;6.02;1.08;2.862;4.21;46.79
1984-02-05;-7.71;-4.26;-0.81;0.22;8.185;2.73;50.19
1984-02-06;-7.65;-3.95;-0.24;1.23;7.311;4.38;51.8
1984-02-07;-6.96;-1.9;3.16;1.91;6.09;3.89;70.15
1984-02-08;-6.81;-1.75;3.31;0.0;7.361;3.06;52.08
1984-02-09;-5.39;-1.47;2.44;1.88;7.284;3.4;66.5
1984-02-10;-7.77;-3.98;-0.2;0.0;7.259;3.15;57.69
1984-02-11;-7.89;-3.03;1.82;0.0;8.084;2.28;58.38
1984-02-12;-4.63;-1.25;2.12;0.35;11.142;7.21;43.62
1984-02-13;3.12;7.88;12.65;0.0;4.371;5.52;88.67
1984-02-14;2.09;3.08;4.07;2.36;7.616;2.83;78.56
1984-02-15;4.95;8.17;11.39;0.0;3.237;2.13;79.93
1984-02-16;1.98;5.07;8.16;0.0;8.357;1.39;55.3
1984-02-17;3.16;8.94;14.71;0.0;6.703;1.5;58.03
1984-02-18;2.58;7.46;12.35;0.0;9.234;1.35;56.8
1984-02-19;1.78;6.81;11.84;0.0;8.735;2.08;60.59
1984-02-20;1.25;5.72;10.2;0.0;5.23;1.15;63.16
1984-02-21;1.37;5.61;9.85;0.19;4.542;2.86;72.91
1984-02-22;0.14;4.19;8.24;0.0;6.902;1.8;65.9
1984-02-23;2.05;5.9;9.75;0.64;4.762;5.03;71.64
1984-02-24;2.39;4.8;7.22;1.76;4.99;5.8;73.37
1984-02-25;1.51;2.98;4.44;3.45;3.738;5.17;69.29
1984-02-26;-0.82;2.05;4.93;1.77;5.688;4.32;70.94
1984-02-27;-2.16;1.36;4.89;0.0;10.747;2.02;43.01
1984-02-28;-3.36;-1.15;1.06;0.0;12.995;2.08;33.39
1984-02-29;0.0;0.0;0.0;0.0;0.0;0.0;0.0
1984-03-01;-1.43;2.37;6.17;0.0;8.018;1.81;41.92
1984-03-02;-1.63;1.75;5.14;1.09;8.419;2.16;49.42
1984-03-03;-2.56;0.56;3.68;4.11;8.547;3.71;57.68
1984-03-04;2.76;6.26;9.76;13.76;9.764;2.58;66.97
1984-03-05;1.65;6.25;10.84;7.21;7.855;5.78;64.51
1984-03-06;0.35;2.74;5.14;1.36;12.107;2.93;47.39
1984-03-07;1.84;3.71;5.58;2.92;5.335;5.11;76.45
1984-03-08;-2.94;0.32;3.58;0.53;7.88;4.21;52.59
1984-03-09;-4.69;-2.27;0.15;0.0;12.99;3.57;28.37
1984-03-10;-7.59;-2.67;2.25;0.0;15.257;3.85;23.16
1984-03-11;-7.19;-4.74;-2.28;0.0;14.532;2.8;31.87
1984-03-12;-3.98;-0.77;2.43;0.0;11.516;4.8;30.91
1984-03-13;0.7;6.16;11.62;5.39;5.139;4.43;67.34
1984-03-14;0.37;5.78;11.19;0.0;9.487;2.98;62.22
1984-03-15;-2.03;-0.47;1.08;0.0;10.801;2.5;54.7
1984-03-16;0.97;2.94;4.9;5.26;9.56;3.77;61.52
1984-03-17;3.61;7.79;11.97;0.57;6.14;4.54;62.63
1984-03-18;2.74;7.39;12.04;0.53;6.151;5.02;70.72
1984-03-19;1.54;5.13;8.72;3.67;10.891;2.92;59.15
1984-03-20;4.39;7.43;10.46;2.66;10.001;3.7;53.04
1984-03-21;9.2;12.68;16.16;4.07;8.42;4.87;62.91
1984-03-22;8.08;14.91;21.75;3.45;6.0;6.53;71.19
1984-03-23;7.91;11.57;15.24;8.54;6.411;4.47;80.75
1984-03-24;7.74;9.67;11.6;20.74;4.992;3.08;72.35
1984-03-25;9.35;11.48;13.61;0.0;8.972;4.06;61.17
1984-03-26;4.66;7.94;11.22;0.69;9.168;3.24;58.22
1984-03-27;2.53;5.23;7.93;0.0;11.987;4.24;43.96
1984-03-28;1.16;5.58;10.01;0.0;18.18;2.51;38.96
1984-03-29;-0.3;2.67;5.64;0.0;15.41;1.55;40.26
1984-03-30;1.67;5.8;9.93;0.85;10.759;2.69;56.45
1984-03-31;2.09;6.59;11.09;7.31;6.615;5.62;79.44
1984-04-01;2.69;4.92;7.16;0.66;8.397;5.23;63.52
1984-04-02;2.19;4.5;6.8;0.64;9.665;4.15;67.79
1984-04-03;0.39;2.77;5.16;1.11;13.813;1.54;56.1
1984-04-04;2.0;4.56;7.12;0.75;11.316;3.71;62.03
1984-04-05;0.95;4.76;8.57;0.7;12.394;5.28;43.85
1984-04-06;3.07;5.71;8.35;5.6;10.001;4.14;49.51
1984-04-07;1.37;6.42;11.46;0.0;15.075;3.03;44.3
1984-04-08;0.49;5.43;10.37;0.0;18.036;2.84;37.68
1984-04-09;8.01;13.09;18.16;0.0;15.496;4.7;53.59
1984-04-10;8.69;15.7;22.7;0.0;12.638;3.01;53.73
1984-04-11;7.38;11.79;16.21;0.65;14.298;1.23;46.81
1984-04-12;7.19;11.55;15.92;6.73;6.1;2.68;76.92
1984-04-13;3.38;9.46;15.54;0.0;22.48;3.14;46.0
1984-04-14;2.5;6.27;10.04;0.0;19.165;2.72;41.35
1984-04-15;6.25;11.49;16.74;0.35;20.825;4.05;42.47
1984-04-16;6.36;13.02;19.67;0.0;15.479;4.22;52.21
1984-04-17;3.52;8.91;14.3;0.0;15.739;2.54;44.6
1984-04-18;1.46;4.53;7.59;0.0;15.376;1.77;46.37
1984-04-19;1.4;6.16;10.92;0.0;17.201;2.74;43.58
1984-04-20;7.07;12.61;18.15;0.0;13.256;2.31;51.0
1984-04-21;4.63;10.88;17.12;1.06;12.438;2.72;61.75
1984-04-22;2.02;5.84;9.67;0.0;18.465;2.39;45.19
1984-04-23;6.07;11.11;16.14;0.0;19.092;2.09;43.51
1984-04-24;7.51;13.67;19.83;4.8;9.165;4.52;63.67
1984-04-25;7.59;11.96;16.32;0.0;16.246;4.0;52.62
1984-04-26;5.66;7.89;10.12;2.06;8.338;3.57;63.85
1984-04-27;5.16;8.57;11.99;0.69;11.546;3.86;63.71
1984-04-28;6.26;9.78;13.3;1.53;13.135;3.84;58.13
1984-04-29;7.41;10.26;13.11;1.02;12.137;5.11;61.95
1984-04-30;7.31;10.48;13.65;11.89;13.945;5.34;63.71
1984-05-01;6.48;8.89;11.3;0.31;7.757;4.59;69.7
1984-05-02;5.84;8.4;10.96;0.44;11.953;4.71;48.51
1984-05-03;7.87;10.05;12.24;1.09;11.788;5.18;57.89
1984-05-04;7.3;11.3;15.31;0.52;16.737;2.07;52.16
1984-05-05;5.77;8.23;10.7;2.75;14.776;4.22;60.82
1984-05-06;5.33;9.14;12.95;2.5;9.99;2.92;60.08
1984-05-07;4.64;8.27;11.89;0.0;15.863;2.65;54.52
1984-05-08;2.31;6.01;9.71;0.77;11.765;2.3;58.73
1984-05-09;9.46;14.66;19.86;0.24;18.973;3.18;49.23
1984-05-10;11.16;17.34;23.51;0.0;12.009;3.06;68.87
1984-05-11;8.21;13.77;19.33;4.64;8.684;4.41;61.88
1984-05-12;8.32;10.84;13.35;0.0;17.032;4.95;56.32
1984-05-13;7.31;10.45;13.58;0.91;10.555;3.81;61.02
1984-05-14;5.93;8.97;12.02;3.48;10.018;3.51;58.28
1984-05-15;7.57;10.55;13.54;0.95;12.556;3.13;58.67
1984-05-16;5.37;9.6;13.83;0.0;13.298;3.43;52.6
1984-05-17;4.78;8.67;12.56;1.2;10.293;2.83;58.67
1984-05-18;11.79;16.91;22.04;11.17;10.665;2.82;61.17
1984-05-19;11.51;16.95;22.4;6.27;7.725;3.05;76.18
1984-05-20;8.77;12.81;16.86;0.0;23.808;1.85;49.45
1984-05-21;11.32;14.59;17.85;3.71;10.183;3.61;55.97
1984-05-22;8.34;12.91;17.49;0.0;11.46;2.81;58.52
1984-05-23;6.14;8.98;11.82;0.0;14.689;1.66;51.11
1984-05-24;6.5;10.96;15.43;0.27;19.577;2.1;47.99
1984-05-25;8.2;13.57;18.94;1.75;8.211;1.93;87.69
1984-05-26;5.97;12.29;18.6;0.0;25.949;1.77;44.35
1984-05-27;6.96;11.26;15.55;0.8;8.745;2.94;59.8
1984-05-28;12.13;18.33;24.53;0.0;12.779;3.13;58.53
1984-05-29;10.46;15.89;21.33;0.0;24.449;1.86;47.28
1984-05-30;10.76;14.77;18.79;0.58;22.466;0.86;46.82
1984-05-31;11.18;17.36;23.54;0.0;25.907;1.23;45.35
1984-06-01;10.65;17.12;23.59;7.65;9.051;3.86;65.62
1984-06-02;9.27;15.58;21.89;0.0;18.166;1.9;51.75
1984-06-03;7.8;12.77;17.74;0.0;12.03;2.25;56.06
1984-06-04;7.88;11.58;15.29;5.42;9.613;2.65;70.48
1984-06-05;6.99;11.24;15.49;0.0;15.15;2.75;54.87
1984-06-06;4.54;8.16;11.79;0.0;31.44;1.15;37.88
1984-06-07;6.48;11.68;16.87;0.0;27.8;1.3;38.37
1984-06-08;8.86;15.72;22.58;0.0;24.669;1.69;43.97
1984-06-09;11.2;18.02;24.83;0.0;31.463;2.42;44.13
1984-06-10;13.73;20.18;26.63;0.0;25.186;2.27;46.51
1984-06-11;16.85;23.14;29.43;0.0;24.058;2.03;44.34
1984-06-12;17.15;23.46;29.78;0.0;25.714;1.82;46.84
1984-06-13;16.94;22.82;28.7;0.0;22.689;1.4;44.92
1984-06-14;18.0;23.76;29.52;9.29;20.404;0.79;46.84
1984-06-15;15.78;22.04;28.3;1.21;22.953;0.33;50.45
1984-06-16;15.37;21.53;27.69;2.47;22.952;0.64;48.53
1984-06-17;14.64;21.01;27.37;4.28;21.295;0.85;46.93
1984-06-18;15.05;21.39;27.73;0.0;25.848;2.64;51.89
1984-06-19;13.94;20.57;27.21;0.0;23.636;1.12;50.41
1984-06-20;13.59;18.49;23.39;4.93;13.51;0.54;50.3
1984-06-21;13.27;17.9;22.53;0.66;23.255;3.13;57.6
1984-06-22;11.78;17.88;23.97;0.0;21.857;2.16;50.46
1984-06-23;10.28;14.61;18.95;0.0;20.358;0.73;50.44
1984-06-24;11.91;16.26;20.6;0.0;30.528;2.16;43.95
1984-06-25;14.07;19.56;25.06;2.75;25.968;2.4;38.83
1984-06-26;12.78;18.94;25.1;0.0;15.943;3.09;62.49
1984-06-27;12.41;18.86;25.3;2.33;18.812;1.62;50.59
1984-06-28;13.43;17.2;20.98;1.46;12.632;3.67;62.07
1984-06-29;11.81;16.86;21.91;2.3;16.712;3.61;50.68
1984-06-30;10.63;13.62;16.61;10.23;15.523;2.54;61.84
1984-07-01;11.5;15.66;19.83;0.42;16.218;2.93;60.01
1984-07-02;14.51;18.59;22.68;0.0;15.667;2.64;60.32
1984-07-03;16.34;20.59;24.84;0.0;16.397;1.46;58.14
1984-07-04;13.62;17.06;20.5;0.0;24.921;3.39;54.7
1984-07-05;11.57;15.59;19.6;0.0;19.852;2.84;52.45
1984-07-06;9.42;13.66;17.9;0.0;20.618;3.01;52.61
1984-07-07;10.02;13.91;17.8;0.6;11.136;2.18;58.2
1984-07-08;12.94;17.66;22.38;0.0;15.659;2.13;58.71
1984-07-09;12.22;16.94;21.66;0.0;18.603;2.75;54.94
1984-07-10;9.11;12.81;16.52;0.0;20.631;3.37;49.93
1984-07-11;11.08;15.05;19.03;0.0;15.955;3.36;48.68
1984-07-12;9.02;13.54;18.06;0.0;24.247;2.55;42.32
1984-07-13;10.44;14.0;17.57;0.0;21.243;2.42;41.91
1984-07-14;12.03;17.89;23.75;0.0;22.0;2.19;42.83
1984-07-15;12.17;18.12;24.07;0.0;23.434;1.95;43.44
1984-07-16;13.73;19.52;25.32;0.0;27.012;1.88;42.74
1984-07-17;14.69;20.86;27.04;0.0;26.357;1.95;41.93
1984-07-18;17.2;23.11;29.01;0.0;27.894;1.53;38.03
1984-07-19;16.32;22.47;28.62;1.56;11.36;0.59;43.4
1984-07-20;17.28;23.69;30.1;0.0;20.433;1.31;48.0
1984-07-21;17.76;24.3;30.83;1.39;25.072;2.38;46.2
1984-07-22;18.49;24.98;31.46;10.53;19.857;2.52;45.39
1984-07-23;18.04;24.49;30.94;5.31;21.176;2.02;49.19
1984-07-24;17.24;22.73;28.22;4.17;20.384;1.32;47.6
1984-07-25;17.45;23.24;29.04;1.05;13.623;3.68;67.72
1984-07-26;17.12;23.29;29.46;0.0;18.26;2.92;51.39
1984-07-27;13.56;16.36;19.16;1.51;10.265;2.75;58.47
1984-07-28;10.87;14.34;17.82;0.0;26.955;2.65;43.84
1984-07-29;11.22;15.66;20.1;0.0;21.932;2.65;42.85
1984-07-30;13.34;19.17;25.0;0.0;20.046;2.82;44.06
1984-07-31;13.7;19.87;26.04;0.28;13.838;3.18;54.87
1984-08-01;14.13;19.96;25.8;0.0;15.414;3.06;50.95
1984-08-02;14.61;18.59;22.58;0.0;24.252;3.27;43.6
1984-08-03;14.25;18.51;22.77;0.0;26.836;3.01;41.12
1984-08-04;15.08;20.07;25.07;0.0;23.284;2.69;44.36
1984-08-05;16.5;22.04;27.58;0.0;17.102;3.55;46.19
1984-08-06;14.98;20.64;26.3;0.0;24.616;3.46;39.45
1984-08-07;15.65;20.2;24.74;0.0;19.808;1.97;36.75
1984-08-08;14.74;19.71;24.68;0.0;24.039;1.41;33.24
1984-08-09;15.63;20.98;26.34;0.0;25.418;2.47;31.84
1984-08-10;15.98;22.45;28.92;0.0;23.222;2.98;33.32
1984-08-11;14.8;21.12;27.43;0.0;24.284;2.82;29.8
1984-08-12;15.07;20.66;26.24;0.0;23.471;2.66;31.18
1984-08-13;15.22;21.18;27.15;0.0;23.731;2.66;32.53
1984-08-14;15.4;21.64;27.89;0.0;20.258;2.23;30.13
1984-08-15;16.1;22.4;28.7;7.35;14.094;1.73;37.39
1984-08-16;12.93;19.0;25.08;0.0;13.962;3.12;46.24
1984-08-17;11.86;16.8;21.74;0.0;14.231;2.92;39.17
1984-08-18;12.09;16.43;20.76;0.0;13.795;2.9;47.74
1984-08-19;10.2;15.48;20.76;0.0;21.412;0.87;33.93
1984-08-20;13.43;18.45;23.46;0.0;21.676;3.18;34.57
1984-08-21;12.38;19.66;26.93;0.0;21.832;3.72;36.61
1984-08-22;12.7;18.49;24.28;0.0;20.202;3.91;33.7
1984-08-23;14.36;20.03;25.7;0.0;22.083;3.6;33.15
1984-08-24;17.11;23.04;28.97;9.82;12.276;3.15;37.62
1984-08-25;16.92;23.5;30.08;2.19;13.846;3.12;55.79
1984-08-26;16.1;21.09;26.07;1.92;11.737;2.95;51.1
1984-08-27;15.6;19.41;23.22;0.0;8.001;1.9;50.82
1984-08-28;11.93;15.71;19.5;0.0;13.449;0.5;43.79
1984-08-29;14.45;17.59;20.72;3.12;8.927;0.34;49.28
1984-08-30;13.88;19.56;25.24;10.54;7.125;1.62;61.91
1984-08-31;13.33;17.71;22.1;0.0;13.546;2.56;48.9
1984-09-01;10.38;14.22;18.06;0.0;12.994;0.94;46.23
1984-09-02;11.11;15.56;20.01;7.17;6.921;2.58;66.19
1984-09-03;11.23;16.66;22.08;4.47;9.107;4.88;64.86
1984-09-04;11.15;14.34;17.54;1.64;5.748;4.8;67.0
1984-09-05;12.29;14.98;17.68;4.36;9.064;1.68;58.82
1984-09-06;12.34;14.78;17.22;7.24;4.717;2.96;78.17
1984-09-07;12.78;15.54;18.31;13.77;6.921;4.4;69.77
1984-09-08;11.17;13.86;16.54;0.48;9.115;5.01;61.65
1984-09-09;10.66;13.77;16.87;0.72;8.665;3.9;63.05
1984-09-10;10.18;12.67;15.16;0.25;8.558;0.74;62.26
1984-09-11;9.07;11.72;14.37;0.0;19.41;2.34;48.85
1984-09-12;10.26;13.4;16.54;0.0;8.393;3.12;53.43
1984-09-13;9.88;14.98;20.09;0.0;13.579;2.21;55.17
1984-09-14;10.5;14.6;18.69;0.93;5.218;3.33;58.35
1984-09-15;12.33;16.2;20.07;4.35;6.972;3.96;72.78
1984-09-16;11.88;15.84;19.81;0.68;6.422;3.43;67.73
1984-09-17;12.38;14.79;17.19;8.93;3.451;5.11;74.28
1984-09-18;11.37;13.39;15.42;2.63;6.962;5.55;66.98
1984-09-19;11.05;13.11;15.16;0.0;6.299;3.7;58.65
1984-09-20;10.63;13.06;15.49;12.01;3.676;1.87;84.76
1984-09-21;7.84;10.07;12.3;0.56;7.703;3.43;65.09
1984-09-22;6.66;8.19;9.71;0.25;16.319;2.52;48.8
1984-09-23;9.51;13.43;17.34;0.5;13.148;3.89;49.54
1984-09-24;9.64;15.03;20.41;0.0;14.05;1.79;59.09
1984-09-25;11.34;16.73;22.13;0.0;8.175;4.1;53.52
1984-09-26;12.87;17.14;21.41;0.0;14.262;4.86;48.58
1984-09-27;12.43;17.52;22.6;15.79;3.002;1.59;88.92
1984-09-28;12.68;16.96;21.24;9.2;2.716;3.27;88.68
1984-09-29;12.05;13.53;15.01;2.03;4.102;2.21;81.65
1984-09-30;9.95;10.88;11.82;0.0;11.286;4.08;66.03
1984-10-01;6.67;8.68;10.68;0.0;13.553;2.84;49.35
1984-10-02;4.8;8.08;11.36;0.0;14.578;0.71;46.73
1984-10-03;5.32;9.98;14.64;0.0;13.029;1.39;48.95
1984-10-04;10.22;16.25;22.27;0.57;4.776;2.76;79.99
1984-10-05;5.32;11.07;16.83;0.0;13.674;0.86;51.14
1984-10-06;4.38;7.43;10.48;0.0;13.35;0.5;46.84
1984-10-07;4.35;9.57;14.8;0.0;13.381;0.53;49.3
1984-10-08;5.84;11.9;17.96;0.0;13.479;1.42;49.68
1984-10-09;7.43;13.88;20.33;0.0;3.718;0.78;70.02
1984-10-10;7.59;14.29;20.99;0.0;9.742;1.3;48.04
1984-10-11;11.74;16.37;21.0;0.0;9.428;2.44;49.33
1984-10-12;8.24;14.36;20.47;1.34;9.3;3.34;64.56
1984-10-13;5.3;10.83;16.36;0.0;7.688;1.37;49.22
1984-10-14;7.85;12.0;16.14;2.77;5.097;3.66;51.86
1984-10-15;6.06;9.77;13.48;0.48;7.265;2.59;74.6
1984-10-16;8.66;11.22;13.78;11.98;2.201;6.96;64.52
1984-10-17;8.28;12.11;15.94;0.0;4.901;6.33;52.66
1984-10-18;5.84;9.46;13.08;1.52;4.807;3.64;60.5
1984-10-19;13.08;15.65;18.22;6.86;3.489;4.92;84.99
1984-10-20;5.58;10.29;15.0;5.98;4.961;4.89;55.38
1984-10-21;3.16;5.13;7.1;0.0;8.435;2.35;49.24
1984-10-22;3.08;7.88;12.67;4.12;6.464;5.35;48.71
1984-10-23;7.05;11.09;15.13;1.03;5.255;4.55;66.77
1984-10-24;6.51;12.02;17.54;14.86;3.162;5.86;64.23
1984-10-25;5.96;9.27;12.58;11.45;1.516;3.91;60.01
1984-10-26;10.15;13.07;16.0;0.62;4.192;6.22;65.88
1984-10-27;8.49;13.95;19.41;0.94;5.613;3.99;72.59
1984-10-28;6.62;10.04;13.46;4.66;5.16;4.26;66.6
1984-10-29;11.82;13.75;15.68;13.75;0.522;3.62;94.64
1984-10-30;10.6;14.16;17.72;4.01;1.569;2.72;75.57
1984-10-31;10.24;12.28;14.31;0.0;4.131;4.87;67.28
1984-11-01;9.85;12.6;15.35;12.78;1.954;6.86;85.05
1984-11-02;8.59;10.88;13.18;1.34;3.907;4.97;66.67
1984-11-03;10.62;12.16;13.71;9.51;3.061;4.83;79.73
1984-11-04;12.22;13.94;15.66;20.08;2.234;3.45;89.42
1984-11-05;8.7;11.02;13.35;7.19;3.444;1.5;86.24
1984-11-06;3.66;5.07;6.48;0.0;6.198;1.11;65.3
1984-11-07;6.85;9.3;11.75;0.0;8.156;3.12;57.0
1984-11-08;10.06;14.48;18.89;0.0;7.823;3.58;66.57
1984-11-09;10.49;14.8;19.12;0.0;7.783;4.09;64.04
1984-11-10;12.07;15.28;18.49;1.18;6.61;4.47;64.87
1984-11-11;11.72;14.71;17.7;16.79;1.007;3.69;89.97
1984-11-12;11.06;13.72;16.38;5.92;2.119;4.08;70.08
1984-11-13;4.93;6.46;7.99;1.73;5.906;5.11;55.54
1984-11-14;3.84;6.75;9.66;0.0;3.918;3.25;56.48
1984-11-15;9.27;14.04;18.81;0.0;4.215;3.74;68.04
1984-11-16;10.25;14.68;19.1;0.0;6.008;4.12;72.94
1984-11-17;8.39;11.72;15.05;0.0;4.87;2.4;79.31
1984-11-18;10.19;13.01;15.83;0.0;6.321;3.2;68.87
1984-11-19;10.19;13.63;17.07;0.0;6.151;3.2;65.75
1984-11-20;10.93;14.01;17.09;0.38;2.957;2.42;86.44
1984-11-21;8.38;11.43;14.47;0.0;5.669;2.72;85.18
1984-11-22;7.95;10.28;12.6;0.33;2.042;2.95;87.09
1984-11-23;10.09;12.87;15.64;0.37;5.595;3.02;84.79
1984-11-24;11.14;13.48;15.81;0.77;1.574;4.23;88.88
1984-11-25;10.8;12.57;14.34;5.37;1.139;4.05;86.74
1984-11-26;9.77;10.63;11.48;0.0;2.056;4.34;85.85
1984-11-27;7.9;9.42;10.94;4.48;1.191;3.98;86.58
1984-11-28;5.87;8.71;11.55;0.0;3.299;4.12;73.81
1984-11-29;4.78;6.6;8.42;0.0;5.55;4.04;67.69
1984-11-30;4.27;6.68;9.09;0.0;5.166;4.77;55.57
1984-12-01;4.67;7.22;9.78;3.0;2.055;4.39;79.41
1984-12-02;3.53;6.57;9.62;3.11;1.547;3.88;65.2
1984-12-03;9.88;11.73;13.57;0.0;2.21;3.45;84.68
1984-12-04;6.47;10.56;14.66;0.0;4.416;3.27;79.62
1984-12-05;3.95;4.88;5.82;0.0;1.911;2.84;77.77
1984-12-06;4.92;7.66;10.4;0.0;3.175;1.31;74.75
1984-12-07;4.41;7.92;11.42;0.0;3.387;2.21;81.25
1984-12-08;4.7;7.78;10.86;1.94;3.281;3.87;75.37
1984-12-09;5.63;8.26;10.89;0.0;3.059;2.04;84.83
1984-12-10;2.44;5.42;8.41;0.0;3.839;2.52;73.66
1984-12-11;1.9;4.37;6.84;0.67;4.786;2.83;70.82
1984-12-12;3.78;7.19;10.6;4.76;0.665;2.63;87.1
1984-12-13;6.13;8.91;11.7;0.88;1.75;0.71;88.68
1984-12-14;3.98;7.2;10.42;0.0;2.148;2.52;82.74
1984-12-15;3.89;4.6;5.31;0.0;2.174;1.48;77.61
1984-12-16;6.26;8.0;9.74;0.0;1.915;1.91;87.35
1984-12-17;4.14;7.1;10.06;0.0;2.627;1.88;85.25
1984-12-18;4.17;5.84;7.51;0.0;2.58;2.11;80.62
1984-12-19;4.19;6.8;9.41;0.0;3.307;3.54;77.82
1984-12-20;5.05;7.7;10.34;1.52;1.843;4.92;77.63
1984-12-21;9.13;11.83;14.53;3.49;2.15;4.73;86.65
1984-12-22;6.43;9.17;11.91;9.09;2.343;4.37;80.23
1984-12-23;5.39;6.39;7.4;0.41;2.811;3.46;81.47
1984-12-24;5.18;7.73;10.28;3.06;2.532;3.7;84.32
1984-12-25;6.0;8.21;10.42;1.82;2.195;3.11;85.82
1984-12-26;4.31;6.36;8.4;0.0;2.378;3.64;85.5
1984-12-27;6.53;8.41;10.29;0.0;4.342;4.98;71.21
1984-12-28;8.37;11.02;13.67;1.42;3.744;6.6;72.05
1984-12-29;9.73;12.41;15.08;5.48;1.565;6.19;87.8
1984-12-30;8.77;10.59;12.41;0.0;2.489;4.93;80.71
1984-12-31;5.33;6.04;6.74;0.82;2.16;3.11;83.21
