iso-date;tmin;tavg;tmax;precip;globrad;wind;relhumid
1980-01-01;4.83;8.04;11.26;6.48;1.495;6.53;75.99
1980-01-02;2.35;5.15;7.94;0.0;2.506;5.28;61.35
1980-01-03;0.99;4.02;7.05;0.0;4.973;3.55;56.28
1980-01-04;5.13;8.52;11.9;0.0;6.24;5.35;47.63
1980-01-05;4.94;8.42;11.9;0.0;6.047;4.32;53.79
1980-01-06;6.74;9.53;12.32;0.0;5.994;4.36;47.42
1980-01-07;5.09;8.79;12.48;0.0;5.865;3.44;49.95
1980-01-08;5.25;8.66;12.07;0.0;5.111;3.29;53.03
1980-01-09;2.16;6.38;10.59;0.0;4.402;2.14;62.54
1980-01-10;0.17;4.48;8.79;0.0;6.301;2.01;66.04
1980-01-11;6.64;7.89;9.14;0.77;2.861;2.56;84.01
1980-01-12;7.49;8.96;10.44;0.0;1.504;4.06;90.3
1980-01-13;8.22;9.48;10.73;0.0;2.638;4.03;85.19
1980-01-14;-1.18;3.54;8.27;0.0;5.106;2.51;55.1
1980-01-15;-4.34;-1.16;2.03;0.0;5.594;0.79;65.25
1980-01-16;-3.98;-1.16;1.67;0.0;5.136;2.38;53.91
1980-01-17;-0.37;4.47;9.3;0.8;1.764;3.38;76.78
1980-01-18;8.97;10.55;12.14;0.0;2.309;5.32;80.48
1980-01-19;8.38;10.17;11.96;0.0;3.304;4.72;76.11
1980-01-20;5.47;7.55;9.63;0.0;5.492;5.11;62.41
1980-01-21;0.28;3.92;7.55;1.4;3.33;5.79;54.51
1980-01-22;-0.38;2.44;5.27;0.0;4.298;4.4;64.27
1980-01-23;0.74;2.79;4.83;1.82;3.516;2.49;88.69
1980-01-24;-1.8;2.05;5.9;0.81;4.958;2.68;73.5
1980-01-25;4.23;6.32;8.4;7.49;3.586;5.85;71.73
1980-01-26;0.73;2.96;5.18;0.0;3.776;3.79;73.02
1980-01-27;1.16;5.54;9.91;2.21;2.354;4.42;74.74
1980-01-28;5.36;7.06;8.76;0.0;5.047;5.25;56.29
1980-01-29;2.49;5.06;7.64;0.0;3.874;5.16;61.23
1980-01-30;0.21;4.03;7.85;0.0;4.656;2.91;63.04
1980-01-31;-0.65;3.33;7.32;3.39;2.763;4.68;56.37
1980-02-01;1.46;4.1;6.73;1.75;4.234;6.44;64.8
1980-02-02;0.47;3.38;6.28;0.78;4.461;4.72;61.25
1980-02-03;3.11;7.13;11.15;3.81;3.288;4.78;64.57
1980-02-04;6.07;9.41;12.74;7.41;2.592;7.77;80.01
1980-02-05;6.41;9.3;12.2;12.39;3.071;4.14;80.55
1980-02-06;7.14;9.05;10.96;3.31;3.902;7.84;71.37
1980-02-07;1.22;4.76;8.3;0.0;5.37;6.31;46.04
1980-02-08;-0.68;3.64;7.95;1.02;7.279;4.6;55.11
1980-02-09;3.59;6.84;10.1;0.0;5.037;4.26;67.88
1980-02-10;3.89;6.92;9.94;0.4;4.917;4.23;70.19
1980-02-11;0.77;5.51;10.25;0.0;6.917;4.08;46.76
1980-02-12;3.41;6.61;9.81;0.45;4.594;5.42;55.66
1980-02-13;1.56;4.96;8.35;0.0;6.248;3.76;60.76
1980-02-14;2.07;5.96;9.85;4.86;4.526;3.46;80.62
1980-02-15;7.93;9.97;12.01;3.43;3.74;6.24;79.52
1980-02-16;7.66;10.77;13.87;0.57;9.269;5.42;53.32
1980-02-17;6.71;10.24;13.78;0.63;3.757;3.29;77.66
1980-02-18;3.83;9.93;16.04;0.0;9.258;2.67;50.09
1980-02-19;2.2;8.65;15.1;0.0;9.876;2.91;46.34
1980-02-20;1.27;8.27;15.26;0.0;9.873;1.89;48.63
1980-02-21;0.65;9.05;17.45;0.0;6.901;2.1;51.32
1980-02-22;4.29;7.88;11.47;3.18;3.935;3.12;78.33
1980-02-23;3.13;7.79;12.44;8.07;3.907;3.65;63.47
1980-02-24;-0.51;4.32;9.15;0.83;4.281;5.61;58.57
1980-02-25;-1.64;1.27;4.18;0.0;9.828;2.85;42.81
1980-02-26;-1.27;5.5;12.27;5.81;4.265;3.57;42.67
1980-02-27;7.79;12.18;16.58;0.0;9.26;4.89;54.76
1980-02-28;11.28;13.03;14.78;12.18;3.837;4.85;83.49
1980-02-29;9.47;12.92;16.37;0.0;4.81;5.47;70.72
1980-03-01;7.34;10.95;14.55;9.61;4.291;4.79;72.79
1980-03-02;3.26;6.27;9.28;1.6;9.8;3.61;53.1
1980-03-03;5.05;10.47;15.89;1.9;5.463;5.69;63.04
1980-03-04;12.16;14.54;16.92;10.41;2.726;5.85;71.08
1980-03-05;9.5;12.99;16.49;10.53;5.396;3.36;75.58
1980-03-06;9.24;11.96;14.67;28.48;3.309;1.34;83.04
1980-03-07;5.55;9.29;13.02;0.0;7.728;2.34;70.5
1980-03-08;1.45;4.78;8.12;0.0;10.524;3.19;54.48
1980-03-09;1.04;3.89;6.74;0.42;5.752;3.64;68.91
1980-03-10;1.88;8.7;15.52;8.89;3.999;4.29;48.12
1980-03-11;4.98;8.98;12.98;0.0;10.716;2.53;53.98
1980-03-12;3.85;10.95;18.05;0.0;12.625;3.57;36.23
1980-03-13;6.56;8.46;10.36;2.87;3.917;3.94;73.38
1980-03-14;4.49;8.55;12.61;0.0;13.029;4.2;35.05
1980-03-15;3.51;11.43;19.34;1.44;9.97;3.43;33.5
1980-03-16;10.36;15.23;20.11;0.61;11.254;4.15;54.91
1980-03-17;11.03;14.76;18.49;3.74;8.178;4.69;55.16
1980-03-18;6.99;9.75;12.52;0.43;11.92;2.97;56.0
1980-03-19;7.56;11.58;15.61;2.08;6.273;5.05;66.58
1980-03-20;12.21;14.52;16.83;0.46;4.796;6.15;70.5
1980-03-21;10.37;16.34;22.32;0.0;18.298;4.56;42.61
1980-03-22;10.21;15.74;21.27;1.58;13.858;3.79;45.99
1980-03-23;5.85;9.8;13.75;0.0;12.105;2.39;62.64
1980-03-24;1.13;7.66;14.19;0.0;16.922;0.68;45.02
1980-03-25;1.59;9.64;17.69;0.0;18.74;1.36;35.43
1980-03-26;5.29;13.49;21.7;0.0;18.647;2.29;37.96
1980-03-27;8.03;14.95;21.86;0.0;17.903;2.69;44.04
1980-03-28;7.52;12.41;17.3;0.43;6.493;1.65;71.2
1980-03-29;8.53;11.46;14.38;2.43;7.62;3.63;70.4
1980-03-30;5.68;7.96;10.25;0.0;7.315;4.53;65.77
1980-03-31;5.69;10.17;14.64;0.0;11.341;2.87;55.12
1980-04-01;2.52;6.45;10.38;5.98;6.776;2.21;78.9
1980-04-02;2.78;6.42;10.06;0.0;11.28;4.3;51.96
1980-04-03;2.17;6.09;10.02;0.0;11.659;4.4;52.38
1980-04-04;2.22;6.06;9.89;0.0;13.381;2.83;46.83
1980-04-05;-0.33;5.14;10.61;0.0;14.798;1.29;38.92
1980-04-06;1.11;5.4;9.69;0.0;13.292;1.94;54.11
1980-04-07;1.5;5.82;10.14;5.84;6.574;1.4;72.84
1980-04-08;0.15;7.32;14.48;0.0;17.693;2.52;37.07
1980-04-09;4.2;10.55;16.9;0.62;13.198;3.66;44.29
1980-04-10;5.51;12.21;18.92;0.0;19.062;1.91;44.5
1980-04-11;6.77;11.98;17.19;2.31;13.299;1.45;58.39
1980-04-12;7.06;10.4;13.74;5.64;11.922;1.89;67.66
1980-04-13;2.87;9.2;15.53;0.0;16.847;1.26;45.24
1980-04-14;8.24;11.56;14.88;1.19;9.849;2.41;64.59
1980-04-15;3.02;8.17;13.32;0.0;11.685;2.16;64.32
1980-04-16;0.59;7.04;13.5;1.56;15.341;1.34;47.47
1980-04-17;3.92;8.34;12.75;0.73;17.467;2.07;50.48
1980-04-18;0.76;8.2;15.63;0.0;18.448;0.18;37.67
1980-04-19;2.13;8.74;15.35;1.21;11.798;1.55;53.39
1980-04-20;8.59;11.34;14.08;3.4;7.559;4.4;83.15
1980-04-21;4.96;8.86;12.76;0.0;10.859;3.24;49.97
1980-04-22;4.7;9.43;14.15;8.92;5.563;3.42;66.33
1980-04-23;4.24;9.04;13.84;0.0;15.913;3.43;57.64
1980-04-24;0.53;7.13;13.73;0.0;20.256;1.18;35.63
1980-04-25;1.12;7.72;14.33;0.0;21.457;1.56;37.17
1980-04-26;4.39;8.63;12.88;0.65;12.734;1.96;62.2
1980-04-27;2.88;7.51;12.14;3.85;8.1;1.27;72.59
1980-04-28;1.69;8.36;15.02;1.73;13.154;1.04;50.93
1980-04-29;1.09;7.72;14.35;4.11;13.055;1.07;55.13
1980-04-30;2.19;9.36;16.53;9.63;17.823;2.59;44.94
1980-05-01;4.28;10.49;16.69;0.84;18.5;1.72;52.06
1980-05-02;5.78;9.78;13.77;1.62;9.093;1.72;66.05
1980-05-03;1.89;7.45;13.01;0.0;21.915;2.82;41.56
1980-05-04;0.08;6.25;12.42;2.19;14.944;1.39;43.19
1980-05-05;3.09;7.93;12.78;0.44;20.731;3.04;49.42
1980-05-06;1.29;7.47;13.66;0.0;18.417;1.17;47.65
1980-05-07;3.87;9.2;14.52;0.0;22.939;4.13;32.2
1980-05-08;3.84;8.88;13.93;0.0;23.179;4.55;32.59
1980-05-09;3.15;8.15;13.16;0.0;19.284;3.64;38.84
1980-05-10;6.4;11.59;16.79;0.0;16.504;2.31;47.95
1980-05-11;9.61;14.79;19.96;0.26;13.084;2.1;57.07
1980-05-12;11.77;17.1;22.43;0.0;22.073;1.97;51.58
1980-05-13;12.13;17.23;22.34;0.0;14.401;0.79;56.19
1980-05-14;11.3;17.83;24.35;0.0;23.798;2.06;42.54
1980-05-15;10.69;17.59;24.48;0.0;24.518;2.21;40.21
1980-05-16;13.79;19.61;25.42;0.0;20.321;2.07;43.39
1980-05-17;14.55;20.38;26.22;0.0;24.698;2.02;43.76
1980-05-18;12.35;19.7;27.05;1.64;23.737;1.05;42.87
1980-05-19;12.83;19.91;26.98;0.0;25.885;1.6;40.41
1980-05-20;13.37;20.17;26.97;0.0;26.656;2.12;34.89
1980-05-21;12.32;19.37;26.41;0.46;24.733;1.84;37.27
1980-05-22;11.49;18.13;24.76;0.79;25.599;2.95;36.81
1980-05-23;11.02;15.91;20.8;0.0;22.394;2.58;53.24
1980-05-24;12.88;17.06;21.24;0.0;19.387;0.88;51.45
1980-05-25;11.18;18.16;25.15;0.0;23.49;1.9;41.7
1980-05-26;15.41;21.47;27.53;17.77;20.005;3.48;34.29
1980-05-27;11.85;15.77;19.68;13.95;20.068;2.75;59.72
1980-05-28;8.37;11.79;15.2;10.32;9.456;4.06;60.43
1980-05-29;6.42;11.55;16.67;0.59;19.386;3.25;48.76
1980-05-30;6.66;11.43;16.19;0.34;17.286;2.74;51.4
1980-05-31;7.34;11.51;15.68;2.56;15.192;3.69;57.68
1980-06-01;5.48;9.61;13.73;6.59;10.972;3.85;60.53
1980-06-02;7.8;11.29;14.77;11.55;10.422;4.94;62.98
1980-06-03;6.3;10.77;15.24;4.3;15.65;4.58;57.37
1980-06-04;5.12;10.07;15.02;2.59;13.16;3.25;57.61
1980-06-05;6.44;11.66;16.87;0.18;18.635;2.98;53.34
1980-06-06;11.53;15.75;19.96;0.0;15.766;2.79;56.94
1980-06-07;10.71;16.13;21.55;0.0;20.676;2.64;49.57
1980-06-08;13.86;18.15;22.44;0.0;19.128;3.33;50.34
1980-06-09;9.94;14.04;18.14;0.0;15.984;4.68;46.7
1980-06-10;8.74;13.8;18.85;0.0;17.684;2.72;47.2
1980-06-11;11.27;17.22;23.17;0.0;22.392;3.1;44.33
1980-06-12;10.0;17.26;24.52;0.0;28.896;0.99;38.24
1980-06-13;13.8;21.05;28.29;3.13;31.025;1.74;35.79
1980-06-14;16.75;20.2;23.66;12.64;7.689;3.07;68.65
1980-06-15;16.58;22.17;27.77;3.58;17.711;2.15;53.26
1980-06-16;13.91;20.45;26.98;0.0;18.746;0.78;52.57
1980-06-17;14.58;22.68;30.77;1.39;18.639;0.35;34.73
1980-06-18;15.51;21.05;26.6;0.0;19.425;1.72;50.45
1980-06-19;15.72;20.54;25.36;0.0;20.438;2.4;48.07
1980-06-20;12.44;18.35;24.26;0.0;28.337;2.5;41.56
1980-06-21;11.08;17.75;24.42;0.0;29.719;1.48;37.38
1980-06-22;11.61;18.72;25.83;0.0;29.411;0.63;37.23
1980-06-23;12.73;19.38;26.03;0.0;26.104;2.24;41.88
1980-06-24;12.71;19.27;25.83;0.0;28.664;0.79;41.57
1980-06-25;15.21;22.22;29.23;0.16;23.843;2.23;37.91
1980-06-26;15.21;19.96;24.72;9.29;12.462;2.69;68.94
1980-06-27;13.73;17.05;20.36;0.0;17.794;4.16;49.22
1980-06-28;9.27;14.69;20.11;0.0;19.001;2.15;40.55
1980-06-29;9.87;14.52;19.17;7.97;8.966;3.33;57.55
1980-06-30;12.13;15.7;19.26;1.14;15.5;3.42;58.43
1980-07-01;10.82;14.79;18.75;15.41;4.483;4.79;70.74
1980-07-02;13.55;16.36;19.16;0.0;11.843;4.07;53.78
1980-07-03;13.36;17.66;21.96;2.92;16.289;2.56;50.94
1980-07-04;11.74;15.75;19.75;2.8;16.47;2.46;62.04
1980-07-05;8.97;14.09;19.21;0.0;29.321;2.23;45.34
1980-07-06;7.67;14.18;20.7;0.0;29.728;2.31;42.77
1980-07-07;10.61;16.84;23.07;0.0;30.535;3.31;39.65
1980-07-08;12.69;18.67;24.65;0.0;28.157;2.4;40.21
1980-07-09;12.94;18.63;24.33;0.0;14.268;1.39;48.5
1980-07-10;9.63;14.68;19.72;0.0;18.34;3.31;48.92
1980-07-11;7.3;13.8;20.31;0.0;25.483;0.84;42.72
1980-07-12;9.23;15.37;21.5;0.0;17.938;0.76;45.13
1980-07-13;11.72;16.43;21.15;2.82;14.714;1.52;51.23
1980-07-14;10.25;14.76;19.26;0.0;15.926;2.65;48.76
1980-07-15;11.04;15.49;19.95;8.68;11.463;3.14;53.91
1980-07-16;10.7;15.67;20.64;2.96;11.895;2.44;59.45
1980-07-17;9.25;15.38;21.52;0.0;22.642;1.19;47.15
1980-07-18;12.63;19.3;25.98;0.0;29.5;1.71;35.48
1980-07-19;12.86;18.27;23.67;0.0;21.246;2.32;47.42
1980-07-20;8.87;14.48;20.09;0.0;15.446;2.49;50.39
1980-07-21;10.79;15.64;20.5;0.0;15.366;2.23;48.02
1980-07-22;9.25;15.98;22.72;0.0;27.651;0.31;40.23
1980-07-23;10.68;17.84;24.99;0.0;25.18;2.4;34.72
1980-07-24;9.63;14.91;20.18;3.98;15.124;2.45;49.04
1980-07-25;10.03;15.11;20.18;2.19;13.737;3.32;48.2
1980-07-26;10.06;14.33;18.6;2.58;10.058;3.14;62.01
1980-07-27;8.67;14.0;19.34;0.0;25.433;2.18;45.51
1980-07-28;7.32;13.97;20.63;0.0;25.598;1.19;39.19
1980-07-29;7.77;14.9;22.04;0.0;20.134;1.29;40.13
1980-07-30;10.9;18.45;25.99;0.0;27.834;1.45;33.12
1980-07-31;12.25;19.98;27.71;0.0;26.993;2.13;28.51
1980-08-01;11.2;18.11;25.01;12.51;12.372;0.98;45.83
1980-08-02;11.92;15.77;19.63;7.15;11.961;2.31;58.65
1980-08-03;9.09;14.53;19.97;1.09;15.403;2.8;48.53
1980-08-04;9.3;15.51;21.72;0.0;20.834;2.19;41.69
1980-08-05;11.31;16.18;21.05;0.0;9.278;2.26;53.72
1980-08-06;11.13;16.91;22.68;0.0;20.562;0.86;45.98
1980-08-07;10.88;18.56;26.24;0.0;23.769;1.54;35.63
1980-08-08;15.93;21.34;26.75;0.44;15.904;2.67;42.02
1980-08-09;12.45;18.23;24.02;0.0;18.445;1.76;43.1
1980-08-10;10.97;18.8;26.63;0.0;23.99;0.37;32.73
1980-08-11;13.51;21.18;28.85;0.0;23.634;1.07;31.98
1980-08-12;15.31;22.45;29.59;0.0;23.356;2.07;35.24
1980-08-13;17.57;24.38;31.18;0.0;19.816;2.31;35.03
1980-08-14;18.81;25.91;33.02;0.55;16.571;2.93;28.73
1980-08-15;15.89;20.95;26.01;0.0;18.758;3.42;36.99
1980-08-16;12.84;18.86;24.88;0.0;16.915;2.59;35.39
1980-08-17;16.03;18.89;21.75;1.39;8.754;3.32;57.44
1980-08-18;15.21;19.26;23.31;0.0;20.148;2.9;41.61
1980-08-19;11.31;16.55;21.8;1.32;15.159;3.05;40.55
1980-08-20;11.32;16.73;22.15;0.82;8.846;3.07;48.23
1980-08-21;14.55;22.25;29.95;1.94;24.477;3.77;26.46
1980-08-22;11.16;16.31;21.46;0.0;14.67;3.07;47.57
1980-08-23;10.85;15.41;19.97;0.0;14.357;2.39;43.95
1980-08-24;11.06;15.95;20.84;0.86;14.557;1.74;44.02
1980-08-25;11.27;15.3;19.34;2.07;11.161;3.56;46.71
1980-08-26;9.82;14.63;19.44;0.92;6.988;3.33;51.23
1980-08-27;11.78;15.46;19.14;0.0;13.205;4.17;39.98
1980-08-28;10.68;15.69;20.69;0.0;13.285;2.58;41.62
1980-08-29;8.2;15.37;22.54;0.0;18.516;1.32;36.39
1980-08-30;11.83;19.48;27.14;0.0;22.83;2.23;27.02
1980-08-31;12.01;17.82;23.62;0.0;21.127;2.34;34.93
1980-09-01;8.99;17.02;25.05;0.0;21.734;0.78;21.04
1980-09-02;11.03;19.53;28.03;1.29;16.407;2.14;24.09
1980-09-03;13.37;16.07;18.76;2.15;6.468;2.54;62.04
1980-09-04;8.6;15.73;22.86;0.0;18.404;2.84;30.61
1980-09-05;9.79;15.8;21.82;0.0;13.82;2.66;36.54
1980-09-06;12.25;18.96;25.67;0.0;16.038;1.9;28.97
1980-09-07;12.25;20.39;28.53;0.0;19.555;2.32;21.69
1980-09-08;14.32;21.76;29.2;0.0;21.745;2.78;22.17
1980-09-09;12.66;20.71;28.76;0.0;22.09;1.73;26.05
1980-09-10;12.46;20.56;28.66;0.0;21.635;1.3;20.48
1980-09-11;12.92;20.64;28.37;0.0;17.55;1.98;22.12
1980-09-12;12.29;19.88;27.48;0.0;17.366;2.4;21.42
1980-09-13;12.19;18.68;25.18;0.0;18.439;3.84;22.82
1980-09-14;10.41;17.33;24.25;0.0;20.612;3.6;21.2
1980-09-15;9.82;16.76;23.69;0.0;19.926;3.33;22.01
1980-09-16;9.67;15.96;22.26;0.0;17.313;4.77;20.91
1980-09-17;7.93;14.06;20.19;0.0;20.248;4.66;22.37
1980-09-18;6.86;13.18;19.5;0.0;17.072;4.67;22.02
1980-09-19;7.62;13.55;19.49;0.0;13.027;3.53;28.05
1980-09-20;4.35;12.16;19.98;0.0;16.304;1.27;21.43
1980-09-21;5.55;12.7;19.84;0.0;9.253;3.64;29.24
1980-09-22;8.38;13.73;19.09;0.0;9.379;4.34;37.88
1980-09-23;11.67;14.72;17.77;6.75;8.666;5.14;54.68
1980-09-24;10.98;13.14;15.31;5.23;5.363;4.01;69.7
1980-09-25;10.16;12.91;15.66;0.0;6.908;4.41;58.37
1980-09-26;8.57;12.82;17.07;0.0;9.453;2.4;38.7
1980-09-27;9.51;14.16;18.81;0.0;9.651;1.88;42.36
1980-09-28;12.44;13.9;15.36;2.17;4.837;4.32;62.98
1980-09-29;8.42;11.35;14.28;3.98;4.666;5.34;52.77
1980-09-30;7.73;12.14;16.55;0.0;8.339;3.99;42.49
1980-10-01;8.48;13.88;19.29;0.0;6.544;3.57;50.71
1980-10-02;11.97;14.24;16.51;8.93;5.664;6.09;74.9
1980-10-03;9.72;13.14;16.56;1.85;9.502;5.4;51.96
1980-10-04;8.44;11.75;15.05;10.67;7.169;5.08;57.36
1980-10-05;6.12;9.28;12.43;0.63;8.027;4.4;53.29
1980-10-06;4.94;9.35;13.75;0.0;13.066;2.9;39.54
1980-10-07;6.68;10.31;13.95;5.59;5.492;2.45;79.22
1980-10-08;11.36;14.94;18.52;0.95;5.449;0.81;71.63
1980-10-09;13.71;16.7;19.68;0.0;5.356;2.11;68.52
1980-10-10;11.03;16.73;22.42;0.0;13.234;4.05;40.19
1980-10-11;12.06;17.14;22.23;0.0;10.029;3.53;43.44
1980-10-12;12.87;17.83;22.79;0.65;10.424;4.65;40.68
1980-10-13;7.13;12.78;18.42;0.0;12.791;2.47;54.81
1980-10-14;4.94;11.96;18.99;0.0;12.502;1.44;38.94
1980-10-15;8.05;15.82;23.59;0.0;12.023;2.42;36.65
1980-10-16;9.83;16.96;24.09;0.0;12.336;2.29;37.47
1980-10-17;9.95;16.67;23.39;0.0;11.703;2.57;38.11
1980-10-18;9.9;14.7;19.5;0.0;4.64;2.72;53.45
1980-10-19;4.89;9.31;13.73;0.0;11.184;3.94;40.26
1980-10-20;1.9;7.04;12.17;0.0;10.703;3.22;30.14
1980-10-21;0.67;6.5;12.34;0.0;10.348;2.45;28.34
1980-10-22;0.17;6.27;12.37;0.0;9.954;1.43;36.96
1980-10-23;-0.01;6.54;13.08;0.0;9.51;0.69;35.87
1980-10-24;2.62;8.96;15.3;3.06;4.218;2.99;50.02
1980-10-25;13.78;16.53;19.28;10.89;2.739;3.39;79.8
1980-10-26;15.17;18.28;21.39;7.19;4.723;5.32;60.86
1980-10-27;10.71;13.86;17.01;1.12;4.118;6.15;63.13
1980-10-28;8.77;11.68;14.59;0.0;4.374;6.23;52.9
1980-10-29;7.0;9.8;12.61;0.46;3.917;3.62;69.59
1980-10-30;3.08;7.61;12.13;0.0;7.311;1.58;52.74
1980-10-31;7.13;10.26;13.39;0.42;3.906;0.61;72.9
1980-11-01;4.58;9.09;13.61;0.0;4.199;0.47;73.13
1980-11-02;-0.01;6.09;12.2;0.0;7.931;0.66;48.78
1980-11-03;-0.67;6.35;13.37;1.73;9.27;1.29;45.82
1980-11-04;3.2;6.72;10.25;0.0;9.281;1.51;71.88
1980-11-05;5.05;9.32;13.59;0.23;3.367;2.53;54.95
1980-11-06;3.48;7.75;12.03;0.0;7.126;3.55;41.68
1980-11-07;0.16;3.69;7.22;0.0;6.2;1.64;56.89
1980-11-08;1.63;5.9;10.17;3.85;3.091;2.82;58.9
1980-11-09;9.48;12.25;15.02;0.0;4.49;2.7;77.38
1980-11-10;8.05;9.63;11.21;2.48;2.355;3.35;87.79
1980-11-11;8.57;10.13;11.69;0.83;2.945;3.57;83.9
1980-11-12;9.47;11.07;12.68;3.26;2.773;4.54;74.38
1980-11-13;3.45;6.92;10.39;0.0;3.104;2.16;79.41
1980-11-14;3.16;7.41;11.65;11.64;2.4;4.56;74.72
1980-11-15;0.9;3.1;5.29;0.0;5.208;4.3;58.14
1980-11-16;-1.69;1.47;4.62;0.52;4.001;2.84;58.91
1980-11-17;4.31;6.82;9.33;0.25;3.799;4.56;66.81
1980-11-18;2.54;5.15;7.76;8.35;2.369;4.48;68.42
1980-11-19;2.16;5.17;8.18;0.0;4.529;2.88;64.83
1980-11-20;4.07;5.74;7.4;2.32;1.475;4.58;87.32
1980-11-21;2.81;5.61;8.4;0.0;3.503;3.6;75.79
1980-11-22;4.81;8.03;11.24;7.4;1.055;4.14;78.88
1980-11-23;4.48;6.74;8.99;0.0;3.126;3.08;55.3
1980-11-24;4.97;9.23;13.49;1.73;1.96;4.46;74.95
1980-11-25;7.42;9.77;12.11;6.05;1.98;4.9;85.08
1980-11-26;1.29;5.39;9.5;0.0;6.741;1.25;68.8
1980-11-27;0.74;6.92;13.09;11.12;2.742;3.66;65.14
1980-11-28;9.18;10.81;12.44;2.22;2.069;2.92;85.24
1980-11-29;6.43;8.91;11.4;3.18;1.12;1.88;85.15
1980-11-30;7.48;9.32;11.16;1.54;1.906;1.84;87.91
1980-12-01;-0.54;6.39;13.33;0.0;5.62;0.7;71.95
1980-12-02;1.43;5.01;8.6;0.0;3.59;2.29;83.67
1980-12-03;7.92;9.83;11.74;1.63;1.983;6.18;86.43
1980-12-04;5.24;8.9;12.56;11.38;2.461;5.71;76.38
1980-12-05;3.22;5.42;7.63;0.0;3.515;4.01;69.86
1980-12-06;2.36;6.83;11.3;7.84;2.684;5.26;64.46
1980-12-07;6.98;8.84;10.69;0.0;2.871;5.3;83.72
1980-12-08;5.06;7.23;9.4;0.0;4.085;5.47;56.72
1980-12-09;2.0;5.3;8.61;0.0;3.021;3.31;74.96
1980-12-10;0.34;3.6;6.87;0.36;3.951;2.86;72.77
1980-12-11;5.11;9.32;13.53;3.27;2.278;5.21;79.2
1980-12-12;6.83;8.91;11.0;0.0;4.623;3.89;72.2
1980-12-13;3.66;6.63;9.59;0.0;3.485;3.18;78.56
1980-12-14;5.19;6.67;8.15;11.71;1.186;3.13;87.91
1980-12-15;5.64;7.62;9.59;0.0;3.086;3.91;82.89
1980-12-16;7.29;9.13;10.97;3.32;1.283;5.71;86.79
1980-12-17;10.26;12.38;14.49;9.09;1.331;6.87;83.15
1980-12-18;7.42;10.3;13.18;13.79;0.576;4.31;86.27
1980-12-19;1.17;4.78;8.38;0.22;5.075;1.5;80.54
1980-12-20;-1.45;1.42;4.3;0.0;3.173;1.67;76.35
1980-12-21;-0.88;4.64;10.16;1.67;5.43;5.03;46.97
1980-12-22;2.61;6.02;9.44;0.0;5.077;2.55;76.51
1980-12-23;2.4;6.42;10.44;10.82;1.886;4.81;77.09
1980-12-24;8.03;10.74;13.45;20.42;1.271;8.47;85.07
1980-12-25;3.16;5.47;7.78;0.0;3.141;6.28;52.7
1980-12-26;3.62;6.37;9.11;0.0;4.216;4.74;67.81
1980-12-27;5.87;7.67;9.47;1.31;1.634;6.74;72.22
1980-12-28;5.53;9.21;12.88;9.37;1.257;7.12;64.68
1980-12-29;4.43;6.48;8.54;0.0;3.192;6.21;57.19
1980-12-30;3.83;5.36;6.88;4.14;2.646;5.77;75.24
1980-12-31;3.64;5.21;6.77;9.38;2.229;4.73;84.86
1981-01-01;-0.63;2.86;6.35;0.0;3.409;4.33;55.63
1981-01-02;-1.56;2.66;6.88;0.0;3.643;2.32;71.08
1981-01-03;2.24;5.23;8.21;3.82;5.984;3.68;78.1
1981-01-04;0.17;3.93;7.69;0.87;4.551;1.72;87.26
1981-01-05;-2.94;1.01;4.97;0.0;3.621;1.19;78.77
1981-01-06;0.49;4.75;9.01;0.0;5.467;1.8;72.18
1981-01-07;-0.22;3.37;6.95;0.0;6.106;2.3;73.12
1981-01-08;1.77;4.54;7.31;0.32;1.476;3.14;78.73
1981-01-09;2.5;4.86;7.22;1.32;1.846;3.73;84.04
1981-01-10;6.81;8.04;9.26;0.0;2.853;4.94;73.39
1981-01-11;4.16;6.39;8.62;0.0;2.38;2.82;69.91
1981-01-12;2.57;5.36;8.14;0.0;2.932;2.55;74.27
1981-01-13;6.27;7.55;8.84;0.42;1.492;3.69;81.11
1981-01-14;5.6;6.81;8.03;0.0;2.999;4.23;69.39
1981-01-15;6.32;9.13;11.93;4.71;1.526;6.48;83.29
1981-01-16;8.77;10.02;11.27;2.8;1.733;4.33;86.72
1981-01-17;8.39;9.86;11.32;0.0;2.478;3.3;87.65
1981-01-18;4.27;7.32;10.37;0.0;7.041;3.13;71.34
1981-01-19;4.24;8.04;11.83;0.0;6.917;4.79;28.89
1981-01-20;1.64;5.97;10.3;1.28;4.822;4.64;66.56
1981-01-21;-0.2;3.44;7.07;0.0;4.154;2.54;64.3
1981-01-22;3.78;6.53;9.29;2.47;1.746;4.72;82.7
1981-01-23;9.77;11.83;13.89;2.73;2.707;6.12;85.75
1981-01-24;9.58;10.82;12.06;12.15;0.899;4.85;93.45
1981-01-25;2.81;6.21;9.6;1.15;4.177;5.89;52.52
1981-01-26;2.26;3.51;4.77;2.64;3.008;2.61;90.06
1981-01-27;2.52;5.19;7.86;1.02;3.205;3.53;83.01
1981-01-28;6.09;8.24;10.39;11.6;2.162;4.09;84.03
1981-01-29;2.68;5.43;8.19;1.48;2.499;5.87;71.5
1981-01-30;-1.24;2.81;6.86;9.29;3.653;5.52;67.21
1981-01-31;2.0;4.12;6.23;0.67;4.577;6.38;63.69
1981-02-01;2.74;4.99;7.23;0.54;3.641;5.12;64.92
1981-02-02;-0.32;2.63;5.59;3.38;8.252;4.82;57.07
1981-02-03;-1.67;1.72;5.11;0.0;6.86;2.25;54.8
1981-02-04;-0.76;3.13;7.01;0.88;5.68;2.72;61.25
1981-02-05;2.56;7.33;12.09;6.81;2.313;5.2;81.81
1981-02-06;9.67;11.02;12.37;2.11;2.087;6.24;82.89
1981-02-07;10.09;11.72;13.35;0.58;2.449;7.61;72.47
1981-02-08;7.58;10.91;14.25;0.0;10.346;5.74;51.34
1981-02-09;7.52;11.35;15.18;4.2;9.614;5.21;44.26
1981-02-10;4.0;6.88;9.76;6.56;7.29;3.63;69.86
1981-02-11;3.11;7.63;12.14;0.24;3.531;4.73;61.08
1981-02-12;7.55;10.54;13.54;3.81;2.454;5.2;82.06
1981-02-13;7.93;12.27;16.61;0.0;6.992;3.81;67.8
1981-02-14;4.72;10.66;16.6;0.0;8.933;1.95;57.43
1981-02-15;6.29;11.79;17.3;0.0;11.085;3.35;47.37
1981-02-16;8.4;11.28;14.16;19.44;3.371;3.81;64.52
1981-02-17;7.05;9.23;11.41;23.12;5.88;5.23;77.79
1981-02-18;4.01;6.9;9.79;2.99;4.601;4.9;73.1
1981-02-19;0.98;5.2;9.42;0.0;5.765;2.17;66.28
1981-02-20;-0.27;3.93;8.13;0.0;10.906;2.29;52.57
1981-02-21;-1.47;4.03;9.54;2.32;8.354;2.85;48.67
1981-02-22;6.82;11.19;15.56;0.32;5.714;4.92;67.27
1981-02-23;4.69;8.75;12.81;7.27;5.249;3.93;64.91
1981-02-24;1.54;5.96;10.37;0.0;8.01;2.24;55.41
1981-02-25;-0.25;6.07;12.38;0.0;12.557;2.37;44.02
1981-02-26;0.41;5.94;11.46;3.01;5.144;4.85;54.8
1981-02-27;-1.73;2.55;6.84;0.0;11.733;2.52;39.78
1981-02-28;3.2;6.15;9.1;5.85;3.091;6.21;74.49
1981-03-01;7.03;9.06;11.1;14.92;3.671;4.02;81.21
1981-03-02;2.0;6.2;10.4;1.56;7.304;5.77;58.87
1981-03-03;0.81;5.1;9.39;0.0;8.851;4.38;47.0
1981-03-04;3.06;8.13;13.19;9.32;3.21;4.63;64.97
1981-03-05;10.23;12.25;14.27;5.61;5.4;5.64;67.99
1981-03-06;6.35;9.86;13.37;0.0;10.593;2.17;52.85
1981-03-07;6.67;9.72;12.78;0.44;3.728;1.84;74.98
1981-03-08;3.9;9.25;14.61;0.0;5.903;3.23;60.41
1981-03-09;0.16;4.99;9.82;0.0;12.303;2.59;43.12
1981-03-10;-0.13;5.09;10.31;0.0;12.986;2.41;42.37
1981-03-11;-0.36;5.77;11.9;0.0;12.942;1.78;40.02
1981-03-12;0.15;6.41;12.67;0.0;12.836;2.14;41.38
1981-03-13;-0.08;5.98;12.04;0.0;15.3;2.13;35.61
1981-03-14;-0.23;6.68;13.6;0.0;15.925;2.19;29.39
1981-03-15;0.45;6.65;12.85;0.0;15.867;2.82;33.13
1981-03-16;-0.38;6.31;13.0;0.48;11.413;2.59;39.8
1981-03-17;1.72;8.63;15.54;0.0;15.071;2.59;40.29
1981-03-18;1.88;8.94;15.99;0.0;16.025;2.38;34.25
1981-03-19;1.86;8.76;15.66;1.54;16.676;4.33;35.24
1981-03-20;7.25;9.57;11.88;2.37;4.749;3.86;71.29
1981-03-21;5.31;10.86;16.41;1.51;12.879;3.42;52.23
1981-03-22;7.41;11.21;15.0;4.82;8.769;2.67;70.6
1981-03-23;3.45;8.97;14.49;0.0;12.181;1.98;52.44
1981-03-24;3.86;9.14;14.43;5.65;9.994;3.46;55.01
1981-03-25;2.79;7.57;12.36;0.0;12.754;2.84;51.64
1981-03-26;2.84;9.16;15.47;0.0;15.691;2.7;47.52
1981-03-27;7.89;13.38;18.87;1.04;12.605;3.56;37.75
1981-03-28;6.75;11.66;16.57;0.0;14.298;4.41;49.5
1981-03-29;7.67;9.98;12.3;1.25;7.428;5.13;64.54
1981-03-30;5.66;10.23;14.8;0.0;11.017;2.6;56.8
1981-03-31;4.28;11.51;18.74;0.0;14.172;2.01;43.33
1981-04-01;6.58;12.66;18.75;0.0;16.503;2.4;45.15
1981-04-02;5.77;9.98;14.2;7.09;10.755;3.64;72.89
1981-04-03;3.0;7.68;12.37;1.16;11.377;3.51;55.73
1981-04-04;4.0;8.37;12.73;2.52;7.01;4.81;63.36
1981-04-05;3.62;7.92;12.21;1.95;8.884;3.51;62.32
1981-04-06;2.96;8.74;14.52;0.0;18.789;1.5;43.92
1981-04-07;1.58;8.07;14.55;0.48;16.253;3.21;44.07
1981-04-08;5.54;9.59;13.63;0.41;10.369;5.32;45.07
1981-04-09;5.57;9.34;13.11;2.4;9.619;5.61;53.95
1981-04-10;4.53;10.57;16.6;0.0;19.892;3.96;39.03
1981-04-11;6.62;10.76;14.9;0.0;11.181;3.27;53.3
1981-04-12;3.42;9.36;15.3;0.0;20.523;2.6;41.14
1981-04-13;2.18;9.01;15.84;0.0;13.076;1.51;51.74
1981-04-14;7.37;11.96;16.56;0.0;15.596;2.41;55.96
1981-04-15;8.39;11.46;14.54;0.0;13.179;3.03;54.61
1981-04-16;5.69;12.4;19.1;0.0;17.954;4.35;41.32
1981-04-17;10.47;12.92;15.37;6.84;7.294;5.67;70.08
1981-04-18;4.68;8.96;13.25;0.0;12.001;3.66;48.4
1981-04-19;0.93;7.03;13.13;0.0;22.548;1.91;35.67
1981-04-20;2.07;10.54;19.02;0.0;25.657;2.07;27.1
1981-04-21;7.84;15.98;24.13;0.0;24.751;2.62;38.66
1981-04-22;11.51;17.07;22.64;0.0;24.099;3.93;45.09
1981-04-23;5.42;10.71;16.0;1.03;11.661;2.84;61.59
1981-04-24;1.59;6.79;11.99;0.0;20.148;3.39;33.67
1981-04-25;1.2;7.27;13.34;0.0;21.667;2.69;33.61
1981-04-26;1.0;8.26;15.52;0.0;24.838;1.52;30.6
1981-04-27;1.98;8.59;15.2;0.0;20.42;3.94;36.16
1981-04-28;1.14;6.26;11.38;0.0;26.161;5.87;22.54
1981-04-29;1.37;6.78;12.18;0.0;25.473;4.94;24.57
1981-04-30;1.3;6.85;12.39;0.0;25.908;4.0;25.37
1981-05-01;2.57;9.0;15.43;0.0;23.947;3.13;30.8
1981-05-02;4.15;10.55;16.95;0.0;20.517;2.66;37.25
1981-05-03;7.16;12.63;18.11;0.0;17.947;1.39;37.01
1981-05-04;6.93;13.2;19.47;0.0;19.677;1.72;36.41
1981-05-05;6.43;12.3;18.18;0.97;10.168;3.24;48.03
1981-05-06;5.11;10.38;15.66;6.28;7.163;2.03;65.39
1981-05-07;9.22;12.23;15.25;0.85;17.047;4.08;56.42
1981-05-08;7.92;12.18;16.45;1.78;15.193;4.94;51.82
1981-05-09;6.56;10.98;15.4;1.64;14.859;3.74;52.6
1981-05-10;5.25;10.0;14.75;0.0;15.682;3.83;47.01
1981-05-11;2.11;9.21;16.3;0.0;23.515;0.77;34.31
1981-05-12;4.6;12.48;20.35;0.0;21.584;0.24;36.62
1981-05-13;11.81;16.55;21.28;0.0;14.246;1.7;46.58
1981-05-14;13.09;16.48;19.88;0.0;12.853;3.25;54.2
1981-05-15;11.51;16.6;21.69;0.0;21.447;3.17;42.87
1981-05-16;9.85;16.13;22.4;0.0;27.289;2.19;37.9
1981-05-17;8.8;14.16;19.51;0.0;13.764;1.89;58.48
1981-05-18;8.88;15.13;21.38;0.0;23.641;2.33;43.97
1981-05-19;9.9;16.42;22.94;0.0;25.673;2.32;38.68
1981-05-20;10.25;16.86;23.46;0.0;30.064;3.04;34.54
1981-05-21;10.34;16.54;22.73;0.0;30.177;3.23;30.27
1981-05-22;9.41;15.6;21.78;0.0;30.675;3.56;25.14
1981-05-23;8.42;14.38;20.34;0.0;29.34;4.66;21.61
1981-05-24;8.42;13.82;19.23;0.0;28.569;4.73;20.19
1981-05-25;7.37;13.45;19.53;0.0;28.617;3.24;21.85
1981-05-26;8.3;11.85;15.39;4.48;11.36;1.57;59.87
1981-05-27;4.46;9.44;14.41;1.61;15.456;2.85;61.06
1981-05-28;5.72;10.63;15.53;0.87;16.081;3.71;54.12
1981-05-29;6.1;10.48;14.87;3.75;14.287;2.59;58.66
1981-05-30;6.76;11.84;16.91;0.0;18.963;1.8;37.25
1981-05-31;8.26;14.36;20.45;0.82;15.712;3.9;37.3
1981-06-01;10.46;14.46;18.46;0.0;15.765;4.76;47.19
1981-06-02;9.29;14.46;19.62;6.91;14.457;4.62;49.05
1981-06-03;8.86;12.63;16.41;1.92;8.491;4.96;54.18
1981-06-04;7.28;13.42;19.56;0.0;21.673;2.62;36.35
1981-06-05;7.52;14.83;22.15;0.0;31.348;1.51;33.75
1981-06-06;12.3;17.96;23.63;1.56;19.507;2.61;51.79
1981-06-07;8.63;13.28;17.93;2.41;18.252;2.03;54.13
1981-06-08;7.14;11.67;16.19;3.45;13.687;2.54;59.26
1981-06-09;5.95;10.8;15.66;0.0;19.432;2.01;47.61
1981-06-10;7.65;12.33;17.01;2.53;12.477;3.96;57.42
1981-06-11;12.17;14.43;16.68;14.79;8.561;2.61;72.32
1981-06-12;10.53;14.2;17.88;8.6;14.196;2.56;71.94
1981-06-13;8.17;13.36;18.56;0.0;20.801;3.98;48.1
1981-06-14;7.81;14.42;21.04;0.0;30.618;1.23;34.9
1981-06-15;8.36;14.29;20.21;1.83;22.314;2.21;43.69
1981-06-16;7.02;12.76;18.5;0.14;20.419;2.14;44.58
1981-06-17;7.8;13.02;18.23;0.0;17.563;1.36;53.08
1981-06-18;8.14;14.79;21.44;0.0;22.382;0.6;38.68
1981-06-19;14.72;19.88;25.04;0.0;25.664;2.9;34.99
1981-06-20;13.84;20.64;27.45;9.73;20.409;2.41;34.33
1981-06-21;14.5;17.55;20.59;54.42;11.242;3.71;70.43
1981-06-22;11.56;16.36;21.15;4.67;16.506;3.32;52.99
1981-06-23;10.32;13.98;17.64;0.84;12.137;2.88;67.13
1981-06-24;8.51;12.55;16.6;3.2;12.724;3.8;62.67
1981-06-25;7.75;12.48;17.21;0.0;15.924;2.87;51.59
1981-06-26;11.34;16.92;22.5;0.0;23.908;1.34;41.78
1981-06-27;12.65;19.41;26.17;0.0;31.995;2.98;35.85
1981-06-28;13.31;17.83;22.35;0.0;21.347;3.88;44.85
1981-06-29;12.64;16.84;21.05;1.54;16.712;3.82;51.93
1981-06-30;11.5;16.23;20.95;13.38;8.569;3.76;64.64
1981-07-01;14.87;17.52;20.16;19.3;6.602;4.33;72.82
1981-07-02;15.11;17.59;20.07;11.1;9.091;3.53;70.4
1981-07-03;10.06;15.1;20.14;0.0;19.494;2.14;54.23
1981-07-04;9.46;15.45;21.43;0.0;26.596;1.28;48.09
1981-07-05;11.23;17.68;24.13;0.0;28.829;2.4;45.9
1981-07-06;13.76;20.41;27.05;0.95;25.22;2.78;45.65
1981-07-07;12.2;16.09;19.99;0.2;14.888;3.15;60.46
1981-07-08;9.08;14.79;20.49;0.0;24.596;1.52;47.04
1981-07-09;12.48;16.38;20.29;0.0;13.163;1.87;56.93
1981-07-10;11.7;16.45;21.19;0.0;17.209;0.89;50.24
1981-07-11;11.17;17.49;23.81;0.0;27.73;0.11;45.62
1981-07-12;11.07;18.15;25.23;0.0;26.146;1.4;45.57
1981-07-13;13.51;18.96;24.42;0.0;25.814;2.57;47.73
1981-07-14;13.23;19.71;26.19;0.0;25.647;2.9;37.95
1981-07-15;14.75;20.89;27.03;39.4;11.519;1.38;47.47
1981-07-16;13.09;18.16;23.24;0.0;15.411;2.81;57.87
1981-07-17;11.81;16.89;21.98;1.71;17.048;1.72;53.65
1981-07-18;11.95;16.0;20.06;0.0;16.232;2.37;53.2
1981-07-19;12.85;16.45;20.06;0.0;16.081;3.08;51.77
1981-07-20;12.27;15.93;19.59;12.49;10.828;2.28;56.8
1981-07-21;13.37;17.52;21.68;1.55;16.137;3.5;56.58
1981-07-22;11.34;16.91;22.48;0.33;17.382;0.57;52.15
1981-07-23;15.47;17.8;20.12;12.76;5.05;0.8;77.03
1981-07-24;13.43;18.47;23.51;0.0;21.909;1.51;50.45
1981-07-25;11.43;17.82;24.22;0.0;28.299;1.63;46.06
1981-07-26;12.96;19.05;25.13;0.0;26.47;2.28;45.39
1981-07-27;14.74;19.59;24.44;0.0;16.287;2.01;53.9
1981-07-28;14.75;19.86;24.97;0.72;14.889;2.71;48.38
1981-07-29;10.87;15.19;19.51;4.48;13.885;3.79;50.99
1981-07-30;10.23;13.94;17.64;6.11;9.153;3.45;62.23
1981-07-31;9.84;14.36;18.88;2.95;15.335;2.67;52.9
1981-08-01;11.1;15.27;19.45;12.37;11.69;3.1;66.09
1981-08-02;10.9;14.75;18.59;0.0;16.054;2.25;51.48
1981-08-03;8.48;13.53;18.57;0.0;17.445;2.07;45.96
1981-08-04;6.66;13.58;20.5;0.0;21.669;1.25;43.48
1981-08-05;12.05;15.71;19.38;0.0;13.697;2.15;55.79
1981-08-06;10.41;15.39;20.38;0.0;16.295;1.83;51.25
1981-08-07;8.91;15.22;21.54;0.0;17.305;0.54;47.25
1981-08-08;10.81;16.14;21.46;0.0;15.847;2.36;47.29
1981-08-09;8.49;13.83;19.17;0.0;15.651;2.19;43.91
1981-08-10;7.56;13.95;20.34;0.0;18.323;1.44;43.41
1981-08-11;10.21;15.74;21.27;0.0;16.904;1.67;44.98
1981-08-12;11.24;15.49;19.74;0.62;15.186;2.39;44.65
1981-08-13;7.83;13.93;20.04;1.06;16.039;2.39;46.83
1981-08-14;6.66;13.0;19.34;0.41;15.689;2.42;47.19
1981-08-15;10.39;14.97;19.55;1.2;14.554;2.72;50.34
1981-08-16;9.37;15.05;20.73;0.0;13.6;1.48;45.85
1981-08-17;11.55;16.93;22.31;0.0;14.381;0.8;49.62
1981-08-18;8.97;16.65;24.33;0.0;23.153;0.24;41.84
1981-08-19;10.93;19.45;27.98;0.0;25.573;0.36;31.87
1981-08-20;13.09;20.93;28.77;0.0;24.229;1.05;29.94
1981-08-21;13.34;21.2;29.07;0.0;19.628;1.07;28.33
1981-08-22;13.95;19.86;25.76;0.0;19.907;2.01;37.34
1981-08-23;14.43;19.86;25.29;0.0;16.032;2.01;38.05
1981-08-24;10.59;16.89;23.2;0.0;18.706;2.16;40.67
1981-08-25;12.21;17.42;22.63;0.0;15.653;2.06;40.94
1981-08-26;9.23;15.96;22.68;0.0;19.992;1.77;36.46
1981-08-27;10.05;16.83;23.6;0.0;19.455;1.64;37.37
1981-08-28;10.48;17.2;23.91;0.0;21.23;2.31;35.43
1981-08-29;10.13;17.04;23.94;0.0;20.72;2.65;31.64
1981-08-30;11.86;19.24;26.63;0.0;19.529;3.11;31.53
1981-08-31;13.47;20.52;27.57;2.19;16.536;2.44;35.92
1981-09-01;12.85;20.0;27.15;0.71;18.402;2.29;35.59
1981-09-02;11.07;17.27;23.48;0.0;17.953;1.83;37.92
1981-09-03;9.53;17.35;25.17;0.0;22.441;1.21;26.7
1981-09-04;11.21;15.57;19.93;8.34;7.678;2.29;44.14
1981-09-05;9.99;14.84;19.69;1.48;10.739;3.74;46.17
1981-09-06;10.61;13.67;16.73;8.43;4.978;1.29;74.19
1981-09-07;11.12;14.8;18.48;9.71;9.345;3.58;63.67
1981-09-08;11.44;14.27;17.11;0.9;10.295;4.17;50.9
1981-09-09;11.5;13.79;16.08;4.42;10.179;4.4;56.56
1981-09-10;11.67;14.39;17.1;0.0;7.678;4.05;55.49
1981-09-11;12.84;15.91;18.98;6.01;6.102;4.22;79.88
1981-09-12;10.74;13.79;16.83;0.0;10.098;2.99;61.44
1981-09-13;10.11;13.81;17.52;2.99;9.055;4.27;54.41
1981-09-14;10.21;12.64;15.07;9.52;6.37;7.29;68.9
1981-09-15;9.71;13.44;17.17;2.31;11.71;3.22;54.24
1981-09-16;7.76;13.45;19.13;0.0;11.383;1.97;47.9
1981-09-17;6.99;13.5;20.02;0.0;8.781;1.49;48.43
1981-09-18;9.01;13.46;17.91;4.59;8.523;4.09;62.9
1981-09-19;8.2;11.98;15.77;0.0;9.767;4.07;50.7
1981-09-20;10.44;13.76;17.08;6.74;5.001;6.07;61.32
1981-09-21;12.11;14.46;16.8;0.0;8.023;5.3;45.55
1981-09-22;12.48;15.48;18.48;10.94;4.745;4.57;71.59
1981-09-23;7.08;13.39;19.71;0.38;16.333;2.19;49.7
1981-09-24;5.72;13.09;20.46;0.41;14.05;1.97;40.62
1981-09-25;12.39;18.56;24.74;8.01;13.807;2.54;42.94
1981-09-26;13.59;17.54;21.49;7.79;9.909;2.88;59.46
1981-09-27;12.58;17.8;23.01;0.0;10.739;1.47;51.78
1981-09-28;11.36;16.48;21.59;0.0;9.685;1.04;60.93
1981-09-29;8.23;15.2;22.16;0.0;13.186;0.52;41.2
1981-09-30;7.67;14.52;21.38;0.0;13.2;1.87;42.92
1981-10-01;9.69;12.72;15.75;15.14;5.759;3.17;81.52
1981-10-02;7.35;11.79;16.24;0.0;14.2;4.05;46.0
1981-10-03;5.47;11.56;17.65;0.0;15.3;2.35;41.68
1981-10-04;5.76;12.1;18.44;0.0;15.142;1.31;46.45
1981-10-05;6.36;12.69;19.01;0.0;12.159;1.77;44.07
1981-10-06;8.12;14.08;20.04;0.0;12.182;2.07;50.03
1981-10-07;11.35;17.05;22.75;0.0;12.57;3.52;48.06
1981-10-08;14.81;18.68;22.55;1.75;8.711;2.28;65.63
1981-10-09;14.13;16.96;19.8;0.61;5.356;2.25;73.61
1981-10-10;12.5;17.43;22.35;0.0;11.98;2.34;51.83
1981-10-11;11.71;16.55;21.38;0.0;6.599;3.32;49.41
1981-10-12;13.14;17.52;21.91;3.0;6.801;2.58;61.17
1981-10-13;10.55;13.54;16.54;1.37;2.95;2.35;79.76
1981-10-14;10.69;13.22;15.75;6.43;3.869;4.77;71.78
1981-10-15;9.07;12.48;15.9;2.67;5.596;3.43;65.11
1981-10-16;4.51;10.3;16.1;0.0;8.996;0.45;46.55
1981-10-17;5.59;11.36;17.13;0.0;6.75;2.16;49.62
1981-10-18;6.09;10.89;15.69;0.0;11.471;2.85;50.4
1981-10-19;6.23;11.0;15.78;0.0;9.545;3.52;44.31
1981-10-20;2.52;7.75;12.99;0.0;9.1;4.34;39.44
1981-10-21;4.78;8.06;11.35;0.0;10.494;4.45;42.25
1981-10-22;3.3;7.82;12.34;0.0;4.778;2.99;62.33
1981-10-23;6.82;10.33;13.84;0.47;4.71;3.15;70.05
1981-10-24;10.15;12.53;14.91;0.0;4.237;2.19;82.48
1981-10-25;8.03;12.11;16.2;0.0;5.035;0.51;60.41
1981-10-26;9.21;12.77;16.32;0.0;4.527;2.05;45.54
1981-10-27;3.4;7.67;11.95;0.75;4.724;2.48;64.43
1981-10-28;2.15;6.53;10.91;0.0;6.817;1.02;41.2
1981-10-29;1.58;7.08;12.59;0.0;7.01;2.85;43.85
1981-10-30;7.88;11.39;14.91;0.0;3.898;4.45;68.76
1981-10-31;7.75;12.47;17.19;0.0;7.799;5.48;41.18
1981-11-01;9.11;11.2;13.29;2.58;1.777;5.82;72.27
1981-11-02;8.69;10.59;12.5;6.78;2.63;4.98;78.59
1981-11-03;5.8;7.84;9.88;1.72;5.808;3.83;74.07
1981-11-04;2.98;5.28;7.58;0.23;3.679;3.5;76.83
1981-11-05;0.49;4.32;8.15;2.51;3.009;2.46;81.67
1981-11-06;-0.83;3.51;7.85;0.72;2.914;1.87;78.83
1981-11-07;5.25;8.33;11.41;3.96;3.418;4.13;77.75
1981-11-08;3.43;7.07;10.71;3.67;8.348;2.48;71.6
1981-11-09;3.62;7.74;11.86;3.47;3.359;5.52;67.03
1981-11-10;3.3;6.06;8.83;1.55;4.303;4.56;67.3
1981-11-11;2.23;6.87;11.51;9.48;1.308;4.18;71.33
1981-11-12;3.83;6.63;9.42;2.28;2.722;5.27;71.63
1981-11-13;3.03;5.71;8.39;3.09;2.652;4.85;74.28
1981-11-14;4.09;5.85;7.61;1.38;2.468;2.91;86.48
1981-11-15;3.04;5.44;7.83;6.23;4.276;2.73;85.79
1981-11-16;3.78;5.83;7.89;0.75;3.367;2.86;80.07
1981-11-17;1.59;4.59;7.59;1.31;1.714;2.06;87.28
1981-11-18;-1.11;4.22;9.55;0.0;3.694;2.16;72.16
1981-11-19;6.05;8.36;10.66;11.73;1.236;3.42;82.85
1981-11-20;10.04;11.78;13.52;12.81;1.494;4.52;87.63
1981-11-21;7.11;10.22;13.33;0.86;2.178;2.97;81.94
1981-11-22;4.82;8.59;12.36;0.0;3.492;2.98;71.27
1981-11-23;4.2;7.96;11.73;0.0;5.088;2.15;68.09
1981-11-24;2.77;7.28;11.79;0.0;6.847;1.65;64.11
1981-11-25;1.92;6.17;10.43;0.0;5.016;2.04;67.63
1981-11-26;5.44;8.7;11.95;4.96;5.152;3.85;68.35
1981-11-27;0.37;4.3;8.24;0.0;5.966;2.86;67.52
1981-11-28;5.27;7.72;10.18;0.3;2.328;3.14;80.66
1981-11-29;4.99;7.24;9.49;0.0;3.725;3.13;71.18
1981-11-30;5.64;7.95;10.26;0.0;3.171;3.56;81.81
1981-12-01;5.85;8.38;10.92;0.0;3.94;3.24;80.63
1981-12-02;0.82;5.07;9.32;0.0;3.707;2.05;82.47
1981-12-03;-0.56;2.64;5.85;0.0;3.792;1.43;81.53
1981-12-04;3.0;5.04;7.08;6.43;3.4;4.09;84.8
1981-12-05;-0.84;1.22;3.28;3.17;3.569;3.51;70.99
1981-12-06;-1.39;0.82;3.02;0.0;3.977;3.38;68.65
1981-12-07;-2.71;-0.55;1.61;0.0;4.036;2.37;63.1
1981-12-08;-3.17;0.05;3.28;7.06;2.609;3.43;65.8
1981-12-09;3.41;6.75;10.1;1.12;1.2;2.67;87.57
1981-12-10;8.14;9.6;11.05;0.0;2.384;1.68;87.5
1981-12-11;4.48;7.53;10.58;1.0;2.227;2.61;89.56
1981-12-12;-1.01;2.29;5.58;0.0;4.476;0.88;80.34
1981-12-13;0.05;3.35;6.66;0.0;2.163;2.44;82.88
1981-12-14;2.07;4.43;6.79;0.25;2.195;2.6;87.45
1981-12-15;4.44;7.23;10.02;3.81;3.147;4.09;74.78
1981-12-16;3.01;6.29;9.58;3.13;4.705;2.79;82.29
1981-12-17;2.45;5.52;8.59;0.0;3.574;2.9;75.39
1981-12-18;4.06;6.33;8.6;2.31;4.952;3.02;80.13
1981-12-19;6.38;7.87;9.36;2.37;4.116;3.05;85.18
1981-12-20;6.49;8.19;9.88;0.66;1.544;1.95;89.02
1981-12-21;4.4;8.46;12.52;9.55;1.583;4.3;76.58
1981-12-22;8.48;10.25;12.01;3.46;2.219;5.79;76.31
1981-12-23;6.03;7.68;9.33;0.14;2.772;5.35;81.05
1981-12-24;5.23;6.76;8.29;1.01;2.462;4.05;82.91
1981-12-25;5.81;8.47;11.13;1.44;2.235;4.05;83.74
1981-12-26;2.97;6.28;9.58;0.0;5.053;2.57;76.26
1981-12-27;1.75;5.29;8.82;0.0;4.101;2.94;72.32
1981-12-28;1.12;4.39;7.67;0.0;2.401;3.67;65.52
1981-12-29;1.1;5.59;10.08;7.61;1.371;4.13;81.47
1981-12-30;5.65;8.53;11.4;0.0;1.662;4.47;88.3
1981-12-31;1.72;4.67;7.63;0.0;4.432;3.4;62.95
1982-01-01;1.35;4.28;7.21;0.0;5.153;3.32;70.26
1982-01-02;4.56;6.56;8.57;3.13;2.561;6.42;79.21
1982-01-03;1.6;5.06;8.52;1.91;5.205;2.91;63.49
1982-01-04;-0.37;2.12;4.61;0.0;3.438;1.95;84.09
1982-01-05;-2.19;0.54;3.28;0.0;5.567;1.61;82.75
1982-01-06;-2.88;0.22;3.32;0.0;5.317;2.33;69.08
1982-01-07;-1.23;1.59;4.41;0.0;3.145;2.55;65.03
1982-01-08;-0.65;2.74;6.13;0.0;4.717;3.14;59.79
1982-01-09;1.99;4.77;7.55;0.0;2.727;3.43;67.49
1982-01-10;4.54;6.38;8.23;5.43;1.884;5.24;86.6
1982-01-11;7.84;9.79;11.73;2.29;1.775;5.62;87.25
1982-01-12;2.14;4.8;7.47;0.27;1.985;6.17;65.48
1982-01-13;2.1;6.42;10.74;5.84;1.605;4.96;70.83
1982-01-14;2.67;5.05;7.44;0.0;3.509;6.34;71.22
1982-01-15;-0.97;1.1;3.18;0.51;2.019;4.22;80.08
1982-01-16;-1.25;1.05;3.35;0.75;3.682;4.97;75.93
1982-01-17;-0.68;1.53;3.74;0.0;3.105;4.39;63.26
1982-01-18;-1.73;-0.31;1.11;4.13;1.579;2.5;89.91
1982-01-19;-3.54;-1.27;1.0;0.0;4.798;2.31;80.02
1982-01-20;-2.72;1.58;5.88;5.2;2.485;3.62;68.57
1982-01-21;3.42;5.65;7.89;4.82;3.561;3.15;89.3
1982-01-22;1.1;3.62;6.14;0.0;2.949;3.62;66.36
1982-01-23;-0.09;2.37;4.83;1.77;3.211;3.39;86.21
1982-01-24;-2.41;0.11;2.64;0.0;4.136;2.48;69.6
1982-01-25;-0.6;1.63;3.85;5.8;1.903;4.01;83.25
1982-01-26;-2.61;0.65;3.91;0.0;5.949;2.0;74.11
1982-01-27;-3.88;-0.44;3.0;0.98;7.188;1.8;71.47
1982-01-28;-1.92;0.71;3.33;0.25;6.193;2.82;76.55
1982-01-29;-1.72;1.67;5.05;0.53;4.419;3.04;65.71
1982-01-30;-2.95;-0.26;2.44;0.0;5.886;1.79;73.96
1982-01-31;-1.69;4.61;10.9;0.96;7.281;3.37;56.03
1982-02-01;3.56;6.64;9.72;1.28;4.705;4.04;76.34
1982-02-02;3.07;7.46;11.85;11.35;1.826;6.75;68.36
1982-02-03;6.94;8.95;10.96;3.32;3.942;7.05;75.35
1982-02-04;5.73;8.07;10.42;0.36;4.655;6.3;63.58
1982-02-05;6.08;8.69;11.3;1.6;3.294;6.13;67.73
1982-02-06;1.19;4.81;8.44;0.29;4.374;2.88;72.08
1982-02-07;-1.08;1.77;4.61;0.0;7.391;2.42;57.09
1982-02-08;-2.53;0.56;3.65;0.0;8.702;0.99;58.33
1982-02-09;-1.3;1.7;4.69;3.68;3.122;2.9;74.82
1982-02-10;3.7;6.41;9.12;1.26;4.634;2.37;80.72
1982-02-11;5.14;7.87;10.59;4.97;2.212;6.72;82.61
1982-02-12;2.27;5.25;8.23;0.0;5.334;5.04;53.39
1982-02-13;-0.34;4.63;9.59;1.53;6.691;3.08;62.02
1982-02-14;4.17;8.2;12.22;0.69;3.745;3.58;77.23
1982-02-15;2.12;8.11;14.1;0.0;10.297;2.99;46.7
1982-02-16;5.38;9.7;14.02;0.54;10.821;4.48;52.53
1982-02-17;9.05;10.18;11.3;2.24;3.638;5.17;75.59
1982-02-18;8.71;12.18;15.65;3.24;5.094;4.9;49.17
1982-02-19;8.24;9.58;10.92;9.54;3.656;3.73;74.8
1982-02-20;3.45;7.48;11.51;0.0;9.437;3.53;65.32
1982-02-21;2.25;5.42;8.58;2.48;5.17;3.41;80.75
1982-02-22;0.75;5.25;9.75;0.0;7.204;2.49;56.86
1982-02-23;1.5;5.53;9.55;6.32;4.165;5.62;66.36
1982-02-24;0.75;4.19;7.62;0.0;8.51;4.64;44.8
1982-02-25;2.62;6.73;10.85;4.12;5.168;7.72;53.89
1982-02-26;3.96;6.67;9.38;0.79;7.402;5.82;59.76
1982-02-27;1.16;6.09;11.02;8.33;2.862;4.83;73.29
1982-02-28;6.57;9.62;12.67;4.47;4.45;1.39;81.95
1982-03-01;7.23;12.52;17.8;0.0;13.471;4.19;47.25
1982-03-02;7.05;10.74;14.44;0.0;6.08;3.79;57.62
1982-03-03;3.5;8.09;12.69;0.0;9.579;3.98;53.22
1982-03-04;0.77;6.63;12.49;0.0;12.115;3.47;39.46
1982-03-05;7.88;11.3;14.72;8.44;5.27;4.59;48.1
1982-03-06;3.32;8.23;13.15;10.59;6.394;3.49;70.81
1982-03-07;1.12;7.18;13.23;0.0;10.926;1.77;44.5
1982-03-08;3.96;8.44;12.91;0.6;3.358;3.14;69.42
1982-03-09;6.58;11.89;17.19;0.0;5.636;1.89;68.86
1982-03-10;8.66;14.54;20.42;0.0;10.826;3.55;48.21
1982-03-11;4.97;8.81;12.66;2.53;9.338;4.32;58.69
1982-03-12;5.01;9.02;13.04;14.17;3.675;5.85;74.16
1982-03-13;5.74;9.41;13.09;11.07;4.186;4.59;77.34
1982-03-14;2.92;6.42;9.91;2.65;8.63;4.53;59.93
1982-03-15;3.94;6.62;9.3;0.68;6.817;3.6;57.4
1982-03-16;2.8;5.32;7.84;2.61;5.377;2.88;71.53
1982-03-17;-0.43;2.67;5.76;1.16;6.532;4.57;54.7
1982-03-18;-2.06;2.61;7.28;0.88;12.142;3.61;34.07
1982-03-19;-2.04;1.46;4.95;0.53;13.802;2.51;47.01
1982-03-20;-1.89;2.0;5.88;0.0;14.011;4.05;30.24
1982-03-21;-2.57;2.49;7.54;0.0;18.524;3.0;31.11
1982-03-22;1.79;6.88;11.96;9.19;4.672;5.44;67.88
1982-03-23;6.21;10.01;13.8;13.73;8.637;1.3;66.72
1982-03-24;5.12;12.33;19.54;0.0;19.469;3.59;38.29
1982-03-25;9.99;12.84;15.68;7.54;5.803;3.52;61.89
1982-03-26;8.58;13.96;19.34;0.0;12.432;0.96;58.83
1982-03-27;6.66;13.57;20.48;0.0;19.41;1.25;46.01
1982-03-28;4.85;12.55;20.25;0.0;13.291;0.83;39.27
1982-03-29;6.84;13.51;20.18;0.0;14.453;1.77;47.88
1982-03-30;5.49;12.43;19.37;0.0;19.149;1.89;45.16
1982-03-31;9.72;14.0;18.29;0.0;7.656;1.52;65.89
1982-04-01;6.29;12.02;17.75;0.0;16.844;2.18;49.68
1982-04-02;4.62;10.29;15.97;0.0;14.393;1.71;51.73
1982-04-03;5.87;9.71;13.56;0.0;13.71;3.96;53.93
1982-04-04;3.03;8.31;13.59;0.0;20.555;4.66;30.57
1982-04-05;1.92;7.67;13.43;0.0;18.979;5.33;27.25
1982-04-06;3.34;8.56;13.78;0.0;18.507;5.98;25.26
1982-04-07;2.93;8.54;14.16;0.0;18.595;5.51;25.25
1982-04-08;2.69;8.4;14.11;0.0;20.549;5.08;25.32
1982-04-09;3.02;9.42;15.82;0.0;17.283;4.46;38.44
1982-04-10;4.9;11.01;17.12;0.0;20.04;3.63;36.37
1982-04-11;3.37;10.52;17.66;0.0;19.13;2.6;36.76
1982-04-12;3.34;10.24;17.14;0.0;16.547;1.39;43.86
1982-04-13;5.32;10.5;15.69;0.0;18.592;1.71;45.02
1982-04-14;1.93;8.77;15.61;0.0;18.556;1.92;38.2
1982-04-15;6.77;11.19;15.61;0.0;13.927;1.7;49.24
1982-04-16;3.59;8.13;12.66;0.0;15.542;2.32;48.79
1982-04-17;4.58;8.66;12.73;0.17;10.368;2.72;50.2
1982-04-18;1.32;7.41;13.49;0.0;15.631;1.58;44.58
1982-04-19;2.19;9.53;16.86;4.82;23.88;1.97;37.23
1982-04-20;5.83;9.71;13.59;0.22;15.976;2.82;58.01
1982-04-21;1.89;7.94;13.99;0.0;15.105;1.88;45.11
1982-04-22;2.32;7.34;12.37;9.07;9.519;3.23;74.04
1982-04-23;6.57;10.23;13.88;1.06;10.616;4.95;51.81
1982-04-24;1.91;8.2;14.48;2.49;13.374;1.94;51.74
1982-04-25;6.85;10.36;13.86;0.0;11.832;4.37;52.37
1982-04-26;6.23;9.77;13.3;4.78;10.917;4.34;64.43
1982-04-27;6.52;10.65;14.78;1.91;10.733;2.03;58.04
1982-04-28;5.47;9.65;13.83;1.41;12.985;3.36;54.78
1982-04-29;2.68;8.2;13.71;0.0;17.179;3.41;47.51
1982-04-30;6.15;10.9;15.65;6.78;8.312;4.47;56.36
1982-05-01;7.3;11.45;15.59;1.6;14.999;4.19;52.99
1982-05-02;5.89;10.69;15.48;0.56;11.114;3.3;63.76
1982-05-03;10.95;14.38;17.82;0.41;13.284;3.67;57.5
1982-05-04;12.03;16.41;20.79;0.0;17.332;2.19;55.27
1982-05-05;10.11;15.9;21.7;14.06;10.509;3.79;50.15
1982-05-06;8.39;11.98;15.57;0.0;14.53;2.38;58.3
1982-05-07;4.89;11.21;17.52;0.0;19.275;1.19;46.35
1982-05-08;7.26;13.12;18.98;0.0;23.984;2.75;40.23
1982-05-09;8.09;11.98;15.88;0.0;17.505;2.83;52.07
1982-05-10;8.08;12.64;17.21;0.0;17.699;1.04;44.58
1982-05-11;9.11;14.25;19.4;0.0;14.707;1.49;52.37
1982-05-12;9.63;14.45;19.26;0.72;9.786;2.4;70.77
1982-05-13;12.46;14.96;17.46;0.79;9.326;3.71;82.07
1982-05-14;11.39;12.98;14.56;8.8;7.073;3.5;89.41
1982-05-15;8.0;11.52;15.03;0.0;12.612;2.84;59.31
1982-05-16;6.34;10.09;13.85;0.0;16.569;3.06;51.52
1982-05-17;5.38;10.22;15.06;12.73;13.898;3.16;57.27
1982-05-18;10.55;14.21;17.87;13.85;6.589;2.39;73.81
1982-05-19;7.0;11.69;16.37;1.19;10.781;3.17;63.11
1982-05-20;3.61;10.06;16.52;0.92;19.934;2.33;47.65
1982-05-21;10.54;14.57;18.6;0.86;16.57;3.48;61.41
1982-05-22;11.22;14.51;17.8;4.1;15.454;3.32;59.99
1982-05-23;8.31;12.98;17.64;0.0;19.939;3.69;45.66
1982-05-24;8.05;13.35;18.64;0.0;18.728;3.04;49.93
1982-05-25;11.0;13.6;16.2;0.44;16.815;3.65;61.2
1982-05-26;9.85;12.57;15.3;0.92;8.985;3.42;78.11
1982-05-27;10.03;12.62;15.21;0.0;12.568;3.6;59.05
1982-05-28;9.08;13.17;17.26;13.98;11.391;2.92;66.76
1982-05-29;7.32;11.73;16.15;1.41;16.447;3.54;51.32
1982-05-30;4.7;9.07;13.44;0.0;20.33;3.3;51.37
1982-05-31;2.21;8.23;14.26;0.81;22.926;2.83;37.99
1982-06-01;3.22;8.14;13.06;0.0;19.505;4.15;41.98
1982-06-02;4.41;10.0;15.6;3.45;8.669;2.7;56.91
1982-06-03;7.84;12.15;16.47;5.8;15.03;4.03;58.48
1982-06-04;7.6;11.89;16.17;0.19;14.585;3.4;55.26
1982-06-05;9.21;13.92;18.63;1.01;12.681;3.23;57.5
1982-06-06;12.02;15.23;18.44;0.86;9.91;2.76;68.79
1982-06-07;11.58;17.29;23.0;0.0;17.677;1.36;54.39
1982-06-08;14.44;21.16;27.88;0.0;27.242;2.15;41.92
1982-06-09;17.1;19.84;22.59;1.07;8.816;2.14;62.41
1982-06-10;16.04;21.52;27.0;4.4;18.359;0.54;57.74
1982-06-11;15.59;22.35;29.11;0.0;26.473;1.12;43.01
1982-06-12;15.55;22.91;30.26;0.28;27.181;0.91;38.31
1982-06-13;15.83;22.07;28.3;0.0;20.815;0.91;53.3
1982-06-14;14.27;19.06;23.85;0.0;22.164;2.66;56.74
1982-06-15;11.66;14.79;17.92;0.0;13.963;2.94;55.75
1982-06-16;11.26;14.82;18.38;0.0;16.45;2.75;49.25
1982-06-17;10.88;15.69;20.5;3.31;8.924;3.04;64.04
1982-06-18;12.8;15.75;18.69;3.5;8.992;3.35;77.31
1982-06-19;9.58;13.71;17.84;1.21;14.507;2.81;56.61
1982-06-20;9.0;13.26;17.51;4.11;13.607;3.8;57.41
1982-06-21;8.59;12.99;17.4;0.29;15.404;2.99;58.01
1982-06-22;11.52;15.06;18.61;8.05;8.376;2.75;68.93
1982-06-23;11.5;15.09;18.67;1.22;12.644;1.0;72.65
1982-06-24;8.96;13.78;18.6;2.36;16.221;2.73;64.95
1982-06-25;6.64;13.28;19.92;0.0;18.996;0.77;47.19
1982-06-26;11.88;18.54;25.19;0.0;25.583;1.3;41.22
1982-06-27;15.11;22.15;29.19;2.39;27.799;1.6;39.01
1982-06-28;16.98;22.49;28.0;5.72;20.578;1.82;48.75
1982-06-29;16.25;20.02;23.78;0.0;13.684;2.03;66.13
1982-06-30;16.45;20.27;24.1;0.27;14.67;2.75;59.71
1982-07-01;15.07;17.73;20.39;29.28;4.347;1.89;78.27
1982-07-02;14.93;16.2;17.48;37.91;1.796;2.01;90.01
1982-07-03;14.16;15.44;16.71;7.25;4.851;2.57;86.13
1982-07-04;13.81;16.99;20.17;0.33;8.266;1.61;75.1
1982-07-05;12.92;18.14;23.36;1.35;16.14;0.63;58.79
1982-07-06;13.16;16.99;20.83;3.39;11.753;1.04;75.62
1982-07-07;13.8;16.8;19.81;0.19;13.762;2.4;69.24
1982-07-08;11.9;16.44;20.98;0.0;18.006;1.12;56.48
1982-07-09;14.44;18.01;21.58;0.23;16.43;2.23;63.17
1982-07-10;15.17;18.71;22.25;0.0;16.324;2.29;55.04
1982-07-11;13.68;17.79;21.89;0.0;18.612;2.65;54.21
1982-07-12;12.16;16.76;21.35;0.0;18.492;1.97;54.0
1982-07-13;12.63;17.73;22.82;0.0;18.427;0.42;53.1
1982-07-14;11.8;18.39;24.98;0.0;30.218;1.07;47.19
1982-07-15;13.4;20.25;27.09;0.0;27.06;1.62;45.87
1982-07-16;16.03;19.98;23.93;3.16;13.305;3.09;59.13
1982-07-17;12.58;18.14;23.71;0.0;26.381;1.05;51.34
1982-07-18;11.73;17.65;23.57;0.0;17.92;1.82;53.11
1982-07-19;12.5;17.34;22.17;0.0;27.11;2.24;51.52
1982-07-20;9.16;15.03;20.89;0.0;24.449;0.87;47.67
1982-07-21;10.18;16.52;22.85;0.0;28.497;1.3;45.11
1982-07-22;13.15;20.69;28.23;0.0;24.812;1.75;42.21
1982-07-23;18.29;23.91;29.54;1.56;19.494;3.07;43.25
1982-07-24;16.63;21.72;26.81;0.0;24.238;1.08;52.0
1982-07-25;15.89;22.36;28.83;12.16;18.459;1.62;46.62
1982-07-26;15.62;19.36;23.1;1.91;12.76;3.09;65.13
1982-07-27;14.78;18.86;22.93;0.35;12.536;1.73;61.86
1982-07-28;14.51;19.5;24.5;0.0;19.84;2.2;50.85
1982-07-29;12.92;18.41;23.9;0.0;23.2;1.7;49.9
1982-07-30;12.42;17.41;22.39;0.0;12.449;1.5;55.46
1982-07-31;10.89;17.16;23.43;0.0;24.636;1.27;44.95
1982-08-01;10.64;17.59;24.53;0.0;23.22;1.12;44.16
1982-08-02;11.58;16.64;21.71;0.0;16.686;2.0;49.69
1982-08-03;8.52;14.66;20.8;0.0;25.67;1.45;41.22
1982-08-04;8.95;16.52;24.1;0.0;26.626;1.19;37.62
1982-08-05;11.17;18.68;26.18;0.0;26.857;2.22;39.94
1982-08-06;11.4;17.0;22.59;0.0;25.93;1.91;45.82
1982-08-07;9.68;14.52;19.35;4.03;10.834;2.21;56.66
1982-08-08;12.5;16.07;19.65;2.31;10.852;5.49;58.16
1982-08-09;11.99;14.78;17.57;1.61;11.258;5.26;55.85
1982-08-10;11.24;14.52;17.79;2.6;14.437;3.71;51.35
1982-08-11;11.03;14.38;17.73;0.65;11.405;2.74;54.74
1982-08-12;12.24;16.64;21.05;10.08;7.952;2.72;71.23
1982-08-13;15.47;19.15;22.83;0.51;11.383;1.27;61.38
1982-08-14;12.65;17.93;23.22;0.0;17.507;1.19;51.93
1982-08-15;13.49;18.52;23.56;7.32;10.412;1.04;55.68
1982-08-16;10.06;16.35;22.64;0.0;20.976;0.96;49.64
1982-08-17;12.77;18.61;24.45;0.0;16.481;0.59;48.21
1982-08-18;13.7;20.71;27.72;0.0;25.157;0.83;40.34
1982-08-19;13.83;18.32;22.82;0.0;16.326;2.3;50.22
1982-08-20;13.16;17.41;21.65;0.0;15.634;1.87;46.29
1982-08-21;10.8;16.42;22.04;0.0;18.56;1.34;46.05
1982-08-22;13.41;17.89;22.37;0.0;14.506;1.54;46.3
1982-08-23;13.96;17.18;20.4;0.62;10.878;1.2;58.16
1982-08-24;12.65;18.86;25.08;0.0;20.194;1.3;43.8
1982-08-25;13.93;17.75;21.58;12.25;6.229;1.2;65.28
1982-08-26;14.47;17.55;20.64;8.41;9.717;1.15;78.64
1982-08-27;11.74;16.02;20.3;1.6;13.223;2.7;54.33
1982-08-28;9.85;14.77;19.7;2.35;13.375;2.66;55.51
1982-08-29;8.11;13.98;19.86;0.0;15.271;1.15;48.06
1982-08-30;7.55;13.72;19.89;0.0;20.044;0.85;44.7
1982-08-31;7.4;14.34;21.27;0.0;20.856;1.32;40.55
1982-09-01;7.21;14.88;22.56;0.0;22.166;0.88;34.24
1982-09-02;8.09;15.48;22.88;0.0;19.853;1.2;37.03
1982-09-03;10.01;17.32;24.63;0.0;22.415;2.16;34.95
1982-09-04;10.28;17.64;25.0;0.0;19.804;2.34;34.04
1982-09-05;10.69;17.52;24.34;0.0;19.462;3.05;33.95
1982-09-06;9.94;17.12;24.3;0.0;20.744;3.16;28.34
1982-09-07;9.51;17.14;24.77;0.0;20.261;1.71;29.24
1982-09-08;9.0;17.3;25.61;0.0;18.678;0.82;30.91
1982-09-09;10.63;17.6;24.57;0.0;16.07;2.65;37.47
1982-09-10;10.69;16.2;21.71;0.0;18.566;3.83;34.78
1982-09-11;7.62;14.49;21.36;0.0;18.62;3.14;31.32
1982-09-12;7.66;14.82;21.98;0.0;17.783;2.76;32.19
1982-09-13;7.79;15.09;22.4;0.0;17.247;1.9;33.18
1982-09-14;7.41;14.88;22.36;0.0;17.078;1.38;32.79
1982-09-15;7.04;14.83;22.63;0.0;16.813;0.28;33.34
1982-09-16;6.67;14.59;22.51;0.0;18.373;2.15;28.27
1982-09-17;9.0;14.13;19.25;5.14;11.795;3.86;41.84
1982-09-18;6.92;10.45;13.98;0.0;11.644;3.71;41.96
1982-09-19;5.13;10.18;15.23;0.0;12.024;3.89;42.27
1982-09-20;9.63;11.98;14.33;1.19;7.601;3.76;54.36
1982-09-21;10.68;12.66;14.63;2.68;6.541;2.76;77.0
1982-09-22;9.09;12.88;16.67;0.0;9.142;3.16;40.78
1982-09-23;8.69;12.57;16.45;3.99;6.882;2.66;59.25
1982-09-24;6.77;11.94;17.1;0.44;9.559;1.89;60.54
1982-09-25;9.67;13.93;18.19;0.0;11.112;3.65;42.95
1982-09-26;9.11;13.02;16.92;0.0;9.942;2.3;42.36
1982-09-27;7.84;11.93;16.02;0.0;10.091;3.26;40.33
1982-09-28;3.16;9.24;15.32;0.0;10.796;1.59;37.74
1982-09-29;3.31;9.12;14.92;0.0;9.494;0.59;37.22
1982-09-30;2.2;9.13;16.06;0.0;10.633;1.23;37.83
1982-10-01;3.22;10.15;17.09;0.0;9.184;1.04;40.42
1982-10-02;7.09;13.16;19.23;0.0;10.79;2.49;38.62
1982-10-03;11.0;15.68;20.35;0.47;7.172;3.94;46.12
1982-10-04;12.95;17.09;21.22;0.0;9.391;4.62;44.08
1982-10-05;12.86;15.28;17.69;8.46;5.737;4.24;83.96
1982-10-06;10.24;13.7;17.16;0.0;5.794;3.91;54.02
1982-10-07;6.61;12.47;18.33;0.0;8.096;1.77;42.7
1982-10-08;7.96;15.25;22.53;0.0;10.556;2.69;36.25
1982-10-09;13.48;19.47;25.46;0.0;10.47;4.31;36.87
1982-10-10;15.69;19.22;22.75;9.31;5.482;5.1;51.16
1982-10-11;12.35;16.61;20.88;0.0;8.047;3.84;57.47
1982-10-12;10.52;14.31;18.1;0.0;5.918;3.4;65.26
1982-10-13;12.01;15.27;18.54;1.43;5.389;4.86;63.08
1982-10-14;10.38;13.89;17.39;0.0;4.938;6.72;47.72
1982-10-15;8.1;11.26;14.42;4.17;4.95;7.35;57.58
1982-10-16;6.93;10.71;14.49;3.45;6.157;4.78;58.63
1982-10-17;7.43;11.46;15.48;3.48;4.47;5.68;70.7
1982-10-18;7.62;11.17;14.71;0.78;5.604;4.32;51.49
1982-10-19;9.34;13.57;17.81;6.66;2.595;5.36;69.2
1982-10-20;11.24;16.34;21.44;0.0;11.969;4.28;42.32
1982-10-21;10.12;16.6;23.08;0.0;9.753;4.03;37.3
1982-10-22;12.73;16.34;19.94;4.57;9.229;4.82;52.83
1982-10-23;10.59;13.85;17.1;0.68;5.06;5.54;50.9
1982-10-24;9.94;13.1;16.26;0.0;4.648;4.83;54.89
1982-10-25;7.48;11.25;15.03;0.0;5.817;3.02;50.25
1982-10-26;6.94;11.52;16.09;0.68;4.24;4.89;54.1
1982-10-27;12.41;14.62;16.82;0.0;4.313;5.19;49.91
1982-10-28;12.05;15.34;18.63;0.66;3.351;6.18;71.54
1982-10-29;15.38;17.46;19.53;5.19;3.149;6.65;79.28
1982-10-30;12.57;14.83;17.09;1.55;3.955;1.9;74.32
1982-10-31;9.98;14.22;18.47;3.63;3.259;4.65;79.99
1982-11-01;1.62;6.42;11.21;0.0;8.116;0.95;55.75
1982-11-02;4.84;8.75;12.65;13.8;1.68;3.61;71.66
1982-11-03;5.49;7.49;9.49;1.75;4.879;5.48;70.93
1982-11-04;5.21;8.39;11.58;0.0;5.462;3.58;71.47
1982-11-05;6.84;9.75;12.66;4.66;1.254;2.53;81.77
1982-11-06;10.86;12.34;13.83;0.0;2.612;4.96;82.54
1982-11-07;6.74;9.13;11.51;10.36;3.56;4.47;75.0
1982-11-08;3.47;5.89;8.3;0.0;4.284;3.26;74.04
1982-11-09;-1.15;2.77;6.69;0.0;6.984;1.01;51.03
1982-11-10;0.14;3.55;6.97;4.17;1.792;3.94;69.36
1982-11-11;1.83;4.36;6.89;1.4;2.797;2.98;80.88
1982-11-12;-0.64;3.73;8.11;0.0;4.714;1.81;70.54
1982-11-13;5.0;7.85;10.7;1.11;2.605;2.44;86.47
1982-11-14;2.19;6.45;10.71;5.06;1.489;2.91;87.2
1982-11-15;-0.87;3.02;6.91;8.42;3.365;4.52;71.3
1982-11-16;4.74;6.79;8.85;2.04;3.852;5.37;71.29
1982-11-17;1.88;4.22;6.57;3.82;3.022;2.48;85.12
1982-11-18;1.54;3.79;6.04;0.0;2.881;2.74;77.96
1982-11-19;-1.3;2.19;5.68;0.98;6.367;2.62;65.43
1982-11-20;0.73;3.49;6.24;0.0;3.706;2.68;71.72
1982-11-21;0.65;4.79;8.94;7.0;1.052;4.31;72.0
1982-11-22;2.78;5.71;8.65;0.0;4.552;3.19;70.97
1982-11-23;1.79;5.14;8.49;0.28;3.728;3.52;62.01
1982-11-24;1.13;5.35;9.56;0.0;4.337;2.73;64.54
1982-11-25;6.08;9.4;12.72;0.0;6.699;4.3;30.22
1982-11-26;10.0;12.75;15.5;0.0;7.027;4.89;31.66
1982-11-27;6.53;9.29;12.04;7.0;2.096;4.5;66.91
1982-11-28;5.44;7.18;8.92;0.0;2.697;4.4;67.6
1982-11-29;3.45;5.39;7.33;1.87;2.59;3.23;85.42
1982-11-30;2.6;4.95;7.29;1.95;2.443;2.91;82.2
1982-12-01;3.1;7.26;11.42;11.02;1.621;3.73;74.02
1982-12-02;6.62;8.84;11.05;0.68;2.977;4.84;78.42
1982-12-03;2.84;5.26;7.68;2.18;2.603;3.17;85.3
1982-12-04;-0.26;2.31;4.88;0.0;3.624;2.42;76.55
1982-12-05;-1.8;0.87;3.54;0.0;4.017;1.44;76.93
1982-12-06;-0.71;1.27;3.25;0.0;2.174;3.02;68.62
1982-12-07;-1.98;0.89;3.75;0.19;5.248;3.17;61.99
1982-12-08;0.31;3.06;5.81;0.0;3.652;2.93;80.9
1982-12-09;3.27;6.65;10.03;7.1;1.469;3.72;85.32
1982-12-10;9.71;11.08;12.45;2.29;1.691;4.0;89.02
1982-12-11;3.01;7.09;11.17;0.0;3.956;2.03;65.44
1982-12-12;5.38;8.08;10.78;0.0;2.837;3.9;80.81
1982-12-13;5.95;7.4;8.86;1.88;2.235;4.73;86.36
1982-12-14;3.63;6.42;9.21;3.75;3.375;6.12;71.75
1982-12-15;5.59;7.75;9.91;2.23;2.726;7.03;65.96
1982-12-16;1.86;4.14;6.43;1.12;3.354;6.99;60.7
1982-12-17;1.86;4.6;7.35;0.0;2.149;5.63;65.19
1982-12-18;3.88;8.66;13.44;4.66;1.258;4.51;64.25
1982-12-19;7.48;9.89;12.3;4.42;1.473;7.17;83.29
1982-12-20;4.84;7.05;9.26;0.0;2.667;4.49;56.75
1982-12-21;1.48;6.39;11.3;5.44;1.887;2.0;64.92
1982-12-22;6.47;9.79;13.12;0.0;4.124;3.71;82.0
1982-12-23;3.8;6.46;9.11;0.72;2.713;3.39;87.8
1982-12-24;1.89;5.4;8.91;0.41;2.804;3.32;73.53
1982-12-25;1.05;4.13;7.22;8.17;1.173;2.76;81.79
1982-12-26;-3.85;0.43;4.72;0.0;1.773;3.71;69.05
1982-12-27;-6.34;-4.95;-3.56;0.0;5.283;3.17;25.91
1982-12-28;-6.87;-2.54;1.79;4.56;1.279;3.11;40.36
1982-12-29;-0.68;1.01;2.71;0.0;3.358;2.76;86.42
1982-12-30;-1.89;0.31;2.5;0.0;3.559;3.26;83.5
1982-12-31;-4.6;-0.24;4.12;2.77;3.127;3.12;78.36
1983-01-01;0.25;2.35;4.45;0.0;2.958;3.16;86.57
1983-01-02;3.39;7.29;11.2;5.94;1.437;7.5;68.43
1983-01-03;9.03;10.09;11.14;0.78;1.318;8.64;84.52
1983-01-04;8.36;8.65;8.95;19.72;1.306;3.84;93.59
1983-01-05;5.9;7.63;9.36;0.58;5.593;4.1;81.89
1983-01-06;4.34;6.16;7.98;2.17;2.449;4.16;78.68
1983-01-07;2.09;5.14;8.2;0.86;2.947;3.84;84.15
1983-01-08;2.04;4.17;6.29;1.92;2.089;4.47;81.62
1983-01-09;3.04;5.21;7.39;1.81;1.872;4.49;77.63
1983-01-10;3.1;6.12;9.13;2.7;1.59;6.58;67.92
1983-01-11;3.53;5.66;7.78;0.62;2.526;6.98;61.54
1983-01-12;3.93;7.1;10.27;2.78;1.633;6.37;82.96
1983-01-13;0.44;3.78;7.11;0.0;4.857;3.01;52.14
1983-01-14;2.05;6.28;10.51;2.21;2.466;6.0;72.84
1983-01-15;4.14;6.23;8.32;12.7;1.734;2.49;90.78
1983-01-16;2.79;5.07;7.35;1.3;3.421;2.02;86.45
1983-01-17;0.23;3.12;6.0;0.0;4.994;2.16;80.74
1983-01-18;-3.5;-1.25;0.99;0.0;5.71;2.11;52.81
1983-01-19;-3.79;-1.75;0.3;0.7;1.709;2.95;65.14
1983-01-20;0.91;4.66;8.4;0.0;2.718;3.39;80.08
1983-01-21;3.43;6.56;9.69;0.0;7.455;4.46;62.83
1983-01-22;2.38;5.51;8.64;4.54;1.806;3.78;83.93
1983-01-23;-2.81;-0.81;1.19;0.0;5.88;3.4;53.55
1983-01-24;-3.46;-0.83;1.79;0.0;3.454;2.1;79.7
1983-01-25;-1.75;1.77;5.3;0.0;4.167;0.68;72.51
1983-01-26;-2.85;0.08;3.02;1.01;3.726;2.54;78.08
1983-01-27;3.2;5.8;8.41;0.38;3.066;4.72;66.64
1983-01-28;3.76;6.81;9.86;0.0;3.874;2.99;75.79
1983-01-29;3.95;7.78;11.61;0.0;7.263;5.3;50.83
1983-01-30;5.43;7.54;9.66;3.46;4.481;5.92;74.26
1983-01-31;4.01;8.29;12.56;8.73;2.182;5.73;57.49
1983-02-01;7.91;10.8;13.69;3.53;3.207;5.94;78.26
1983-02-02;4.21;7.68;11.15;2.87;3.919;4.51;75.17
1983-02-03;3.03;6.63;10.24;1.26;5.229;2.86;64.55
1983-02-04;0.35;3.26;6.17;0.29;4.793;2.91;74.71
1983-02-05;-1.51;2.6;6.71;5.94;8.282;2.57;63.11
1983-02-06;0.26;4.33;8.39;0.46;5.084;4.51;54.55
1983-02-07;-1.94;2.13;6.19;0.0;9.586;1.84;48.79
1983-02-08;0.24;3.92;7.6;2.49;3.284;3.54;64.48
1983-02-09;2.42;5.68;8.95;2.34;3.472;2.98;80.7
1983-02-10;1.49;4.79;8.09;1.52;4.526;2.52;73.04
1983-02-11;1.9;4.05;6.2;0.31;5.429;4.87;65.53
1983-02-12;-0.22;2.52;5.25;0.0;7.384;3.99;59.51
1983-02-13;-1.47;2.59;6.65;0.0;9.063;2.18;53.53
1983-02-14;-1.83;1.92;5.67;1.9;3.953;1.57;72.21
1983-02-15;0.25;2.98;5.72;0.28;8.136;3.95;65.74
1983-02-16;-1.41;1.3;4.02;0.0;9.901;2.92;46.35
1983-02-17;-2.57;1.86;6.29;0.0;12.938;1.55;44.99
1983-02-18;0.26;4.34;8.42;1.32;4.902;2.54;72.95
1983-02-19;3.62;7.1;10.57;0.33;4.009;0.55;81.61
1983-02-20;3.57;7.03;10.49;0.69;3.866;0.19;82.89
1983-02-21;3.76;7.88;12.01;0.0;5.926;0.67;67.61
1983-02-22;-0.21;6.4;13.01;0.0;7.013;0.59;53.21
1983-02-23;1.08;6.67;12.25;0.0;10.584;2.17;50.97
1983-02-24;1.23;5.73;10.22;0.64;4.487;1.17;76.85
1983-02-25;4.26;9.66;15.07;0.0;5.86;2.1;65.31
1983-02-26;6.99;9.31;11.63;3.42;3.6;3.58;81.58
1983-02-27;1.54;6.36;11.17;0.0;11.849;0.46;60.26
1983-02-28;2.62;8.28;13.94;0.69;8.251;1.5;54.91
1983-03-01;4.99;8.88;12.77;7.62;3.807;4.09;78.44
1983-03-02;1.23;6.42;11.62;0.0;9.561;3.22;51.07
1983-03-03;1.85;5.75;9.66;3.41;3.944;4.54;69.12
1983-03-04;0.42;6.04;11.67;11.33;6.268;5.88;55.0
1983-03-05;5.73;8.35;10.96;0.35;6.413;6.38;55.75
1983-03-06;2.48;6.41;10.34;0.27;12.519;3.33;48.83
1983-03-07;2.67;8.2;13.73;1.95;3.946;3.4;58.08
1983-03-08;0.33;7.22;14.11;0.0;11.316;0.63;44.82
1983-03-09;1.12;8.01;14.9;0.0;15.123;2.3;37.31
1983-03-10;1.58;9.23;16.88;0.0;15.974;1.92;35.96
1983-03-11;1.4;9.3;17.21;0.0;13.637;1.58;38.96
1983-03-12;1.21;8.32;15.44;0.0;14.977;1.99;31.47
1983-03-13;-0.16;6.46;13.07;0.0;16.332;1.89;30.9
1983-03-14;-0.45;7.04;14.53;0.0;15.079;1.66;29.75
1983-03-15;0.56;8.38;16.21;0.0;14.414;1.59;39.27
1983-03-16;2.65;9.72;16.8;0.0;11.176;2.03;42.81
1983-03-17;4.82;10.93;17.04;0.0;14.457;3.42;41.28
1983-03-18;5.59;9.72;13.86;6.61;5.13;4.6;69.43
1983-03-19;3.65;9.3;14.96;2.99;4.537;5.61;46.45
1983-03-20;2.63;8.9;15.17;1.26;11.197;3.55;48.14
1983-03-21;5.96;8.88;11.81;1.29;7.049;7.65;55.84
1983-03-22;5.34;9.11;12.87;0.45;12.017;3.79;56.92
1983-03-23;7.67;11.72;15.77;0.8;8.578;4.66;54.56
1983-03-24;1.85;6.47;11.1;0.0;12.401;4.27;45.75
1983-03-25;5.16;8.86;12.56;0.53;6.544;4.99;65.45
1983-03-26;6.63;9.13;11.64;0.49;9.588;5.28;55.12
1983-03-27;3.22;7.55;11.88;0.0;9.666;3.32;55.2
1983-03-28;6.19;10.55;14.92;4.98;5.002;2.84;71.86
1983-03-29;7.69;12.71;17.74;0.0;9.118;1.14;55.86
1983-03-30;6.66;13.14;19.63;0.0;19.438;2.72;42.66
1983-03-31;5.91;12.84;19.76;0.0;19.22;3.13;38.23
1983-04-01;6.32;12.63;18.93;0.0;16.828;3.53;37.18
1983-04-02;5.82;12.53;19.23;0.0;17.741;1.92;40.61
1983-04-03;3.97;11.4;18.83;0.0;13.619;0.63;44.45
1983-04-04;6.42;13.12;19.82;0.0;14.182;0.42;50.39
1983-04-05;6.34;13.2;20.06;0.0;21.304;2.3;38.96
1983-04-06;8.09;12.39;16.69;5.14;9.974;6.4;54.6
1983-04-07;4.4;8.14;11.89;1.75;10.155;5.78;53.61
1983-04-08;1.85;6.21;10.58;0.62;13.14;3.89;53.66
1983-04-09;2.38;7.19;12.0;0.0;18.816;4.07;39.21
1983-04-10;0.74;7.33;13.93;0.0;20.607;2.61;32.1
1983-04-11;1.7;8.44;15.18;0.0;9.411;1.9;56.93
1983-04-12;7.41;10.91;14.42;0.3;7.927;2.73;76.51
1983-04-13;4.48;9.0;13.52;1.27;7.652;2.87;66.76
1983-04-14;2.23;5.88;9.54;2.75;10.19;3.9;71.48
1983-04-15;-0.35;5.19;10.73;0.0;22.067;1.81;28.11
1983-04-16;1.15;7.49;13.82;1.08;7.241;1.8;53.67
1983-04-17;7.07;11.46;15.84;0.0;13.845;2.29;53.93
1983-04-18;3.99;10.54;17.09;0.0;21.657;3.2;39.01
1983-04-19;5.15;10.3;15.46;0.0;20.079;4.42;37.7
1983-04-20;6.89;11.06;15.24;0.0;17.545;4.72;41.16
1983-04-21;4.98;10.34;15.7;0.0;23.497;4.52;29.67
1983-04-22;4.35;9.65;14.95;0.0;15.868;3.54;45.22
1983-04-23;3.97;7.82;11.66;0.0;20.558;4.97;39.53
1983-04-24;1.03;6.59;12.15;0.0;24.645;3.75;26.47
1983-04-25;1.0;7.13;13.25;0.0;17.012;2.7;36.88
1983-04-26;4.06;8.89;13.72;0.0;16.489;2.29;45.14
1983-04-27;4.98;9.37;13.75;0.0;12.551;1.39;49.62
1983-04-28;6.42;9.98;13.54;3.57;12.219;4.11;56.07
1983-04-29;5.89;9.59;13.29;15.74;11.044;4.24;52.75
1983-04-30;3.56;8.74;13.92;0.91;16.399;3.46;43.98
1983-05-01;3.71;9.22;14.74;7.77;14.723;3.58;53.1
1983-05-02;4.14;9.48;14.82;0.0;18.025;4.03;47.25
1983-05-03;5.12;11.59;18.05;7.44;23.643;2.4;37.3
1983-05-04;7.08;11.5;15.91;16.29;10.739;2.97;62.93
1983-05-05;3.68;10.81;17.94;0.35;18.131;0.57;47.08
1983-05-06;4.35;10.36;16.37;0.0;20.006;1.91;48.0
1983-05-07;4.01;11.68;19.36;0.0;25.908;1.54;33.87
1983-05-08;6.64;14.62;22.6;0.0;24.342;1.71;38.01
1983-05-09;10.16;15.76;21.35;0.0;27.902;1.51;43.86
1983-05-10;7.72;14.56;21.41;0.0;24.572;1.76;42.49
1983-05-11;12.85;17.48;22.12;0.0;19.944;2.31;51.69
1983-05-12;9.7;15.59;21.48;0.0;24.884;2.47;44.86
1983-05-13;6.24;13.11;19.99;0.0;26.408;1.75;32.31
1983-05-14;6.33;13.22;20.11;0.0;27.667;2.2;32.11
1983-05-15;7.34;13.48;19.62;0.0;16.72;1.82;47.79
1983-05-16;9.41;15.21;21.0;0.0;21.332;2.19;42.14
1983-05-17;8.54;15.01;21.48;0.0;23.179;2.27;37.94
1983-05-18;9.21;15.34;21.47;0.0;23.16;2.42;39.93
1983-05-19;8.21;15.15;22.09;0.0;27.037;1.91;32.32
1983-05-20;8.58;15.82;23.05;0.0;29.046;1.35;30.63
1983-05-21;9.91;17.73;25.55;0.0;23.344;1.93;32.7
1983-05-22;8.97;14.3;19.62;0.0;25.97;3.69;38.06
1983-05-23;5.72;12.25;18.79;0.0;23.464;2.24;35.1
1983-05-24;11.09;14.81;18.53;0.0;15.043;2.17;43.74
1983-05-25;9.43;14.29;19.14;0.0;18.765;0.78;41.06
1983-05-26;11.13;15.8;20.48;0.0;15.104;2.19;42.69
1983-05-27;10.57;14.43;18.28;0.24;15.468;2.58;48.51
1983-05-28;9.64;14.21;18.78;0.0;17.415;2.72;50.77
1983-05-29;12.78;17.73;22.67;0.0;16.032;1.57;47.88
1983-05-30;12.37;17.68;22.98;0.0;18.508;2.0;43.87
1983-05-31;8.02;14.86;21.7;0.0;28.847;2.55;28.95
1983-06-01;9.44;15.91;22.38;0.0;28.254;3.62;32.15
1983-06-02;10.44;16.84;23.23;0.0;29.482;3.84;28.78
1983-06-03;11.65;17.68;23.72;0.0;20.676;2.67;41.28
1983-06-04;13.35;19.95;26.55;1.11;22.3;1.4;36.43
1983-06-05;14.13;20.42;26.71;0.19;21.151;1.21;36.51
1983-06-06;14.91;21.19;27.46;3.77;21.803;1.45;39.8
1983-06-07;13.66;19.93;26.2;2.32;17.749;1.62;46.88
1983-06-08;13.82;18.5;23.18;0.0;16.777;3.16;51.0
1983-06-09;10.22;16.66;23.1;1.04;20.794;1.96;40.22
1983-06-10;12.13;17.32;22.52;0.57;13.144;3.34;53.44
1983-06-11;10.88;18.88;26.87;0.0;25.884;0.54;33.77
1983-06-12;15.86;21.36;26.85;2.39;13.337;2.35;46.0
1983-06-13;17.57;19.65;21.73;20.05;8.089;2.02;74.22
1983-06-14;15.98;20.44;24.89;7.17;12.823;3.72;58.78
1983-06-15;15.9;21.53;27.16;0.0;27.85;3.4;41.49
1983-06-16;14.0;20.3;26.61;0.0;31.249;2.24;36.46
1983-06-17;12.88;18.79;24.7;0.0;30.218;2.55;35.87
1983-06-18;11.5;18.16;24.83;0.0;22.545;1.14;37.48
1983-06-19;11.87;16.07;20.27;0.0;19.498;3.49;42.3
1983-06-20;8.61;13.6;18.59;0.0;16.228;2.01;46.18
1983-06-21;6.93;13.41;19.9;0.0;20.355;1.42;31.81
1983-06-22;8.43;14.73;21.03;0.0;25.046;2.37;32.64
1983-06-23;9.85;15.34;20.83;0.0;16.157;1.91;39.34
1983-06-24;12.26;17.69;23.12;0.0;20.564;0.7;32.44
1983-06-25;11.18;16.71;22.25;2.26;12.169;2.81;44.81
1983-06-26;8.79;13.87;18.95;2.97;17.18;2.54;57.22
1983-06-27;7.42;13.68;19.93;0.55;16.184;2.72;49.41
1983-06-28;11.31;16.49;21.67;0.32;17.435;2.59;46.38
1983-06-29;9.11;15.78;22.44;2.97;21.631;1.75;40.54
1983-06-30;10.17;15.67;21.17;0.0;16.214;2.89;50.09
1983-07-01;10.31;15.43;20.54;3.13;18.503;3.25;50.97
1983-07-02;8.06;13.64;19.22;0.0;17.796;2.15;47.84
1983-07-03;11.22;15.74;20.26;2.43;16.537;4.38;51.9
1983-07-04;12.27;15.99;19.71;0.0;15.513;4.98;46.38
1983-07-05;10.22;14.91;19.6;0.25;15.537;3.54;45.82
1983-07-06;9.03;15.55;22.07;0.0;28.973;1.89;37.63
1983-07-07;9.19;17.22;25.25;0.0;26.645;1.38;32.56
1983-07-08;11.81;16.83;21.85;5.2;16.292;2.42;56.11
1983-07-09;9.96;15.0;20.03;0.0;16.712;2.76;47.43
1983-07-10;10.0;14.78;19.55;0.0;15.237;3.78;49.64
1983-07-11;10.32;18.23;26.13;0.0;27.617;2.24;27.86
1983-07-12;11.18;16.3;21.43;2.31;17.698;3.3;47.86
1983-07-13;9.83;18.34;26.85;0.0;28.249;1.6;28.52
1983-07-14;13.81;17.5;21.18;8.08;14.136;3.89;48.06
1983-07-15;12.31;17.08;21.85;0.0;18.23;4.44;41.11
1983-07-16;12.72;16.7;20.67;0.91;8.76;3.84;57.21
1983-07-17;15.87;18.6;21.33;3.59;8.134;4.4;71.75
1983-07-18;14.34;17.99;21.65;0.0;16.096;4.4;45.18
1983-07-19;12.54;17.18;21.83;0.0;15.69;3.87;39.03
1983-07-20;11.58;19.62;27.66;0.26;19.575;1.76;27.95
1983-07-21;14.8;19.06;23.32;2.92;5.883;3.22;58.33
1983-07-22;13.3;16.93;20.56;0.43;14.063;3.56;51.44
1983-07-23;11.99;16.64;21.28;1.28;8.459;3.24;54.19
1983-07-24;12.54;17.63;22.71;0.0;15.974;2.66;46.17
1983-07-25;10.38;17.83;25.28;0.0;22.63;0.98;37.37
1983-07-26;12.84;17.77;22.71;2.66;13.501;2.81;50.13
1983-07-27;10.16;15.43;20.7;0.0;15.817;2.88;39.33
1983-07-28;9.3;14.24;19.17;2.55;5.467;3.16;54.49
1983-07-29;11.33;16.2;21.06;0.0;15.424;3.8;46.15
1983-07-30;8.48;13.54;18.59;2.76;14.458;3.1;46.19
1983-07-31;8.19;14.11;20.03;0.0;15.363;1.71;45.0
1983-08-01;8.81;16.48;24.14;0.0;27.301;0.68;30.99
1983-08-02;10.41;18.13;25.85;0.0;26.613;2.06;29.99
1983-08-03;10.68;18.38;26.09;0.0;26.275;1.44;29.19
1983-08-04;13.32;22.05;30.79;0.0;23.71;2.32;23.12
1983-08-05;11.66;17.66;23.65;0.0;25.967;2.69;34.54
1983-08-06;9.41;16.55;23.69;0.0;27.595;1.89;31.45
1983-08-07;11.47;16.24;21.01;0.96;16.692;2.7;41.09
1983-08-08;9.67;16.34;23.02;0.0;23.934;1.09;32.33
1983-08-09;10.38;17.84;25.3;0.0;24.909;2.29;25.69
1983-08-10;12.94;20.38;27.81;0.0;24.921;2.87;23.53
1983-08-11;13.02;21.15;29.28;0.0;26.306;1.1;20.25
1983-08-12;14.55;22.2;29.86;0.0;24.37;2.16;24.45
1983-08-13;14.97;21.57;28.18;0.0;24.492;2.4;28.57
1983-08-14;13.0;19.74;26.49;0.0;23.854;2.06;30.47
1983-08-15;10.92;16.55;22.17;0.32;10.618;2.07;46.83
1983-08-16;15.06;18.2;21.34;0.0;10.508;1.63;54.27
1983-08-17;12.98;16.05;19.12;9.84;12.383;1.46;74.12
1983-08-18;10.8;15.74;20.67;0.0;15.053;2.0;46.93
1983-08-19;8.51;15.32;22.14;0.0;16.689;1.51;40.0
1983-08-20;15.78;20.0;24.23;0.0;12.729;0.51;41.67
1983-08-21;16.11;20.95;25.79;0.0;14.021;1.68;35.48
1983-08-22;14.81;20.74;26.67;0.0;17.172;2.0;33.36
1983-08-23;13.48;20.33;27.17;0.0;20.637;1.82;30.74
1983-08-24;13.46;21.01;28.56;0.0;21.003;1.74;30.23
1983-08-25;15.79;22.91;30.03;0.0;18.261;1.69;29.38
1983-08-26;11.96;17.39;22.82;0.0;20.956;4.17;34.98
1983-08-27;8.26;14.07;19.88;0.0;15.626;2.43;31.81
1983-08-28;7.73;13.13;18.54;0.0;13.873;2.74;34.57
1983-08-29;10.07;14.51;18.95;0.0;13.044;2.15;39.61
1983-08-30;9.05;14.22;19.39;0.83;10.117;2.21;52.54
1983-08-31;12.34;15.88;19.43;1.95;8.911;2.01;64.78
1983-09-01;8.43;13.97;19.51;0.0;12.004;3.06;37.9
1983-09-02;9.97;15.61;21.25;0.0;19.81;3.17;26.56
1983-09-03;7.65;14.98;22.31;0.0;20.941;2.73;25.43
1983-09-04;9.3;16.41;23.51;0.0;19.598;3.25;27.28
1983-09-05;10.34;17.29;24.24;0.0;20.14;3.47;27.17
1983-09-06;9.69;17.09;24.5;0.0;20.252;2.42;23.26
1983-09-07;8.69;16.57;24.44;0.0;20.44;0.7;22.83
1983-09-08;9.6;17.93;26.25;0.0;21.308;1.37;22.4
1983-09-09;10.05;14.21;18.36;9.12;6.759;2.97;50.43
1983-09-10;7.77;12.07;16.37;6.89;11.664;4.38;40.61
1983-09-11;5.79;10.99;16.19;0.0;11.279;2.29;36.73
1983-09-12;7.96;12.71;17.47;3.3;11.296;4.06;42.89
1983-09-13;10.92;14.73;18.54;0.0;10.087;3.79;42.21
1983-09-14;7.41;14.37;21.32;0.0;12.169;2.51;39.71
1983-09-15;8.92;14.91;20.91;3.37;9.662;3.48;44.92
1983-09-16;8.41;13.11;17.8;0.0;12.264;4.03;40.79
1983-09-17;8.4;13.96;19.51;0.0;11.76;1.44;37.66
1983-09-18;7.44;14.81;22.17;0.0;19.165;1.95;30.03
1983-09-19;12.8;15.92;19.03;0.0;10.767;3.27;38.99
1983-09-20;11.16;15.07;18.99;3.88;10.633;5.14;48.4
1983-09-21;11.45;15.21;18.98;3.85;9.361;4.59;46.9
1983-09-22;12.11;15.19;18.27;5.18;7.025;4.7;61.0
1983-09-23;7.59;12.45;17.31;0.51;12.208;4.08;44.69
1983-09-24;7.09;13.21;19.34;0.0;10.191;3.51;45.45
1983-09-25;12.24;15.5;18.75;0.44;7.239;4.08;53.41
1983-09-26;12.51;15.53;18.55;5.78;4.908;3.15;56.31
1983-09-27;17.12;18.0;18.88;7.13;4.177;5.99;81.33
1983-09-28;15.81;17.88;19.95;0.0;4.279;5.97;61.97
1983-09-29;15.3;17.1;18.9;0.91;4.565;4.79;82.62
1983-09-30;11.41;17.72;24.03;0.0;11.565;2.9;40.19
1983-10-01;13.1;16.21;19.33;9.82;5.873;3.83;71.97
1983-10-02;11.05;14.58;18.1;0.0;8.765;3.61;48.39
1983-10-03;9.88;16.25;22.62;0.0;10.55;3.34;37.74
1983-10-04;13.46;16.34;19.22;0.0;8.119;6.4;51.12
1983-10-05;11.9;14.86;17.81;0.97;5.722;6.14;53.46
1983-10-06;11.48;13.6;15.72;18.42;5.585;3.71;77.82
1983-10-07;9.49;12.64;15.79;1.98;5.564;5.12;71.82
1983-10-08;8.49;11.53;14.56;10.11;5.332;5.05;71.36
1983-10-09;7.94;11.13;14.33;0.64;8.381;4.25;62.58
1983-10-10;7.93;11.38;14.83;1.64;5.387;4.05;61.32
1983-10-11;8.24;11.31;14.38;0.0;6.668;4.37;60.64
1983-10-12;7.97;11.57;15.18;0.0;5.556;3.37;61.69
1983-10-13;3.16;9.69;16.21;0.0;12.287;0.86;43.18
1983-10-14;5.16;9.44;13.71;11.16;4.983;1.92;66.3
1983-10-15;6.06;9.73;13.4;2.42;7.706;3.86;65.53
1983-10-16;3.24;8.16;13.08;0.0;9.087;1.75;47.56
1983-10-17;4.0;8.17;12.34;0.0;10.491;3.59;50.04
1983-10-18;5.26;8.75;12.24;3.39;5.049;3.69;61.34
1983-10-19;8.27;10.95;13.63;7.05;7.595;5.94;66.75
1983-10-20;8.62;11.07;13.52;1.98;4.62;4.25;72.46
1983-10-21;7.64;10.58;13.53;2.88;7.363;2.46;64.35
1983-10-22;8.99;12.98;16.96;5.9;3.833;4.01;79.07
1983-10-23;9.1;12.25;15.39;0.75;5.265;2.47;73.55
1983-10-24;8.33;12.82;17.31;7.69;2.829;5.1;71.91
1983-10-25;3.14;8.18;13.22;0.0;6.848;1.51;52.71
1983-10-26;7.8;10.31;12.82;10.48;4.102;2.99;75.5
1983-10-27;9.7;12.87;16.03;10.29;4.052;6.33;71.52
1983-10-28;8.55;10.32;12.1;3.9;1.641;6.2;87.88
1983-10-29;6.3;9.1;11.9;0.63;4.114;5.09;65.53
1983-10-30;6.31;9.15;12.0;2.0;4.036;4.52;73.39
1983-10-31;7.73;10.07;12.41;0.69;4.046;3.74;68.64
1983-11-01;5.83;9.21;12.58;2.1;3.804;4.87;73.25
1983-11-02;6.38;8.51;10.63;0.0;3.975;5.18;50.25
1983-11-03;5.64;10.15;14.66;0.0;9.627;3.93;45.24
1983-11-04;10.07;13.27;16.47;0.0;8.815;4.69;43.75
1983-11-05;7.97;10.29;12.6;5.5;3.033;2.48;86.3
1983-11-06;4.78;8.69;12.6;0.0;6.966;1.85;72.56
1983-11-07;4.29;10.12;15.95;0.0;7.46;3.1;46.08
1983-11-08;7.82;12.46;17.09;0.0;4.516;2.83;50.29
1983-11-09;10.52;14.57;18.63;0.0;8.644;3.62;40.27
1983-11-10;7.16;11.89;16.63;0.0;7.593;2.43;51.69
1983-11-11;4.2;9.23;14.27;0.0;6.305;1.7;58.94
1983-11-12;3.65;8.12;12.58;0.0;6.438;2.42;56.24
1983-11-13;4.96;7.79;10.61;5.08;1.125;2.23;86.99
1983-11-14;5.7;9.79;13.87;0.0;6.127;0.52;74.67
1983-11-15;4.79;8.92;13.05;0.0;4.87;1.61;70.36
1983-11-16;6.03;9.76;13.49;0.0;4.833;2.81;67.4
1983-11-17;2.46;6.99;11.53;4.83;2.532;2.45;82.27
1983-11-18;-0.18;3.94;8.05;0.0;3.147;2.11;62.15
1983-11-19;1.81;4.49;7.16;5.08;1.409;3.35;76.37
1983-11-20;1.28;3.95;6.62;2.41;3.027;2.9;83.5
1983-11-21;0.1;3.25;6.41;0.0;4.2;2.16;71.19
1983-11-22;-0.21;3.06;6.33;2.1;1.21;2.13;79.71
1983-11-23;5.61;7.76;9.9;0.75;2.967;3.23;62.81
1983-11-24;6.17;7.74;9.3;4.01;2.586;4.51;77.28
1983-11-25;3.62;7.63;11.65;0.0;4.666;3.01;67.51
1983-11-26;-0.68;2.15;4.98;0.28;6.807;4.52;61.41
1983-11-27;-3.05;-1.01;1.03;0.0;5.606;3.45;38.19
1983-11-28;-4.27;-2.18;-0.1;1.13;3.11;1.04;53.2
1983-11-29;-4.01;-1.67;0.66;0.0;5.078;0.43;82.57
1983-11-30;-4.03;-1.45;1.13;0.23;2.627;1.34;78.23
1983-12-01;-1.26;0.22;1.7;0.0;2.48;5.04;76.45
1983-12-02;-1.27;0.22;1.72;5.19;1.579;5.1;76.87
1983-12-03;-0.37;1.69;3.76;0.0;3.63;3.45;69.57
1983-12-04;-2.09;-0.16;1.77;0.0;3.934;2.61;60.73
1983-12-05;-3.61;-1.31;0.98;0.0;3.971;1.02;65.38
1983-12-06;-4.47;-1.89;0.68;0.0;3.862;0.54;83.07
1983-12-07;-2.82;-0.17;2.47;2.44;1.137;2.35;86.82
1983-12-08;1.03;4.47;7.92;0.0;3.949;2.88;60.66
1983-12-09;4.0;6.55;9.11;0.0;2.194;3.26;76.25
1983-12-10;4.69;7.89;11.09;0.0;3.782;3.36;64.4
1983-12-11;4.57;8.03;11.48;0.0;5.592;2.83;59.36
1983-12-12;2.61;6.44;10.27;0.0;5.994;2.28;64.07
1983-12-13;0.18;4.86;9.54;0.0;5.601;1.5;63.01
1983-12-14;-0.68;2.89;6.46;0.0;2.884;1.12;83.08
1983-12-15;-1.32;1.39;4.1;0.0;3.465;3.49;58.03
1983-12-16;-3.69;-2.0;-0.32;0.0;4.658;3.66;48.49
1983-12-17;-4.91;-3.44;-1.97;0.0;4.545;1.51;30.9
1983-12-18;-8.6;-4.58;-0.57;0.0;4.478;0.47;27.7
1983-12-19;-8.3;-4.14;0.02;0.0;4.35;1.44;45.84
1983-12-20;-5.71;-2.73;0.25;0.0;4.452;2.21;71.76
1983-12-21;-2.32;1.2;4.72;0.0;3.25;2.71;68.93
1983-12-22;1.74;4.8;7.87;0.0;4.019;3.46;66.27
1983-12-23;4.2;8.09;11.98;0.57;5.645;4.84;51.36
1983-12-24;7.66;9.41;11.17;13.43;1.218;7.19;82.97
1983-12-25;7.96;9.46;10.96;15.49;1.63;2.4;85.41
1983-12-26;7.08;8.68;10.28;2.81;2.463;2.06;88.5
1983-12-27;3.51;6.62;9.72;0.0;4.89;2.96;77.12
1983-12-28;2.2;6.36;10.52;3.59;5.272;4.42;64.42
1983-12-29;4.78;6.59;8.39;0.0;3.046;4.35;66.85
1983-12-30;4.74;7.93;11.12;4.9;1.372;5.9;81.54
1983-12-31;4.39;7.52;10.65;4.57;3.121;6.34;59.85
1984-01-01;5.21;7.26;9.31;7.48;2.138;6.57;84.14
1984-01-02;1.45;3.77;6.1;0.0;2.881;5.23;58.12
1984-01-03;-0.23;4.06;8.35;2.24;1.438;2.58;68.46
1984-01-04;6.69;8.75;10.8;0.2;2.954;2.98;86.11
1984-01-05;5.62;7.92;10.22;0.0;2.889;4.4;78.86
1984-01-06;8.1;9.42;10.74;0.96;2.414;3.68;83.23
1984-01-07;2.8;6.13;9.47;0.0;3.823;0.8;81.47
1984-01-08;2.16;6.21;10.26;0.0;3.096;2.0;66.78
1984-01-09;-0.67;2.78;6.23;0.0;5.087;2.19;70.15
1984-01-10;-1.39;1.99;5.37;0.0;4.825;2.41;74.09
1984-01-11;3.1;6.76;10.43;1.04;3.764;4.42;74.13
1984-01-12;5.73;8.17;10.61;0.0;2.632;2.94;77.28
1984-01-13;1.15;5.34;9.53;2.17;2.158;4.6;79.99
1984-01-14;-0.36;2.09;4.55;1.56;3.097;4.84;75.81
1984-01-15;4.43;6.86;9.29;4.91;1.909;5.09;87.02
1984-01-16;4.91;7.75;10.58;0.92;3.088;5.08;58.29
1984-01-17;6.75;9.63;12.52;0.0;2.671;4.11;74.85
1984-01-18;4.19;7.7;11.21;0.23;4.831;3.44;75.83
1984-01-19;0.91;5.12;9.33;0.0;4.776;1.74;69.49
1984-01-20;2.82;7.04;11.26;0.0;2.27;1.85;81.42
1984-01-21;2.26;6.67;11.07;0.0;4.895;0.39;73.49
1984-01-22;0.65;5.69;10.72;0.0;6.254;1.57;53.67
1984-01-23;-0.93;4.13;9.19;0.0;5.357;1.57;53.89
1984-01-24;-1.23;3.84;8.91;0.0;6.064;2.1;56.64
1984-01-25;0.76;5.09;9.43;0.0;5.638;2.5;59.93
1984-01-26;3.61;6.48;9.36;2.76;4.2;3.85;77.19
1984-01-27;-1.96;2.29;6.54;0.0;7.421;1.93;67.13
1984-01-28;4.49;8.22;11.95;2.84;2.027;4.65;80.57
1984-01-29;3.5;5.39;7.29;0.0;3.562;2.49;59.11
1984-01-30;3.44;6.21;8.97;0.45;2.699;4.62;57.02
1984-01-31;-0.12;3.0;6.12;0.0;4.451;5.47;55.28
1984-02-01;-0.42;4.13;8.69;0.29;4.037;2.4;64.9
1984-02-02;4.2;7.18;10.15;0.52;3.502;2.26;80.65
1984-02-03;6.83;8.57;10.32;1.83;3.11;2.59;83.38
1984-02-04;7.26;8.77;10.28;7.31;3.222;4.83;84.12
1984-02-05;5.11;6.71;8.32;2.24;3.224;6.29;80.95
1984-02-06;6.38;7.77;9.16;5.15;2.299;7.12;88.92
1984-02-07;3.55;7.0;10.45;0.57;6.232;2.67;69.23
1984-02-08;1.1;5.17;9.24;0.0;4.96;1.95;73.63
1984-02-09;-0.51;4.39;9.29;0.0;7.946;1.1;55.15
1984-02-10;-0.66;4.92;10.49;0.0;8.168;1.38;51.54
1984-02-11;-1.41;4.31;10.03;0.0;7.201;0.79;53.38
1984-02-12;-1.79;3.47;8.72;0.0;8.16;1.3;55.85
1984-02-13;0.45;3.68;6.9;0.0;8.312;2.99;62.34
1984-02-14;-1.19;2.04;5.28;0.74;9.469;2.09;59.11
1984-02-15;2.01;5.22;8.44;1.36;3.686;2.86;82.77
1984-02-16;4.19;6.38;8.56;1.22;3.917;3.95;82.83
1984-02-17;-1.63;2.51;6.65;3.08;4.445;4.97;52.39
1984-02-18;-1.35;0.77;2.9;0.55;5.676;5.17;54.89
1984-02-19;0.34;2.29;4.23;0.33;5.041;5.3;61.96
1984-02-20;-1.4;1.21;3.81;0.0;10.407;5.64;46.81
1984-02-21;-1.06;1.85;4.77;0.0;5.228;5.22;59.64
1984-02-22;0.57;3.33;6.08;0.0;6.505;5.68;58.66
1984-02-23;-1.02;2.32;5.66;0.0;11.298;4.86;43.78
1984-02-24;-1.79;2.77;7.33;0.0;11.219;1.62;54.93
1984-02-25;0.41;3.45;6.48;0.85;4.235;2.27;72.49
1984-02-26;-1.51;2.33;6.16;0.0;9.586;1.1;53.06
1984-02-27;-0.42;3.52;7.45;0.0;7.596;1.94;58.1
1984-02-28;-1.36;3.69;8.74;0.0;12.123;0.92;44.47
1984-02-29;-1.06;3.95;8.96;0.0;7.855;1.31;55.05
1984-03-01;1.26;5.34;9.43;20.43;4.59;3.7;75.38
1984-03-02;3.02;6.25;9.48;4.09;8.14;2.98;66.81
1984-03-03;6.45;9.57;12.7;2.81;6.571;2.61;67.04
1984-03-04;1.57;6.32;11.07;0.0;10.248;2.2;61.36
1984-03-05;1.26;7.51;13.77;3.49;7.647;3.04;55.33
1984-03-06;6.08;11.28;16.48;0.0;10.355;3.96;51.98
1984-03-07;4.59;9.48;14.38;0.35;6.189;3.69;61.73
1984-03-08;3.02;8.8;14.59;0.0;10.911;1.9;44.01
1984-03-09;1.91;9.0;16.09;0.0;12.676;2.42;42.54
1984-03-10;7.64;9.58;11.53;1.89;3.318;2.51;83.54
1984-03-11;3.64;6.67;9.69;5.28;4.102;3.56;76.16
1984-03-12;1.24;4.27;7.3;0.0;5.905;3.39;59.97
1984-03-13;-1.76;4.21;10.19;1.23;14.757;1.4;41.78
1984-03-14;4.48;7.9;11.31;1.06;8.522;4.5;60.18
1984-03-15;1.98;6.52;11.05;1.06;6.338;4.93;63.25
1984-03-16;2.64;6.06;9.48;0.35;11.085;5.19;53.31
1984-03-17;3.91;9.13;14.34;6.33;4.43;6.21;61.06
1984-03-18;7.25;10.07;12.9;0.43;10.647;7.5;50.4
1984-03-19;6.82;10.37;13.91;0.28;6.511;5.04;55.19
1984-03-20;7.25;12.16;17.08;1.09;9.089;6.04;50.18
1984-03-21;3.93;8.12;12.31;0.0;12.531;3.32;45.42
1984-03-22;0.59;4.51;8.44;0.34;7.538;2.28;60.14
1984-03-23;-0.52;4.54;9.6;0.0;11.122;1.9;49.1
1984-03-24;-0.53;5.03;10.59;0.0;20.296;2.5;37.53
1984-03-25;0.97;6.51;12.05;0.0;17.812;3.7;36.79
1984-03-26;4.17;9.54;14.92;0.0;7.735;2.7;49.82
1984-03-27;3.25;11.46;19.67;0.0;18.63;1.92;37.25
1984-03-28;7.34;14.1;20.86;1.07;11.532;2.4;44.55
1984-03-29;6.92;14.16;21.41;0.0;19.116;1.91;43.02
1984-03-30;8.5;14.03;19.56;1.09;10.709;1.49;54.44
1984-03-31;5.35;13.11;20.86;0.0;17.495;0.56;45.02
1984-04-01;5.78;12.49;19.2;0.0;11.823;1.98;44.35
1984-04-02;5.05;10.08;15.11;0.0;17.062;3.36;45.11
1984-04-03;1.9;8.49;15.09;0.0;17.853;2.49;35.9
1984-04-04;1.31;8.4;15.49;0.0;18.136;2.08;37.72
1984-04-05;5.23;8.61;11.99;4.03;9.895;3.08;71.3
1984-04-06;1.65;5.45;9.25;2.42;13.582;3.44;59.21
1984-04-07;2.6;4.22;5.85;5.16;9.709;4.37;76.62
1984-04-08;1.38;5.08;8.79;0.86;10.733;3.23;57.73
1984-04-09;-0.48;5.39;11.26;1.33;14.041;1.3;55.8
1984-04-10;5.23;7.92;10.62;1.25;6.982;2.74;79.6
1984-04-11;3.78;9.15;14.53;0.0;19.466;3.91;44.21
1984-04-12;0.85;6.02;11.19;0.0;22.008;3.74;23.14
1984-04-13;-0.76;4.98;10.71;0.0;22.637;1.97;28.16
1984-04-14;3.56;6.92;10.29;5.59;12.317;3.03;69.63
1984-04-15;1.49;5.38;9.27;0.0;15.352;1.77;46.18
1984-04-16;0.77;5.27;9.77;0.0;18.649;4.16;32.36
1984-04-17;0.34;4.82;9.3;0.0;15.011;3.05;41.34
1984-04-18;-1.42;5.32;12.06;3.03;19.717;1.52;36.41
1984-04-19;6.03;9.88;13.74;1.35;14.983;3.52;56.19
1984-04-20;3.46;8.59;13.71;3.7;7.795;2.91;61.31
1984-04-21;2.49;8.25;14.0;0.0;13.738;0.97;53.37
1984-04-22;3.83;9.55;15.28;2.48;14.904;0.97;51.84
1984-04-23;5.66;9.96;14.26;3.03;12.164;2.42;58.32
1984-04-24;6.56;10.46;14.36;2.39;16.298;4.0;48.31
1984-04-25;4.8;8.44;12.07;4.89;5.619;3.89;76.05
1984-04-26;2.53;9.24;15.95;0.7;14.514;1.7;55.87
1984-04-27;7.33;11.3;15.27;1.51;10.918;2.53;59.75
1984-04-28;9.22;13.27;17.33;7.8;12.329;3.24;53.41
1984-04-29;8.97;12.2;15.42;11.08;15.474;3.93;63.27
1984-04-30;8.24;11.77;15.29;2.36;11.027;3.98;57.52
1984-05-01;7.26;11.39;15.52;0.12;14.17;2.66;63.94
1984-05-02;1.95;7.67;13.4;0.0;17.887;2.74;46.84
1984-05-03;0.05;7.09;14.13;0.0;24.193;0.97;27.08
1984-05-04;6.4;10.51;14.62;0.0;16.365;2.58;48.18
1984-05-05;4.26;10.75;17.23;0.0;25.104;3.47;35.95
1984-05-06;5.49;11.21;16.93;0.0;18.896;4.02;44.05
1984-05-07;10.99;14.61;18.22;0.0;10.546;4.21;52.5
1984-05-08;9.4;13.46;17.53;0.0;18.557;4.63;44.7
1984-05-09;6.68;12.9;19.13;0.0;25.482;3.4;38.27
1984-05-10;6.39;10.72;15.06;0.38;16.838;3.32;56.4
1984-05-11;7.08;11.52;15.95;0.27;12.989;3.57;58.41
1984-05-12;10.66;13.92;17.17;0.41;15.569;3.58;57.56
1984-05-13;10.23;14.55;18.88;0.0;13.544;3.31;54.66
1984-05-14;10.88;14.09;17.29;1.29;12.759;2.85;56.06
1984-05-15;11.55;15.16;18.76;1.93;12.2;2.06;69.16
1984-05-16;10.16;17.07;23.99;0.0;25.857;2.25;43.33
1984-05-17;12.99;19.07;25.14;12.18;12.268;2.31;48.13
1984-05-18;10.18;16.05;21.92;9.11;11.356;0.88;61.17
1984-05-19;13.07;15.31;17.56;8.39;6.121;2.94;83.8
1984-05-20;11.68;15.12;18.56;6.05;15.374;2.41;70.83
1984-05-21;10.42;16.44;22.46;3.58;17.448;2.02;53.03
1984-05-22;8.6;15.77;22.94;4.82;15.365;0.65;44.56
1984-05-23;9.03;14.36;19.69;5.09;11.451;1.58;59.88
1984-05-24;8.46;14.88;21.29;0.22;20.416;2.06;49.89
1984-05-25;12.55;15.28;18.0;1.06;10.951;2.84;69.04
1984-05-26;7.58;13.1;18.62;0.0;23.104;2.31;46.73
1984-05-27;11.77;15.78;19.78;0.26;15.484;1.06;64.83
1984-05-28;12.65;16.34;20.04;0.14;11.774;1.22;69.38
1984-05-29;13.37;17.86;22.35;0.0;20.221;3.24;48.68
1984-05-30;13.67;18.44;23.21;0.45;11.366;4.08;52.9
1984-05-31;17.43;21.19;24.95;0.0;16.368;3.62;52.8
1984-06-01;15.57;20.38;25.18;0.0;16.254;3.24;52.78
1984-06-02;15.11;19.94;24.76;0.0;19.615;4.05;48.87
1984-06-03;12.24;17.27;22.29;0.0;21.13;4.9;37.09
1984-06-04;11.76;17.07;22.38;0.0;22.245;4.24;40.03
1984-06-05;12.19;16.79;21.4;3.78;14.468;3.25;57.5
1984-06-06;13.06;19.09;25.12;2.99;20.974;2.6;43.82
1984-06-07;11.43;17.45;23.48;3.17;20.33;1.65;51.86
1984-06-08;12.2;18.74;25.29;3.32;20.988;1.47;45.79
1984-06-09;14.91;21.57;28.23;0.0;26.751;1.86;39.51
1984-06-10;16.92;23.64;30.35;0.0;26.898;2.02;37.93
1984-06-11;15.81;19.96;24.12;11.51;13.942;2.98;66.08
1984-06-12;13.69;17.47;21.25;0.0;16.222;2.64;57.77
1984-06-13;11.99;17.17;22.35;0.0;16.012;1.11;54.67
1984-06-14;13.76;18.33;22.9;0.0;19.776;1.91;48.89
1984-06-15;10.73;15.91;21.09;0.0;16.574;2.87;49.4
1984-06-16;13.7;19.05;24.4;0.0;20.599;3.49;46.51
1984-06-17;14.15;18.88;23.61;0.0;20.552;2.37;44.87
1984-06-18;11.08;16.61;22.13;0.0;19.463;1.21;48.16
1984-06-19;14.49;18.74;22.99;0.0;16.143;0.24;50.18
1984-06-20;15.5;19.25;23.0;0.0;17.577;1.59;48.38
1984-06-21;10.9;16.15;21.4;0.29;21.502;3.13;46.01
1984-06-22;14.92;16.35;17.78;2.29;4.553;5.71;76.63
1984-06-23;10.91;14.53;18.15;6.19;16.231;4.15;57.63
1984-06-24;9.53;14.16;18.8;4.29;15.976;3.35;56.31
1984-06-25;9.35;13.89;18.43;0.0;16.26;3.47;52.72
1984-06-26;11.33;15.71;20.09;0.0;18.433;2.55;45.24
1984-06-27;11.69;16.45;21.22;3.03;18.803;2.37;50.45
1984-06-28;10.76;15.18;19.61;0.0;16.648;2.26;53.88
1984-06-29;10.84;16.13;21.43;0.0;15.362;1.21;51.85
1984-06-30;12.57;17.77;22.97;2.75;18.104;4.68;49.14
1984-07-01;11.37;14.9;18.43;0.0;15.146;4.93;50.92
1984-07-02;12.99;15.09;17.18;26.2;6.306;4.49;76.87
1984-07-03;11.66;14.98;18.3;4.22;16.431;6.18;60.76
1984-07-04;12.15;14.0;15.85;12.57;4.913;5.1;75.69
1984-07-05;9.84;14.98;20.12;0.0;16.272;2.14;55.87
1984-07-06;11.56;17.66;23.75;14.25;19.823;2.14;50.11
1984-07-07;10.86;15.21;19.55;0.16;18.389;2.72;54.93
1984-07-08;9.4;14.42;19.44;0.0;16.432;3.48;52.28
1984-07-09;10.67;15.65;20.63;1.3;16.234;1.98;55.57
1984-07-10;11.58;16.41;21.23;3.93;14.385;2.03;64.53
1984-07-11;8.95;13.64;18.34;16.25;11.62;1.84;62.35
1984-07-12;9.39;14.2;19.0;5.63;16.028;3.61;56.46
1984-07-13;12.15;15.52;18.89;0.14;11.835;3.47;65.55
1984-07-14;9.66;14.44;19.22;4.97;16.362;3.33;57.52
1984-07-15;11.53;14.94;18.35;1.54;13.408;3.14;61.61
1984-07-16;10.97;14.62;18.26;25.91;4.497;2.7;73.33
1984-07-17;12.53;15.68;18.83;9.48;9.788;3.15;69.93
1984-07-18;11.41;15.47;19.54;4.9;15.921;2.55;63.4
1984-07-19;11.76;16.59;21.41;0.0;16.343;1.27;54.81
1984-07-20;11.9;15.41;18.93;6.49;7.026;2.42;69.27
1984-07-21;11.92;16.41;20.9;0.34;16.149;2.91;53.33
1984-07-22;13.23;16.65;20.07;2.61;13.711;2.58;62.24
1984-07-23;13.82;17.23;20.64;3.45;15.012;2.92;68.73
1984-07-24;14.11;17.14;20.17;0.96;9.723;2.3;73.36
1984-07-25;13.56;18.19;22.82;0.0;16.184;1.22;57.36
1984-07-26;12.91;17.47;22.03;0.0;15.678;2.14;58.76
1984-07-27;10.85;17.34;23.82;0.0;21.986;0.77;48.07
1984-07-28;14.85;18.59;22.32;1.53;15.528;5.1;54.48
1984-07-29;14.41;17.73;21.06;0.0;15.013;3.03;51.89
1984-07-30;12.97;16.89;20.81;0.61;10.098;3.53;58.21
1984-07-31;9.17;14.45;19.72;0.0;19.041;1.43;49.57
1984-08-01;10.97;16.91;22.84;0.0;19.354;1.28;42.82
1984-08-02;13.93;16.46;19.0;1.34;9.405;4.2;63.44
1984-08-03;11.01;15.52;20.04;0.0;15.631;2.27;50.82
1984-08-04;9.76;16.29;22.83;0.0;21.806;0.62;46.33
1984-08-05;10.27;15.81;21.36;0.0;15.819;1.78;55.85
1984-08-06;12.12;17.27;22.41;0.87;16.993;1.15;50.26
1984-08-07;11.12;16.5;21.88;0.0;22.264;1.18;50.17
1984-08-08;9.87;17.11;24.36;3.35;20.825;1.83;43.51
1984-08-09;13.01;16.75;20.48;13.75;11.671;2.82;64.62
1984-08-10;11.25;15.38;19.52;1.36;15.818;4.11;53.38
1984-08-11;11.29;15.97;20.65;1.09;7.341;2.55;67.54
1984-08-12;16.2;20.96;25.73;0.0;15.188;2.3;53.16
1984-08-13;14.99;21.79;28.58;0.0;20.506;2.21;43.42
1984-08-14;11.75;16.12;20.49;26.29;11.383;3.08;74.89
1984-08-15;11.14;14.59;18.04;1.07;12.804;3.07;59.23
1984-08-16;9.4;15.2;20.99;0.0;19.266;2.15;46.99
1984-08-17;10.27;15.77;21.27;0.0;15.52;2.83;49.87
1984-08-18;11.13;16.09;21.06;0.0;15.218;2.44;49.98
1984-08-19;9.73;15.48;21.24;0.0;16.286;0.49;50.1
1984-08-20;9.54;16.46;23.38;0.0;23.963;1.16;44.04
1984-08-21;12.71;20.56;28.41;0.0;22.192;2.29;38.14
1984-08-22;14.31;20.42;26.53;0.0;16.033;1.55;44.74
1984-08-23;14.16;18.67;23.18;6.41;11.895;0.97;65.57
1984-08-24;15.88;20.13;24.37;4.41;10.634;1.03;61.67
1984-08-25;14.27;19.75;25.24;1.49;11.71;2.0;50.01
1984-08-26;10.87;16.64;22.42;0.89;18.81;2.56;46.58
1984-08-27;12.23;16.2;20.17;1.13;11.316;2.56;61.86
1984-08-28;12.31;16.91;21.52;0.0;14.269;1.44;55.87
1984-08-29;12.92;18.23;23.55;0.0;16.589;0.61;49.58
1984-08-30;11.53;17.51;23.49;0.0;20.68;1.53;48.22
1984-08-31;14.12;19.18;24.24;0.0;11.585;1.45;49.38
1984-09-01;13.71;16.84;19.96;0.0;12.607;3.62;57.47
1984-09-02;13.07;15.81;18.56;0.0;11.356;4.31;43.57
1984-09-03;13.95;14.87;15.79;1.12;6.947;4.41;61.87
1984-09-04;10.53;14.11;17.69;3.56;11.196;5.94;41.17
1984-09-05;9.88;13.23;16.58;0.79;11.599;3.62;56.93
1984-09-06;8.17;12.61;17.05;0.0;12.074;1.73;45.23
1984-09-07;4.98;11.28;17.57;0.0;13.203;1.28;42.15
1984-09-08;8.13;13.77;19.41;0.0;10.406;0.89;48.83
1984-09-09;12.68;16.13;19.57;0.0;9.912;1.03;58.66
1984-09-10;13.65;17.13;20.6;0.0;11.412;1.56;47.99
1984-09-11;12.07;16.02;19.96;0.0;9.08;2.66;52.5
1984-09-12;8.56;14.04;19.52;0.0;18.035;3.36;40.1
1984-09-13;7.75;14.27;20.78;0.0;18.046;3.63;34.28
1984-09-14;7.71;15.39;23.07;0.0;16.888;1.59;32.2
1984-09-15;8.01;15.62;23.23;0.0;19.726;2.05;29.57
1984-09-16;10.06;17.44;24.82;0.0;18.443;2.65;29.57
1984-09-17;10.57;16.83;23.09;0.0;14.422;1.88;42.4
1984-09-18;11.68;19.0;26.33;0.0;19.161;2.64;32.73
1984-09-19;15.12;21.66;28.19;0.0;14.57;4.12;32.45
1984-09-20;10.89;14.41;17.92;5.25;10.473;2.55;48.76
1984-09-21;8.91;12.61;16.3;0.0;9.272;3.91;40.61
1984-09-22;5.09;10.61;16.13;4.79;10.326;3.04;46.91
1984-09-23;8.32;10.33;12.34;2.99;6.371;4.48;67.57
1984-09-24;8.0;10.69;13.38;4.96;5.477;2.4;65.42
1984-09-25;7.76;10.21;12.65;3.77;4.799;3.6;74.87
1984-09-26;8.02;12.04;16.06;0.37;7.986;4.08;52.47
1984-09-27;10.95;15.18;19.41;1.02;9.053;3.51;58.01
1984-09-28;9.52;14.54;19.55;0.0;9.594;1.82;47.16
1984-09-29;9.71;16.7;23.68;0.0;15.19;2.53;37.73
1984-09-30;11.67;17.84;24.0;0.0;12.936;3.81;36.97
1984-10-01;14.43;17.36;20.28;0.0;6.928;3.41;60.96
1984-10-02;12.3;17.3;22.31;0.0;16.237;4.2;41.17
1984-10-03;7.69;13.4;19.1;0.0;9.427;2.28;54.39
1984-10-04;4.51;10.89;17.27;0.0;13.73;0.83;39.33
1984-10-05;3.7;10.21;16.73;0.0;7.381;0.95;44.91
1984-10-06;6.5;10.88;15.26;0.0;5.518;1.65;53.44
1984-10-07;3.48;10.01;16.54;0.0;13.802;2.58;36.12
1984-10-08;4.43;10.94;17.44;0.0;14.634;2.6;36.17
1984-10-09;3.78;10.23;16.68;0.0;9.371;1.91;36.66
1984-10-10;3.01;9.31;15.62;0.0;12.175;2.04;38.95
1984-10-11;2.2;9.37;16.54;0.0;10.147;2.11;38.3
1984-10-12;12.06;14.13;16.2;9.52;2.76;4.48;76.53
1984-10-13;11.3;14.46;17.62;0.93;4.142;3.68;72.99
1984-10-14;11.03;14.52;18.02;1.77;4.764;3.91;69.87
1984-10-15;10.09;15.64;21.19;0.0;11.072;3.71;47.83
1984-10-16;10.78;14.4;18.02;2.15;5.995;4.3;61.88
1984-10-17;9.49;12.54;15.58;0.0;5.138;4.0;49.18
1984-10-18;4.68;9.08;13.48;0.0;5.29;3.85;57.94
1984-10-19;1.96;7.26;12.56;0.93;5.15;2.74;57.04
1984-10-20;10.78;14.25;17.73;1.7;7.168;4.92;52.69
1984-10-21;4.26;8.95;13.63;0.6;9.952;5.59;40.32
1984-10-22;2.35;6.44;10.54;0.0;8.772;3.34;38.89
1984-10-23;2.96;7.4;11.85;1.56;3.046;2.17;69.86
1984-10-24;9.06;12.22;15.38;0.0;4.192;1.22;73.52
1984-10-25;6.77;11.36;15.95;0.0;4.528;1.05;55.97
1984-10-26;2.74;8.97;15.2;0.0;8.624;1.58;42.44
1984-10-27;1.97;8.4;14.84;0.0;7.768;1.32;41.99
1984-10-28;3.54;10.05;16.57;0.0;10.257;3.16;39.94
1984-10-29;8.21;11.17;14.13;3.79;2.083;4.25;68.92
1984-10-30;9.71;14.37;19.02;0.0;3.98;1.11;68.96
1984-10-31;14.29;18.21;22.14;0.0;6.781;2.7;53.41
1984-11-01;11.49;13.3;15.11;4.72;2.132;3.09;87.55
1984-11-02;9.51;14.16;18.8;3.38;6.871;1.21;71.27
1984-11-03;8.34;12.13;15.93;0.0;4.941;0.35;78.52
1984-11-04;10.71;12.32;13.92;0.86;2.511;1.22;88.15
1984-11-05;7.1;9.46;11.82;3.22;2.821;3.16;86.33
1984-11-06;7.34;9.14;10.94;1.4;2.595;3.83;86.91
1984-11-07;7.3;11.62;15.94;0.0;8.989;4.34;52.43
1984-11-08;2.56;7.62;12.68;2.68;1.964;4.24;77.35
1984-11-09;-0.22;3.37;6.95;0.0;5.614;2.79;42.85
1984-11-10;-2.28;1.93;6.13;1.38;8.128;2.3;51.82
1984-11-11;3.22;7.11;11.0;4.29;1.718;5.39;82.46
1984-11-12;8.53;9.69;10.85;20.49;0.794;4.14;96.22
1984-11-13;6.3;7.93;9.56;6.57;3.12;2.14;89.82
1984-11-14;2.07;4.99;7.9;0.0;3.394;1.74;83.16
1984-11-15;-0.73;2.49;5.7;0.0;7.389;2.55;59.13
1984-11-16;-0.01;2.19;4.39;0.31;4.196;3.55;76.18
1984-11-17;0.22;2.92;5.63;0.98;2.467;1.52;85.81
1984-11-18;-0.6;3.55;7.7;0.0;6.596;1.97;67.47
1984-11-19;3.73;7.38;11.04;0.0;6.39;2.25;67.69
1984-11-20;4.93;9.07;13.21;4.84;3.158;3.72;68.48
1984-11-21;9.45;11.79;14.13;1.53;3.238;2.22;80.28
1984-11-22;2.21;8.43;14.65;0.0;5.53;0.8;61.08
1984-11-23;0.49;5.5;10.5;0.0;4.956;1.33;55.77
1984-11-24;-1.02;3.67;8.36;0.0;5.056;1.78;63.18
1984-11-25;1.97;7.23;12.49;0.0;6.891;2.84;55.19
1984-11-26;4.74;7.95;11.15;0.0;6.0;3.51;66.23
1984-11-27;4.25;8.17;12.09;1.3;5.4;4.05;59.6
1984-11-28;8.1;9.64;11.18;0.0;3.088;4.07;85.84
1984-11-29;7.68;9.68;11.67;19.85;0.887;4.47;84.81
1984-11-30;10.35;11.2;12.05;2.95;0.94;6.03;90.73
1984-12-01;10.56;12.01;13.46;0.0;2.165;5.12;83.33
1984-12-02;4.96;8.2;11.43;0.0;5.628;2.93;69.25
1984-12-03;3.28;6.35;9.42;1.05;2.507;3.17;79.68
1984-12-04;6.18;8.07;9.96;1.55;3.238;4.54;84.34
1984-12-05;2.34;6.28;10.21;0.0;3.51;3.9;67.32
1984-12-06;2.34;4.6;6.86;1.03;2.322;3.34;86.77
1984-12-07;0.09;2.84;5.6;0.0;2.854;3.25;70.38
1984-12-08;-1.11;0.57;2.25;0.0;4.254;3.12;59.18
1984-12-09;-0.79;2.69;6.16;3.11;1.68;4.81;80.27
1984-12-10;6.11;7.67;9.22;5.32;1.256;4.93;86.11
1984-12-11;0.98;5.1;9.21;0.0;3.86;3.85;57.33
1984-12-12;0.44;4.75;9.07;0.0;1.885;1.8;82.77
1984-12-13;5.46;6.8;8.15;0.0;2.234;3.52;88.28
1984-12-14;0.54;3.86;7.18;3.86;2.843;5.03;68.09
1984-12-15;-1.14;0.68;2.49;0.37;2.435;4.14;70.97
1984-12-16;-3.42;-1.1;1.21;0.0;4.293;1.14;82.11
1984-12-17;-3.65;-1.22;1.21;0.98;5.298;2.11;75.73
1984-12-18;1.36;5.96;10.56;2.57;1.376;5.65;83.77
1984-12-19;5.24;7.73;10.22;8.29;1.439;5.82;86.98
1984-12-20;2.32;4.68;7.05;0.0;3.018;4.06;77.64
1984-12-21;5.28;6.79;8.29;0.0;1.9;4.01;88.05
1984-12-22;4.47;5.97;7.48;1.13;2.97;4.69;81.14
1984-12-23;4.55;7.79;11.02;0.49;1.628;4.64;82.57
1984-12-24;6.54;9.46;12.37;0.0;3.123;4.03;79.95
1984-12-25;0.68;4.77;8.86;0.0;5.492;1.96;76.51
1984-12-26;-0.59;3.28;7.15;0.0;5.647;1.28;68.77
1984-12-27;1.35;4.82;8.29;5.18;2.659;4.59;83.9
1984-12-28;0.31;4.13;7.96;0.0;4.028;6.95;42.65
1984-12-29;-1.14;0.87;2.88;0.0;3.756;2.65;70.4
1984-12-30;0.87;4.25;7.62;0.0;2.234;1.31;78.96
1984-12-31;-0.33;2.92;6.18;0.0;4.638;2.39;75.47
