iso-date;tmin;tavg;tmax;precip;globrad;wind;relhumid
1980-01-01;2.22;7.86;13.49;6.04;3.188;4.12;59.27
1980-01-02;1.07;5.8;10.53;0.74;5.55;4.27;54.06
1980-01-03;0.46;4.84;9.22;1.98;3.556;3.46;68.3
1980-01-04;4.2;8.21;12.22;12.22;5.645;5.48;67.46
1980-01-05;2.81;6.0;9.18;0.43;6.662;4.19;57.55
1980-01-06;4.05;8.56;13.07;6.5;4.885;5.47;70.94
1980-01-07;2.09;6.5;10.91;0.38;5.58;4.7;56.38
1980-01-08;0.52;7.0;13.49;0.0;11.387;1.98;41.62
1980-01-09;5.04;11.13;17.21;0.0;10.137;3.47;39.39
1980-01-10;4.78;9.0;13.22;2.21;6.055;4.09;55.15
1980-01-11;2.24;7.29;12.35;0.0;7.262;2.31;60.96
1980-01-12;1.97;8.73;15.5;0.0;10.054;2.19;41.41
1980-01-13;3.53;8.88;14.24;3.24;8.232;1.98;58.75
1980-01-14;3.14;8.3;13.47;0.0;10.028;2.5;53.85
1980-01-15;1.68;7.92;14.17;0.0;10.622;1.62;41.81
1980-01-16;1.45;8.21;14.98;0.0;10.829;1.22;40.26
1980-01-17;1.88;7.72;13.57;0.29;7.75;2.79;57.99
1980-01-18;8.23;9.91;11.6;5.04;3.452;3.49;89.01
1980-01-19;2.02;7.38;12.73;8.13;5.535;5.3;58.72
1980-01-20;2.15;6.4;10.64;0.3;9.367;2.52;54.06
1980-01-21;0.82;6.17;11.52;0.0;10.262;2.34;40.19
1980-01-22;1.46;7.04;12.63;0.0;10.623;2.41;41.35
1980-01-23;1.81;8.23;14.66;0.0;10.416;1.99;40.09
1980-01-24;2.83;9.45;16.08;0.0;10.604;1.03;42.62
1980-01-25;3.58;9.78;15.98;0.0;9.19;0.57;52.87
1980-01-26;5.11;10.55;16.0;0.0;9.567;0.69;49.68
1980-01-27;2.85;9.56;16.27;0.0;10.581;1.22;46.5
1980-01-28;1.76;8.59;15.41;0.0;12.59;0.91;39.86
1980-01-29;2.47;9.06;15.66;0.0;11.403;2.12;35.98
1980-01-30;2.23;7.36;12.49;0.0;11.337;1.99;42.64
1980-01-31;1.36;6.55;11.74;0.0;11.359;1.54;45.62
1980-02-01;1.88;7.62;13.35;0.0;12.333;1.82;41.66
1980-02-02;3.08;9.05;15.02;0.0;12.516;2.63;36.93
1980-02-03;3.59;9.29;15.0;0.0;12.9;2.31;41.16
1980-02-04;3.22;8.79;14.35;0.0;12.92;2.13;41.32
1980-02-05;2.96;8.3;13.64;0.84;9.717;2.1;48.54
1980-02-06;3.62;8.19;12.76;0.0;10.413;2.78;43.78
1980-02-07;5.49;9.23;12.97;0.0;10.238;3.76;41.32
1980-02-08;4.17;8.43;12.68;0.0;11.352;3.57;40.14
1980-02-09;3.54;8.87;14.19;0.0;13.898;2.73;38.65
1980-02-10;3.15;9.14;15.13;0.0;14.881;2.21;37.18
1980-02-11;4.26;10.28;16.3;0.0;15.005;2.27;38.01
1980-02-12;4.29;10.77;17.25;0.0;13.579;1.86;37.43
1980-02-13;4.08;11.16;18.24;0.0;13.735;1.35;31.83
1980-02-14;4.34;11.57;18.81;0.0;13.767;1.23;29.59
1980-02-15;3.92;11.43;18.95;0.0;13.882;1.95;27.87
1980-02-16;4.55;10.79;17.03;0.0;14.55;1.08;41.33
1980-02-17;5.75;10.41;15.08;0.0;11.046;2.1;45.3
1980-02-18;4.42;10.45;16.48;0.0;15.155;2.6;34.79
1980-02-19;3.05;9.85;16.64;0.0;16.932;1.21;31.28
1980-02-20;2.54;9.3;16.07;0.0;12.964;1.61;39.07
1980-02-21;2.22;8.36;14.5;0.0;15.756;2.06;28.35
1980-02-22;1.21;6.78;12.35;0.0;12.463;3.2;41.75
1980-02-23;1.08;6.49;11.9;0.0;16.411;2.93;31.08
1980-02-24;0.61;6.13;11.65;0.0;17.426;2.14;28.85
1980-02-25;0.16;5.78;11.39;0.0;16.552;1.61;27.85
1980-02-26;0.13;5.8;11.46;0.0;15.493;2.26;32.38
1980-02-27;0.38;5.68;10.97;0.0;15.886;2.23;34.73
1980-02-28;-0.41;5.81;12.04;0.0;17.748;0.54;22.57
1980-02-29;0.0;0.0;0.0;0.0;0.0;0.0;0.0
1980-03-01;1.65;8.08;14.51;0.0;16.934;0.22;30.83
1980-03-02;3.52;10.4;17.29;0.45;15.3;1.31;33.13
1980-03-03;4.79;11.63;18.47;0.0;10.808;0.77;41.9
1980-03-04;5.55;12.16;18.76;0.0;16.802;2.46;29.85
1980-03-05;7.44;15.25;23.06;0.0;18.188;1.68;29.74
1980-03-06;7.19;14.35;21.5;0.0;17.525;2.04;32.51
1980-03-07;7.3;14.55;21.8;1.02;14.836;3.14;41.78
1980-03-08;3.66;9.92;16.18;0.0;16.512;2.6;35.14
1980-03-09;4.12;10.57;17.02;0.0;17.252;0.77;29.98
1980-03-10;4.8;11.88;18.96;0.0;19.064;0.65;26.76
1980-03-11;9.99;18.37;26.75;0.0;19.994;1.67;22.86
1980-03-12;10.37;18.2;26.03;0.0;19.973;1.69;20.7
1980-03-13;7.0;14.82;22.64;0.0;18.065;1.96;24.83
1980-03-14;6.33;14.55;22.77;0.0;18.645;2.55;28.59
1980-03-15;6.71;13.51;20.3;0.0;19.934;1.15;20.93
1980-03-16;8.89;17.13;25.36;0.0;20.688;2.13;19.03
1980-03-17;5.97;13.75;21.53;0.0;12.346;1.93;33.28
1980-03-18;4.8;11.7;18.6;0.0;20.594;1.51;24.27
1980-03-19;7.21;14.68;22.14;0.0;20.164;1.05;24.6
1980-03-20;9.69;17.46;25.23;0.0;21.923;1.86;20.31
1980-03-21;10.48;18.48;26.48;0.0;22.409;1.91;22.6
1980-03-22;7.08;14.58;22.08;0.0;19.932;1.5;25.43
1980-03-23;6.21;14.43;22.65;0.0;20.131;1.68;21.28
1980-03-24;8.06;16.0;23.93;0.0;20.146;1.32;21.96
1980-03-25;8.86;16.96;25.06;0.0;20.549;0.9;21.46
1980-03-26;10.37;18.43;26.5;0.0;22.643;1.99;21.55
1980-03-27;12.53;20.43;28.32;0.0;24.0;2.84;20.69
1980-03-28;10.7;18.05;25.41;0.0;24.044;2.53;23.92
1980-03-29;8.06;14.89;21.73;0.0;22.817;1.29;25.88
1980-03-30;10.11;17.95;25.78;0.0;22.313;1.58;22.61
1980-03-31;7.13;14.48;21.84;0.0;21.635;1.05;26.01
1980-04-01;6.58;14.87;23.16;0.0;18.742;2.01;34.22
1980-04-02;6.2;13.01;19.82;0.0;24.667;2.47;25.0
1980-04-03;6.7;13.12;19.54;0.0;20.604;1.1;19.59
1980-04-04;8.05;15.33;22.61;0.61;15.765;2.31;33.33
1980-04-05;6.47;12.6;18.73;0.0;19.945;0.99;30.54
1980-04-06;7.46;13.62;19.78;0.0;21.533;2.14;39.87
1980-04-07;7.06;12.84;18.63;4.75;14.503;2.91;44.4
1980-04-08;7.48;13.2;18.92;0.0;20.856;3.71;38.62
1980-04-09;5.3;9.95;14.59;0.0;20.762;1.99;27.91
1980-04-10;7.28;14.13;20.99;0.0;24.812;2.31;18.94
1980-04-11;10.68;18.16;25.64;0.21;24.596;3.54;28.4
1980-04-12;6.25;11.71;17.16;0.0;23.494;1.89;36.56
1980-04-13;7.8;15.17;22.53;0.77;10.761;2.44;50.44
1980-04-14;10.74;16.22;21.7;1.03;8.205;3.5;53.27
1980-04-15;10.17;13.36;16.55;1.4;9.196;2.95;57.95
1980-04-16;6.23;9.13;12.02;0.0;20.391;0.55;39.39
1980-04-17;9.57;16.99;24.41;0.0;20.565;1.9;29.81
1980-04-18;11.56;18.65;25.74;21.98;7.089;2.39;65.87
1980-04-19;9.61;11.74;13.87;0.0;13.627;3.19;40.35
1980-04-20;6.58;10.72;14.86;0.0;23.103;2.4;29.19
1980-04-21;6.42;13.03;19.64;0.0;25.424;1.5;22.46
1980-04-22;7.27;14.79;22.32;0.0;27.994;1.5;16.9
1980-04-23;5.95;13.56;21.18;6.0;13.149;1.74;36.14
1980-04-24;10.35;17.52;24.7;35.72;4.468;0.56;74.34
1980-04-25;9.2;10.24;11.28;0.65;15.047;2.54;44.53
1980-04-26;8.39;13.63;18.87;0.16;25.369;2.56;38.25
1980-04-27;6.44;11.42;16.39;0.0;26.155;2.22;23.97
1980-04-28;7.23;13.79;20.35;0.0;26.612;1.76;26.29
1980-04-29;6.74;12.46;18.17;0.0;26.533;2.57;37.15
1980-04-30;9.69;16.09;22.5;0.0;25.493;2.96;23.82
1980-05-01;9.45;15.48;21.52;1.56;27.548;1.32;39.86
1980-05-02;11.92;18.61;25.3;25.28;9.195;1.61;70.4
1980-05-03;10.89;13.55;16.22;1.23;18.204;1.72;45.17
1980-05-04;12.48;18.88;25.29;2.46;10.715;2.49;70.46
1980-05-05;11.28;14.03;16.78;85.97;11.947;2.69;67.51
1980-05-06;8.86;12.49;16.13;210.81;1.235;3.04;86.78
1980-05-07;11.44;13.92;16.4;57.86;11.883;2.11;71.67
1980-05-08;10.89;14.5;18.1;59.92;9.508;1.6;71.9
1980-05-09;10.03;13.75;17.48;1.84;10.727;2.32;65.74
1980-05-10;10.74;14.01;17.28;7.36;13.049;0.84;63.56
1980-05-11;8.4;12.46;16.51;7.5;18.703;1.22;54.95
1980-05-12;10.06;16.79;23.51;0.0;19.459;1.36;54.82
1980-05-13;9.18;15.24;21.31;0.0;16.781;2.94;55.78
1980-05-14;6.91;11.19;15.47;1.12;14.424;3.21;50.75
1980-05-15;5.95;10.52;15.08;0.0;23.901;1.78;43.73
1980-05-16;7.51;13.31;19.11;0.0;30.546;0.72;45.9
1980-05-17;8.89;14.91;20.92;0.0;29.035;0.37;46.16
1980-05-18;6.92;12.93;18.95;0.0;24.416;1.87;43.46
1980-05-19;9.35;15.99;22.63;0.0;22.903;1.4;52.33
1980-05-20;9.09;14.76;20.43;0.51;20.145;1.72;46.1
1980-05-21;8.46;14.69;20.91;0.36;27.779;2.35;39.1
1980-05-22;10.08;16.41;22.73;0.75;25.004;0.54;41.2
1980-05-23;10.5;17.73;24.96;0.0;30.316;1.07;34.82
1980-05-24;12.22;20.34;28.45;0.0;30.399;1.37;28.58
1980-05-25;12.33;19.76;27.19;0.0;31.406;1.25;24.7
1980-05-26;11.27;18.92;26.58;0.0;28.356;2.86;35.74
1980-05-27;8.95;14.95;20.94;0.48;29.343;2.82;24.11
1980-05-28;9.32;15.41;21.5;0.0;31.904;2.69;25.11
1980-05-29;10.47;17.23;23.99;0.0;32.201;2.31;20.19
1980-05-30;11.77;17.8;23.84;0.0;30.739;2.01;30.34
1980-05-31;11.46;17.46;23.47;0.0;30.936;1.22;28.57
1980-06-01;10.4;16.96;23.52;0.0;26.272;1.05;31.77
1980-06-02;12.02;20.27;28.51;0.0;26.869;1.48;31.75
1980-06-03;12.49;20.51;28.53;0.0;27.909;1.14;27.46
1980-06-04;14.02;22.45;30.88;0.0;29.844;2.11;31.55
1980-06-05;13.96;21.37;28.78;0.0;27.308;1.75;36.89
1980-06-06;14.72;21.86;29.0;0.0;31.72;1.84;28.3
1980-06-07;15.8;23.46;31.13;0.0;12.343;0.86;22.34
1980-06-08;13.63;21.09;28.54;0.0;31.118;1.03;22.07
1980-06-09;13.51;22.19;30.87;0.0;30.367;1.32;28.26
1980-06-10;13.77;22.15;30.53;0.0;26.165;1.54;29.88
1980-06-11;13.27;21.19;29.11;0.0;26.152;1.98;36.69
1980-06-12;12.96;19.77;26.58;0.0;25.79;2.57;33.13
1980-06-13;12.55;20.26;27.96;0.0;28.808;1.08;24.52
1980-06-14;12.72;21.38;30.03;0.0;29.717;0.67;15.25
1980-06-15;15.41;24.38;33.35;0.0;28.006;1.76;30.99
1980-06-16;16.67;23.91;31.14;0.0;24.759;1.32;27.05
1980-06-17;15.76;22.7;29.63;2.35;23.359;0.63;33.62
1980-06-18;15.56;22.77;29.99;0.0;26.12;2.24;34.36
1980-06-19;15.62;22.8;29.99;0.0;30.234;1.97;24.6
1980-06-20;17.15;25.5;33.85;0.0;26.608;2.62;33.47
1980-06-21;15.5;22.13;28.75;0.0;31.423;2.04;28.98
1980-06-22;14.24;22.03;29.82;0.0;29.324;1.74;17.95
1980-06-23;14.53;23.23;31.92;0.0;28.677;0.79;23.81
1980-06-24;15.36;22.71;30.07;0.22;25.878;1.41;35.31
1980-06-25;13.49;20.02;26.54;0.0;27.364;0.6;33.3
1980-06-26;14.62;22.14;29.67;0.0;26.85;0.95;33.61
1980-06-27;15.04;22.09;29.13;0.0;27.331;1.32;28.76
1980-06-28;16.13;23.85;31.57;0.0;28.335;0.95;19.41
1980-06-29;16.21;24.48;32.76;0.0;28.634;1.5;22.26
1980-06-30;16.7;24.91;33.12;0.0;26.695;1.75;32.89
1980-07-01;16.12;23.62;31.11;0.0;27.179;1.0;26.11
1980-07-02;16.83;25.42;34.01;0.0;28.064;1.56;31.59
1980-07-03;16.75;24.6;32.45;0.0;27.101;1.84;29.94
1980-07-04;14.04;21.9;29.76;0.0;30.224;1.52;18.2
1980-07-05;14.01;23.16;32.32;0.0;29.993;2.09;21.54
1980-07-06;15.75;24.66;33.57;0.0;27.82;2.48;23.13
1980-07-07;15.17;23.64;32.1;0.0;28.839;1.15;21.55
1980-07-08;16.43;25.32;34.2;0.0;28.617;0.79;23.41
1980-07-09;16.95;25.78;34.61;0.0;28.689;1.43;20.23
1980-07-10;16.99;25.9;34.81;0.0;28.532;2.22;25.64
1980-07-11;16.35;24.67;32.99;0.0;29.532;2.78;19.64
1980-07-12;16.04;24.65;33.26;0.0;29.659;2.78;16.94
1980-07-13;14.38;23.18;31.98;0.0;30.094;1.14;9.11
1980-07-14;14.67;24.71;34.74;0.0;29.957;1.43;10.95
1980-07-15;14.58;24.18;33.79;0.0;29.791;1.63;15.03
1980-07-16;14.77;24.19;33.6;0.0;30.118;1.21;12.78
1980-07-17;15.86;25.65;35.44;0.0;28.554;1.0;12.06
1980-07-18;17.28;26.88;36.48;0.0;28.591;0.57;10.08
1980-07-19;20.77;30.64;40.51;0.0;28.801;1.92;9.93
1980-07-20;22.93;32.05;41.17;0.0;28.826;2.76;8.14
1980-07-21;23.05;31.49;39.94;0.0;26.244;2.47;6.31
1980-07-22;22.85;31.48;40.11;0.0;26.717;1.56;6.0
1980-07-23;22.3;31.08;39.85;0.0;27.149;0.9;6.55
1980-07-24;24.83;33.72;42.6;0.0;24.991;0.59;9.39
1980-07-25;22.15;28.82;35.49;0.5;24.951;0.61;16.11
1980-07-26;21.48;29.27;37.05;1.63;24.135;0.78;19.96
1980-07-27;19.77;27.34;34.92;0.0;26.985;1.49;18.37
1980-07-28;18.84;27.27;35.7;0.0;27.489;1.16;15.38
1980-07-29;21.28;30.2;39.12;0.0;27.756;2.04;9.8
1980-07-30;18.79;27.25;35.72;0.0;27.312;1.07;15.63
1980-07-31;19.12;28.4;37.67;0.0;27.713;1.14;17.42
1980-08-01;19.34;28.2;37.06;0.0;28.24;1.88;15.35
1980-08-02;21.47;29.93;38.38;0.0;28.102;2.42;12.26
1980-08-03;23.04;30.93;38.81;0.0;27.458;2.87;11.42
1980-08-04;23.44;30.79;38.13;0.12;23.683;2.98;14.49
1980-08-05;19.62;26.23;32.83;0.39;22.159;1.88;21.87
1980-08-06;17.96;25.43;32.91;0.0;25.498;0.5;25.26
1980-08-07;18.61;26.6;34.59;0.0;25.66;1.02;20.03
1980-08-08;18.98;27.19;35.39;0.0;25.403;2.97;22.32
1980-08-09;13.98;20.91;27.83;0.0;26.944;1.65;20.1
1980-08-10;15.17;23.66;32.16;0.0;26.172;1.15;19.57
1980-08-11;15.31;23.95;32.58;0.0;26.59;0.83;16.85
1980-08-12;17.0;26.0;34.99;0.0;25.531;1.79;23.36
1980-08-13;20.66;28.7;36.74;0.0;23.033;2.93;24.0
1980-08-14;23.35;30.55;37.76;0.0;22.191;5.54;16.3
1980-08-15;23.78;30.63;37.48;0.0;24.616;3.76;15.74
1980-08-16;20.41;27.09;33.77;0.0;24.499;2.45;16.33
1980-08-17;17.33;25.54;33.74;0.0;26.095;2.1;14.09
1980-08-18;16.78;26.13;35.48;0.0;26.372;2.95;15.86
1980-08-19;14.77;22.41;30.05;0.0;26.457;2.96;13.43
1980-08-20;13.24;20.2;27.15;0.0;26.031;1.39;10.15
1980-08-21;15.33;23.73;32.13;0.0;25.84;1.37;11.95
1980-08-22;16.83;25.31;33.79;0.0;23.53;2.33;23.64
1980-08-23;15.23;22.94;30.64;0.0;27.318;1.38;18.89
1980-08-24;14.39;22.87;31.34;0.0;24.75;1.15;14.76
1980-08-25;14.36;23.45;32.54;0.0;24.783;1.05;12.15
1980-08-26;14.68;24.41;34.15;0.0;26.57;1.66;14.07
1980-08-27;15.02;24.13;33.25;0.0;26.316;2.19;17.87
1980-08-28;15.85;24.3;32.74;0.0;25.529;1.94;15.08
1980-08-29;17.56;25.71;33.86;0.0;21.832;2.54;16.23
1980-08-30;17.85;24.62;31.39;0.11;15.408;0.84;18.99
1980-08-31;18.57;24.21;29.85;4.85;16.392;0.56;44.18
1980-09-01;14.09;19.41;24.74;8.22;23.596;2.03;47.62
1980-09-02;10.48;15.57;20.66;0.0;23.395;1.49;28.71
1980-09-03;13.33;21.46;29.59;0.0;23.294;1.04;15.92
1980-09-04;14.89;23.31;31.74;0.0;22.856;1.4;19.3
1980-09-05;18.38;26.48;34.59;0.0;21.664;2.67;28.54
1980-09-06;19.11;26.13;33.15;0.0;21.806;2.58;21.72
1980-09-07;18.69;25.97;33.24;0.0;21.835;2.07;19.11
1980-09-08;17.89;25.66;33.44;0.0;22.195;1.29;15.98
1980-09-09;17.82;26.11;34.41;0.0;22.65;1.23;14.25
1980-09-10;17.8;26.42;35.05;0.0;21.43;0.92;14.66
1980-09-11;18.03;26.7;35.36;0.0;21.433;1.49;16.48
1980-09-12;16.17;24.32;32.48;0.0;22.929;1.67;14.33
1980-09-13;17.12;26.24;35.37;0.0;21.622;3.11;14.83
1980-09-14;15.54;22.66;29.78;0.0;22.707;1.68;12.63
1980-09-15;14.76;21.89;29.01;0.0;22.594;1.79;16.16
1980-09-16;12.33;20.07;27.8;0.0;21.378;0.67;13.81
1980-09-17;13.76;23.03;32.3;0.0;20.268;1.48;12.16
1980-09-18;14.38;23.87;33.36;0.0;21.438;1.87;12.82
1980-09-19;17.43;26.54;35.65;0.0;20.14;1.23;13.14
1980-09-20;20.59;28.7;36.82;0.0;15.646;2.62;19.19
1980-09-21;19.02;25.84;32.66;2.14;5.601;1.88;38.66
1980-09-22;17.15;21.64;26.13;1.2;17.055;1.69;31.55
1980-09-23;17.66;24.88;32.1;0.0;16.235;2.29;39.23
1980-09-24;16.18;21.68;27.18;0.0;16.959;2.31;31.04
1980-09-25;14.96;21.23;27.49;1.39;15.123;3.14;35.45
1980-09-26;16.92;22.98;29.04;0.0;12.754;3.23;40.77
1980-09-27;16.13;21.13;26.13;1.45;13.891;2.14;35.52
1980-09-28;14.55;20.52;26.48;4.56;14.681;0.93;38.46
1980-09-29;14.66;21.23;27.79;0.0;16.255;1.97;34.18
1980-09-30;13.74;20.07;26.41;0.0;17.005;3.06;25.01
1980-10-01;14.43;21.05;27.66;0.0;17.765;2.6;31.16
1980-10-02;14.0;20.16;26.32;0.0;19.145;2.0;30.79
1980-10-03;13.75;20.03;26.31;0.0;18.605;1.78;35.01
1980-10-04;14.32;20.78;27.24;0.0;14.591;1.9;32.39
1980-10-05;12.89;19.65;26.41;0.0;16.967;0.78;24.84
1980-10-06;13.84;21.81;29.78;0.0;18.649;1.1;19.87
1980-10-07;15.5;23.4;31.3;0.0;17.918;2.27;17.03
1980-10-08;17.8;25.36;32.92;0.0;16.045;3.61;17.99
1980-10-09;15.56;21.3;27.04;0.0;15.448;2.79;27.95
1980-10-10;15.88;22.13;28.37;0.0;17.195;2.71;24.94
1980-10-11;15.61;21.77;27.92;0.0;16.971;2.67;28.22
1980-10-12;16.02;22.02;28.02;0.0;15.646;2.24;32.71
1980-10-13;14.61;20.38;26.15;0.0;13.52;0.9;29.27
1980-10-14;13.27;20.16;27.06;0.0;13.371;0.58;27.07
1980-10-15;13.43;20.98;28.52;0.0;13.295;1.0;30.69
1980-10-16;15.28;22.43;29.59;0.0;13.126;2.8;38.77
1980-10-17;13.79;19.35;24.91;0.0;14.224;1.58;27.39
1980-10-18;11.79;18.53;25.27;0.0;12.987;1.58;32.9
1980-10-19;14.29;21.82;29.35;0.0;12.934;3.43;37.7
1980-10-20;11.54;16.7;21.85;0.0;14.069;1.33;24.93
1980-10-21;10.04;17.27;24.49;0.0;13.625;0.81;27.16
1980-10-22;9.42;17.29;25.16;0.0;13.608;1.91;28.57
1980-10-23;10.72;18.64;26.57;0.0;12.879;2.0;25.96
1980-10-24;9.62;16.39;23.17;0.0;10.098;3.57;42.65
1980-10-25;6.98;11.9;16.82;0.0;14.343;4.75;25.93
1980-10-26;5.6;10.38;15.17;0.0;13.675;2.18;22.66
1980-10-27;6.06;11.97;17.88;0.0;12.224;0.64;28.42
1980-10-28;7.76;14.68;21.6;0.0;13.231;0.89;32.25
1980-10-29;7.31;14.68;22.06;1.11;14.222;1.81;33.52
1980-10-30;9.03;16.84;24.66;0.83;10.39;3.09;50.93
1980-10-31;7.43;12.21;16.99;0.52;11.331;1.99;44.57
1980-11-01;7.01;11.75;16.49;15.19;5.866;3.98;69.31
1980-11-02;4.89;7.93;10.96;0.61;9.424;3.32;48.49
1980-11-03;5.8;9.64;13.48;10.09;2.938;4.11;64.46
1980-11-04;6.52;11.41;16.31;5.33;6.338;3.65;74.78
1980-11-05;4.62;8.14;11.66;1.41;9.167;3.07;60.75
1980-11-06;3.4;6.59;9.78;17.7;7.947;4.47;66.95
1980-11-07;2.38;6.12;9.85;8.11;5.896;2.86;60.53
1980-11-08;6.12;10.68;15.23;20.84;5.172;3.64;79.59
1980-11-09;5.43;8.07;10.72;0.49;6.131;4.01;61.6
1980-11-10;4.09;6.97;9.86;3.47;5.435;2.99;66.63
1980-11-11;6.67;11.34;16.01;5.69;6.167;4.28;65.81
1980-11-12;3.48;6.57;9.65;2.04;5.46;3.97;61.24
1980-11-13;1.23;4.71;8.18;0.0;11.399;2.56;47.52
1980-11-14;2.62;7.43;12.23;0.0;7.981;2.03;57.27
1980-11-15;9.42;14.78;20.14;7.31;2.998;3.7;83.87
1980-11-16;6.08;8.13;10.17;7.38;5.824;5.13;69.95
1980-11-17;2.7;6.01;9.31;0.45;8.579;4.33;51.14
1980-11-18;2.5;6.17;9.83;8.23;5.164;2.75;56.82
1980-11-19;11.8;17.81;23.82;1.48;4.987;3.16;80.0
1980-11-20;9.48;11.66;13.84;0.0;8.0;1.18;61.51
1980-11-21;6.5;10.68;14.85;0.0;11.15;1.04;48.36
1980-11-22;5.43;11.09;16.75;0.0;8.753;1.36;47.91
1980-11-23;6.32;12.47;18.62;0.0;9.953;1.65;50.72
1980-11-24;6.02;10.79;15.56;0.0;10.245;1.79;48.1
1980-11-25;5.45;10.69;15.93;0.0;11.56;1.47;44.96
1980-11-26;6.39;12.13;17.86;0.0;10.677;2.48;43.0
1980-11-27;8.21;13.61;19.01;0.0;10.679;3.14;52.79
1980-11-28;6.32;10.82;15.32;0.0;10.661;2.78;47.93
1980-11-29;5.63;10.47;15.31;0.0;11.27;2.24;48.57
1980-11-30;5.21;10.19;15.16;0.0;10.683;1.66;50.08
1980-12-01;6.3;11.28;16.26;0.0;10.175;2.42;45.33
1980-12-02;7.97;12.53;17.09;0.0;9.99;3.76;50.05
1980-12-03;7.23;10.86;14.49;0.0;10.169;3.32;45.42
1980-12-04;6.21;10.01;13.8;0.47;7.404;2.52;49.75
1980-12-05;4.98;9.39;13.81;0.0;8.143;1.71;43.22
1980-12-06;5.13;10.29;15.45;0.0;8.3;2.75;45.75
1980-12-07;6.1;10.91;15.72;0.0;10.458;2.83;52.03
1980-12-08;5.15;9.77;14.38;0.0;7.304;0.78;61.02
1980-12-09;4.66;9.36;14.06;0.0;7.763;1.83;50.99
1980-12-10;5.88;11.07;16.26;0.0;10.393;3.37;48.25
1980-12-11;3.47;8.19;12.91;0.0;9.876;0.88;39.28
1980-12-12;6.71;13.2;19.68;0.0;9.979;2.51;40.78
1980-12-13;7.86;12.95;18.03;0.0;9.521;3.78;43.92
1980-12-14;7.89;12.17;16.44;0.0;10.065;3.61;44.79
1980-12-15;7.02;11.22;15.42;0.0;10.511;3.5;44.24
1980-12-16;3.52;8.02;12.51;0.0;11.076;2.02;38.71
1980-12-17;1.62;8.37;15.11;0.0;10.669;1.15;32.21
1980-12-18;2.6;9.45;16.29;0.0;6.814;2.43;52.62
1980-12-19;8.82;14.45;20.08;1.39;3.859;3.97;76.29
1980-12-20;5.31;7.5;9.7;0.0;7.161;3.69;58.83
1980-12-21;3.04;6.63;10.22;0.0;8.195;2.51;55.08
1980-12-22;6.34;10.89;15.44;0.0;6.819;1.48;60.36
1980-12-23;6.19;11.07;15.95;0.0;9.869;0.87;53.57
1980-12-24;4.66;9.79;14.91;0.0;10.155;1.24;43.9
1980-12-25;3.32;9.76;16.19;0.0;8.112;0.79;44.79
1980-12-26;6.11;12.7;19.28;0.0;10.53;2.27;48.84
1980-12-27;4.12;9.49;14.87;0.0;10.158;0.78;55.16
1980-12-28;2.96;8.99;15.03;0.25;7.787;0.73;48.48
1980-12-29;3.73;9.72;15.71;0.0;10.388;1.38;27.31
1980-12-30;5.15;11.95;18.74;0.0;8.873;1.47;18.7
1980-12-31;4.74;11.8;18.85;0.0;10.747;2.14;24.46
1981-01-01;4.69;11.47;18.25;0.0;10.316;2.47;33.75
1981-01-02;3.36;9.92;16.49;0.0;7.273;1.83;50.76
1981-01-03;2.72;8.66;14.61;0.0;10.663;1.4;24.87
1981-01-04;2.71;9.84;16.97;0.0;10.333;2.2;34.92
1981-01-05;2.66;9.55;16.44;0.0;10.318;2.64;39.0
1981-01-06;2.51;7.91;13.3;0.0;11.959;2.75;31.85
1981-01-07;2.78;9.67;16.55;0.0;11.461;2.27;38.24
1981-01-08;2.17;8.95;15.73;0.0;11.13;2.63;33.25
1981-01-09;2.3;9.58;16.85;0.0;9.89;2.44;46.53
1981-01-10;2.02;8.44;14.86;0.0;11.106;1.23;27.75
1981-01-11;1.21;8.46;15.7;0.0;11.469;1.02;21.11
1981-01-12;-0.04;8.67;17.38;0.0;12.179;0.49;17.71
1981-01-13;1.6;11.04;20.48;0.0;11.701;0.67;17.37
1981-01-14;1.26;10.22;19.18;0.0;12.037;0.45;18.75
1981-01-15;1.65;10.58;19.52;0.0;11.749;0.33;18.14
1981-01-16;2.23;10.71;19.19;0.0;12.219;1.81;20.96
1981-01-17;4.69;12.79;20.88;0.0;11.242;2.52;27.77
1981-01-18;2.54;9.09;15.64;0.0;9.864;3.52;41.56
1981-01-19;1.21;6.34;11.46;0.0;9.897;1.58;29.85
1981-01-20;1.78;7.82;13.86;0.0;10.009;0.8;31.76
1981-01-21;3.14;10.26;17.38;0.0;11.686;1.33;28.53
1981-01-22;2.64;10.45;18.25;0.0;12.487;1.6;32.27
1981-01-23;2.35;9.93;17.5;0.0;11.276;2.48;29.26
1981-01-24;4.18;11.15;18.13;0.0;11.295;1.85;31.18
1981-01-25;3.77;11.0;18.23;0.0;12.383;2.45;25.32
1981-01-26;1.49;8.62;15.75;2.57;8.592;3.35;52.71
1981-01-27;2.0;7.6;13.2;0.0;12.723;3.0;35.53
1981-01-28;4.27;11.29;18.32;0.0;13.18;3.24;17.81
1981-01-29;2.79;10.8;18.82;0.0;11.997;1.34;11.81
1981-01-30;7.75;16.75;25.75;0.0;13.327;3.07;7.39
1981-01-31;6.44;13.21;19.99;0.0;12.359;2.76;17.26
1981-02-01;5.98;13.16;20.34;0.0;14.282;1.86;15.72
1981-02-02;7.54;15.76;23.99;0.0;12.493;2.21;24.97
1981-02-03;9.27;16.38;23.5;0.0;12.976;2.95;28.36
1981-02-04;6.56;12.83;19.11;0.0;15.245;1.88;21.88
1981-02-05;5.03;12.95;20.86;0.0;12.974;1.25;28.62
1981-02-06;4.68;12.04;19.41;0.0;12.713;1.61;35.62
1981-02-07;3.73;10.94;18.14;0.0;14.035;1.36;21.1
1981-02-08;5.84;13.85;21.86;0.0;14.054;2.44;37.02
1981-02-09;5.49;11.56;17.63;0.0;15.376;4.1;31.02
1981-02-10;4.73;10.18;15.62;0.0;13.589;4.38;30.25
1981-02-11;4.4;9.3;14.21;0.0;13.975;4.25;31.28
1981-02-12;4.47;9.1;13.73;0.0;11.832;3.61;33.89
1981-02-13;3.14;7.71;12.29;0.0;14.099;2.34;36.82
1981-02-14;2.72;8.64;14.57;0.0;13.892;1.35;34.66
1981-02-15;1.41;8.09;14.78;0.0;14.629;0.48;23.13
1981-02-16;3.54;11.43;19.32;0.0;14.832;0.99;19.84
1981-02-17;2.14;9.59;17.03;0.0;17.065;0.7;18.17
1981-02-18;4.72;12.87;21.01;0.0;16.625;2.79;13.76
1981-02-19;2.24;8.41;14.59;0.0;15.385;2.22;15.24
1981-02-20;2.45;8.46;14.46;0.0;14.431;2.49;25.02
1981-02-21;3.3;10.03;16.76;0.0;14.542;1.88;28.48
1981-02-22;3.16;9.07;14.97;0.0;14.935;2.67;32.51
1981-02-23;3.88;9.81;15.75;0.0;17.673;2.22;25.69
1981-02-24;3.0;9.78;16.55;0.0;15.562;0.71;30.47
1981-02-25;3.51;10.73;17.95;0.0;15.852;1.08;24.72
1981-02-26;4.47;11.96;19.44;0.0;15.542;1.73;23.78
1981-02-27;5.2;12.42;19.65;0.0;15.307;2.11;31.04
1981-02-28;4.81;11.44;18.08;0.0;17.04;1.98;27.41
1981-03-01;5.15;12.27;19.38;0.0;15.714;1.23;26.73
1981-03-02;5.02;12.67;20.32;0.0;15.901;0.44;25.34
1981-03-03;4.67;12.95;21.22;0.0;16.013;0.63;24.21
1981-03-04;5.16;13.38;21.6;0.0;16.0;0.9;27.88
1981-03-05;5.35;13.29;21.22;0.0;17.174;1.27;19.43
1981-03-06;5.24;13.18;21.11;0.0;19.197;0.4;23.79
1981-03-07;7.59;16.2;24.82;0.0;19.25;1.95;26.82
1981-03-08;7.23;14.4;21.58;0.0;19.593;2.06;24.97
1981-03-09;5.43;12.76;20.09;0.0;17.617;0.91;29.02
1981-03-10;5.56;13.48;21.41;0.0;19.277;0.75;22.14
1981-03-11;6.34;15.17;24.0;0.0;19.855;0.56;18.13
1981-03-12;8.04;17.34;26.65;0.0;19.456;1.43;21.78
1981-03-13;6.78;14.88;22.97;0.0;20.042;1.33;18.82
1981-03-14;6.46;15.7;24.93;0.0;22.237;1.03;16.91
1981-03-15;6.44;15.58;24.71;0.0;19.357;0.97;16.9
1981-03-16;9.2;18.62;28.03;0.0;21.27;2.0;9.99
1981-03-17;11.07;20.11;29.15;0.0;18.806;1.41;16.52
1981-03-18;8.02;15.88;23.75;0.0;19.674;1.52;16.98
1981-03-19;9.19;18.43;27.68;0.0;20.323;1.84;21.39
1981-03-20;10.51;18.41;26.3;0.0;21.791;1.24;17.0
1981-03-21;8.79;17.12;25.44;0.0;20.514;2.28;20.96
1981-03-22;6.37;14.62;22.87;0.3;18.836;1.81;29.96
1981-03-23;7.73;15.6;23.47;8.18;15.223;2.3;42.05
1981-03-24;6.38;10.76;15.14;13.43;10.466;3.76;53.56
1981-03-25;4.52;7.77;11.03;0.0;20.672;3.16;29.91
1981-03-26;9.38;16.11;22.84;3.0;8.084;3.53;65.77
1981-03-27;7.33;10.73;14.13;0.0;18.83;2.62;36.22
1981-03-28;4.36;10.04;15.72;0.0;21.646;2.37;30.21
1981-03-29;4.31;10.89;17.47;0.0;16.305;1.92;36.36
1981-03-30;5.13;11.69;18.25;0.0;23.999;1.33;30.6
1981-03-31;6.21;14.47;22.74;0.0;19.673;2.92;33.49
1981-04-01;5.5;12.34;19.18;0.0;18.134;3.14;35.57
1981-04-02;4.28;9.51;14.73;0.0;22.74;2.48;30.04
1981-04-03;4.79;11.28;17.77;0.23;21.445;1.06;23.26
1981-04-04;7.02;13.7;20.38;0.0;23.998;1.51;20.15
1981-04-05;7.5;15.02;22.54;0.0;21.571;1.43;35.69
1981-04-06;8.73;15.5;22.27;0.0;24.922;1.66;41.75
1981-04-07;8.54;14.46;20.39;0.0;23.635;2.56;37.44
1981-04-08;9.49;15.68;21.88;0.91;8.221;2.83;43.85
1981-04-09;7.5;12.22;16.95;0.0;23.642;2.88;30.71
1981-04-10;8.2;14.76;21.32;0.0;20.539;0.99;34.73
1981-04-11;9.42;15.25;21.07;0.16;25.661;3.7;25.5
1981-04-12;10.5;16.12;21.73;0.0;22.688;4.1;16.36
1981-04-13;10.24;17.07;23.89;0.0;20.194;3.2;38.29
1981-04-14;9.85;14.86;19.86;3.89;10.54;3.8;64.96
1981-04-15;8.45;10.59;12.74;0.62;7.827;3.01;43.97
1981-04-16;5.88;10.3;14.72;0.0;22.281;0.86;27.77
1981-04-17;8.63;16.18;23.74;0.0;23.299;1.36;22.55
1981-04-18;11.29;18.74;26.2;0.0;25.51;2.17;12.84
1981-04-19;14.74;22.3;29.86;0.0;25.048;3.43;11.29
1981-04-20;13.51;20.17;26.83;0.0;28.818;2.96;12.71
1981-04-21;13.52;20.91;28.29;0.0;29.19;2.65;8.16
1981-04-22;11.55;19.13;26.71;0.0;23.832;3.77;22.07
1981-04-23;7.85;13.03;18.21;0.0;27.243;2.91;16.04
1981-04-24;9.44;16.07;22.71;0.51;27.472;1.6;14.64
1981-04-25;8.06;14.55;21.03;0.0;26.186;1.11;29.73
1981-04-26;9.01;16.38;23.75;0.0;23.366;1.35;28.73
1981-04-27;9.72;17.2;24.67;0.0;25.159;2.4;20.27
1981-04-28;8.33;15.76;23.19;0.15;22.107;4.02;20.49
1981-04-29;6.64;12.63;18.62;0.0;29.198;1.73;23.17
1981-04-30;10.49;17.87;25.25;0.0;29.142;2.3;9.65
1981-05-01;11.55;19.15;26.75;0.0;23.143;2.1;12.8
1981-05-02;12.17;20.48;28.78;0.79;19.353;1.23;13.15
1981-05-03;12.98;20.57;28.16;1.15;19.201;1.08;22.41
1981-05-04;11.03;18.48;25.92;0.0;21.82;0.9;16.59
1981-05-05;13.64;22.84;32.04;0.0;27.366;1.99;10.73
1981-05-06;14.14;21.8;29.45;0.0;21.614;2.21;21.33
1981-05-07;12.46;17.72;22.98;0.0;21.518;3.69;25.64
1981-05-08;11.72;17.07;22.43;0.0;20.402;4.61;22.14
1981-05-09;12.73;19.14;25.55;0.0;20.272;3.39;23.02
1981-05-10;13.3;19.98;26.66;0.86;23.018;2.76;20.11
1981-05-11;13.78;20.58;27.38;0.0;29.079;2.35;16.98
1981-05-12;11.92;19.17;26.42;0.0;30.091;1.78;20.03
1981-05-13;14.38;22.14;29.89;0.0;21.017;2.29;13.22
1981-05-14;16.05;23.16;30.27;0.0;29.395;1.51;25.31
1981-05-15;15.08;21.3;27.53;0.0;29.095;2.11;28.17
1981-05-16;15.16;21.34;27.52;0.0;30.038;1.6;16.39
1981-05-17;13.62;20.91;28.19;0.0;27.005;1.95;12.58
1981-05-18;16.1;24.14;32.19;0.0;31.103;1.97;13.12
1981-05-19;15.0;21.04;27.08;0.0;24.503;2.22;25.79
1981-05-20;14.75;20.77;26.79;0.0;24.184;1.23;21.24
1981-05-21;16.03;23.07;30.1;0.73;30.549;1.79;16.1
1981-05-22;16.06;23.05;30.04;0.0;29.335;2.02;16.68
1981-05-23;14.69;21.8;28.91;0.0;30.566;2.0;19.93
1981-05-24;14.07;21.61;29.14;0.0;31.093;2.54;22.98
1981-05-25;13.35;20.92;28.49;0.0;25.726;0.6;23.84
1981-05-26;13.65;20.51;27.37;0.0;25.807;2.09;37.62
1981-05-27;13.69;19.35;25.01;0.0;27.753;3.1;22.22
1981-05-28;14.02;20.18;26.34;0.0;27.686;2.52;20.53
1981-05-29;13.55;20.17;26.79;0.0;29.851;1.33;23.23
1981-05-30;13.09;20.48;27.87;0.0;29.523;0.52;19.77
1981-05-31;14.69;23.34;32.0;0.0;28.221;0.5;12.33
1981-06-01;16.87;25.73;34.59;0.0;28.799;1.23;6.89
1981-06-02;17.95;27.21;36.48;0.0;30.643;2.6;8.38
1981-06-03;16.53;24.82;33.12;0.0;26.006;2.02;14.6
1981-06-04;14.94;22.23;29.51;0.0;28.978;1.4;27.06
1981-06-05;13.03;21.02;29.02;0.0;30.819;1.32;14.26
1981-06-06;15.98;25.3;34.63;0.0;29.207;1.41;9.72
1981-06-07;15.4;23.39;31.37;0.0;29.283;0.7;17.02
1981-06-08;17.78;26.73;35.68;0.0;28.609;1.42;9.74
1981-06-09;17.22;26.2;35.18;0.0;28.426;0.95;8.07
1981-06-10;17.12;26.74;36.36;0.0;31.487;1.23;8.35
1981-06-11;19.2;28.6;38.01;0.0;31.224;2.4;5.51
1981-06-12;17.02;24.76;32.5;0.0;30.631;2.17;8.25
1981-06-13;17.85;25.95;34.05;0.0;30.932;1.15;7.47
1981-06-14;19.63;27.77;35.91;0.0;17.272;1.12;27.3
1981-06-15;16.3;21.7;27.1;0.51;25.091;1.43;35.9
1981-06-16;14.59;21.54;28.49;0.0;27.789;0.33;28.4
1981-06-17;16.46;24.78;33.09;0.18;22.435;1.13;28.01
1981-06-18;16.95;24.52;32.09;0.28;25.509;1.67;29.97
1981-06-19;15.55;22.93;30.3;0.0;26.118;1.56;31.42
1981-06-20;14.42;22.39;30.35;0.0;29.827;1.76;24.4
1981-06-21;13.7;21.95;30.2;0.0;32.271;2.34;19.15
1981-06-22;13.56;22.14;30.71;0.0;25.898;3.94;34.99
1981-06-23;14.7;20.41;26.13;0.2;14.659;3.49;43.22
1981-06-24;12.31;16.43;20.56;0.0;29.174;1.87;26.68
1981-06-25;11.5;19.09;26.69;0.0;29.97;0.63;15.35
1981-06-26;14.08;22.86;31.64;0.0;29.39;1.92;19.64
1981-06-27;13.38;21.62;29.86;0.0;30.148;1.87;14.97
1981-06-28;14.5;23.11;31.72;0.0;29.37;2.18;16.91
1981-06-29;15.17;23.55;31.92;0.0;29.559;1.91;12.38
1981-06-30;17.11;25.57;34.03;0.0;29.642;1.42;9.57
1981-07-01;16.94;24.98;33.02;0.0;29.317;1.75;17.16
1981-07-02;16.77;25.29;33.81;0.0;29.486;1.44;17.07
1981-07-03;18.1;26.97;35.84;0.0;14.091;1.2;20.48
1981-07-04;15.25;23.07;30.9;0.0;30.237;1.59;10.63
1981-07-05;15.55;25.43;35.31;0.0;30.171;2.55;10.68
1981-07-06;16.87;26.08;35.29;0.0;29.533;2.23;15.02
1981-07-07;15.88;24.57;33.25;0.0;29.506;1.85;16.78
1981-07-08;15.0;23.87;32.74;0.0;29.97;1.13;13.99
1981-07-09;15.74;25.38;35.01;0.0;29.557;1.5;17.82
1981-07-10;16.14;25.48;34.81;0.0;29.15;1.3;18.63
1981-07-11;17.29;26.57;35.85;0.0;28.061;1.0;18.03
1981-07-12;17.8;26.6;35.41;0.0;28.582;0.99;17.88
1981-07-13;18.57;27.36;36.14;0.0;28.718;1.0;18.37
1981-07-14;18.07;26.6;35.13;0.0;27.962;0.73;16.29
1981-07-15;18.53;27.64;36.74;0.0;28.191;1.19;17.99
1981-07-16;18.52;27.49;36.46;0.0;28.129;2.22;21.22
1981-07-17;17.22;25.77;34.32;0.0;29.544;2.02;18.61
1981-07-18;16.52;25.32;34.12;0.0;29.357;0.99;11.63
1981-07-19;19.81;29.53;39.26;0.0;27.399;2.84;25.04
1981-07-20;19.45;26.82;34.19;0.0;28.253;1.56;16.32
1981-07-21;17.89;26.27;34.66;0.0;27.705;0.67;15.98
1981-07-22;19.07;28.37;37.67;0.0;27.6;1.83;18.22
1981-07-23;17.91;26.91;35.9;0.0;29.054;1.62;10.94
1981-07-24;18.1;28.21;38.31;0.0;28.683;1.2;9.46
1981-07-25;20.16;30.15;40.13;0.0;28.265;1.56;15.28
1981-07-26;20.23;29.24;38.26;0.0;21.292;0.63;17.93
1981-07-27;19.77;28.83;37.88;0.0;28.227;0.79;9.4
1981-07-28;20.67;30.43;40.19;0.0;27.197;1.13;7.56
1981-07-29;22.57;32.06;41.55;0.39;23.083;1.43;9.47
1981-07-30;19.09;27.05;35.01;0.0;21.384;1.61;23.37
1981-07-31;19.48;27.55;35.62;0.0;27.048;2.43;20.12
1981-08-01;18.56;26.95;35.35;0.0;25.918;1.89;20.07
1981-08-02;17.96;26.25;34.53;0.0;26.057;0.94;15.04
1981-08-03;19.37;28.2;37.02;0.0;26.882;1.36;11.97
1981-08-04;19.77;28.56;37.35;0.0;27.441;1.38;8.01
1981-08-05;22.39;31.73;41.08;0.0;27.906;2.07;5.26
1981-08-06;21.55;30.37;39.19;0.0;27.762;1.65;6.27
1981-08-07;19.56;28.28;37.0;0.0;27.213;0.71;11.95
1981-08-08;21.42;30.52;39.61;0.0;26.389;1.79;14.33
1981-08-09;21.53;29.82;38.1;0.0;26.125;1.7;13.22
1981-08-10;20.21;28.41;36.61;0.0;26.272;1.66;13.32
1981-08-11;19.6;28.27;36.94;0.0;26.683;2.03;13.18
1981-08-12;17.01;25.68;34.35;0.0;27.618;1.77;9.59
1981-08-13;16.3;25.33;34.36;0.0;26.571;1.46;9.34
1981-08-14;16.83;26.02;35.2;0.0;25.572;1.77;11.15
1981-08-15;18.64;27.52;36.41;0.0;24.926;0.74;7.74
1981-08-16;21.3;30.52;39.74;0.0;25.4;0.92;8.63
1981-08-17;21.12;29.94;38.76;0.0;24.551;1.05;8.38
1981-08-18;20.77;29.66;38.54;0.0;25.189;1.15;9.15
1981-08-19;21.46;30.53;39.6;0.0;25.164;1.26;6.94
1981-08-20;20.69;29.5;38.31;0.0;24.716;1.27;11.25
1981-08-21;20.88;29.81;38.74;0.0;24.463;0.67;9.36
1981-08-22;22.21;31.62;41.02;0.0;23.626;0.51;5.8
1981-08-23;21.91;30.89;39.87;1.02;20.326;1.87;12.39
1981-08-24;17.8;26.01;34.21;0.0;26.625;2.96;14.82
1981-08-25;17.63;25.78;33.94;0.0;25.562;1.38;16.17
1981-08-26;18.5;25.34;32.17;0.0;21.414;2.98;28.87
1981-08-27;17.93;24.27;30.61;2.79;18.131;2.06;48.29
1981-08-28;13.33;16.77;20.22;0.0;22.96;0.74;35.24
1981-08-29;14.22;21.86;29.5;0.0;22.137;1.37;39.05
1981-08-30;14.4;21.45;28.5;0.0;21.918;1.02;29.31
1981-08-31;15.5;23.07;30.65;0.0;21.586;0.83;28.6
1981-09-01;17.32;24.96;32.6;0.0;20.599;1.33;29.96
1981-09-02;16.69;24.11;31.52;0.0;22.805;2.0;16.52
1981-09-03;16.29;24.57;32.85;0.0;22.443;2.32;15.5
1981-09-04;17.95;25.64;33.33;9.86;10.057;2.63;65.69
1981-09-05;15.66;17.86;20.06;0.0;21.578;2.0;36.68
1981-09-06;15.94;21.61;27.27;0.0;22.196;2.72;17.42
1981-09-07;18.29;25.92;33.55;0.0;21.68;2.76;17.99
1981-09-08;17.33;24.23;31.12;0.0;20.898;2.46;31.84
1981-09-09;17.03;23.7;30.38;0.0;23.517;2.64;36.86
1981-09-10;12.78;19.43;26.07;0.0;22.67;2.01;24.65
1981-09-11;14.92;22.99;31.06;0.0;22.957;1.52;15.2
1981-09-12;13.19;20.63;28.08;1.55;15.799;1.53;36.38
1981-09-13;13.01;19.78;26.55;0.0;16.077;0.41;43.52
1981-09-14;16.77;23.44;30.1;0.0;17.416;0.64;41.56
1981-09-15;14.17;19.64;25.1;1.4;12.773;0.36;46.31
1981-09-16;13.54;20.42;27.3;0.0;17.728;0.92;26.61
1981-09-17;16.66;24.73;32.8;0.0;18.819;2.27;39.04
1981-09-18;13.82;19.68;25.53;0.0;17.2;1.13;32.76
1981-09-19;15.16;22.75;30.34;9.19;9.611;1.6;68.59
1981-09-20;15.18;18.81;22.45;13.15;12.043;1.4;72.15
1981-09-21;13.06;16.17;19.28;0.0;15.086;1.48;54.5
1981-09-22;13.17;18.22;23.27;0.0;17.169;1.49;37.64
1981-09-23;12.31;18.87;25.42;0.0;17.52;0.46;29.4
1981-09-24;13.67;21.45;29.22;0.0;18.107;1.86;22.22
1981-09-25;16.85;24.81;32.77;0.0;19.951;2.89;15.3
1981-09-26;18.01;25.42;32.83;0.0;18.978;3.04;15.32
1981-09-27;16.64;23.7;30.75;0.0;14.999;2.17;17.45
1981-09-28;14.44;21.55;28.67;0.0;16.883;1.38;24.76
1981-09-29;13.52;21.09;28.66;0.0;16.335;2.43;23.9
1981-09-30;11.49;18.66;25.82;0.0;16.105;1.24;22.06
1981-10-01;14.42;21.64;28.85;0.0;16.809;2.25;22.68
1981-10-02;13.84;19.52;25.21;0.0;16.403;1.45;32.35
1981-10-03;13.85;19.16;24.46;0.0;16.718;3.17;35.89
1981-10-04;14.3;20.14;25.99;0.0;16.918;3.44;26.12
1981-10-05;14.25;20.98;27.7;0.0;16.621;2.34;29.0
1981-10-06;14.83;21.68;28.52;0.0;19.011;2.53;23.31
1981-10-07;15.95;23.37;30.78;0.0;17.804;2.8;19.03
1981-10-08;16.65;23.46;30.27;0.0;15.952;3.49;17.68
1981-10-09;18.75;24.94;31.13;1.05;4.848;3.89;27.02
1981-10-10;17.16;21.18;25.2;0.0;16.508;2.91;22.52
1981-10-11;15.46;21.39;27.33;0.0;12.297;0.97;24.39
1981-10-12;16.41;23.09;29.77;0.0;13.742;1.46;28.06
1981-10-13;15.71;21.52;27.32;0.0;13.704;2.97;33.78
1981-10-14;13.25;18.48;23.71;0.0;16.228;1.47;30.34
1981-10-15;13.08;19.43;25.77;0.0;13.322;1.69;32.9
1981-10-16;11.78;17.61;23.43;0.0;13.286;1.79;31.82
1981-10-17;12.51;19.29;26.07;0.0;13.801;2.23;25.04
1981-10-18;11.02;17.61;24.2;0.0;14.335;1.19;24.92
1981-10-19;10.79;18.12;25.45;0.0;13.229;0.58;29.78
1981-10-20;9.46;17.04;24.61;0.0;13.506;1.2;22.08
1981-10-21;10.07;18.94;27.81;0.0;14.088;1.82;15.34
1981-10-22;9.46;17.65;25.84;0.0;14.907;1.89;22.7
1981-10-23;11.02;18.94;26.85;0.17;12.83;3.82;45.93
1981-10-24;10.8;16.75;22.7;6.0;9.455;3.71;57.75
1981-10-25;9.38;13.87;18.35;0.85;7.511;2.98;59.94
1981-10-26;8.76;12.27;15.79;0.0;10.536;2.43;48.02
1981-10-27;8.84;13.36;17.88;6.96;3.567;4.63;74.03
1981-10-28;9.38;13.86;18.34;1.22;7.087;4.76;66.42
1981-10-29;10.28;13.39;16.5;5.37;4.823;7.45;62.62
1981-10-30;8.08;11.73;15.39;0.0;11.957;3.48;47.82
1981-10-31;7.24;12.39;17.54;0.0;11.754;0.87;48.03
1981-11-01;9.45;16.23;23.02;0.0;13.104;1.0;48.37
1981-11-02;9.55;15.07;20.59;0.0;12.526;2.35;40.05
1981-11-03;11.68;18.06;24.45;0.0;13.563;3.17;41.82
1981-11-04;9.55;14.7;19.84;0.0;10.784;1.57;46.82
1981-11-05;12.19;17.91;23.63;0.0;11.363;3.34;41.53
1981-11-06;12.03;16.85;21.67;0.0;13.104;3.2;38.09
1981-11-07;11.33;16.48;21.63;0.0;13.38;3.13;37.68
1981-11-08;11.19;16.37;21.55;0.0;13.346;3.47;36.53
1981-11-09;12.31;17.48;22.65;0.0;12.01;3.7;38.03
1981-11-10;11.43;15.94;20.45;0.0;12.4;3.98;35.7
1981-11-11;11.73;16.51;21.28;0.0;12.775;4.44;36.97
1981-11-12;11.07;15.52;19.96;0.0;12.058;4.47;34.05
1981-11-13;11.23;15.78;20.33;0.0;13.017;4.05;33.42
1981-11-14;9.86;14.31;18.76;0.0;9.207;3.17;33.53
1981-11-15;7.48;12.73;17.99;0.0;9.802;1.09;38.77
1981-11-16;7.76;13.53;19.3;0.0;12.068;2.17;35.36
1981-11-17;7.1;13.19;19.28;0.0;9.831;1.88;33.24
1981-11-18;6.6;13.21;19.82;0.0;10.026;0.69;32.27
1981-11-19;6.75;13.44;20.12;0.0;10.36;1.15;23.77
1981-11-20;8.32;15.68;23.03;0.0;9.514;2.13;15.73
1981-11-21;8.04;15.44;22.84;0.0;9.669;2.3;17.77
1981-11-22;6.73;14.13;21.52;0.0;11.905;0.4;23.15
1981-11-23;8.67;16.56;24.45;0.0;10.451;1.98;17.56
1981-11-24;8.55;15.44;22.32;0.0;10.87;2.55;19.35
1981-11-25;8.64;15.4;22.16;0.0;11.072;3.15;27.71
1981-11-26;7.86;14.21;20.56;0.0;11.285;2.57;22.85
1981-11-27;5.9;12.5;19.1;0.0;7.474;1.99;48.08
1981-11-28;5.87;11.76;17.65;0.73;7.085;3.18;55.27
1981-11-29;7.09;12.35;17.61;13.2;6.704;4.44;67.14
1981-11-30;5.75;9.04;12.34;7.33;6.734;3.81;67.61
1981-12-01;5.57;8.48;11.39;2.44;5.176;4.79;61.47
1981-12-02;3.36;6.26;9.16;0.33;7.146;3.35;57.39
1981-12-03;2.69;6.51;10.33;0.0;9.778;2.34;44.79
1981-12-04;7.62;13.36;19.1;1.98;6.023;4.25;60.35
1981-12-05;9.37;13.23;17.1;0.36;10.159;3.82;40.56
1981-12-06;5.87;9.78;13.69;0.0;9.631;1.93;30.55
1981-12-07;3.76;10.12;16.48;0.0;10.922;1.04;25.38
1981-12-08;3.46;10.53;17.59;0.0;9.342;1.59;38.76
1981-12-09;3.12;8.72;14.33;0.0;9.622;1.61;33.07
1981-12-10;6.16;12.24;18.33;0.0;7.708;1.72;39.13
1981-12-11;7.5;13.34;19.18;0.0;7.738;2.59;42.56
1981-12-12;7.77;13.28;18.79;0.0;8.012;3.09;43.87
1981-12-13;4.11;9.27;14.43;0.0;8.052;1.27;44.95
1981-12-14;2.65;9.3;15.95;0.0;9.728;0.61;39.3
1981-12-15;3.54;10.17;16.81;0.0;7.537;1.03;42.05
1981-12-16;6.35;12.97;19.59;0.0;7.661;0.64;46.99
1981-12-17;5.11;10.23;15.36;0.0;7.678;1.59;42.29
1981-12-18;5.49;11.11;16.72;0.0;8.899;2.97;45.62
1981-12-19;7.26;12.31;17.36;0.0;10.366;3.88;35.4
1981-12-20;4.74;9.27;13.8;0.0;10.898;2.51;33.05
1981-12-21;3.22;9.87;16.52;0.0;10.841;1.49;25.79
1981-12-22;2.67;9.96;17.26;0.0;10.95;1.7;22.34
1981-12-23;5.26;12.38;19.49;5.42;5.949;3.39;62.93
1981-12-24;3.38;8.29;13.2;0.0;8.817;2.46;55.36
1981-12-25;2.14;6.25;10.36;0.0;9.247;2.01;50.94
1981-12-26;8.13;13.82;19.5;1.72;2.801;3.28;83.46
1981-12-27;9.02;11.37;13.72;3.56;2.782;3.15;88.05
1981-12-28;7.91;10.04;12.18;0.0;3.826;3.73;75.48
1981-12-29;6.63;9.18;11.73;0.0;9.676;3.2;39.12
1981-12-30;6.58;10.84;15.11;0.0;8.404;3.79;20.14
1981-12-31;4.13;9.41;14.69;4.62;6.917;2.16;57.68
1982-01-01;3.15;8.16;13.18;0.0;8.469;0.8;47.45
1982-01-02;1.47;7.39;13.3;0.0;8.586;1.74;43.7
1982-01-03;2.86;9.57;16.28;0.0;5.494;2.43;58.3
1982-01-04;2.74;7.54;12.35;0.0;9.546;2.5;43.13
1982-01-05;1.6;6.86;12.12;0.0;9.615;2.33;30.6
1982-01-06;2.08;8.43;14.78;0.0;10.112;2.46;32.96
1982-01-07;2.3;8.69;15.08;0.0;9.501;1.48;36.78
1982-01-08;1.79;8.31;14.84;0.0;10.615;1.96;33.91
1982-01-09;2.13;8.78;15.43;0.0;11.127;1.77;32.24
1982-01-10;1.61;8.42;15.22;0.0;10.952;1.47;30.22
1982-01-11;2.58;9.56;16.54;0.0;9.905;2.22;41.02
1982-01-12;3.68;10.18;16.67;0.0;9.313;2.12;43.33
1982-01-13;3.28;9.57;15.86;0.0;9.761;1.89;35.35
1982-01-14;2.51;9.46;16.41;0.0;10.395;1.47;21.78
1982-01-15;2.86;10.57;18.28;0.0;12.253;1.52;21.79
1982-01-16;1.97;9.2;16.42;0.0;11.394;1.52;28.23
1982-01-17;2.78;10.06;17.34;0.0;10.676;2.78;39.81
1982-01-18;2.53;9.07;15.62;0.0;9.931;2.13;22.66
1982-01-19;3.08;9.59;16.1;0.0;9.856;2.14;30.64
1982-01-20;2.64;9.59;16.53;0.0;10.572;3.25;37.54
1982-01-21;1.0;7.16;13.31;0.0;11.213;3.31;21.53
1982-01-22;0.89;6.35;11.8;0.0;10.289;2.64;27.16
1982-01-23;1.27;7.65;14.04;0.0;11.857;1.63;29.65
1982-01-24;2.8;9.58;16.35;0.0;10.557;2.65;28.69
1982-01-25;2.03;8.02;14.01;0.0;11.367;2.51;26.23
1982-01-26;1.76;8.31;14.87;0.0;12.306;2.47;21.86
1982-01-27;2.51;9.47;16.43;0.0;12.574;3.1;22.06
1982-01-28;2.1;8.85;15.6;0.0;13.172;2.1;23.8
1982-01-29;3.79;10.75;17.72;0.0;13.271;2.82;23.36
1982-01-30;3.87;10.41;16.95;0.0;13.799;2.22;21.64
1982-01-31;3.33;10.48;17.63;0.0;11.299;1.11;18.52
1982-02-01;5.78;13.79;21.79;0.0;13.275;0.8;20.79
1982-02-02;6.06;13.57;21.08;0.0;14.246;1.48;16.13
1982-02-03;3.87;11.68;19.48;0.0;12.789;0.99;18.65
1982-02-04;5.14;13.4;21.66;0.0;12.719;1.1;17.86
1982-02-05;5.94;13.63;21.31;0.0;13.156;2.23;25.08
1982-02-06;8.74;16.14;23.54;0.0;13.21;3.22;18.89
1982-02-07;7.42;13.54;19.66;0.0;13.745;3.21;18.99
1982-02-08;5.25;11.74;18.24;0.0;14.146;2.09;17.0
1982-02-09;7.05;14.78;22.51;0.0;16.127;1.16;11.88
1982-02-10;5.02;13.22;21.43;0.0;15.322;1.73;15.9
1982-02-11;5.79;13.79;21.78;0.0;15.877;1.98;28.37
1982-02-12;4.54;11.73;18.93;0.0;15.437;0.87;18.67
1982-02-13;5.14;13.16;21.17;0.0;13.524;1.48;27.19
1982-02-14;3.93;10.66;17.4;0.0;13.879;2.09;28.85
1982-02-15;5.08;11.75;18.41;0.0;14.337;2.38;26.33
1982-02-16;4.92;11.75;18.59;0.0;14.478;1.51;28.19
1982-02-17;5.87;13.3;20.73;0.0;16.133;1.81;26.74
1982-02-18;4.37;11.57;18.76;0.0;16.206;1.23;27.47
1982-02-19;3.1;10.63;18.15;0.0;15.757;0.54;22.83
1982-02-20;4.88;12.84;20.81;0.0;16.076;1.29;20.17
1982-02-21;4.53;12.14;19.75;0.0;17.22;1.15;21.45
1982-02-22;4.31;12.46;20.61;0.0;17.408;0.88;16.32
1982-02-23;3.47;11.6;19.74;0.0;16.689;1.34;9.38
1982-02-24;4.21;12.4;20.59;0.0;15.326;3.17;31.13
1982-02-25;2.54;9.72;16.9;0.0;17.998;3.74;23.26
1982-02-26;1.01;6.7;12.38;0.0;16.982;3.02;15.15
1982-02-27;2.0;8.0;13.99;0.0;18.189;2.58;14.22
1982-02-28;4.29;10.78;17.27;0.0;17.592;2.79;16.58
1982-03-01;4.32;10.81;17.3;0.0;15.531;1.15;23.98
1982-03-02;4.29;11.59;18.9;0.0;15.905;0.37;26.44
1982-03-03;4.79;12.75;20.71;0.0;15.709;0.54;26.59
1982-03-04;4.33;12.36;20.39;0.0;16.933;0.75;18.8
1982-03-05;6.56;15.74;24.93;0.0;17.792;1.25;16.58
1982-03-06;4.86;13.21;21.55;0.0;18.961;1.15;16.11
1982-03-07;7.25;16.64;26.04;0.0;18.353;1.92;16.68
1982-03-08;5.47;13.81;22.16;0.42;9.686;4.31;39.78
1982-03-09;5.21;10.65;16.09;0.0;13.134;7.33;32.28
1982-03-10;2.43;6.59;10.76;0.0;15.053;3.18;30.33
1982-03-11;3.09;8.34;13.59;0.42;16.717;2.64;32.58
1982-03-12;3.35;9.2;15.04;0.0;9.517;2.53;36.41
1982-03-13;4.18;10.75;17.32;0.0;17.863;0.6;25.84
1982-03-14;4.28;11.94;19.6;0.0;20.745;0.66;23.37
1982-03-15;6.48;15.14;23.81;0.0;18.477;1.94;23.67
1982-03-16;7.18;15.02;22.85;0.0;18.222;2.91;26.66
1982-03-17;8.07;15.65;23.24;0.0;18.592;2.04;24.39
1982-03-18;8.85;16.69;24.53;0.0;19.3;1.42;20.94
1982-03-19;8.0;15.79;23.59;0.0;20.089;1.43;14.78
1982-03-20;6.84;14.83;22.82;0.0;20.026;0.9;21.11
1982-03-21;4.79;12.3;19.81;0.0;19.93;0.43;28.74
1982-03-22;7.87;15.61;23.34;0.0;22.042;2.09;26.22
1982-03-23;8.09;15.22;22.35;0.0;20.931;1.76;17.35
1982-03-24;7.2;15.03;22.86;0.0;22.364;1.13;15.26
1982-03-25;9.01;18.12;27.23;0.0;23.29;1.96;15.52
1982-03-26;11.33;20.41;29.5;0.0;22.552;1.59;21.12
1982-03-27;8.92;16.91;24.89;0.0;23.871;1.84;15.01
1982-03-28;8.98;18.55;28.13;0.0;17.347;4.02;27.82
1982-03-29;5.48;11.73;17.98;0.0;19.325;2.93;25.88
1982-03-30;4.86;11.74;18.62;0.0;23.288;2.3;25.87
1982-03-31;10.16;18.11;26.05;1.33;8.455;3.62;58.97
1982-04-01;8.23;11.4;14.57;0.81;7.555;2.93;53.2
1982-04-02;4.56;7.91;11.26;0.0;18.008;1.48;43.16
1982-04-03;7.17;14.02;20.86;16.94;10.06;3.28;70.94
1982-04-04;6.62;9.93;13.23;14.09;7.56;3.65;69.79
1982-04-05;4.46;7.06;9.67;6.13;12.036;3.36;52.75
1982-04-06;5.0;8.93;12.87;3.01;8.054;3.64;58.88
1982-04-07;4.9;7.92;10.95;1.91;8.605;3.25;54.43
1982-04-08;6.42;10.05;13.68;12.55;8.828;3.39;68.47
1982-04-09;7.48;10.78;14.07;3.64;8.91;3.81;64.77
1982-04-10;6.44;8.61;10.77;1.08;7.668;3.89;52.76
1982-04-11;5.76;8.77;11.78;0.0;8.313;2.65;50.9
1982-04-12;3.82;7.75;11.67;0.0;24.789;0.71;38.35
1982-04-13;5.37;12.58;19.79;0.0;25.85;1.6;30.26
1982-04-14;5.6;13.07;20.55;0.18;12.125;2.32;48.44
1982-04-15;11.95;18.55;25.14;3.78;7.688;3.19;74.93
1982-04-16;10.37;11.63;12.88;2.1;10.829;2.89;70.69
1982-04-17;7.5;9.8;12.11;24.97;8.492;4.36;70.37
1982-04-18;6.09;8.98;11.87;0.18;8.777;4.05;48.06
1982-04-19;4.39;7.88;11.36;0.0;26.722;1.98;39.4
1982-04-20;4.43;10.49;16.56;0.0;19.321;1.35;30.55
1982-04-21;8.79;16.37;23.94;0.28;8.567;2.32;44.42
1982-04-22;6.49;11.32;16.16;0.0;24.885;2.15;26.9
1982-04-23;7.72;14.68;21.65;0.0;27.81;1.26;22.95
1982-04-24;7.32;14.45;21.58;0.4;28.35;2.94;31.9
1982-04-25;9.24;16.25;23.27;13.1;10.403;4.01;57.54
1982-04-26;8.1;10.84;13.57;1.8;10.333;3.91;59.29
1982-04-27;5.43;8.32;11.21;0.0;26.668;2.92;27.38
1982-04-28;5.1;11.02;16.94;0.0;27.85;1.6;24.05
1982-04-29;7.07;14.46;21.84;0.0;25.065;1.99;31.03
1982-04-30;7.67;14.92;22.17;0.2;10.246;2.94;46.58
1982-05-01;10.49;15.82;21.16;0.34;13.04;2.59;54.87
1982-05-02;7.13;11.36;15.58;0.0;21.535;2.01;41.06
1982-05-03;10.68;18.07;25.46;8.77;13.53;4.67;59.93
1982-05-04;9.96;13.55;17.15;2.63;10.082;3.94;59.09
1982-05-05;8.65;11.79;14.92;2.46;12.339;4.4;55.98
1982-05-06;6.54;9.93;13.31;0.0;14.145;3.54;48.22
1982-05-07;5.41;9.89;14.38;0.0;22.663;1.71;35.65
1982-05-08;6.49;12.77;19.06;1.33;19.434;1.72;41.13
1982-05-09;8.34;14.3;20.27;0.0;24.257;2.48;31.68
1982-05-10;9.55;15.67;21.79;0.0;25.795;3.69;23.93
1982-05-11;10.94;17.23;23.52;0.0;29.475;4.26;15.75
1982-05-12;16.49;23.66;30.82;0.0;16.436;4.14;11.81
1982-05-13;17.75;23.41;29.06;0.0;29.163;3.8;9.46
1982-05-14;18.83;24.27;29.72;0.0;20.58;2.75;8.17
1982-05-15;20.73;26.0;31.27;0.0;14.273;2.26;12.52
1982-05-16;16.89;20.6;24.31;9.43;8.287;2.2;30.79
1982-05-17;12.77;17.73;22.68;11.86;13.826;0.42;42.37
1982-05-18;13.29;20.37;27.44;10.31;14.16;0.43;52.78
1982-05-19;10.94;16.64;22.34;0.0;21.95;0.37;35.04
1982-05-20;13.5;21.38;29.27;0.0;20.077;1.08;33.29
1982-05-21;15.4;22.49;29.58;0.0;30.834;0.97;20.45
1982-05-22;13.79;21.16;28.54;0.0;30.902;1.35;16.87
1982-05-23;16.36;25.07;33.78;0.0;26.919;2.54;21.09
1982-05-24;12.38;17.9;23.42;2.06;12.893;0.6;46.1
1982-05-25;12.49;17.35;22.21;0.0;27.38;2.54;26.32
1982-05-26;13.78;19.79;25.81;0.0;26.057;3.57;26.26
1982-05-27;13.98;19.89;25.81;0.0;30.459;4.51;19.07
1982-05-28;16.44;22.8;29.15;0.0;26.588;4.42;13.09
1982-05-29;17.34;23.63;29.92;0.0;29.542;4.14;14.23
1982-05-30;19.37;25.43;31.49;0.84;31.615;4.49;13.73
1982-05-31;16.84;22.53;28.22;0.0;25.275;2.52;23.21
1982-06-01;12.73;18.64;24.56;0.0;30.226;2.01;25.66
1982-06-02;12.43;19.97;27.51;0.0;30.549;1.65;18.67
1982-06-03;12.26;20.26;28.26;0.0;28.59;1.69;10.76
1982-06-04;13.95;22.99;32.04;0.0;27.955;1.57;11.75
1982-06-05;14.69;23.64;32.6;0.0;27.859;1.06;14.71
1982-06-06;15.33;24.09;32.84;0.0;27.086;0.7;13.54
1982-06-07;18.94;27.89;36.84;0.0;26.539;2.02;16.64
1982-06-08;16.91;24.16;31.41;0.0;10.925;0.38;23.24
1982-06-09;14.07;21.21;28.35;2.42;22.811;0.66;33.44
1982-06-10;13.46;21.29;29.11;0.28;23.242;0.24;68.93
1982-06-11;11.35;18.09;24.83;0.0;27.833;0.43;27.7
1982-06-12;14.01;22.41;30.8;0.0;30.374;1.67;21.82
1982-06-13;15.95;24.23;32.5;0.0;32.243;1.16;14.75
1982-06-14;18.46;26.82;35.19;0.0;31.768;1.67;11.75
1982-06-15;18.25;26.32;34.39;0.0;32.054;0.83;11.01
1982-06-16;17.81;26.14;34.48;0.0;26.112;0.61;10.02
1982-06-17;19.27;28.07;36.87;0.0;26.253;2.21;17.48
1982-06-18;18.61;25.68;32.75;0.0;27.35;2.67;18.76
1982-06-19;19.57;26.98;34.38;0.0;25.836;2.94;12.5
1982-06-20;19.15;26.41;33.67;0.0;19.287;1.31;15.73
1982-06-21;15.41;22.09;28.77;0.0;24.882;1.86;22.44
1982-06-22;15.05;23.33;31.6;0.0;30.811;2.67;32.99
1982-06-23;14.96;22.18;29.39;0.0;26.704;1.85;32.92
1982-06-24;15.11;22.74;30.37;0.0;30.561;2.03;29.2
1982-06-25;13.25;20.8;28.35;1.2;25.312;2.09;28.26
1982-06-26;13.56;21.62;29.68;0.0;28.987;1.57;21.18
1982-06-27;13.39;21.72;30.05;0.0;29.418;1.32;19.47
1982-06-28;13.63;22.28;30.93;0.0;29.96;1.24;15.23
1982-06-29;13.8;22.74;31.68;0.0;29.609;1.03;16.4
1982-06-30;15.64;24.77;33.9;0.0;27.823;1.49;25.61
1982-07-01;16.18;24.26;32.34;0.0;29.679;2.14;18.17
1982-07-02;17.49;26.52;35.56;0.0;28.947;2.58;15.29
1982-07-03;17.11;25.73;34.36;0.0;29.285;1.59;16.56
1982-07-04;18.44;27.33;36.21;0.0;28.896;1.5;18.63
1982-07-05;20.26;28.69;37.11;0.0;30.52;2.14;14.22
1982-07-06;19.47;28.09;36.7;0.0;29.125;1.94;21.91
1982-07-07;17.72;25.88;34.03;0.0;27.967;2.15;21.06
1982-07-08;16.46;24.59;32.73;0.0;29.987;2.48;22.29
1982-07-09;14.4;21.84;29.29;1.35;28.082;0.75;17.54
1982-07-10;20.74;30.68;40.62;1.0;26.659;0.88;34.44
1982-07-11;17.97;24.32;30.67;0.0;27.747;1.07;22.6
1982-07-12;15.99;24.5;33.01;0.0;29.482;2.44;18.78
1982-07-13;14.13;22.73;31.32;0.0;29.922;3.48;22.11
1982-07-14;14.39;22.53;30.67;0.0;29.469;3.35;21.76
1982-07-15;13.95;22.03;30.11;0.0;29.323;2.3;18.21
1982-07-16;14.54;23.41;32.29;0.0;29.5;2.35;13.66
1982-07-17;14.68;23.5;32.32;0.0;29.581;1.43;10.23
1982-07-18;14.57;24.0;33.42;0.0;29.075;1.83;12.65
1982-07-19;16.13;25.56;35.0;0.0;29.373;1.49;22.97
1982-07-20;15.98;24.58;33.17;0.0;29.96;1.92;17.71
1982-07-21;15.31;23.79;32.27;0.0;29.366;2.5;23.99
1982-07-22;14.75;22.89;31.03;0.0;30.245;1.44;17.26
1982-07-23;16.43;25.77;35.11;0.0;29.717;2.13;18.34
1982-07-24;17.11;25.81;34.51;0.0;28.449;2.56;19.29
1982-07-25;16.13;24.38;32.63;0.0;30.736;1.48;12.07
1982-07-26;16.08;25.7;35.32;0.0;29.471;1.93;10.18
1982-07-27;16.75;26.41;36.07;0.0;29.125;1.62;7.6
1982-07-28;20.96;31.07;41.18;0.0;28.611;1.57;6.13
1982-07-29;18.57;27.51;36.45;0.0;27.728;1.27;8.85
1982-07-30;19.94;29.77;39.61;0.0;29.563;1.29;4.57
1982-07-31;20.69;30.54;40.39;0.0;26.045;1.08;6.98
1982-08-01;20.51;29.6;38.69;0.0;27.098;1.16;9.83
1982-08-02;20.68;30.25;39.82;0.0;27.813;1.03;8.69
1982-08-03;20.52;30.11;39.7;0.0;27.266;2.21;10.71
1982-08-04;19.78;28.43;37.07;0.0;27.404;1.57;8.62
1982-08-05;21.11;29.79;38.48;0.0;21.603;1.89;13.37
1982-08-06;21.27;28.97;36.67;0.0;20.312;1.05;18.29
1982-08-07;24.87;32.71;40.55;0.12;19.648;2.6;14.09
1982-08-08;22.68;29.7;36.71;0.0;25.464;1.69;10.55
1982-08-09;20.34;28.68;37.02;0.0;28.135;1.46;14.37
1982-08-10;17.63;26.42;35.22;0.0;19.849;2.55;15.71
1982-08-11;14.79;22.3;29.82;0.0;25.231;2.99;25.68
1982-08-12;13.59;20.5;27.41;0.0;28.265;2.31;19.46
1982-08-13;12.8;20.57;28.34;0.0;26.449;0.57;15.46
1982-08-14;14.36;22.8;31.24;0.0;26.016;1.57;19.34
1982-08-15;17.27;25.41;33.54;0.0;24.445;1.26;27.87
1982-08-16;19.28;26.7;34.11;0.0;19.774;2.07;18.13
1982-08-17;21.38;28.97;36.56;0.16;16.897;2.99;21.67
1982-08-18;21.73;27.63;33.53;0.1;19.145;2.31;21.96
1982-08-19;20.2;26.76;33.32;0.1;19.792;1.47;16.86
1982-08-20;20.18;28.52;36.87;0.0;13.736;1.47;19.05
1982-08-21;21.73;29.9;38.07;0.12;17.105;1.27;17.16
1982-08-22;20.59;28.62;36.64;1.52;18.871;0.56;20.0
1982-08-23;18.8;27.33;35.85;0.0;22.588;0.96;14.89
1982-08-24;20.84;29.95;39.05;0.0;24.106;1.88;14.97
1982-08-25;19.16;27.69;36.21;0.0;25.171;2.46;13.73
1982-08-26;17.17;26.23;35.3;0.0;22.995;2.45;14.89
1982-08-27;15.12;23.38;31.64;0.0;25.124;2.43;18.21
1982-08-28;14.81;22.75;30.68;0.0;22.377;0.82;23.71
1982-08-29;15.77;23.63;31.5;0.0;22.245;0.66;20.11
1982-08-30;17.96;26.12;34.28;0.0;25.774;1.27;21.93
1982-08-31;18.08;26.16;34.25;0.0;25.913;1.47;14.45
1982-09-01;20.61;29.55;38.5;0.0;21.872;2.12;23.52
1982-09-02;19.15;25.57;32.0;0.0;22.334;2.11;22.2
1982-09-03;19.06;26.83;34.59;0.0;24.006;2.69;14.85
1982-09-04;15.99;22.75;29.51;0.0;22.113;0.9;26.6
1982-09-05;15.89;21.64;27.39;0.0;22.67;1.8;25.86
1982-09-06;14.86;20.37;25.87;0.0;22.783;3.04;17.4
1982-09-07;15.22;21.98;28.74;0.0;22.461;2.46;14.9
1982-09-08;16.6;24.17;31.74;0.0;21.884;2.03;14.32
1982-09-09;17.61;25.01;32.41;0.0;21.348;2.27;15.58
1982-09-10;18.84;26.28;33.73;0.0;20.758;3.2;18.36
1982-09-11;17.34;23.75;30.16;0.0;21.142;3.18;21.37
1982-09-12;16.29;22.67;29.05;0.0;21.178;1.22;14.55
1982-09-13;15.27;23.02;30.78;0.0;20.857;1.68;14.36
1982-09-14;15.51;24.02;32.52;0.0;20.13;2.62;25.26
1982-09-15;14.34;21.37;28.39;0.0;20.717;3.12;42.54
1982-09-16;12.52;17.64;22.77;0.0;12.301;2.8;49.22
1982-09-17;11.67;15.68;19.68;0.0;9.255;3.19;61.36
1982-09-18;11.0;13.8;16.61;0.0;15.126;1.91;39.92
1982-09-19;6.81;11.97;17.13;0.0;20.562;2.08;31.49
1982-09-20;7.32;14.79;22.26;0.0;19.303;1.4;34.06
1982-09-21;6.96;14.47;21.99;0.0;19.018;2.01;28.0
1982-09-22;5.95;13.36;20.77;0.0;18.762;2.41;26.09
1982-09-23;7.65;15.64;23.64;0.0;19.112;1.16;16.52
1982-09-24;9.78;17.86;25.94;0.0;18.302;1.4;21.91
1982-09-25;10.12;17.66;25.2;0.0;17.985;0.57;21.98
1982-09-26;8.93;16.61;24.29;0.0;16.632;0.48;37.79
1982-09-27;9.71;16.63;23.54;0.0;17.257;0.9;34.54
1982-09-28;9.71;16.38;23.06;0.0;19.021;0.75;22.51
1982-09-29;12.26;20.27;28.27;0.0;18.516;2.09;16.9
1982-09-30;14.48;22.61;30.74;0.0;17.991;2.14;17.12
1982-10-01;12.7;20.46;28.23;0.0;17.611;0.77;19.01
1982-10-02;15.6;24.71;33.81;0.0;18.867;1.22;10.64
1982-10-03;15.31;23.41;31.5;0.0;18.799;1.9;27.06
1982-10-04;16.81;23.71;30.61;0.0;15.174;2.92;27.96
1982-10-05;15.66;21.34;27.01;0.14;14.798;2.15;27.17
1982-10-06;14.17;20.16;26.15;0.0;15.066;1.32;27.08
1982-10-07;13.57;20.34;27.11;0.0;16.946;0.99;27.03
1982-10-08;15.14;22.41;29.69;0.0;15.79;2.43;30.54
1982-10-09;14.82;20.57;26.32;0.0;18.004;3.62;28.13
1982-10-10;15.39;21.08;26.77;3.89;6.543;4.06;48.2
1982-10-11;14.51;18.07;21.62;2.69;2.569;3.19;53.86
1982-10-12;14.45;18.89;23.33;0.0;16.808;3.36;42.01
1982-10-13;13.76;19.33;24.9;0.0;15.778;2.69;40.24
1982-10-14;12.12;18.13;24.15;0.18;15.631;2.02;32.3
1982-10-15;10.26;17.08;23.9;0.0;16.775;1.36;21.68
1982-10-16;11.43;18.97;26.51;0.0;16.38;1.23;25.38
1982-10-17;13.22;20.29;27.36;4.75;8.812;1.34;51.43
1982-10-18;13.67;18.34;23.0;0.14;9.412;0.38;57.49
1982-10-19;12.13;16.27;20.4;0.0;10.3;0.45;55.81
1982-10-20;11.76;16.77;21.78;0.0;12.707;0.58;43.73
1982-10-21;10.85;16.91;22.96;0.0;12.925;1.8;42.59
1982-10-22;12.25;18.49;24.74;0.0;12.676;2.16;37.86
1982-10-23;10.85;16.64;22.43;0.0;12.565;0.51;40.07
1982-10-24;9.46;16.21;22.97;0.0;12.58;1.22;39.22
1982-10-25;8.89;14.8;20.71;0.0;12.406;1.96;34.27
1982-10-26;7.39;13.79;20.19;0.0;12.495;0.61;38.15
1982-10-27;9.42;16.38;23.33;0.0;15.524;2.26;30.95
1982-10-28;11.86;18.99;26.13;0.0;14.971;3.2;33.61
1982-10-29;11.24;16.93;22.61;0.0;14.743;2.0;34.05
1982-10-30;10.38;16.33;22.28;0.0;11.901;2.08;32.71
1982-10-31;10.82;17.21;23.6;0.0;11.948;2.28;34.8
1982-11-01;9.59;15.65;21.71;0.0;12.347;2.44;30.97
1982-11-02;9.44;15.77;22.1;0.0;12.741;2.85;25.5
1982-11-03;8.42;14.99;21.56;0.0;14.005;1.96;18.4
1982-11-04;10.18;17.49;24.81;0.0;11.521;1.55;6.65
1982-11-05;10.62;17.54;24.45;0.0;11.234;2.68;23.78
1982-11-06;12.15;18.63;25.11;0.0;11.4;3.49;21.62
1982-11-07;10.7;16.38;22.06;0.0;13.601;2.79;24.25
1982-11-08;8.67;15.27;21.86;4.53;7.355;3.37;53.98
1982-11-09;12.25;17.41;22.56;32.45;5.005;6.7;87.75
1982-11-10;8.09;10.54;13.0;23.85;5.667;4.12;80.39
1982-11-11;3.36;6.59;9.82;0.0;11.515;1.77;47.89
1982-11-12;1.92;6.79;11.67;0.0;12.023;0.36;36.84
1982-11-13;3.0;9.47;15.94;6.65;4.87;2.56;61.47
1982-11-14;3.33;9.1;14.87;0.0;10.314;3.41;47.86
1982-11-15;1.8;5.89;9.97;0.0;11.035;1.66;45.25
1982-11-16;2.75;7.55;12.35;0.0;12.214;2.47;45.46
1982-11-17;5.38;10.82;16.27;0.0;12.771;1.93;47.05
1982-11-18;5.04;10.13;15.21;0.0;8.973;0.75;49.38
1982-11-19;5.81;10.74;15.67;0.0;9.106;2.65;49.1
1982-11-20;7.97;13.12;18.27;0.0;9.56;3.18;43.28
1982-11-21;7.7;12.72;17.75;0.0;11.335;2.12;39.28
1982-11-22;7.78;13.74;19.69;0.0;9.422;2.68;35.25
1982-11-23;8.89;14.97;21.06;0.7;10.37;3.11;48.86
1982-11-24;6.64;11.42;16.19;0.0;11.006;3.08;51.62
1982-11-25;6.13;10.71;15.29;0.0;8.366;2.79;48.1
1982-11-26;8.02;13.31;18.61;0.0;11.19;2.16;48.58
1982-11-27;5.57;10.87;16.17;0.0;9.488;2.31;47.99
1982-11-28;3.99;9.84;15.68;0.8;4.445;4.0;60.22
1982-11-29;1.45;5.9;10.36;0.0;8.212;3.34;48.14
1982-11-30;-0.11;3.58;7.28;0.0;9.882;1.56;40.8
1982-12-01;3.35;8.23;13.11;0.0;6.058;2.48;53.13
1982-12-02;2.28;7.25;12.23;0.33;7.15;3.15;55.68
1982-12-03;9.18;14.41;19.65;1.49;2.51;3.78;83.27
1982-12-04;10.05;12.63;15.2;0.29;5.006;3.51;70.07
1982-12-05;3.88;6.21;8.53;0.0;10.499;3.83;50.53
1982-12-06;2.16;6.76;11.36;0.0;9.572;2.35;24.55
1982-12-07;3.92;9.18;14.45;0.0;9.602;3.48;29.84
1982-12-08;3.58;9.14;14.71;0.0;9.736;1.84;36.19
1982-12-09;6.33;12.63;18.92;9.66;4.549;2.83;74.78
1982-12-10;7.68;11.39;15.11;22.18;2.932;3.27;90.86
1982-12-11;6.49;8.58;10.67;3.3;5.562;4.27;76.81
1982-12-12;4.99;7.35;9.71;3.54;6.801;2.85;71.03
1982-12-13;3.39;6.19;8.98;0.27;7.122;3.68;65.78
1982-12-14;1.76;6.04;10.32;0.0;7.257;1.05;51.9
1982-12-15;4.38;10.24;16.11;0.0;10.231;0.72;56.34
1982-12-16;6.25;11.79;17.33;0.42;4.768;2.61;76.77
1982-12-17;8.24;12.02;15.79;0.2;6.718;1.99;68.82
1982-12-18;8.77;12.45;16.13;3.1;1.877;3.22;81.27
1982-12-19;6.41;9.23;12.05;0.0;6.891;0.71;63.83
1982-12-20;6.14;10.65;15.17;0.0;10.237;2.33;53.19
1982-12-21;7.5;13.05;18.6;0.0;10.383;3.17;36.69
1982-12-22;7.37;12.87;18.36;0.0;10.342;2.93;39.54
1982-12-23;7.31;12.44;17.57;0.0;10.614;3.25;45.41
1982-12-24;8.66;13.26;17.86;0.0;9.929;3.94;38.47
1982-12-25;9.14;13.38;17.62;0.0;9.233;3.75;31.64
1982-12-26;9.7;13.65;17.61;0.0;9.882;4.15;32.43
1982-12-27;9.16;12.47;15.78;0.0;10.047;3.95;31.01
1982-12-28;7.36;10.87;14.37;0.27;8.926;2.69;46.87
1982-12-29;4.19;8.57;12.95;0.0;7.753;1.82;65.34
1982-12-30;4.56;8.41;12.26;3.32;2.306;4.23;72.4
1982-12-31;10.4;14.68;18.95;1.82;2.735;5.72;83.89
1983-01-01;9.38;11.11;12.83;0.0;10.694;4.73;40.41
1983-01-02;9.86;13.91;17.97;3.32;8.591;5.04;30.88
1983-01-03;8.07;12.13;16.19;6.33;5.168;2.98;72.7
1983-01-04;7.88;11.74;15.61;0.0;10.6;3.38;27.7
1983-01-05;5.43;10.86;16.29;4.77;6.342;4.15;58.86
1983-01-06;2.22;6.04;9.86;0.0;9.529;2.34;53.98
1983-01-07;3.72;8.68;13.63;4.11;3.258;4.5;57.83
1983-01-08;2.92;7.92;12.93;0.0;6.841;3.7;56.34
1983-01-09;6.02;9.96;13.9;1.85;2.834;4.17;78.84
1983-01-10;7.99;11.59;15.18;4.08;2.558;4.89;82.39
1983-01-11;6.14;8.66;11.19;0.0;6.516;2.07;66.6
1983-01-12;5.29;9.0;12.71;0.0;11.271;2.06;47.81
1983-01-13;7.03;13.26;19.48;0.0;11.536;2.95;35.74
1983-01-14;6.61;12.77;18.93;0.0;10.963;2.04;26.5
1983-01-15;6.19;12.86;19.52;0.0;11.996;2.36;23.46
1983-01-16;6.38;13.22;20.06;0.0;9.705;2.47;37.22
1983-01-17;9.62;15.23;20.84;0.0;6.434;1.4;64.53
1983-01-18;6.67;9.42;12.17;0.0;9.871;1.8;55.53
1983-01-19;5.74;10.99;16.24;0.0;11.375;2.13;51.76
1983-01-20;7.03;12.54;18.06;0.12;4.07;3.71;65.07
1983-01-21;6.15;9.92;13.69;8.01;2.063;4.44;78.73
1983-01-22;8.58;12.41;16.24;16.76;2.627;5.38;81.9
1983-01-23;7.48;9.8;12.13;28.07;3.263;4.31;87.84
1983-01-24;5.68;8.55;11.42;6.78;3.344;1.15;79.73
1983-01-25;5.38;8.8;12.23;0.0;12.112;2.27;39.07
1983-01-26;6.06;12.81;19.56;0.0;11.808;1.62;37.25
1983-01-27;3.81;10.11;16.41;0.0;12.952;0.95;44.65
1983-01-28;2.83;9.7;16.57;0.0;13.243;1.56;37.95
1983-01-29;3.12;9.28;15.44;0.0;11.546;2.4;41.84
1983-01-30;4.1;10.49;16.88;0.0;11.864;2.36;41.59
1983-01-31;2.09;8.45;14.8;0.0;11.349;3.47;52.04
1983-02-01;1.68;6.75;11.83;0.0;12.915;1.88;41.06
1983-02-02;3.87;9.58;15.29;0.22;11.43;2.2;50.5
1983-02-03;8.82;14.89;20.96;0.0;12.731;3.39;55.57
1983-02-04;3.92;7.42;10.93;1.55;7.256;4.91;56.48
1983-02-05;2.88;7.09;11.3;0.0;11.707;2.5;47.93
1983-02-06;4.06;8.3;12.54;6.07;5.476;3.98;60.4
1983-02-07;3.9;8.52;13.14;0.73;8.389;3.57;61.31
1983-02-08;2.64;5.77;8.89;8.34;9.858;2.92;64.51
1983-02-09;4.11;8.79;13.48;6.34;7.355;4.01;66.83
1983-02-10;1.77;6.11;10.45;0.21;9.046;3.02;53.08
1983-02-11;-0.04;3.67;7.39;0.0;14.139;0.63;41.58
1983-02-12;2.78;7.92;13.07;0.0;13.904;3.36;33.21
1983-02-13;7.53;13.83;20.12;0.0;14.607;3.81;32.06
1983-02-14;8.53;13.74;18.95;2.69;7.51;2.4;57.21
1983-02-15;8.33;12.01;15.69;1.69;6.947;2.64;74.0
1983-02-16;7.01;9.86;12.7;0.94;7.432;2.77;68.37
1983-02-17;3.31;6.36;9.41;0.0;14.874;3.72;44.18
1983-02-18;1.87;6.05;10.23;0.0;14.746;2.27;33.47
1983-02-19;5.17;11.61;18.04;0.0;14.889;1.15;41.51
1983-02-20;6.68;13.23;19.79;0.0;15.795;0.68;40.05
1983-02-21;6.32;13.22;20.13;0.0;15.273;1.49;41.5
1983-02-22;4.82;11.3;17.79;0.0;15.946;0.54;39.49
1983-02-23;8.11;15.77;23.42;0.0;13.759;2.52;34.07
1983-02-24;5.21;12.04;18.88;3.23;8.544;3.98;42.06
1983-02-25;1.6;8.15;14.7;0.0;15.494;2.44;41.09
1983-02-26;4.5;9.77;15.03;0.39;4.559;2.65;58.66
1983-02-27;3.24;8.24;13.24;0.0;17.44;1.91;36.8
1983-02-28;8.05;14.67;21.29;0.0;16.191;3.22;30.87
1983-03-01;8.16;14.65;21.15;3.9;14.56;3.01;38.26
1983-03-02;3.52;9.89;16.27;1.97;11.662;2.7;56.9
1983-03-03;3.0;8.23;13.47;6.38;10.0;3.45;54.53
1983-03-04;10.35;16.0;21.64;7.37;7.675;4.07;73.82
1983-03-05;9.69;12.4;15.11;4.36;8.135;2.73;67.17
1983-03-06;7.32;11.75;16.17;1.2;16.597;0.98;41.23
1983-03-07;6.04;12.85;19.66;0.31;15.319;3.01;42.61
1983-03-08;4.81;10.82;16.84;0.0;14.76;2.33;41.39
1983-03-09;8.55;15.2;21.85;0.0;16.852;3.1;33.31
1983-03-10;9.98;16.56;23.15;0.0;15.061;2.12;46.95
1983-03-11;7.36;12.21;17.07;0.0;19.164;0.54;40.88
1983-03-12;8.2;14.84;21.49;10.29;11.651;2.15;67.74
1983-03-13;8.53;13.33;18.13;5.86;13.855;3.13;63.4
1983-03-14;8.68;12.48;16.29;28.41;4.865;5.22;73.01
1983-03-15;9.57;13.19;16.81;14.43;8.97;5.65;74.69
1983-03-16;8.93;12.88;16.82;0.48;8.494;4.54;56.3
1983-03-17;10.05;12.11;14.16;1.56;7.471;3.86;85.15
1983-03-18;8.86;11.49;14.12;0.99;7.235;3.99;71.68
1983-03-19;3.91;7.24;10.57;0.0;21.206;1.67;36.16
1983-03-20;2.72;9.31;15.9;1.18;16.184;2.5;48.1
1983-03-21;4.0;10.49;16.99;0.0;17.939;4.23;38.92
1983-03-22;5.42;11.56;17.7;0.28;17.715;3.02;41.14
1983-03-23;5.29;11.32;17.35;0.0;20.278;1.58;34.48
1983-03-24;6.97;14.17;21.37;0.0;15.262;3.54;43.5
1983-03-25;5.63;11.15;16.67;0.0;14.507;3.72;44.34
1983-03-26;4.54;9.58;14.62;0.0;21.022;0.36;36.17
1983-03-27;8.41;15.76;23.1;0.0;23.787;1.44;33.38
1983-03-28;8.18;15.5;22.83;0.0;23.568;0.48;33.22
1983-03-29;10.81;18.96;27.1;0.0;22.372;1.5;32.2
1983-03-30;10.49;17.52;24.54;0.0;21.587;2.03;32.94
1983-03-31;11.47;18.52;25.56;0.0;23.913;3.08;24.53
1983-04-01;9.76;16.84;23.92;0.31;20.58;2.82;34.57
1983-04-02;9.04;15.12;21.19;0.0;17.336;0.7;42.02
1983-04-03;11.71;18.59;25.46;0.0;10.702;0.73;47.24
1983-04-04;7.42;12.24;17.06;0.0;23.23;0.87;53.52
1983-04-05;9.95;15.69;21.42;27.08;10.272;1.21;65.46
1983-04-06;10.67;13.66;16.64;10.86;8.13;2.46;60.27
1983-04-07;9.77;13.29;16.81;2.33;9.073;3.28;77.96
1983-04-08;8.7;10.97;13.24;5.24;9.07;3.93;68.21
1983-04-09;7.84;9.94;12.04;2.73;8.707;3.69;68.87
1983-04-10;7.5;10.02;12.53;0.0;23.05;2.39;51.05
1983-04-11;5.01;9.96;14.92;0.0;25.172;0.69;46.72
1983-04-12;9.44;16.84;24.23;0.0;27.287;2.47;35.09
1983-04-13;10.19;16.88;23.56;0.0;25.857;2.84;42.3
1983-04-14;8.9;13.9;18.9;2.3;8.974;3.1;60.59
1983-04-15;5.41;9.05;12.7;0.35;10.443;2.32;53.33
1983-04-16;4.19;9.84;15.48;0.0;24.573;1.35;44.82
1983-04-17;6.33;13.7;21.07;0.0;22.498;0.63;38.64
1983-04-18;8.39;15.79;23.2;0.0;26.459;1.38;40.47
1983-04-19;10.74;17.39;24.03;3.02;8.83;2.84;58.41
1983-04-20;10.81;13.91;17.0;6.28;10.502;3.44;72.66
1983-04-21;9.0;10.5;12.0;0.25;8.233;2.65;55.72
1983-04-22;12.53;17.34;22.15;0.0;16.877;2.29;50.66
1983-04-23;10.35;14.7;19.06;0.0;28.382;2.54;46.18
1983-04-24;8.78;14.11;19.44;0.0;26.849;0.86;35.27
1983-04-25;8.91;15.06;21.21;3.75;14.667;3.41;46.95
1983-04-26;6.97;12.36;17.75;3.05;8.911;4.44;52.51
1983-04-27;6.21;9.13;12.05;1.23;9.277;4.24;48.47
1983-04-28;7.0;10.63;14.26;0.2;8.97;3.58;51.63
1983-04-29;9.54;13.98;18.43;0.0;23.962;1.07;44.13
1983-04-30;9.28;14.89;20.51;0.0;26.4;2.14;38.77
1983-05-01;11.48;17.59;23.69;1.04;24.964;2.37;35.82
1983-05-02;8.43;14.46;20.49;0.0;20.154;1.36;43.47
1983-05-03;8.46;15.15;21.84;0.0;19.577;0.72;36.38
1983-05-04;10.48;16.84;23.21;0.0;25.061;1.8;44.79
1983-05-05;10.81;16.82;22.84;0.0;19.081;2.91;43.63
1983-05-06;9.16;14.64;20.13;0.0;21.07;2.18;33.03
1983-05-07;9.2;14.81;20.43;0.0;19.603;0.82;34.43
1983-05-08;10.8;16.85;22.9;0.0;29.169;0.98;36.09
1983-05-09;8.97;15.62;22.27;0.0;19.824;0.54;28.4
1983-05-10;13.24;22.07;30.9;0.0;24.806;1.61;25.69
1983-05-11;15.75;22.92;30.09;0.0;26.26;2.77;26.59
1983-05-12;12.26;18.68;25.09;0.0;20.492;1.21;34.42
1983-05-13;12.96;20.66;28.37;0.0;26.074;1.92;18.68
1983-05-14;15.43;23.45;31.47;0.0;28.459;0.89;26.83
1983-05-15;15.66;22.74;29.83;0.0;27.213;1.4;30.2
1983-05-16;17.6;24.77;31.94;0.0;28.828;2.9;25.42
1983-05-17;15.44;21.8;28.17;0.0;29.322;2.12;33.07
1983-05-18;12.17;18.03;23.89;0.58;26.975;1.89;41.37
1983-05-19;12.53;19.45;26.37;0.0;25.47;2.92;30.97
1983-05-20;12.04;17.93;23.82;0.0;26.919;0.98;20.13
1983-05-21;11.37;18.36;25.36;0.0;24.132;2.93;30.49
1983-05-22;11.37;17.86;24.34;0.0;27.859;1.83;18.35
1983-05-23;11.92;18.39;24.85;0.0;29.802;0.73;22.08
1983-05-24;12.71;19.91;27.1;0.0;27.2;1.07;20.94
1983-05-25;14.4;22.7;31.0;0.0;30.099;2.45;19.61
1983-05-26;14.36;21.27;28.17;0.0;30.673;1.22;13.55
1983-05-27;14.9;22.32;29.73;0.0;30.68;1.62;27.81
1983-05-28;16.36;23.52;30.68;0.0;31.742;1.6;21.51
1983-05-29;16.69;23.79;30.89;0.0;31.245;2.11;11.38
1983-05-30;15.59;22.75;29.91;0.0;29.932;2.0;9.24
1983-05-31;12.37;19.34;26.31;0.0;32.038;0.54;28.62
1983-06-01;13.32;21.2;29.08;0.0;26.019;0.96;30.01
1983-06-02;15.12;23.13;31.14;0.0;27.408;1.23;30.63
1983-06-03;16.83;24.43;32.03;0.0;31.325;2.2;23.1
1983-06-04;18.6;26.41;34.21;0.0;29.988;3.08;16.97
1983-06-05;15.94;23.41;30.89;0.0;29.935;2.12;18.69
1983-06-06;15.71;24.09;32.47;0.0;30.866;1.48;11.57
1983-06-07;15.55;23.48;31.42;0.0;30.52;2.73;33.53
1983-06-08;13.82;20.84;27.85;0.0;28.013;2.65;17.08
1983-06-09;13.77;21.05;28.34;0.0;28.232;1.93;19.89
1983-06-10;14.54;22.34;30.14;0.0;27.686;0.79;19.21
1983-06-11;15.3;23.44;31.58;0.39;8.969;0.65;28.05
1983-06-12;18.23;26.28;34.33;0.0;30.807;2.32;12.05
1983-06-13;19.53;27.48;35.43;0.0;29.303;2.51;12.89
1983-06-14;19.0;26.16;33.31;0.0;26.957;1.96;14.38
1983-06-15;20.2;27.6;35.01;0.0;31.557;2.54;16.18
1983-06-16;20.07;26.61;33.15;0.0;23.31;2.89;18.69
1983-06-17;20.86;27.04;33.22;0.0;17.745;2.92;19.05
1983-06-18;18.25;23.95;29.66;0.0;23.566;1.16;19.51
1983-06-19;13.56;19.68;25.81;0.0;26.796;0.94;18.94
1983-06-20;17.26;24.83;32.4;0.0;29.198;1.66;12.53
1983-06-21;17.76;25.08;32.4;0.0;27.598;1.95;17.38
1983-06-22;18.19;25.08;31.96;0.0;31.275;2.4;20.89
1983-06-23;19.01;26.13;33.25;0.0;30.065;2.39;14.11
1983-06-24;19.22;26.79;34.37;0.0;30.02;2.17;10.69
1983-06-25;18.49;26.45;34.41;0.0;31.241;2.7;17.2
1983-06-26;15.47;22.82;30.16;0.0;31.417;2.32;22.6
1983-06-27;14.87;22.79;30.7;0.0;29.309;1.22;14.71
1983-06-28;14.84;23.52;32.19;0.0;28.959;1.56;16.78
1983-06-29;15.79;24.6;33.41;0.0;27.812;2.21;25.83
1983-06-30;15.17;22.95;30.72;0.0;28.237;2.24;23.68
1983-07-01;15.15;23.02;30.89;0.0;30.032;2.32;14.19
1983-07-02;14.86;23.77;32.69;0.0;30.342;3.08;18.37
1983-07-03;13.17;20.96;28.76;0.0;30.365;3.0;13.04
1983-07-04;13.55;21.96;30.38;0.0;30.656;2.8;7.17
1983-07-05;14.2;22.89;31.59;0.0;30.819;1.94;4.95
1983-07-06;14.61;23.7;32.78;0.0;30.353;1.76;6.59
1983-07-07;22.4;32.09;41.78;0.0;25.311;2.28;17.94
1983-07-08;18.31;22.92;27.53;0.0;30.471;0.71;9.45
1983-07-09;23.74;33.3;42.85;0.0;26.482;3.07;6.08
1983-07-10;22.37;30.08;37.79;0.0;27.005;1.66;8.0
1983-07-11;20.38;28.48;36.59;0.0;27.471;0.91;9.22
1983-07-12;19.02;28.17;37.32;0.0;29.085;1.13;8.22
1983-07-13;19.37;29.08;38.78;0.0;26.813;0.9;9.96
1983-07-14;22.74;31.68;40.62;0.0;25.857;1.28;13.15
1983-07-15;18.63;24.95;31.28;0.0;27.12;2.93;17.02
1983-07-16;16.43;24.46;32.49;0.0;28.526;2.05;18.41
1983-07-17;16.15;25.02;33.88;0.0;29.963;1.32;14.72
1983-07-18;18.63;28.1;37.57;0.0;29.901;0.73;13.94
1983-07-19;19.02;27.88;36.74;0.0;27.18;0.61;14.37
1983-07-20;20.41;29.78;39.16;0.0;27.698;0.9;12.66
1983-07-21;20.4;29.62;38.84;0.0;30.337;1.28;9.68
1983-07-22;19.67;29.23;38.79;0.0;30.048;1.6;8.07
1983-07-23;17.88;27.44;37.0;0.0;30.764;1.65;8.66
1983-07-24;18.23;28.28;38.33;0.0;29.475;1.21;5.98
1983-07-25;20.94;31.29;41.64;0.0;21.984;1.4;7.56
1983-07-26;21.88;30.71;39.54;0.0;26.461;2.53;11.8
1983-07-27;24.52;33.15;41.77;0.0;26.347;2.83;11.18
1983-07-28;24.38;31.19;38.0;0.0;23.255;3.02;12.55
1983-07-29;22.48;28.55;34.63;0.0;25.514;1.95;16.6
1983-07-30;21.19;27.73;34.27;0.0;29.63;2.05;18.96
1983-07-31;20.53;27.94;35.35;0.0;25.724;1.2;22.33
1983-08-01;15.66;22.63;29.59;0.0;27.084;2.03;18.15
1983-08-02;13.7;21.16;28.63;0.0;28.463;0.95;13.45
1983-08-03;14.59;23.33;32.06;0.0;28.249;0.94;12.39
1983-08-04;15.76;24.89;34.03;0.0;27.146;0.74;13.44
1983-08-05;17.55;26.81;36.08;0.0;25.771;0.74;16.28
1983-08-06;18.88;27.62;36.35;0.0;22.198;1.79;20.11
1983-08-07;22.42;30.58;38.74;0.0;25.536;2.99;14.97
1983-08-08;22.85;30.13;37.4;0.0;29.176;3.0;13.38
1983-08-09;23.07;30.59;38.11;0.0;29.843;2.68;11.22
1983-08-10;22.14;29.99;37.84;0.0;26.087;2.26;9.68
1983-08-11;20.19;28.68;37.17;0.0;23.604;0.94;14.43
1983-08-12;20.68;29.67;38.66;0.0;25.109;0.55;11.4
1983-08-13;21.54;30.52;39.5;0.0;25.631;0.48;9.14
1983-08-14;21.07;30.09;39.11;0.11;20.953;0.32;13.35
1983-08-15;20.52;29.45;38.39;0.11;22.485;0.3;15.06
1983-08-16;22.19;31.32;40.45;0.0;20.97;2.42;15.06
1983-08-17;21.82;29.43;37.03;0.0;24.462;2.32;14.65
1983-08-18;20.43;27.39;34.34;0.0;25.692;1.77;15.6
1983-08-19;18.75;26.0;33.26;0.0;26.424;1.48;17.0
1983-08-20;19.88;27.86;35.84;0.0;23.446;2.68;19.35
1983-08-21;22.82;30.27;37.71;0.12;18.601;2.84;19.22
1983-08-22;22.75;27.86;32.97;0.0;4.939;2.99;16.3
1983-08-23;22.76;27.79;32.82;0.0;25.263;2.79;13.5
1983-08-24;21.82;28.16;34.5;0.0;20.185;2.75;15.59
1983-08-25;21.55;27.82;34.09;2.2;18.773;2.82;20.07
1983-08-26;17.71;23.77;29.82;2.49;19.105;1.27;49.53
1983-08-27;13.27;18.86;24.44;0.0;24.403;2.01;36.23
1983-08-28;10.43;17.15;23.87;0.0;22.796;2.03;27.14
1983-08-29;13.05;20.94;28.83;0.0;19.099;2.87;40.86
1983-08-30;11.7;17.49;23.28;0.0;19.859;2.74;31.25
1983-08-31;11.81;18.88;25.94;0.0;23.012;2.02;24.56
1983-09-01;14.79;22.65;30.51;0.0;25.148;1.82;23.71
1983-09-02;15.3;22.71;30.12;0.0;26.144;0.89;13.59
1983-09-03;17.35;25.98;34.61;0.0;24.733;0.91;15.48
1983-09-04;18.4;26.91;35.43;0.0;25.018;1.41;17.18
1983-09-05;20.15;28.61;37.06;0.0;24.53;1.03;14.3
1983-09-06;19.52;27.98;36.45;0.0;24.84;1.57;14.16
1983-09-07;18.9;27.86;36.82;0.0;24.367;1.6;10.73
1983-09-08;19.57;28.88;38.18;0.0;22.912;1.14;2.78
1983-09-09;18.76;27.84;36.92;0.0;11.481;0.76;15.9
1983-09-10;17.82;25.75;33.68;0.0;21.491;1.53;14.57
1983-09-11;20.18;29.25;38.33;0.0;13.658;1.13;13.99
1983-09-12;19.01;25.99;32.97;0.0;19.894;2.01;24.81
1983-09-13;18.36;25.5;32.65;0.0;20.59;1.0;21.02
1983-09-14;17.42;24.91;32.41;2.87;17.158;0.47;31.4
1983-09-15;16.39;23.55;30.72;0.0;15.512;1.4;50.64
1983-09-16;15.17;20.27;25.36;2.3;12.63;1.15;61.17
1983-09-17;13.58;18.16;22.75;13.59;12.035;0.63;61.0
1983-09-18;14.77;20.09;25.41;26.65;7.143;0.21;80.9
1983-09-19;10.96;14.13;17.3;0.0;18.261;0.53;51.68
1983-09-20;12.15;19.13;26.1;0.0;21.177;0.99;45.65
1983-09-21;14.4;21.33;28.26;26.58;2.41;0.64;82.7
1983-09-22;11.44;13.62;15.8;0.0;12.113;1.58;67.91
1983-09-23;9.46;13.33;17.2;0.0;16.333;0.6;56.49
1983-09-24;11.17;17.39;23.61;0.0;17.781;0.83;46.85
1983-09-25;13.59;20.18;26.77;0.0;18.035;1.48;45.74
1983-09-26;14.3;20.45;26.59;6.6;13.292;0.58;68.12
1983-09-27;12.27;16.59;20.91;0.0;14.983;0.23;59.86
1983-09-28;14.49;20.94;27.39;0.0;14.539;0.64;61.64
1983-09-29;13.84;18.81;23.79;0.0;14.224;0.77;57.34
1983-09-30;12.95;18.38;23.81;0.18;10.897;0.39;61.88
1983-10-01;13.49;18.27;23.04;2.18;12.225;0.4;58.82
1983-10-02;12.87;18.68;24.49;0.0;16.085;0.32;48.99
1983-10-03;14.36;20.76;27.16;0.0;13.101;1.9;53.38
1983-10-04;14.11;19.13;24.15;0.0;16.855;3.92;37.8
1983-10-05;13.34;18.71;24.09;0.0;17.207;4.63;30.85
1983-10-06;13.75;19.54;25.32;0.0;16.365;3.17;26.77
1983-10-07;12.69;19.19;25.69;0.0;16.804;3.07;23.98
1983-10-08;12.5;19.21;25.93;0.0;16.826;2.53;25.65
1983-10-09;11.64;18.36;25.08;0.0;16.461;2.46;27.36
1983-10-10;12.05;18.85;25.65;0.0;15.413;2.77;26.97
1983-10-11;12.91;19.64;26.38;0.0;13.552;2.09;29.99
1983-10-12;12.25;18.63;25.01;0.0;9.266;1.11;35.12
1983-10-13;10.36;17.43;24.5;1.66;10.331;0.65;32.63
1983-10-14;9.96;18.02;26.07;0.0;14.311;0.65;30.77
1983-10-15;11.29;19.16;27.04;0.0;13.344;2.09;48.44
1983-10-16;12.88;18.98;25.09;0.0;16.245;2.12;36.58
1983-10-17;12.89;19.32;25.75;0.0;16.083;2.0;34.43
1983-10-18;12.85;19.55;26.25;0.0;15.62;1.7;33.02
1983-10-19;14.87;21.79;28.71;0.0;9.968;2.77;31.78
1983-10-20;12.95;18.29;23.63;11.87;9.212;4.04;59.18
1983-10-21;11.8;16.34;20.88;0.71;6.39;3.75;65.79
1983-10-22;8.31;12.0;15.68;0.0;13.14;0.87;44.92
1983-10-23;12.63;19.41;26.19;0.0;14.806;3.57;35.23
1983-10-24;15.13;21.35;27.57;0.0;14.79;4.32;31.14
1983-10-25;12.57;17.77;22.96;0.0;14.268;3.53;28.08
1983-10-26;9.47;16.45;23.43;0.0;12.333;0.98;40.7
1983-10-27;8.78;15.77;22.76;4.07;12.258;2.31;46.39
1983-10-28;8.89;15.36;21.82;0.0;12.05;3.36;52.37
1983-10-29;7.57;12.39;17.21;0.0;14.615;0.88;45.05
1983-10-30;8.9;14.86;20.81;0.0;14.297;2.08;44.47
1983-10-31;10.52;16.87;23.21;0.0;13.845;0.79;45.81
1983-11-01;9.52;15.27;21.02;0.0;13.186;1.24;41.64
1983-11-02;8.7;14.7;20.7;0.0;11.814;0.88;41.91
1983-11-03;7.31;13.74;20.18;0.0;12.588;2.0;30.39
1983-11-04;7.81;14.93;22.06;0.0;15.138;2.33;29.13
1983-11-05;6.12;11.62;17.12;0.0;13.903;2.24;33.1
1983-11-06;8.21;14.2;20.19;0.0;13.682;2.79;25.49
1983-11-07;8.07;13.81;19.56;0.0;10.823;1.9;37.22
1983-11-08;6.86;12.94;19.01;0.0;13.282;1.58;26.81
1983-11-09;8.35;15.91;23.47;0.0;12.914;1.82;23.22
1983-11-10;5.0;12.6;20.2;0.0;11.998;1.35;22.9
1983-11-11;5.91;15.06;24.22;0.0;12.728;2.44;29.54
1983-11-12;11.53;19.88;28.22;0.0;9.812;3.0;47.83
1983-11-13;8.32;13.12;17.91;0.0;9.539;3.61;41.68
1983-11-14;5.14;9.67;14.2;0.0;11.789;1.86;29.63
1983-11-15;4.96;11.68;18.4;0.0;13.021;2.11;19.41
1983-11-16;8.71;17.01;25.31;0.0;12.614;3.4;23.37
1983-11-17;11.05;17.95;24.85;0.98;5.018;5.07;62.16
1983-11-18;10.72;13.67;16.62;1.92;4.009;4.32;65.39
1983-11-19;10.26;12.73;15.2;4.21;1.815;3.52;83.86
1983-11-20;6.9;8.55;10.2;5.02;5.689;2.89;74.25
1983-11-21;6.23;9.64;13.06;3.96;5.136;4.46;66.09
1983-11-22;3.45;6.41;9.37;7.13;4.097;3.1;62.35
1983-11-23;7.53;12.68;17.82;2.76;4.409;4.51;71.7
1983-11-24;2.8;5.73;8.67;0.0;11.902;0.23;48.88
1983-11-25;4.63;10.68;16.74;0.0;8.618;0.98;48.56
1983-11-26;6.98;12.68;18.37;0.0;11.096;2.87;46.26
1983-11-27;8.33;13.67;19.01;0.0;9.915;3.13;40.43
1983-11-28;8.17;13.41;18.65;0.0;10.598;1.89;36.99
1983-11-29;6.02;12.17;18.33;0.0;10.106;1.11;24.84
1983-11-30;3.7;11.45;19.2;0.0;11.37;2.3;32.46
1983-12-01;7.81;14.87;21.93;4.88;3.002;2.85;78.79
1983-12-02;6.2;10.17;14.14;0.0;8.279;1.39;55.18
1983-12-03;5.14;10.24;15.35;0.0;9.605;1.26;44.29
1983-12-04;5.62;11.42;17.22;0.0;10.773;1.7;42.06
1983-12-05;6.46;12.51;18.56;0.0;7.957;2.27;46.2
1983-12-06;5.03;10.71;16.4;0.34;7.033;0.9;60.71
1983-12-07;2.82;8.25;13.68;0.0;7.224;0.51;45.15
1983-12-08;4.43;10.54;16.66;0.0;10.412;2.76;41.38
1983-12-09;5.13;11.58;18.04;0.0;10.29;2.69;45.48
1983-12-10;4.19;10.69;17.18;0.0;9.96;1.27;45.27
1983-12-11;4.11;10.52;16.93;0.0;8.151;2.63;42.73
1983-12-12;4.52;9.63;14.74;0.0;7.544;2.26;48.36
1983-12-13;5.63;11.02;16.41;0.0;9.982;2.32;40.48
1983-12-14;3.58;9.16;14.73;0.0;9.285;2.95;39.25
1983-12-15;4.49;10.33;16.17;0.43;3.84;3.86;65.13
1983-12-16;1.71;5.57;9.43;0.0;8.453;2.17;36.23
1983-12-17;1.41;6.16;10.9;1.41;8.685;2.11;37.2
1983-12-18;3.2;9.01;14.81;3.71;6.98;4.24;61.66
1983-12-19;1.32;4.74;8.16;0.0;9.729;3.09;27.73
1983-12-20;0.61;4.06;7.51;0.0;8.235;1.93;32.08
1983-12-21;1.69;5.97;10.26;0.0;7.322;2.15;45.26
1983-12-22;2.29;6.95;11.61;0.0;8.542;1.27;47.2
1983-12-23;2.18;7.0;11.82;0.0;7.985;1.13;47.33
1983-12-24;1.99;7.2;12.4;0.0;10.551;1.12;39.09
1983-12-25;1.39;7.62;13.84;0.0;10.786;1.93;32.99
1983-12-26;3.45;9.52;15.58;0.0;11.444;1.94;43.84
1983-12-27;3.69;9.16;14.63;0.0;10.733;2.02;37.79
1983-12-28;4.8;10.75;16.7;0.0;10.571;2.75;30.93
1983-12-29;4.51;10.57;16.63;0.0;9.849;2.44;32.07
1983-12-30;4.36;10.79;17.21;0.0;10.43;2.35;29.15
1983-12-31;3.91;10.31;16.71;0.0;11.136;1.39;30.35
1984-01-01;3.25;9.73;16.21;0.0;9.899;0.64;27.57
1984-01-02;4.19;11.41;18.63;0.0;10.292;1.47;24.68
1984-01-03;3.07;9.98;16.89;0.0;8.646;1.4;42.14
1984-01-04;2.58;9.34;16.1;0.0;8.779;0.9;46.46
1984-01-05;5.14;11.54;17.94;0.0;10.709;3.42;30.81
1984-01-06;6.51;12.98;19.45;7.98;6.467;3.24;57.56
1984-01-07;3.3;7.08;10.87;0.0;9.9;2.23;53.58
1984-01-08;2.55;7.3;12.05;0.0;8.522;1.83;49.86
1984-01-09;2.1;7.39;12.68;6.2;3.763;2.25;58.1
1984-01-10;1.36;5.79;10.23;0.0;7.584;2.84;56.61
1984-01-11;1.46;5.86;10.26;3.89;4.883;3.23;57.71
1984-01-12;8.83;15.11;21.38;3.41;4.58;3.22;77.92
1984-01-13;7.18;10.02;12.85;0.0;10.893;3.98;53.72
1984-01-14;3.88;8.11;12.33;9.47;6.065;3.68;70.26
1984-01-15;1.78;5.88;9.97;0.0;11.463;2.32;52.52
1984-01-16;1.73;6.33;10.92;8.37;11.295;3.48;47.59
1984-01-17;5.24;11.27;17.3;8.46;7.303;4.68;74.4
1984-01-18;5.48;8.88;12.29;31.71;3.395;6.27;78.42
1984-01-19;5.38;9.97;14.56;10.76;6.708;4.69;81.12
1984-01-20;3.31;6.29;9.27;19.91;7.678;4.16;57.81
1984-01-21;8.0;12.8;17.6;35.33;3.472;3.42;87.67
1984-01-22;8.51;10.56;12.61;23.17;4.8;3.59;82.29
1984-01-23;4.25;7.26;10.28;3.5;5.782;5.42;59.68
1984-01-24;3.72;8.5;13.28;0.0;10.846;2.79;53.37
1984-01-25;6.72;12.38;18.03;0.0;10.218;2.27;57.94
1984-01-26;6.28;10.78;15.27;0.0;12.206;2.85;33.62
1984-01-27;8.42;14.7;20.97;1.06;12.216;4.12;29.35
1984-01-28;3.75;9.18;14.61;1.94;6.421;3.69;70.09
1984-01-29;1.65;5.96;10.26;0.0;9.749;1.8;54.47
1984-01-30;1.94;7.22;12.51;0.0;12.41;2.93;43.37
1984-01-31;1.21;6.87;12.52;0.0;12.305;1.85;46.46
1984-02-01;8.84;15.31;21.79;0.91;4.711;2.45;77.44
1984-02-02;9.73;12.14;14.56;2.99;3.84;3.64;75.19
1984-02-03;5.19;7.21;9.24;0.13;10.162;1.89;62.75
1984-02-04;4.78;10.21;15.64;0.0;13.936;1.7;43.3
1984-02-05;4.85;11.38;17.91;0.0;10.331;2.67;53.15
1984-02-06;1.74;7.33;12.93;0.0;13.971;2.13;41.89
1984-02-07;2.69;8.04;13.38;0.0;15.405;2.12;36.5
1984-02-08;3.61;9.91;16.22;0.0;14.596;1.0;36.84
1984-02-09;4.36;10.87;17.38;0.0;13.613;0.62;38.34
1984-02-10;4.46;11.12;17.77;0.0;13.605;1.52;44.25
1984-02-11;5.95;12.21;18.47;0.0;15.151;1.94;41.79
1984-02-12;6.24;12.07;17.91;0.0;14.834;1.82;41.59
1984-02-13;7.37;13.59;19.8;2.79;11.896;1.91;61.99
1984-02-14;7.17;12.0;16.84;0.22;8.683;1.1;67.55
1984-02-15;6.75;12.06;17.38;0.0;14.015;1.92;46.96
1984-02-16;7.82;13.63;19.44;0.28;15.639;2.8;45.76
1984-02-17;6.41;11.88;17.34;0.67;6.329;4.44;64.69
1984-02-18;2.98;7.48;11.98;0.0;16.891;0.35;41.4
1984-02-19;6.23;12.82;19.41;0.0;16.8;1.6;41.45
1984-02-20;6.54;12.64;18.75;0.0;16.815;1.6;36.97
1984-02-21;9.02;16.13;23.25;0.0;15.847;2.85;34.51
1984-02-22;9.49;15.46;21.42;0.0;16.743;3.03;36.83
1984-02-23;10.16;15.7;21.24;2.79;9.234;3.17;58.27
1984-02-24;6.61;11.12;15.63;0.41;15.493;2.54;47.81
1984-02-25;3.04;8.95;14.86;0.0;16.102;1.3;39.7
1984-02-26;3.08;9.75;16.43;1.25;16.115;1.71;42.25
1984-02-27;4.76;11.66;18.55;6.41;14.051;3.73;74.07
1984-02-28;3.87;8.29;12.72;4.04;2.698;2.26;76.84
1984-02-29;0.0;0.0;0.0;0.0;0.0;0.0;0.0
1984-03-01;3.51;6.09;8.67;0.94;15.435;2.71;39.77
1984-03-02;2.12;6.1;10.08;0.0;14.785;2.83;40.99
1984-03-03;3.42;8.95;14.47;0.0;15.218;1.57;40.79
1984-03-04;5.36;11.42;17.49;0.0;14.974;1.01;40.84
1984-03-05;5.4;12.27;19.13;0.0;16.542;2.34;36.08
1984-03-06;6.24;13.07;19.9;0.0;17.629;3.13;28.05
1984-03-07;7.06;13.47;19.88;0.0;17.27;3.08;27.11
1984-03-08;7.02;13.78;20.54;0.0;19.937;2.37;28.29
1984-03-09;6.16;12.79;19.41;0.0;19.068;1.24;29.86
1984-03-10;5.75;12.79;19.83;0.0;17.325;0.4;29.22
1984-03-11;7.68;15.55;23.43;0.0;17.626;1.15;28.82
1984-03-12;6.55;15.21;23.86;0.0;18.761;1.32;26.23
1984-03-13;3.89;11.75;19.61;0.0;20.194;2.45;32.79
1984-03-14;3.17;11.55;19.92;0.0;19.483;1.17;30.14
1984-03-15;4.02;11.58;19.14;0.0;20.652;1.05;30.16
1984-03-16;7.89;14.71;21.53;0.0;18.411;3.92;29.38
1984-03-17;2.84;10.63;18.41;1.51;14.778;3.67;40.79
1984-03-18;3.02;9.94;16.86;0.34;13.522;3.8;42.2
1984-03-19;7.23;12.55;17.88;3.4;7.478;4.14;69.05
1984-03-20;5.92;11.5;17.08;2.36;15.583;5.12;42.09
1984-03-21;2.4;5.27;8.14;0.92;14.837;2.91;43.59
1984-03-22;7.59;11.1;14.61;7.91;15.299;5.83;62.47
1984-03-23;3.11;9.23;15.35;0.32;14.539;4.05;41.11
1984-03-24;2.51;4.69;6.86;0.0;22.203;1.31;36.33
1984-03-25;4.29;9.87;15.44;0.36;8.167;2.75;55.35
1984-03-26;5.79;12.9;20.01;0.71;9.558;3.07;62.16
1984-03-27;3.74;9.69;15.63;0.0;22.947;1.43;36.18
1984-03-28;3.92;8.29;12.67;0.0;19.812;2.48;38.97
1984-03-29;6.63;13.37;20.11;5.14;8.545;4.66;70.85
1984-03-30;6.52;13.72;20.93;2.38;13.804;3.94;52.46
1984-03-31;7.7;12.04;16.39;0.0;14.196;3.35;45.27
1984-04-01;8.38;12.92;17.46;15.05;8.204;4.3;76.79
1984-04-02;7.24;11.38;15.51;14.25;8.241;4.63;74.37
1984-04-03;5.69;7.64;9.59;8.88;7.949;4.39;73.1
1984-04-04;4.67;7.12;9.56;0.96;7.74;3.87;53.58
1984-04-05;3.77;6.33;8.89;0.0;25.681;0.89;48.71
1984-04-06;6.61;10.13;13.66;0.0;21.187;1.2;46.98
1984-04-07;9.26;15.0;20.75;0.0;19.855;2.99;37.93
1984-04-08;6.83;12.86;18.89;0.59;8.336;3.0;56.83
1984-04-09;5.24;10.99;16.74;0.0;15.219;1.75;51.96
1984-04-10;6.12;10.18;14.23;0.0;24.262;0.81;42.12
1984-04-11;7.17;12.32;17.48;0.0;25.567;0.56;41.33
1984-04-12;11.64;18.66;25.69;0.0;20.299;3.0;30.87
1984-04-13;10.53;17.88;25.23;0.47;7.986;3.98;58.18
1984-04-14;8.65;14.84;21.02;2.87;9.132;4.09;58.41
1984-04-15;7.22;10.19;13.15;0.0;17.359;2.79;48.13
1984-04-16;6.45;8.69;10.92;0.25;27.492;0.51;38.94
1984-04-17;6.57;11.51;16.45;0.0;26.097;3.3;41.71
1984-04-18;7.57;14.77;21.97;0.0;8.647;3.52;54.08
1984-04-19;8.1;14.45;20.8;0.0;8.838;3.91;53.01
1984-04-20;5.98;9.78;13.58;0.0;10.854;2.94;48.18
1984-04-21;5.36;8.27;11.17;0.23;21.204;1.89;40.17
1984-04-22;5.8;10.12;14.44;0.0;24.173;1.84;41.69
1984-04-23;8.04;13.98;19.93;0.0;27.4;1.98;27.19
1984-04-24;7.8;13.86;19.92;0.0;24.938;1.08;23.24
1984-04-25;8.28;15.28;22.28;0.0;22.779;0.71;29.19
1984-04-26;8.84;16.34;23.84;0.61;18.471;0.28;30.2
1984-04-27;9.54;16.96;24.38;0.0;24.298;0.65;30.09
1984-04-28;10.24;17.82;25.4;0.0;25.143;0.38;22.37
1984-04-29;10.97;18.46;25.95;0.0;28.866;0.94;24.48
1984-04-30;12.46;19.76;27.05;0.0;29.062;2.95;23.14
1984-05-01;9.61;16.91;24.21;0.87;19.111;1.8;27.51
1984-05-02;9.76;15.04;20.33;0.0;27.116;2.21;35.22
1984-05-03;11.13;18.33;25.53;0.0;26.209;1.93;39.87
1984-05-04;11.36;18.24;25.13;0.0;26.96;1.11;30.77
1984-05-05;12.15;18.46;24.77;0.0;22.372;1.51;38.17
1984-05-06;9.55;16.46;23.37;0.0;23.274;1.4;33.68
1984-05-07;10.65;17.47;24.29;0.88;27.638;1.35;25.26
1984-05-08;12.02;19.84;27.67;0.0;19.222;1.5;21.61
1984-05-09;13.85;21.5;29.16;1.56;28.701;0.76;23.45
1984-05-10;14.03;21.7;29.36;0.0;20.138;0.97;24.66
1984-05-11;14.8;22.23;29.65;0.0;26.219;2.69;25.33
1984-05-12;12.45;20.38;28.3;0.0;28.085;3.74;33.0
1984-05-13;8.77;16.18;23.59;0.0;22.254;3.82;35.24
1984-05-14;7.18;11.56;15.95;0.32;23.515;2.74;28.84
1984-05-15;10.28;15.02;19.75;0.0;24.344;0.71;29.35
1984-05-16;10.09;16.79;23.49;0.37;25.281;1.96;35.04
1984-05-17;13.17;19.2;25.23;0.0;26.907;3.21;14.97
1984-05-18;14.68;21.59;28.49;0.0;28.416;2.76;14.52
1984-05-19;14.58;21.39;28.2;0.0;24.656;2.93;16.46
1984-05-20;15.65;22.18;28.72;0.74;25.205;3.1;30.45
1984-05-21;11.86;19.06;26.26;0.0;27.549;2.29;32.57
1984-05-22;11.78;16.54;21.3;0.0;30.498;1.72;25.3
1984-05-23;11.02;17.55;24.07;0.0;25.142;2.34;29.66
1984-05-24;11.27;18.51;25.75;2.87;13.446;2.8;46.73
1984-05-25;10.61;17.27;23.93;0.0;25.922;1.11;25.3
1984-05-26;11.12;16.23;21.34;0.0;29.759;0.61;29.02
1984-05-27;12.46;19.56;26.66;0.0;26.61;0.85;26.7
1984-05-28;15.48;22.41;29.34;0.0;29.494;1.5;24.33
1984-05-29;16.39;23.63;30.88;0.0;31.122;1.73;21.17
1984-05-30;16.02;22.48;28.94;0.0;28.62;2.8;25.71
1984-05-31;12.99;20.25;27.51;1.41;20.37;2.29;34.33
1984-06-01;12.98;18.96;24.94;0.0;27.365;1.97;19.81
1984-06-02;14.47;21.91;29.34;0.0;31.983;2.11;12.14
1984-06-03;15.1;23.52;31.95;0.0;26.411;3.44;18.67
1984-06-04;14.11;22.09;30.08;0.0;27.991;4.2;19.85
1984-06-05;13.69;21.03;28.37;0.0;29.936;2.54;12.74
1984-06-06;15.56;22.44;29.32;0.0;28.114;3.45;22.06
1984-06-07;13.65;21.24;28.83;0.0;30.655;2.18;10.83
1984-06-08;11.45;17.87;24.29;0.0;27.368;0.61;28.58
1984-06-09;14.11;21.78;29.45;0.0;30.262;1.55;28.09
1984-06-10;16.06;23.89;31.73;0.0;30.573;2.66;18.9
1984-06-11;15.23;22.52;29.81;0.62;22.999;3.47;38.11
1984-06-12;10.92;18.42;25.92;0.0;25.584;4.71;34.3
1984-06-13;10.56;16.21;21.86;0.0;28.336;2.82;28.31
1984-06-14;11.65;16.84;22.04;0.0;30.617;1.47;19.25
1984-06-15;13.65;20.76;27.87;0.0;29.728;2.83;20.43
1984-06-16;13.5;21.54;29.58;0.0;31.079;1.85;17.36
1984-06-17;12.71;19.8;26.89;0.0;30.156;2.13;14.04
1984-06-18;13.8;21.37;28.93;0.0;29.785;3.39;18.29
1984-06-19;13.1;21.46;29.82;0.0;30.271;2.67;16.5
1984-06-20;13.83;20.41;26.99;0.0;30.053;3.51;18.71
1984-06-21;12.41;19.8;27.18;0.0;30.314;1.66;10.62
1984-06-22;12.18;18.53;24.88;0.0;29.419;1.27;23.01
1984-06-23;13.64;21.59;29.55;0.0;29.343;1.75;23.71
1984-06-24;13.61;21.59;29.58;0.0;30.338;0.78;15.68
1984-06-25;17.68;25.63;33.57;0.0;28.929;1.23;14.7
1984-06-26;16.97;25.93;34.88;0.0;28.954;1.43;18.71
1984-06-27;16.77;24.98;33.2;0.0;28.544;1.75;18.65
1984-06-28;18.12;26.51;34.9;0.0;30.027;1.69;9.65
1984-06-29;17.51;26.1;34.69;0.0;28.131;2.04;32.26
1984-06-30;16.84;24.92;33.01;0.0;27.545;1.24;27.98
1984-07-01;16.29;23.79;31.28;0.0;30.345;1.56;14.65
1984-07-02;16.78;25.05;33.31;0.0;30.213;1.55;17.82
1984-07-03;18.03;27.49;36.95;0.0;29.101;1.74;19.27
1984-07-04;17.33;26.45;35.58;0.0;29.269;0.66;16.07
1984-07-05;18.9;27.46;36.02;0.0;28.877;1.48;18.53
1984-07-06;19.86;29.05;38.25;0.0;29.443;1.75;14.42
1984-07-07;20.72;29.19;37.66;0.0;29.509;2.74;12.08
1984-07-08;21.64;30.12;38.6;0.0;28.863;3.53;12.21
1984-07-09;22.27;30.65;39.02;0.0;30.68;3.28;11.89
1984-07-10;22.53;30.75;38.98;0.0;28.389;2.92;12.34
1984-07-11;20.58;28.57;36.57;0.0;28.069;2.93;17.03
1984-07-12;16.67;24.27;31.87;0.0;29.894;2.75;13.42
1984-07-13;17.48;25.33;33.18;0.0;29.649;2.56;12.23
1984-07-14;14.62;23.87;33.12;0.0;28.25;3.05;19.92
1984-07-15;20.13;28.53;36.94;1.66;23.409;3.08;29.14
1984-07-16;18.51;26.99;35.47;0.0;27.303;1.51;23.27
1984-07-17;18.93;24.78;30.63;0.0;27.524;1.64;23.32
1984-07-18;20.22;28.52;36.82;0.0;27.063;2.22;27.76
1984-07-19;19.49;27.88;36.28;0.0;27.03;1.5;32.95
1984-07-20;19.38;26.49;33.6;0.0;27.09;1.56;28.8
1984-07-21;19.17;26.35;33.52;0.0;26.936;2.14;25.89
1984-07-22;18.44;25.76;33.08;0.0;26.954;1.2;26.35
1984-07-23;17.83;25.49;33.15;0.0;26.435;0.9;23.31
1984-07-24;19.8;27.73;35.65;3.86;21.548;1.27;45.59
1984-07-25;19.25;27.75;36.25;0.0;28.086;1.74;27.7
1984-07-26;19.58;25.44;31.3;0.0;27.556;2.52;18.63
1984-07-27;20.06;27.6;35.15;0.0;26.988;2.92;25.11
1984-07-28;17.33;25.58;33.83;0.0;28.107;1.59;13.07
1984-07-29;17.76;25.56;33.36;0.0;27.658;1.07;8.99
1984-07-30;18.92;28.94;38.95;0.0;28.426;1.06;10.14
1984-07-31;18.89;29.05;39.21;0.0;27.68;2.35;10.48
1984-08-01;16.71;26.35;35.99;0.0;28.822;1.68;8.58
1984-08-02;19.56;28.14;36.73;0.0;26.818;2.89;22.98
1984-08-03;19.5;28.4;37.3;0.0;27.302;2.57;19.74
1984-08-04;17.75;25.16;32.56;0.0;28.655;2.79;13.94
1984-08-05;15.59;23.75;31.91;0.0;28.356;2.65;11.21
1984-08-06;14.41;23.42;32.43;0.0;28.541;1.78;9.95
1984-08-07;15.1;23.74;32.38;0.0;27.188;1.57;9.96
1984-08-08;15.22;25.1;34.98;0.0;26.505;2.95;14.38
1984-08-09;14.53;24.31;34.09;0.0;28.233;2.25;9.07
1984-08-10;17.02;24.9;32.78;0.0;26.956;1.27;7.57
1984-08-11;19.27;27.58;35.88;0.0;21.47;1.88;17.03
1984-08-12;23.17;31.88;40.59;0.0;19.989;2.3;19.51
1984-08-13;22.03;30.3;38.58;0.0;25.318;1.67;15.55
1984-08-14;18.45;25.55;32.66;0.0;26.999;2.53;10.31
1984-08-15;16.86;25.14;33.42;0.0;25.84;2.66;11.23
1984-08-16;16.59;25.66;34.74;0.0;25.505;1.56;11.74
1984-08-17;18.04;26.14;34.24;0.0;25.328;2.46;18.71
1984-08-18;15.52;23.9;32.27;0.0;25.556;1.67;13.45
1984-08-19;16.07;23.98;31.9;0.0;25.079;2.34;15.63
1984-08-20;15.79;25.18;34.56;0.0;23.175;1.04;12.27
1984-08-21;20.54;29.21;37.89;0.0;21.244;2.59;8.23
1984-08-22;17.44;26.97;36.5;0.0;26.023;2.08;6.62
1984-08-23;18.74;26.23;33.71;0.0;23.723;2.82;17.11
1984-08-24;19.42;27.51;35.59;0.34;19.385;1.89;21.33
1984-08-25;18.75;26.78;34.81;0.62;19.729;2.2;22.31
1984-08-26;14.0;21.61;29.21;0.0;24.271;2.38;14.86
1984-08-27;13.85;21.59;29.33;0.0;23.676;0.49;10.19
1984-08-28;18.73;26.7;34.68;0.13;21.858;1.55;21.12
1984-08-29;19.07;28.18;37.3;0.0;19.719;1.78;18.38
1984-08-30;17.2;24.91;32.61;0.0;22.372;1.56;13.63
1984-08-31;14.98;23.14;31.31;0.0;23.401;1.79;9.17
1984-09-01;14.41;23.45;32.48;0.0;23.905;1.96;14.61
1984-09-02;13.94;23.44;32.94;0.0;23.258;2.28;14.65
1984-09-03;14.61;23.61;32.61;0.0;23.7;0.92;12.55
1984-09-04;16.52;24.53;32.54;0.0;22.825;1.81;30.51
1984-09-05;16.91;25.04;33.17;0.0;21.942;1.32;34.56
1984-09-06;17.11;23.85;30.59;0.0;24.875;1.23;26.7
1984-09-07;16.12;22.96;29.81;0.0;21.279;1.61;15.45
1984-09-08;18.75;26.39;34.04;0.0;21.252;2.12;14.4
1984-09-09;18.81;27.26;35.7;1.68;16.17;2.38;39.21
1984-09-10;17.6;25.08;32.56;0.0;19.741;2.01;33.61
1984-09-11;17.48;22.15;26.82;0.0;20.061;1.47;23.1
1984-09-12;18.26;24.45;30.65;0.0;17.649;2.26;25.13
1984-09-13;18.71;25.91;33.1;0.0;18.897;2.71;32.59
1984-09-14;17.34;23.98;30.62;0.0;19.399;2.58;22.69
1984-09-15;16.67;22.15;27.62;0.0;20.25;3.19;24.34
1984-09-16;17.71;24.07;30.42;0.0;17.775;3.03;22.21
1984-09-17;17.11;23.59;30.07;0.0;12.688;2.28;17.44
1984-09-18;18.92;25.05;31.19;0.0;14.086;1.84;14.92
1984-09-19;14.54;21.64;28.74;0.0;21.4;2.05;13.61
1984-09-20;13.26;20.77;28.28;0.0;21.077;2.02;14.64
1984-09-21;13.21;21.79;30.37;0.0;21.416;2.33;15.2
1984-09-22;12.57;20.93;29.28;0.0;21.338;1.97;14.55
1984-09-23;12.36;20.52;28.69;0.0;18.035;1.71;14.45
1984-09-24;12.63;21.28;29.93;0.0;17.162;1.8;14.56
1984-09-25;12.05;20.52;29.0;0.0;17.967;1.62;18.33
1984-09-26;13.05;21.19;29.32;0.0;19.241;2.42;26.84
1984-09-27;8.82;16.62;24.41;0.0;18.75;1.54;15.1
1984-09-28;6.84;13.54;20.24;0.0;19.122;3.09;29.56
1984-09-29;9.15;17.55;25.94;18.59;8.555;5.15;77.01
1984-09-30;8.58;15.11;21.63;3.32;8.278;3.21;76.24
1984-10-01;10.04;13.03;16.01;1.56;7.684;3.18;58.44
1984-10-02;9.71;11.66;13.61;0.0;17.843;2.3;33.37
1984-10-03;13.24;17.89;22.55;0.0;17.062;2.89;31.11
1984-10-04;14.37;21.47;28.57;0.0;18.697;2.41;36.39
1984-10-05;14.84;21.63;28.41;0.0;18.38;2.03;39.48
1984-10-06;14.74;21.15;27.56;0.0;15.223;1.94;41.35
1984-10-07;14.58;20.68;26.79;0.0;14.225;2.97;36.43
1984-10-08;15.29;21.03;26.77;0.0;14.274;3.29;30.94
1984-10-09;14.03;19.86;25.7;0.0;14.671;2.88;26.98
1984-10-10;10.95;17.03;23.11;0.0;16.263;1.22;26.97
1984-10-11;9.37;16.78;24.19;0.0;15.883;1.37;22.66
1984-10-12;9.93;18.77;27.61;0.0;15.431;1.57;23.65
1984-10-13;11.71;20.6;29.49;0.0;13.383;1.79;17.88
1984-10-14;13.37;21.91;30.44;0.92;14.158;3.19;33.78
1984-10-15;9.66;18.0;26.34;0.0;15.879;1.58;33.21
1984-10-16;10.76;16.43;22.09;0.0;14.47;2.28;29.61
1984-10-17;9.9;16.04;22.17;0.0;15.455;0.98;37.36
1984-10-18;8.61;15.52;22.42;0.0;14.225;1.7;32.64
1984-10-19;7.73;14.88;22.02;1.79;8.911;2.6;58.67
1984-10-20;10.09;17.34;24.58;0.0;15.45;2.63;45.51
1984-10-21;8.16;13.87;19.58;0.0;12.573;1.47;34.73
1984-10-22;10.83;16.05;21.28;0.0;14.972;1.36;42.23
1984-10-23;13.08;20.54;27.99;0.0;15.682;3.27;36.67
1984-10-24;12.64;19.21;25.79;0.0;15.084;2.93;38.2
1984-10-25;10.35;16.68;23.0;0.0;12.256;1.57;40.83
1984-10-26;8.2;14.18;20.16;0.0;12.477;1.01;26.48
1984-10-27;10.69;16.91;23.12;0.0;12.048;2.19;28.03
1984-10-28;11.12;17.87;24.62;0.0;13.014;1.24;31.32
1984-10-29;13.47;20.91;28.34;0.0;15.273;2.61;19.97
1984-10-30;14.55;22.12;29.68;0.0;14.627;2.6;21.23
1984-10-31;12.67;20.09;27.52;0.0;14.065;2.19;33.04
1984-11-01;10.3;16.8;23.31;0.0;9.915;0.75;27.44
1984-11-02;9.78;16.21;22.64;0.0;11.472;0.54;21.49
1984-11-03;10.58;17.45;24.33;0.0;10.636;1.5;33.88
1984-11-04;10.14;17.59;25.03;0.48;9.843;0.75;38.29
1984-11-05;10.77;16.89;23.01;4.86;9.122;1.17;43.89
1984-11-06;7.92;14.22;20.52;0.0;12.632;1.45;41.07
1984-11-07;6.01;11.64;17.27;0.0;12.296;3.23;28.18
1984-11-08;2.6;9.02;15.44;0.0;12.071;2.56;20.56
1984-11-09;3.6;8.31;13.02;0.0;11.346;1.68;31.8
1984-11-10;4.63;10.07;15.51;0.0;9.337;2.71;40.56
1984-11-11;10.68;16.4;22.12;0.0;7.347;4.38;48.33
1984-11-12;10.14;16.21;22.29;0.0;11.513;3.72;40.27
1984-11-13;9.03;12.23;15.44;0.0;12.252;3.5;38.01
1984-11-14;7.37;11.59;15.8;0.0;10.822;2.24;34.48
1984-11-15;6.34;11.57;16.81;2.42;9.168;2.89;48.61
1984-11-16;3.62;9.64;15.67;0.0;11.371;2.46;28.14
1984-11-17;9.94;14.74;19.54;0.51;5.356;2.45;60.42
1984-11-18;10.8;17.45;24.09;0.0;8.537;3.0;48.98
1984-11-19;7.89;12.3;16.72;0.0;9.096;0.58;47.8
1984-11-20;7.0;11.79;16.59;0.0;10.368;0.81;36.14
1984-11-21;5.76;11.82;17.88;0.0;9.556;0.78;26.82
1984-11-22;6.06;12.49;18.93;0.0;11.556;1.26;28.72
1984-11-23;4.89;12.08;19.26;0.0;8.486;0.99;29.78
1984-11-24;4.38;11.07;17.77;0.0;11.612;2.25;15.68
1984-11-25;4.93;11.85;18.77;0.0;9.686;2.25;25.34
1984-11-26;5.95;13.19;20.42;1.47;7.518;1.91;48.6
1984-11-27;5.74;12.09;18.45;1.45;5.175;1.66;61.16
1984-11-28;2.94;8.2;13.45;0.12;6.752;1.21;44.15
1984-11-29;6.01;11.23;16.45;0.0;7.84;3.33;44.64
1984-11-30;1.9;8.52;15.14;0.0;10.131;1.37;38.32
1984-12-01;4.35;9.16;13.97;0.0;11.107;1.69;34.34
1984-12-02;2.51;9.14;15.77;0.0;8.111;0.57;28.43
1984-12-03;3.59;10.24;16.9;0.0;10.973;2.02;22.6
1984-12-04;6.13;13.18;20.23;3.42;3.329;3.76;64.53
1984-12-05;3.76;11.04;18.31;1.73;6.334;3.47;64.9
1984-12-06;9.24;12.88;16.51;3.85;3.59;4.3;81.88
1984-12-07;9.99;14.25;18.52;41.7;2.0;2.75;92.52
1984-12-08;3.77;6.11;8.45;4.21;4.241;4.85;65.78
1984-12-09;1.98;3.32;4.65;2.19;6.744;3.25;65.16
1984-12-10;6.49;11.38;16.26;27.57;3.116;5.24;76.25
1984-12-11;7.22;10.54;13.87;1.73;3.76;4.23;65.89
1984-12-12;8.8;12.27;15.73;11.71;4.043;5.33;84.89
1984-12-13;3.59;6.18;8.78;1.73;5.779;3.26;66.28
1984-12-14;3.21;5.86;8.5;0.98;6.802;2.67;66.37
1984-12-15;3.25;7.08;10.92;14.35;1.519;3.85;76.1
1984-12-16;8.33;11.61;14.89;10.19;1.001;3.9;88.05
1984-12-17;10.23;14.75;19.26;2.61;2.747;4.75;90.93
1984-12-18;9.82;12.31;14.8;1.25;2.687;3.89;82.2
1984-12-19;6.85;8.42;9.99;0.0;7.19;2.43;65.49
1984-12-20;4.77;7.05;9.34;0.0;8.861;1.05;41.66
1984-12-21;2.61;7.51;12.41;0.0;8.618;0.74;38.45
1984-12-22;4.42;10.49;16.56;0.0;9.387;1.37;45.39
1984-12-23;4.86;11.53;18.2;0.0;9.281;2.14;42.5
1984-12-24;5.31;10.95;16.59;0.0;10.399;2.42;44.91
1984-12-25;4.99;10.59;16.18;0.0;8.456;1.39;43.91
1984-12-26;6.28;12.34;18.4;0.0;8.599;3.09;42.72
1984-12-27;6.5;12.23;17.96;0.0;9.995;2.42;46.59
1984-12-28;5.43;10.59;15.75;0.66;5.533;3.1;66.22
1984-12-29;2.47;7.62;12.76;0.0;7.641;1.7;57.22
1984-12-30;5.14;9.47;13.81;0.23;6.72;2.62;67.29
1984-12-31;6.44;11.43;16.42;0.0;7.663;2.84;61.22
