iso-date;tmin;tavg;tmax;precip;globrad;wind;relhumid
1980-01-01;3.23;8.8;14.38;2.39;5.862;2.77;68.34
1980-01-02;0.2;6.81;13.42;0.0;10.1;0.87;35.54
1980-01-03;2.56;8.33;14.11;0.75;4.389;3.44;60.6
1980-01-04;6.61;10.31;14.02;0.0;5.747;3.91;70.86
1980-01-05;6.56;10.63;14.7;0.0;11.083;3.8;51.84
1980-01-06;7.59;11.25;14.92;2.43;9.278;3.91;53.87
1980-01-07;5.01;8.23;11.46;7.97;2.795;3.19;66.69
1980-01-08;3.61;8.05;12.5;0.54;9.441;1.35;49.09
1980-01-09;0.92;6.75;12.58;0.0;9.459;0.68;37.66
1980-01-10;-0.21;5.97;12.16;0.0;9.774;0.59;29.65
1980-01-11;-0.05;6.24;12.54;0.0;10.682;0.84;30.69
1980-01-12;1.66;7.83;13.99;0.0;11.222;2.08;37.57
1980-01-13;0.97;6.75;12.54;0.0;9.622;0.85;38.9
1980-01-14;1.47;7.12;12.77;0.0;9.898;0.49;39.87
1980-01-15;1.16;6.88;12.61;0.0;8.516;0.3;39.71
1980-01-16;-0.68;6.15;12.97;0.33;11.653;0.67;28.1
1980-01-17;1.85;7.13;12.42;0.0;11.281;2.73;35.87
1980-01-18;0.7;6.54;12.39;0.0;10.584;2.81;32.91
1980-01-19;3.97;8.65;13.33;0.0;10.046;3.15;50.65
1980-01-20;1.73;8.39;15.05;0.0;9.986;1.69;48.89
1980-01-21;2.4;8.5;14.6;0.0;10.297;1.12;47.74
1980-01-22;1.25;6.94;12.63;0.25;3.079;1.56;52.35
1980-01-23;3.1;9.25;15.39;0.0;11.471;1.27;49.27
1980-01-24;3.11;9.99;16.87;0.0;11.171;1.88;51.89
1980-01-25;4.75;10.79;16.83;0.0;12.166;2.24;57.43
1980-01-26;4.15;10.54;16.93;0.25;11.233;1.68;63.04
1980-01-27;7.04;10.27;13.5;14.45;6.782;2.39;76.47
1980-01-28;2.79;7.84;12.89;0.19;10.692;2.73;38.61
1980-01-29;0.92;6.54;12.15;0.0;12.867;1.89;26.98
1980-01-30;-0.05;7.07;14.2;0.0;12.893;1.36;26.35
1980-01-31;-0.65;6.46;13.56;0.0;12.825;1.63;27.69
1980-02-01;1.88;8.3;14.73;0.0;14.193;0.91;26.08
1980-02-02;2.13;8.02;13.91;0.0;9.752;1.07;31.53
1980-02-03;3.17;9.61;16.04;0.0;13.732;1.75;28.24
1980-02-04;2.81;9.44;16.08;0.0;13.931;1.35;27.97
1980-02-05;1.86;8.66;15.46;0.0;14.132;0.61;26.38
1980-02-06;1.71;8.9;16.09;0.0;14.017;1.42;25.7
1980-02-07;3.06;9.94;16.83;0.0;13.996;1.44;29.12
1980-02-08;1.62;9.1;16.57;0.0;14.333;1.52;26.17
1980-02-09;3.15;9.2;15.25;0.0;8.75;2.08;42.47
1980-02-10;7.85;10.86;13.87;0.0;3.479;3.59;57.91
1980-02-11;9.48;12.29;15.11;0.14;6.166;4.64;60.64
1980-02-12;3.86;9.33;14.8;0.0;8.557;3.86;50.94
1980-02-13;1.7;8.64;15.59;0.0;14.375;1.91;28.27
1980-02-14;5.13;10.84;16.56;0.0;11.764;2.17;45.25
1980-02-15;9.17;12.09;15.02;0.36;6.869;3.48;64.85
1980-02-16;9.77;13.1;16.43;1.39;5.385;4.05;77.67
1980-02-17;4.97;11.37;17.77;0.0;15.13;1.25;38.6
1980-02-18;5.17;11.75;18.32;0.0;16.32;1.05;38.22
1980-02-19;4.42;11.45;18.48;0.0;15.166;2.03;41.03
1980-02-20;5.67;11.16;16.65;0.0;16.427;2.19;36.6
1980-02-21;3.43;9.14;14.85;0.12;15.254;2.51;28.91
1980-02-22;0.62;7.32;14.02;3.45;14.04;2.13;25.52
1980-02-23;3.93;8.23;12.54;0.0;11.514;4.98;28.93
1980-02-24;1.59;7.3;13.02;0.0;17.103;4.31;21.96
1980-02-25;2.11;9.45;16.78;0.0;16.035;1.9;27.39
1980-02-26;3.05;10.38;17.71;0.0;16.1;0.5;37.24
1980-02-27;4.65;11.69;18.73;0.0;14.809;0.32;48.22
1980-02-28;6.98;12.33;17.67;0.31;11.649;0.69;66.29
1980-02-29;0.0;0.0;0.0;0.0;0.0;0.0;0.0
1980-03-01;5.86;10.8;15.74;4.9;8.776;1.71;47.2
1980-03-02;6.08;10.54;15.0;0.3;11.822;2.83;31.58
1980-03-03;5.32;9.36;13.4;10.57;3.03;1.81;33.45
1980-03-04;4.75;8.23;11.72;2.14;12.28;3.04;22.52
1980-03-05;3.12;8.46;13.79;0.0;17.104;1.94;20.84
1980-03-06;2.1;7.96;13.83;0.0;14.161;2.05;20.7
1980-03-07;1.96;8.12;14.28;1.84;9.698;3.0;29.35
1980-03-08;5.91;11.85;17.79;0.44;12.038;5.04;34.72
1980-03-09;2.96;6.96;10.96;0.52;11.654;4.75;20.94
1980-03-10;3.39;6.99;10.59;50.86;4.939;8.06;39.56
1980-03-11;7.63;12.78;17.92;4.65;7.579;5.55;43.85
1980-03-12;3.23;5.88;8.52;0.47;16.838;4.97;22.16
1980-03-13;5.13;10.02;14.9;6.59;10.784;4.29;37.62
1980-03-14;5.58;9.34;13.09;0.0;18.425;3.23;29.85
1980-03-15;3.29;8.43;13.56;0.0;19.425;0.71;26.24
1980-03-16;3.23;9.73;16.23;0.0;16.983;1.36;27.38
1980-03-17;8.7;16.23;23.77;1.05;15.437;2.32;57.6
1980-03-18;8.99;14.89;20.8;0.0;16.089;2.9;51.24
1980-03-19;9.07;14.85;20.62;0.0;16.851;1.94;46.21
1980-03-20;8.9;14.86;20.82;0.0;13.499;3.03;47.91
1980-03-21;4.4;9.52;14.64;0.0;21.399;2.38;21.79
1980-03-22;3.52;10.9;18.28;0.0;22.707;2.46;27.08
1980-03-23;7.66;15.13;22.61;6.98;6.481;4.6;56.67
1980-03-24;6.28;9.85;13.42;0.0;16.743;3.4;30.81
1980-03-25;5.32;10.43;15.54;0.0;18.932;1.21;31.12
1980-03-26;4.49;10.59;16.7;0.0;17.004;1.34;38.31
1980-03-27;10.25;17.66;25.08;0.0;15.956;3.12;55.45
1980-03-28;7.55;12.65;17.75;0.0;22.149;0.7;39.22
1980-03-29;8.88;15.46;22.04;0.0;22.903;2.04;39.0
1980-03-30;10.59;17.63;24.68;0.0;23.608;2.79;36.23
1980-03-31;11.56;18.19;24.82;0.0;21.462;2.54;42.42
1980-04-01;11.17;17.39;23.6;0.0;24.319;2.95;39.1
1980-04-02;9.39;15.48;21.58;1.68;12.598;3.19;50.22
1980-04-03;8.47;12.56;16.65;0.0;12.391;2.71;41.37
1980-04-04;4.47;9.04;13.61;0.0;13.116;1.66;44.08
1980-04-05;7.58;14.46;21.34;0.42;18.608;2.29;32.42
1980-04-06;6.41;11.83;17.25;12.14;6.364;2.82;45.28
1980-04-07;2.13;6.82;11.51;0.0;26.077;1.55;20.55
1980-04-08;4.75;12.12;19.48;2.23;12.096;2.81;41.18
1980-04-09;6.5;12.6;18.7;0.0;17.512;4.2;27.1
1980-04-10;3.19;8.12;13.05;0.0;27.056;1.86;14.77
1980-04-11;3.03;9.37;15.7;0.0;23.463;0.52;20.33
1980-04-12;4.42;12.18;19.93;0.0;26.04;0.51;25.38
1980-04-13;5.74;13.93;22.13;0.0;25.777;1.37;34.93
1980-04-14;8.08;15.82;23.57;8.95;8.532;2.35;56.25
1980-04-15;6.14;9.33;12.52;6.52;6.755;2.03;41.12
1980-04-16;5.06;8.08;11.1;2.82;9.895;2.55;41.58
1980-04-17;9.82;14.88;19.93;0.0;22.728;2.08;32.61
1980-04-18;9.06;15.56;22.06;2.75;17.444;2.74;47.23
1980-04-19;6.28;12.12;17.96;0.0;25.188;2.83;26.16
1980-04-20;3.92;9.21;14.51;0.0;23.607;1.46;20.6
1980-04-21;3.98;10.69;17.4;0.0;23.591;0.86;20.69
1980-04-22;2.88;10.38;17.89;0.0;23.511;1.24;26.39
1980-04-23;5.9;14.01;22.12;0.0;23.749;2.41;32.78
1980-04-24;7.26;14.2;21.13;4.42;12.156;2.51;41.77
1980-04-25;6.05;8.87;11.68;2.82;12.551;3.93;34.61
1980-04-26;9.81;13.96;18.1;3.9;12.398;3.74;51.83
1980-04-27;9.85;13.79;17.73;0.26;14.138;2.11;56.27
1980-04-28;11.03;14.59;18.14;13.58;12.734;3.85;75.15
1980-04-29;10.66;13.08;15.5;1.72;10.783;4.21;57.52
1980-04-30;8.62;10.75;12.89;0.0;16.272;3.86;32.3
1980-05-01;6.55;11.03;15.5;0.0;24.67;2.88;21.0
1980-05-02;7.65;13.88;20.11;0.0;21.899;2.55;24.47
1980-05-03;11.31;17.89;24.46;0.0;18.717;1.66;42.98
1980-05-04;11.34;16.87;22.39;0.0;27.442;0.87;38.55
1980-05-05;12.72;19.47;26.22;0.0;23.892;0.64;44.34
1980-05-06;13.12;20.13;27.14;0.0;23.78;1.02;41.15
1980-05-07;14.17;21.23;28.29;0.0;24.411;1.53;38.47
1980-05-08;14.85;21.93;29.0;0.0;29.595;1.9;31.71
1980-05-09;13.91;21.2;28.48;0.0;29.431;1.53;30.39
1980-05-10;12.16;19.62;27.07;0.21;21.468;1.05;36.0
1980-05-11;14.94;23.07;31.21;0.12;19.529;2.38;37.59
1980-05-12;10.31;15.88;21.45;6.33;11.794;3.26;46.01
1980-05-13;10.02;13.87;17.71;11.25;6.414;3.59;49.33
1980-05-14;9.28;12.17;15.06;6.14;6.909;4.25;44.04
1980-05-15;5.96;8.69;11.42;0.0;25.762;1.69;24.48
1980-05-16;5.81;12.42;19.04;0.0;29.15;0.96;25.21
1980-05-17;10.39;18.41;26.42;0.0;20.476;2.88;34.15
1980-05-18;7.9;12.86;17.83;0.0;25.258;2.79;20.96
1980-05-19;7.92;14.03;20.14;0.0;26.861;1.59;24.26
1980-05-20;11.77;19.04;26.3;0.0;21.891;1.11;35.98
1980-05-21;13.52;19.94;26.36;0.0;20.842;1.17;39.17
1980-05-22;13.34;19.66;25.98;0.0;14.437;0.98;58.17
1980-05-23;13.76;18.5;23.24;0.0;30.016;3.27;27.59
1980-05-24;12.62;18.11;23.61;0.0;29.475;4.22;20.55
1980-05-25;12.14;18.11;24.08;0.0;29.442;2.74;22.41
1980-05-26;11.17;17.82;24.46;0.0;29.437;1.01;21.18
1980-05-27;10.14;18.16;26.18;0.0;28.899;2.16;23.79
1980-05-28;12.48;21.29;30.09;0.0;28.337;2.87;29.7
1980-05-29;12.39;18.81;25.24;0.0;22.234;3.64;19.0
1980-05-30;9.06;14.12;19.18;0.0;27.422;2.61;9.83
1980-05-31;8.96;14.74;20.52;0.0;29.206;2.33;9.46
1980-06-01;9.46;15.44;21.41;0.0;30.251;1.22;8.51
1980-06-02;11.2;19.44;27.68;0.0;30.261;1.1;11.54
1980-06-03;12.82;21.54;30.25;0.0;32.528;2.54;15.9
1980-06-04;15.68;24.36;33.03;0.0;30.636;3.66;13.16
1980-06-05;14.5;21.51;28.52;0.0;31.376;2.32;8.21
1980-06-06;15.34;22.48;29.63;0.0;32.279;2.82;12.86
1980-06-07;17.42;24.84;32.26;0.0;23.515;2.87;13.32
1980-06-08;15.61;21.88;28.16;0.0;27.314;1.21;18.79
1980-06-09;16.1;24.21;32.31;0.3;23.316;0.65;36.02
1980-06-10;17.79;25.13;32.48;1.06;12.671;1.09;41.19
1980-06-11;16.01;21.5;26.98;0.0;29.912;1.3;29.47
1980-06-12;16.98;23.83;30.67;0.0;28.911;2.64;17.35
1980-06-13;17.59;24.96;32.33;0.0;28.056;2.55;13.72
1980-06-14;17.66;25.02;32.39;0.0;24.881;2.14;28.41
1980-06-15;15.4;21.88;28.35;1.58;22.341;0.66;39.78
1980-06-16;16.07;22.2;28.33;0.0;19.696;2.25;34.12
1980-06-17;16.36;20.52;24.69;0.0;27.302;2.97;27.81
1980-06-18;16.37;23.15;29.93;0.0;23.554;1.3;33.45
1980-06-19;13.23;19.65;26.07;0.0;30.594;1.03;15.36
1980-06-20;14.6;23.32;32.04;0.0;31.324;2.32;14.4
1980-06-21;14.71;22.73;30.76;0.0;30.24;2.47;16.64
1980-06-22;13.94;21.63;29.32;0.0;28.911;1.63;13.43
1980-06-23;14.8;23.27;31.75;0.0;28.619;1.1;13.1
1980-06-24;15.4;24.34;33.27;0.0;28.706;2.33;14.97
1980-06-25;15.76;24.29;32.81;0.0;28.453;2.4;16.38
1980-06-26;15.21;23.41;31.6;0.0;29.386;2.52;13.99
1980-06-27;14.58;22.76;30.94;0.0;29.538;1.75;12.28
1980-06-28;15.41;23.81;32.22;0.0;23.166;1.61;25.34
1980-06-29;16.34;22.77;29.21;0.0;26.481;1.54;27.8
1980-06-30;16.25;23.34;30.42;0.0;27.51;0.67;22.59
1980-07-01;15.25;23.13;31.01;0.0;28.495;1.09;15.52
1980-07-02;15.82;24.25;32.67;0.0;32.275;1.02;15.86
1980-07-03;17.18;26.09;34.99;0.0;31.483;0.65;12.55
1980-07-04;19.7;28.62;37.53;0.0;30.379;2.27;16.71
1980-07-05;18.32;26.32;34.33;0.0;25.747;1.37;17.78
1980-07-06;16.89;24.84;32.79;0.0;28.66;1.76;16.82
1980-07-07;17.46;25.89;34.32;0.0;27.613;2.3;28.37
1980-07-08;16.66;24.13;31.61;1.77;24.994;1.55;40.24
1980-07-09;16.17;22.76;29.35;2.29;24.654;1.2;47.47
1980-07-10;12.96;18.88;24.79;0.0;29.922;0.95;18.69
1980-07-11;11.86;20.36;28.85;0.0;30.339;0.69;14.5
1980-07-12;13.51;22.71;31.92;0.0;29.894;0.52;15.62
1980-07-13;17.01;26.49;35.98;0.0;29.287;1.11;19.2
1980-07-14;18.33;26.84;35.34;0.0;29.334;1.18;17.62
1980-07-15;19.66;28.25;36.84;0.0;28.822;1.86;14.34
1980-07-16;18.26;26.69;35.11;0.0;28.62;1.67;18.72
1980-07-17;18.85;27.34;35.82;0.0;27.571;2.2;26.66
1980-07-18;17.75;25.65;33.55;0.0;28.334;1.56;27.69
1980-07-19;18.4;26.4;34.41;0.0;25.104;1.35;25.46
1980-07-20;18.4;26.21;34.03;0.0;26.899;1.27;24.48
1980-07-21;18.19;26.83;35.47;0.0;28.328;1.35;16.05
1980-07-22;17.13;26.42;35.72;0.0;29.604;1.75;12.59
1980-07-23;16.12;25.41;34.7;0.0;29.879;1.49;11.67
1980-07-24;17.32;27.16;37.0;0.0;28.427;1.03;12.12
1980-07-25;19.72;29.66;39.59;0.0;26.652;0.57;12.6
1980-07-26;20.62;30.19;39.75;0.0;29.704;1.04;9.05
1980-07-27;19.39;29.38;39.37;0.0;29.895;1.49;6.85
1980-07-28;18.86;28.7;38.54;0.0;28.559;2.26;12.24
1980-07-29;20.13;28.61;37.09;0.0;27.425;2.61;22.85
1980-07-30;20.11;27.94;35.77;0.0;26.401;2.8;24.61
1980-07-31;19.47;26.59;33.71;0.0;26.945;2.85;22.73
1980-08-01;16.33;23.43;30.53;0.0;27.757;2.38;14.37
1980-08-02;16.56;25.2;33.83;0.0;27.271;1.82;13.02
1980-08-03;16.71;25.47;34.23;0.0;27.437;2.22;15.99
1980-08-04;15.78;24.21;32.65;0.0;28.357;1.75;14.78
1980-08-05;14.74;23.55;32.36;0.0;28.704;2.08;10.25
1980-08-06;16.1;25.35;34.59;0.0;27.199;1.89;10.85
1980-08-07;16.07;25.17;34.27;0.0;27.804;1.28;11.12
1980-08-08;15.75;25.06;34.37;0.0;28.399;2.42;10.83
1980-08-09;16.71;25.8;34.9;0.0;27.218;2.99;11.68
1980-08-10;16.16;23.69;31.22;0.0;27.109;2.61;11.08
1980-08-11;16.81;24.51;32.2;0.0;26.673;1.08;10.81
1980-08-12;18.93;27.38;35.83;0.0;26.018;1.83;18.49
1980-08-13;19.6;27.93;36.26;0.0;25.98;1.37;15.55
1980-08-14;18.77;27.34;35.9;0.0;25.307;0.99;17.92
1980-08-15;19.1;28.19;37.27;0.0;25.609;1.73;14.28
1980-08-16;17.58;26.39;35.2;0.0;26.481;0.89;10.39
1980-08-17;17.88;27.39;36.9;0.0;26.449;1.15;11.22
1980-08-18;18.34;27.59;36.85;0.0;26.126;1.64;16.66
1980-08-19;18.68;27.59;36.49;0.0;24.271;1.81;25.47
1980-08-20;17.57;26.04;34.5;0.0;25.311;2.31;18.76
1980-08-21;16.02;24.8;33.58;0.0;25.308;3.69;13.52
1980-08-22;14.15;21.48;28.81;0.0;26.52;2.29;8.43
1980-08-23;15.1;22.85;30.6;0.0;24.813;1.37;11.9
1980-08-24;13.43;21.91;30.39;0.0;24.651;0.76;10.07
1980-08-25;16.13;25.38;34.64;0.0;23.897;1.74;18.56
1980-08-26;19.13;27.17;35.22;0.0;23.172;2.81;15.45
1980-08-27;18.99;27.26;35.53;0.0;17.058;2.37;19.09
1980-08-28;15.68;23.34;30.99;0.0;23.214;2.19;17.18
1980-08-29;17.36;26.91;36.47;2.48;14.147;2.22;34.73
1980-08-30;15.58;19.85;24.12;0.0;22.354;1.49;25.23
1980-08-31;15.29;21.75;28.22;0.0;24.23;0.66;16.67
1980-09-01;16.43;24.36;32.29;0.0;24.386;1.27;17.02
1980-09-02;16.35;23.51;30.66;0.0;23.641;2.09;19.7
1980-09-03;16.07;22.15;28.23;0.0;23.823;3.06;14.97
1980-09-04;14.47;20.41;26.35;0.0;23.543;3.42;14.73
1980-09-05;14.16;20.88;27.6;0.0;23.493;3.28;13.65
1980-09-06;15.09;22.45;29.81;0.0;23.207;3.91;14.78
1980-09-07;15.32;22.38;29.44;0.0;21.513;3.67;16.97
1980-09-08;15.91;22.42;28.93;0.0;20.106;2.47;23.63
1980-09-09;14.25;20.17;26.09;0.0;21.933;1.31;21.42
1980-09-10;14.88;21.89;28.9;0.0;23.212;2.04;25.21
1980-09-11;15.68;22.73;29.79;0.0;22.078;3.23;28.72
1980-09-12;15.96;22.91;29.86;0.0;22.881;3.87;28.63
1980-09-13;13.31;19.88;26.44;4.44;17.919;2.8;42.28
1980-09-14;8.78;14.66;20.53;0.0;21.418;0.86;15.52
1980-09-15;12.65;21.43;30.21;0.0;20.62;1.27;18.18
1980-09-16;13.26;21.7;30.14;0.0;20.527;0.98;17.21
1980-09-17;15.57;24.5;33.44;0.0;19.834;1.08;17.64
1980-09-18;16.84;25.31;33.78;0.0;21.755;1.09;19.27
1980-09-19;17.49;26.16;34.83;0.0;12.477;1.42;20.45
1980-09-20;17.49;25.19;32.89;1.08;18.081;1.3;22.13
1980-09-21;15.81;23.69;31.57;0.0;18.783;1.52;17.61
1980-09-22;14.93;23.41;31.9;0.0;19.028;3.07;15.4
1980-09-23;13.06;19.88;26.7;0.0;19.795;3.28;9.55
1980-09-24;10.93;16.71;22.5;0.0;16.746;2.55;13.76
1980-09-25;12.3;19.31;26.33;0.0;19.151;3.84;13.95
1980-09-26;14.79;21.48;28.17;1.02;17.988;4.65;23.45
1980-09-27;19.5;26.89;34.28;0.0;16.949;4.9;21.7
1980-09-28;19.85;25.48;31.1;0.0;15.82;3.56;25.23
1980-09-29;16.87;20.77;24.66;0.0;17.969;3.25;17.16
1980-09-30;14.39;20.84;27.3;0.0;18.975;1.72;19.59
1980-10-01;14.23;21.59;28.95;0.68;11.342;1.12;44.21
1980-10-02;13.35;19.86;26.38;0.0;17.41;1.31;32.68
1980-10-03;14.32;22.54;30.75;0.0;17.198;1.44;21.39
1980-10-04;14.05;22.19;30.32;0.0;17.56;1.63;21.6
1980-10-05;14.76;23.06;31.36;0.0;18.124;1.92;39.47
1980-10-06;13.12;20.36;27.61;0.0;18.598;1.94;26.14
1980-10-07;13.8;21.78;29.76;0.0;17.015;2.63;19.83
1980-10-08;12.13;18.23;24.34;0.0;16.938;1.47;18.47
1980-10-09;8.72;16.02;23.32;0.57;17.631;2.29;22.1
1980-10-10;12.67;21.32;29.96;2.7;12.567;3.45;41.64
1980-10-11;9.84;14.78;19.71;1.23;8.238;2.57;44.68
1980-10-12;12.23;17.29;22.34;4.99;8.973;6.13;44.89
1980-10-13;10.42;14.18;17.93;3.75;9.698;4.58;26.56
1980-10-14;12.47;16.21;19.94;10.89;10.099;2.97;43.2
1980-10-15;12.21;16.16;20.11;4.47;5.57;4.16;50.65
1980-10-16;10.82;14.24;17.66;0.0;13.255;4.4;30.13
1980-10-17;13.08;17.5;21.92;0.69;4.017;3.31;73.64
1980-10-18;15.94;19.86;23.78;1.06;6.663;4.09;68.44
1980-10-19;11.0;13.6;16.2;2.39;12.454;3.43;39.49
1980-10-20;6.39;11.05;15.71;1.25;15.541;2.8;26.46
1980-10-21;12.59;19.27;25.94;2.11;15.638;3.09;44.02
1980-10-22;14.38;18.55;22.72;0.23;5.007;3.6;68.98
1980-10-23;13.32;16.59;19.86;0.0;11.096;2.08;56.08
1980-10-24;10.16;15.4;20.64;0.0;15.89;1.56;38.67
1980-10-25;8.39;15.22;22.05;0.0;13.343;1.01;32.62
1980-10-26;6.56;14.09;21.62;0.0;13.119;1.05;29.18
1980-10-27;7.92;16.17;24.42;3.31;9.454;1.77;44.47
1980-10-28;14.04;21.34;28.65;5.43;6.693;1.11;74.62
1980-10-29;10.43;14.24;18.06;0.0;14.251;0.47;48.59
1980-10-30;10.72;16.92;23.12;0.0;14.316;0.4;43.75
1980-10-31;11.48;17.69;23.89;0.0;14.854;1.2;45.74
1980-11-01;10.87;16.96;23.05;1.0;10.625;2.62;60.29
1980-11-02;7.46;13.83;20.2;14.69;10.345;3.91;53.37
1980-11-03;7.28;12.81;18.34;0.0;13.395;4.49;31.68
1980-11-04;2.83;7.39;11.95;1.81;8.055;4.39;20.23
1980-11-05;0.85;4.38;7.92;0.0;11.303;4.1;17.77
1980-11-06;1.09;5.77;10.45;0.0;11.887;2.96;18.25
1980-11-07;5.09;11.05;17.01;0.0;11.28;2.56;36.65
1980-11-08;9.53;16.73;23.94;0.0;10.187;1.36;56.91
1980-11-09;7.71;13.64;19.58;0.0;9.6;0.57;54.22
1980-11-10;6.92;12.86;18.79;0.0;11.325;0.94;44.58
1980-11-11;5.35;12.02;18.68;0.0;11.793;1.28;35.84
1980-11-12;5.97;13.36;20.75;0.0;10.981;2.75;31.7
1980-11-13;2.17;8.75;15.34;0.0;12.592;3.34;12.87
1980-11-14;-0.76;3.62;7.99;0.0;12.362;2.52;11.24
1980-11-15;-0.57;3.61;7.8;0.0;9.437;1.69;16.21
1980-11-16;0.2;5.03;9.86;0.0;12.143;2.43;12.12
1980-11-17;2.24;7.7;13.15;0.0;11.615;2.95;16.24
1980-11-18;3.64;10.18;16.72;0.0;11.092;1.89;31.6
1980-11-19;1.73;8.95;16.16;0.0;10.995;1.0;25.3
1980-11-20;1.08;8.82;16.55;0.0;11.125;0.51;23.13
1980-11-21;2.06;9.52;16.98;8.86;7.662;2.65;35.35
1980-11-22;6.61;13.8;21.0;0.64;5.805;4.9;33.76
1980-11-23;4.59;7.65;10.71;0.0;9.818;3.74;31.19
1980-11-24;2.83;7.95;13.07;0.15;3.408;2.94;41.43
1980-11-25;11.53;17.23;22.94;0.0;3.342;3.91;67.68
1980-11-26;11.8;14.31;16.83;2.5;4.93;3.76;66.09
1980-11-27;5.73;8.37;11.01;0.0;10.901;2.52;48.26
1980-11-28;4.91;10.87;16.82;0.0;7.954;2.5;45.37
1980-11-29;10.56;17.24;23.92;3.74;7.611;4.03;55.74
1980-11-30;11.07;14.59;18.1;3.93;4.478;4.08;70.71
1980-12-01;11.77;14.53;17.28;26.37;5.009;3.52;90.33
1980-12-02;11.06;13.29;15.52;19.83;2.125;3.48;89.01
1980-12-03;8.84;11.28;13.72;3.26;6.488;3.5;74.84
1980-12-04;5.31;8.11;10.91;0.0;9.26;2.22;51.97
1980-12-05;6.85;12.02;17.19;0.0;10.134;3.61;52.2
1980-12-06;6.15;10.75;15.35;0.0;8.445;1.63;67.2
1980-12-07;5.56;10.83;16.11;0.0;9.167;0.83;62.54
1980-12-08;5.4;11.29;17.17;0.0;10.417;1.56;53.28
1980-12-09;5.97;12.16;18.35;0.0;10.466;1.64;50.67
1980-12-10;5.87;11.88;17.88;0.0;8.897;2.44;51.0
1980-12-11;6.84;12.31;17.78;0.0;9.111;2.79;56.8
1980-12-12;3.59;8.32;13.05;0.0;9.209;1.24;49.77
1980-12-13;2.0;8.37;14.74;0.0;9.682;0.59;39.11
1980-12-14;4.39;11.0;17.6;0.0;6.618;1.67;48.31
1980-12-15;5.33;9.93;14.53;0.0;7.331;2.22;49.38
1980-12-16;4.73;8.93;13.13;0.51;6.416;1.33;51.62
1980-12-17;2.75;6.91;11.07;0.0;7.729;0.66;55.13
1980-12-18;1.52;7.14;12.76;0.0;9.474;0.74;31.48
1980-12-19;1.81;7.9;13.99;0.0;9.3;0.76;36.28
1980-12-20;1.69;7.98;14.28;0.0;9.61;1.13;35.12
1980-12-21;1.34;8.1;14.85;1.2;7.04;1.55;44.77
1980-12-22;2.82;8.79;14.77;7.1;7.884;3.63;54.91
1980-12-23;1.74;7.04;12.33;0.0;8.728;2.45;21.91
1980-12-24;0.67;4.49;8.31;0.0;10.39;2.51;27.53
1980-12-25;0.13;3.76;7.39;0.0;10.444;1.91;24.31
1980-12-26;0.32;4.54;8.75;0.0;10.142;1.41;19.9
1980-12-27;1.21;6.07;10.93;0.0;9.826;1.33;28.27
1980-12-28;1.2;7.18;13.16;0.0;9.741;3.1;26.86
1980-12-29;1.55;6.78;12.01;0.0;10.088;2.79;25.83
1980-12-30;1.87;6.98;12.09;0.0;10.279;2.36;29.86
1980-12-31;1.71;7.1;12.49;0.0;11.276;3.18;36.61
1981-01-01;5.19;10.39;15.6;0.0;3.338;3.14;68.38
1981-01-02;5.5;9.52;13.53;0.0;8.828;3.39;65.95
1981-01-03;3.47;8.15;12.83;0.0;8.834;2.38;45.87
1981-01-04;1.46;7.6;13.73;0.0;10.535;2.59;26.3
1981-01-05;0.78;6.62;12.46;0.0;10.438;1.7;29.17
1981-01-06;0.28;6.46;12.65;0.0;11.12;2.55;18.87
1981-01-07;0.65;7.16;13.67;0.0;10.227;3.08;25.54
1981-01-08;-0.68;5.0;10.67;0.0;9.489;3.12;16.24
1981-01-09;-0.27;3.64;7.55;0.85;8.965;3.14;25.47
1981-01-10;1.1;6.1;11.1;0.0;8.457;2.6;28.18
1981-01-11;-0.11;4.54;9.19;0.0;9.577;0.76;29.61
1981-01-12;-1.43;4.03;9.48;0.0;11.167;0.52;25.05
1981-01-13;0.14;6.08;12.03;6.66;2.695;2.94;46.07
1981-01-14;1.42;7.0;12.59;0.0;9.958;3.66;30.32
1981-01-15;-0.24;4.0;8.24;0.0;10.982;2.05;24.86
1981-01-16;1.14;7.0;12.85;0.68;7.074;0.95;41.38
1981-01-17;3.69;9.1;14.51;0.0;11.612;3.37;39.98
1981-01-18;6.96;11.71;16.46;0.0;10.998;4.29;39.92
1981-01-19;6.05;9.37;12.68;0.0;10.508;4.32;39.86
1981-01-20;5.64;9.45;13.26;0.0;12.446;4.78;29.56
1981-01-21;6.06;9.78;13.49;0.0;10.776;4.62;39.12
1981-01-22;6.92;10.75;14.57;0.0;12.249;3.98;46.43
1981-01-23;6.52;10.67;14.82;0.0;11.575;3.47;48.38
1981-01-24;6.77;12.14;17.51;12.21;3.341;2.75;71.47
1981-01-25;8.22;11.11;13.99;3.55;3.863;3.17;74.95
1981-01-26;6.33;8.88;11.43;0.27;6.697;2.36;70.44
1981-01-27;6.09;10.15;14.21;0.0;10.882;3.06;59.72
1981-01-28;5.83;10.79;15.76;0.0;13.337;3.16;46.4
1981-01-29;7.52;13.92;20.33;0.0;11.733;3.29;43.7
1981-01-30;7.65;12.9;18.15;0.0;11.899;3.25;51.45
1981-01-31;6.76;11.45;16.15;0.0;10.765;2.93;55.82
1981-02-01;6.4;11.39;16.38;0.0;13.646;2.05;42.38
1981-02-02;8.15;13.95;19.75;3.55;4.811;2.11;60.4
1981-02-03;8.7;11.32;13.94;2.58;4.09;2.13;58.5
1981-02-04;8.46;10.53;12.6;0.0;9.47;3.16;49.48
1981-02-05;8.53;11.63;14.74;6.15;6.454;4.34;56.7
1981-02-06;10.0;12.57;15.14;2.71;10.608;4.25;51.23
1981-02-07;11.09;15.46;19.83;12.36;4.878;4.81;71.3
1981-02-08;6.22;7.24;8.26;3.33;6.368;4.46;51.05
1981-02-09;4.94;8.65;12.37;0.0;12.935;2.95;26.43
1981-02-10;2.91;7.51;12.11;0.0;13.241;2.59;25.71
1981-02-11;2.86;7.84;12.83;0.0;13.731;2.8;24.36
1981-02-12;5.63;10.43;15.22;2.37;8.913;4.27;35.42
1981-02-13;6.54;9.77;12.99;9.3;8.917;4.22;41.97
1981-02-14;4.3;7.12;9.93;0.0;13.821;2.67;31.87
1981-02-15;2.93;7.87;12.8;0.0;14.364;1.44;25.23
1981-02-16;1.05;6.24;11.42;0.0;15.266;0.79;24.95
1981-02-17;2.12;8.02;13.92;0.0;14.246;1.5;28.33
1981-02-18;0.87;7.03;13.19;0.0;14.123;1.5;25.51
1981-02-19;7.84;14.81;21.78;6.76;5.073;2.09;71.54
1981-02-20;11.19;14.95;18.7;0.17;6.202;2.57;78.47
1981-02-21;8.69;10.48;12.27;0.0;11.369;2.58;63.86
1981-02-22;5.26;8.82;12.38;0.0;14.919;1.6;48.18
1981-02-23;5.02;11.52;18.01;0.0;16.338;0.57;46.36
1981-02-24;7.52;14.92;22.32;0.0;18.386;2.15;45.23
1981-02-25;8.97;15.66;22.35;0.0;13.269;2.33;50.37
1981-02-26;10.14;16.05;21.95;0.0;14.601;3.44;38.78
1981-02-27;9.26;14.57;19.87;0.0;15.283;4.21;38.91
1981-02-28;11.46;17.09;22.71;0.0;16.592;4.19;41.38
1981-03-01;11.91;16.91;21.91;0.0;16.155;4.73;30.54
1981-03-02;10.86;16.05;21.23;0.0;15.227;3.62;30.6
1981-03-03;10.56;16.0;21.45;0.0;17.141;3.69;38.68
1981-03-04;10.61;15.71;20.82;0.5;11.876;3.01;43.33
1981-03-05;9.07;13.74;18.41;0.23;11.78;1.94;49.97
1981-03-06;6.52;11.22;15.93;0.5;6.864;0.4;47.17
1981-03-07;8.72;14.02;19.31;0.0;15.006;0.42;64.92
1981-03-08;7.89;13.81;19.74;0.0;18.361;0.77;44.03
1981-03-09;6.37;13.06;19.75;1.17;13.308;0.57;45.24
1981-03-10;9.35;16.39;23.42;9.52;2.97;2.45;60.68
1981-03-11;7.24;10.47;13.7;0.0;17.074;4.44;30.26
1981-03-12;8.01;13.11;18.22;0.15;14.861;3.23;33.44
1981-03-13;6.72;12.6;18.49;0.0;13.865;1.04;41.09
1981-03-14;6.69;12.62;18.54;0.0;19.204;0.85;39.01
1981-03-15;6.26;13.3;20.34;0.0;20.911;1.04;30.11
1981-03-16;9.63;17.23;24.84;0.0;18.42;2.14;44.3
1981-03-17;8.54;14.71;20.88;0.0;18.712;1.2;49.03
1981-03-18;9.14;16.34;23.53;0.38;14.563;2.24;47.29
1981-03-19;7.08;13.46;19.85;0.0;13.476;2.6;46.97
1981-03-20;8.48;14.04;19.59;0.0;20.391;2.73;40.11
1981-03-21;6.57;12.5;18.42;0.0;20.658;1.03;39.5
1981-03-22;7.96;15.29;22.61;0.0;22.98;2.54;30.36
1981-03-23;8.41;15.72;23.04;0.0;20.984;3.26;30.35
1981-03-24;6.02;11.96;17.91;0.0;21.583;1.38;21.74
1981-03-25;7.73;15.36;22.98;0.0;22.031;1.61;22.53
1981-03-26;5.1;12.33;19.56;0.0;13.931;2.65;31.13
1981-03-27;4.31;11.33;18.35;0.0;22.829;1.6;20.74
1981-03-28;3.17;10.52;17.87;0.0;23.483;2.31;20.2
1981-03-29;8.43;16.16;23.88;3.4;7.007;4.52;57.76
1981-03-30;5.59;9.89;14.19;0.0;21.667;2.84;25.37
1981-03-31;6.26;12.96;19.66;0.0;22.874;1.38;25.55
1981-04-01;7.98;15.19;22.39;0.0;17.538;1.23;40.84
1981-04-02;7.15;13.43;19.72;0.0;19.832;1.2;33.95
1981-04-03;6.79;13.2;19.6;0.0;20.417;0.73;28.03
1981-04-04;6.95;15.05;23.16;0.0;22.645;2.18;22.54
1981-04-05;9.47;17.76;26.05;0.0;19.246;1.35;31.96
1981-04-06;7.36;13.77;20.18;0.0;19.943;1.9;34.91
1981-04-07;5.2;13.29;21.39;0.0;20.679;2.77;31.4
1981-04-08;7.71;15.82;23.92;0.0;14.458;3.83;25.97
1981-04-09;4.66;9.31;13.96;0.0;15.585;3.11;19.31
1981-04-10;2.0;7.55;13.11;0.0;25.307;2.25;14.27
1981-04-11;4.6;12.28;19.96;0.0;22.97;2.86;14.77
1981-04-12;2.94;9.08;15.21;0.0;22.878;2.1;10.89
1981-04-13;3.41;10.19;16.97;0.0;25.478;2.25;18.66
1981-04-14;8.42;16.03;23.64;0.0;19.942;1.24;38.99
1981-04-15;7.31;14.79;22.28;0.0;21.169;3.26;27.39
1981-04-16;4.25;11.21;18.18;0.0;22.857;3.59;14.23
1981-04-17;6.86;13.24;19.62;18.05;8.98;4.88;44.99
1981-04-18;7.88;12.51;17.14;0.17;12.948;4.78;22.63
1981-04-19;4.54;8.14;11.74;0.0;24.886;2.58;21.84
1981-04-20;7.92;15.2;22.47;0.0;27.686;2.9;24.27
1981-04-21;12.68;20.14;27.6;0.0;22.768;3.19;25.4
1981-04-22;8.34;15.04;21.75;0.0;24.302;2.09;32.09
1981-04-23;8.35;16.54;24.72;0.0;24.735;2.37;24.23
1981-04-24;8.31;15.89;23.48;0.0;24.055;1.85;19.91
1981-04-25;11.78;19.84;27.9;0.0;23.624;1.54;20.36
1981-04-26;13.99;21.77;29.55;0.0;27.318;2.29;21.49
1981-04-27;13.2;21.3;29.39;0.0;28.306;2.3;26.94
1981-04-28;12.36;20.38;28.4;0.0;28.749;2.82;29.37
1981-04-29;11.39;19.48;27.57;0.0;27.426;3.21;17.78
1981-04-30;10.97;17.82;24.68;4.31;8.872;3.34;70.1
1981-05-01;14.41;18.7;22.98;0.0;15.888;1.67;48.55
1981-05-02;12.85;17.7;22.55;0.0;27.07;0.49;33.29
1981-05-03;14.76;22.05;29.35;0.0;24.844;1.58;29.72
1981-05-04;13.08;19.3;25.51;0.0;26.616;2.04;24.96
1981-05-05;13.98;20.73;27.47;0.67;18.378;2.06;32.68
1981-05-06;11.63;17.14;22.64;0.0;26.304;2.07;21.0
1981-05-07;10.54;17.13;23.73;0.0;24.097;2.48;13.94
1981-05-08;12.2;19.66;27.11;0.0;27.264;1.95;20.7
1981-05-09;10.09;17.8;25.52;2.84;12.477;3.89;30.95
1981-05-10;8.47;12.95;17.42;0.55;11.524;4.57;25.73
1981-05-11;5.91;9.95;13.99;0.0;27.587;1.72;11.5
1981-05-12;7.67;14.95;22.22;0.0;26.707;1.19;12.76
1981-05-13;7.84;15.7;23.55;0.0;28.14;2.15;12.76
1981-05-14;12.88;21.95;31.02;0.0;19.865;3.81;24.42
1981-05-15;9.94;15.2;20.46;0.0;31.652;2.39;9.49
1981-05-16;13.46;20.96;28.46;0.0;30.389;0.77;16.09
1981-05-17;14.32;21.62;28.91;0.0;27.538;1.42;18.08
1981-05-18;16.76;24.14;31.51;0.0;28.472;2.6;13.11
1981-05-19;20.8;28.12;35.44;0.0;16.183;2.31;11.76
1981-05-20;17.63;23.05;28.46;0.82;21.06;2.44;32.69
1981-05-21;13.73;19.1;24.47;0.0;29.527;3.0;28.65
1981-05-22;10.36;15.96;21.57;0.0;29.868;2.55;11.61
1981-05-23;8.91;15.62;22.32;0.0;30.218;1.94;9.12
1981-05-24;11.4;19.99;28.58;1.83;13.771;2.98;35.12
1981-05-25;10.71;15.31;19.91;0.0;19.176;3.25;17.5
1981-05-26;8.12;13.34;18.55;0.0;29.436;1.98;9.1
1981-05-27;8.99;16.48;23.98;0.0;17.432;2.05;23.79
1981-05-28;12.61;19.95;27.3;0.0;26.895;1.74;31.12
1981-05-29;10.31;17.05;23.78;0.0;29.366;1.72;19.92
1981-05-30;11.26;19.61;27.95;0.0;32.444;2.88;17.04
1981-05-31;10.49;17.3;24.1;0.0;29.898;2.39;10.63
1981-06-01;13.82;21.3;28.77;0.0;30.523;1.64;11.76
1981-06-02;15.19;23.69;32.19;0.0;30.875;2.42;11.43
1981-06-03;13.11;20.7;28.28;0.0;31.535;1.41;8.82
1981-06-04;19.0;27.91;36.82;0.0;29.165;2.48;9.89
1981-06-05;15.57;21.95;28.33;0.0;29.598;1.2;8.17
1981-06-06;17.82;26.46;35.11;0.0;30.494;3.16;12.68
1981-06-07;22.73;30.94;39.14;0.0;31.768;3.69;11.37
1981-06-08;20.46;27.12;33.78;0.0;31.192;3.78;11.66
1981-06-09;18.98;26.29;33.6;0.0;28.181;2.32;15.09
1981-06-10;18.5;25.52;32.55;0.0;29.837;2.88;14.19
1981-06-11;18.8;25.94;33.08;0.0;29.919;3.89;9.88
1981-06-12;21.1;28.75;36.39;0.0;30.671;3.63;9.27
1981-06-13;22.24;29.88;37.52;0.0;31.899;2.87;10.0
1981-06-14;21.54;28.75;35.95;0.0;24.389;1.97;10.61
1981-06-15;18.89;26.45;34.0;0.38;16.74;0.88;26.47
1981-06-16;15.98;22.51;29.04;0.0;23.265;2.72;31.3
1981-06-17;16.16;22.76;29.35;0.0;28.924;1.21;24.67
1981-06-18;16.69;24.18;31.66;0.0;28.673;1.64;25.08
1981-06-19;16.24;23.74;31.24;0.0;24.764;1.44;24.54
1981-06-20;14.9;22.22;29.54;0.0;29.697;1.75;13.59
1981-06-21;16.61;25.36;34.12;0.0;29.735;1.83;9.65
1981-06-22;14.68;22.51;30.34;0.0;30.757;1.69;9.38
1981-06-23;17.11;25.88;34.65;0.0;30.228;1.42;6.99
1981-06-24;16.92;25.26;33.6;0.0;29.846;1.31;8.78
1981-06-25;17.78;26.44;35.09;0.0;27.867;1.87;23.39
1981-06-26;18.44;26.36;34.27;0.0;30.046;2.14;34.36
1981-06-27;18.22;25.64;33.07;0.0;25.485;1.56;27.41
1981-06-28;17.11;24.68;32.26;0.0;29.744;0.78;9.31
1981-06-29;20.69;29.51;38.33;0.0;27.308;2.43;16.43
1981-06-30;23.62;31.78;39.94;0.0;29.014;2.85;9.83
1981-07-01;22.9;30.26;37.62;0.0;31.488;2.36;9.69
1981-07-02;20.34;27.66;34.99;0.0;27.804;0.79;13.65
1981-07-03;20.29;28.39;36.5;1.26;26.985;0.92;22.55
1981-07-04;19.2;27.01;34.81;0.0;27.406;1.72;21.82
1981-07-05;18.71;26.89;35.08;0.0;28.465;2.54;16.65
1981-07-06;16.81;25.26;33.7;0.0;29.387;2.67;13.27
1981-07-07;16.33;24.96;33.59;0.0;29.481;2.89;10.65
1981-07-08;15.13;23.15;31.17;0.0;29.729;1.48;6.66
1981-07-09;14.52;23.27;32.02;0.0;30.047;1.86;7.65
1981-07-10;14.8;24.06;33.33;0.0;30.022;2.41;7.46
1981-07-11;15.93;24.27;32.6;0.0;30.425;1.85;4.06
1981-07-12;15.14;23.89;32.63;0.0;31.067;2.87;3.55
1981-07-13;17.76;26.77;35.77;0.0;30.755;1.95;5.04
1981-07-14;19.9;28.04;36.18;0.0;27.871;2.65;14.31
1981-07-15;20.53;28.65;36.77;0.0;27.421;2.81;18.13
1981-07-16;18.24;25.87;33.5;0.0;27.354;2.24;16.71
1981-07-17;16.32;24.9;33.48;0.0;29.895;1.89;7.48
1981-07-18;16.18;25.57;34.97;0.0;30.054;1.54;7.29
1981-07-19;15.87;25.36;34.85;0.0;29.601;1.56;9.23
1981-07-20;16.06;25.59;35.12;0.0;30.043;1.29;7.48
1981-07-21;15.09;24.5;33.91;0.0;30.321;1.73;7.08
1981-07-22;16.93;26.36;35.79;0.0;29.589;1.93;7.29
1981-07-23;16.58;25.21;33.84;0.0;29.779;1.74;9.0
1981-07-24;18.03;27.17;36.31;0.0;27.874;2.33;22.82
1981-07-25;16.2;24.46;32.72;0.0;28.461;1.86;14.41
1981-07-26;18.46;27.66;36.87;0.0;29.615;1.28;7.55
1981-07-27;17.8;26.65;35.49;0.0;29.386;1.93;15.39
1981-07-28;17.14;25.66;34.19;0.0;29.753;2.49;13.41
1981-07-29;14.81;23.46;32.1;0.0;29.081;2.94;14.92
1981-07-30;14.91;23.16;31.41;0.0;28.967;2.26;13.84
1981-07-31;16.27;24.04;31.81;0.0;29.213;1.29;6.54
1981-08-01;18.29;27.17;36.05;0.0;26.886;2.11;19.57
1981-08-02;19.12;27.78;36.44;0.0;26.839;2.04;25.79
1981-08-03;19.45;27.91;36.38;0.0;27.579;1.8;20.67
1981-08-04;18.73;27.56;36.39;0.0;27.362;0.98;12.85
1981-08-05;20.63;30.33;40.02;0.0;25.836;1.37;9.21
1981-08-06;17.82;26.96;36.11;0.0;28.199;2.74;12.18
1981-08-07;16.12;24.31;32.51;0.0;28.07;2.22;11.57
1981-08-08;14.93;23.71;32.49;0.0;28.3;1.84;8.83
1981-08-09;15.45;24.73;34.01;0.0;27.644;1.76;8.76
1981-08-10;18.58;27.71;36.85;0.0;27.788;1.1;8.53
1981-08-11;19.15;28.2;37.26;0.0;25.656;2.03;16.95
1981-08-12;18.63;27.29;35.95;0.0;26.628;1.89;21.97
1981-08-13;16.91;25.81;34.71;0.0;28.268;1.28;8.82
1981-08-14;18.34;28.26;38.18;0.0;27.202;1.96;9.14
1981-08-15;17.18;26.54;35.91;0.0;27.078;1.51;8.57
1981-08-16;17.27;26.74;36.22;0.0;26.594;1.43;8.3
1981-08-17;16.6;26.12;35.64;0.0;26.36;1.64;9.71
1981-08-18;16.37;25.78;35.19;0.0;26.008;1.98;9.0
1981-08-19;17.54;26.69;35.84;0.0;25.139;1.49;10.51
1981-08-20;17.03;26.0;34.98;0.0;25.49;1.08;12.24
1981-08-21;16.38;25.35;34.32;0.0;25.668;0.65;8.62
1981-08-22;18.56;28.08;37.6;0.0;23.513;2.5;28.78
1981-08-23;19.15;26.72;34.29;0.0;23.145;2.01;36.1
1981-08-24;16.61;24.11;31.6;2.46;21.007;0.58;45.22
1981-08-25;17.61;25.31;33.01;0.0;20.892;1.96;38.57
1981-08-26;16.42;21.8;27.19;0.0;24.002;3.32;14.09
1981-08-27;18.03;25.46;32.88;0.0;22.911;3.04;12.98
1981-08-28;19.08;27.12;35.16;0.0;22.81;2.56;17.14
1981-08-29;18.0;25.84;33.67;0.0;23.336;2.04;16.32
1981-08-30;16.04;24.34;32.64;0.0;21.505;1.15;17.67
1981-08-31;14.97;23.48;31.98;0.0;23.331;1.56;6.33
1981-09-01;15.4;24.67;33.94;0.0;24.559;2.19;6.76
1981-09-02;14.99;24.37;33.75;0.0;24.446;2.17;10.55
1981-09-03;14.97;23.72;32.48;0.0;23.34;0.97;9.6
1981-09-04;16.87;25.78;34.69;0.0;18.809;1.6;31.28
1981-09-05;17.69;25.11;32.53;0.0;19.367;1.5;51.49
1981-09-06;17.8;24.41;31.01;0.0;22.148;2.09;34.27
1981-09-07;15.47;22.15;28.83;0.0;24.699;2.17;18.44
1981-09-08;17.17;25.61;34.04;0.0;22.711;1.98;14.35
1981-09-09;14.58;20.05;25.51;0.0;23.075;1.19;17.41
1981-09-10;17.44;25.29;33.13;0.0;22.226;2.66;16.72
1981-09-11;17.79;24.88;31.97;0.0;21.629;2.03;16.8
1981-09-12;17.65;24.71;31.78;0.0;21.114;2.55;24.81
1981-09-13;17.85;24.62;31.38;0.0;21.365;2.57;19.81
1981-09-14;16.72;23.79;30.85;0.0;21.095;1.5;15.76
1981-09-15;15.1;22.86;30.61;0.0;20.904;0.98;17.09
1981-09-16;15.3;23.68;32.06;0.0;19.877;1.44;23.8
1981-09-17;16.64;24.16;31.67;0.0;19.221;3.0;19.17
1981-09-18;17.84;24.82;31.81;0.0;19.19;2.43;22.61
1981-09-19;16.01;22.25;28.49;0.0;19.704;2.03;27.82
1981-09-20;13.16;21.39;29.62;0.0;21.443;1.18;15.41
1981-09-21;15.41;25.23;35.05;1.03;14.933;1.27;42.96
1981-09-22;11.72;17.21;22.7;0.0;19.413;0.52;24.21
1981-09-23;11.12;17.71;24.3;0.0;19.073;0.66;20.86
1981-09-24;12.79;20.27;27.76;0.0;19.001;1.75;18.78
1981-09-25;15.13;22.84;30.56;0.0;18.796;1.87;15.43
1981-09-26;14.18;20.48;26.79;0.0;18.649;1.72;15.7
1981-09-27;12.64;18.73;24.81;0.0;18.475;1.51;17.2
1981-09-28;11.95;18.57;25.19;0.0;18.281;1.23;19.65
1981-09-29;12.41;19.31;26.22;0.0;18.179;1.83;21.14
1981-09-30;13.02;20.63;28.24;0.0;17.966;2.4;15.4
1981-10-01;11.93;19.83;27.73;0.0;15.776;1.21;38.03
1981-10-02;11.31;18.72;26.13;0.0;18.147;1.3;25.72
1981-10-03;12.09;20.23;28.37;0.0;18.376;1.52;37.98
1981-10-04;12.38;19.51;26.64;0.0;16.883;1.61;26.82
1981-10-05;10.93;17.68;24.43;0.0;17.417;1.29;18.83
1981-10-06;9.0;16.38;23.77;0.0;17.328;0.9;19.7
1981-10-07;9.37;16.97;24.57;0.0;16.873;2.99;14.65
1981-10-08;14.05;21.6;29.15;0.0;10.533;3.42;37.96
1981-10-09;14.02;19.46;24.9;0.0;12.401;1.94;36.72
1981-10-10;13.48;20.11;26.74;8.73;9.086;2.18;43.45
1981-10-11;13.14;18.98;24.82;0.0;11.932;0.68;64.04
1981-10-12;12.16;17.65;23.14;0.0;12.811;0.56;52.79
1981-10-13;16.59;24.16;31.73;0.0;13.456;3.32;51.34
1981-10-14;16.96;22.3;27.64;0.0;14.644;3.76;34.79
1981-10-15;16.4;22.29;28.18;0.0;13.885;3.82;34.44
1981-10-16;17.38;23.23;29.08;0.0;16.654;4.27;34.19
1981-10-17;18.26;23.66;29.06;0.0;12.481;4.37;27.48
1981-10-18;19.81;24.66;29.5;1.0;8.365;2.19;33.32
1981-10-19;17.63;21.5;25.38;2.08;8.768;2.47;44.93
1981-10-20;16.11;20.55;24.98;3.76;7.516;2.08;56.39
1981-10-21;12.98;17.13;21.29;2.69;7.996;0.95;67.91
1981-10-22;12.45;17.49;22.54;0.17;11.047;1.7;47.35
1981-10-23;12.95;18.46;23.97;0.29;9.419;3.1;37.52
1981-10-24;13.67;19.26;24.85;11.12;1.166;2.32;53.1
1981-10-25;11.72;15.13;18.53;5.85;6.838;1.32;54.46
1981-10-26;10.32;15.45;20.58;0.9;7.614;0.98;49.57
1981-10-27;12.42;17.82;23.22;0.0;13.594;2.95;40.74
1981-10-28;12.67;17.57;22.47;6.97;9.206;4.3;40.39
1981-10-29;12.77;16.76;20.75;16.5;4.458;2.48;58.56
1981-10-30;11.7;16.14;20.58;2.94;12.468;1.73;44.18
1981-10-31;12.44;16.69;20.94;2.3;8.015;2.23;44.45
1981-11-01;7.88;10.54;13.19;0.0;8.814;2.32;42.1
1981-11-02;7.13;12.14;17.15;0.0;13.146;2.96;30.66
1981-11-03;4.19;9.04;13.88;0.0;13.07;2.85;19.51
1981-11-04;5.99;11.98;17.96;0.0;12.382;2.84;29.69
1981-11-05;5.38;11.6;17.83;0.0;11.012;1.86;37.29
1981-11-06;6.94;14.24;21.53;0.0;11.947;0.57;46.57
1981-11-07;6.46;12.96;19.47;0.0;10.254;1.69;45.65
1981-11-08;9.1;15.73;22.35;0.0;13.815;2.51;41.85
1981-11-09;8.42;14.37;20.32;0.0;13.362;2.62;38.36
1981-11-10;9.73;15.88;22.02;0.0;12.783;3.03;47.02
1981-11-11;8.54;14.0;19.46;0.0;13.184;2.31;49.5
1981-11-12;6.82;13.21;19.59;0.0;12.631;0.46;41.45
1981-11-13;7.0;14.42;21.84;0.0;12.005;0.21;39.09
1981-11-14;6.3;13.25;20.19;0.0;10.818;0.72;36.79
1981-11-15;6.04;13.01;19.98;0.0;12.323;0.57;38.1
1981-11-16;7.64;14.7;21.75;0.0;11.875;1.09;38.57
1981-11-17;8.05;15.03;22.0;16.06;2.209;3.2;67.01
1981-11-18;9.84;14.72;19.6;1.32;5.917;3.03;62.43
1981-11-19;3.29;6.24;9.19;0.0;11.747;2.51;22.05
1981-11-20;0.83;5.99;11.15;0.0;11.493;1.33;18.12
1981-11-21;0.35;5.69;11.03;0.0;10.902;1.07;17.92
1981-11-22;1.08;7.53;13.97;0.0;11.028;1.77;16.45
1981-11-23;2.87;9.86;16.85;0.0;10.473;2.31;30.0
1981-11-24;2.67;9.48;16.3;0.0;11.046;1.55;31.89
1981-11-25;1.31;8.5;15.7;1.27;6.641;1.58;37.67
1981-11-26;2.62;8.72;14.82;0.0;11.046;2.33;24.57
1981-11-27;2.18;7.75;13.32;0.0;11.59;1.51;31.24
1981-11-28;2.23;8.36;14.48;0.0;8.088;1.58;34.21
1981-11-29;5.68;11.9;18.12;7.77;7.874;2.83;45.41
1981-11-30;6.66;11.37;16.07;3.02;6.934;3.13;49.52
1981-12-01;9.48;13.28;17.07;12.1;5.199;3.97;87.11
1981-12-02;6.84;10.41;13.97;3.48;5.933;4.92;70.01
1981-12-03;6.22;10.56;14.9;0.68;2.27;3.97;73.26
1981-12-04;11.7;16.16;20.61;0.0;2.861;3.33;87.54
1981-12-05;11.14;12.94;14.73;3.63;3.092;3.64;85.17
1981-12-06;7.4;9.27;11.13;3.89;7.006;2.98;73.18
1981-12-07;6.59;10.29;14.0;0.0;3.29;3.61;62.07
1981-12-08;9.05;12.04;15.02;4.6;1.598;5.38;81.64
1981-12-09;8.48;11.3;14.13;9.15;4.117;4.69;81.76
1981-12-10;7.98;11.0;14.01;0.44;6.355;3.33;69.97
1981-12-11;9.6;12.27;14.94;9.56;1.206;4.59;86.02
1981-12-12;9.45;12.27;15.09;0.29;7.628;3.32;75.34
1981-12-13;4.93;8.16;11.38;0.0;8.697;1.77;55.48
1981-12-14;5.35;10.48;15.61;7.12;3.165;3.74;77.9
1981-12-15;2.21;6.72;11.24;0.0;11.084;1.41;42.08
1981-12-16;8.72;15.16;21.61;4.9;2.805;3.6;78.58
1981-12-17;4.34;7.42;10.49;0.0;9.077;2.98;52.79
1981-12-18;2.85;7.54;12.23;0.0;10.699;1.41;39.37
1981-12-19;3.22;8.78;14.34;0.58;2.853;2.38;55.97
1981-12-20;3.11;8.37;13.63;0.0;10.011;2.27;36.45
1981-12-21;3.29;8.91;14.54;0.0;9.377;1.93;47.12
1981-12-22;6.19;12.7;19.2;0.0;8.656;2.35;63.59
1981-12-23;4.06;9.12;14.17;0.0;9.727;2.14;39.5
1981-12-24;3.38;8.84;14.3;0.0;9.368;2.51;42.39
1981-12-25;5.12;10.88;16.63;0.0;9.01;1.42;53.63
1981-12-26;4.01;9.57;15.13;0.0;9.304;0.98;49.83
1981-12-27;2.98;8.72;14.47;0.0;9.863;1.13;42.47
1981-12-28;1.83;7.93;14.03;0.0;10.579;1.94;35.23
1981-12-29;3.37;9.87;16.36;0.0;9.955;1.79;44.78
1981-12-30;4.29;10.12;15.95;7.04;6.074;0.84;53.53
1981-12-31;3.03;6.76;10.5;0.0;7.867;3.74;38.35
1982-01-01;0.41;4.09;7.77;0.18;2.59;3.4;40.09
1982-01-02;0.14;6.03;11.91;0.0;10.255;3.03;18.82
1982-01-03;-0.27;4.38;9.04;0.0;9.635;2.08;31.41
1982-01-04;2.88;9.59;16.31;0.0;9.838;1.88;45.16
1982-01-05;1.72;8.08;14.45;0.0;10.25;2.47;36.34
1982-01-06;2.93;9.08;15.23;0.0;9.946;2.7;48.13
1982-01-07;2.31;8.47;14.63;0.0;10.09;2.46;40.79
1982-01-08;1.56;7.43;13.3;0.0;9.708;2.25;42.98
1982-01-09;1.51;8.21;14.91;0.47;5.601;2.33;55.81
1982-01-10;1.31;7.43;13.55;0.0;10.686;1.64;35.2
1982-01-11;0.51;6.83;13.14;0.0;10.879;2.17;26.96
1982-01-12;2.37;8.81;15.25;0.0;11.336;2.75;38.86
1982-01-13;3.52;9.95;16.38;0.0;9.831;1.64;52.09
1982-01-14;1.35;7.71;14.06;0.0;10.911;1.47;39.67
1982-01-15;3.41;10.57;17.74;1.91;6.115;1.55;49.5
1982-01-16;1.39;6.16;10.92;0.0;7.285;1.81;58.21
1982-01-17;0.71;6.58;12.45;0.5;4.695;1.48;48.5
1982-01-18;7.33;13.36;19.38;0.0;4.702;3.69;70.01
1982-01-19;6.69;9.35;12.01;13.98;4.697;5.09;71.35
1982-01-20;5.83;9.8;13.77;2.5;5.422;3.74;62.44
1982-01-21;8.76;11.87;14.98;3.05;6.139;4.34;87.17
1982-01-22;6.15;9.6;13.05;7.39;6.552;4.44;74.91
1982-01-23;2.39;6.53;10.66;0.0;8.147;3.89;38.92
1982-01-24;1.99;5.92;9.85;0.61;2.217;2.83;57.4
1982-01-25;9.67;15.77;21.87;0.0;4.638;3.5;83.77
1982-01-26;2.01;4.4;6.79;2.06;11.161;3.84;55.29
1982-01-27;1.07;6.77;12.46;0.0;9.796;1.13;31.92
1982-01-28;1.37;6.06;10.75;0.0;13.382;3.21;28.02
1982-01-29;3.85;9.8;15.75;0.0;11.798;2.92;53.14
1982-01-30;2.82;9.3;15.79;0.0;11.172;2.5;51.01
1982-01-31;6.36;12.27;18.18;0.0;11.912;4.49;45.38
1982-02-01;8.49;13.15;17.81;0.0;12.794;3.78;47.0
1982-02-02;7.45;12.14;16.83;0.12;11.112;2.12;53.12
1982-02-03;10.32;15.91;21.5;0.0;8.911;1.86;68.71
1982-02-04;7.87;11.22;14.57;0.67;9.59;1.57;62.57
1982-02-05;3.17;7.54;11.92;0.0;14.647;2.81;26.97
1982-02-06;1.1;6.92;12.73;0.42;12.066;2.24;26.45
1982-02-07;3.34;9.66;15.98;0.0;14.678;3.22;29.59
1982-02-08;1.53;6.8;12.08;0.0;14.115;2.13;25.34
1982-02-09;2.12;8.44;14.75;0.0;10.518;2.23;39.95
1982-02-10;7.07;13.9;20.73;0.0;14.205;2.74;48.11
1982-02-11;5.37;10.34;15.3;0.0;14.081;1.32;43.48
1982-02-12;4.98;11.26;17.53;0.0;14.467;1.26;36.54
1982-02-13;5.1;11.5;17.89;0.0;14.622;1.18;38.21
1982-02-14;4.69;11.48;18.27;0.0;14.851;1.51;40.45
1982-02-15;4.0;11.14;18.28;0.0;16.978;0.91;36.19
1982-02-16;5.53;12.96;20.38;0.0;15.951;1.16;43.49
1982-02-17;4.47;10.94;17.41;0.0;13.901;0.73;43.83
1982-02-18;3.1;9.08;15.05;0.0;14.478;0.53;38.66
1982-02-19;4.27;10.84;17.41;0.0;17.283;2.65;29.19
1982-02-20;6.6;12.97;19.34;0.0;10.741;3.22;33.04
1982-02-21;4.17;8.36;12.55;0.0;16.741;2.91;23.01
1982-02-22;2.96;8.4;13.84;0.0;16.273;2.47;23.67
1982-02-23;4.86;11.35;17.84;0.0;16.376;2.49;29.58
1982-02-24;4.32;10.8;17.28;0.0;16.955;1.67;31.24
1982-02-25;4.12;11.56;19.0;0.0;17.843;0.81;29.43
1982-02-26;6.54;13.38;20.22;0.0;13.034;3.25;35.06
1982-02-27;5.34;9.79;14.23;0.0;14.369;4.13;23.99
1982-02-28;3.65;7.63;11.61;0.0;14.925;3.14;23.63
1982-03-01;1.62;6.75;11.88;0.0;16.825;2.01;17.55
1982-03-02;0.71;6.76;12.81;0.0;16.57;0.33;21.82
1982-03-03;1.59;8.2;14.8;0.0;16.853;0.4;20.39
1982-03-04;2.61;9.54;16.48;0.0;16.682;1.23;21.9
1982-03-05;3.88;11.33;18.79;0.0;13.525;2.67;26.06
1982-03-06;2.76;9.06;15.37;0.0;17.341;3.56;16.11
1982-03-07;1.64;7.2;12.76;0.0;17.624;2.82;14.2
1982-03-08;0.74;6.7;12.66;0.0;17.329;0.51;19.82
1982-03-09;1.74;8.8;15.86;0.0;18.001;0.92;20.42
1982-03-10;2.6;10.1;17.6;0.0;18.221;2.39;21.19
1982-03-11;6.36;13.2;20.03;1.2;7.195;2.59;44.44
1982-03-12;10.44;15.07;19.7;1.51;5.853;5.66;51.77
1982-03-13;6.4;8.46;10.53;6.07;19.742;3.28;34.16
1982-03-14;4.13;10.21;16.3;0.53;6.814;1.69;37.09
1982-03-15;9.72;15.7;21.67;0.0;18.981;2.58;63.08
1982-03-16;8.69;14.18;19.66;0.0;21.291;3.41;40.67
1982-03-17;8.83;14.66;20.5;0.0;14.074;4.88;58.79
1982-03-18;14.51;19.96;25.42;7.5;8.257;5.03;87.64
1982-03-19;13.22;15.5;17.79;0.0;19.307;4.51;64.78
1982-03-20;10.54;14.98;19.43;0.0;14.589;5.02;45.3
1982-03-21;10.71;15.01;19.3;9.18;10.13;2.55;57.2
1982-03-22;9.3;10.86;12.41;13.11;10.143;3.52;68.7
1982-03-23;6.35;11.59;16.84;0.0;15.285;1.72;46.37
1982-03-24;7.82;13.72;19.62;0.0;23.265;1.78;38.98
1982-03-25;8.03;14.8;21.58;0.0;23.248;1.33;39.6
1982-03-26;11.48;18.8;26.13;0.0;7.112;2.19;50.28
1982-03-27;10.79;16.91;23.03;0.0;13.723;2.34;64.26
1982-03-28;9.94;15.07;20.21;1.74;11.026;3.12;53.5
1982-03-29;10.96;14.38;17.81;0.81;7.455;4.77;70.87
1982-03-30;7.46;9.62;11.77;4.88;11.436;4.03;47.28
1982-03-31;7.37;10.77;14.17;0.0;10.057;2.27;41.66
1982-04-01;6.77;10.5;14.23;10.73;8.303;2.54;53.8
1982-04-02;10.5;14.48;18.46;33.76;5.022;2.14;74.78
1982-04-03;10.36;12.54;14.73;0.65;12.0;2.62;53.72
1982-04-04;10.09;14.74;19.4;5.22;10.226;2.25;46.44
1982-04-05;8.23;12.99;17.75;12.34;6.027;2.04;54.03
1982-04-06;8.1;11.9;15.7;10.15;7.808;2.86;54.61
1982-04-07;6.16;9.0;11.83;0.86;12.911;2.53;34.93
1982-04-08;2.76;7.49;12.21;0.0;22.466;1.76;17.68
1982-04-09;6.59;13.71;20.84;0.0;19.483;0.75;34.99
1982-04-10;6.61;13.25;19.89;0.0;18.432;0.49;40.83
1982-04-11;8.14;14.83;21.52;0.0;18.557;0.71;46.5
1982-04-12;10.96;17.05;23.14;0.0;16.734;0.29;72.13
1982-04-13;11.64;17.45;23.25;0.0;18.615;0.21;63.11
1982-04-14;11.75;17.88;24.01;3.75;13.307;0.98;67.56
1982-04-15;7.74;13.34;18.94;0.0;22.49;2.74;31.48
1982-04-16;5.27;11.56;17.85;0.0;24.475;2.23;19.86
1982-04-17;5.21;11.52;17.83;0.0;25.248;0.61;24.07
1982-04-18;7.23;14.05;20.88;0.0;19.33;1.64;34.99
1982-04-19;7.22;13.04;18.87;0.0;24.092;2.02;23.17
1982-04-20;5.87;12.28;18.68;0.0;25.283;1.1;24.56
1982-04-21;7.94;15.56;23.18;0.0;23.111;1.76;29.95
1982-04-22;6.78;14.53;22.27;0.0;22.897;2.43;33.3
1982-04-23;5.97;13.88;21.8;0.0;26.758;1.93;24.27
1982-04-24;9.09;17.17;25.25;0.0;13.677;0.62;60.06
1982-04-25;11.84;17.96;24.08;0.0;21.292;1.09;63.98
1982-04-26;11.99;18.52;25.05;0.13;26.368;2.04;44.16
1982-04-27;8.66;15.64;22.63;0.0;19.884;2.49;40.37
1982-04-28;9.15;16.73;24.3;0.0;26.25;3.12;22.54
1982-04-29;8.85;14.99;21.13;0.0;25.262;2.42;33.45
1982-04-30;9.71;16.55;23.38;0.0;24.846;1.83;30.65
1982-05-01;11.76;18.63;25.49;0.0;24.079;1.58;26.63
1982-05-02;8.45;14.82;21.19;0.0;22.63;2.05;26.79
1982-05-03;11.07;19.56;28.06;0.0;26.832;3.8;11.75
1982-05-04;8.63;14.14;19.64;0.0;26.026;3.87;9.54
1982-05-05;9.49;15.43;21.37;0.0;20.214;1.6;21.25
1982-05-06;8.02;14.08;20.15;0.0;24.77;0.43;23.93
1982-05-07;12.46;19.98;27.51;0.0;22.721;1.81;24.44
1982-05-08;9.96;16.0;22.04;0.0;26.454;1.76;12.1
1982-05-09;8.24;14.64;21.03;0.0;26.184;0.47;16.54
1982-05-10;8.7;16.06;23.43;0.0;25.565;0.67;24.37
1982-05-11;11.45;18.74;26.03;0.0;23.331;1.53;22.85
1982-05-12;12.21;18.69;25.17;0.0;27.422;3.91;16.29
1982-05-13;8.51;13.86;19.22;0.0;28.391;2.53;9.59
1982-05-14;6.34;12.45;18.55;0.0;28.182;0.39;15.5
1982-05-15;9.97;18.24;26.51;0.0;27.25;0.78;19.21
1982-05-16;10.87;18.62;26.37;0.0;29.17;0.53;16.14
1982-05-17;11.95;21.02;30.09;0.0;27.773;0.88;13.08
1982-05-18;13.99;23.17;32.34;0.45;20.807;1.73;30.62
1982-05-19;14.24;21.93;29.61;0.71;19.161;2.29;39.52
1982-05-20;13.1;18.68;24.25;0.0;27.941;1.06;32.76
1982-05-21;13.3;20.2;27.11;0.0;26.533;1.4;32.92
1982-05-22;14.47;21.82;29.16;0.79;14.234;1.72;37.48
1982-05-23;12.74;18.14;23.53;2.1;15.687;1.95;50.37
1982-05-24;8.75;14.33;19.91;0.0;22.702;0.56;33.27
1982-05-25;13.06;21.02;28.99;1.99;14.145;2.16;52.83
1982-05-26;12.36;16.67;20.99;0.22;26.412;2.24;34.41
1982-05-27;13.71;20.29;26.87;10.97;15.603;1.69;52.37
1982-05-28;12.12;16.29;20.46;2.2;12.447;3.2;47.14
1982-05-29;11.41;14.29;17.18;1.51;11.875;4.87;44.78
1982-05-30;11.31;14.3;17.28;0.19;10.847;4.8;38.94
1982-05-31;10.53;13.98;17.42;0.0;16.652;2.79;31.42
1982-06-01;11.54;15.96;20.37;0.0;21.253;3.08;16.43
1982-06-02;12.25;17.66;23.08;0.0;22.496;2.65;15.19
1982-06-03;11.72;17.22;22.72;0.0;25.482;2.15;14.65
1982-06-04;9.1;15.64;22.19;0.0;19.811;2.43;18.79
1982-06-05;11.21;17.55;23.88;0.93;23.411;4.01;25.29
1982-06-06;8.5;14.21;19.92;0.0;25.287;3.24;14.35
1982-06-07;10.04;16.61;23.18;0.0;22.913;3.66;13.64
1982-06-08;7.04;13.28;19.51;0.0;30.13;1.2;10.56
1982-06-09;8.77;17.47;26.17;0.0;30.618;2.24;12.27
1982-06-10;12.89;21.55;30.2;0.0;22.601;3.24;17.03
1982-06-11;10.86;16.61;22.35;0.0;24.332;3.77;13.73
1982-06-12;10.09;16.66;23.22;0.0;25.127;3.45;13.32
1982-06-13;10.3;17.33;24.35;0.85;23.757;2.23;18.41
1982-06-14;15.58;22.69;29.8;0.0;21.915;0.97;32.86
1982-06-15;14.01;19.86;25.71;0.0;26.605;0.68;29.12
1982-06-16;17.21;25.3;33.4;0.43;23.401;2.71;32.23
1982-06-17;16.28;22.7;29.13;0.0;23.761;4.01;26.73
1982-06-18;13.2;18.32;23.45;0.0;27.97;1.25;20.07
1982-06-19;15.91;24.05;32.18;0.0;28.585;1.63;19.21
1982-06-20;16.55;25.21;33.87;0.0;29.151;1.74;15.03
1982-06-21;19.08;28.2;37.33;0.0;28.108;2.46;18.78
1982-06-22;18.77;26.66;34.55;0.0;29.382;1.74;13.29
1982-06-23;18.52;26.79;35.06;0.0;29.066;1.99;16.05
1982-06-24;18.56;26.58;34.59;0.0;27.089;2.04;31.74
1982-06-25;18.6;25.81;33.02;0.0;27.276;2.39;34.09
1982-06-26;17.51;24.45;31.4;0.0;27.925;1.86;23.0
1982-06-27;17.24;24.87;32.5;0.0;28.379;1.85;22.13
1982-06-28;15.42;23.36;31.31;0.0;32.5;0.89;9.45
1982-06-29;16.58;25.56;34.55;0.0;29.322;1.19;11.33
1982-06-30;18.1;26.89;35.67;0.0;28.154;2.32;23.19
1982-07-01;16.98;24.73;32.48;0.0;27.996;1.93;24.35
1982-07-02;16.35;24.32;32.28;0.0;29.537;1.86;14.08
1982-07-03;15.04;24.02;33.01;0.0;31.45;2.76;13.13
1982-07-04;15.46;24.16;32.87;0.0;27.467;3.32;18.15
1982-07-05;15.83;22.63;29.42;0.0;29.411;1.55;15.1
1982-07-06;15.95;23.98;32.01;0.0;29.609;1.19;14.16
1982-07-07;20.01;29.41;38.82;0.0;29.412;1.94;9.08
1982-07-08;17.0;25.7;34.41;0.0;29.632;2.22;10.76
1982-07-09;16.9;26.18;35.45;0.0;31.233;4.91;6.64
1982-07-10;15.24;21.48;27.73;0.0;30.778;1.86;6.88
1982-07-11;17.47;25.29;33.11;0.0;29.881;2.53;10.96
1982-07-12;18.68;26.79;34.89;0.0;29.672;2.64;12.53
1982-07-13;17.35;25.53;33.7;0.0;29.668;1.62;12.74
1982-07-14;15.54;24.3;33.06;0.0;30.192;0.78;8.26
1982-07-15;18.71;28.16;37.6;0.0;29.034;2.03;14.79
1982-07-16;21.08;29.47;37.87;0.0;25.714;2.62;13.52
1982-07-17;22.4;30.31;38.22;0.0;27.196;1.66;12.51
1982-07-18;20.47;28.88;37.28;0.0;27.226;2.21;19.27
1982-07-19;19.92;28.21;36.49;0.0;27.781;2.97;22.44
1982-07-20;17.92;25.18;32.44;0.0;28.414;1.39;16.68
1982-07-21;17.89;25.96;34.03;0.0;28.022;1.75;19.8
1982-07-22;19.05;27.06;35.08;0.0;27.824;1.66;16.02
1982-07-23;20.09;28.44;36.78;0.0;26.87;1.55;20.83
1982-07-24;19.8;28.55;37.29;0.0;29.589;2.04;10.78
1982-07-25;19.13;28.56;38.0;0.0;29.124;2.38;10.28
1982-07-26;20.77;29.76;38.75;0.0;26.543;2.13;11.71
1982-07-27;19.87;27.45;35.04;0.0;27.811;2.86;20.74
1982-07-28;18.38;24.2;30.01;0.0;29.824;2.88;9.84
1982-07-29;19.93;28.07;36.2;0.0;29.712;2.89;6.95
1982-07-30;19.14;27.16;35.19;0.0;28.814;1.49;9.92
1982-07-31;19.27;27.61;35.95;0.0;24.748;1.49;16.16
1982-08-01;18.99;26.99;35.0;1.43;24.023;0.73;21.23
1982-08-02;17.56;25.7;33.85;0.0;24.392;0.9;27.41
1982-08-03;16.55;24.64;32.73;0.0;26.126;1.58;21.62
1982-08-04;16.16;24.46;32.76;0.0;24.307;0.92;13.8
1982-08-05;18.78;27.47;36.16;0.0;26.374;2.11;10.63
1982-08-06;20.8;29.27;37.75;0.0;21.806;2.31;12.89
1982-08-07;17.75;25.42;33.09;0.0;24.597;0.84;14.64
1982-08-08;18.74;27.69;36.63;0.0;23.035;0.47;16.75
1982-08-09;19.73;28.71;37.69;0.0;24.151;0.9;20.13
1982-08-10;19.66;28.34;37.01;0.0;25.881;1.5;22.83
1982-08-11;18.07;26.05;34.04;0.0;26.11;2.31;27.28
1982-08-12;15.88;23.8;31.73;0.0;25.992;1.75;23.66
1982-08-13;14.93;22.95;30.97;0.0;26.13;1.56;24.2
1982-08-14;16.55;25.01;33.46;0.0;25.002;1.44;30.52
1982-08-15;18.33;26.43;34.54;0.0;24.983;1.75;20.77
1982-08-16;18.99;27.34;35.69;0.49;23.511;1.83;28.19
1982-08-17;18.12;25.54;32.96;0.0;24.913;1.44;23.06
1982-08-18;18.02;26.87;35.71;1.07;23.556;0.76;22.53
1982-08-19;16.8;26.02;35.25;0.0;21.891;1.44;19.28
1982-08-20;14.93;24.07;33.2;0.0;25.605;1.63;12.01
1982-08-21;14.19;23.72;33.25;0.0;25.487;1.45;11.87
1982-08-22;13.63;23.05;32.46;0.0;25.257;1.28;12.92
1982-08-23;13.8;23.06;32.33;0.0;26.097;1.08;13.0
1982-08-24;16.1;25.47;34.84;0.0;27.374;1.89;13.0
1982-08-25;15.14;24.13;33.12;0.0;24.299;1.75;10.53
1982-08-26;14.81;24.34;33.86;0.0;24.241;1.15;8.19
1982-08-27;14.76;24.31;33.86;0.0;23.764;1.48;14.69
1982-08-28;17.57;26.44;35.31;0.0;23.129;2.39;20.53
1982-08-29;18.75;26.48;34.2;0.0;22.837;2.7;12.45
1982-08-30;19.33;26.99;34.65;0.0;22.183;2.48;11.3
1982-08-31;19.11;26.98;34.86;0.0;22.903;2.41;10.41
1982-09-01;19.76;27.9;36.04;0.0;24.058;2.39;13.04
1982-09-02;19.48;27.84;36.2;0.0;23.604;2.18;13.75
1982-09-03;17.69;26.02;34.35;0.0;18.457;0.98;16.79
1982-09-04;16.52;24.98;33.44;0.82;20.495;1.15;35.69
1982-09-05;16.79;25.47;34.15;0.0;22.599;1.97;42.15
1982-09-06;13.73;21.2;28.67;0.0;22.053;1.87;27.34
1982-09-07;13.04;21.41;29.77;0.0;22.455;1.83;23.3
1982-09-08;13.68;22.03;30.38;0.0;22.288;2.05;21.89
1982-09-09;13.73;22.08;30.42;0.0;22.062;2.8;18.9
1982-09-10;13.34;21.07;28.8;0.0;17.993;2.45;19.66
1982-09-11;11.49;18.71;25.93;0.0;22.1;0.86;16.0
1982-09-12;15.61;24.81;34.01;1.28;15.701;2.06;45.21
1982-09-13;15.02;19.95;24.89;0.0;21.139;3.0;25.55
1982-09-14;15.28;21.98;28.69;0.0;7.777;3.05;19.61
1982-09-15;12.47;17.4;22.33;0.0;14.01;1.14;38.76
1982-09-16;13.95;20.66;27.36;0.0;18.026;1.44;49.21
1982-09-17;17.08;23.77;30.46;1.15;17.452;1.91;55.74
1982-09-18;16.49;21.36;26.24;7.81;12.194;2.43;67.44
1982-09-19;14.64;18.53;22.42;2.02;11.233;1.81;64.33
1982-09-20;12.64;18.04;23.43;0.0;18.671;0.86;40.69
1982-09-21;10.71;18.02;25.32;0.0;20.414;0.51;18.31
1982-09-22;11.71;20.98;30.26;0.0;19.648;0.98;18.54
1982-09-23;12.92;21.94;30.96;0.0;21.239;1.84;23.63
1982-09-24;11.5;19.84;28.17;0.0;18.898;1.51;21.35
1982-09-25;12.27;20.63;28.99;0.0;18.773;2.19;16.94
1982-09-26;13.24;20.66;28.09;0.0;17.438;1.59;23.48
1982-09-27;14.55;21.31;28.07;0.0;18.771;2.08;24.44
1982-09-28;14.7;21.11;27.52;0.0;18.309;1.96;19.49
1982-09-29;13.93;20.63;27.33;0.0;18.101;1.28;17.08
1982-09-30;13.12;20.23;27.35;0.0;17.648;0.8;22.72
1982-10-01;14.72;22.1;29.48;6.44;11.697;1.02;59.71
1982-10-02;15.19;21.05;26.92;1.1;16.67;0.88;62.69
1982-10-03;16.24;21.55;26.87;0.4;14.882;0.64;57.26
1982-10-04;17.18;22.62;28.05;1.03;15.943;0.98;47.05
1982-10-05;14.09;18.81;23.53;0.0;17.196;2.44;36.04
1982-10-06;10.44;15.55;20.66;0.0;16.405;1.04;31.37
1982-10-07;12.53;19.37;26.21;1.53;10.539;1.29;40.26
1982-10-08;10.01;15.9;21.79;0.0;16.53;1.55;26.16
1982-10-09;9.49;16.42;23.35;0.0;16.343;0.95;18.32
1982-10-10;8.85;14.77;20.68;2.02;10.695;1.65;34.41
1982-10-11;12.01;18.63;25.24;1.02;10.606;3.37;38.97
1982-10-12;13.19;18.07;22.96;0.0;15.937;4.0;39.0
1982-10-13;14.09;19.31;24.53;0.0;16.936;3.98;39.96
1982-10-14;15.26;21.19;27.12;0.0;17.11;3.86;44.56
1982-10-15;15.4;21.13;26.85;16.04;6.883;4.16;74.97
1982-10-16;14.57;17.54;20.51;4.29;8.128;4.25;66.79
1982-10-17;14.02;16.44;18.86;10.61;6.155;4.32;55.63
1982-10-18;13.71;16.01;18.3;11.05;5.086;5.42;60.46
1982-10-19;13.65;16.11;18.57;15.35;5.783;4.37;65.51
1982-10-20;12.19;14.31;16.43;20.07;2.6;1.71;70.78
1982-10-21;9.67;11.99;14.31;0.0;9.733;1.73;43.66
1982-10-22;5.61;10.07;14.53;0.33;7.73;1.22;32.26
1982-10-23;7.58;12.9;18.22;12.28;6.896;0.61;40.62
1982-10-24;9.72;14.14;18.55;0.0;12.76;5.37;28.43
1982-10-25;10.65;15.18;19.72;23.14;1.613;3.74;53.46
1982-10-26;9.28;13.04;16.81;0.0;12.279;1.03;40.52
1982-10-27;7.3;12.01;16.72;0.0;7.731;0.65;42.62
1982-10-28;9.83;15.56;21.29;1.85;9.45;2.07;45.75
1982-10-29;12.5;17.65;22.8;16.73;6.955;1.43;63.1
1982-10-30;11.08;14.67;18.26;0.0;10.888;2.84;43.04
1982-10-31;11.31;15.85;20.39;0.0;11.529;2.99;42.32
1982-11-01;8.51;13.29;18.07;6.39;1.666;1.82;63.54
1982-11-02;5.28;9.53;13.77;0.0;8.291;1.67;38.41
1982-11-03;2.82;7.95;13.08;0.14;13.284;3.74;18.22
1982-11-04;0.68;5.3;9.93;0.0;12.45;2.19;24.14
1982-11-05;5.06;11.87;18.68;0.0;10.142;2.94;33.04
1982-11-06;3.51;9.12;14.72;0.0;11.561;2.2;31.73
1982-11-07;7.43;14.57;21.72;0.0;11.597;1.3;48.03
1982-11-08;7.0;13.24;19.49;0.0;11.53;1.76;47.89
1982-11-09;7.83;14.05;20.26;2.37;7.506;2.89;56.89
1982-11-10;5.99;10.53;15.06;0.0;12.067;2.16;39.07
1982-11-11;5.09;10.35;15.61;0.0;11.85;2.43;33.37
1982-11-12;5.52;11.61;17.7;0.0;12.299;2.53;34.31
1982-11-13;4.21;11.34;18.46;0.0;10.171;1.85;40.34
1982-11-14;7.16;13.99;20.82;0.0;10.398;1.11;53.01
1982-11-15;4.61;10.09;15.56;0.0;9.922;0.37;40.56
1982-11-16;5.56;11.68;17.8;0.0;7.421;0.6;47.47
1982-11-17;8.06;13.45;18.83;0.0;9.817;1.38;48.61
1982-11-18;6.9;11.79;16.68;0.0;10.902;2.41;37.35
1982-11-19;6.95;12.63;18.32;0.0;10.547;2.41;43.23
1982-11-20;5.38;11.29;17.21;0.0;10.145;0.83;41.25
1982-11-21;6.14;11.77;17.4;0.0;10.97;0.84;44.21
1982-11-22;4.61;9.54;14.48;0.0;9.625;1.68;38.03
1982-11-23;7.31;12.81;18.32;1.39;4.776;2.81;57.7
1982-11-24;12.01;15.84;19.68;11.22;2.017;3.68;84.41
1982-11-25;7.17;9.34;11.52;0.0;8.291;2.82;67.5
1982-11-26;6.82;12.63;18.43;0.0;11.395;3.0;37.5
1982-11-27;11.59;18.3;25.02;0.0;11.342;2.66;47.65
1982-11-28;11.12;15.97;20.82;0.0;7.076;1.87;46.44
1982-11-29;13.74;19.09;24.45;0.0;5.601;1.2;61.41
1982-11-30;11.38;14.68;17.97;0.0;9.27;1.87;58.71
1982-12-01;8.21;13.61;19.0;0.0;9.548;2.17;64.58
1982-12-02;6.68;12.91;19.15;0.0;10.756;0.81;60.25
1982-12-03;7.02;13.33;19.65;0.0;11.083;2.15;54.44
1982-12-04;5.35;11.54;17.73;0.0;11.231;1.56;53.83
1982-12-05;3.81;9.99;16.17;0.0;9.285;1.04;48.16
1982-12-06;3.68;10.31;16.94;0.0;9.246;1.04;49.46
1982-12-07;3.0;9.61;16.21;0.0;9.171;0.86;47.39
1982-12-08;5.73;12.5;19.26;0.0;9.205;2.2;49.55
1982-12-09;3.37;8.73;14.09;0.0;9.558;1.48;40.67
1982-12-10;2.39;8.03;13.67;0.0;8.982;2.65;28.9
1982-12-11;5.34;11.88;18.43;0.0;9.769;3.03;50.88
1982-12-12;6.7;12.58;18.47;0.0;8.926;2.95;60.05
1982-12-13;5.38;11.06;16.75;0.0;9.089;2.66;42.4
1982-12-14;4.75;9.54;14.34;0.0;8.793;2.69;46.89
1982-12-15;5.46;11.57;17.68;0.77;6.0;0.61;69.26
1982-12-16;5.02;10.25;15.48;0.0;7.412;0.73;61.99
1982-12-17;2.94;8.22;13.51;0.0;8.303;1.78;38.18
1982-12-18;1.44;6.67;11.91;0.0;10.076;1.32;20.56
1982-12-19;1.05;5.63;10.2;0.0;10.378;2.02;21.58
1982-12-20;1.52;6.25;10.99;0.0;9.765;2.18;20.68
1982-12-21;1.3;6.29;11.27;0.0;7.546;0.91;30.24
1982-12-22;0.34;5.1;9.86;0.0;10.077;0.9;24.7
1982-12-23;-0.01;5.36;10.73;0.0;7.313;1.14;21.31
1982-12-24;0.74;5.88;11.03;0.0;5.661;1.0;38.11
1982-12-25;3.69;9.13;14.58;3.16;4.981;3.05;59.21
1982-12-26;1.67;7.1;12.54;3.42;5.923;2.02;47.97
1982-12-27;10.35;16.44;22.53;39.07;3.764;3.0;80.98
1982-12-28;7.93;9.76;11.59;1.56;5.549;1.5;75.35
1982-12-29;5.16;8.57;11.97;3.18;6.702;1.63;62.16
1982-12-30;1.82;5.8;9.78;0.0;10.801;1.42;23.97
1982-12-31;1.89;7.29;12.7;0.0;11.203;2.63;21.84
1983-01-01;1.35;6.29;11.22;0.0;10.197;2.24;30.6
1983-01-02;3.26;7.98;12.7;0.0;4.86;1.56;38.88
1983-01-03;0.72;4.42;8.11;0.0;10.182;1.97;30.53
1983-01-04;-0.96;4.01;8.97;0.0;10.374;2.83;20.55
1983-01-05;-1.07;3.24;7.56;0.0;10.506;1.78;19.41
1983-01-06;-0.77;4.84;10.45;0.0;10.78;1.87;19.33
1983-01-07;2.12;8.43;14.73;0.0;9.849;1.79;40.54
1983-01-08;1.76;8.07;14.38;0.0;7.877;1.35;44.01
1983-01-09;5.55;11.58;17.6;0.0;7.749;1.47;59.64
1983-01-10;2.79;6.65;10.52;0.0;8.979;1.04;51.37
1983-01-11;2.19;7.61;13.04;0.9;7.64;1.8;44.71
1983-01-12;3.15;8.55;13.96;0.0;9.645;2.92;40.84
1983-01-13;3.19;7.84;12.49;0.34;9.489;3.02;44.51
1983-01-14;0.67;6.0;11.33;0.0;11.086;1.97;26.97
1983-01-15;-0.57;5.8;12.17;0.0;11.261;0.76;24.56
1983-01-16;-0.58;6.0;12.57;0.0;10.967;1.26;26.83
1983-01-17;0.38;6.9;13.41;0.0;10.708;1.63;28.52
1983-01-18;0.88;7.04;13.19;0.0;6.17;1.12;40.51
1983-01-19;2.07;7.88;13.7;0.0;10.392;0.66;45.98
1983-01-20;1.05;6.9;12.75;0.0;11.4;2.47;35.61
1983-01-21;5.97;12.5;19.03;0.0;10.106;3.09;69.74
1983-01-22;6.23;11.92;17.61;0.0;10.81;2.32;67.58
1983-01-23;4.9;10.74;16.58;0.0;8.134;1.98;62.07
1983-01-24;1.75;6.76;11.78;0.0;11.549;1.44;37.42
1983-01-25;1.15;7.59;14.04;0.0;11.327;1.06;38.81
1983-01-26;2.17;9.48;16.8;0.0;11.719;2.58;33.92
1983-01-27;0.69;7.33;13.98;0.0;11.822;2.25;25.99
1983-01-28;2.7;9.24;15.79;0.0;11.867;2.35;44.45
1983-01-29;2.3;9.47;16.65;0.0;11.644;0.92;48.01
1983-01-30;3.63;10.86;18.09;0.0;13.698;2.08;50.34
1983-01-31;2.6;9.25;15.89;0.0;14.21;1.82;45.98
1983-02-01;2.02;9.58;17.15;0.0;14.99;0.79;27.89
1983-02-02;1.85;9.17;16.49;0.0;8.355;1.75;34.95
1983-02-03;2.91;9.86;16.81;0.0;12.231;1.82;35.25
1983-02-04;5.03;11.44;17.85;0.0;14.294;2.01;36.53
1983-02-05;5.98;11.66;17.34;0.0;12.846;2.31;43.32
1983-02-06;3.32;9.2;15.07;0.0;11.874;1.17;36.6
1983-02-07;2.15;8.4;14.65;0.0;13.843;0.42;26.06
1983-02-08;4.62;11.95;19.28;0.0;13.344;1.59;36.85
1983-02-09;3.12;9.79;16.47;0.89;13.092;1.34;40.98
1983-02-10;9.1;16.45;23.8;3.03;6.448;2.21;70.17
1983-02-11;7.94;10.62;13.29;11.57;9.824;3.83;55.06
1983-02-12;5.71;8.95;12.19;1.85;12.774;2.58;48.97
1983-02-13;1.29;6.36;11.42;0.0;15.711;3.21;17.16
1983-02-14;-0.08;4.47;9.02;0.0;14.637;1.16;22.31
1983-02-15;-0.6;5.11;10.81;0.0;15.65;1.67;22.99
1983-02-16;0.48;6.6;12.72;0.0;16.018;2.07;19.67
1983-02-17;1.78;7.76;13.74;0.0;1.834;2.14;38.7
1983-02-18;9.14;14.76;20.38;0.67;6.883;2.65;72.58
1983-02-19;10.23;13.97;17.72;2.39;8.733;2.25;75.27
1983-02-20;7.72;10.18;12.63;1.22;7.724;3.19;51.62
1983-02-21;3.54;7.1;10.65;7.3;10.867;3.38;44.57
1983-02-22;0.52;5.85;11.19;0.0;15.247;1.58;23.98
1983-02-23;2.06;8.11;14.16;0.0;17.647;2.93;26.0
1983-02-24;7.04;13.61;20.18;0.0;17.634;3.72;35.0
1983-02-25;8.82;14.61;20.39;0.0;17.517;3.18;28.31
1983-02-26;11.87;18.52;25.16;0.0;15.459;4.27;25.77
1983-02-27;9.69;15.61;21.53;5.66;5.169;3.38;53.71
1983-02-28;7.08;12.09;17.11;0.0;13.172;2.58;44.71
1983-03-01;4.34;8.46;12.58;1.15;9.48;2.58;32.87
1983-03-02;1.74;7.54;13.33;0.18;13.236;2.31;22.23
1983-03-03;1.9;8.15;14.4;0.0;17.792;0.54;21.35
1983-03-04;3.66;10.4;17.14;0.0;17.133;0.74;25.76
1983-03-05;7.16;14.82;22.48;0.0;20.501;2.31;26.77
1983-03-06;9.43;16.62;23.81;0.0;14.979;2.86;29.83
1983-03-07;8.53;14.73;20.94;0.0;17.615;1.11;41.74
1983-03-08;7.11;13.13;19.16;0.0;17.804;2.13;36.45
1983-03-09;5.63;12.01;18.39;0.0;20.329;0.7;30.53
1983-03-10;7.37;14.96;22.56;0.0;19.958;2.21;27.18
1983-03-11;6.87;14.04;21.21;0.0;21.201;1.78;25.87
1983-03-12;5.24;12.92;20.6;0.0;19.361;0.88;23.2
1983-03-13;8.83;17.66;26.5;0.86;15.109;2.02;36.85
1983-03-14;8.01;14.66;21.3;0.0;19.012;1.5;33.6
1983-03-15;6.93;13.71;20.48;0.0;19.206;1.72;29.71
1983-03-16;6.71;14.23;21.75;0.0;19.827;1.59;26.22
1983-03-17;4.26;11.59;18.91;0.52;21.035;2.15;28.13
1983-03-18;10.56;18.26;25.96;12.49;2.042;2.72;71.68
1983-03-19;10.46;11.92;13.38;1.43;8.273;2.47;54.89
1983-03-20;9.61;12.83;16.05;0.53;6.762;3.65;48.57
1983-03-21;9.68;13.12;16.55;0.0;9.359;3.7;46.94
1983-03-22;7.75;11.84;15.94;0.0;19.41;3.28;32.21
1983-03-23;5.58;11.06;16.54;0.0;21.556;1.2;26.75
1983-03-24;5.46;12.23;19.0;0.0;24.19;1.12;28.57
1983-03-25;6.86;13.9;20.94;0.0;23.662;0.76;26.61
1983-03-26;7.61;15.08;22.56;0.0;22.018;1.38;30.49
1983-03-27;6.89;13.88;20.86;0.19;12.792;1.03;37.44
1983-03-28;5.85;12.64;19.43;0.0;22.143;2.15;27.6
1983-03-29;7.7;15.38;23.07;0.0;19.728;1.6;32.62
1983-03-30;6.24;13.29;20.34;0.0;23.033;2.22;26.94
1983-03-31;7.23;14.96;22.68;0.0;22.873;2.13;29.87
1983-04-01;7.07;14.81;22.55;0.0;19.424;2.09;27.62
1983-04-02;7.76;15.41;23.06;0.0;19.328;0.99;35.98
1983-04-03;9.19;16.4;23.61;0.0;24.493;2.05;34.96
1983-04-04;4.91;12.07;19.24;0.0;17.334;3.09;39.18
1983-04-05;7.5;14.9;22.3;1.34;12.918;3.25;36.91
1983-04-06;10.57;15.28;19.99;4.1;12.694;3.16;51.98
1983-04-07;9.41;13.64;17.87;2.62;8.073;3.06;72.36
1983-04-08;10.48;14.5;18.51;0.15;13.574;2.83;61.67
1983-04-09;8.95;14.27;19.59;0.0;25.826;0.77;46.23
1983-04-10;11.3;19.34;27.37;0.0;20.507;1.45;36.73
1983-04-11;10.28;18.3;26.33;0.0;21.355;1.23;42.27
1983-04-12;9.0;17.09;25.18;0.0;23.401;2.94;38.99
1983-04-13;6.38;13.37;20.35;0.0;24.584;2.29;31.35
1983-04-14;7.72;15.36;23.0;0.0;13.94;2.97;38.31
1983-04-15;7.11;13.29;19.47;0.0;26.666;1.66;18.09
1983-04-16;6.56;14.05;21.54;0.0;24.3;1.45;20.22
1983-04-17;9.05;16.77;24.49;0.0;26.707;2.09;34.88
1983-04-18;9.77;17.73;25.68;0.0;24.382;2.63;31.85
1983-04-19;9.06;16.57;24.09;0.0;27.772;2.09;24.5
1983-04-20;10.63;18.75;26.87;2.81;12.43;3.77;50.16
1983-04-21;8.21;12.92;17.62;0.0;17.581;5.08;26.71
1983-04-22;9.23;14.69;20.14;0.0;16.437;5.81;18.3
1983-04-23;6.85;11.57;16.28;0.0;25.998;2.65;24.06
1983-04-24;10.38;18.43;26.48;0.0;28.471;2.17;33.38
1983-04-25;11.95;20.05;28.15;0.0;29.052;1.55;23.56
1983-04-26;11.57;19.67;27.77;0.0;26.758;1.76;17.89
1983-04-27;12.51;20.8;29.09;0.0;26.129;2.95;16.89
1983-04-28;12.32;20.59;28.85;0.0;27.837;3.19;4.56
1983-04-29;8.07;14.22;20.38;0.0;30.27;1.94;4.63
1983-04-30;9.03;16.84;24.66;0.0;29.862;2.24;14.54
1983-05-01;12.1;19.15;26.2;0.0;28.354;4.79;11.95
1983-05-02;13.22;19.39;25.56;0.0;24.411;4.93;11.22
1983-05-03;16.44;23.41;30.38;0.53;18.917;4.11;11.6
1983-05-04;11.54;17.15;22.76;0.0;27.423;2.31;29.87
1983-05-05;11.65;18.14;24.62;0.0;20.808;3.21;27.55
1983-05-06;9.47;15.55;21.63;0.0;28.22;2.55;21.13
1983-05-07;10.73;17.63;24.53;11.91;3.49;1.2;41.47
1983-05-08;9.87;13.71;17.55;2.56;13.313;1.52;41.98
1983-05-09;8.93;12.74;16.55;0.23;19.71;1.9;30.22
1983-05-10;8.94;14.63;20.33;9.06;0.606;2.41;43.22
1983-05-11;7.53;10.6;13.67;6.28;15.566;4.41;32.58
1983-05-12;6.66;10.66;14.66;7.85;9.61;4.98;34.16
1983-05-13;9.7;13.26;16.83;2.23;14.007;4.84;35.33
1983-05-14;10.43;14.43;18.42;0.0;19.06;2.12;34.08
1983-05-15;10.98;15.5;20.02;0.0;28.68;1.62;32.88
1983-05-16;8.84;15.13;21.42;0.14;14.328;3.02;42.72
1983-05-17;8.29;13.23;18.18;0.0;20.707;3.21;23.3
1983-05-18;5.01;9.98;14.95;0.0;22.353;2.38;16.66
1983-05-19;3.8;10.07;16.34;0.0;20.571;1.69;14.77
1983-05-20;3.7;10.49;17.29;0.0;25.245;1.97;13.53
1983-05-21;3.57;10.73;17.89;0.0;28.661;0.81;17.55
1983-05-22;4.33;12.34;20.36;0.0;26.234;1.41;16.23
1983-05-23;4.9;12.84;20.77;3.22;15.577;0.52;24.72
1983-05-24;10.79;17.7;24.61;11.47;10.688;1.92;52.02
1983-05-25;12.89;16.08;19.27;43.37;12.055;3.21;65.38
1983-05-26;11.02;14.75;18.48;0.0;21.027;2.14;48.01
1983-05-27;10.52;16.23;21.94;0.0;20.549;1.33;36.27
1983-05-28;15.04;22.42;29.81;0.64;16.779;3.08;37.03
1983-05-29;14.57;20.01;25.45;2.79;10.954;2.05;53.07
1983-05-30;12.12;17.25;22.38;0.28;23.25;1.3;53.3
1983-05-31;12.91;19.72;26.53;0.0;24.156;1.6;50.3
1983-06-01;10.73;16.55;22.36;0.0;28.965;1.19;21.19
1983-06-02;11.37;19.52;27.67;0.0;28.975;2.24;19.99
1983-06-03;11.67;18.84;26.01;6.37;18.834;1.41;27.99
1983-06-04;13.83;20.27;26.71;1.75;11.315;3.18;33.92
1983-06-05;14.38;19.06;23.74;0.0;25.268;1.63;31.28
1983-06-06;15.17;21.24;27.31;0.0;25.425;1.96;29.48
1983-06-07;16.6;23.93;31.26;0.0;27.372;2.86;26.78
1983-06-08;17.08;24.45;31.83;0.0;23.978;3.77;22.47
1983-06-09;15.3;21.02;26.74;0.0;29.208;2.31;17.16
1983-06-10;12.36;19.55;26.74;0.0;26.343;0.69;19.63
1983-06-11;12.37;20.25;28.13;0.0;26.541;0.4;22.35
1983-06-12;15.88;24.05;32.22;0.0;24.843;1.55;28.91
1983-06-13;16.09;22.16;28.24;8.41;8.85;2.43;35.99
1983-06-14;14.68;17.34;20.0;0.0;14.872;2.81;34.46
1983-06-15;11.71;16.29;20.87;0.0;24.329;1.76;27.32
1983-06-16;10.95;17.57;24.19;0.0;29.288;2.66;19.25
1983-06-17;14.3;21.71;29.12;0.0;25.243;3.74;19.18
1983-06-18;11.1;16.41;21.71;0.0;25.046;3.7;17.51
1983-06-19;11.76;18.13;24.5;2.56;17.792;1.83;22.71
1983-06-20;10.52;15.65;20.78;0.0;29.839;1.4;17.75
1983-06-21;12.21;20.03;27.85;0.0;29.989;1.71;18.74
1983-06-22;15.59;23.37;31.15;0.0;30.338;2.74;16.53
1983-06-23;13.67;21.41;29.15;0.0;30.634;1.84;21.53
1983-06-24;14.85;22.96;31.07;0.0;31.223;1.4;22.82
1983-06-25;14.48;22.63;30.79;0.0;28.804;1.02;19.77
1983-06-26;15.09;23.71;32.33;0.0;29.565;2.03;19.62
1983-06-27;16.73;25.37;34.01;0.0;30.919;2.84;27.03
1983-06-28;16.49;23.57;30.65;0.0;27.688;0.89;17.73
1983-06-29;17.88;26.33;34.77;0.0;27.71;0.9;22.4
1983-06-30;18.55;26.83;35.11;0.0;27.348;1.85;24.09
1983-07-01;16.31;24.45;32.6;0.0;29.427;2.7;16.91
1983-07-02;16.13;24.84;33.56;0.0;30.484;2.04;13.52
1983-07-03;16.77;25.49;34.21;0.0;31.435;1.85;9.95
1983-07-04;19.24;28.41;37.58;0.0;28.452;2.12;9.53
1983-07-05;20.46;29.08;37.7;0.0;24.739;1.12;14.81
1983-07-06;19.58;27.77;35.96;0.0;28.648;1.66;13.4
1983-07-07;18.53;27.83;37.13;0.0;29.974;1.75;9.71
1983-07-08;20.64;30.89;41.14;0.0;29.06;1.48;8.87
1983-07-09;20.52;29.29;38.06;0.0;27.825;2.61;19.83
1983-07-10;22.23;30.04;37.84;0.0;27.976;2.97;15.71
1983-07-11;21.8;29.48;37.15;0.0;29.419;2.48;10.96
1983-07-12;20.2;27.78;35.36;0.0;29.17;1.54;13.92
1983-07-13;21.22;29.38;37.54;0.0;28.477;1.64;13.68
1983-07-14;22.43;30.59;38.74;0.0;28.662;1.93;11.02
1983-07-15;20.43;27.91;35.38;0.0;29.264;1.4;12.03
1983-07-16;20.87;28.91;36.94;0.0;29.513;1.63;10.82
1983-07-17;20.92;28.98;37.03;0.0;29.295;1.21;10.78
1983-07-18;20.83;28.96;37.09;0.0;28.6;1.39;12.2
1983-07-19;21.07;29.02;36.98;0.0;28.439;2.14;12.5
1983-07-20;22.7;30.48;38.25;0.0;26.072;3.04;16.27
1983-07-21;23.74;30.92;38.1;0.0;23.839;3.06;17.3
1983-07-22;26.78;33.2;39.63;0.0;22.279;2.96;15.43
1983-07-23;24.62;29.11;33.6;0.0;23.437;2.48;10.51
1983-07-24;23.12;30.04;36.95;0.0;21.063;1.29;9.03
1983-07-25;20.52;28.16;35.8;0.0;26.631;0.6;14.18
1983-07-26;20.04;29.1;38.16;0.0;23.077;0.53;24.28
1983-07-27;19.74;28.18;36.62;0.69;25.72;0.78;23.26
1983-07-28;19.46;27.93;36.41;0.0;21.226;0.88;20.79
1983-07-29;20.66;28.7;36.73;0.0;23.034;1.36;12.53
1983-07-30;21.71;29.8;37.88;0.0;30.081;2.02;10.24
1983-07-31;21.35;29.45;37.54;0.0;25.314;1.04;11.19
1983-08-01;19.07;27.21;35.35;0.0;28.56;0.74;10.63
1983-08-02;19.5;28.71;37.92;0.0;27.292;1.88;11.18
1983-08-03;19.5;28.2;36.89;0.44;9.019;2.16;14.53
1983-08-04;18.42;25.23;32.03;0.0;24.977;1.65;12.28
1983-08-05;17.89;26.41;34.94;0.0;28.401;1.57;12.2
1983-08-06;17.84;27.07;36.3;0.0;27.565;1.81;11.86
1983-08-07;16.59;26.01;35.42;0.0;27.707;2.22;12.22
1983-08-08;16.84;26.24;35.65;0.0;27.422;2.88;12.47
1983-08-09;16.21;24.62;33.02;0.0;27.516;2.47;10.02
1983-08-10;13.43;21.22;29.01;0.0;27.869;1.07;9.81
1983-08-11;13.85;23.09;32.33;0.0;27.683;1.75;10.31
1983-08-12;14.97;24.05;33.13;0.0;29.198;1.37;11.14
1983-08-13;16.05;25.28;34.51;0.0;24.252;1.17;18.54
1983-08-14;18.1;26.58;35.06;0.54;23.574;1.56;44.22
1983-08-15;16.99;23.6;30.22;0.0;23.739;1.65;32.07
1983-08-16;14.92;22.48;30.05;0.0;25.478;1.67;12.53
1983-08-17;14.77;23.68;32.59;0.71;23.412;1.9;19.75
1983-08-18;17.56;26.01;34.46;0.0;22.465;2.09;40.17
1983-08-19;17.69;23.78;29.87;0.0;23.781;2.09;29.95
1983-08-20;19.43;26.97;34.51;0.0;23.493;2.85;19.58
1983-08-21;17.88;24.95;32.02;0.0;23.819;1.43;20.27
1983-08-22;17.24;25.14;33.05;0.44;23.008;1.66;41.51
1983-08-23;17.16;24.27;31.38;0.0;22.865;2.12;29.5
1983-08-24;15.35;22.49;29.63;0.0;24.368;2.1;18.69
1983-08-25;12.4;20.57;28.75;0.0;24.586;0.9;10.97
1983-08-26;12.39;21.75;31.1;0.0;24.043;1.17;14.93
1983-08-27;14.49;23.77;33.04;0.0;23.382;1.36;23.15
1983-08-28;13.24;21.7;30.16;0.0;27.033;1.67;16.4
1983-08-29;13.35;22.46;31.58;0.0;23.449;1.14;12.86
1983-08-30;13.41;22.61;31.8;0.0;23.382;1.0;11.03
1983-08-31;13.67;23.07;32.47;0.0;23.135;0.85;12.26
1983-09-01;17.43;26.82;36.22;0.0;24.09;2.32;33.65
1983-09-02;17.26;25.04;32.81;0.0;23.145;2.05;30.96
1983-09-03;14.01;21.95;29.9;0.0;24.182;1.61;14.33
1983-09-04;13.78;23.19;32.59;0.0;23.702;1.59;15.06
1983-09-05;13.61;22.95;32.3;0.0;23.468;1.08;14.09
1983-09-06;14.48;23.73;32.99;0.0;23.223;0.98;14.02
1983-09-07;16.7;26.09;35.47;0.0;22.502;1.97;32.0
1983-09-08;20.13;28.45;36.77;0.0;14.098;3.12;54.05
1983-09-09;14.06;19.57;25.09;0.0;22.275;2.52;21.42
1983-09-10;12.9;21.0;29.09;0.0;22.0;1.85;18.72
1983-09-11;13.15;21.5;29.86;0.0;21.067;2.02;23.97
1983-09-12;11.09;18.74;26.4;0.0;21.848;1.43;17.7
1983-09-13;10.59;18.95;27.3;0.0;21.61;0.78;13.92
1983-09-14;12.2;21.57;30.95;0.0;21.233;0.87;14.29
1983-09-15;14.06;23.51;32.95;0.0;21.146;0.96;17.04
1983-09-16;15.19;24.09;32.99;0.22;17.603;0.69;45.88
1983-09-17;15.66;23.54;31.41;0.0;20.299;1.45;26.17
1983-09-18;16.43;24.43;32.44;0.0;21.374;2.35;19.4
1983-09-19;18.21;26.3;34.4;0.0;21.425;3.21;23.86
1983-09-20;15.24;21.94;28.64;5.23;17.327;0.78;32.47
1983-09-21;14.6;22.0;29.39;3.38;13.528;0.74;61.47
1983-09-22;15.18;21.14;27.1;0.0;19.158;1.08;40.23
1983-09-23;13.38;19.26;25.14;0.0;19.069;0.41;31.33
1983-09-24;13.55;21.69;29.82;0.0;18.922;0.5;21.44
1983-09-25;14.41;23.2;32.0;0.0;18.831;0.78;18.6
1983-09-26;15.88;24.61;33.34;0.0;14.588;1.42;35.12
1983-09-27;15.24;21.79;28.34;0.0;18.427;0.82;29.67
1983-09-28;13.39;20.93;28.46;0.0;18.503;0.5;19.83
1983-09-29;13.44;22.09;30.75;0.0;19.905;0.73;14.1
1983-09-30;15.93;24.64;33.34;0.0;17.905;2.52;26.79
1983-10-01;14.81;21.87;28.92;0.31;12.825;2.77;36.85
1983-10-02;13.41;20.25;27.09;0.0;18.313;2.57;21.22
1983-10-03;11.23;17.02;22.8;0.0;19.012;2.59;15.73
1983-10-04;15.14;22.79;30.44;0.0;8.042;1.44;48.96
1983-10-05;15.59;20.33;25.07;0.0;15.917;0.75;42.47
1983-10-06;14.61;20.49;26.37;0.0;16.212;1.21;34.99
1983-10-07;14.49;21.75;29.02;0.0;16.47;1.63;26.3
1983-10-08;13.43;21.01;28.59;0.0;16.823;1.75;17.45
1983-10-09;11.39;19.54;27.68;0.0;17.699;1.28;21.71
1983-10-10;11.81;20.25;28.68;2.08;11.178;2.2;44.74
1983-10-11;13.79;20.92;28.05;0.0;10.701;2.81;49.19
1983-10-12;9.61;13.91;18.21;0.0;16.338;2.98;15.87
1983-10-13;8.76;14.93;21.11;0.0;14.998;0.73;22.54
1983-10-14;8.47;15.77;23.07;0.0;16.657;1.55;28.18
1983-10-15;12.97;21.75;30.53;0.0;17.461;3.72;20.57
1983-10-16;11.72;16.66;21.59;0.0;13.096;3.35;28.86
1983-10-17;13.25;20.27;27.28;0.0;16.11;1.76;35.13
1983-10-18;12.61;19.04;25.46;0.0;16.791;1.03;39.19
1983-10-19;12.55;20.01;27.46;0.0;16.182;1.23;36.08
1983-10-20;11.71;19.3;26.9;0.0;13.56;1.21;31.62
1983-10-21;10.74;18.7;26.65;0.0;8.095;1.55;25.48
1983-10-22;11.82;19.69;27.55;0.0;13.51;3.58;25.55
1983-10-23;9.93;14.74;19.55;0.0;9.888;2.3;20.37
1983-10-24;9.92;15.47;21.02;0.0;15.331;1.75;24.59
1983-10-25;7.71;13.48;19.25;0.0;14.291;0.74;22.15
1983-10-26;6.52;13.72;20.93;0.0;13.734;0.6;21.83
1983-10-27;9.08;17.29;25.5;0.0;14.705;2.11;21.13
1983-10-28;13.12;21.11;29.09;2.65;7.08;4.04;34.03
1983-10-29;8.63;14.5;20.36;0.0;12.96;2.47;23.8
1983-10-30;9.45;14.81;20.17;2.9;7.406;3.51;38.08
1983-10-31;8.87;12.89;16.92;6.85;6.748;4.25;37.43
1983-11-01;4.7;7.78;10.86;2.29;10.82;3.1;39.62
1983-11-02;9.25;15.21;21.17;2.48;9.094;4.45;49.37
1983-11-03;11.28;14.45;17.63;8.59;4.198;6.17;72.11
1983-11-04;11.51;14.59;17.66;9.28;5.739;3.96;72.41
1983-11-05;8.47;10.77;13.07;7.31;7.627;4.18;61.29
1983-11-06;3.44;7.01;10.59;0.0;13.294;2.94;25.51
1983-11-07;1.33;6.32;11.31;0.0;12.984;1.78;20.96
1983-11-08;3.49;9.18;14.86;0.0;11.923;2.91;28.23
1983-11-09;7.25;13.99;20.73;0.0;12.144;2.67;36.34
1983-11-10;8.29;14.79;21.29;0.0;12.753;1.7;45.83
1983-11-11;12.38;19.63;26.87;0.79;11.075;2.3;59.18
1983-11-12;7.16;12.18;17.19;0.0;10.64;0.84;50.76
1983-11-13;7.34;13.32;19.31;0.0;13.259;2.95;41.45
1983-11-14;11.48;18.54;25.59;16.61;8.889;4.11;60.54
1983-11-15;10.28;14.02;17.76;1.99;4.453;4.4;66.5
1983-11-16;9.71;12.19;14.67;23.37;5.407;4.38;71.31
1983-11-17;8.29;11.88;15.47;0.0;8.038;3.21;49.43
1983-11-18;7.09;10.52;13.94;0.0;7.862;2.03;51.4
1983-11-19;4.79;9.1;13.4;0.0;11.255;1.51;36.37
1983-11-20;4.98;10.79;16.6;0.0;11.827;1.51;42.64
1983-11-21;9.46;16.27;23.09;7.9;3.994;4.15;56.24
1983-11-22;5.74;8.57;11.4;0.0;10.157;4.01;31.62
1983-11-23;5.62;9.77;13.92;0.13;4.996;2.42;52.52
1983-11-24;8.14;13.69;19.23;0.0;11.82;1.37;57.3
1983-11-25;5.58;11.2;16.83;0.0;11.326;0.96;44.28
1983-11-26;4.87;11.47;18.08;0.0;11.097;1.58;45.26
1983-11-27;7.43;13.95;20.47;0.0;11.671;0.87;53.96
1983-11-28;7.76;13.66;19.56;0.0;11.205;2.56;43.32
1983-11-29;9.74;15.73;21.72;9.81;10.257;4.05;47.89
1983-11-30;7.58;11.95;16.32;0.9;7.004;3.56;43.65
1983-12-01;6.47;9.41;12.36;4.83;4.252;3.47;71.2
1983-12-02;7.71;11.42;15.13;0.29;3.757;4.76;69.56
1983-12-03;7.19;9.81;12.44;0.32;7.115;4.02;55.94
1983-12-04;9.89;12.97;16.05;14.39;3.316;4.51;83.81
1983-12-05;10.44;13.24;16.04;0.0;9.834;3.27;75.82
1983-12-06;6.36;9.58;12.8;6.42;4.474;3.21;71.66
1983-12-07;6.92;10.1;13.28;6.79;3.046;3.96;65.33
1983-12-08;6.61;9.95;13.28;3.59;5.475;4.37;59.8
1983-12-09;5.71;8.24;10.77;3.25;5.806;4.55;49.51
1983-12-10;6.98;9.96;12.94;1.34;5.805;4.7;57.8
1983-12-11;5.25;7.55;9.86;5.19;8.122;3.46;49.29
1983-12-12;6.36;10.56;14.77;13.61;8.866;4.63;71.01
1983-12-13;3.55;7.7;11.85;0.0;9.486;3.3;38.41
1983-12-14;1.84;6.22;10.61;0.0;10.047;2.36;26.16
1983-12-15;2.62;7.24;11.86;5.09;3.633;1.04;36.17
1983-12-16;1.13;4.3;7.47;0.0;10.599;1.65;26.8
1983-12-17;1.33;6.4;11.46;0.0;7.483;1.42;26.01
1983-12-18;2.85;8.17;13.49;0.0;7.743;2.18;47.75
1983-12-19;4.95;11.05;17.15;0.0;7.939;0.71;65.48
1983-12-20;4.81;10.52;16.24;0.0;7.887;0.76;61.52
1983-12-21;4.85;10.7;16.56;0.0;9.221;1.76;60.79
1983-12-22;5.85;11.45;17.05;6.33;4.239;4.11;66.75
1983-12-23;6.0;9.57;13.13;5.55;4.53;3.9;60.31
1983-12-24;5.08;7.86;10.64;0.27;4.254;4.75;42.45
1983-12-25;5.17;7.83;10.5;3.24;5.642;5.34;42.61
1983-12-26;5.35;8.21;11.08;0.0;5.446;4.47;48.82
1983-12-27;6.91;9.84;12.78;11.63;2.8;6.01;76.21
1983-12-28;2.45;5.8;9.16;0.0;10.071;3.33;30.62
1983-12-29;0.89;4.97;9.05;0.0;10.079;0.88;25.21
1983-12-30;0.92;5.89;10.87;0.0;7.57;1.13;38.38
1983-12-31;7.05;12.85;18.65;0.0;8.871;2.22;67.71
1984-01-01;5.98;10.54;15.1;0.0;9.473;3.78;56.38
1984-01-02;5.09;9.66;14.23;0.0;8.974;3.8;46.92
1984-01-03;3.3;7.85;12.4;0.0;10.612;3.69;30.5
1984-01-04;0.62;6.38;12.15;0.0;10.892;1.99;29.84
1984-01-05;-0.13;7.15;14.44;0.0;11.949;1.21;26.82
1984-01-06;1.63;8.92;16.21;0.0;11.321;1.43;41.84
1984-01-07;0.81;6.74;12.66;0.0;9.013;1.23;34.14
1984-01-08;0.67;6.54;12.42;0.0;10.652;1.98;29.33
1984-01-09;0.49;6.79;13.1;0.0;10.587;1.7;34.69
1984-01-10;1.66;7.71;13.76;2.23;4.42;2.96;53.99
1984-01-11;1.01;6.34;11.68;9.49;2.467;3.78;51.83
1984-01-12;2.81;8.52;14.23;1.67;6.601;4.29;41.29
1984-01-13;0.66;4.22;7.79;0.0;9.703;3.84;26.45
1984-01-14;0.67;4.76;8.85;0.98;1.108;1.27;53.73
1984-01-15;0.86;6.69;12.53;1.58;8.861;3.88;52.01
1984-01-16;1.14;6.23;11.31;1.08;5.816;3.91;35.05
1984-01-17;0.29;3.9;7.5;0.0;10.272;3.38;24.47
1984-01-18;-0.21;3.77;7.74;0.0;10.257;2.34;27.34
1984-01-19;-0.8;4.01;8.82;0.0;10.295;1.56;28.27
1984-01-20;-0.61;5.17;10.94;0.0;12.556;1.34;19.93
1984-01-21;0.21;4.92;9.63;0.0;10.003;2.73;26.8
1984-01-22;2.61;7.38;12.16;1.58;9.349;3.81;31.11
1984-01-23;4.06;7.45;10.83;5.27;3.64;3.39;54.89
1984-01-24;2.57;5.99;9.41;0.0;10.956;2.83;45.98
1984-01-25;-0.2;4.3;8.8;0.0;11.113;3.79;20.74
1984-01-26;-1.29;2.6;6.48;0.0;12.789;3.47;9.56
1984-01-27;-1.31;2.91;7.13;0.0;12.858;1.71;10.59
1984-01-28;-0.94;4.95;10.83;0.0;13.651;1.7;22.29
1984-01-29;1.95;9.29;16.62;2.02;2.578;3.29;73.15
1984-01-30;8.87;15.5;22.12;4.56;5.303;3.92;83.87
1984-01-31;7.54;10.16;12.78;0.98;6.695;3.02;77.59
1984-02-01;10.47;13.52;16.56;10.77;4.858;4.3;79.2
1984-02-02;4.83;7.16;9.48;0.0;12.325;2.9;41.55
1984-02-03;1.8;6.61;11.41;0.0;13.801;2.32;25.18
1984-02-04;0.92;6.79;12.66;0.0;14.555;1.23;23.61
1984-02-05;1.33;7.54;13.74;0.0;14.73;1.44;23.99
1984-02-06;1.2;7.58;13.96;0.0;12.817;2.1;24.68
1984-02-07;1.55;8.04;14.54;0.0;14.199;2.33;23.18
1984-02-08;3.72;9.58;15.44;0.0;13.819;2.5;32.14
1984-02-09;5.35;11.68;18.0;0.0;13.497;1.5;43.75
1984-02-10;5.15;11.16;17.17;0.0;11.615;1.15;46.18
1984-02-11;3.31;8.57;13.83;0.0;11.961;0.97;34.47
1984-02-12;1.7;7.53;13.36;0.0;14.64;1.69;23.78
1984-02-13;1.87;8.1;14.32;0.0;14.545;1.74;26.2
1984-02-14;2.7;9.33;15.96;0.0;14.692;2.18;24.61
1984-02-15;1.47;7.14;12.8;0.0;14.961;1.58;22.92
1984-02-16;2.09;8.11;14.13;0.0;15.586;2.12;26.33
1984-02-17;3.11;9.77;16.42;0.0;14.877;2.04;32.55
1984-02-18;5.49;11.67;17.85;5.73;6.833;4.21;46.55
1984-02-19;2.25;5.76;9.27;0.38;14.316;3.72;33.03
1984-02-20;1.02;6.96;12.9;5.2;4.025;2.85;36.51
1984-02-21;8.71;15.28;21.85;13.06;8.298;4.88;68.34
1984-02-22;2.23;4.37;6.5;0.0;14.741;3.17;29.3
1984-02-23;-0.18;4.83;9.83;0.0;15.005;1.24;23.61
1984-02-24;5.35;11.71;18.08;2.31;9.913;3.18;47.87
1984-02-25;7.96;12.03;16.1;12.64;8.377;4.7;62.96
1984-02-26;6.36;8.6;10.84;2.61;6.23;2.93;62.28
1984-02-27;8.22;12.7;17.17;0.0;13.255;1.06;79.27
1984-02-28;7.43;13.21;18.98;0.48;14.238;1.68;62.86
1984-02-29;0.0;0.0;0.0;0.0;0.0;0.0;0.0
1984-03-01;10.3;16.52;22.75;7.62;8.789;3.77;67.37
1984-03-02;7.5;12.27;17.04;7.01;4.322;3.36;45.53
1984-03-03;5.66;8.46;11.27;1.6;8.006;2.81;30.66
1984-03-04;5.5;7.95;10.39;2.31;3.582;2.74;31.03
1984-03-05;4.22;7.23;10.25;0.0;10.874;2.4;27.74
1984-03-06;1.76;4.38;7.01;0.0;14.232;1.59;22.14
1984-03-07;2.34;6.76;11.18;0.0;14.899;1.51;23.0
1984-03-08;3.68;9.64;15.61;0.0;15.468;1.5;28.08
1984-03-09;7.04;12.96;18.89;0.15;6.245;2.43;54.62
1984-03-10;10.82;17.11;23.39;1.6;6.608;4.11;70.29
1984-03-11;5.84;10.23;14.62;0.0;14.964;1.7;37.15
1984-03-12;3.38;5.99;8.61;0.0;16.479;1.61;27.24
1984-03-13;4.64;10.25;15.86;0.0;17.265;0.68;30.13
1984-03-14;4.36;10.99;17.63;2.76;11.052;2.63;42.1
1984-03-15;5.13;11.12;17.11;0.0;19.457;4.9;23.87
1984-03-16;2.93;8.53;14.13;0.0;19.145;2.73;22.17
1984-03-17;5.68;10.59;15.5;0.0;21.721;0.9;33.66
1984-03-18;7.68;14.46;21.25;10.53;12.959;2.06;61.83
1984-03-19;10.76;17.57;24.38;2.27;8.129;3.42;65.64
1984-03-20;8.37;13.17;17.97;5.19;9.882;5.15;40.88
1984-03-21;5.61;8.78;11.95;0.0;13.821;3.71;28.31
1984-03-22;6.95;9.68;12.41;2.96;13.24;5.07;37.05
1984-03-23;3.83;8.2;12.57;0.0;20.752;1.81;21.7
1984-03-24;4.98;10.26;15.54;0.0;21.566;1.09;26.11
1984-03-25;4.73;10.95;17.16;0.0;23.223;1.5;29.75
1984-03-26;7.43;13.69;19.95;0.0;23.55;2.43;27.49
1984-03-27;8.35;15.24;22.13;0.0;24.342;1.71;26.84
1984-03-28;8.95;16.34;23.73;0.0;24.078;1.6;34.99
1984-03-29;9.59;17.29;24.99;0.0;18.002;1.94;40.65
1984-03-30;9.13;16.68;24.23;0.0;22.378;1.59;41.44
1984-03-31;7.59;14.48;21.37;0.0;24.201;0.75;30.02
1984-04-01;9.83;16.07;22.31;0.0;20.564;0.99;46.11
1984-04-02;10.14;17.87;25.6;0.0;18.655;1.56;50.71
1984-04-03;10.14;16.42;22.7;0.0;23.452;1.48;43.85
1984-04-04;7.18;13.29;19.39;7.15;12.925;0.41;62.41
1984-04-05;6.79;13.02;19.25;0.0;19.649;1.85;40.46
1984-04-06;8.11;15.67;23.24;0.0;23.465;3.35;31.13
1984-04-07;4.62;12.16;19.69;1.36;15.797;3.18;34.91
1984-04-08;5.56;10.28;15.0;3.69;13.079;4.78;39.14
1984-04-09;4.54;10.25;15.96;1.24;13.147;4.57;24.28
1984-04-10;2.94;6.63;10.32;0.0;16.086;4.24;17.84
1984-04-11;1.27;5.12;8.96;0.0;21.248;3.7;13.9
1984-04-12;0.42;5.17;9.93;0.26;19.192;2.84;14.28
1984-04-13;0.05;5.05;10.05;0.0;19.944;2.43;17.01
1984-04-14;5.74;11.25;16.75;0.45;13.46;3.09;34.03
1984-04-15;8.28;15.75;23.23;0.38;12.953;3.86;36.51
1984-04-16;5.42;10.73;16.04;0.0;24.35;3.43;19.9
1984-04-17;6.33;10.6;14.87;0.0;14.354;2.1;39.82
1984-04-18;7.04;13.03;19.02;0.0;17.5;2.31;39.08
1984-04-19;7.93;14.1;20.27;0.0;22.387;2.44;33.24
1984-04-20;5.22;11.16;17.1;3.18;15.949;1.33;43.03
1984-04-21;7.04;14.29;21.54;0.0;22.08;0.76;38.13
1984-04-22;7.04;15.11;23.18;0.0;26.918;0.99;33.16
1984-04-23;9.65;16.87;24.09;0.0;27.894;1.9;31.17
1984-04-24;11.23;18.99;26.75;0.0;28.654;1.74;27.13
1984-04-25;12.37;20.46;28.56;0.0;28.594;1.55;28.41
1984-04-26;11.56;19.76;27.96;0.0;25.738;1.95;26.58
1984-04-27;9.04;17.06;25.09;0.0;26.355;1.44;20.44
1984-04-28;9.79;17.89;25.99;0.0;27.063;1.08;24.39
1984-04-29;11.86;19.84;27.83;0.0;26.021;2.36;41.15
1984-04-30;9.98;17.86;25.74;0.0;26.839;1.63;30.4
1984-05-01;9.83;15.96;22.1;0.13;19.651;1.33;30.56
1984-05-02;10.16;17.81;25.46;0.62;13.882;0.96;41.73
1984-05-03;9.7;16.98;24.25;0.0;21.979;1.11;28.8
1984-05-04;11.99;17.49;22.99;0.0;15.084;2.62;18.59
1984-05-05;12.41;19.46;26.51;0.43;2.484;1.96;31.3
1984-05-06;12.32;18.85;25.38;10.21;8.791;2.49;43.85
1984-05-07;11.42;15.45;19.48;8.49;10.733;0.87;54.45
1984-05-08;10.5;14.54;18.58;0.0;16.159;0.54;40.17
1984-05-09;9.22;13.05;16.88;0.0;25.255;0.78;30.43
1984-05-10;8.91;14.06;19.22;0.76;22.889;0.95;33.33
1984-05-11;10.28;16.8;23.33;0.28;20.963;1.04;32.81
1984-05-12;8.99;16.29;23.59;0.0;28.97;1.18;23.08
1984-05-13;10.04;17.3;24.57;1.15;14.052;1.91;34.62
1984-05-14;13.32;21.59;29.87;0.0;11.705;2.78;67.77
1984-05-15;11.04;17.12;23.19;0.0;29.64;1.04;39.46
1984-05-16;13.58;18.11;22.64;0.0;24.139;1.67;37.38
1984-05-17;12.9;21.36;29.81;0.0;30.831;1.33;29.82
1984-05-18;12.13;19.56;26.99;1.52;19.205;1.11;31.95
1984-05-19;13.57;21.51;29.44;6.51;20.993;1.32;53.11
1984-05-20;10.05;17.58;25.1;0.0;29.5;0.64;23.98
1984-05-21;11.98;17.51;23.04;0.0;25.001;0.77;21.43
1984-05-22;11.59;19.52;27.44;0.13;22.212;0.89;32.61
1984-05-23;13.37;21.21;29.06;2.35;15.701;1.31;56.32
1984-05-24;14.19;21.95;29.71;6.41;16.163;1.33;75.77
1984-05-25;12.19;18.14;24.09;6.38;16.784;0.88;62.9
1984-05-26;13.09;17.93;22.77;7.38;13.891;1.93;61.35
1984-05-27;11.92;17.16;22.41;1.6;20.989;2.47;40.12
1984-05-28;12.51;17.59;22.68;0.0;23.062;2.52;40.05
1984-05-29;11.55;17.49;23.43;0.0;16.622;3.72;33.37
1984-05-30;11.1;16.67;22.24;0.0;27.591;1.82;30.0
1984-05-31;11.09;15.2;19.3;0.0;28.995;0.51;29.43
1984-06-01;15.49;21.75;28.02;0.0;28.48;2.41;21.75
1984-06-02;16.66;23.8;30.94;0.0;29.268;2.23;14.87
1984-06-03;16.3;23.45;30.59;0.0;29.837;1.31;18.08
1984-06-04;16.78;24.15;31.51;0.0;31.125;1.54;19.6
1984-06-05;18.88;26.42;33.97;0.0;30.504;2.47;22.6
1984-06-06;18.82;26.59;34.35;0.0;28.788;2.74;26.13
1984-06-07;18.17;24.97;31.76;0.0;31.195;1.3;20.58
1984-06-08;17.02;24.05;31.09;0.0;30.836;1.3;24.35
1984-06-09;16.94;24.89;32.84;0.0;29.521;1.1;23.3
1984-06-10;17.96;26.21;34.47;0.0;22.761;0.97;29.7
1984-06-11;17.05;25.63;34.22;0.0;22.645;1.1;26.7
1984-06-12;17.32;24.67;32.02;0.0;28.75;1.72;22.9
1984-06-13;19.2;27.02;34.83;0.0;15.865;2.04;28.63
1984-06-14;17.45;25.67;33.9;0.0;29.537;1.53;25.34
1984-06-15;17.85;23.89;29.93;0.0;22.23;0.64;44.31
1984-06-16;17.71;25.84;33.96;0.0;24.884;0.79;50.62
1984-06-17;17.93;25.0;32.06;0.0;25.119;0.67;39.29
1984-06-18;16.98;23.63;30.29;0.0;24.327;0.54;38.61
1984-06-19;16.42;23.53;30.64;2.98;23.14;0.32;49.13
1984-06-20;17.86;24.85;31.84;3.78;22.139;0.32;79.5
1984-06-21;16.13;22.96;29.79;0.0;28.261;0.76;30.36
1984-06-22;16.28;21.96;27.64;0.0;28.373;0.97;25.91
1984-06-23;17.55;24.66;31.76;0.0;28.553;1.09;18.79
1984-06-24;18.03;25.73;33.43;0.0;27.943;1.44;19.09
1984-06-25;17.71;25.85;33.99;0.0;27.587;0.77;25.12
1984-06-26;18.66;26.81;34.96;0.99;21.674;0.77;56.27
1984-06-27;18.14;26.33;34.52;0.0;26.918;0.87;35.01
1984-06-28;16.8;23.51;30.22;0.0;23.166;0.71;33.25
1984-06-29;18.42;25.98;33.53;2.16;22.789;0.67;47.13
1984-06-30;17.95;26.09;34.22;1.12;23.368;0.72;39.48
1984-07-01;15.59;22.49;29.39;0.0;26.13;1.84;20.07
1984-07-02;18.26;25.25;32.24;2.77;24.056;0.65;36.28
1984-07-03;16.31;24.02;31.72;0.0;28.148;1.19;22.97
1984-07-04;15.89;22.35;28.81;0.0;28.966;0.68;14.62
1984-07-05;16.17;24.58;32.99;0.0;28.344;1.12;15.63
1984-07-06;17.15;26.15;35.15;0.0;27.784;1.27;23.79
1984-07-07;18.39;26.86;35.32;0.0;12.768;2.99;16.43
1984-07-08;19.44;27.26;35.07;7.93;23.909;3.32;22.39
1984-07-09;16.73;24.16;31.58;0.0;23.839;2.29;31.44
1984-07-10;16.82;22.84;28.86;0.0;27.867;2.98;14.75
1984-07-11;15.23;22.84;30.44;0.0;28.763;3.05;14.55
1984-07-12;13.8;21.44;29.07;0.0;28.804;2.14;15.53
1984-07-13;13.84;20.95;28.07;0.0;27.898;2.24;18.08
1984-07-14;14.92;22.3;29.69;0.0;28.145;1.93;18.35
1984-07-15;14.93;22.8;30.67;0.0;30.185;1.01;13.0
1984-07-16;15.44;23.33;31.22;0.0;29.844;2.15;10.91
1984-07-17;17.32;26.16;35.0;0.0;27.678;2.61;11.75
1984-07-18;16.63;25.31;33.99;0.0;29.218;2.83;10.77
1984-07-19;17.43;25.27;33.12;0.0;26.916;2.89;16.45
1984-07-20;15.31;23.21;31.12;0.0;30.142;2.99;7.26
1984-07-21;16.3;23.11;29.92;0.0;29.517;1.09;9.59
1984-07-22;15.61;23.24;30.88;0.0;29.233;1.04;14.36
1984-07-23;16.08;23.84;31.59;0.0;28.786;1.1;15.75
1984-07-24;16.75;25.2;33.66;0.0;25.507;1.74;26.56
1984-07-25;18.07;26.19;34.31;0.0;27.241;2.69;19.66
1984-07-26;17.46;23.58;29.7;0.0;27.766;1.63;17.79
1984-07-27;18.04;25.25;32.47;0.0;29.104;1.66;14.35
1984-07-28;18.13;26.34;34.54;0.0;29.269;1.28;10.72
1984-07-29;19.89;28.5;37.12;0.0;26.911;2.14;22.19
1984-07-30;19.56;27.91;36.26;0.0;28.235;2.8;16.1
1984-07-31;16.08;24.36;32.65;0.0;29.393;1.47;7.22
1984-08-01;18.16;26.95;35.74;0.0;27.279;2.62;22.77
1984-08-02;20.18;28.75;37.32;0.0;26.989;3.04;13.36
1984-08-03;20.38;27.86;35.34;0.0;14.186;1.97;20.21
1984-08-04;17.91;26.38;34.85;0.0;25.92;1.51;24.91
1984-08-05;19.02;25.35;31.68;0.0;26.794;1.75;20.01
1984-08-06;17.88;26.91;35.95;0.0;28.759;0.69;10.58
1984-08-07;19.44;28.63;37.82;0.0;26.847;2.29;19.41
1984-08-08;21.1;31.26;41.42;0.0;25.901;2.93;18.78
1984-08-09;21.83;30.13;38.43;0.0;26.773;3.11;12.2
1984-08-10;20.82;28.27;35.73;0.0;27.036;2.99;10.77
1984-08-11;20.61;27.45;34.28;0.0;26.663;2.39;11.85
1984-08-12;21.63;29.24;36.86;0.0;23.964;1.8;10.25
1984-08-13;21.27;29.58;37.89;0.0;23.75;1.57;8.83
1984-08-14;20.58;29.06;37.55;0.0;26.629;2.3;11.17
1984-08-15;17.8;26.85;35.91;0.0;27.035;1.16;11.07
1984-08-16;17.34;26.2;35.06;0.0;27.384;1.0;11.19
1984-08-17;17.73;27.06;36.39;0.0;26.437;1.67;10.4
1984-08-18;17.33;26.66;35.99;0.0;25.994;0.65;8.41
1984-08-19;18.93;28.56;38.19;0.0;23.085;1.37;9.02
1984-08-20;18.13;28.24;38.35;0.0;25.694;1.83;8.72
1984-08-21;15.53;24.95;34.36;0.0;25.695;1.43;8.63
1984-08-22;15.38;24.48;33.57;0.0;25.2;1.36;9.45
1984-08-23;17.27;26.87;36.46;0.0;24.929;1.08;8.65
1984-08-24;17.14;26.59;36.05;0.0;24.677;2.04;10.43
1984-08-25;16.2;25.88;35.57;0.0;24.122;3.09;10.58
1984-08-26;14.96;24.39;33.83;0.0;24.864;4.32;10.59
1984-08-27;13.28;21.61;29.94;0.0;24.321;1.26;8.68
1984-08-28;15.9;21.83;27.76;0.0;23.451;1.96;13.05
1984-08-29;19.03;27.07;35.12;0.0;22.894;2.5;12.1
1984-08-30;18.18;26.54;34.91;0.0;22.545;2.72;15.65
1984-08-31;17.06;24.47;31.88;0.0;22.595;2.22;13.51
1984-09-01;16.86;23.9;30.94;0.0;23.731;1.51;21.94
1984-09-02;18.83;26.13;33.44;0.0;23.142;2.82;20.12
1984-09-03;21.96;29.94;37.92;0.0;18.97;2.86;34.75
1984-09-04;16.65;24.17;31.7;2.99;20.073;2.1;47.39
1984-09-05;14.62;18.74;22.86;0.0;22.658;1.93;35.05
1984-09-06;16.19;23.15;30.11;0.0;22.039;0.61;36.81
1984-09-07;16.87;24.76;32.65;0.0;22.529;1.5;26.78
1984-09-08;18.75;26.01;33.27;0.0;22.551;2.1;15.39
1984-09-09;18.0;25.99;33.98;0.0;21.701;2.35;29.32
1984-09-10;17.61;25.63;33.66;0.0;16.44;1.27;58.92
1984-09-11;15.96;23.08;30.2;0.0;18.452;0.77;44.0
1984-09-12;16.18;21.5;26.83;0.0;22.574;0.98;33.19
1984-09-13;17.6;23.89;30.17;0.0;20.909;2.32;28.25
1984-09-14;17.47;24.77;32.07;0.0;20.892;1.63;21.89
1984-09-15;16.78;23.82;30.86;0.0;20.535;1.18;23.25
1984-09-16;17.88;25.44;32.99;0.0;20.027;1.73;18.83
1984-09-17;17.64;25.73;33.81;0.0;20.054;1.97;15.76
1984-09-18;18.97;26.36;33.75;0.0;19.522;2.75;23.18
1984-09-19;17.2;24.66;32.13;0.0;19.894;3.01;23.16
1984-09-20;16.09;22.05;28.0;0.0;19.399;2.62;18.83
1984-09-21;18.02;24.61;31.19;0.0;17.944;2.55;39.4
1984-09-22;14.46;22.04;29.62;0.0;17.614;2.87;26.44
1984-09-23;11.4;16.58;21.76;0.0;19.664;3.12;9.83
1984-09-24;9.14;15.4;21.66;0.0;21.008;2.32;3.46
1984-09-25;8.37;14.9;21.43;0.0;19.384;0.63;14.11
1984-09-26;10.34;17.3;24.25;0.0;19.888;1.71;12.08
1984-09-27;13.77;22.21;30.66;0.0;17.347;4.37;17.67
1984-09-28;14.59;23.77;32.94;0.0;15.164;4.83;17.02
1984-09-29;11.2;17.12;23.04;0.0;18.001;1.91;14.01
1984-09-30;13.49;17.72;21.95;0.0;18.838;1.42;14.64
1984-10-01;14.9;22.8;30.69;0.0;19.754;2.45;25.6
1984-10-02;17.75;25.2;32.66;0.0;19.011;3.92;26.22
1984-10-03;18.92;26.27;33.61;0.0;8.969;3.73;31.91
1984-10-04;17.26;23.44;29.62;0.89;5.694;3.92;40.22
1984-10-05;16.12;20.76;25.4;0.0;18.731;3.39;38.01
1984-10-06;15.91;20.0;24.09;0.0;16.677;3.39;37.98
1984-10-07;15.17;21.45;27.72;0.0;16.881;3.07;34.53
1984-10-08;14.56;20.73;26.91;0.0;16.64;2.89;32.35
1984-10-09;14.69;21.02;27.34;0.0;11.839;2.81;38.11
1984-10-10;10.97;17.25;23.53;0.0;15.583;1.95;28.46
1984-10-11;8.0;13.6;19.2;0.0;18.281;1.69;15.24
1984-10-12;11.1;17.27;23.45;0.0;10.476;2.09;18.05
1984-10-13;14.12;21.41;28.7;0.0;17.752;3.69;29.47
1984-10-14;11.94;18.61;25.29;0.0;16.357;3.47;35.61
1984-10-15;15.31;22.55;29.78;0.0;15.756;2.27;51.16
1984-10-16;12.0;19.78;27.56;0.0;16.904;2.47;26.83
1984-10-17;14.08;20.2;26.33;0.0;16.149;3.69;25.95
1984-10-18;15.32;23.86;32.39;33.77;5.184;4.14;82.25
1984-10-19;11.61;19.16;26.7;5.62;7.284;3.34;61.61
1984-10-20;7.59;10.61;13.63;0.0;16.197;0.95;25.75
1984-10-21;5.43;8.91;12.39;0.0;15.529;0.88;21.56
1984-10-22;8.31;13.86;19.4;0.0;11.016;0.83;34.42
1984-10-23;8.31;15.46;22.6;0.0;10.184;1.75;31.28
1984-10-24;9.61;15.16;20.71;0.0;13.837;4.32;22.2
1984-10-25;10.65;16.33;22.01;0.0;13.078;4.18;25.64
1984-10-26;8.57;13.74;18.91;0.0;14.119;4.05;19.89
1984-10-27;10.16;14.74;19.32;0.0;14.413;3.38;21.86
1984-10-28;11.49;17.35;23.21;0.0;14.985;2.3;34.88
1984-10-29;8.8;15.52;22.23;0.0;13.029;0.61;38.07
1984-10-30;10.74;17.2;23.65;0.0;14.901;2.18;31.82
1984-10-31;9.21;17.14;25.08;0.0;12.113;1.24;31.3
1984-11-01;7.9;15.07;22.24;0.0;12.48;1.04;31.62
1984-11-02;9.95;17.52;25.08;0.0;11.053;1.93;55.19
1984-11-03;12.1;19.7;27.29;0.21;5.978;1.2;68.9
1984-11-04;7.74;13.32;18.91;0.0;12.561;0.34;40.55
1984-11-05;8.36;11.93;15.49;0.0;10.679;1.83;41.18
1984-11-06;9.44;16.36;23.28;0.0;12.257;2.81;41.9
1984-11-07;11.74;17.96;24.19;0.0;11.448;3.97;45.21
1984-11-08;11.72;17.57;23.42;0.0;11.782;3.91;41.38
1984-11-09;10.5;15.14;19.79;0.0;10.82;3.6;40.15
1984-11-10;9.47;14.07;18.68;0.0;9.308;3.03;41.62
1984-11-11;6.11;10.81;15.51;0.0;11.839;1.77;32.27
1984-11-12;4.17;9.05;13.93;0.0;11.872;1.47;31.6
1984-11-13;2.26;8.41;14.55;0.0;10.714;0.58;30.22
1984-11-14;1.18;7.45;13.72;0.0;11.781;1.0;17.75
1984-11-15;2.82;9.77;16.72;0.0;10.962;1.75;21.52
1984-11-16;7.51;15.05;22.59;0.0;8.651;2.17;43.5
1984-11-17;12.09;19.55;27.0;7.51;3.354;3.39;75.24
1984-11-18;11.39;17.26;23.13;2.12;8.766;3.34;64.19
1984-11-19;10.21;13.22;16.23;0.17;6.283;2.3;65.74
1984-11-20;11.51;15.17;18.83;0.13;4.573;1.69;77.72
1984-11-21;8.51;12.36;16.21;0.49;7.518;1.41;61.56
1984-11-22;4.57;7.56;10.55;0.0;11.906;0.42;38.89
1984-11-23;3.96;9.28;14.6;0.0;12.398;1.19;36.24
1984-11-24;8.13;15.38;22.63;0.0;4.749;2.55;49.5
1984-11-25;6.45;14.02;21.59;0.0;10.454;3.0;37.86
1984-11-26;4.12;7.97;11.83;0.0;10.573;1.87;34.83
1984-11-27;4.26;9.87;15.47;1.98;4.77;2.25;49.58
1984-11-28;9.69;16.48;23.26;0.0;5.689;3.42;57.74
1984-11-29;11.83;17.82;23.82;19.02;4.844;4.89;71.75
1984-11-30;8.43;11.98;15.54;1.5;6.119;3.57;50.08
1984-12-01;2.84;4.39;5.94;0.5;10.183;2.28;32.03
1984-12-02;1.42;4.75;8.08;0.0;11.377;1.79;21.04
1984-12-03;5.68;10.9;16.13;7.85;2.453;2.79;59.91
1984-12-04;8.03;13.61;19.2;0.0;9.812;4.29;57.98
1984-12-05;9.34;12.73;16.13;0.0;9.854;5.13;53.7
1984-12-06;9.23;12.97;16.71;0.0;9.469;4.48;47.85
1984-12-07;6.23;9.06;11.89;0.0;11.123;2.61;47.4
1984-12-08;3.87;7.64;11.41;0.0;10.517;1.23;46.64
1984-12-09;9.45;15.37;21.28;10.81;4.463;3.49;83.71
1984-12-10;4.97;11.61;18.25;3.08;9.342;4.02;61.25
1984-12-11;2.47;6.05;9.63;0.0;9.844;2.5;25.13
1984-12-12;4.74;10.28;15.82;0.0;7.658;2.05;44.66
1984-12-13;7.07;12.45;17.82;0.0;3.699;2.15;68.66
1984-12-14;3.79;8.77;13.74;0.0;9.341;2.03;40.09
1984-12-15;2.99;6.71;10.44;0.0;8.024;2.01;35.34
1984-12-16;1.77;7.04;12.31;0.0;8.877;1.8;30.16
1984-12-17;2.97;7.79;12.62;0.21;6.628;1.5;44.38
1984-12-18;2.1;7.63;13.17;0.0;9.157;0.7;39.42
1984-12-19;0.75;5.63;10.51;0.0;10.13;1.13;23.62
1984-12-20;1.08;7.1;13.12;0.0;10.159;2.48;20.48
1984-12-21;1.38;7.77;14.16;2.65;2.938;2.42;41.93
1984-12-22;1.73;7.67;13.62;0.0;9.755;3.26;24.63
1984-12-23;0.13;4.54;8.95;0.0;11.283;1.54;19.93
1984-12-24;0.6;4.92;9.24;0.0;10.633;1.23;22.73
1984-12-25;0.29;5.7;11.11;0.0;9.532;0.52;34.11
1984-12-26;1.14;7.04;12.95;0.0;8.859;0.55;37.13
1984-12-27;0.76;7.58;14.41;0.0;11.034;0.96;39.33
1984-12-28;2.83;9.36;15.89;0.0;10.844;1.03;53.34
1984-12-29;1.9;8.89;15.89;0.0;10.842;1.02;40.38
1984-12-30;3.27;9.65;16.04;0.48;4.272;3.05;55.06
1984-12-31;2.16;8.91;15.65;0.0;10.129;3.06;22.99
