iso-date;tmin;tavg;tmax;precip;globrad;wind;relhumid
1980-01-01;-0.63;3.72;8.07;12.14;1.854;5.72;71.19
1980-01-02;0.41;3.91;7.4;8.1;3.822;2.04;76.17
1980-01-03;-0.31;6.55;13.42;0.0;1.722;4.57;81.05
1980-01-04;5.52;8.6;11.68;0.0;4.704;2.61;85.39
1980-01-05;4.28;7.69;11.1;0.0;4.46;1.36;78.66
1980-01-06;3.8;7.46;11.11;0.0;4.003;0.99;80.64
1980-01-07;4.73;7.74;10.74;0.0;1.847;2.44;82.65
1980-01-08;6.86;10.49;14.12;0.0;4.129;3.59;85.56
1980-01-09;7.5;10.92;14.34;0.0;1.858;5.12;88.66
1980-01-10;5.73;9.23;12.74;2.04;4.172;2.81;84.63
1980-01-11;5.91;8.43;10.95;1.37;2.066;2.84;84.91
1980-01-12;6.75;8.82;10.9;0.0;2.253;4.89;86.39
1980-01-13;4.62;7.55;10.48;0.4;2.45;3.59;83.33
1980-01-14;-0.1;4.48;9.05;0.0;2.074;3.67;83.28
1980-01-15;-1.28;0.68;2.65;0.0;4.916;2.24;62.56
1980-01-16;-1.45;1.8;5.05;0.0;2.685;0.69;57.69
1980-01-17;3.59;7.0;10.41;0.0;2.796;3.42;81.53
1980-01-18;-0.77;2.9;6.57;0.0;3.05;4.79;69.77
1980-01-19;-5.59;-2.38;0.84;1.31;4.78;2.3;55.82
1980-01-20;-7.06;-4.36;-1.66;0.0;6.852;2.46;43.71
1980-01-21;-8.96;-4.52;-0.08;0.39;4.987;2.25;48.24
1980-01-22;-6.94;-3.48;-0.01;0.0;4.933;1.82;47.06
1980-01-23;-8.89;-4.7;-0.51;0.0;7.055;3.22;43.19
1980-01-24;-9.13;-4.92;-0.71;0.0;5.659;1.77;43.12
1980-01-25;-8.81;-5.01;-1.21;0.0;5.757;1.11;41.86
1980-01-26;-10.14;-6.54;-2.94;0.0;7.517;2.83;39.87
1980-01-27;-12.35;-8.71;-5.06;0.22;7.847;4.08;35.83
1980-01-28;-7.37;-3.44;0.49;0.25;5.253;3.43;51.21
1980-01-29;-6.93;-2.88;1.17;0.0;6.768;2.52;49.43
1980-01-30;-4.61;-0.79;3.04;1.92;4.066;3.32;62.93
1980-01-31;1.49;6.54;11.58;5.68;1.887;2.68;80.29
1980-02-01;8.25;9.55;10.85;2.3;2.141;5.29;86.28
1980-02-02;8.86;10.65;12.44;12.93;2.03;3.06;88.46
1980-02-03;6.16;9.23;12.31;3.59;7.339;5.25;77.34
1980-02-04;6.76;7.6;8.45;4.63;1.91;3.63;78.84
1980-02-05;4.82;6.43;8.04;0.0;2.556;2.37;75.14
1980-02-06;3.72;7.15;10.58;1.2;3.993;3.71;72.61
1980-02-07;3.28;7.36;11.44;7.13;4.56;3.69;67.58
1980-02-08;2.84;6.85;10.87;0.0;7.147;5.03;64.84
1980-02-09;3.97;6.91;9.84;3.57;6.628;5.31;68.55
1980-02-10;2.67;5.75;8.83;0.61;6.255;6.58;53.7
1980-02-11;3.83;7.31;10.79;0.97;5.349;6.39;63.87
1980-02-12;3.95;7.52;11.08;0.24;3.924;6.86;65.21
1980-02-13;0.9;4.51;8.12;0.0;5.683;7.0;53.8
1980-02-14;-0.01;5.72;11.45;8.51;2.646;3.46;62.21
1980-02-15;3.36;6.15;8.94;0.44;5.783;6.79;61.85
1980-02-16;-0.27;4.38;9.04;0.0;10.017;3.33;49.64
1980-02-17;-0.79;3.07;6.93;0.0;10.656;3.43;44.11
1980-02-18;-1.75;2.78;7.31;0.0;11.821;2.28;44.82
1980-02-19;-0.03;3.46;6.94;0.0;10.376;0.29;45.65
1980-02-20;-1.98;1.52;5.02;0.0;10.092;2.9;45.13
1980-02-21;0.53;4.8;9.08;0.0;7.317;3.87;55.38
1980-02-22;3.13;6.95;10.77;8.87;3.141;5.65;71.02
1980-02-23;0.65;6.52;12.38;0.0;8.745;2.6;56.94
1980-02-24;2.4;9.42;16.44;0.0;12.241;3.33;68.29
1980-02-25;2.07;9.13;16.18;0.0;9.857;2.91;73.4
1980-02-26;6.42;11.21;16.01;0.0;11.089;2.26;79.94
1980-02-27;3.41;10.02;16.62;0.0;12.861;3.07;68.45
1980-02-28;1.43;9.65;17.87;0.0;13.883;2.6;64.39
1980-02-29;4.25;7.28;10.3;0.0;4.639;2.68;71.31
1980-03-01;2.64;6.57;10.49;4.08;7.093;4.83;44.74
1980-03-02;1.76;4.61;7.45;0.0;4.874;3.88;40.88
1980-03-03;-0.33;4.98;10.29;0.0;14.45;1.92;31.07
1980-03-04;1.77;7.05;12.34;0.79;7.494;2.39;42.42
1980-03-05;5.6;8.96;12.31;0.0;8.734;2.1;48.41
1980-03-06;1.26;6.35;11.44;0.0;13.857;2.49;35.53
1980-03-07;1.9;7.52;13.13;0.0;15.32;0.41;30.51
1980-03-08;0.69;7.47;14.26;0.0;13.605;1.54;38.55
1980-03-09;6.0;10.36;14.72;1.7;11.458;1.99;49.73
1980-03-10;7.23;10.99;14.75;8.28;1.568;4.6;74.23
1980-03-11;9.69;14.5;19.3;0.0;12.609;1.85;74.4
1980-03-12;7.77;13.61;19.45;0.0;15.263;1.47;67.44
1980-03-13;8.41;12.78;17.15;0.0;9.08;1.51;68.92
1980-03-14;9.94;12.14;14.34;0.53;6.386;1.81;79.46
1980-03-15;8.57;11.5;14.43;0.0;9.492;2.72;60.92
1980-03-16;8.23;12.6;16.97;0.0;12.942;2.55;63.31
1980-03-17;3.39;8.38;13.36;1.25;6.617;3.37;53.68
1980-03-18;0.23;7.03;13.83;0.0;18.107;2.09;37.2
1980-03-19;4.14;8.87;13.59;0.0;8.988;1.01;47.18
1980-03-20;6.54;8.98;11.42;1.76;6.83;3.32;59.76
1980-03-21;6.95;9.11;11.26;2.51;5.849;2.55;59.16
1980-03-22;3.82;8.38;12.94;0.0;9.399;2.5;49.78
1980-03-23;3.68;9.8;15.93;0.0;17.609;2.64;52.65
1980-03-24;7.51;11.33;15.15;0.0;9.464;2.89;58.86
1980-03-25;7.42;10.54;13.67;9.4;7.754;2.29;62.98
1980-03-26;5.63;8.89;12.16;2.14;7.162;2.64;54.95
1980-03-27;3.29;6.69;10.08;7.83;7.347;3.71;49.96
1980-03-28;2.93;5.04;7.16;0.0;8.158;2.31;35.46
1980-03-29;2.26;7.4;12.54;0.0;14.3;1.65;35.48
1980-03-30;2.56;6.14;9.71;0.0;11.25;2.72;41.1
1980-03-31;4.72;9.56;14.41;0.0;19.819;2.47;42.9
1980-04-01;3.65;8.82;14.0;0.0;13.343;1.21;42.84
1980-04-02;5.05;10.56;16.07;0.0;16.875;1.83;46.48
1980-04-03;0.1;6.06;12.02;0.0;16.279;3.59;32.46
1980-04-04;1.59;8.95;16.31;0.0;19.007;1.77;39.1
1980-04-05;3.45;11.23;19.01;0.0;19.647;2.04;51.96
1980-04-06;4.92;12.84;20.76;0.0;19.48;3.47;51.13
1980-04-07;0.52;6.42;12.33;6.83;15.269;4.97;38.53
1980-04-08;-1.63;4.64;10.92;0.39;21.294;2.87;29.68
1980-04-09;2.21;9.5;16.79;0.42;10.924;2.46;44.34
1980-04-10;8.29;14.18;20.07;0.0;16.298;2.05;68.75
1980-04-11;7.02;14.95;22.87;0.0;21.854;2.43;50.02
1980-04-12;6.1;14.54;22.98;0.0;21.31;1.77;55.98
1980-04-13;6.28;14.92;23.56;0.0;20.186;3.78;47.3
1980-04-14;8.2;16.04;23.87;0.0;20.015;2.73;64.17
1980-04-15;7.63;16.02;24.41;0.0;22.645;3.94;50.78
1980-04-16;6.2;10.54;14.87;0.23;15.3;4.26;38.46
1980-04-17;5.49;8.51;11.53;1.7;10.511;2.87;43.16
1980-04-18;4.26;8.51;12.76;1.75;13.353;2.25;37.62
1980-04-19;1.02;7.59;14.16;0.0;21.364;4.96;31.36
1980-04-20;4.52;7.18;9.84;8.22;7.55;3.61;47.94
1980-04-21;2.76;9.47;16.18;0.0;18.842;2.88;45.18
1980-04-22;4.12;10.67;17.21;0.0;19.271;2.62;49.57
1980-04-23;3.47;10.41;17.36;0.0;18.866;2.37;43.5
1980-04-24;6.0;10.32;14.63;1.97;14.98;1.69;48.86
1980-04-25;4.0;10.52;17.03;0.0;17.925;1.94;42.4
1980-04-26;6.44;12.46;18.49;0.31;17.92;2.62;53.77
1980-04-27;7.13;10.34;13.55;7.39;3.672;3.05;69.56
1980-04-28;2.49;6.32;10.14;0.63;10.528;4.43;41.26
1980-04-29;1.61;5.93;10.26;0.0;15.234;3.54;33.79
1980-04-30;0.54;7.92;15.3;0.0;21.808;3.75;34.83
1980-05-01;6.67;12.18;17.68;10.04;10.86;3.26;47.54
1980-05-02;7.77;11.73;15.7;0.0;12.24;3.26;45.73
1980-05-03;7.4;12.54;17.68;0.0;12.29;1.83;46.83
1980-05-04;8.45;13.41;18.37;0.0;14.443;2.48;50.14
1980-05-05;7.42;13.2;18.99;0.0;14.612;2.66;44.72
1980-05-06;8.19;13.36;18.54;0.0;18.66;1.83;37.46
1980-05-07;6.63;12.81;18.99;0.0;19.886;2.79;34.22
1980-05-08;7.82;11.88;15.95;0.0;11.803;1.58;47.72
1980-05-09;5.31;11.84;18.38;0.0;27.931;3.18;32.5
1980-05-10;4.14;12.04;19.93;0.0;27.795;3.09;34.47
1980-05-11;7.45;14.68;21.91;0.0;23.297;4.09;34.84
1980-05-12;6.57;14.71;22.86;0.0;22.048;3.4;41.56
1980-05-13;7.95;15.13;22.3;0.38;20.678;3.19;46.34
1980-05-14;8.74;16.16;23.57;0.0;24.4;3.38;35.98
1980-05-15;7.33;14.96;22.6;3.03;23.628;2.96;42.9
1980-05-16;13.02;16.64;20.27;6.87;11.709;2.11;71.38
1980-05-17;13.84;19.03;24.22;1.51;18.766;0.78;61.6
1980-05-18;9.96;15.94;21.91;0.0;22.626;3.45;42.71
1980-05-19;7.35;14.07;20.78;0.0;28.553;1.46;36.37
1980-05-20;9.28;15.11;20.94;2.34;17.77;2.96;48.12
1980-05-21;9.12;10.75;12.38;0.0;6.889;3.69;48.56
1980-05-22;7.88;12.62;17.35;0.0;16.458;1.75;44.55
1980-05-23;6.74;14.31;21.88;0.0;28.011;1.23;40.71
1980-05-24;12.32;15.81;19.3;2.0;11.744;1.6;58.12
1980-05-25;9.5;15.16;20.82;8.84;18.124;3.17;53.95
1980-05-26;8.71;15.38;22.06;10.05;24.118;3.27;46.26
1980-05-27;11.52;15.3;19.09;4.83;16.434;4.52;58.09
1980-05-28;11.19;15.25;19.32;3.04;18.72;3.87;56.21
1980-05-29;11.71;14.95;18.18;0.0;14.236;2.58;58.79
1980-05-30;11.32;16.76;22.19;0.0;24.072;1.72;51.46
1980-05-31;10.87;19.0;27.13;1.25;20.622;2.47;85.0
1980-06-01;11.25;17.53;23.81;11.14;9.843;3.67;71.1
1980-06-02;10.14;13.87;17.6;3.58;16.127;4.14;43.74
1980-06-03;9.47;15.04;20.6;0.0;19.291;2.27;36.35
1980-06-04;10.84;15.71;20.59;2.91;15.339;1.69;51.32
1980-06-05;10.82;16.63;22.45;0.0;21.362;1.54;43.15
1980-06-06;9.93;16.69;23.44;0.0;23.53;2.63;46.42
1980-06-07;10.26;16.73;23.19;0.0;30.392;2.68;40.29
1980-06-08;9.46;16.54;23.62;0.0;24.906;2.66;42.88
1980-06-09;10.94;18.62;26.3;0.0;28.355;3.41;49.75
1980-06-10;11.55;20.15;28.75;0.0;31.805;3.41;53.02
1980-06-11;11.77;16.02;20.28;3.67;10.152;2.83;54.06
1980-06-12;10.87;15.73;20.6;0.0;16.762;1.68;48.8
1980-06-13;12.74;19.38;26.01;0.0;30.417;3.14;49.25
1980-06-14;11.24;17.66;24.07;0.0;32.213;4.32;39.73
1980-06-15;8.77;16.24;23.72;0.0;32.327;4.16;22.47
1980-06-16;10.53;18.72;26.91;0.0;31.778;2.34;42.88
1980-06-17;12.81;20.34;27.88;0.0;31.525;2.18;47.62
1980-06-18;15.64;22.13;28.61;0.0;26.323;0.98;49.41
1980-06-19;15.98;21.83;27.67;0.0;20.347;1.32;52.81
1980-06-20;12.29;16.39;20.49;0.66;15.939;3.51;50.17
1980-06-21;9.97;16.02;22.08;0.14;22.267;4.87;35.9
1980-06-22;11.46;14.89;18.32;0.0;14.406;2.84;36.13
1980-06-23;9.85;14.85;19.85;1.01;14.156;2.94;34.54
1980-06-24;10.93;15.2;19.46;0.34;13.867;3.27;36.65
1980-06-25;8.8;15.48;22.16;0.0;22.368;2.36;34.46
1980-06-26;13.91;15.39;16.88;0.0;9.356;3.16;53.19
1980-06-27;12.09;15.97;19.85;0.0;13.662;2.5;45.86
1980-06-28;12.5;20.07;27.64;0.0;25.04;1.4;49.29
1980-06-29;15.29;22.41;29.52;0.0;29.544;2.56;55.84
1980-06-30;13.98;21.6;29.22;2.35;20.095;1.39;53.49
1980-07-01;14.66;18.94;23.21;0.0;15.892;3.02;39.17
1980-07-02;13.87;18.43;23.0;0.0;17.234;0.45;22.08
1980-07-03;12.89;17.43;21.97;0.0;15.484;2.93;26.94
1980-07-04;10.8;16.6;22.4;0.0;20.301;2.44;22.22
1980-07-05;14.59;20.53;26.47;0.0;17.217;2.18;33.66
1980-07-06;14.52;19.84;25.15;0.0;17.268;1.94;36.93
1980-07-07;11.8;16.92;22.04;0.0;18.678;1.9;28.62
1980-07-08;11.79;17.91;24.02;0.0;29.971;1.75;19.09
1980-07-09;14.25;21.05;27.84;0.0;30.361;0.12;20.85
1980-07-10;16.97;23.23;29.5;0.0;24.888;0.81;31.62
1980-07-11;13.42;18.66;23.89;0.0;18.09;2.68;27.53
1980-07-12;11.75;17.14;22.53;0.0;16.452;2.57;17.88
1980-07-13;10.22;17.34;24.46;0.0;29.329;1.06;17.5
1980-07-14;11.69;16.84;21.99;1.55;12.953;2.61;32.12
1980-07-15;9.18;16.37;23.56;0.0;28.638;1.9;16.29
1980-07-16;13.66;16.98;20.31;0.0;5.441;2.82;33.83
1980-07-17;13.34;19.09;24.83;0.0;26.367;1.94;21.66
1980-07-18;13.33;20.5;27.67;0.21;28.606;1.94;28.06
1980-07-19;15.03;19.7;24.38;1.34;15.771;3.31;38.51
1980-07-20;13.81;17.47;21.13;0.0;11.944;1.65;22.0
1980-07-21;12.64;20.37;28.09;0.0;27.24;1.27;25.37
1980-07-22;14.85;21.14;27.44;1.74;18.732;3.29;32.7
1980-07-23;12.28;16.96;21.65;0.45;13.901;4.81;19.11
1980-07-24;11.26;18.09;24.93;0.0;20.537;4.53;19.25
1980-07-25;15.17;19.27;23.37;5.6;6.587;4.07;54.51
1980-07-26;16.54;21.26;25.98;4.81;14.431;2.82;52.93
1980-07-27;14.96;18.56;22.16;1.7;13.037;2.5;46.91
1980-07-28;11.92;16.93;21.93;0.77;14.625;3.43;37.07
1980-07-29;12.29;16.08;19.87;10.99;9.429;3.46;43.88
1980-07-30;13.33;16.82;20.31;0.0;11.019;3.77;38.35
1980-07-31;12.58;18.24;23.9;0.0;19.64;2.32;32.62
1980-08-01;13.34;21.01;28.67;0.57;19.72;2.47;31.96
1980-08-02;10.3;17.1;23.9;0.0;22.766;2.32;21.47
1980-08-03;12.79;19.0;25.22;0.0;20.551;0.35;18.9
1980-08-04;14.23;19.18;24.12;1.77;13.065;2.7;34.5
1980-08-05;13.4;18.27;23.13;0.31;13.824;2.27;35.84
1980-08-06;13.06;20.48;27.9;0.0;26.483;1.77;28.43
1980-08-07;14.98;21.9;28.82;0.0;26.332;2.27;33.92
1980-08-08;13.48;19.62;25.75;0.25;19.272;1.76;34.06
1980-08-09;14.89;18.3;21.72;0.0;11.637;3.41;38.61
1980-08-10;11.41;16.06;20.71;1.9;10.663;3.93;26.44
1980-08-11;10.55;15.6;20.64;1.38;16.988;3.59;13.53
1980-08-12;9.85;16.04;22.23;0.0;19.623;3.68;16.82
1980-08-13;10.89;16.52;22.14;0.0;16.648;3.62;16.84
1980-08-14;9.84;15.91;21.98;1.87;16.791;3.59;23.1
1980-08-15;12.45;18.37;24.28;0.0;17.999;2.82;16.84
1980-08-16;13.17;16.73;20.3;2.33;12.015;1.49;33.95
1980-08-17;10.26;17.04;23.81;0.0;25.559;0.84;19.39
1980-08-18;13.53;18.63;23.72;2.67;11.209;2.04;34.28
1980-08-19;14.11;19.44;24.77;1.44;14.803;4.04;33.28
1980-08-20;13.64;17.98;22.33;0.2;10.477;3.14;39.19
1980-08-21;17.71;24.63;31.56;19.27;17.66;2.61;53.83
1980-08-22;14.21;18.6;22.99;34.86;4.208;1.6;50.55
1980-08-23;12.44;16.87;21.3;0.0;11.873;3.04;44.18
1980-08-24;8.75;15.1;21.45;0.0;22.363;1.84;22.56
1980-08-25;11.41;17.21;23.02;0.0;11.651;2.89;39.5
1980-08-26;17.18;20.88;24.59;0.0;8.777;1.22;69.65
1980-08-27;13.18;17.61;22.04;22.15;9.72;1.56;49.37
1980-08-28;10.9;16.79;22.67;0.0;19.015;0.97;32.37
1980-08-29;9.41;14.49;19.58;0.17;8.214;3.6;34.02
1980-08-30;8.47;14.18;19.89;0.0;14.151;3.23;25.55
1980-08-31;8.26;14.42;20.58;1.05;7.738;4.68;35.83
1980-09-01;7.5;13.11;18.72;1.29;13.071;4.37;31.16
1980-09-02;7.93;13.08;18.24;1.52;13.424;4.75;35.17
1980-09-03;9.38;13.8;18.22;1.27;11.343;3.28;35.57
1980-09-04;9.48;13.51;17.53;2.73;11.124;1.82;38.5
1980-09-05;8.51;14.34;20.18;0.0;14.503;1.23;36.39
1980-09-06;11.97;18.7;25.42;0.0;16.395;1.0;48.74
1980-09-07;11.6;19.54;27.49;0.0;20.628;1.91;45.77
1980-09-08;12.96;20.98;29.01;1.03;18.122;2.79;57.83
1980-09-09;14.03;17.89;21.75;0.92;12.326;2.07;52.92
1980-09-10;11.08;16.56;22.04;0.0;15.301;1.43;31.4
1980-09-11;9.3;14.86;20.42;0.0;10.219;1.86;36.77
1980-09-12;6.77;13.65;20.53;0.0;19.849;2.13;26.85
1980-09-13;6.72;15.39;24.06;0.0;19.989;2.51;29.02
1980-09-14;10.08;18.49;26.9;0.22;18.886;1.96;47.25
1980-09-15;13.49;18.18;22.87;5.72;8.515;2.29;74.99
1980-09-16;12.95;18.63;24.31;8.58;7.032;3.02;70.48
1980-09-17;11.79;15.38;18.98;3.52;11.362;4.4;44.86
1980-09-18;8.2;12.49;16.78;0.22;9.286;3.88;37.34
1980-09-19;7.66;13.3;18.95;0.96;6.928;3.73;35.69
1980-09-20;10.65;15.34;20.04;0.59;12.854;3.44;43.08
1980-09-21;11.69;15.15;18.61;4.83;6.744;3.29;50.11
1980-09-22;11.34;15.23;19.12;0.82;12.372;3.8;43.41
1980-09-23;10.22;14.41;18.6;0.0;12.292;2.91;41.07
1980-09-24;8.09;14.35;20.6;0.23;14.641;2.66;35.6
1980-09-25;8.46;12.45;16.44;0.0;7.744;3.55;36.45
1980-09-26;10.81;16.65;22.49;0.0;10.435;2.32;50.06
1980-09-27;12.43;17.55;22.66;0.0;9.107;0.45;51.99
1980-09-28;9.75;15.92;22.09;0.0;11.662;2.64;41.15
1980-09-29;7.98;14.81;21.65;0.0;15.233;1.93;36.34
1980-09-30;6.94;13.27;19.6;0.0;11.285;1.64;35.69
1980-10-01;8.05;12.99;17.93;0.0;15.429;1.96;47.61
1980-10-02;7.2;14.22;21.24;0.0;12.369;2.18;48.53
1980-10-03;8.77;16.19;23.6;0.0;14.679;2.38;60.15
1980-10-04;12.66;19.82;26.99;0.0;14.232;1.73;66.37
1980-10-05;12.74;19.62;26.5;0.0;14.401;1.95;63.65
1980-10-06;12.43;19.09;25.76;0.0;13.49;0.88;70.17
1980-10-07;12.73;18.63;24.52;7.36;9.97;1.92;71.54
1980-10-08;8.94;14.5;20.06;1.0;5.297;5.2;63.05
1980-10-09;8.14;12.56;16.99;2.82;6.342;4.99;53.7
1980-10-10;4.8;10.57;16.34;1.89;5.302;2.6;45.79
1980-10-11;6.07;11.37;16.67;1.96;11.56;2.79;54.62
1980-10-12;4.48;10.19;15.9;0.0;11.995;0.7;40.74
1980-10-13;4.78;9.85;14.92;0.0;7.579;2.6;42.32
1980-10-14;5.02;10.22;15.43;0.0;7.175;3.16;46.83
1980-10-15;10.95;14.81;18.67;0.0;5.54;4.91;67.72
1980-10-16;9.06;15.23;21.39;0.0;10.742;3.46;58.6
1980-10-17;7.4;10.6;13.8;0.0;3.828;2.65;57.09
1980-10-18;5.58;12.58;19.58;0.0;10.321;2.73;53.06
1980-10-19;11.34;13.28;15.22;1.9;3.925;2.68;69.32
1980-10-20;9.39;12.76;16.12;0.0;5.451;2.14;64.13
1980-10-21;9.19;13.08;16.97;1.21;4.558;2.6;68.36
1980-10-22;8.5;12.11;15.72;0.0;7.116;3.37;55.91
1980-10-23;8.56;13.58;18.6;4.68;6.145;2.95;54.77
1980-10-24;11.27;14.12;16.97;4.68;1.605;4.93;77.26
1980-10-25;10.88;13.03;15.18;0.0;5.016;2.98;63.52
1980-10-26;11.56;14.46;17.36;1.61;6.568;2.57;66.87
1980-10-27;12.21;15.05;17.9;1.04;6.165;2.43;72.74
1980-10-28;10.16;12.25;14.34;0.4;5.831;3.58;63.46
1980-10-29;10.33;12.54;14.76;0.69;5.071;3.73;62.3
1980-10-30;11.5;13.61;15.72;0.98;2.607;4.9;70.16
1980-10-31;9.97;13.32;16.66;12.3;4.336;3.29;67.45
1980-11-01;7.93;11.06;14.2;0.0;3.745;4.14;84.5
1980-11-02;7.59;11.87;16.14;3.17;2.809;4.39;83.99
1980-11-03;12.98;15.62;18.26;5.2;3.581;3.86;87.83
1980-11-04;9.97;13.02;16.07;0.0;6.293;3.07;86.77
1980-11-05;7.5;10.21;12.93;0.0;3.451;1.82;84.28
1980-11-06;5.06;9.63;14.21;0.5;6.78;1.99;79.93
1980-11-07;8.12;10.2;12.29;8.43;5.111;3.15;82.76
1980-11-08;11.08;13.07;15.05;9.57;3.986;3.34;87.97
1980-11-09;8.85;12.15;15.45;0.62;3.803;3.77;86.27
1980-11-10;9.47;11.57;13.67;0.55;3.926;5.38;83.63
1980-11-11;9.33;11.43;13.52;0.54;5.896;3.25;84.11
1980-11-12;8.67;11.13;13.59;0.49;3.87;3.79;84.17
1980-11-13;9.16;11.33;13.5;0.15;3.774;1.62;84.7
1980-11-14;7.65;9.82;11.98;0.51;3.645;1.88;84.35
1980-11-15;2.26;6.72;11.19;10.17;3.22;2.58;75.23
1980-11-16;0.27;4.47;8.67;0.0;5.638;2.09;57.45
1980-11-17;6.61;9.14;11.68;0.5;3.413;2.63;81.81
1980-11-18;9.25;10.79;12.33;12.18;2.191;2.75;86.95
1980-11-19;6.04;8.7;11.36;0.65;4.422;3.4;81.08
1980-11-20;6.72;7.81;8.91;4.56;2.249;3.64;79.0
1980-11-21;5.66;6.92;8.18;0.12;2.435;3.75;75.1
1980-11-22;3.53;6.25;8.96;0.0;2.946;1.81;72.07
1980-11-23;3.52;5.71;7.9;0.73;2.121;1.83;67.43
1980-11-24;2.57;4.46;6.34;4.55;3.045;2.63;63.08
1980-11-25;-0.95;1.9;4.75;0.14;4.847;3.26;52.68
1980-11-26;-2.09;0.82;3.72;0.64;3.852;2.63;45.79
1980-11-27;1.14;3.9;6.67;0.69;2.991;3.05;64.84
1980-11-28;1.53;4.59;7.65;0.0;2.431;3.86;64.33
1980-11-29;1.45;4.34;7.23;0.0;5.683;3.25;62.67
1980-11-30;1.09;3.79;6.5;0.94;1.79;3.7;65.75
1980-12-01;0.98;3.9;6.82;0.49;3.841;2.62;71.28
1980-12-02;3.01;4.21;5.42;8.82;2.824;4.5;77.55
1980-12-03;3.05;4.17;5.3;2.04;1.22;4.01;77.55
1980-12-04;3.14;5.17;7.19;0.0;4.574;3.29;76.89
1980-12-05;2.98;6.44;9.9;0.91;3.243;2.69;79.98
1980-12-06;6.48;9.28;12.07;2.71;3.138;4.05;82.65
1980-12-07;2.43;5.44;8.45;0.99;3.575;3.71;78.43
1980-12-08;1.99;5.23;8.46;2.12;2.124;2.84;76.44
1980-12-09;3.56;6.91;10.26;0.96;3.713;3.91;81.32
1980-12-10;6.51;8.41;10.32;0.27;2.945;3.45;83.55
1980-12-11;7.35;8.37;9.39;0.0;2.265;5.67;82.88
1980-12-12;5.78;7.27;8.76;0.0;2.544;3.94;82.28
1980-12-13;3.91;5.99;8.06;0.0;4.238;2.5;80.72
1980-12-14;2.38;4.96;7.53;6.02;2.783;4.58;76.31
1980-12-15;2.34;5.3;8.27;8.88;2.054;5.36;76.05
1980-12-16;3.84;5.07;6.3;0.76;1.513;3.36;76.88
1980-12-17;2.35;6.29;10.22;4.77;2.945;3.38;70.37
1980-12-18;5.47;8.25;11.04;3.21;2.068;7.13;82.19
1980-12-19;3.26;4.83;6.41;0.0;3.41;5.47;72.74
1980-12-20;3.87;7.13;10.38;4.08;2.347;2.76;82.61
1980-12-21;6.07;8.05;10.03;0.39;3.237;2.32;82.8
1980-12-22;5.59;8.79;12.0;1.87;2.378;2.07;83.03
1980-12-23;4.27;7.18;10.1;0.28;3.394;2.67;80.71
1980-12-24;5.2;8.07;10.94;9.5;2.217;3.82;83.04
1980-12-25;7.24;9.41;11.59;0.0;2.889;3.46;83.99
1980-12-26;7.76;10.09;12.43;5.56;1.509;3.3;87.01
1980-12-27;8.32;10.71;13.11;0.0;4.008;3.31;85.76
1980-12-28;7.33;10.02;12.71;0.0;4.151;1.43;82.88
1980-12-29;2.49;7.13;11.76;0.0;3.021;1.53;82.53
1980-12-30;-1.75;0.86;3.48;0.0;3.125;2.67;65.03
1980-12-31;-5.27;-2.93;-0.6;0.0;4.0;3.12;55.46
1981-01-01;-4.92;-1.53;1.85;0.0;3.124;1.91;57.15
1981-01-02;-1.06;1.86;4.79;0.96;4.167;3.41;66.24
1981-01-03;1.01;6.16;11.3;2.38;1.714;3.87;78.45
1981-01-04;1.07;4.59;8.12;0.0;3.772;1.96;74.94
1981-01-05;1.1;6.16;11.22;0.0;2.009;4.51;80.4
1981-01-06;4.55;6.98;9.41;0.0;4.488;2.26;81.05
1981-01-07;2.57;6.72;10.87;0.0;4.2;1.75;81.69
1981-01-08;1.13;4.23;7.34;0.0;5.313;1.36;66.45
1981-01-09;0.33;3.57;6.81;0.0;5.15;2.05;64.78
1981-01-10;3.77;7.09;10.41;0.0;3.599;2.65;81.85
1981-01-11;6.63;8.68;10.72;0.7;2.786;4.17;83.89
1981-01-12;5.5;7.28;9.05;1.36;1.917;5.61;81.71
1981-01-13;2.97;5.97;8.97;0.17;3.023;4.93;81.53
1981-01-14;0.25;3.77;7.29;0.0;5.093;3.97;71.36
1981-01-15;4.17;7.28;10.38;1.79;2.647;6.1;81.56
1981-01-16;5.64;8.27;10.89;0.0;5.232;4.24;82.01
1981-01-17;5.67;9.7;13.72;0.0;4.343;2.48;83.69
1981-01-18;6.35;9.24;12.13;0.0;4.715;2.51;83.86
1981-01-19;3.8;7.86;11.92;0.0;5.517;1.85;80.93
1981-01-20;2.49;6.46;10.44;0.0;5.751;2.18;73.69
1981-01-21;2.47;6.17;9.87;0.0;5.613;2.12;77.32
1981-01-22;2.83;6.51;10.19;0.0;5.682;0.3;75.9
1981-01-23;1.93;5.62;9.31;0.0;6.005;0.9;74.75
1981-01-24;1.68;6.45;11.22;1.96;2.172;4.67;77.54
1981-01-25;11.52;11.86;12.2;0.0;2.282;5.69;90.4
1981-01-26;11.29;11.97;12.66;12.83;1.19;7.38;91.38
1981-01-27;7.17;10.05;12.93;1.47;5.168;2.96;81.98
1981-01-28;7.99;9.63;11.26;2.24;3.269;2.25;86.65
1981-01-29;1.48;5.83;10.19;0.0;7.236;2.95;73.31
1981-01-30;1.01;5.16;9.3;0.0;7.084;1.43;65.0
1981-01-31;0.04;3.73;7.41;0.0;7.098;1.65;61.8
1981-02-01;-1.58;4.59;10.77;0.83;6.539;4.47;53.38
1981-02-02;8.4;9.13;9.87;35.94;1.576;2.27;86.81
1981-02-03;2.75;6.25;9.76;0.0;6.94;5.32;56.81
1981-02-04;2.72;5.72;8.71;0.0;3.859;5.13;62.51
1981-02-05;2.53;8.23;13.93;5.93;2.01;5.87;67.79
1981-02-06;10.86;12.23;13.61;0.66;5.289;6.94;88.07
1981-02-07;9.81;11.22;12.63;21.31;2.558;3.73;87.21
1981-02-08;8.4;10.02;11.64;0.58;2.807;5.39;82.62
1981-02-09;6.45;8.98;11.51;4.05;4.323;1.3;73.23
1981-02-10;3.5;7.58;11.65;0.0;7.794;0.8;64.84
1981-02-11;2.39;6.83;11.27;0.0;8.225;1.65;55.82
1981-02-12;3.79;6.64;9.5;0.0;4.034;4.25;66.47
1981-02-13;6.12;8.04;9.95;0.0;3.993;3.78;76.8
1981-02-14;1.1;5.17;9.24;0.0;8.609;3.26;59.27
1981-02-15;-1.4;3.63;8.65;6.41;3.854;4.96;50.11
1981-02-16;1.1;2.51;3.92;2.89;4.321;7.11;51.18
1981-02-17;-0.88;0.67;2.21;0.5;4.597;8.1;44.45
1981-02-18;-3.39;-1.38;0.63;0.0;9.555;6.56;35.12
1981-02-19;-5.37;-2.92;-0.48;0.0;9.112;4.66;43.65
1981-02-20;-6.58;-1.77;3.05;0.0;9.406;2.69;36.3
1981-02-21;-0.41;2.74;5.89;0.88;7.22;2.36;48.22
1981-02-22;-1.11;2.51;6.14;0.0;5.175;2.55;49.13
1981-02-23;-1.77;3.36;8.49;0.0;10.028;0.6;43.87
1981-02-24;1.9;5.93;9.96;0.0;8.264;2.01;55.14
1981-02-25;-0.06;5.5;11.06;0.0;12.468;1.75;49.96
1981-02-26;2.24;6.95;11.65;0.0;12.909;0.6;43.5
1981-02-27;2.15;7.42;12.7;0.0;13.641;0.42;44.44
1981-02-28;-0.11;6.48;13.06;0.0;13.497;1.73;49.73
1981-03-01;0.7;7.28;13.87;0.0;12.601;1.48;41.85
1981-03-02;5.16;9.88;14.6;0.0;10.6;0.87;50.52
1981-03-03;4.24;8.37;12.49;0.0;5.609;1.72;53.49
1981-03-04;5.72;10.44;15.16;0.41;8.072;2.73;67.03
1981-03-05;6.6;11.88;17.15;0.0;12.078;2.58;65.6
1981-03-06;5.12;12.12;19.12;0.0;13.91;1.06;53.75
1981-03-07;5.72;12.98;20.24;0.0;13.387;1.94;56.19
1981-03-08;7.8;13.32;18.84;0.0;10.28;2.31;70.24
1981-03-09;5.79;10.32;14.85;1.62;5.162;3.24;71.24
1981-03-10;3.98;7.91;11.83;0.46;13.122;4.1;43.13
1981-03-11;4.73;8.73;12.74;1.96;3.706;5.59;53.7
1981-03-12;3.39;8.1;12.8;0.0;12.061;3.62;42.08
1981-03-13;2.95;7.29;11.62;0.0;6.796;2.32;50.94
1981-03-14;6.61;9.72;12.83;0.42;3.833;4.3;63.22
1981-03-15;3.21;8.21;13.21;0.0;14.731;1.55;37.99
1981-03-16;2.36;8.48;14.61;0.0;16.332;0.45;34.18
1981-03-17;0.47;5.75;11.03;0.0;17.181;2.58;33.03
1981-03-18;-0.58;5.91;12.4;0.0;17.709;2.62;26.91
1981-03-19;-0.14;6.39;12.93;0.0;17.218;2.73;30.73
1981-03-20;2.0;7.17;12.35;0.0;12.023;2.8;43.61
1981-03-21;4.41;11.19;17.96;0.0;13.862;2.81;56.93
1981-03-22;5.61;11.92;18.24;0.0;17.053;2.71;54.63
1981-03-23;7.96;9.7;11.44;0.0;7.2;3.35;61.17
1981-03-24;2.7;9.85;17.0;0.0;10.936;2.55;50.21
1981-03-25;6.24;12.93;19.61;0.0;16.254;1.89;58.77
1981-03-26;10.39;14.79;19.18;0.38;10.784;2.17;78.72
1981-03-27;10.94;14.68;18.43;2.77;10.076;1.63;80.04
1981-03-28;10.07;15.01;19.94;0.0;13.462;0.75;76.12
1981-03-29;10.71;16.43;22.14;0.0;18.105;1.5;67.48
1981-03-30;9.2;16.42;23.65;0.0;18.839;2.36;63.02
1981-03-31;6.88;15.46;24.03;0.0;20.929;3.43;46.45
1981-04-01;6.13;14.57;23.02;0.0;18.363;3.45;33.99
1981-04-02;6.57;14.78;22.98;0.0;18.688;4.36;50.49
1981-04-03;1.5;9.52;17.54;0.0;19.908;4.92;31.43
1981-04-04;1.78;10.33;18.88;0.0;19.437;2.15;35.94
1981-04-05;4.43;12.9;21.38;0.0;15.934;1.33;43.99
1981-04-06;7.71;15.6;23.49;0.0;19.017;1.19;50.36
1981-04-07;7.99;16.11;24.24;0.0;18.071;1.1;52.13
1981-04-08;10.56;18.07;25.59;0.0;19.196;1.11;51.81
1981-04-09;8.66;16.85;25.04;0.0;20.951;2.14;47.87
1981-04-10;7.5;15.82;24.14;0.0;20.718;1.1;46.71
1981-04-11;8.51;16.5;24.48;0.0;20.802;2.02;35.05
1981-04-12;5.22;12.99;20.77;4.88;11.53;4.74;51.01
1981-04-13;4.04;9.26;14.47;0.65;19.869;3.3;31.11
1981-04-14;4.7;10.53;16.35;2.2;14.119;5.01;50.48
1981-04-15;8.69;11.15;13.62;9.68;6.524;5.86;68.81
1981-04-16;7.42;11.15;14.88;6.25;4.231;8.09;78.49
1981-04-17;3.34;7.38;11.41;0.0;14.763;3.94;38.52
1981-04-18;1.84;5.68;9.53;0.91;11.808;3.41;37.2
1981-04-19;-0.66;6.31;13.29;0.0;20.501;4.53;30.94
1981-04-20;1.23;6.08;10.94;1.29;10.414;3.79;40.73
1981-04-21;4.36;9.45;14.54;0.0;18.223;3.05;34.65
1981-04-22;4.02;7.67;11.33;1.49;12.483;4.03;43.24
1981-04-23;-0.62;4.53;9.67;0.0;19.583;3.75;28.61
1981-04-24;-0.32;4.17;8.65;0.0;14.815;3.42;27.81
1981-04-25;0.31;5.67;11.02;3.84;13.732;3.89;32.6
1981-04-26;4.88;8.48;12.09;3.28;7.919;4.81;51.95
1981-04-27;5.53;8.85;12.16;3.12;10.546;4.79;54.98
1981-04-28;7.33;12.17;17.01;0.35;14.221;4.77;57.0
1981-04-29;6.81;12.67;18.54;2.1;13.262;1.78;66.74
1981-04-30;7.15;12.57;17.99;0.0;21.731;2.03;53.31
1981-05-01;6.56;10.85;15.14;0.73;15.385;2.68;39.02
1981-05-02;6.74;11.5;16.25;0.66;12.534;2.8;42.73
1981-05-03;7.81;14.09;20.37;0.0;21.236;2.69;43.77
1981-05-04;6.86;12.88;18.9;0.0;18.922;2.53;39.05
1981-05-05;5.99;12.78;19.57;0.0;20.578;1.01;33.4
1981-05-06;8.63;13.39;18.16;1.09;15.854;1.79;43.07
1981-05-07;7.12;12.56;18.0;0.0;20.536;1.14;30.83
1981-05-08;6.54;12.45;18.35;0.0;18.981;1.07;33.43
1981-05-09;5.63;12.67;19.72;0.0;24.1;1.83;33.74
1981-05-10;7.26;13.35;19.44;0.0;24.456;1.32;34.6
1981-05-11;7.91;10.49;13.07;13.63;10.877;4.06;42.05
1981-05-12;6.04;11.63;17.21;0.32;21.994;3.52;34.21
1981-05-13;5.54;10.46;15.39;1.04;7.489;2.55;45.78
1981-05-14;8.55;12.73;16.91;0.71;18.441;2.67;42.1
1981-05-15;6.34;11.91;17.49;1.95;19.075;2.26;43.56
1981-05-16;7.4;13.14;18.89;0.0;18.344;1.08;43.07
1981-05-17;9.37;14.84;20.3;0.0;18.644;1.77;50.08
1981-05-18;6.66;12.13;17.59;3.83;16.278;2.75;45.6
1981-05-19;10.59;13.23;15.88;1.07;11.354;3.08;54.2
1981-05-20;8.72;14.22;19.72;0.0;21.007;2.21;39.08
1981-05-21;7.19;13.31;19.42;1.33;19.99;2.11;42.9
1981-05-22;7.5;14.25;21.0;0.0;27.338;2.74;42.11
1981-05-23;8.82;15.43;22.03;0.0;21.272;3.27;43.61
1981-05-24;8.52;15.34;22.16;0.0;24.811;3.84;39.2
1981-05-25;7.36;14.12;20.88;0.0;23.773;3.7;35.51
1981-05-26;7.51;14.36;21.21;0.0;23.122;2.94;41.73
1981-05-27;10.51;16.03;21.55;1.68;21.306;2.74;59.51
1981-05-28;11.43;16.63;21.82;4.76;12.573;1.24;70.94
1981-05-29;14.04;17.62;21.2;4.17;12.095;1.92;78.35
1981-05-30;8.91;14.86;20.81;0.0;15.101;3.57;53.94
1981-05-31;6.73;12.21;17.7;0.0;15.682;1.55;36.54
1981-06-01;9.29;14.65;20.01;0.0;20.701;1.93;26.58
1981-06-02;9.87;14.59;19.31;3.48;17.864;3.29;37.91
1981-06-03;8.69;12.79;16.89;1.98;10.887;3.44;47.06
1981-06-04;12.14;15.92;19.7;0.0;12.054;3.28;56.48
1981-06-05;13.8;20.16;26.51;0.0;23.583;0.29;54.28
1981-06-06;14.73;21.46;28.19;0.0;20.151;1.59;61.87
1981-06-07;14.79;20.84;26.89;0.0;23.484;2.35;56.61
1981-06-08;12.8;18.71;24.63;0.0;21.727;1.93;49.13
1981-06-09;11.57;19.21;26.86;0.63;22.185;2.81;54.63
1981-06-10;15.08;21.82;28.55;0.81;20.238;1.63;70.47
1981-06-11;15.61;19.52;23.44;0.48;11.311;1.87;76.17
1981-06-12;13.88;20.27;26.66;0.0;20.247;2.05;64.41
1981-06-13;16.13;20.92;25.72;2.05;17.813;2.13;72.63
1981-06-14;13.06;18.21;23.35;4.54;18.299;1.7;58.5
1981-06-15;12.66;18.11;23.55;1.43;19.341;1.42;52.9
1981-06-16;10.66;16.1;21.54;0.0;16.392;2.77;43.96
1981-06-17;10.01;15.47;20.93;0.0;18.014;1.09;40.47
1981-06-18;9.83;15.65;21.47;2.3;15.352;3.07;47.74
1981-06-19;9.47;14.54;19.61;0.0;15.825;3.49;27.52
1981-06-20;7.79;13.91;20.04;0.75;20.29;2.46;26.58
1981-06-21;9.95;13.01;16.07;6.95;10.06;2.04;45.12
1981-06-22;8.95;12.93;16.91;1.71;16.622;2.79;32.52
1981-06-23;8.06;12.89;17.72;5.52;19.039;3.21;39.7
1981-06-24;8.68;14.13;19.59;1.9;18.745;2.05;41.25
1981-06-25;8.45;15.53;22.61;0.0;25.52;1.47;38.76
1981-06-26;10.24;16.82;23.4;0.0;23.659;1.68;42.43
1981-06-27;11.01;18.16;25.3;0.0;24.486;1.94;46.58
1981-06-28;13.82;19.59;25.36;0.9;20.439;3.61;50.79
1981-06-29;14.2;18.16;22.11;1.65;14.949;2.36;64.86
1981-06-30;13.33;17.75;22.16;1.48;13.744;2.56;61.34
1981-07-01;14.69;19.54;24.39;0.0;12.732;1.02;54.3
1981-07-02;16.1;23.23;30.36;0.69;19.475;2.08;57.43
1981-07-03;15.91;21.2;26.49;1.87;10.077;1.7;69.41
1981-07-04;15.0;19.64;24.28;3.13;16.687;3.11;49.51
1981-07-05;12.72;17.41;22.11;0.0;13.347;1.93;40.32
1981-07-06;11.52;17.45;23.39;0.0;19.708;1.37;33.7
1981-07-07;13.24;18.95;24.66;0.0;22.961;1.32;36.2
1981-07-08;14.84;19.91;24.99;0.0;15.635;1.45;44.26
1981-07-09;13.85;18.39;22.93;2.93;15.317;4.02;41.39
1981-07-10;11.24;15.96;20.67;0.0;14.515;3.39;25.99
1981-07-11;9.6;16.12;22.64;0.0;24.087;0.62;22.01
1981-07-12;12.7;16.77;20.83;1.51;11.882;3.38;32.39
1981-07-13;11.15;15.68;20.21;3.66;11.492;3.8;36.67
1981-07-14;9.74;15.61;21.48;1.22;15.118;3.01;32.65
1981-07-15;13.61;17.46;21.32;1.41;5.282;3.44;58.63
1981-07-16;15.19;18.95;22.71;0.0;10.482;2.94;58.27
1981-07-17;12.71;17.42;22.13;0.64;15.236;2.95;33.05
1981-07-18;12.58;17.14;21.69;1.76;15.67;3.56;36.17
1981-07-19;11.5;16.57;21.64;0.0;12.797;3.37;38.77
1981-07-20;11.19;16.5;21.82;0.0;14.926;1.61;36.25
1981-07-21;11.65;18.84;26.02;0.0;24.03;1.9;34.1
1981-07-22;12.76;16.75;20.75;2.34;15.434;4.16;32.41
1981-07-23;11.51;15.63;19.75;5.69;12.437;2.3;38.7
1981-07-24;11.31;17.07;22.83;4.28;17.728;2.46;42.86
1981-07-25;13.93;19.02;24.1;0.0;15.533;2.03;42.83
1981-07-26;14.56;19.38;24.19;0.0;14.738;2.29;46.95
1981-07-27;15.21;19.32;23.42;0.0;10.043;4.02;52.45
1981-07-28;12.57;16.9;21.23;0.35;14.661;3.78;25.84
1981-07-29;13.14;19.49;25.84;0.28;16.564;4.16;43.23
1981-07-30;14.04;19.99;25.94;0.0;18.274;3.02;47.12
1981-07-31;13.82;18.21;22.6;3.09;12.35;0.89;45.11
1981-08-01;11.93;18.2;24.47;0.0;19.388;1.22;31.88
1981-08-02;13.15;17.59;22.03;0.0;16.383;2.88;29.88
1981-08-03;15.38;21.5;27.62;0.0;19.452;2.6;39.6
1981-08-04;15.2;22.52;29.83;0.0;21.279;3.33;41.03
1981-08-05;11.4;18.36;25.31;0.0;26.33;2.2;24.17
1981-08-06;12.47;17.09;21.71;0.44;13.659;1.21;32.18
1981-08-07;12.71;17.91;23.12;0.19;15.222;2.06;30.73
1981-08-08;12.09;17.26;22.43;0.0;19.079;1.39;26.14
1981-08-09;12.41;17.05;21.69;0.82;9.919;1.87;35.51
1981-08-10;12.89;17.58;22.26;7.23;9.486;3.68;46.92
1981-08-11;10.03;15.57;21.12;0.0;19.511;3.81;15.19
1981-08-12;9.28;16.22;23.16;0.0;18.22;2.07;29.0
1981-08-13;13.79;20.26;26.73;0.0;20.532;1.38;34.75
1981-08-14;12.01;19.7;27.39;0.0;26.272;1.66;32.15
1981-08-15;13.19;20.86;28.54;0.0;26.276;1.95;35.01
1981-08-16;14.01;21.4;28.79;0.0;22.958;1.67;38.28
1981-08-17;15.67;22.8;29.94;0.0;24.711;0.78;41.01
1981-08-18;14.81;19.02;23.22;1.64;4.82;1.06;54.98
1981-08-19;12.99;18.25;23.51;0.0;17.004;1.77;21.61
1981-08-20;11.61;17.73;23.84;1.1;15.064;2.15;22.58
1981-08-21;10.1;17.07;24.04;0.0;19.555;1.67;16.51
1981-08-22;12.84;18.12;23.39;0.16;9.425;2.42;39.34
1981-08-23;16.13;24.09;32.06;0.0;22.925;1.65;45.48
1981-08-24;17.44;24.95;32.46;0.0;22.228;1.05;49.41
1981-08-25;16.89;23.19;29.49;0.26;13.872;0.75;62.17
1981-08-26;17.99;23.88;29.78;0.0;18.651;1.21;49.79
1981-08-27;16.31;23.35;30.39;0.0;21.894;0.88;38.91
1981-08-28;17.24;24.14;31.05;0.0;21.269;2.81;48.57
1981-08-29;19.54;26.86;34.18;1.19;20.255;3.05;48.82
1981-08-30;12.69;17.68;22.67;8.44;14.748;3.13;23.81
1981-08-31;11.15;16.43;21.71;0.0;13.455;3.11;22.69
1981-09-01;13.16;16.98;20.8;1.41;7.666;4.25;47.48
1981-09-02;17.03;18.77;20.52;0.64;4.489;3.61;69.75
1981-09-03;12.83;19.43;26.02;0.0;15.384;0.95;49.89
1981-09-04;9.49;16.8;24.12;0.0;22.659;1.84;33.03
1981-09-05;8.05;16.03;24.01;0.0;21.687;1.92;29.86
1981-09-06;10.11;19.31;28.52;0.0;21.187;1.85;32.84
1981-09-07;14.8;21.48;28.16;0.0;14.534;0.75;47.12
1981-09-08;12.4;21.29;30.17;3.18;16.101;3.74;53.49
1981-09-09;10.12;16.61;23.11;0.0;16.638;3.8;30.01
1981-09-10;11.98;16.24;20.5;1.42;9.862;4.19;35.13
1981-09-11;13.0;16.51;20.02;0.96;8.307;4.05;36.52
1981-09-12;8.99;15.73;22.47;0.0;16.287;3.0;26.65
1981-09-13;10.17;16.7;23.22;0.0;13.762;1.2;32.27
1981-09-14;10.96;14.38;17.8;2.41;7.234;1.91;53.96
1981-09-15;8.95;16.87;24.78;0.0;18.618;1.99;38.33
1981-09-16;12.12;21.38;30.65;1.56;13.619;3.91;46.67
1981-09-17;10.07;15.53;20.99;0.19;17.416;3.45;27.19
1981-09-18;10.24;13.61;16.99;1.6;3.984;4.21;32.98
1981-09-19;9.96;13.84;17.72;1.51;9.308;5.22;27.92
1981-09-20;8.75;13.8;18.85;0.47;10.063;4.09;30.99
1981-09-21;12.16;18.27;24.39;2.71;9.868;4.98;40.51
1981-09-22;10.31;15.48;20.65;0.54;15.742;2.94;29.69
1981-09-23;10.59;15.8;21.01;0.0;12.52;1.87;32.86
1981-09-24;9.88;18.28;26.67;0.0;12.401;3.51;45.83
1981-09-25;11.78;16.59;21.41;2.71;3.229;2.32;56.49
1981-09-26;9.74;15.38;21.01;0.18;12.624;1.09;36.42
1981-09-27;8.06;13.93;19.8;0.0;9.382;2.66;31.94
1981-09-28;5.39;12.28;19.17;0.29;14.827;3.19;26.05
1981-09-29;10.2;15.05;19.9;6.71;8.923;4.02;37.62
1981-09-30;5.99;11.2;16.4;0.0;6.756;3.68;34.34
1981-10-01;4.23;11.31;18.4;1.52;14.039;3.31;40.74
1981-10-02;13.26;16.11;18.96;8.86;5.036;3.14;80.05
1981-10-03;13.19;15.75;18.32;17.84;6.144;0.87;84.4
1981-10-04;13.27;16.6;19.93;0.0;9.018;0.88;67.67
1981-10-05;11.97;15.95;19.93;0.0;13.704;0.72;60.94
1981-10-06;12.65;17.11;21.58;0.0;10.575;0.42;61.88
1981-10-07;11.21;16.57;21.92;0.0;10.24;1.46;65.44
1981-10-08;5.71;11.88;18.04;0.0;12.499;4.19;54.71
1981-10-09;3.11;9.88;16.64;0.0;11.03;2.63;40.3
1981-10-10;3.53;10.45;17.36;0.0;13.909;2.63;36.2
1981-10-11;4.6;11.54;18.49;0.0;10.105;1.69;36.7
1981-10-12;5.36;12.77;20.18;0.0;13.571;2.13;40.39
1981-10-13;6.63;11.64;16.66;0.0;9.422;3.73;46.74
1981-10-14;3.89;9.62;15.34;0.0;10.91;2.35;37.01
1981-10-15;5.66;9.49;13.32;0.0;4.692;3.38;54.62
1981-10-16;8.78;13.52;18.27;0.0;8.514;1.99;56.62
1981-10-17;6.64;13.41;20.17;0.0;11.438;1.91;52.28
1981-10-18;7.95;13.61;19.26;0.0;8.871;1.16;50.07
1981-10-19;3.04;8.04;13.05;3.02;7.947;4.12;41.5
1981-10-20;0.22;6.88;13.54;0.0;11.569;2.17;28.02
1981-10-21;1.6;8.36;15.12;0.0;11.221;1.19;23.9
1981-10-22;2.27;10.33;18.39;0.0;10.615;3.42;39.13
1981-10-23;8.64;11.74;14.84;0.0;4.484;1.52;64.68
1981-10-24;6.08;12.64;19.2;0.0;8.254;3.75;40.55
1981-10-25;8.65;15.14;21.62;0.55;7.236;4.5;40.5
1981-10-26;5.24;10.16;15.07;2.03;6.51;1.71;47.56
1981-10-27;2.9;9.47;16.05;0.0;9.088;2.54;39.68
1981-10-28;5.55;11.64;17.74;0.0;8.73;2.38;44.59
1981-10-29;7.32;11.87;16.41;0.0;7.357;1.56;46.92
1981-10-30;7.07;13.06;19.05;0.0;7.233;2.07;53.51
1981-10-31;11.89;13.52;15.15;7.23;2.831;0.52;75.58
1981-11-01;10.73;12.21;13.69;0.35;2.879;1.17;88.79
1981-11-02;12.6;15.89;19.19;0.0;6.964;1.82;89.18
1981-11-03;11.26;15.45;19.64;0.0;7.678;2.37;89.48
1981-11-04;8.56;13.02;17.49;0.0;6.546;3.32;84.5
1981-11-05;9.54;14.65;19.76;0.0;6.569;3.7;82.31
1981-11-06;7.13;11.46;15.78;0.61;4.122;2.46;82.85
1981-11-07;6.43;7.25;8.07;0.0;2.73;2.84;77.58
1981-11-08;5.59;8.46;11.34;0.0;3.934;1.24;78.57
1981-11-09;6.2;8.45;10.7;3.28;3.627;2.56;80.78
1981-11-10;1.94;5.33;8.73;0.0;8.027;1.73;63.23
1981-11-11;-0.13;4.02;8.17;0.61;6.002;1.78;54.03
1981-11-12;2.04;5.57;9.1;0.0;3.664;1.59;69.7
1981-11-13;-0.16;4.74;9.63;0.0;6.028;2.92;62.08
1981-11-14;3.92;6.89;9.86;0.16;5.498;3.82;68.04
1981-11-15;3.75;7.62;11.49;0.0;5.77;3.14;70.28
1981-11-16;3.29;7.07;10.86;0.0;5.092;1.41;67.62
1981-11-17;2.48;8.2;13.92;26.34;4.416;2.07;78.2
1981-11-18;8.64;11.8;14.96;4.19;4.73;3.28;81.82
1981-11-19;5.96;9.38;12.8;1.04;5.46;2.72;78.44
1981-11-20;4.67;7.47;10.28;0.0;3.583;2.32;74.65
1981-11-21;6.47;8.6;10.72;0.0;4.779;1.08;75.3
1981-11-22;6.04;7.18;8.31;0.14;2.078;1.11;76.38
1981-11-23;4.64;6.8;8.97;0.0;2.633;1.54;76.62
1981-11-24;3.9;5.42;6.95;0.0;2.84;0.53;62.88
1981-11-25;2.91;4.79;6.68;0.23;3.328;1.64;61.81
1981-11-26;-1.48;1.97;5.42;0.0;4.011;1.8;48.03
1981-11-27;-2.82;-0.47;1.87;0.0;6.674;1.31;42.89
1981-11-28;-4.19;0.16;4.51;0.44;4.374;2.19;43.87
1981-11-29;3.12;5.7;8.28;5.05;1.89;3.08;68.51
1981-11-30;0.35;9.03;17.7;2.87;1.966;4.46;76.99
1981-12-01;1.72;4.91;8.09;0.0;3.825;3.46;72.94
1981-12-02;2.23;5.77;9.3;3.06;1.763;3.89;78.17
1981-12-03;1.4;5.25;9.1;2.39;4.254;3.59;72.8
1981-12-04;3.66;6.62;9.57;0.97;3.205;4.45;79.06
1981-12-05;4.26;5.86;7.45;0.91;1.945;2.53;81.46
1981-12-06;4.26;6.25;8.24;2.1;3.193;3.12;80.2
1981-12-07;1.06;3.88;6.71;0.0;2.584;2.67;76.75
1981-12-08;0.93;3.66;6.39;1.59;2.531;1.27;74.61
1981-12-09;-0.54;2.1;4.73;0.0;4.331;1.84;64.96
1981-12-10;2.68;5.28;7.88;0.0;2.501;1.97;77.01
1981-12-11;4.33;6.97;9.61;0.0;3.656;1.53;81.45
1981-12-12;5.25;7.94;10.63;0.0;4.46;1.27;82.02
1981-12-13;0.72;3.42;6.12;0.0;5.151;2.24;72.16
1981-12-14;-0.35;2.96;6.27;1.47;2.64;1.97;70.62
1981-12-15;5.35;6.98;8.62;0.0;1.725;1.66;82.76
1981-12-16;6.34;7.5;8.67;0.0;2.44;0.54;81.76
1981-12-17;4.28;6.3;8.33;0.0;3.573;0.74;78.39
1981-12-18;0.18;4.01;7.85;0.0;2.747;1.61;75.1
1981-12-19;-2.79;-0.97;0.86;0.0;5.308;1.62;55.0
1981-12-20;-3.61;-1.4;0.8;0.0;5.181;1.56;48.19
1981-12-21;-3.95;-1.6;0.76;1.81;4.58;1.34;52.02
1981-12-22;-2.78;-1.03;0.71;0.0;2.71;2.78;64.19
1981-12-23;-5.17;-2.82;-0.47;0.0;5.14;1.67;55.28
1981-12-24;-2.24;-0.12;2.0;0.0;2.895;1.38;60.94
1981-12-25;-0.66;3.14;6.94;2.94;1.687;3.34;66.47
1981-12-26;5.31;7.29;9.27;0.0;2.239;3.79;82.78
1981-12-27;0.47;4.38;8.28;0.48;2.986;2.21;73.92
1981-12-28;0.2;4.15;8.11;0.0;2.919;3.64;75.93
1981-12-29;1.77;4.01;6.26;2.35;3.033;4.51;73.07
1981-12-30;-0.35;2.82;5.99;0.29;4.066;3.32;70.72
1981-12-31;-0.47;2.1;4.66;0.0;5.124;2.32;66.62
1982-01-01;-0.75;0.85;2.45;0.0;4.916;1.99;59.17
1982-01-02;-2.51;-0.51;1.49;0.0;5.878;2.31;55.42
1982-01-03;-1.19;1.68;4.54;6.67;1.742;3.03;63.01
1982-01-04;-0.45;2.46;5.37;0.79;5.05;4.2;67.96
1982-01-05;2.06;4.47;6.89;4.05;3.841;5.64;74.17
1982-01-06;2.5;4.81;7.13;0.16;3.932;4.04;74.56
1982-01-07;2.12;6.54;10.95;4.22;3.008;6.01;80.67
1982-01-08;3.73;6.29;8.86;0.0;3.982;5.55;77.54
1982-01-09;0.48;3.18;5.89;3.26;1.944;4.93;73.82
1982-01-10;0.2;3.95;7.69;1.31;2.875;4.6;73.79
1982-01-11;4.75;6.63;8.52;0.0;3.624;5.14;79.77
1982-01-12;2.37;4.77;7.16;0.82;2.215;3.08;78.54
1982-01-13;0.3;2.39;4.48;0.17;3.222;3.3;66.92
1982-01-14;1.78;5.88;9.99;9.59;3.847;4.05;75.31
1982-01-15;1.31;5.12;8.93;4.46;4.384;4.62;74.7
1982-01-16;3.63;5.57;7.51;4.19;2.142;5.66;79.72
1982-01-17;-0.25;2.27;4.79;0.0;2.944;3.53;65.16
1982-01-18;-0.69;2.49;5.67;0.0;5.213;1.64;62.38
1982-01-19;-0.92;1.18;3.27;0.0;5.791;1.91;63.02
1982-01-20;-1.05;1.85;4.75;0.0;3.595;2.24;62.02
1982-01-21;2.99;5.46;7.92;10.19;2.232;5.89;76.93
1982-01-22;2.9;4.22;5.54;1.85;3.943;5.93;73.78
1982-01-23;-1.32;1.49;4.3;1.38;6.639;3.74;54.97
1982-01-24;-0.81;3.6;8.01;2.75;3.244;6.12;70.6
1982-01-25;0.58;2.89;5.2;1.35;2.976;5.44;71.62
1982-01-26;0.39;5.54;10.7;0.94;2.82;3.86;80.28
1982-01-27;5.32;9.05;12.78;1.15;5.456;5.31;83.11
1982-01-28;2.84;6.74;10.64;9.77;3.465;2.23;75.72
1982-01-29;0.3;3.11;5.93;0.0;6.153;2.09;66.64
1982-01-30;-0.27;3.99;8.24;0.0;7.54;1.93;62.01
1982-01-31;0.54;4.9;9.27;0.0;7.322;1.87;68.58
1982-02-01;2.27;6.79;11.3;0.0;6.226;1.83;63.05
1982-02-02;3.59;7.67;11.75;0.0;6.462;2.55;74.22
1982-02-03;0.88;4.85;8.81;0.0;8.274;1.05;56.0
1982-02-04;-0.44;4.08;8.59;0.0;8.914;0.98;43.29
1982-02-05;0.73;4.83;8.94;0.0;9.176;0.66;41.87
1982-02-06;1.2;5.25;9.31;0.0;4.513;1.14;55.44
1982-02-07;-0.29;3.44;7.17;0.0;7.756;3.37;50.34
1982-02-08;-1.0;2.23;5.47;0.0;8.417;1.75;44.67
1982-02-09;-2.41;2.87;8.15;2.06;4.992;3.26;43.79
1982-02-10;5.8;7.52;9.23;0.0;3.602;2.54;67.04
1982-02-11;2.82;6.9;10.97;0.0;7.408;2.66;69.72
1982-02-12;8.03;10.13;12.23;0.0;3.812;3.57;85.17
1982-02-13;6.37;8.81;11.26;9.54;3.134;2.81;81.77
1982-02-14;5.7;8.85;11.99;0.0;6.996;1.81;68.47
1982-02-15;7.71;9.93;12.14;1.64;2.995;5.88;84.78
1982-02-16;8.82;11.2;13.57;3.96;1.9;6.31;88.78
1982-02-17;5.33;7.56;9.79;5.14;2.49;1.19;72.03
1982-02-18;4.63;5.8;6.97;0.96;2.757;2.63;67.41
1982-02-19;-0.71;6.21;13.12;0.56;8.35;2.81;63.59
1982-02-20;-1.35;5.03;11.41;0.0;11.264;2.68;48.48
1982-02-21;0.74;6.33;11.91;0.0;11.058;2.4;54.49
1982-02-22;0.68;6.42;12.17;0.0;12.034;1.6;50.17
1982-02-23;-1.96;2.51;6.98;0.0;13.615;3.16;42.7
1982-02-24;-2.11;2.5;7.1;0.0;12.226;2.12;42.7
1982-02-25;-1.83;2.08;5.99;0.0;11.828;2.18;41.82
1982-02-26;-0.15;2.93;6.02;0.0;11.404;1.54;45.81
1982-02-27;-1.89;2.98;7.84;0.0;12.456;2.94;47.5
1982-02-28;1.51;5.97;10.43;1.43;2.74;4.48;71.54
1982-03-01;6.63;11.04;15.46;0.0;7.126;2.0;63.73
1982-03-02;3.25;9.78;16.3;0.0;12.626;2.23;53.72
1982-03-03;8.26;9.52;10.79;0.0;3.444;3.21;66.6
1982-03-04;9.0;12.34;15.69;2.33;4.95;4.72;68.08
1982-03-05;5.92;9.87;13.82;4.09;10.406;4.81;59.23
1982-03-06;5.21;9.25;13.29;4.27;9.092;3.58;53.63
1982-03-07;4.09;8.6;13.11;0.0;9.482;3.6;46.71
1982-03-08;3.37;8.6;13.82;0.0;8.805;2.91;42.31
1982-03-09;0.68;7.41;14.14;0.0;15.387;1.3;35.87
1982-03-10;1.57;8.35;15.13;0.86;10.942;1.44;50.07
1982-03-11;3.58;6.97;10.36;0.0;7.938;1.98;46.42
1982-03-12;1.22;7.6;13.98;0.0;11.87;1.62;40.11
1982-03-13;2.1;7.05;12.0;0.22;6.431;3.02;44.66
1982-03-14;0.27;5.34;10.41;1.64;6.711;4.51;35.02
1982-03-15;0.27;5.27;10.28;2.0;12.905;4.19;30.56
1982-03-16;3.44;7.83;12.21;0.0;6.626;3.2;49.17
1982-03-17;3.49;7.42;11.35;1.83;10.739;1.59;33.04
1982-03-18;0.62;4.05;7.49;2.03;6.807;3.68;36.3
1982-03-19;-1.54;3.36;8.26;0.66;8.756;2.91;29.72
1982-03-20;-0.72;4.96;10.63;0.0;14.069;1.25;30.1
1982-03-21;-0.97;4.71;10.4;0.0;18.745;2.11;22.72
1982-03-22;-1.53;5.18;11.88;0.0;20.059;1.43;19.89
1982-03-23;2.28;7.4;12.52;0.17;12.728;2.68;43.32
1982-03-24;5.12;10.21;15.31;1.16;5.863;3.17;58.6
1982-03-25;8.91;12.48;16.06;0.0;7.215;3.84;79.84
1982-03-26;10.99;12.78;14.56;13.09;6.686;3.31;85.06
1982-03-27;10.88;14.02;17.15;10.33;6.013;3.95;80.86
1982-03-28;8.5;11.88;15.27;0.0;7.518;2.99;68.58
1982-03-29;5.26;10.34;15.43;0.0;13.363;1.57;48.78
1982-03-30;3.79;10.55;17.32;0.6;17.614;3.14;50.92
1982-03-31;3.52;8.35;13.18;0.59;9.549;3.83;48.93
1982-04-01;2.82;7.5;12.17;5.22;13.357;4.71;47.28
1982-04-02;2.2;7.13;12.05;0.68;14.097;6.14;40.63
1982-04-03;0.1;7.24;14.38;0.0;15.173;3.46;41.49
1982-04-04;6.64;10.91;15.19;3.39;15.258;3.53;56.1
1982-04-05;4.0;9.0;13.99;0.0;16.736;3.02;38.13
1982-04-06;6.49;10.86;15.22;0.0;9.554;1.33;59.52
1982-04-07;7.32;13.0;18.68;0.0;17.315;1.18;60.99
1982-04-08;5.54;12.23;18.93;0.0;15.581;2.84;63.81
1982-04-09;5.61;12.95;20.29;0.0;19.63;1.59;52.91
1982-04-10;6.42;14.26;22.1;0.0;19.46;2.16;65.53
1982-04-11;10.57;14.52;18.46;1.11;8.815;1.04;85.57
1982-04-12;7.79;14.66;21.53;0.0;19.926;1.46;64.65
1982-04-13;6.42;14.06;21.7;0.0;21.877;4.8;54.55
1982-04-14;3.91;11.55;19.19;0.0;22.822;4.15;40.0
1982-04-15;4.02;12.17;20.32;0.0;21.73;2.14;44.49
1982-04-16;5.87;13.9;21.92;0.0;21.486;1.52;50.25
1982-04-17;5.61;13.24;20.87;0.0;22.48;2.4;45.45
1982-04-18;3.98;11.95;19.91;0.0;24.202;3.63;38.58
1982-04-19;3.97;12.5;21.03;0.0;24.506;3.19;39.85
1982-04-20;5.71;14.22;22.73;0.0;23.987;0.57;45.64
1982-04-21;9.63;15.56;21.49;0.0;15.594;1.32;65.11
1982-04-22;11.49;16.62;21.75;0.0;16.69;1.91;68.67
1982-04-23;7.61;13.3;18.99;0.0;14.777;4.45;71.15
1982-04-24;4.35;11.5;18.66;0.0;21.685;4.18;38.88
1982-04-25;2.65;10.45;18.25;0.0;25.738;3.17;32.89
1982-04-26;5.91;11.17;16.43;0.0;15.424;3.26;42.32
1982-04-27;3.28;11.22;19.16;0.0;26.536;5.1;30.96
1982-04-28;1.69;8.84;15.99;0.0;26.944;6.06;24.88
1982-04-29;0.12;8.05;15.99;0.0;27.497;3.87;21.61
1982-04-30;1.82;10.29;18.77;0.0;26.608;1.48;32.37
1982-05-01;5.61;13.59;21.58;0.0;23.078;3.3;28.53
1982-05-02;6.99;15.21;23.43;0.16;20.937;4.39;26.72
1982-05-03;12.41;14.85;17.28;1.21;10.59;5.54;47.03
1982-05-04;4.85;10.21;15.56;0.65;12.505;3.92;32.53
1982-05-05;2.11;9.92;17.73;0.0;25.917;1.82;22.15
1982-05-06;4.33;13.07;21.82;0.0;21.552;3.44;25.55
1982-05-07;9.88;15.29;20.7;0.0;12.208;1.71;42.46
1982-05-08;10.94;14.11;17.27;13.66;7.675;2.12;65.01
1982-05-09;8.94;15.22;21.5;0.0;22.522;2.11;44.81
1982-05-10;9.44;16.22;23.0;0.73;21.72;1.57;54.24
1982-05-11;10.92;18.23;25.55;0.0;23.518;0.8;50.07
1982-05-12;11.32;18.33;25.34;0.0;25.61;2.26;44.67
1982-05-13;10.55;17.02;23.5;0.0;19.506;3.25;47.28
1982-05-14;8.94;13.29;17.63;0.0;13.019;2.61;45.29
1982-05-15;7.82;15.14;22.47;0.0;23.659;0.66;36.37
1982-05-16;12.48;18.23;23.97;11.09;18.088;2.77;58.18
1982-05-17;10.86;16.38;21.89;0.0;22.117;2.1;51.98
1982-05-18;12.92;15.91;18.89;6.69;11.342;0.98;65.94
1982-05-19;12.42;16.2;19.98;3.36;12.781;1.8;61.73
1982-05-20;11.41;14.9;18.4;5.81;11.375;3.52;62.24
1982-05-21;9.55;13.84;18.12;1.26;11.665;3.56;55.2
1982-05-22;11.3;16.64;21.98;2.74;18.365;1.96;52.54
1982-05-23;7.0;12.18;17.36;2.64;19.532;3.55;43.23
1982-05-24;8.42;13.16;17.89;0.0;16.689;3.17;42.92
1982-05-25;7.22;12.38;17.54;0.9;15.22;2.19;50.24
1982-05-26;9.15;14.32;19.5;5.91;11.637;2.48;60.11
1982-05-27;12.38;17.75;23.11;10.38;14.862;3.48;69.66
1982-05-28;11.31;16.51;21.71;0.0;24.305;3.45;50.11
1982-05-29;11.96;16.54;21.12;1.09;20.307;2.27;59.45
1982-05-30;11.33;15.86;20.39;0.6;14.624;1.8;60.05
1982-05-31;10.95;16.34;21.73;0.76;23.714;1.93;48.04
1982-06-01;7.78;13.81;19.84;0.0;21.845;2.21;32.89
1982-06-02;8.01;14.45;20.9;0.0;25.865;2.49;28.17
1982-06-03;8.77;14.36;19.95;0.0;17.236;2.57;36.17
1982-06-04;8.66;14.11;19.56;0.0;14.673;3.1;49.28
1982-06-05;12.45;18.86;25.27;0.0;21.075;3.59;49.31
1982-06-06;10.55;17.62;24.69;0.0;28.613;3.69;39.79
1982-06-07;11.42;18.51;25.6;0.0;25.638;2.94;42.91
1982-06-08;11.56;17.75;23.94;0.87;19.815;2.65;53.01
1982-06-09;13.2;19.57;25.94;0.0;19.637;1.55;53.93
1982-06-10;14.36;17.68;21.0;0.51;11.754;1.44;59.7
1982-06-11;11.61;15.69;19.77;1.87;15.382;1.38;49.24
1982-06-12;10.65;15.16;19.68;1.33;15.8;1.86;42.44
1982-06-13;7.21;13.47;19.73;1.6;20.404;2.5;35.26
1982-06-14;11.43;13.52;15.6;10.39;9.614;1.83;52.62
1982-06-15;8.18;13.13;18.09;1.61;20.344;3.66;33.06
1982-06-16;7.85;12.62;17.39;4.58;13.306;3.61;39.72
1982-06-17;9.55;14.11;18.66;0.28;16.499;3.71;35.9
1982-06-18;7.84;14.72;21.61;0.0;23.852;1.29;31.44
1982-06-19;11.11;17.74;24.38;0.0;21.549;1.93;39.48
1982-06-20;13.24;17.46;21.67;4.22;9.394;2.05;65.85
1982-06-21;11.97;17.69;23.41;0.0;22.796;1.37;51.48
1982-06-22;12.49;18.91;25.34;0.0;26.748;0.75;46.93
1982-06-23;10.65;17.21;23.76;0.0;28.586;2.23;45.56
1982-06-24;10.5;17.29;24.08;0.0;27.488;2.35;43.84
1982-06-25;11.72;19.43;27.14;0.0;24.424;2.15;49.06
1982-06-26;15.73;20.93;26.13;0.0;19.666;1.61;55.41
1982-06-27;12.86;19.45;26.04;0.0;27.854;1.09;44.99
1982-06-28;13.92;21.02;28.12;0.0;30.418;0.41;45.84
1982-06-29;14.2;19.41;24.62;1.24;17.194;2.22;57.65
1982-06-30;11.72;17.34;22.95;0.0;22.165;2.18;32.15
1982-07-01;12.24;17.07;21.89;7.86;16.5;1.73;33.52
1982-07-02;9.85;15.54;21.24;0.0;17.774;2.41;29.42
1982-07-03;12.65;17.5;22.36;6.67;9.848;2.96;49.76
1982-07-04;12.77;16.95;21.12;10.3;5.004;3.97;59.17
1982-07-05;11.5;16.73;21.97;0.0;17.167;2.66;33.71
1982-07-06;12.0;16.97;21.94;0.53;12.248;2.17;46.99
1982-07-07;14.26;18.26;22.26;0.0;12.404;2.65;48.45
1982-07-08;12.82;16.23;19.63;7.36;5.658;2.45;56.14
1982-07-09;10.11;16.38;22.66;0.0;24.107;2.53;30.07
1982-07-10;9.57;16.16;22.76;0.0;27.689;1.11;23.63
1982-07-11;11.05;18.12;25.18;0.0;23.475;2.07;28.46
1982-07-12;13.45;17.06;20.67;0.0;10.362;5.65;30.16
1982-07-13;12.29;17.11;21.93;8.44;14.232;3.99;28.77
1982-07-14;12.62;16.09;19.57;1.7;9.966;3.3;45.69
1982-07-15;12.14;15.88;19.63;6.74;9.572;3.82;45.52
1982-07-16;10.93;15.63;20.34;0.24;15.625;2.69;36.9
1982-07-17;10.23;17.76;25.28;0.0;27.452;2.18;32.31
1982-07-18;12.66;17.46;22.27;1.86;9.745;3.28;55.6
1982-07-19;11.37;15.93;20.49;0.25;15.003;4.11;33.27
1982-07-20;11.04;14.4;17.77;3.65;10.958;4.28;36.03
1982-07-21;10.4;15.46;20.53;0.0;16.14;2.86;23.42
1982-07-22;10.74;15.38;20.01;8.13;6.481;2.64;44.62
1982-07-23;13.14;17.84;22.53;0.0;14.842;1.83;43.05
1982-07-24;13.58;20.13;26.67;0.0;18.796;2.04;51.21
1982-07-25;16.6;22.62;28.63;0.0;14.648;2.54;69.24
1982-07-26;17.55;20.44;23.32;11.23;11.737;1.81;79.19
1982-07-27;12.59;17.93;23.26;13.51;17.426;4.7;45.29
1982-07-28;11.12;15.82;20.53;0.0;14.603;2.83;37.58
1982-07-29;13.27;18.55;23.83;0.0;17.176;0.75;35.96
1982-07-30;11.85;18.48;25.11;0.0;20.763;1.75;34.51
1982-07-31;10.97;16.48;21.99;0.0;16.0;2.42;33.58
1982-08-01;11.25;18.19;25.12;0.0;26.415;1.66;23.58
1982-08-02;15.33;19.32;23.32;0.0;11.988;2.18;48.25
1982-08-03;15.29;21.62;27.94;1.32;18.122;2.18;43.96
1982-08-04;10.63;16.66;22.69;6.98;21.993;3.04;27.89
1982-08-05;9.97;16.0;22.02;0.0;19.557;1.86;26.38
1982-08-06;11.59;15.82;20.06;0.0;14.764;2.32;30.36
1982-08-07;9.71;14.72;19.74;0.0;12.878;2.41;32.99
1982-08-08;13.62;18.68;23.75;1.97;15.962;2.85;40.1
1982-08-09;11.46;16.57;21.67;1.45;18.42;4.1;32.8
1982-08-10;11.06;16.39;21.71;0.6;14.986;3.26;29.26
1982-08-11;9.23;14.52;19.81;1.19;9.626;3.21;35.89
1982-08-12;15.3;19.61;23.91;0.51;11.715;2.05;52.79
1982-08-13;13.54;18.21;22.89;2.93;13.856;3.51;41.17
1982-08-14;12.63;17.53;22.43;0.17;16.415;2.49;32.12
1982-08-15;12.3;17.96;23.62;0.73;17.188;3.07;30.68
1982-08-16;10.18;15.98;21.78;0.37;19.612;3.44;22.97
1982-08-17;9.85;15.2;20.56;0.0;12.62;1.38;30.08
1982-08-18;10.25;17.18;24.1;0.0;20.75;1.79;27.85
1982-08-19;13.3;18.59;23.87;0.0;12.322;2.7;43.38
1982-08-20;12.33;17.64;22.95;0.0;7.142;3.57;53.38
1982-08-21;10.6;14.71;18.83;0.0;13.476;3.52;21.42
1982-08-22;8.04;13.08;18.12;0.0;12.555;2.69;19.85
1982-08-23;10.42;15.82;21.21;0.0;15.499;1.86;22.88
1982-08-24;12.44;17.01;21.58;0.79;10.776;0.84;39.71
1982-08-25;14.6;19.9;25.2;0.0;15.415;0.95;45.18
1982-08-26;14.29;22.1;29.91;0.0;22.834;2.3;39.93
1982-08-27;13.03;18.83;24.63;0.0;17.834;2.59;32.22
1982-08-28;8.69;14.45;20.22;0.0;13.641;1.56;19.14
1982-08-29;12.16;17.99;23.82;0.0;12.583;0.95;32.8
1982-08-30;12.44;20.02;27.61;0.0;22.331;0.7;33.67
1982-08-31;14.63;22.29;29.95;0.0;21.761;0.8;36.34
1982-09-01;12.75;19.48;26.21;0.0;18.33;1.62;48.2
1982-09-02;15.83;22.27;28.72;0.0;14.946;2.23;61.78
1982-09-03;16.33;22.88;29.43;0.0;16.822;1.3;79.2
1982-09-04;11.45;18.38;25.31;0.17;11.902;3.14;48.57
1982-09-05;8.17;14.2;20.23;0.0;15.574;2.43;26.14
1982-09-06;6.41;14.42;22.42;0.0;21.93;2.78;24.85
1982-09-07;7.31;17.1;26.89;0.0;21.602;2.68;27.24
1982-09-08;10.29;15.54;20.8;0.0;15.91;3.27;24.89
1982-09-09;9.63;17.03;24.43;0.0;18.104;3.93;27.14
1982-09-10;13.82;16.86;19.9;0.0;12.009;3.86;34.58
1982-09-11;10.84;15.47;20.1;0.26;12.683;4.31;26.69
1982-09-12;7.55;13.34;19.13;0.0;13.733;2.66;26.06
1982-09-13;6.59;13.1;19.6;0.0;10.774;3.78;26.77
1982-09-14;12.4;16.89;21.39;1.36;9.698;5.2;35.43
1982-09-15;12.73;17.97;23.21;0.24;11.449;3.47;44.43
1982-09-16;12.25;17.7;23.16;0.0;13.519;2.3;37.63
1982-09-17;9.83;20.07;30.32;0.0;16.275;2.06;41.64
1982-09-18;14.12;21.95;29.77;0.23;15.41;2.29;45.75
1982-09-19;9.97;14.64;19.31;5.8;5.981;3.38;37.28
1982-09-20;9.26;15.41;21.55;0.0;18.072;1.81;26.21
1982-09-21;8.25;15.96;23.67;0.0;17.608;1.55;28.31
1982-09-22;9.16;17.68;26.19;0.0;17.474;2.02;28.6
1982-09-23;12.45;19.48;26.52;0.0;17.004;2.32;36.83
1982-09-24;13.38;16.88;20.37;2.14;5.759;1.96;54.92
1982-09-25;11.04;16.89;22.75;0.0;14.629;3.02;42.01
1982-09-26;13.55;15.79;18.04;16.25;7.789;2.22;51.67
1982-09-27;12.47;16.02;19.57;3.63;5.187;0.75;58.37
1982-09-28;14.89;18.39;21.89;0.41;9.113;1.55;64.33
1982-09-29;13.77;17.66;21.56;15.61;9.833;1.41;55.56
1982-09-30;13.21;16.71;20.21;0.0;8.815;1.98;55.55
1982-10-01;11.48;15.49;19.5;0.0;9.507;1.67;67.46
1982-10-02;11.47;16.16;20.84;0.0;9.787;1.29;63.42
1982-10-03;13.97;17.77;21.58;3.26;8.06;1.59;81.18
1982-10-04;12.38;16.2;20.02;0.0;7.31;1.12;72.86
1982-10-05;11.7;18.63;25.55;0.0;14.395;1.58;73.48
1982-10-06;13.73;19.39;25.06;0.0;13.627;0.61;79.45
1982-10-07;13.8;19.38;24.96;0.0;11.743;1.18;76.97
1982-10-08;12.46;19.3;26.14;7.65;11.275;2.86;80.78
1982-10-09;16.19;19.81;23.43;1.31;5.775;3.84;87.68
1982-10-10;7.61;13.21;18.81;0.0;6.363;3.23;57.02
1982-10-11;6.58;13.48;20.38;0.0;8.678;3.16;61.13
1982-10-12;10.67;13.66;16.65;6.58;4.137;3.47;69.64
1982-10-13;9.67;13.09;16.52;6.12;7.249;2.06;57.54
1982-10-14;11.48;13.08;14.68;3.0;2.411;5.06;69.56
1982-10-15;7.25;12.45;17.65;0.0;12.128;1.4;52.97
1982-10-16;7.69;12.3;16.91;1.01;6.935;0.81;49.96
1982-10-17;11.13;14.63;18.12;0.0;5.906;1.01;64.51
1982-10-18;10.84;14.76;18.67;0.0;8.522;0.51;63.53
1982-10-19;8.43;13.88;19.34;0.0;9.676;2.38;60.02
1982-10-20;6.5;11.28;16.05;4.56;8.24;3.92;60.91
1982-10-21;3.32;8.86;14.4;0.0;10.458;1.58;40.15
1982-10-22;5.1;9.5;13.89;0.0;10.402;0.9;38.89
1982-10-23;5.6;10.06;14.52;0.0;5.569;3.0;50.66
1982-10-24;7.17;10.03;12.88;1.72;4.318;3.82;56.17
1982-10-25;5.44;10.09;14.73;4.86;5.646;4.01;51.37
1982-10-26;10.82;13.32;15.82;2.06;5.844;6.11;63.26
1982-10-27;12.53;14.79;17.05;3.45;4.306;5.39;79.07
1982-10-28;11.31;14.71;18.1;5.14;3.505;5.39;74.13
1982-10-29;5.98;9.56;13.14;0.0;6.201;4.32;40.88
1982-10-30;2.0;6.84;11.68;0.0;9.079;1.75;33.59
1982-10-31;4.41;9.5;14.6;0.0;7.432;2.8;43.05
1982-11-01;5.92;9.01;12.1;0.0;3.747;2.06;80.21
1982-11-02;3.26;7.67;12.07;0.0;7.472;0.97;64.28
1982-11-03;2.88;7.83;12.79;0.0;8.344;1.91;68.79
1982-11-04;5.72;11.79;17.85;0.0;7.492;1.59;78.83
1982-11-05;8.57;13.01;17.44;0.0;7.395;0.8;81.26
1982-11-06;6.88;11.44;15.99;0.0;7.862;1.17;77.7
1982-11-07;5.7;10.13;14.56;0.0;7.406;0.88;74.2
1982-11-08;1.15;6.55;11.95;0.0;2.97;2.33;75.15
1982-11-09;-1.23;3.21;7.66;0.0;6.545;2.88;50.17
1982-11-10;-1.63;2.44;6.52;0.0;6.269;3.61;47.51
1982-11-11;-2.12;2.14;6.4;0.0;8.029;3.05;45.52
1982-11-12;-1.97;2.96;7.88;0.0;3.966;1.72;55.42
1982-11-13;0.67;5.31;9.95;0.66;1.726;1.62;75.22
1982-11-14;-1.1;3.54;8.17;0.0;5.756;1.41;54.54
1982-11-15;0.81;4.45;8.09;0.0;6.223;2.04;55.71
1982-11-16;4.09;7.35;10.62;0.0;3.495;2.74;63.02
1982-11-17;5.08;9.5;13.93;0.0;5.989;2.93;73.96
1982-11-18;7.05;8.98;10.91;0.31;2.325;1.89;82.87
1982-11-19;5.63;9.58;13.53;0.0;5.892;2.1;77.98
1982-11-20;9.3;11.38;13.46;0.59;3.09;4.0;84.34
1982-11-21;10.78;12.31;13.84;0.53;3.313;4.93;83.56
1982-11-22;10.12;12.79;15.46;0.54;4.175;2.31;85.29
1982-11-23;7.19;10.49;13.79;0.0;5.918;1.95;77.48
1982-11-24;6.03;9.31;12.6;0.0;6.039;2.55;71.28
1982-11-25;2.0;6.57;11.13;0.0;6.257;1.59;65.53
1982-11-26;-0.33;3.54;7.4;0.0;6.598;1.85;51.19
1982-11-27;-1.55;1.96;5.47;0.0;6.612;1.5;44.97
1982-11-28;-0.28;2.26;4.81;0.0;6.701;0.24;41.68
1982-11-29;-1.29;0.92;3.12;0.0;6.554;0.95;40.18
1982-11-30;-1.48;3.14;7.76;0.54;2.111;3.31;49.33
1982-12-01;4.96;6.78;8.59;1.82;4.195;4.71;77.78
1982-12-02;0.66;4.17;7.67;0.0;3.113;2.61;75.37
1982-12-03;-0.6;5.59;11.78;8.96;1.564;4.58;73.16
1982-12-04;4.52;7.95;11.38;3.43;2.619;5.84;81.61
1982-12-05;2.5;4.37;6.23;0.62;2.909;4.25;75.77
1982-12-06;1.23;2.8;4.38;0.0;2.526;2.82;68.41
1982-12-07;-1.35;0.51;2.37;0.0;5.177;2.25;61.86
1982-12-08;-0.45;4.53;9.5;5.68;2.522;5.29;72.69
1982-12-09;1.18;4.44;7.7;0.56;2.171;6.73;75.47
1982-12-10;-1.16;1.38;3.92;0.0;5.512;2.49;61.29
1982-12-11;-0.59;3.43;7.45;16.18;1.597;3.34;72.31
1982-12-12;1.69;4.81;7.93;1.84;3.065;2.62;76.97
1982-12-13;0.99;4.88;8.76;9.55;1.822;3.77;75.21
1982-12-14;3.87;5.29;6.72;0.0;4.26;4.05;74.06
1982-12-15;2.92;4.13;5.33;7.1;1.967;2.76;76.39
1982-12-16;-0.06;1.85;3.77;0.0;2.259;2.25;64.76
1982-12-17;-0.17;3.4;6.97;0.55;2.677;2.51;72.89
1982-12-18;2.44;4.59;6.74;2.9;1.544;3.3;74.4
1982-12-19;3.07;6.79;10.5;10.78;2.257;5.61;81.24
1982-12-20;3.14;4.83;6.53;0.24;3.087;6.89;70.56
1982-12-21;1.12;4.38;7.63;4.31;1.994;6.76;70.07
1982-12-22;0.29;3.25;6.2;8.92;1.932;6.77;71.03
1982-12-23;-0.12;2.1;4.32;0.0;3.102;3.94;68.19
1982-12-24;-0.16;2.9;5.97;1.27;1.094;2.65;72.78
1982-12-25;1.95;3.69;5.43;0.0;2.29;0.93;72.75
1982-12-26;0.46;2.96;5.47;1.65;4.688;2.29;69.88
1982-12-27;0.29;3.37;6.45;0.0;3.515;1.7;68.69
1982-12-28;-0.14;2.41;4.95;0.0;2.956;2.06;63.53
1982-12-29;0.06;2.17;4.28;0.72;3.277;2.5;64.59
1982-12-30;0.03;2.77;5.51;0.0;4.377;2.21;65.72
1982-12-31;1.37;3.55;5.73;21.36;2.419;3.06;70.62
1983-01-01;4.34;6.71;9.08;0.0;3.303;3.28;80.16
1983-01-02;2.04;4.96;7.89;0.0;3.18;0.85;77.4
1983-01-03;0.98;3.64;6.3;0.0;5.544;1.86;69.5
1983-01-04;1.17;4.08;6.99;0.0;5.132;1.44;72.12
1983-01-05;2.87;4.4;5.93;1.35;1.944;2.53;79.38
1983-01-06;0.88;4.49;8.09;0.0;3.709;2.52;72.22
1983-01-07;-0.74;0.99;2.73;0.0;3.556;2.28;63.84
1983-01-08;-0.81;0.23;1.27;0.26;3.222;2.42;58.17
1983-01-09;0.78;5.77;10.77;2.97;2.157;3.15;77.75
1983-01-10;9.7;11.87;14.04;0.21;1.907;3.05;94.26
1983-01-11;8.01;11.09;14.17;0.0;4.176;2.52;89.1
1983-01-12;4.95;8.67;12.39;0.83;2.563;4.21;85.65
1983-01-13;1.74;5.21;8.69;0.0;4.716;2.73;73.68
1983-01-14;1.86;6.98;12.11;0.55;4.251;4.78;81.46
1983-01-15;6.08;8.46;10.83;5.63;2.894;6.41;83.14
1983-01-16;1.25;6.04;10.82;4.28;3.978;6.06;74.98
1983-01-17;0.19;3.84;7.49;2.37;3.235;4.74;70.03
1983-01-18;4.1;7.65;11.2;3.04;2.208;6.98;80.99
1983-01-19;4.8;7.12;9.43;17.15;1.891;5.98;81.64
1983-01-20;0.59;4.53;8.46;0.53;4.408;4.35;74.75
1983-01-21;0.39;3.28;6.17;6.45;3.546;3.94;69.55
1983-01-22;-0.35;2.47;5.28;0.0;4.843;3.39;65.88
1983-01-23;-0.08;1.47;3.02;0.21;3.587;3.52;62.03
1983-01-24;-1.0;2.11;5.22;0.0;5.593;2.0;60.92
1983-01-25;-0.97;1.88;4.73;0.9;3.589;2.68;65.68
1983-01-26;0.13;3.41;6.69;0.19;4.872;3.32;68.05
1983-01-27;-0.56;3.83;8.23;3.16;5.415;4.61;72.02
1983-01-28;4.72;6.97;9.23;0.82;4.844;7.35;79.08
1983-01-29;4.18;6.91;9.63;0.0;4.013;7.61;75.01
1983-01-30;4.27;6.67;9.07;0.0;4.927;3.91;76.4
1983-01-31;2.91;5.63;8.35;0.0;5.104;4.03;77.09
1983-02-01;2.99;6.7;10.4;1.48;3.355;5.25;68.1
1983-02-02;5.89;8.18;10.46;1.41;5.066;5.39;72.83
1983-02-03;5.71;8.54;11.37;0.61;4.399;4.01;68.96
1983-02-04;5.76;8.12;10.48;0.0;6.473;5.12;72.69
1983-02-05;5.48;7.54;9.59;11.04;3.283;5.72;72.39
1983-02-06;-0.07;4.67;9.4;11.84;4.309;3.96;59.63
1983-02-07;-0.66;2.67;6.0;4.07;5.473;4.55;49.41
1983-02-08;3.15;4.52;5.89;1.3;4.398;4.83;53.26
1983-02-09;3.29;7.35;11.4;0.52;4.133;5.24;64.56
1983-02-10;2.14;4.37;6.6;0.0;4.136;8.64;50.21
1983-02-11;0.11;4.18;8.25;1.99;8.766;5.61;49.17
1983-02-12;-0.4;3.72;7.84;0.0;8.339;4.75;52.2
1983-02-13;1.4;2.84;4.29;0.0;4.248;5.02;50.39
1983-02-14;0.76;2.56;4.36;0.0;3.331;4.0;49.79
1983-02-15;-0.74;2.32;5.39;0.0;6.264;3.02;44.26
1983-02-16;0.89;5.6;10.3;5.48;4.272;6.52;56.29
1983-02-17;2.87;4.7;6.52;0.0;3.191;5.67;58.77
1983-02-18;-0.24;3.25;6.74;7.59;4.571;3.07;53.47
1983-02-19;-1.9;2.29;6.47;0.0;4.622;5.26;49.29
1983-02-20;1.46;4.0;6.54;0.0;3.553;2.51;57.32
1983-02-21;-0.13;3.13;6.38;0.0;7.836;2.5;48.06
1983-02-22;-1.38;3.73;8.83;0.0;8.3;5.47;49.36
1983-02-23;4.14;7.2;10.25;0.0;9.062;4.68;61.62
1983-02-24;6.05;9.27;12.48;0.57;5.414;6.11;76.45
1983-02-25;6.36;10.23;14.1;0.0;4.991;4.9;82.52
1983-02-26;5.6;10.27;14.94;0.47;3.94;5.82;81.9
1983-02-27;6.92;9.89;12.86;1.99;4.155;2.49;78.0
1983-02-28;9.39;12.34;15.28;0.0;5.711;5.12;88.84
1983-03-01;2.02;7.37;12.71;0.0;10.176;2.49;52.02
1983-03-02;0.44;5.44;10.44;0.0;11.576;2.12;30.44
1983-03-03;-0.83;4.41;9.64;0.0;9.646;2.22;32.32
1983-03-04;5.28;8.68;12.07;0.0;6.058;3.15;58.97
1983-03-05;6.2;9.88;13.56;0.0;6.698;2.24;56.76
1983-03-06;6.16;9.26;12.36;0.0;6.125;1.65;53.65
1983-03-07;7.02;9.4;11.78;0.76;5.129;0.9;62.79
1983-03-08;1.24;6.38;11.52;6.75;6.353;2.22;57.39
1983-03-09;0.06;2.5;4.95;0.0;5.974;3.91;28.1
1983-03-10;-0.04;6.14;12.32;10.25;6.205;5.77;49.32
1983-03-11;9.46;10.37;11.27;15.31;3.344;5.83;66.52
1983-03-12;7.74;9.8;11.87;5.82;6.148;6.53;62.38
1983-03-13;7.71;11.32;14.93;0.0;9.183;3.29;59.36
1983-03-14;8.43;11.39;14.36;1.51;6.694;1.5;68.27
1983-03-15;5.2;9.21;13.22;3.9;12.194;2.64;54.73
1983-03-16;3.3;7.81;12.32;0.0;9.408;2.37;40.83
1983-03-17;0.72;7.27;13.82;1.93;13.938;2.31;38.86
1983-03-18;5.73;10.44;15.15;1.14;5.7;3.13;64.66
1983-03-19;3.05;9.3;15.55;0.84;13.239;2.14;52.89
1983-03-20;5.68;9.79;13.91;0.0;6.89;3.6;55.04
1983-03-21;1.72;8.54;15.37;0.0;15.153;2.17;43.91
1983-03-22;2.52;7.81;13.11;0.0;18.552;1.22;37.15
1983-03-23;0.78;7.36;13.95;0.0;15.587;1.98;33.16
1983-03-24;6.16;10.82;15.47;1.27;6.236;3.68;67.24
1983-03-25;4.14;9.02;13.89;13.8;6.093;3.29;58.87
1983-03-26;10.05;15.6;21.14;0.0;15.555;4.67;73.48
1983-03-27;9.08;12.17;15.26;0.0;10.93;2.69;66.08
1983-03-28;10.61;16.74;22.87;2.33;14.363;3.47;84.97
1983-03-29;7.83;11.8;15.77;0.0;6.305;3.74;77.11
1983-03-30;5.36;9.92;14.47;0.63;10.564;3.67;58.62
1983-03-31;4.88;10.34;15.8;4.46;9.806;3.99;60.18
1983-04-01;2.4;8.04;13.67;0.28;18.499;3.38;38.54
1983-04-02;4.66;10.0;15.35;4.5;10.114;3.28;50.58
1983-04-03;8.0;9.02;10.04;2.33;6.21;3.05;59.79
1983-04-04;4.86;8.06;11.27;3.35;8.302;3.19;55.33
1983-04-05;2.89;6.78;10.67;3.51;13.273;4.68;41.8
1983-04-06;0.54;4.76;8.97;0.0;10.975;4.31;36.78
1983-04-07;-1.14;5.29;11.72;0.57;17.277;3.91;34.87
1983-04-08;-0.24;7.09;14.42;0.0;18.852;2.64;36.04
1983-04-09;3.73;9.8;15.87;0.98;8.914;3.62;52.52
1983-04-10;6.29;9.68;13.07;1.72;5.959;4.51;64.16
1983-04-11;6.16;9.62;13.07;1.92;8.32;4.73;59.63
1983-04-12;3.76;9.72;15.68;1.84;9.868;4.97;51.65
1983-04-13;0.42;6.16;11.9;0.77;15.624;4.72;38.13
1983-04-14;4.06;9.04;14.01;0.79;13.794;4.98;44.61
1983-04-15;6.13;9.49;12.86;0.0;11.633;2.05;50.85
1983-04-16;6.47;9.61;12.75;7.76;9.45;2.36;55.59
1983-04-17;8.01;11.34;14.66;0.0;10.111;2.73;62.66
1983-04-18;5.78;10.66;15.54;0.0;17.545;2.24;46.96
1983-04-19;4.62;10.75;16.87;0.0;17.0;1.12;49.2
1983-04-20;4.26;11.39;18.52;0.0;22.959;1.59;50.34
1983-04-21;3.86;12.36;20.85;0.0;24.915;1.69;47.95
1983-04-22;5.33;13.24;21.15;1.66;20.601;2.36;58.36
1983-04-23;7.45;11.25;15.05;2.48;7.628;2.61;66.85
1983-04-24;6.36;11.25;16.15;0.4;17.673;2.72;50.43
1983-04-25;7.25;11.39;15.53;9.3;9.716;1.93;64.84
1983-04-26;10.84;14.82;18.8;0.82;8.462;3.29;76.74
1983-04-27;12.44;15.66;18.88;12.67;14.309;3.18;81.75
1983-04-28;11.88;16.0;20.11;0.64;17.364;1.84;81.31
1983-04-29;10.12;13.25;16.37;17.1;9.22;3.19;78.96
1983-04-30;9.29;13.22;17.16;0.96;9.825;1.86;75.98
1983-05-01;12.44;15.27;18.09;1.73;10.403;1.46;66.49
1983-05-02;11.39;16.5;21.61;0.0;18.035;0.93;59.06
1983-05-03;13.71;17.15;20.59;3.53;13.965;1.42;68.78
1983-05-04;7.56;12.76;17.97;6.69;12.881;3.6;51.84
1983-05-05;6.15;10.32;14.5;0.0;12.811;2.01;37.52
1983-05-06;7.63;13.7;19.76;0.56;19.425;1.94;49.54
1983-05-07;10.04;15.14;20.24;0.0;16.83;2.88;56.04
1983-05-08;8.1;15.44;22.78;0.0;25.465;3.16;48.48
1983-05-09;10.04;17.94;25.84;0.0;23.623;1.24;59.56
1983-05-10;14.25;19.63;25.0;0.49;18.37;0.58;66.99
1983-05-11;15.31;20.09;24.88;2.14;15.825;0.23;75.1
1983-05-12;13.79;19.01;24.23;4.13;17.631;0.53;76.69
1983-05-13;13.29;19.45;25.6;0.0;23.082;1.0;60.08
1983-05-14;14.55;20.04;25.52;0.58;19.388;0.74;72.67
1983-05-15;10.54;17.24;23.95;6.69;16.052;2.49;61.43
1983-05-16;8.74;13.43;18.12;2.64;18.833;2.28;45.71
1983-05-17;7.55;14.36;21.16;0.0;28.368;2.63;41.61
1983-05-18;8.68;16.44;24.2;0.0;27.679;1.62;48.34
1983-05-19;12.5;19.01;25.52;0.24;19.93;0.7;61.23
1983-05-20;10.92;17.23;23.54;1.13;18.853;2.9;62.86
1983-05-21;8.49;13.41;18.34;2.67;19.692;4.19;49.92
1983-05-22;10.28;13.73;17.17;7.64;10.054;3.67;53.76
1983-05-23;8.93;13.43;17.92;14.96;14.99;1.91;54.77
1983-05-24;9.8;13.13;16.46;7.1;12.693;3.21;52.49
1983-05-25;8.79;12.34;15.88;0.0;19.767;2.34;37.52
1983-05-26;6.88;11.27;15.66;0.19;16.703;1.72;40.23
1983-05-27;4.4;10.45;16.5;1.08;16.98;2.31;39.55
1983-05-28;6.14;12.13;18.13;2.39;20.471;2.29;45.07
1983-05-29;9.47;14.64;19.82;2.45;20.388;1.59;52.73
1983-05-30;12.09;16.48;20.87;0.13;20.528;1.37;56.73
1983-05-31;9.67;15.71;21.76;0.0;24.043;3.64;52.66
1983-06-01;5.83;12.84;19.85;2.79;21.959;5.78;28.6
1983-06-02;7.63;12.89;18.15;2.69;18.691;2.5;34.1
1983-06-03;7.22;13.78;20.34;0.0;21.127;2.45;32.76
1983-06-04;8.55;14.91;21.27;0.0;24.432;2.18;28.13
1983-06-05;6.71;13.28;19.84;0.0;23.057;2.15;31.31
1983-06-06;8.38;16.21;24.04;0.0;26.053;0.82;41.8
1983-06-07;11.27;18.38;25.49;0.0;29.003;1.19;52.01
1983-06-08;12.18;17.61;23.04;1.12;18.188;2.04;51.79
1983-06-09;13.78;16.52;19.26;3.24;9.73;3.39;62.26
1983-06-10;8.85;14.61;20.38;17.07;13.912;3.04;52.26
1983-06-11;6.84;11.98;17.13;0.0;19.973;2.72;26.25
1983-06-12;4.73;11.08;17.43;2.33;19.894;3.17;26.85
1983-06-13;7.51;11.13;14.74;0.88;16.411;3.08;28.73
1983-06-14;7.19;12.44;17.68;0.0;18.512;1.31;26.8
1983-06-15;5.62;12.05;18.49;0.0;20.117;1.44;26.48
1983-06-16;5.63;13.73;21.83;0.0;25.245;1.22;28.78
1983-06-17;8.74;14.57;20.41;0.0;13.89;2.38;46.67
1983-06-18;10.33;15.55;20.77;0.0;19.298;2.66;39.95
1983-06-19;8.59;12.13;15.68;0.0;12.626;2.5;37.67
1983-06-20;8.22;15.72;23.22;0.0;27.18;0.91;36.66
1983-06-21;11.4;18.48;25.57;0.0;25.62;1.01;45.74
1983-06-22;14.78;19.91;25.05;0.63;18.657;0.76;54.4
1983-06-23;10.83;17.17;23.51;0.0;27.293;2.22;36.21
1983-06-24;10.5;17.28;24.06;0.0;28.155;1.84;35.35
1983-06-25;11.03;17.32;23.62;6.18;18.616;0.66;46.36
1983-06-26;13.04;17.55;22.06;5.83;18.058;2.45;50.82
1983-06-27;11.64;17.02;22.4;2.87;17.655;3.2;54.19
1983-06-28;11.52;16.49;21.47;2.22;13.625;3.69;54.82
1983-06-29;11.06;17.91;24.75;0.0;22.695;1.62;52.55
1983-06-30;13.87;19.13;24.39;2.37;15.237;1.86;68.23
1983-07-01;12.26;17.36;22.45;48.81;13.795;3.87;52.23
1983-07-02;11.14;15.72;20.31;0.41;8.828;3.47;46.71
1983-07-03;14.16;19.29;24.41;1.92;15.669;2.85;53.43
1983-07-04;14.95;19.73;24.51;8.59;18.22;3.83;57.02
1983-07-05;12.29;16.52;20.75;3.73;15.321;3.86;38.68
1983-07-06;10.13;15.5;20.86;0.88;16.816;4.07;35.27
1983-07-07;11.61;15.39;19.18;7.67;12.149;3.17;44.13
1983-07-08;12.59;15.68;18.76;10.36;4.768;3.96;62.29
1983-07-09;9.41;13.93;18.44;2.82;15.456;3.75;35.74
1983-07-10;10.58;15.29;20.0;0.33;16.349;3.54;37.13
1983-07-11;10.95;15.79;20.64;2.62;15.906;3.61;38.61
1983-07-12;10.4;14.98;19.57;3.33;14.18;4.38;39.79
1983-07-13;11.82;16.02;20.22;4.93;15.273;3.53;43.36
1983-07-14;12.35;17.32;22.28;1.73;16.399;1.46;42.88
1983-07-15;11.92;16.44;20.96;8.23;13.114;1.8;47.68
1983-07-16;12.18;16.77;21.35;1.72;15.271;3.11;42.99
1983-07-17;11.79;16.36;20.93;0.0;15.704;2.54;40.15
1983-07-18;12.54;17.24;21.95;11.32;13.84;3.56;49.44
1983-07-19;13.87;16.83;19.79;1.36;7.828;3.44;52.43
1983-07-20;13.45;16.67;19.9;7.6;7.087;3.47;57.84
1983-07-21;17.2;18.39;19.58;27.52;7.299;3.43;67.06
1983-07-22;12.46;16.18;19.89;1.57;9.421;3.11;50.52
1983-07-23;12.1;14.29;16.49;0.0;11.944;3.79;36.3
1983-07-24;10.77;15.74;20.71;0.0;15.426;3.64;34.28
1983-07-25;11.78;16.09;20.4;0.0;13.177;1.79;38.65
1983-07-26;10.32;16.23;22.15;0.0;24.595;1.45;33.89
1983-07-27;12.5;17.31;22.12;5.9;12.778;1.55;46.82
1983-07-28;14.18;18.65;23.12;1.85;16.163;2.68;59.71
1983-07-29;12.38;17.0;21.61;0.0;14.584;2.66;48.25
1983-07-30;13.26;17.04;20.81;0.0;14.558;1.55;46.83
1983-07-31;13.11;19.08;25.05;0.0;17.466;2.25;47.08
1983-08-01;14.95;21.78;28.61;0.31;22.198;2.66;49.24
1983-08-02;11.98;16.63;21.27;3.81;11.874;2.31;45.68
1983-08-03;10.63;17.57;24.5;0.0;20.957;1.18;34.13
1983-08-04;15.51;19.68;23.84;10.1;10.608;1.04;51.01
1983-08-05;14.27;18.7;23.12;3.63;17.419;2.36;43.85
1983-08-06;14.29;18.09;21.88;2.5;12.389;2.36;50.43
1983-08-07;12.94;17.45;21.95;0.16;19.353;1.95;37.26
1983-08-08;12.73;18.25;23.76;0.0;20.523;1.48;33.84
1983-08-09;15.45;21.09;26.72;5.5;11.325;2.2;49.6
1983-08-10;12.39;16.99;21.59;0.74;13.363;2.88;42.66
1983-08-11;10.0;15.95;21.89;0.0;18.216;4.46;32.93
1983-08-12;9.49;16.07;22.65;0.0;21.555;2.7;30.7
1983-08-13;9.96;16.35;22.74;0.0;21.238;2.16;28.37
1983-08-14;7.42;14.38;21.34;0.0;26.968;2.79;22.01
1983-08-15;8.92;16.52;24.11;0.0;26.407;2.7;30.69
1983-08-16;13.36;21.02;28.69;0.0;19.41;1.24;58.76
1983-08-17;19.79;25.4;31.01;2.86;18.58;1.17;82.42
1983-08-18;18.88;22.48;26.08;4.74;12.88;0.83;78.63
1983-08-19;14.53;18.82;23.12;2.72;9.918;2.06;61.97
1983-08-20;13.97;17.27;20.56;0.0;10.322;2.78;42.02
1983-08-21;11.18;18.12;25.05;0.0;24.795;1.86;35.05
1983-08-22;15.08;22.01;28.94;0.0;21.332;0.18;47.07
1983-08-23;17.15;23.71;30.28;0.0;20.753;1.66;56.89
1983-08-24;16.43;23.8;31.18;0.0;23.46;1.94;51.98
1983-08-25;15.56;22.73;29.89;0.0;23.473;1.34;45.5
1983-08-26;14.03;19.16;24.29;13.8;8.266;2.04;64.11
1983-08-27;12.52;17.78;23.04;1.83;18.691;2.21;34.01
1983-08-28;11.45;14.88;18.32;0.6;12.037;3.69;30.48
1983-08-29;9.11;13.01;16.91;16.97;9.697;3.99;33.98
1983-08-30;11.65;14.75;17.85;4.11;10.144;2.71;38.19
1983-08-31;8.94;13.43;17.91;1.59;11.292;3.36;34.06
1983-09-01;9.06;14.25;19.44;2.57;12.358;2.8;35.41
1983-09-02;7.71;13.3;18.89;1.93;15.714;3.07;32.84
1983-09-03;10.19;13.89;17.59;2.48;9.712;6.1;41.27
1983-09-04;8.82;13.41;18.0;0.84;14.565;3.41;30.95
1983-09-05;9.55;14.09;18.62;0.26;10.998;3.67;39.73
1983-09-06;10.86;14.51;18.16;0.0;11.435;2.22;43.62
1983-09-07;10.05;16.8;23.54;0.0;16.249;2.63;50.07
1983-09-08;10.2;17.29;24.37;0.0;21.298;2.03;48.34
1983-09-09;13.25;19.63;26.0;0.0;14.891;0.85;62.66
1983-09-10;16.2;19.02;21.85;6.33;7.762;1.95;76.26
1983-09-11;14.7;19.09;23.49;0.0;12.756;1.11;59.45
1983-09-12;13.18;18.12;23.06;0.0;10.676;2.94;60.07
1983-09-13;13.91;20.95;27.99;5.5;14.939;2.53;73.64
1983-09-14;12.56;17.75;22.93;3.64;6.893;2.53;66.92
1983-09-15;9.89;16.06;22.23;0.0;16.807;1.78;44.22
1983-09-16;11.01;16.8;22.6;0.0;16.184;1.24;45.6
1983-09-17;13.51;15.13;16.75;2.56;6.999;1.32;52.97
1983-09-18;10.62;15.77;20.91;0.0;11.581;1.64;49.55
1983-09-19;8.54;14.17;19.8;0.0;10.159;2.61;45.36
1983-09-20;12.36;15.14;17.93;11.16;5.233;2.4;57.22
1983-09-21;12.31;17.09;21.86;3.28;10.506;1.54;55.25
1983-09-22;11.77;14.46;17.15;0.5;4.907;3.31;49.04
1983-09-23;7.5;13.98;20.47;0.0;17.547;2.82;37.36
1983-09-24;8.53;15.45;22.37;0.0;15.549;1.75;42.51
1983-09-25;11.99;16.8;21.61;0.56;7.353;2.67;57.66
1983-09-26;8.32;12.63;16.95;0.0;11.853;3.37;31.89
1983-09-27;8.69;12.8;16.92;0.0;10.53;3.48;29.8
1983-09-28;8.9;12.04;15.19;8.58;6.212;2.6;37.53
1983-09-29;8.28;12.08;15.88;0.0;7.181;1.22;32.09
1983-09-30;7.55;13.75;19.94;0.34;10.129;1.89;41.94
1983-10-01;11.28;15.11;18.95;16.29;6.693;2.89;79.5
1983-10-02;6.04;10.37;14.7;0.0;5.884;3.75;50.82
1983-10-03;3.57;9.33;15.09;0.35;10.86;1.71;40.97
1983-10-04;6.93;10.62;14.3;0.0;7.702;2.31;43.48
1983-10-05;3.91;8.87;13.82;0.0;14.304;1.25;32.5
1983-10-06;5.26;10.16;15.07;0.0;9.948;1.24;38.91
1983-10-07;2.16;8.75;15.34;0.0;15.071;2.78;38.82
1983-10-08;6.52;12.46;18.4;0.0;8.029;4.33;54.16
1983-10-09;10.69;16.39;22.09;1.89;6.963;5.33;69.23
1983-10-10;8.8;11.61;14.41;0.0;7.188;5.26;53.12
1983-10-11;7.52;12.4;17.28;0.0;9.386;3.38;55.29
1983-10-12;5.35;9.25;13.15;0.42;5.11;4.05;47.39
1983-10-13;4.88;9.21;13.55;0.0;10.303;2.66;40.97
1983-10-14;2.81;8.45;14.08;0.0;9.817;2.33;39.0
1983-10-15;5.34;9.91;14.49;0.72;6.052;2.31;53.68
1983-10-16;7.77;12.51;17.25;0.52;5.734;2.06;61.15
1983-10-17;7.06;10.86;14.66;3.06;2.845;3.15;54.99
1983-10-18;6.01;10.75;15.48;0.0;8.738;2.88;54.61
1983-10-19;3.88;9.62;15.36;0.0;11.421;1.69;41.21
1983-10-20;6.45;9.85;13.24;4.93;4.104;3.91;50.98
1983-10-21;4.18;8.43;12.69;0.0;6.691;2.69;43.54
1983-10-22;7.5;10.38;13.27;0.68;4.016;2.68;56.95
1983-10-23;7.71;10.43;13.14;0.79;3.468;1.86;60.95
1983-10-24;2.93;7.88;12.83;0.0;9.781;1.84;39.0
1983-10-25;5.67;9.47;13.27;1.59;5.394;2.63;47.96
1983-10-26;6.36;10.33;14.3;0.56;6.031;2.45;50.44
1983-10-27;5.77;9.34;12.9;4.38;3.726;3.18;50.09
1983-10-28;1.91;7.33;12.74;0.0;9.051;3.36;38.58
1983-10-29;3.44;7.6;11.77;0.0;7.328;2.08;39.03
1983-10-30;1.95;6.87;11.79;0.0;9.037;1.83;36.55
1983-10-31;0.44;5.9;11.37;0.0;9.046;2.84;32.37
1983-11-01;-1.34;3.48;8.3;0.0;7.676;2.98;52.99
1983-11-02;-0.81;4.92;10.66;0.0;9.524;1.07;50.33
1983-11-03;1.66;6.98;12.3;0.0;9.316;0.81;45.31
1983-11-04;3.43;7.79;12.14;0.0;9.055;0.35;43.53
1983-11-05;1.26;5.79;10.33;0.0;6.925;0.64;55.03
1983-11-06;1.59;6.18;10.78;0.0;6.719;1.49;65.42
1983-11-07;1.39;5.46;9.54;0.0;6.439;2.03;62.11
1983-11-08;0.74;4.06;7.38;3.81;5.93;1.85;55.37
1983-11-09;0.34;4.25;8.17;0.48;2.395;5.28;62.53
1983-11-10;-3.54;-1.21;1.11;0.0;7.638;3.27;41.05
1983-11-11;-4.05;-1.06;1.92;0.0;6.394;0.86;21.22
1983-11-12;-1.36;1.86;5.08;4.62;1.545;2.61;36.25
1983-11-13;0.66;4.0;7.33;0.0;4.386;3.53;56.37
1983-11-14;0.48;5.19;9.89;0.0;6.356;2.23;58.87
1983-11-15;-0.72;3.38;7.48;0.0;5.379;2.13;54.84
1983-11-16;-0.75;3.79;8.33;6.67;2.383;3.31;63.18
1983-11-17;-1.3;2.29;5.87;0.0;6.349;1.26;49.12
1983-11-18;3.67;5.79;7.91;0.0;5.948;2.24;63.25
1983-11-19;0.91;5.04;9.16;7.85;2.271;4.07;65.68
1983-11-20;0.73;4.4;8.07;0.0;4.113;3.85;60.38
1983-11-21;2.84;4.83;6.82;0.13;3.033;3.29;65.39
1983-11-22;1.64;4.04;6.43;1.45;2.716;1.8;65.67
1983-11-23;0.03;3.04;6.04;0.0;6.168;1.73;55.59
1983-11-24;0.47;3.23;5.99;3.64;4.973;1.85;52.37
1983-11-25;1.5;2.98;4.45;3.58;2.142;3.82;61.47
1983-11-26;-2.11;0.84;3.79;0.0;4.823;2.74;46.08
1983-11-27;-3.62;-1.82;-0.03;0.0;6.54;2.21;41.85
1983-11-28;-4.21;2.76;9.72;3.04;2.883;1.88;45.63
1983-11-29;5.97;7.12;8.27;0.0;2.051;2.45;76.1
1983-11-30;4.83;7.75;10.68;0.0;1.967;2.48;77.61
1983-12-01;5.98;9.2;12.41;0.92;0.699;4.41;82.89
1983-12-02;6.84;9.66;12.49;2.2;2.549;6.13;84.59
1983-12-03;2.68;6.6;10.53;2.22;3.766;4.83;73.43
1983-12-04;-0.11;3.04;6.19;1.28;3.211;5.52;62.29
1983-12-05;-0.96;2.86;6.68;1.28;3.314;3.47;62.21
1983-12-06;6.13;9.21;12.29;2.92;1.369;5.92;83.47
1983-12-07;3.72;7.55;11.38;2.33;3.077;6.58;74.24
1983-12-08;3.26;4.86;6.45;0.49;3.176;5.49;73.21
1983-12-09;3.41;5.11;6.8;0.0;2.452;3.28;77.27
1983-12-10;3.41;6.5;9.58;18.1;1.953;2.46;79.66
1983-12-11;4.05;6.7;9.35;2.47;2.617;4.21;81.3
1983-12-12;1.69;4.93;8.18;0.0;4.918;2.2;75.4
1983-12-13;2.79;5.62;8.44;0.0;3.561;2.32;73.0
1983-12-14;0.78;3.97;7.16;0.0;4.78;2.52;67.63
1983-12-15;1.79;3.34;4.89;1.65;2.748;2.88;70.29
1983-12-16;1.81;4.59;7.38;0.0;2.918;1.54;74.8
1983-12-17;5.27;7.02;8.77;1.25;2.606;1.94;81.62
1983-12-18;4.89;5.95;7.0;2.18;1.937;1.54;80.34
1983-12-19;2.3;4.25;6.19;0.0;2.015;2.28;73.02
1983-12-20;2.26;3.46;4.66;0.0;2.357;2.47;70.97
1983-12-21;-0.34;1.32;2.97;3.58;2.158;2.29;66.87
1983-12-22;-1.84;0.28;2.39;0.0;4.982;2.42;60.51
1983-12-23;-4.39;-2.11;0.17;0.0;5.431;1.71;54.54
1983-12-24;-4.44;-1.1;2.25;1.22;2.49;2.61;55.73
1983-12-25;1.35;3.29;5.24;1.98;2.818;4.03;70.61
1983-12-26;2.75;5.37;7.99;0.0;2.754;2.64;75.88
1983-12-27;4.69;6.6;8.51;10.9;1.903;3.39;81.48
1983-12-28;4.05;7.15;10.26;0.0;3.929;2.76;81.52
1983-12-29;0.66;3.91;7.15;0.0;4.392;3.15;71.75
1983-12-30;1.43;5.21;9.0;14.81;1.083;5.23;80.44
1983-12-31;0.28;4.79;9.31;5.56;3.072;2.68;64.2
1984-01-01;4.56;9.58;14.61;3.68;1.185;8.3;85.97
1984-01-02;0.7;3.57;6.44;0.0;2.894;3.62;74.03
1984-01-03;2.38;4.43;6.48;5.2;3.57;4.16;74.94
1984-01-04;2.57;4.33;6.1;0.29;3.507;3.05;73.83
1984-01-05;-1.39;1.91;5.21;0.0;4.371;2.54;65.48
1984-01-06;-2.57;-0.81;0.94;0.0;4.887;4.29;59.36
1984-01-07;-3.53;-2.29;-1.04;0.0;3.388;4.64;53.41
1984-01-08;-4.58;-3.25;-1.93;0.0;3.496;3.93;51.94
1984-01-09;-3.62;-1.9;-0.18;0.0;3.857;2.4;53.52
1984-01-10;-1.99;-0.84;0.31;4.38;2.941;3.35;61.2
1984-01-11;-2.04;-0.19;1.66;0.4;4.359;3.16;64.66
1984-01-12;-2.27;-0.64;1.0;0.69;4.473;3.2;61.95
1984-01-13;-1.89;0.31;2.5;1.27;4.298;3.7;60.59
1984-01-14;-1.86;0.01;1.89;0.14;4.815;1.55;63.37
1984-01-15;-0.58;0.3;1.19;1.53;3.076;1.25;67.85
1984-01-16;-1.71;-0.43;0.84;0.29;3.493;3.86;62.5
1984-01-17;-1.78;-0.76;0.27;0.26;4.18;1.67;61.81
1984-01-18;-3.01;0.23;3.46;2.42;3.965;2.45;62.01
1984-01-19;-3.44;-0.11;3.21;0.0;4.791;2.08;64.28
1984-01-20;-4.85;-2.48;-0.12;0.0;7.364;2.01;52.8
1984-01-21;-7.52;-3.96;-0.4;0.0;7.554;3.04;52.28
1984-01-22;-9.17;-5.54;-1.91;0.0;5.369;3.95;42.02
1984-01-23;-9.77;-8.25;-6.73;0.0;5.936;4.96;37.44
1984-01-24;-7.86;-4.61;-1.35;0.91;4.558;3.83;49.18
1984-01-25;-10.85;-7.89;-4.94;0.0;7.916;4.06;39.83
1984-01-26;-11.43;-8.34;-5.26;0.0;8.456;3.52;21.24
1984-01-27;-11.25;-7.2;-3.15;0.0;7.989;1.01;37.05
1984-01-28;-10.34;-7.01;-3.68;0.0;8.548;0.81;37.77
1984-01-29;-8.17;-3.27;1.62;2.57;4.564;4.68;52.22
1984-01-30;-4.41;-2.85;-1.3;0.0;6.22;4.14;53.1
1984-01-31;-6.27;-3.8;-1.33;0.0;9.018;2.92;51.24
1984-02-01;-6.55;-3.13;0.28;0.0;8.328;1.39;35.38
1984-02-02;-8.87;-5.48;-2.1;0.0;10.906;1.42;34.12
1984-02-03;-8.85;-2.6;3.65;0.25;3.479;3.65;42.1
1984-02-04;-0.55;4.5;9.56;4.46;2.791;5.13;51.89
1984-02-05;2.88;6.16;9.44;1.08;6.15;6.44;66.84
1984-02-06;1.8;4.2;6.59;0.0;4.76;4.75;52.79
1984-02-07;-0.25;3.76;7.77;5.69;3.661;3.54;52.81
1984-02-08;-0.59;2.8;6.19;0.44;7.492;3.24;50.24
1984-02-09;-0.48;3.43;7.34;1.32;2.481;5.42;53.75
1984-02-10;1.54;5.77;9.99;1.21;5.722;5.06;62.48
1984-02-11;8.43;9.91;11.39;14.86;2.36;4.9;85.85
1984-02-12;9.05;10.39;11.72;4.08;3.196;6.04;85.97
1984-02-13;9.75;12.88;16.02;0.0;7.068;5.46;82.11
1984-02-14;8.58;11.64;14.7;0.57;5.049;4.64;78.84
1984-02-15;6.56;9.95;13.34;0.0;10.218;3.57;76.7
1984-02-16;7.17;10.3;13.43;2.5;2.475;5.92;81.58
1984-02-17;4.83;9.13;13.42;1.73;4.314;5.13;71.85
1984-02-18;4.19;6.35;8.51;0.67;4.914;5.27;60.78
1984-02-19;-0.36;4.72;9.8;0.0;6.054;3.28;53.47
1984-02-20;2.95;7.84;12.72;1.81;7.03;5.07;72.65
1984-02-21;5.98;9.21;12.43;7.3;2.532;6.38;83.04
1984-02-22;5.45;8.62;11.79;0.0;3.694;7.12;66.02
1984-02-23;4.81;8.21;11.61;1.68;3.279;4.68;70.88
1984-02-24;4.15;7.75;11.34;3.62;7.311;5.99;66.02
1984-02-25;2.8;6.85;10.9;1.39;3.798;6.35;69.15
1984-02-26;8.51;11.91;15.32;0.0;7.519;5.46;81.12
1984-02-27;5.58;9.81;14.04;0.0;10.422;4.25;79.08
1984-02-28;4.73;9.66;14.6;0.49;8.289;5.14;73.84
1984-02-29;3.81;5.84;7.87;0.0;5.818;5.49;56.05
1984-03-01;2.48;4.96;7.44;0.9;6.312;4.9;37.74
1984-03-02;1.94;4.47;7.01;0.0;7.193;3.04;30.86
1984-03-03;3.04;5.65;8.26;0.0;5.688;2.1;43.58
1984-03-04;1.13;8.16;15.2;0.0;11.989;2.16;47.08
1984-03-05;3.53;8.24;12.95;0.0;11.151;2.66;49.91
1984-03-06;2.71;9.42;16.13;0.0;12.29;3.09;50.22
1984-03-07;2.6;8.62;14.64;0.0;13.939;3.32;51.28
1984-03-08;6.49;9.98;13.46;0.0;9.406;3.12;57.73
1984-03-09;3.31;10.5;17.69;0.0;14.414;1.33;53.5
1984-03-10;3.76;10.86;17.95;0.0;15.916;1.01;52.58
1984-03-11;4.28;11.62;18.96;0.0;16.19;2.98;50.82
1984-03-12;8.38;11.73;15.08;0.47;7.142;3.98;63.15
1984-03-13;7.25;10.22;13.19;1.56;6.521;4.17;62.12
1984-03-14;5.81;8.97;12.14;0.98;9.183;0.65;54.92
1984-03-15;6.49;10.25;14.0;0.0;10.853;0.47;51.63
1984-03-16;5.74;11.23;16.71;0.0;16.372;1.07;50.13
1984-03-17;4.21;11.38;18.54;0.0;14.092;1.53;56.3
1984-03-18;6.46;12.55;18.64;0.0;14.473;2.76;67.34
1984-03-19;4.31;9.1;13.89;0.0;13.685;3.35;42.41
1984-03-20;3.83;6.64;9.45;1.04;6.506;2.39;50.5
1984-03-21;6.99;10.29;13.58;1.55;6.883;2.35;57.5
1984-03-22;6.78;9.22;11.66;4.43;6.972;3.92;58.51
1984-03-23;1.9;6.46;11.01;0.0;7.954;3.32;43.25
1984-03-24;-0.3;5.59;11.49;0.0;18.724;1.7;27.0
1984-03-25;1.95;7.18;12.42;0.54;7.684;3.3;48.03
1984-03-26;1.29;8.51;15.72;0.0;17.701;2.21;41.61
1984-03-27;2.93;10.05;17.18;0.0;19.526;2.83;52.66
1984-03-28;6.37;9.72;13.08;0.0;9.96;2.99;55.44
1984-03-29;3.24;12.91;22.59;0.0;19.419;2.72;58.31
1984-03-30;5.22;9.4;13.58;5.19;6.642;4.32;64.56
1984-03-31;4.5;8.12;11.74;3.11;10.028;5.66;46.81
1984-04-01;5.14;8.32;11.5;3.76;14.655;6.58;46.82
1984-04-02;3.67;8.64;13.61;0.0;15.392;3.35;40.61
1984-04-03;0.12;4.9;9.68;0.0;18.279;3.66;31.11
1984-04-04;-1.69;4.31;10.3;0.0;17.184;3.32;29.41
1984-04-05;-1.2;5.59;12.38;0.0;21.426;1.48;30.46
1984-04-06;-0.56;6.85;14.27;0.0;20.298;1.78;30.86
1984-04-07;0.63;7.32;14.0;0.0;17.794;3.46;35.83
1984-04-08;-0.86;7.56;15.98;0.0;19.967;4.32;32.01
1984-04-09;-2.13;6.51;15.15;0.0;23.429;4.7;27.08
1984-04-10;-2.86;5.04;12.93;0.0;23.217;4.74;23.47
1984-04-11;-2.24;5.48;13.2;0.0;22.496;3.36;29.64
1984-04-12;-1.41;6.56;14.54;0.0;19.984;1.59;31.25
1984-04-13;4.31;10.15;16.0;0.0;18.547;0.41;34.31
1984-04-14;2.39;10.89;19.4;0.0;21.964;3.35;33.99
1984-04-15;4.56;10.75;16.95;0.97;12.97;4.13;51.51
1984-04-16;6.71;10.05;13.39;0.0;11.141;2.49;56.77
1984-04-17;4.56;8.89;13.23;0.0;15.848;3.51;38.48
1984-04-18;2.32;6.39;10.46;0.0;12.882;3.89;29.89
1984-04-19;2.31;6.23;10.15;0.0;12.033;3.04;33.43
1984-04-20;0.78;5.38;9.97;0.0;12.277;3.53;32.66
1984-04-21;0.21;5.12;10.02;0.0;14.03;4.39;30.62
1984-04-22;-0.07;7.04;14.14;0.0;18.012;4.42;28.65
1984-04-23;-1.07;5.77;12.61;0.0;16.659;2.25;30.08
1984-04-24;-0.59;6.53;13.64;0.0;24.903;2.25;22.65
1984-04-25;-1.3;6.59;14.48;0.0;25.327;1.67;25.67
1984-04-26;-0.18;7.44;15.05;0.0;19.739;2.14;25.33
1984-04-27;0.66;8.66;16.66;0.0;22.275;2.87;29.12
1984-04-28;1.54;10.04;18.54;0.0;25.058;1.54;30.33
1984-04-29;6.94;11.82;16.7;1.82;10.577;5.19;56.4
1984-04-30;8.27;13.24;18.21;9.35;18.815;4.75;48.99
1984-05-01;8.5;11.97;15.45;13.98;11.966;5.52;51.24
1984-05-02;3.35;7.82;12.29;4.31;12.717;3.83;33.13
1984-05-03;0.68;7.12;13.55;3.64;18.476;3.08;30.38
1984-05-04;6.74;9.52;12.3;14.68;10.977;6.21;40.14
1984-05-05;6.29;10.01;13.72;5.31;10.873;5.15;35.8
1984-05-06;5.18;10.71;16.24;0.0;22.091;2.69;32.6
1984-05-07;4.45;10.78;17.11;1.0;18.851;2.48;38.94
1984-05-08;8.69;14.16;19.63;0.0;16.552;2.2;47.98
1984-05-09;9.42;17.73;26.05;0.0;25.461;2.54;58.95
1984-05-10;12.31;19.9;27.49;0.0;26.414;3.07;54.6
1984-05-11;10.52;16.07;21.62;0.8;17.12;3.29;45.54
1984-05-12;8.09;14.9;21.71;1.36;14.866;2.92;55.62
1984-05-13;13.32;17.16;21.01;0.58;11.599;1.64;73.96
1984-05-14;11.08;16.28;21.48;13.61;15.224;3.16;63.5
1984-05-15;8.91;13.24;17.58;13.28;19.24;2.76;51.19
1984-05-16;6.92;13.25;19.59;3.11;19.632;2.49;49.36
1984-05-17;10.03;14.77;19.51;1.56;18.147;1.37;51.23
1984-05-18;10.35;12.75;15.16;0.41;11.577;2.97;52.5
1984-05-19;8.11;13.61;19.11;1.76;19.913;1.43;50.24
1984-05-20;8.14;13.6;19.05;0.0;23.509;2.59;43.13
1984-05-21;6.37;13.39;20.41;0.0;28.237;2.28;41.78
1984-05-22;7.94;15.44;22.94;0.0;29.709;1.8;46.28
1984-05-23;8.32;14.82;21.32;0.0;30.465;2.95;39.33
1984-05-24;6.22;14.46;22.69;6.63;20.418;3.68;43.23
1984-05-25;9.24;12.75;16.26;7.92;11.638;3.28;53.53
1984-05-26;7.31;11.24;15.17;3.16;18.145;3.45;42.61
1984-05-27;8.06;11.46;14.85;11.22;15.739;3.17;45.85
1984-05-28;7.14;10.26;13.38;8.75;11.797;5.34;41.33
1984-05-29;6.21;11.44;16.67;1.45;14.669;4.47;41.67
1984-05-30;3.82;10.61;17.39;1.17;24.951;2.66;38.93
1984-05-31;5.87;12.21;18.54;0.78;23.318;2.2;44.81
1984-06-01;7.84;12.86;17.87;2.75;15.603;0.59;39.68
1984-06-02;9.49;13.56;17.63;0.83;15.604;1.21;43.02
1984-06-03;9.47;13.93;18.4;5.69;15.654;1.53;46.91
1984-06-04;9.23;13.94;18.65;2.77;18.017;2.33;47.67
1984-06-05;10.44;14.63;18.82;1.09;11.928;0.89;52.94
1984-06-06;9.17;15.69;22.21;0.0;30.787;3.08;44.69
1984-06-07;8.11;16.02;23.93;8.0;19.645;2.95;51.53
1984-06-08;11.82;15.76;19.7;0.0;15.458;1.32;52.35
1984-06-09;10.98;17.25;23.51;0.87;16.523;2.65;57.03
1984-06-10;7.52;11.72;15.92;0.0;14.711;3.51;35.53
1984-06-11;6.95;13.55;20.15;0.0;25.777;0.89;32.43
1984-06-12;10.09;17.05;24.0;0.0;24.991;2.25;46.01
1984-06-13;10.21;16.43;22.64;0.0;29.591;2.77;41.99
1984-06-14;12.53;20.96;29.39;0.0;23.744;2.43;67.43
1984-06-15;12.74;19.14;25.55;0.0;19.402;3.62;59.91
1984-06-16;9.4;16.37;23.34;0.0;27.924;1.79;39.84
1984-06-17;9.93;17.49;25.06;0.0;30.257;1.39;44.39
1984-06-18;12.72;19.27;25.81;0.0;27.03;1.72;50.72
1984-06-19;9.8;16.82;23.84;0.0;25.699;2.56;38.29
1984-06-20;10.05;17.26;24.47;0.0;25.655;2.73;37.47
1984-06-21;10.95;17.34;23.74;0.0;16.621;1.94;46.82
1984-06-22;13.62;17.95;22.29;7.61;11.271;2.57;58.18
1984-06-23;11.39;16.67;21.95;0.28;19.602;3.07;52.02
1984-06-24;10.22;15.49;20.76;0.0;13.92;1.46;46.76
1984-06-25;9.73;15.13;20.54;0.79;18.351;2.94;38.06
1984-06-26;9.48;12.89;16.31;4.59;7.347;3.2;45.99
1984-06-27;10.0;12.32;14.64;1.03;10.569;3.57;43.66
1984-06-28;9.34;13.79;18.23;2.78;15.327;2.75;44.17
1984-06-29;9.53;12.5;15.48;8.07;8.159;3.63;48.05
1984-06-30;8.81;12.88;16.95;4.16;17.324;4.19;40.99
1984-07-01;9.89;14.88;19.87;3.53;15.617;3.64;38.61
1984-07-02;10.84;15.29;19.74;2.57;15.174;2.9;40.12
1984-07-03;10.69;15.81;20.93;0.21;19.761;2.92;30.39
1984-07-04;11.47;15.93;20.38;0.26;13.156;3.29;37.73
1984-07-05;10.59;15.3;20.02;0.32;18.457;2.06;30.06
1984-07-06;10.16;14.82;19.49;1.88;13.625;1.65;39.21
1984-07-07;8.94;15.86;22.79;0.0;27.221;0.66;28.25
1984-07-08;10.36;16.99;23.63;0.0;26.149;2.19;33.11
1984-07-09;13.36;16.65;19.94;3.15;7.745;1.21;53.09
1984-07-10;12.93;16.08;19.23;1.11;9.787;2.62;50.44
1984-07-11;11.05;15.55;20.05;0.0;11.396;2.31;45.35
1984-07-12;13.43;18.41;23.4;0.0;15.395;0.29;38.68
1984-07-13;12.46;17.88;23.31;0.15;17.62;1.24;43.37
1984-07-14;13.5;16.09;18.68;0.71;5.201;2.99;51.22
1984-07-15;12.64;17.16;21.69;0.0;15.025;2.88;41.75
1984-07-16;12.52;15.5;18.49;1.86;9.208;1.72;46.0
1984-07-17;13.27;18.32;23.38;0.23;15.784;1.74;41.47
1984-07-18;11.57;17.35;23.13;0.0;19.704;1.67;37.91
1984-07-19;14.33;17.89;21.46;1.34;11.035;2.44;46.75
1984-07-20;14.66;17.46;20.26;7.93;5.665;1.69;61.83
1984-07-21;15.59;17.59;19.6;1.8;6.301;2.18;62.6
1984-07-22;14.76;17.45;20.15;1.17;7.5;3.5;61.23
1984-07-23;12.75;15.88;19.01;0.0;11.858;2.64;42.46
1984-07-24;12.76;15.14;17.52;0.0;7.474;2.28;45.84
1984-07-25;13.89;17.8;21.71;2.13;6.015;2.44;64.12
1984-07-26;14.8;19.01;23.21;0.0;14.692;1.55;55.0
1984-07-27;14.44;19.41;24.38;0.18;14.627;1.59;47.34
1984-07-28;17.3;22.38;27.46;0.0;12.709;2.45;71.95
1984-07-29;14.82;21.14;27.46;0.0;25.787;0.91;54.4
1984-07-30;12.7;18.4;24.1;0.0;27.202;2.47;39.0
1984-07-31;10.43;17.59;24.76;0.0;26.642;1.82;33.22
1984-08-01;15.23;21.01;26.78;0.0;15.325;2.42;36.76
1984-08-02;10.82;16.54;22.25;0.0;14.832;2.9;32.18
1984-08-03;8.62;15.77;22.92;1.69;22.772;1.04;22.33
1984-08-04;11.81;17.07;22.34;24.53;6.925;2.41;51.16
1984-08-05;10.83;16.18;21.53;0.0;16.262;0.65;32.9
1984-08-06;13.26;18.91;24.56;3.51;19.697;0.38;33.49
1984-08-07;11.03;15.7;20.36;3.17;13.783;2.35;34.61
1984-08-08;8.93;13.04;17.16;0.0;12.835;3.16;27.1
1984-08-09;8.06;14.35;20.64;0.55;11.969;3.25;33.55
1984-08-10;11.68;16.62;21.56;5.98;12.331;3.21;46.88
1984-08-11;10.95;16.13;21.31;2.33;17.112;3.31;31.84
1984-08-12;10.06;15.84;21.61;0.42;20.227;2.66;31.95
1984-08-13;11.39;15.37;19.34;2.17;14.864;0.63;34.22
1984-08-14;12.79;16.82;20.86;2.16;13.552;1.5;39.38
1984-08-15;13.05;17.95;22.84;5.28;12.582;1.94;46.69
1984-08-16;12.54;16.68;20.82;4.68;8.703;5.42;40.73
1984-08-17;11.99;14.66;17.32;6.33;6.215;6.08;37.1
1984-08-18;11.09;16.23;21.38;0.0;16.426;3.89;37.55
1984-08-19;10.47;18.55;26.62;1.7;21.277;2.79;37.25
1984-08-20;10.14;14.79;19.43;0.73;16.381;3.27;32.79
1984-08-21;11.81;16.6;21.39;0.0;14.335;1.7;34.92
1984-08-22;9.34;15.45;21.56;0.17;16.739;2.48;33.95
1984-08-23;13.84;20.73;27.62;0.0;21.972;1.93;44.29
1984-08-24;15.5;21.88;28.25;0.0;19.216;2.3;49.67
1984-08-25;9.66;15.93;22.19;0.86;19.023;3.18;28.27
1984-08-26;8.48;14.34;20.2;0.0;15.804;1.38;24.97
1984-08-27;12.38;17.35;22.32;0.0;9.604;1.65;49.94
1984-08-28;16.13;19.16;22.2;3.92;8.449;0.72;71.03
1984-08-29;13.67;20.41;27.14;0.0;20.589;2.28;45.95
1984-08-30;16.01;22.94;29.87;0.0;21.279;1.58;60.97
1984-08-31;16.48;23.6;30.72;0.0;21.457;1.17;66.06
1984-09-01;16.8;23.08;29.36;0.0;21.741;2.53;70.69
1984-09-02;13.87;21.81;29.75;0.0;21.19;2.17;57.26
1984-09-03;16.71;21.53;26.35;0.0;12.922;2.07;85.02
1984-09-04;15.71;22.72;29.73;0.0;19.132;2.02;81.15
1984-09-05;12.12;18.3;24.49;2.22;9.88;2.97;63.24
1984-09-06;10.39;15.92;21.44;0.0;13.963;2.14;36.18
1984-09-07;8.8;14.84;20.88;0.0;17.288;3.41;27.27
1984-09-08;6.4;14.22;22.04;0.0;19.068;0.71;26.95
1984-09-09;11.28;17.05;22.83;0.0;13.139;0.6;36.17
1984-09-10;10.84;14.83;18.82;0.0;8.048;1.09;46.9
1984-09-11;12.63;17.21;21.8;0.0;12.578;2.15;41.07
1984-09-12;9.84;15.06;20.29;1.6;7.176;2.58;41.26
1984-09-13;6.57;13.56;20.55;0.0;19.022;2.41;27.47
1984-09-14;6.18;14.24;22.3;0.0;20.044;1.83;30.96
1984-09-15;10.11;17.23;24.35;0.0;17.11;0.83;36.67
1984-09-16;8.56;16.29;24.02;0.0;16.703;2.08;35.24
1984-09-17;9.28;17.02;24.77;0.0;18.548;2.15;39.18
1984-09-18;10.59;17.86;25.13;0.0;17.564;0.33;46.07
1984-09-19;9.84;16.58;23.32;1.29;12.57;2.65;41.05
1984-09-20;6.26;12.84;19.43;0.0;17.37;3.03;25.66
1984-09-21;5.27;11.76;18.25;0.0;11.056;1.98;25.95
1984-09-22;9.96;17.74;25.52;0.0;16.787;1.32;36.7
1984-09-23;12.4;20.73;29.05;0.0;16.193;2.4;49.29
1984-09-24;14.84;22.23;29.61;0.0;13.334;2.95;46.08
1984-09-25;17.32;20.32;23.33;0.0;8.098;2.83;65.39
1984-09-26;11.91;20.97;30.03;3.96;11.877;4.75;40.79
1984-09-27;8.08;13.48;18.89;0.24;10.95;4.09;27.58
1984-09-28;8.24;12.94;17.64;0.92;10.225;3.33;27.13
1984-09-29;5.34;11.72;18.1;0.0;13.408;3.08;24.77
1984-09-30;4.2;10.72;17.25;0.0;11.591;2.68;26.64
1984-10-01;6.17;11.97;17.77;1.3;5.288;3.43;53.82
1984-10-02;3.97;9.87;15.77;0.0;10.701;3.22;21.05
1984-10-03;3.88;8.01;12.14;0.82;8.254;3.79;23.4
1984-10-04;0.78;7.6;14.42;2.54;10.565;2.69;31.85
1984-10-05;1.74;7.12;12.49;0.0;10.222;2.44;33.11
1984-10-06;2.98;9.12;15.26;0.49;14.631;0.39;24.31
1984-10-07;5.8;9.33;12.87;1.25;7.046;2.47;38.49
1984-10-08;4.32;11.11;17.89;3.13;8.607;3.28;40.77
1984-10-09;10.37;13.59;16.81;0.99;8.359;3.47;61.81
1984-10-10;10.28;13.16;16.04;10.44;4.101;4.01;64.42
1984-10-11;9.15;13.77;18.38;0.0;9.45;2.72;64.78
1984-10-12;9.26;13.31;17.36;0.0;6.454;1.98;55.89
1984-10-13;7.47;12.63;17.8;0.0;10.868;1.38;49.23
1984-10-14;7.67;12.03;16.39;1.56;6.951;3.35;54.42
1984-10-15;7.4;12.26;17.12;2.35;9.609;3.02;58.26
1984-10-16;5.68;11.38;17.09;0.0;9.992;1.4;46.92
1984-10-17;9.25;12.94;16.62;0.0;8.529;2.0;54.4
1984-10-18;8.22;10.16;12.1;22.4;4.494;3.31;53.15
1984-10-19;8.39;12.92;17.44;3.07;8.218;1.94;56.66
1984-10-20;8.42;10.21;11.99;4.1;4.306;2.68;56.89
1984-10-21;8.63;11.08;13.53;2.12;6.338;1.12;54.18
1984-10-22;7.16;10.8;14.45;0.35;5.287;1.49;52.44
1984-10-23;4.92;8.93;12.93;0.0;7.036;1.6;47.27
1984-10-24;6.74;9.71;12.68;5.38;4.117;3.71;51.29
1984-10-25;7.97;10.91;13.85;8.19;3.173;6.0;51.78
1984-10-26;7.46;9.59;11.72;3.01;5.48;5.34;43.93
1984-10-27;7.15;11.07;14.98;1.53;5.204;6.02;47.67
1984-10-28;3.02;6.9;10.78;0.0;7.115;4.64;40.29
1984-10-29;2.84;8.16;13.49;0.0;7.681;4.37;40.31
1984-10-30;7.73;10.6;13.47;11.81;6.234;4.3;51.69
1984-10-31;7.37;10.84;14.31;3.09;2.939;5.35;51.44
1984-11-01;5.25;8.21;11.17;0.0;5.886;1.83;71.53
1984-11-02;4.95;7.68;10.4;0.0;7.024;2.61;68.08
1984-11-03;-0.23;4.53;9.29;0.0;8.606;2.95;60.32
1984-11-04;-1.51;3.42;8.34;0.0;7.79;1.32;46.23
1984-11-05;2.05;5.14;8.23;0.0;3.44;1.63;61.78
1984-11-06;5.79;7.31;8.83;2.01;2.655;1.89;72.79
1984-11-07;5.54;9.26;12.98;0.0;7.144;1.84;75.52
1984-11-08;2.58;6.97;11.37;0.0;6.487;2.93;70.06
1984-11-09;4.89;9.82;14.76;0.0;6.908;1.3;68.49
1984-11-10;6.88;10.15;13.42;0.0;6.589;0.31;68.04
1984-11-11;7.05;11.07;15.1;0.0;6.163;1.11;78.77
1984-11-12;5.36;9.07;12.78;0.0;6.214;1.81;75.99
1984-11-13;3.71;7.74;11.78;0.0;6.473;1.4;72.72
1984-11-14;0.77;4.08;7.38;0.0;6.34;1.18;56.07
1984-11-15;1.76;4.85;7.94;0.0;5.173;0.49;51.49
1984-11-16;-0.1;3.33;6.76;0.0;4.444;3.42;60.71
1984-11-17;-2.86;-0.25;2.35;0.0;6.091;3.99;43.14
1984-11-18;-3.22;1.23;5.68;0.59;3.334;2.86;45.35
1984-11-19;4.23;7.46;10.7;0.0;3.609;0.73;72.91
1984-11-20;7.13;10.46;13.78;1.48;4.311;2.53;80.86
1984-11-21;9.4;11.86;14.32;14.26;3.891;3.78;83.88
1984-11-22;7.97;10.32;12.67;1.62;5.136;3.49;83.72
1984-11-23;5.46;9.06;12.66;2.03;2.782;4.57;73.88
1984-11-24;5.18;9.54;13.9;2.88;0.928;4.82;74.57
1984-11-25;3.27;6.41;9.55;1.77;3.402;3.47;71.81
1984-11-26;6.02;8.15;10.29;2.07;3.828;3.86;74.97
1984-11-27;4.21;6.9;9.59;0.0;4.801;3.45;71.54
1984-11-28;2.08;4.66;7.24;0.47;1.821;1.94;64.6
1984-11-29;-1.09;2.23;5.54;0.0;6.533;2.88;47.81
1984-11-30;-2.27;-0.02;2.23;0.0;6.539;2.47;42.05
1984-12-01;-2.1;-0.14;1.83;0.0;5.429;2.09;54.05
1984-12-02;-2.89;-0.67;1.55;0.0;4.841;2.08;55.75
1984-12-03;-3.19;-1.12;0.95;0.0;5.107;2.51;55.64
1984-12-04;-4.59;-2.12;0.35;0.0;4.917;2.43;54.8
1984-12-05;-4.05;-0.53;2.99;0.25;1.612;1.83;58.42
1984-12-06;-0.26;0.99;2.25;0.33;2.628;4.26;62.17
1984-12-07;-0.15;1.89;3.92;3.71;2.54;3.78;66.3
1984-12-08;-1.81;0.14;2.09;0.0;2.09;4.52;55.65
1984-12-09;-4.34;-2.42;-0.51;0.0;5.275;2.86;51.95
1984-12-10;-3.05;0.52;4.08;2.92;1.563;2.51;62.92
1984-12-11;1.29;4.72;8.15;9.82;1.408;5.07;72.78
1984-12-12;0.38;1.61;2.85;1.02;2.282;4.7;63.84
1984-12-13;-0.16;1.29;2.75;1.95;2.831;3.57;65.56
1984-12-14;-0.58;0.69;1.96;0.27;2.735;1.86;63.29
1984-12-15;-1.83;-0.58;0.66;0.0;4.836;2.6;58.75
1984-12-16;-2.01;-0.07;1.87;0.0;3.421;2.39;60.38
1984-12-17;-3.26;-1.58;0.1;2.25;3.181;2.78;56.3
1984-12-18;-5.56;-2.82;-0.08;0.0;3.857;2.97;55.03
1984-12-19;-8.38;-6.06;-3.74;0.0;5.238;4.66;43.62
1984-12-20;-8.9;-6.21;-3.52;0.0;5.684;2.18;38.75
1984-12-21;-8.42;-4.93;-1.45;0.0;3.392;1.55;49.91
1984-12-22;-10.95;-7.72;-4.49;2.21;5.562;3.23;44.13
1984-12-23;-4.7;-0.84;3.02;5.15;2.896;3.8;62.68
1984-12-24;1.58;4.03;6.47;5.33;2.46;3.94;77.02
1984-12-25;3.0;6.06;9.12;1.89;2.78;4.6;79.87
1984-12-26;0.03;2.5;4.96;0.0;4.514;1.83;65.74
1984-12-27;-0.28;0.92;2.13;0.0;2.953;1.86;65.69
1984-12-28;-0.08;1.18;2.43;0.0;2.316;2.26;66.11
1984-12-29;-0.7;0.17;1.03;0.0;1.885;2.9;64.13
1984-12-30;-0.52;1.02;2.57;0.0;5.247;1.13;59.81
1984-12-31;0.53;4.32;8.11;0.39;3.031;2.11;72.84
