iso-date;tmin;tavg;tmax;precip;globrad;wind;relhumid
1980-01-01;1.78;5.31;8.85;0.0;1.68;5.04;89.5
1980-01-02;-1.31;0.64;2.58;0.0;3.091;1.76;76.56
1980-01-03;-1.59;0.29;2.16;0.0;2.198;1.06;78.12
1980-01-04;-1.75;0.11;1.97;0.0;3.324;3.17;77.22
1980-01-05;-4.04;-1.99;0.07;0.0;3.545;5.49;71.98
1980-01-06;-8.31;-5.7;-3.08;0.0;5.392;3.99;59.51
1980-01-07;-7.83;-4.43;-1.03;1.62;3.738;1.47;59.56
1980-01-08;-12.68;-6.88;-1.09;0.0;4.302;5.65;53.81
1980-01-09;-13.68;-11.55;-9.43;0.0;4.242;2.25;44.65
1980-01-10;-14.58;-12.24;-9.9;0.0;5.725;0.64;39.0
1980-01-11;-14.29;-11.84;-9.4;0.0;5.861;2.08;39.88
1980-01-12;-13.94;-7.09;-0.25;1.06;3.86;4.16;53.39
1980-01-13;-0.92;-0.42;0.09;8.4;1.981;3.99;79.24
1980-01-14;-2.72;-1.29;0.15;0.0;2.643;5.04;78.2
1980-01-15;-7.41;-4.63;-1.85;1.05;2.573;6.0;65.99
1980-01-16;-10.27;-8.15;-6.03;0.0;5.023;2.54;53.93
1980-01-17;-9.98;-8.34;-6.69;0.44;4.6;2.2;55.86
1980-01-18;-13.75;-10.03;-6.3;0.9;4.477;2.63;54.15
1980-01-19;-14.9;-10.97;-7.04;0.0;5.392;2.28;44.91
1980-01-20;-6.95;-3.11;0.73;2.94;1.551;5.65;73.76
1980-01-21;-2.09;-1.15;-0.2;2.5;2.797;5.3;76.92
1980-01-22;-9.18;-4.82;-0.46;0.76;6.157;2.53;59.85
1980-01-23;-8.88;-6.21;-3.55;1.14;4.412;3.34;60.68
1980-01-24;-5.66;-4.71;-3.76;0.0;5.105;4.66;65.37
1980-01-25;-10.64;-7.86;-5.08;0.0;5.015;7.16;58.65
1980-01-26;-11.45;-9.15;-6.85;1.63;4.581;7.08;52.09
1980-01-27;-14.79;-11.84;-8.89;0.5;5.384;6.27;48.7
1980-01-28;-16.12;-13.78;-11.44;0.0;8.066;3.57;29.66
1980-01-29;-15.79;-13.13;-10.48;0.0;7.664;4.14;42.75
1980-01-30;-11.47;-8.73;-6.0;0.0;5.123;5.51;53.82
1980-01-31;-7.59;-5.36;-3.12;0.0;5.155;4.62;60.31
1980-02-01;-6.43;-2.44;1.55;1.32;4.793;3.95;60.92
1980-02-02;-7.63;-3.88;-0.13;3.83;3.176;1.84;65.13
1980-02-03;-6.66;-3.04;0.59;0.59;6.153;2.49;57.65
1980-02-04;-0.84;0.02;0.88;0.89;4.127;2.88;70.47
1980-02-05;0.17;1.34;2.52;0.0;4.344;4.48;72.14
1980-02-06;0.36;2.41;4.45;6.45;0.697;4.44;80.55
1980-02-07;-0.02;3.1;6.21;0.54;3.026;2.54;81.65
1980-02-08;-3.24;0.18;3.61;0.0;2.913;3.07;70.27
1980-02-09;-8.39;-4.54;-0.7;0.0;8.964;4.54;43.03
1980-02-10;-8.41;-4.95;-1.48;0.0;8.391;3.29;40.64
1980-02-11;-8.93;-4.96;-1.0;0.0;8.869;3.51;40.0
1980-02-12;-9.8;-5.24;-0.68;0.0;7.983;3.64;40.43
1980-02-13;-8.0;-4.89;-1.79;0.0;4.171;4.95;44.38
1980-02-14;-7.52;-5.54;-3.57;8.77;3.932;5.8;46.81
1980-02-15;-8.68;-5.39;-2.11;4.91;6.108;6.37;48.74
1980-02-16;-8.1;-4.25;-0.41;0.0;9.456;4.44;57.43
1980-02-17;-9.87;-6.41;-2.95;0.0;11.11;3.88;47.21
1980-02-18;-10.13;-6.0;-1.86;4.42;10.979;6.1;48.97
1980-02-19;-4.23;-1.73;0.78;6.92;6.348;2.83;63.88
1980-02-20;-2.74;-1.19;0.37;5.3;3.841;5.11;65.99
1980-02-21;-3.87;-1.69;0.49;0.0;7.654;4.38;61.63
1980-02-22;-3.73;-1.67;0.39;0.0;6.32;3.4;63.95
1980-02-23;-7.15;-3.39;0.37;0.0;8.822;3.75;58.01
1980-02-24;-9.63;-6.35;-3.06;0.0;13.101;5.25;45.44
1980-02-25;-11.9;-7.88;-3.85;0.0;13.379;4.33;39.76
1980-02-26;-13.63;-9.24;-4.85;0.0;13.535;3.39;37.89
1980-02-27;-11.57;-7.49;-3.4;0.0;13.873;1.48;39.53
1980-02-28;-11.9;-4.83;2.24;0.0;11.138;1.87;47.72
1980-02-29;-0.63;-0.14;0.36;0.0;6.319;3.07;69.47
1980-03-01;-1.71;-0.66;0.39;0.0;10.79;2.79;50.24
1980-03-02;-2.0;0.13;2.25;0.0;12.699;1.36;44.15
1980-03-03;-0.95;2.48;5.92;0.0;9.871;1.57;54.16
1980-03-04;0.09;3.21;6.32;1.43;4.226;3.25;69.4
1980-03-05;0.45;4.93;9.41;0.0;8.974;3.79;68.26
1980-03-06;1.8;5.86;9.92;0.0;9.234;2.61;71.84
1980-03-07;1.31;5.54;9.77;0.0;9.682;1.26;68.59
1980-03-08;-5.1;-0.38;4.34;0.98;2.661;5.61;58.74
1980-03-09;-9.13;-5.47;-1.81;0.5;9.521;7.49;34.78
1980-03-10;-10.2;-5.91;-1.63;0.0;16.303;5.44;32.91
1980-03-11;-8.44;-3.68;1.07;0.0;15.109;3.21;34.41
1980-03-12;-4.72;-1.49;1.74;0.0;10.734;3.12;39.01
1980-03-13;-1.86;-1.2;-0.53;0.0;5.691;3.79;39.24
1980-03-14;-2.62;0.44;3.49;0.0;12.31;2.97;39.44
1980-03-15;-1.01;1.83;4.67;0.0;6.831;3.5;57.43
1980-03-16;-0.86;3.93;8.72;0.0;10.355;2.74;58.29
1980-03-17;-1.06;4.04;9.13;0.0;16.356;2.41;46.58
1980-03-18;0.22;5.49;10.76;0.0;16.671;1.05;49.56
1980-03-19;0.27;5.0;9.74;0.0;10.277;2.77;61.36
1980-03-20;-1.77;1.76;5.3;0.69;6.388;5.79;55.09
1980-03-21;-3.18;0.58;4.35;1.01;19.37;4.15;38.29
1980-03-22;0.01;6.09;12.17;0.97;8.291;4.73;64.56
1980-03-23;-1.71;4.56;10.83;10.35;9.179;6.33;61.81
1980-03-24;-2.86;1.34;5.53;1.42;10.739;4.77;41.38
1980-03-25;-0.94;4.38;9.7;0.0;8.294;5.03;63.61
1980-03-26;-0.32;6.18;12.68;0.0;8.653;3.86;74.58
1980-03-27;5.5;11.28;17.05;0.0;14.088;4.9;68.19
1980-03-28;4.87;10.75;16.62;0.0;11.214;5.1;72.42
1980-03-29;7.06;9.29;11.51;2.84;4.751;3.83;90.89
1980-03-30;3.68;7.82;11.96;0.0;13.599;2.71;70.82
1980-03-31;3.78;7.06;10.34;0.0;7.696;2.4;69.17
1980-04-01;4.11;8.52;12.92;0.33;16.661;0.93;38.95
1980-04-02;4.44;10.23;16.01;0.0;11.952;3.55;50.58
1980-04-03;7.06;14.47;21.89;0.0;14.659;3.1;52.08
1980-04-04;4.51;9.93;15.36;0.0;16.114;2.9;42.98
1980-04-05;4.86;8.51;12.16;0.0;17.216;2.13;34.98
1980-04-06;4.24;8.56;12.88;0.0;13.159;1.77;40.95
1980-04-07;4.42;10.91;17.41;0.0;18.389;2.95;42.07
1980-04-08;4.91;11.31;17.71;0.0;18.33;3.19;40.48
1980-04-09;2.72;7.5;12.28;0.0;9.391;4.51;35.31
1980-04-10;1.07;7.48;13.88;0.0;19.286;2.89;35.92
1980-04-11;2.72;9.3;15.88;0.0;20.062;2.4;35.16
1980-04-12;0.42;5.26;10.1;2.32;10.715;4.88;34.36
1980-04-13;-1.58;1.73;5.05;0.0;11.542;3.08;26.2
1980-04-14;-2.43;1.24;4.92;0.33;11.562;1.51;27.7
1980-04-15;-2.04;2.35;6.75;0.0;14.997;1.31;25.15
1980-04-16;-1.11;3.94;8.98;0.4;14.38;4.03;30.42
1980-04-17;4.54;8.88;13.21;4.65;7.144;1.19;62.2
1980-04-18;7.63;14.56;21.5;0.0;20.779;3.06;53.37
1980-04-19;9.26;16.04;22.83;0.0;21.953;2.24;55.24
1980-04-20;9.67;15.73;21.79;0.0;21.889;2.33;52.77
1980-04-21;9.54;15.89;22.24;0.0;22.798;1.51;50.73
1980-04-22;10.16;16.49;22.82;0.0;16.844;2.89;53.52
1980-04-23;8.8;14.61;20.41;0.0;23.848;2.45;39.74
1980-04-24;8.84;14.66;20.49;0.0;23.501;1.88;39.21
1980-04-25;5.93;11.24;16.55;0.0;25.128;3.59;32.79
1980-04-26;4.45;10.61;16.76;0.0;25.447;3.91;27.7
1980-04-27;5.11;11.91;18.72;0.0;25.736;4.02;28.26
1980-04-28;6.97;13.67;20.38;0.0;25.186;3.85;33.11
1980-04-29;9.66;15.11;20.55;0.0;16.044;3.46;41.91
1980-04-30;11.84;13.64;15.45;6.18;5.844;3.33;85.24
1980-05-01;8.85;13.92;18.99;8.43;13.553;1.01;47.09
1980-05-02;8.66;13.6;18.53;2.86;7.662;3.21;48.03
1980-05-03;10.45;12.13;13.8;0.48;4.209;5.3;48.89
1980-05-04;9.62;13.46;17.31;2.18;12.892;2.49;43.79
1980-05-05;9.86;13.25;16.65;0.79;8.755;1.07;47.04
1980-05-06;11.4;16.52;21.65;0.9;17.853;1.65;45.7
1980-05-07;10.02;15.65;21.29;0.0;19.128;2.75;40.47
1980-05-08;9.76;15.94;22.12;0.0;22.715;2.17;40.18
1980-05-09;13.5;18.44;23.37;0.0;17.886;1.49;43.32
1980-05-10;13.22;16.0;18.79;4.48;6.547;2.08;63.51
1980-05-11;13.19;16.91;20.63;3.13;11.762;0.71;66.19
1980-05-12;10.27;13.32;16.38;0.0;8.17;1.89;52.33
1980-05-13;8.85;14.7;20.56;1.88;17.306;2.89;47.3
1980-05-14;14.49;19.25;24.01;0.98;17.695;2.03;65.49
1980-05-15;11.51;16.95;22.39;5.46;17.879;1.78;63.82
1980-05-16;9.19;12.51;15.83;14.2;8.575;2.29;45.59
1980-05-17;12.52;17.61;22.7;0.0;19.233;0.79;51.26
1980-05-18;13.6;18.55;23.51;0.0;21.868;2.6;50.1
1980-05-19;12.7;17.63;22.56;0.53;19.423;2.16;59.79
1980-05-20;14.49;19.03;23.57;0.59;15.32;1.04;59.55
1980-05-21;14.19;18.3;22.42;0.0;14.264;1.25;61.72
1980-05-22;9.54;13.34;17.15;0.32;15.304;2.47;43.94
1980-05-23;7.06;9.53;11.99;9.48;4.514;3.49;41.37
1980-05-24;6.14;12.93;19.71;0.0;29.99;2.4;38.27
1980-05-25;10.22;16.09;21.95;0.0;20.774;2.06;47.28
1980-05-26;12.0;18.32;24.65;0.0;19.635;1.55;50.58
1980-05-27;13.8;19.68;25.55;0.0;19.451;1.88;54.52
1980-05-28;13.18;20.05;26.91;0.0;30.192;3.23;40.56
1980-05-29;11.58;19.3;27.01;0.0;30.047;1.48;38.58
1980-05-30;11.48;18.4;25.32;0.0;20.216;3.11;46.76
1980-05-31;9.44;15.3;21.17;0.0;30.802;3.56;36.14
1980-06-01;9.95;15.63;21.3;0.24;19.964;2.99;25.59
1980-06-02;10.96;15.57;20.18;3.11;16.831;1.95;39.01
1980-06-03;10.2;17.07;23.94;0.0;23.706;1.05;31.14
1980-06-04;14.28;17.29;20.29;4.32;10.21;1.15;56.21
1980-06-05;15.15;18.71;22.27;4.59;14.034;1.38;60.92
1980-06-06;15.15;19.71;24.27;0.77;19.128;1.34;56.2
1980-06-07;14.44;19.46;24.48;3.06;18.744;1.54;58.66
1980-06-08;12.61;18.76;24.91;0.0;20.813;3.49;39.95
1980-06-09;10.86;17.5;24.15;0.0;30.643;2.55;23.71
1980-06-10;11.95;18.55;25.15;0.0;30.137;2.69;25.76
1980-06-11;12.97;19.52;26.06;0.0;23.236;2.16;31.34
1980-06-12;13.36;17.59;21.81;0.0;18.571;3.19;31.84
1980-06-13;11.37;13.55;15.73;0.27;10.714;4.35;23.73
1980-06-14;11.12;14.48;17.85;3.41;11.45;3.37;30.0
1980-06-15;11.55;14.11;16.67;2.85;6.615;3.04;41.82
1980-06-16;10.88;16.68;22.47;0.0;22.357;2.17;24.76
1980-06-17;9.17;16.23;23.28;2.58;15.059;3.79;36.95
1980-06-18;8.5;14.73;20.96;1.72;20.572;3.35;24.44
1980-06-19;10.54;17.77;25.01;6.6;20.296;3.91;35.44
1980-06-20;12.8;17.59;22.39;0.0;19.381;2.27;32.3
1980-06-21;15.39;19.56;23.74;0.0;13.161;2.99;55.52
1980-06-22;17.17;22.17;27.17;0.0;15.649;2.11;64.73
1980-06-23;17.85;22.4;26.94;22.2;12.775;2.3;80.67
1980-06-24;13.02;17.58;22.14;35.2;13.144;3.28;56.8
1980-06-25;11.4;18.0;24.59;0.0;22.202;1.85;38.44
1980-06-26;11.3;16.19;21.08;20.49;8.89;3.09;49.22
1980-06-27;10.07;15.67;21.26;7.06;20.137;2.91;42.4
1980-06-28;12.8;16.05;19.31;3.37;9.724;2.18;51.31
1980-06-29;12.72;16.36;19.99;3.81;17.164;1.48;39.77
1980-06-30;13.04;17.58;22.12;0.4;20.135;2.55;39.81
1980-07-01;14.37;20.22;26.08;0.0;22.939;1.4;34.84
1980-07-02;16.71;22.43;28.15;1.47;20.417;1.09;69.91
1980-07-03;17.0;22.63;28.25;0.0;22.565;1.7;50.6
1980-07-04;16.8;23.45;30.09;0.21;22.315;1.41;49.24
1980-07-05;18.72;25.36;32.0;0.0;28.286;1.5;41.61
1980-07-06;20.85;26.82;32.8;0.0;25.59;1.31;62.56
1980-07-07;21.53;27.3;33.06;0.0;20.752;0.8;75.96
1980-07-08;20.1;25.36;30.61;0.0;20.217;1.4;72.81
1980-07-09;13.74;19.25;24.77;26.19;10.678;4.09;60.38
1980-07-10;12.2;17.37;22.54;0.0;20.503;3.1;24.1
1980-07-11;11.58;18.45;25.32;0.0;24.766;1.46;24.66
1980-07-12;15.48;21.64;27.81;0.0;26.119;2.74;32.47
1980-07-13;15.24;18.7;22.15;0.47;10.985;2.09;38.54
1980-07-14;13.64;17.49;21.34;0.0;15.697;2.7;23.85
1980-07-15;12.5;18.41;24.32;0.0;20.433;3.54;16.16
1980-07-16;13.63;20.32;27.02;0.0;24.236;1.62;25.26
1980-07-17;16.25;20.94;25.63;0.0;20.0;1.83;38.36
1980-07-18;15.05;20.36;25.66;0.0;17.729;2.79;27.47
1980-07-19;12.76;18.25;23.73;0.0;20.136;3.47;19.29
1980-07-20;12.28;19.02;25.75;0.0;27.46;0.97;24.42
1980-07-21;15.98;22.69;29.39;0.0;26.693;0.89;28.37
1980-07-22;17.06;23.23;29.39;0.0;23.594;1.45;36.66
1980-07-23;17.55;23.14;28.73;0.0;22.454;2.19;52.19
1980-07-24;18.1;23.08;28.05;0.0;19.666;2.24;44.87
1980-07-25;18.09;23.91;29.73;0.55;19.818;2.33;39.76
1980-07-26;16.93;22.43;27.92;0.0;21.438;2.98;28.12
1980-07-27;16.07;22.04;28.01;0.0;22.34;2.77;29.14
1980-07-28;17.2;23.3;29.4;0.0;21.479;1.0;31.28
1980-07-29;16.7;21.11;25.52;7.22;8.802;2.31;56.25
1980-07-30;15.54;21.21;26.89;0.0;20.023;1.08;26.8
1980-07-31;17.28;22.55;27.83;0.0;19.989;1.47;24.54
1980-08-01;14.06;20.18;26.29;0.0;22.65;2.07;31.1
1980-08-02;12.46;18.53;24.6;0.0;21.096;2.7;23.12
1980-08-03;11.93;18.27;24.62;0.0;24.362;1.9;19.0
1980-08-04;12.78;19.39;26.0;0.0;22.735;1.36;21.09
1980-08-05;14.89;20.59;26.28;0.0;19.152;0.52;25.3
1980-08-06;14.47;18.96;23.46;0.58;12.333;0.79;35.04
1980-08-07;13.96;19.96;25.96;0.0;18.78;0.6;34.47
1980-08-08;14.08;20.2;26.33;0.7;21.567;2.5;30.1
1980-08-09;15.33;21.18;27.04;0.0;19.715;2.07;32.01
1980-08-10;17.2;22.3;27.41;0.43;16.52;2.49;35.55
1980-08-11;14.85;19.56;24.27;45.65;11.762;1.51;67.79
1980-08-12;14.17;20.57;26.97;0.88;21.08;1.97;32.6
1980-08-13;12.66;19.02;25.38;0.0;23.902;3.17;21.03
1980-08-14;13.87;20.27;26.68;0.48;20.434;0.71;28.64
1980-08-15;16.05;22.51;28.97;0.0;20.714;1.89;32.46
1980-08-16;15.47;22.2;28.92;0.0;21.508;3.94;21.72
1980-08-17;13.88;20.07;26.25;5.99;14.561;3.93;35.63
1980-08-18;12.09;18.41;24.72;3.99;19.227;3.73;24.9
1980-08-19;11.17;17.8;24.44;0.0;22.493;2.07;21.1
1980-08-20;15.59;21.84;28.1;1.98;16.953;2.77;26.71
1980-08-21;14.46;19.26;24.06;0.7;7.354;2.1;45.16
1980-08-22;13.9;17.92;21.94;0.0;11.04;3.61;32.97
1980-08-23;13.94;19.85;25.76;0.0;20.09;2.82;29.57
1980-08-24;14.14;20.58;27.02;0.0;20.671;1.25;36.68
1980-08-25;15.13;21.76;28.39;0.0;20.369;1.64;30.14
1980-08-26;13.19;19.24;25.29;0.0;15.302;3.16;36.22
1980-08-27;12.73;19.37;26.0;0.0;20.031;1.0;23.47
1980-08-28;15.38;21.95;28.51;0.0;19.891;2.74;24.1
1980-08-29;14.03;19.46;24.9;0.0;19.085;1.91;25.72
1980-08-30;14.0;21.06;28.12;0.0;19.056;2.59;28.44
1980-08-31;14.73;20.04;25.35;2.22;12.859;1.04;32.69
1980-09-01;11.9;17.93;23.95;0.0;21.148;1.52;31.79
1980-09-02;13.89;21.42;28.95;0.0;19.851;4.53;37.07
1980-09-03;13.51;19.11;24.7;1.74;13.059;3.1;63.92
1980-09-04;10.15;15.8;21.46;0.0;21.336;2.67;31.93
1980-09-05;7.03;11.79;16.54;2.91;7.287;2.23;36.09
1980-09-06;6.14;12.34;18.54;0.0;17.585;2.94;24.77
1980-09-07;6.45;12.12;17.79;0.0;13.121;1.64;25.93
1980-09-08;9.68;13.66;17.65;0.27;8.969;1.36;24.67
1980-09-09;7.47;11.93;16.39;9.16;10.013;2.39;30.98
1980-09-10;6.63;12.42;18.22;0.0;14.195;1.02;24.6
1980-09-11;11.12;15.11;19.09;0.0;8.585;2.66;38.54
1980-09-12;8.59;12.99;17.39;6.82;6.505;2.83;40.11
1980-09-13;8.14;11.79;15.43;2.53;10.783;3.77;33.34
1980-09-14;9.29;12.87;16.45;0.99;7.223;2.76;34.91
1980-09-15;8.67;12.6;16.53;0.69;5.425;2.44;53.66
1980-09-16;8.93;16.0;23.08;0.0;16.54;2.96;36.32
1980-09-17;8.95;14.71;20.47;0.0;12.139;2.57;40.0
1980-09-18;6.79;13.01;19.23;0.0;18.903;2.99;22.65
1980-09-19;5.42;11.94;18.46;0.0;17.867;2.59;14.88
1980-09-20;5.18;11.9;18.63;0.0;16.029;2.45;23.91
1980-09-21;6.3;13.12;19.93;0.0;15.144;1.63;23.32
1980-09-22;8.01;14.36;20.71;0.0;16.077;1.02;23.33
1980-09-23;7.89;14.77;21.65;0.0;16.292;1.28;21.52
1980-09-24;9.11;15.92;22.73;0.0;15.064;1.07;22.9
1980-09-25;11.48;17.28;23.08;0.0;14.434;1.19;26.02
1980-09-26;11.26;15.52;19.79;0.0;9.396;2.46;46.27
1980-09-27;10.99;17.15;23.31;0.0;8.034;3.2;42.03
1980-09-28;11.41;15.69;19.97;0.0;10.855;3.72;32.89
1980-09-29;5.86;11.45;17.04;0.0;11.168;2.85;22.82
1980-09-30;4.37;11.24;18.1;0.0;13.561;2.98;19.85
1980-10-01;6.43;10.51;14.59;7.99;3.458;3.37;44.93
1980-10-02;5.22;9.05;12.89;0.0;7.859;2.5;36.37
1980-10-03;7.85;11.01;14.17;1.0;7.236;2.79;37.71
1980-10-04;4.67;7.52;10.37;0.0;4.662;4.57;33.3
1980-10-05;3.12;6.97;10.82;6.4;3.502;4.01;39.46
1980-10-06;-1.4;2.01;5.42;5.81;4.426;5.24;36.03
1980-10-07;-1.8;0.62;3.05;0.0;7.894;5.21;26.82
1980-10-08;-2.59;0.49;3.57;0.0;6.784;1.84;26.32
1980-10-09;-3.39;3.48;10.36;0.0;10.412;4.27;25.53
1980-10-10;3.48;10.19;16.89;0.0;3.317;5.23;62.95
1980-10-11;7.09;11.63;16.16;0.0;9.445;2.17;57.26
1980-10-12;5.25;9.36;13.46;8.89;2.304;3.37;49.29
1980-10-13;10.14;14.14;18.15;0.0;7.649;3.25;74.38
1980-10-14;5.89;9.58;13.27;0.0;3.294;3.23;48.58
1980-10-15;2.71;6.9;11.09;0.0;7.131;2.57;42.43
1980-10-16;2.27;8.11;13.94;2.71;8.119;3.32;36.31
1980-10-17;5.28;8.26;11.23;1.14;4.685;2.7;42.72
1980-10-18;3.6;6.29;8.97;4.99;3.745;4.82;46.66
1980-10-19;1.4;4.45;7.5;0.49;4.19;3.49;41.26
1980-10-20;1.07;4.1;7.13;0.0;3.802;3.19;40.31
1980-10-21;-0.57;2.78;6.13;0.0;4.737;2.8;30.94
1980-10-22;0.36;2.52;4.67;9.37;3.371;4.34;39.56
1980-10-23;2.56;4.11;5.66;9.44;2.667;3.59;46.21
1980-10-24;0.27;2.07;3.87;6.5;2.94;4.73;40.51
1980-10-25;-0.71;2.33;5.38;0.0;5.587;1.38;34.55
1980-10-26;-1.51;2.15;5.8;0.0;8.792;1.62;33.4
1980-10-27;-1.14;2.37;5.88;0.0;7.379;1.65;33.49
1980-10-28;-0.75;3.8;8.35;9.9;1.992;4.53;40.62
1980-10-29;7.2;10.64;14.09;0.0;2.859;2.89;85.56
1980-10-30;8.77;11.32;13.88;0.0;3.256;5.21;80.41
1980-10-31;6.74;9.56;12.38;0.0;5.991;3.91;58.35
1980-11-01;5.68;9.1;12.52;0.0;6.995;2.38;79.24
1980-11-02;8.22;10.13;12.04;0.0;4.463;3.44;80.22
1980-11-03;-1.36;5.07;11.5;0.0;3.895;3.89;71.11
1980-11-04;-3.08;-1.55;-0.03;0.0;6.307;3.8;45.73
1980-11-05;-7.59;-4.52;-1.45;0.0;6.407;4.24;35.38
1980-11-06;-10.58;-7.96;-5.34;0.0;9.253;4.23;27.55
1980-11-07;-10.28;-6.8;-3.33;0.0;8.201;3.78;26.29
1980-11-08;-10.09;-6.57;-3.05;0.0;8.128;3.94;25.64
1980-11-09;-8.93;-5.41;-1.89;0.0;5.21;2.66;37.2
1980-11-10;-4.93;-1.95;1.02;0.0;4.034;2.01;52.31
1980-11-11;-3.88;-1.06;1.76;0.0;5.53;2.72;54.02
1980-11-12;-2.0;0.23;2.45;0.0;5.709;2.26;58.15
1980-11-13;-2.22;0.24;2.71;0.0;5.645;1.75;54.01
1980-11-14;-1.17;1.58;4.33;0.0;4.738;2.89;60.95
1980-11-15;2.19;5.42;8.65;0.0;4.908;3.81;71.18
1980-11-16;2.49;6.01;9.53;0.0;4.522;3.33;71.46
1980-11-17;3.11;5.93;8.76;0.0;1.987;2.07;78.53
1980-11-18;-1.37;1.06;3.49;0.0;2.43;2.42;65.18
1980-11-19;-4.55;-2.65;-0.76;0.0;5.101;1.76;47.92
1980-11-20;-4.61;-1.3;2.01;0.71;2.421;4.12;42.46
1980-11-21;2.06;5.39;8.72;0.0;1.314;4.24;78.63
1980-11-22;0.6;5.04;9.47;0.0;2.356;6.68;68.73
1980-11-23;-1.97;0.51;2.98;0.0;3.299;2.2;61.5
1980-11-24;-2.94;-0.55;1.84;6.36;2.553;2.91;55.26
1980-11-25;1.82;5.05;8.28;0.39;2.214;4.21;77.55
1980-11-26;3.14;5.75;8.36;1.37;1.119;2.26;75.11
1980-11-27;3.43;6.7;9.97;0.0;1.604;1.82;75.85
1980-11-28;0.59;3.37;6.15;0.0;4.441;3.8;70.82
1980-11-29;-1.86;0.62;3.11;0.0;3.751;4.12;62.93
1980-11-30;-3.57;-1.65;0.26;0.0;4.337;2.47;52.73
1980-12-01;-5.54;-2.79;-0.05;0.0;4.732;1.96;53.13
1980-12-02;-6.56;-3.81;-1.07;0.0;5.094;1.9;45.55
1980-12-03;-5.01;-2.46;0.09;0.0;4.523;2.78;49.18
1980-12-04;-2.9;-0.67;1.56;0.0;4.141;3.35;66.0
1980-12-05;-2.26;-0.52;1.22;0.0;4.264;2.4;63.52
1980-12-06;-4.45;-2.33;-0.2;0.0;4.086;2.0;58.31
1980-12-07;-4.51;-2.31;-0.12;0.0;4.164;1.41;57.82
1980-12-08;-4.66;-0.41;3.84;4.52;3.252;3.41;62.54
1980-12-09;-0.42;2.14;4.7;0.0;1.548;2.01;81.04
1980-12-10;-1.35;0.88;3.1;0.0;2.638;0.5;68.49
1980-12-11;-1.85;1.73;5.31;0.17;2.513;2.53;71.01
1980-12-12;0.59;3.89;7.19;1.43;1.395;3.52;84.52
1980-12-13;-1.12;0.4;1.93;7.11;3.85;3.55;67.31
1980-12-14;-1.0;3.37;7.74;5.66;1.128;5.85;73.87
1980-12-15;6.12;7.22;8.33;0.0;1.465;3.82;87.51
1980-12-16;5.47;7.3;9.14;4.25;1.627;3.59;85.52
1980-12-17;5.62;7.81;10.0;1.12;0.396;5.9;87.57
1980-12-18;7.63;8.51;9.38;8.09;0.932;4.68;93.89
1980-12-19;3.49;6.2;8.91;0.42;1.093;1.11;84.34
1980-12-20;3.44;6.17;8.89;5.43;0.707;4.46;84.88
1980-12-21;2.39;5.66;8.92;0.55;3.193;3.73;84.77
1980-12-22;-1.01;1.52;4.04;0.0;4.082;2.27;70.05
1980-12-23;-3.11;-1.46;0.19;14.74;1.512;5.57;68.74
1980-12-24;-10.93;-6.43;-1.94;8.27;2.692;7.46;49.08
1980-12-25;-14.18;-12.2;-10.21;0.0;4.441;5.07;28.36
1980-12-26;-12.78;-7.17;-1.56;0.0;2.668;3.11;45.57
1980-12-27;-5.01;-2.79;-0.57;0.0;2.652;2.21;62.09
1980-12-28;-9.77;-6.5;-3.22;0.0;5.027;3.25;43.86
1980-12-29;-10.69;-8.74;-6.79;0.0;5.263;3.05;37.15
1980-12-30;-11.2;-9.39;-7.59;0.0;5.028;2.89;37.66
1980-12-31;-11.92;-8.88;-5.84;2.06;4.949;4.58;37.72
1981-01-01;-8.48;-6.9;-5.32;1.88;3.593;6.97;59.14
1981-01-02;-8.4;-6.79;-5.17;10.6;2.335;6.59;60.04
1981-01-03;-6.0;-3.76;-1.52;0.66;2.108;3.68;68.33
1981-01-04;-3.75;-2.54;-1.34;0.92;3.157;2.31;70.73
1981-01-05;-6.17;-3.0;0.16;0.0;3.496;2.88;69.75
1981-01-06;-5.02;-2.93;-0.85;0.75;5.069;3.47;71.32
1981-01-07;-6.2;-3.04;0.12;0.34;2.684;2.75;70.29
1981-01-08;-11.14;-7.48;-3.81;0.0;4.083;3.75;59.97
1981-01-09;-12.84;-7.54;-2.23;0.53;4.679;2.38;52.42
1981-01-10;-3.73;-2.19;-0.66;0.0;2.177;3.24;76.17
1981-01-11;-3.57;-1.2;1.17;0.0;2.685;2.72;77.69
1981-01-12;-3.9;-2.04;-0.18;0.0;5.788;2.34;72.29
1981-01-13;-3.96;-1.48;1.01;0.0;4.836;1.63;70.41
1981-01-14;0.46;0.85;1.24;0.0;2.935;2.06;80.95
1981-01-15;0.62;1.1;1.58;0.0;3.437;1.94;81.12
1981-01-16;-0.6;0.24;1.07;0.59;2.945;3.2;79.86
1981-01-17;-0.1;0.11;0.32;0.0;2.904;2.99;79.79
1981-01-18;-0.82;-0.17;0.47;0.0;3.012;2.54;78.46
1981-01-19;-2.44;-0.9;0.64;2.0;3.782;3.69;77.05
1981-01-20;-0.29;-0.08;0.13;1.92;3.318;5.44;78.84
1981-01-21;-4.73;-2.29;0.15;0.0;2.986;5.34;70.04
1981-01-22;-7.5;-3.31;0.88;0.0;5.681;2.76;65.0
1981-01-23;-0.25;0.21;0.66;0.96;2.732;5.0;80.08
1981-01-24;0.1;2.43;4.76;0.83;3.98;5.17;81.36
1981-01-25;0.05;2.53;5.02;0.75;4.072;5.68;79.49
1981-01-26;-0.5;2.56;5.61;1.3;2.593;5.96;77.82
1981-01-27;-0.76;1.05;2.86;1.32;2.53;2.21;80.03
1981-01-28;-4.08;-1.19;1.7;0.48;3.167;4.89;75.6
1981-01-29;-6.32;-4.5;-2.68;0.0;6.611;6.62;58.14
1981-01-30;-7.72;-5.83;-3.94;0.0;4.948;3.34;56.58
1981-01-31;-10.04;-7.9;-5.77;0.0;6.342;2.2;49.29
1981-02-01;-8.67;-6.73;-4.8;1.67;4.09;1.12;43.4
1981-02-02;-7.12;-5.42;-3.72;0.0;4.584;3.53;47.89
1981-02-03;-7.88;-3.33;1.23;1.98;4.37;3.37;58.25
1981-02-04;-2.64;-1.46;-0.27;2.69;2.897;4.9;60.71
1981-02-05;-2.01;-0.9;0.2;0.45;3.616;3.82;63.44
1981-02-06;-2.93;-1.5;-0.06;0.9;6.995;1.87;61.25
1981-02-07;-3.13;-0.79;1.55;2.73;4.457;3.36;64.07
1981-02-08;-0.47;1.08;2.64;1.85;7.637;5.45;68.5
1981-02-09;-0.82;0.64;2.1;0.0;5.416;3.86;63.14
1981-02-10;-1.48;-0.18;1.12;0.0;7.378;4.08;61.42
1981-02-11;-0.62;0.27;1.16;1.05;3.572;4.26;64.74
1981-02-12;-0.68;0.38;1.45;1.8;4.831;4.67;62.29
1981-02-13;-0.53;1.65;3.83;1.71;4.641;4.87;69.16
1981-02-14;-0.87;3.63;8.13;0.0;3.981;5.07;80.59
1981-02-15;0.25;3.25;6.26;0.0;5.691;3.14;78.1
1981-02-16;1.04;4.77;8.5;0.0;4.654;3.59;82.79
1981-02-17;5.41;7.53;9.64;0.0;3.625;4.74;90.31
1981-02-18;2.59;6.21;9.83;2.0;5.481;6.21;83.2
1981-02-19;1.71;4.54;7.38;0.0;9.575;3.88;78.42
1981-02-20;-1.59;2.97;7.53;0.0;4.855;3.87;74.59
1981-02-21;-2.83;-0.46;1.91;0.38;8.476;4.18;59.19
1981-02-22;-1.96;-0.47;1.01;1.04;5.829;4.24;59.42
1981-02-23;-5.34;-3.07;-0.8;0.0;4.43;5.34;52.9
1981-02-24;-5.31;-3.83;-2.35;0.18;4.971;3.09;48.68
1981-02-25;-7.32;-4.08;-0.85;1.42;8.314;3.28;51.95
1981-02-26;-5.67;-3.09;-0.52;1.04;6.235;3.67;56.75
1981-02-27;-7.15;-2.48;2.19;1.33;6.041;2.82;59.52
1981-02-28;-0.91;0.88;2.66;0.88;6.972;5.71;61.95
1981-03-01;-2.79;-1.73;-0.66;0.0;5.651;5.41;39.16
1981-03-02;-3.21;-0.08;3.04;0.77;5.147;3.99;49.77
1981-03-03;0.82;1.74;2.66;2.13;2.865;1.13;63.28
1981-03-04;-2.18;0.52;3.23;0.77;3.869;4.82;48.05
1981-03-05;-1.99;0.11;2.21;0.0;6.869;2.15;44.22
1981-03-06;-1.42;1.17;3.76;2.6;6.486;3.91;51.15
1981-03-07;-0.42;2.03;4.48;0.0;6.028;2.81;47.63
1981-03-08;-2.36;0.5;3.35;0.0;12.587;4.2;42.66
1981-03-09;-3.18;1.56;6.3;0.0;8.002;3.69;50.04
1981-03-10;-0.83;4.04;8.9;0.0;13.008;2.22;50.94
1981-03-11;-0.87;4.74;10.35;0.0;11.89;2.69;56.07
1981-03-12;0.35;6.3;12.26;0.0;9.922;3.7;65.0
1981-03-13;2.09;7.34;12.59;4.23;9.699;4.18;67.76
1981-03-14;-1.15;1.78;4.72;0.0;7.878;4.31;53.65
1981-03-15;-2.33;2.27;6.88;0.0;10.106;4.4;46.23
1981-03-16;-0.51;3.88;8.27;0.0;9.958;3.12;50.88
1981-03-17;-2.65;-0.26;2.12;0.0;5.429;7.06;50.53
1981-03-18;-3.72;-1.35;1.01;0.0;9.407;6.69;38.61
1981-03-19;-4.63;-2.54;-0.45;0.0;8.008;5.5;37.99
1981-03-20;-5.38;-1.28;2.81;0.0;10.32;3.27;39.17
1981-03-21;-1.42;2.02;5.45;0.0;13.462;4.01;42.92
1981-03-22;-1.88;1.37;4.61;3.47;8.314;4.98;49.37
1981-03-23;-0.69;0.67;2.03;4.26;5.41;7.47;54.0
1981-03-24;-2.33;-0.91;0.52;0.26;6.97;6.0;40.24
1981-03-25;-2.98;-0.45;2.08;0.94;10.781;7.62;40.44
1981-03-26;-3.3;-1.03;1.23;0.8;13.721;4.6;36.55
1981-03-27;-1.81;4.01;9.84;0.44;15.326;3.5;52.68
1981-03-28;-1.64;3.25;8.13;0.0;14.126;5.17;51.4
1981-03-29;-2.37;2.95;8.28;0.0;15.155;2.36;39.38
1981-03-30;-0.41;4.51;9.44;0.0;12.101;4.21;60.44
1981-03-31;2.86;8.92;14.98;0.0;18.179;4.91;69.21
1981-04-01;4.1;10.59;17.08;0.0;16.175;3.36;45.95
1981-04-02;0.3;5.3;10.3;0.0;13.846;5.93;33.77
1981-04-03;-3.81;-1.02;1.77;0.0;7.401;4.64;27.73
1981-04-04;-3.37;2.09;7.55;0.34;10.354;4.17;34.27
1981-04-05;-1.01;3.67;8.36;0.0;8.775;4.19;35.35
1981-04-06;-1.87;2.85;7.57;0.32;9.15;2.21;34.96
1981-04-07;0.05;4.34;8.63;0.0;10.237;1.14;34.71
1981-04-08;3.12;6.86;10.59;0.0;8.737;1.9;39.13
1981-04-09;3.27;7.1;10.94;0.0;7.998;1.86;42.7
1981-04-10;5.1;8.61;12.12;0.0;13.433;1.17;38.61
1981-04-11;4.5;8.92;13.34;0.0;14.141;1.75;35.53
1981-04-12;2.7;8.72;14.75;0.0;19.913;3.31;35.18
1981-04-13;5.68;8.99;12.3;0.21;7.32;1.11;53.13
1981-04-14;5.21;11.65;18.09;0.51;20.34;3.08;37.51
1981-04-15;7.38;10.2;13.02;13.39;5.124;3.45;68.14
1981-04-16;9.89;11.47;13.05;7.06;4.025;1.09;80.01
1981-04-17;9.27;13.69;18.1;0.0;14.014;0.55;73.46
1981-04-18;7.85;13.22;18.59;0.0;18.125;1.39;53.99
1981-04-19;8.09;14.14;20.2;0.0;19.609;0.7;48.82
1981-04-20;8.93;14.73;20.54;0.0;17.593;1.95;57.01
1981-04-21;9.49;15.7;21.9;0.0;20.079;1.98;43.52
1981-04-22;8.52;14.23;19.94;0.0;20.386;4.3;51.19
1981-04-23;7.77;12.98;18.2;0.0;11.516;4.34;58.29
1981-04-24;7.09;12.89;18.7;0.0;15.145;1.01;41.46
1981-04-25;7.28;12.62;17.96;0.0;16.29;2.73;44.98
1981-04-26;6.57;12.9;19.24;0.42;22.821;4.22;47.75
1981-04-27;9.09;13.18;17.27;0.0;7.866;4.82;70.79
1981-04-28;8.4;9.88;11.35;0.32;4.425;3.3;64.74
1981-04-29;8.14;10.07;12.0;0.38;6.373;1.03;67.64
1981-04-30;8.77;13.67;18.57;0.44;15.833;2.09;60.32
1981-05-01;10.38;14.96;19.55;1.7;11.613;3.43;49.04
1981-05-02;9.13;15.65;22.17;0.0;20.6;3.37;40.06
1981-05-03;7.79;14.4;21.01;0.0;23.426;2.17;33.67
1981-05-04;9.89;15.37;20.84;0.0;17.626;2.5;32.66
1981-05-05;10.38;16.8;23.23;0.0;24.681;2.7;28.53
1981-05-06;9.66;15.28;20.89;5.26;17.289;3.11;40.58
1981-05-07;8.25;12.35;16.45;0.0;14.385;4.66;37.15
1981-05-08;6.09;12.33;18.57;0.0;22.476;4.68;20.8
1981-05-09;4.33;12.36;20.38;0.0;27.702;2.26;26.66
1981-05-10;8.24;15.24;22.24;0.0;26.046;2.47;28.23
1981-05-11;10.61;16.12;21.62;0.0;17.829;1.66;31.34
1981-05-12;7.62;15.21;22.79;0.0;20.46;2.69;30.17
1981-05-13;4.23;10.34;16.44;0.0;24.343;3.51;18.05
1981-05-14;2.68;8.73;14.79;1.75;17.79;4.77;28.18
1981-05-15;7.14;12.34;17.53;0.0;18.772;4.56;28.67
1981-05-16;6.25;13.67;21.09;0.0;28.335;1.16;27.5
1981-05-17;10.17;16.61;23.06;0.0;25.6;0.72;27.46
1981-05-18;10.54;17.48;24.43;0.0;25.985;0.74;29.36
1981-05-19;11.92;18.81;25.7;0.0;24.053;1.99;31.71
1981-05-20;11.82;18.73;25.65;0.0;27.893;2.59;31.39
1981-05-21;11.88;18.89;25.91;0.0;29.312;1.7;32.11
1981-05-22;13.72;21.06;28.4;0.0;28.095;2.18;37.68
1981-05-23;15.32;21.6;27.88;0.0;23.771;2.17;42.32
1981-05-24;16.23;20.74;25.25;0.0;14.606;0.83;45.11
1981-05-25;15.83;20.06;24.29;1.22;14.976;1.12;48.33
1981-05-26;17.02;21.31;25.61;0.0;14.892;1.49;46.27
1981-05-27;17.33;22.78;28.24;0.0;21.589;1.9;40.94
1981-05-28;16.18;22.32;28.46;0.0;19.56;2.37;49.78
1981-05-29;14.3;19.25;24.2;0.0;12.941;5.04;47.47
1981-05-30;11.69;15.16;18.64;22.78;4.47;4.04;68.15
1981-05-31;16.32;20.91;25.49;32.04;13.578;1.21;85.44
1981-06-01;17.37;22.33;27.29;1.1;20.805;3.34;62.03
1981-06-02;15.86;20.66;25.45;1.56;17.853;3.62;52.58
1981-06-03;16.37;21.29;26.21;0.0;19.396;1.76;58.39
1981-06-04;16.48;21.29;26.09;0.0;17.873;2.17;59.34
1981-06-05;17.43;22.61;27.78;0.0;22.48;1.84;48.18
1981-06-06;17.19;22.16;27.14;0.79;20.397;1.2;53.29
1981-06-07;18.13;21.69;25.25;2.86;11.464;0.56;69.93
1981-06-08;15.61;20.95;26.3;0.0;14.981;1.76;54.12
1981-06-09;13.87;18.66;23.45;0.0;24.249;3.02;30.94
1981-06-10;12.51;19.39;26.28;0.0;21.136;2.29;33.11
1981-06-11;14.29;19.31;24.33;0.0;26.724;2.68;26.03
1981-06-12;13.45;20.37;27.28;1.88;22.523;2.3;40.19
1981-06-13;17.18;22.06;26.95;0.0;28.776;2.8;39.51
1981-06-14;16.97;21.06;25.16;0.0;15.878;1.98;42.58
1981-06-15;18.06;21.93;25.81;0.0;12.144;2.05;43.91
1981-06-16;20.9;25.74;30.58;0.0;17.528;1.41;73.17
1981-06-17;20.91;25.98;31.06;0.0;17.945;1.23;71.52
1981-06-18;17.41;24.34;31.26;6.06;20.597;3.99;63.04
1981-06-19;15.38;20.11;24.83;0.0;30.243;2.38;25.46
1981-06-20;14.33;21.07;27.81;0.0;23.102;1.32;27.57
1981-06-21;17.3;23.52;29.75;0.0;28.209;2.7;29.61
1981-06-22;16.85;24.0;31.15;0.0;29.146;3.17;29.83
1981-06-23;17.86;24.06;30.26;0.0;27.539;3.04;29.27
1981-06-24;17.6;22.63;27.66;0.0;17.621;2.54;36.83
1981-06-25;18.79;22.82;26.85;0.0;16.311;0.86;39.64
1981-06-26;19.0;23.98;28.96;0.0;20.11;0.8;40.01
1981-06-27;18.66;23.57;28.48;11.49;17.716;1.7;59.12
1981-06-28;15.96;19.62;23.27;43.53;11.589;2.82;75.95
1981-06-29;14.57;19.59;24.6;0.0;24.446;4.84;29.41
1981-06-30;13.61;19.51;25.41;0.0;19.442;1.59;30.34
1981-07-01;18.05;22.63;27.2;0.6;20.863;2.1;37.96
1981-07-02;18.91;20.33;21.75;0.27;3.484;1.91;77.86
1981-07-03;18.36;21.95;25.53;3.94;10.398;1.47;75.01
1981-07-04;18.1;21.76;25.42;10.09;12.293;1.85;87.07
1981-07-05;17.38;22.18;26.98;5.03;19.834;2.65;45.64
1981-07-06;15.88;18.64;21.39;1.37;11.806;4.19;37.72
1981-07-07;14.01;19.21;24.41;0.0;21.491;4.06;17.45
1981-07-08;13.24;18.73;24.23;0.0;20.415;2.8;20.81
1981-07-09;14.14;18.5;22.86;0.6;17.254;2.56;24.41
1981-07-10;15.43;20.48;25.53;0.0;20.945;2.44;21.75
1981-07-11;15.59;20.26;24.92;1.48;14.277;1.48;27.33
1981-07-12;14.08;18.39;22.71;0.0;18.34;2.62;26.79
1981-07-13;15.46;20.84;26.22;0.0;20.65;1.67;24.99
1981-07-14;17.73;20.71;23.69;1.43;8.28;1.85;34.82
1981-07-15;13.94;19.1;24.26;10.12;12.893;1.38;35.74
1981-07-16;12.84;19.24;25.64;0.0;24.673;2.51;19.59
1981-07-17;15.08;20.67;26.26;0.17;20.124;2.63;24.16
1981-07-18;17.56;22.63;27.7;0.2;19.206;2.23;36.81
1981-07-19;16.11;21.2;26.28;8.72;17.534;2.94;38.36
1981-07-20;14.76;20.52;26.29;20.35;20.599;1.7;32.45
1981-07-21;11.09;14.4;17.71;8.59;4.257;4.1;28.32
1981-07-22;10.66;16.34;22.01;0.0;19.761;2.54;20.06
1981-07-23;12.65;18.14;23.64;0.0;19.634;1.43;18.6
1981-07-24;13.79;17.2;20.61;5.64;6.234;1.51;35.02
1981-07-25;16.27;19.42;22.58;8.19;7.124;2.51;64.15
1981-07-26;12.82;18.07;23.33;0.0;16.337;2.54;28.37
1981-07-27;12.21;18.92;25.63;0.0;21.339;0.84;20.13
1981-07-28;15.3;19.02;22.73;3.74;16.117;0.92;34.56
1981-07-29;15.01;21.8;28.6;0.0;19.856;3.1;24.31
1981-07-30;14.76;21.61;28.46;11.8;19.983;3.01;24.92
1981-07-31;12.79;18.55;24.32;0.0;19.499;4.05;24.67
1981-08-01;12.94;19.52;26.1;0.0;16.303;2.42;44.57
1981-08-02;13.6;20.86;28.11;0.0;21.938;2.38;38.13
1981-08-03;15.06;22.66;30.27;0.57;22.619;3.96;51.52
1981-08-04;12.74;19.2;25.65;0.0;24.57;3.24;25.34
1981-08-05;13.14;19.4;25.66;0.0;25.933;2.12;26.78
1981-08-06;16.16;22.84;29.51;0.54;21.685;2.75;53.31
1981-08-07;16.82;23.74;30.66;0.0;20.69;2.86;28.75
1981-08-08;16.55;23.98;31.4;0.0;25.434;2.1;26.83
1981-08-09;12.39;18.19;23.98;0.0;13.426;4.34;33.33
1981-08-10;10.61;16.6;22.59;0.0;21.203;2.62;19.6
1981-08-11;11.86;18.62;25.38;0.0;24.666;1.36;19.35
1981-08-12;14.25;21.09;27.93;0.0;24.451;1.9;20.04
1981-08-13;16.14;22.95;29.77;0.0;23.896;1.11;19.7
1981-08-14;16.07;23.19;30.3;0.0;22.304;1.43;20.59
1981-08-15;17.5;24.11;30.71;0.0;21.193;1.98;39.99
1981-08-16;16.05;21.83;27.61;0.0;18.109;3.14;54.81
1981-08-17;14.48;20.51;26.54;0.0;23.097;2.82;24.63
1981-08-18;13.4;19.38;25.35;0.0;22.188;2.1;25.21
1981-08-19;13.79;20.02;26.26;0.0;20.531;1.36;24.0
1981-08-20;14.56;20.85;27.14;0.0;21.093;1.14;23.09
1981-08-21;15.97;22.3;28.64;0.0;21.605;0.17;26.95
1981-08-22;16.5;23.06;29.63;0.0;21.435;0.92;25.42
1981-08-23;16.28;22.95;29.62;0.0;20.512;2.2;26.75
1981-08-24;13.56;19.41;25.26;0.0;20.254;2.83;23.22
1981-08-25;13.71;20.46;27.21;0.87;19.731;1.86;20.0
1981-08-26;14.4;19.7;25.0;0.0;19.807;3.32;21.06
1981-08-27;12.45;17.98;23.51;0.0;19.39;3.36;19.26
1981-08-28;13.64;18.22;22.8;1.33;10.645;4.21;25.45
1981-08-29;11.85;17.13;22.41;0.0;15.565;4.05;21.08
1981-08-30;11.87;17.95;24.03;0.0;19.247;0.36;19.8
1981-08-31;12.36;18.94;25.51;0.0;15.565;2.0;19.51
1981-09-01;13.11;19.92;26.73;0.0;11.639;2.07;35.19
1981-09-02;15.08;20.83;26.58;0.0;13.761;1.55;53.37
1981-09-03;12.81;20.14;27.48;0.0;14.906;3.67;36.86
1981-09-04;10.6;16.27;21.93;0.0;19.259;3.43;30.07
1981-09-05;10.08;13.76;17.44;2.26;7.898;2.93;35.08
1981-09-06;11.54;15.04;18.54;2.12;7.941;3.71;31.98
1981-09-07;11.36;13.74;16.13;2.3;6.475;3.29;40.81
1981-09-08;12.13;15.7;19.27;1.62;6.115;3.08;51.33
1981-09-09;9.11;14.36;19.6;0.0;17.783;3.58;29.11
1981-09-10;8.03;15.07;22.12;0.0;19.005;2.41;24.49
1981-09-11;10.32;18.28;26.24;0.0;18.638;3.66;22.66
1981-09-12;11.88;18.91;25.95;0.0;18.198;1.8;31.4
1981-09-13;12.37;18.88;25.38;0.0;15.354;1.9;37.8
1981-09-14;12.99;20.11;27.22;0.0;16.899;1.09;35.43
1981-09-15;11.39;18.97;26.55;3.81;13.6;2.66;43.97
1981-09-16;8.31;14.27;20.23;0.0;17.728;3.71;32.31
1981-09-17;5.99;12.29;18.59;0.0;17.722;1.53;22.64
1981-09-18;7.05;15.15;23.25;0.0;17.436;3.06;22.8
1981-09-19;7.97;16.98;25.99;0.0;16.54;3.53;24.1
1981-09-20;10.25;17.91;25.57;0.49;10.275;4.82;52.96
1981-09-21;9.93;13.62;17.3;0.0;8.752;1.96;25.9
1981-09-22;9.64;14.18;18.72;0.0;11.038;1.66;24.76
1981-09-23;10.45;14.84;19.23;0.0;5.969;1.8;25.46
1981-09-24;7.87;13.27;18.67;0.0;16.673;3.92;26.75
1981-09-25;6.32;11.27;16.22;0.0;10.847;3.15;25.63
1981-09-26;5.26;10.84;16.42;0.0;12.305;3.45;28.22
1981-09-27;9.26;13.54;17.82;3.44;5.797;3.64;52.65
1981-09-28;11.34;14.64;17.95;3.29;4.382;3.67;64.12
1981-09-29;11.12;16.03;20.94;10.55;9.494;4.51;46.97
1981-09-30;12.62;15.8;18.98;0.0;4.776;0.64;82.3
1981-10-01;13.91;18.95;23.99;0.0;10.71;1.37;85.55
1981-10-02;12.39;18.53;24.67;0.0;14.626;1.65;79.92
1981-10-03;12.46;18.3;24.13;0.0;14.52;2.17;69.5
1981-10-04;11.27;17.43;23.59;0.0;14.536;2.17;60.94
1981-10-05;10.85;17.34;23.83;0.0;14.823;1.13;39.85
1981-10-06;9.63;15.75;21.88;0.0;14.513;1.47;41.29
1981-10-07;8.53;13.15;17.77;0.0;9.585;2.66;48.38
1981-10-08;1.53;7.26;12.99;0.29;5.464;4.9;36.28
1981-10-09;-0.72;2.16;5.04;0.0;11.054;5.06;20.18
1981-10-10;-3.14;0.6;4.34;0.0;9.546;3.17;21.28
1981-10-11;-4.14;0.3;4.73;0.0;14.087;3.3;20.02
1981-10-12;-3.92;2.29;8.5;0.0;3.244;4.97;21.85
1981-10-13;5.39;9.47;13.56;0.0;5.855;5.21;37.01
1981-10-14;-1.48;2.59;6.67;0.0;6.982;3.94;29.65
1981-10-15;-3.17;1.29;5.74;0.0;12.882;3.04;20.6
1981-10-16;2.37;7.01;11.64;1.46;6.233;3.79;34.14
1981-10-17;6.64;9.43;12.21;0.0;3.018;3.31;61.27
1981-10-18;8.09;11.5;14.92;0.0;4.489;5.05;45.66
1981-10-19;6.47;11.56;16.66;0.0;8.595;3.13;42.26
1981-10-20;3.43;11.21;18.98;0.0;5.915;4.55;34.75
1981-10-21;1.59;4.33;7.06;0.0;5.464;4.73;27.96
1981-10-22;3.36;7.22;11.08;2.26;4.241;5.05;39.71
1981-10-23;5.81;10.38;14.95;0.0;9.298;4.71;32.21
1981-10-24;2.63;6.56;10.49;0.0;9.296;4.41;32.73
1981-10-25;2.32;8.48;14.64;0.0;6.702;3.92;30.06
1981-10-26;8.24;12.93;17.61;0.0;8.039;4.04;33.27
1981-10-27;6.5;10.05;13.61;0.0;6.106;2.86;42.38
1981-10-28;1.47;5.39;9.31;0.0;4.228;5.09;41.23
1981-10-29;1.9;8.13;14.36;0.0;4.913;5.02;32.63
1981-10-30;4.2;8.61;13.02;0.0;6.279;4.8;37.01
1981-10-31;1.76;5.93;10.1;0.0;7.62;3.23;34.8
1981-11-01;3.15;6.42;9.69;0.0;7.763;2.75;65.08
1981-11-02;2.38;5.33;8.28;0.0;6.145;0.23;61.86
1981-11-03;1.26;4.42;7.59;0.0;8.459;0.42;56.92
1981-11-04;0.64;4.89;9.14;0.0;6.648;0.63;53.69
1981-11-05;3.13;6.63;10.14;0.0;6.567;1.37;53.71
1981-11-06;3.85;7.58;11.32;0.0;6.621;2.35;67.03
1981-11-07;4.01;7.18;10.36;0.0;5.535;0.73;71.38
1981-11-08;2.15;5.11;8.07;0.0;6.334;2.42;68.04
1981-11-09;3.12;4.46;5.79;0.0;2.406;2.98;69.24
1981-11-10;2.9;4.54;6.18;0.0;3.084;3.22;66.81
1981-11-11;4.0;7.08;10.17;0.0;4.054;2.17;69.96
1981-11-12;6.52;9.02;11.51;0.0;3.858;1.92;77.97
1981-11-13;4.25;7.28;10.3;0.0;2.587;3.44;76.82
1981-11-14;4.2;5.91;7.62;0.33;2.663;3.58;65.81
1981-11-15;4.89;6.4;7.92;0.88;2.017;1.05;72.35
1981-11-16;4.55;6.52;8.49;0.0;3.664;1.93;71.8
1981-11-17;1.69;4.26;6.83;0.0;3.065;3.57;68.71
1981-11-18;-5.28;-1.45;2.39;0.0;3.618;4.15;40.61
1981-11-19;-6.71;-4.44;-2.16;0.0;3.91;2.65;14.37
1981-11-20;-8.19;-5.7;-3.21;0.0;6.906;1.82;20.19
1981-11-21;-8.37;-5.99;-3.61;0.0;4.562;1.72;20.18
1981-11-22;-9.08;-6.45;-3.82;0.0;5.659;1.59;26.22
1981-11-23;-8.38;-5.56;-2.74;0.0;4.78;1.42;34.74
1981-11-24;-9.1;-6.18;-3.27;0.0;6.105;1.83;34.15
1981-11-25;-7.31;-4.37;-1.43;0.0;3.89;1.21;34.95
1981-11-26;-5.81;-2.76;0.29;0.0;4.399;1.5;45.36
1981-11-27;-7.07;-4.41;-1.75;0.0;5.964;2.54;35.5
1981-11-28;-8.18;-4.95;-1.72;0.0;1.777;2.44;39.18
1981-11-29;-9.48;-6.78;-4.08;0.0;5.962;1.32;27.42
1981-11-30;-9.75;-6.38;-3.01;0.0;5.812;3.14;29.66
1981-12-01;-6.09;-2.55;0.98;1.47;3.968;3.23;57.93
1981-12-02;-4.09;-1.92;0.24;0.0;4.946;0.89;57.5
1981-12-03;-6.87;-4.03;-1.18;0.0;4.92;1.68;49.41
1981-12-04;-7.54;-4.39;-1.25;0.0;4.292;3.26;53.4
1981-12-05;-3.52;-1.73;0.06;0.0;1.133;3.1;66.22
1981-12-06;-1.33;2.1;5.54;4.24;1.814;3.9;76.29
1981-12-07;-1.08;2.46;6.01;7.03;1.794;4.76;76.6
1981-12-08;-2.22;0.02;2.26;0.0;3.929;4.04;64.14
1981-12-09;-2.22;-0.49;1.25;0.0;3.664;1.53;63.45
1981-12-10;-2.57;-1.44;-0.31;0.0;3.453;3.36;64.15
1981-12-11;-3.02;-1.75;-0.47;5.6;3.438;4.96;59.14
1981-12-12;-3.3;-1.48;0.33;1.92;1.852;5.46;66.92
1981-12-13;-8.99;-5.39;-1.79;0.63;3.103;5.74;49.94
1981-12-14;-11.91;-9.77;-7.62;0.0;4.05;4.02;34.55
1981-12-15;-10.29;-7.79;-5.29;0.0;3.663;1.67;43.47
1981-12-16;-11.12;-7.88;-4.63;0.0;4.903;2.52;37.13
1981-12-17;-6.46;-3.36;-0.26;0.29;2.595;3.25;61.48
1981-12-18;-4.16;-2.03;0.1;0.0;3.021;3.62;65.25
1981-12-19;-11.1;-6.88;-2.67;0.0;4.99;5.22;45.26
1981-12-20;-13.26;-11.24;-9.22;0.0;5.356;3.3;29.52
1981-12-21;-12.69;-10.22;-7.76;0.99;5.13;2.45;19.05
1981-12-22;-9.16;-5.54;-1.91;8.96;3.044;3.66;54.91
1981-12-23;-10.75;-7.17;-3.6;0.0;4.115;4.02;47.42
1981-12-24;-12.11;-9.19;-6.27;0.0;5.386;1.24;34.58
1981-12-25;-7.74;-4.01;-0.29;2.12;3.202;3.72;59.36
1981-12-26;-2.91;-1.25;0.42;3.05;3.595;4.61;64.21
1981-12-27;-2.72;-0.73;1.27;0.0;3.351;5.49;65.97
1981-12-28;-3.06;-1.57;-0.09;0.0;3.182;5.35;62.23
1981-12-29;-5.72;-2.2;1.32;4.97;2.024;5.31;63.54
1981-12-30;-1.23;-0.26;0.72;0.0;3.829;4.18;70.24
1981-12-31;-3.68;-1.33;1.03;0.0;3.344;2.87;70.16
1982-01-01;-5.11;-3.04;-0.96;1.19;3.21;2.38;71.06
1982-01-02;-7.82;-5.36;-2.89;0.0;5.613;1.12;58.45
1982-01-03;-6.28;-3.81;-1.33;0.0;3.76;0.54;69.06
1982-01-04;-6.66;-3.44;-0.21;0.0;3.116;1.75;68.96
1982-01-05;-9.66;-6.98;-4.31;0.0;5.691;0.92;57.04
1982-01-06;-10.33;-8.31;-6.29;0.0;5.645;2.57;53.72
1982-01-07;-6.52;-3.05;0.42;0.0;2.363;3.89;68.88
1982-01-08;-1.1;0.38;1.85;0.0;3.15;3.66;80.19
1982-01-09;-0.1;2.53;5.15;0.0;1.922;3.38;79.76
1982-01-10;1.43;3.94;6.45;0.81;2.218;2.26;81.2
1982-01-11;-1.89;0.06;2.01;0.0;5.094;2.01;77.24
1982-01-12;-2.83;-0.73;1.38;0.0;5.305;2.43;70.77
1982-01-13;-2.06;0.46;2.97;0.0;1.82;2.65;78.37
1982-01-14;-0.7;1.39;3.48;0.0;2.301;3.1;81.19
1982-01-15;-6.3;-2.8;0.69;0.0;2.802;2.85;70.96
1982-01-16;-12.24;-9.21;-6.19;0.0;6.142;4.05;49.98
1982-01-17;-13.0;-9.99;-6.98;0.0;5.886;2.54;38.8
1982-01-18;-13.51;-10.41;-7.32;0.0;6.008;1.88;35.58
1982-01-19;-12.0;-9.04;-6.09;0.0;5.874;0.99;41.43
1982-01-20;-10.1;-7.39;-4.69;0.0;6.159;1.34;44.02
1982-01-21;-9.4;-5.96;-2.51;0.0;2.614;3.58;60.96
1982-01-22;-5.29;-2.37;0.56;0.0;4.806;4.75;61.26
1982-01-23;-4.48;-0.61;3.26;0.0;3.611;3.74;73.99
1982-01-24;-0.59;1.36;3.31;1.79;5.098;1.93;78.83
1982-01-25;2.26;3.44;4.61;0.0;2.29;1.24;80.21
1982-01-26;1.1;3.9;6.7;0.0;3.002;4.06;80.24
1982-01-27;0.07;2.78;5.49;2.44;3.648;3.74;81.38
1982-01-28;-1.09;1.01;3.11;0.0;4.178;3.47;76.07
1982-01-29;-0.82;1.55;3.91;3.26;3.242;4.04;77.39
1982-01-30;-1.9;-0.59;0.71;1.34;3.305;3.84;76.06
1982-01-31;-7.79;-4.63;-1.48;0.0;4.406;7.15;59.22
1982-02-01;-7.92;-5.03;-2.14;0.0;4.666;5.18;47.74
1982-02-02;-9.0;-4.35;0.3;0.0;6.159;2.45;48.85
1982-02-03;-3.61;-1.25;1.1;2.67;3.346;3.2;62.35
1982-02-04;-4.56;-2.06;0.43;0.0;5.184;2.34;59.06
1982-02-05;-4.53;-1.77;1.0;0.4;3.005;5.27;61.14
1982-02-06;0.24;0.92;1.6;0.0;2.968;6.24;65.47
1982-02-07;0.2;0.79;1.39;0.56;3.483;5.41;64.32
1982-02-08;-4.38;-1.22;1.94;0.0;4.521;3.7;60.88
1982-02-09;-12.03;-6.85;-1.67;0.0;5.816;5.82;40.14
1982-02-10;-18.62;-13.89;-9.15;0.0;8.183;6.23;20.57
1982-02-11;-18.93;-15.53;-12.13;0.0;9.585;4.53;8.83
1982-02-12;-18.9;-14.15;-9.4;0.0;9.733;1.14;15.95
1982-02-13;-13.31;-8.35;-3.38;0.0;6.795;3.57;35.95
1982-02-14;-9.19;-4.21;0.77;2.0;3.958;3.68;57.67
1982-02-15;-3.01;-0.52;1.96;0.0;7.179;3.63;63.22
1982-02-16;-3.38;0.18;3.73;0.41;6.051;5.62;61.16
1982-02-17;-0.12;2.19;4.5;1.69;3.858;4.31;73.64
1982-02-18;0.25;0.66;1.06;0.3;3.904;3.97;67.28
1982-02-19;-8.44;-3.74;0.95;1.17;4.622;5.26;58.86
1982-02-20;-10.81;-8.13;-5.44;0.0;10.52;5.79;40.36
1982-02-21;-12.06;-8.19;-4.31;0.0;9.4;3.35;31.75
1982-02-22;-12.85;-7.83;-2.82;0.0;11.242;4.75;38.27
1982-02-23;-10.05;-5.69;-1.32;0.0;11.514;5.75;41.42
1982-02-24;-11.1;-6.36;-1.62;0.0;6.198;5.79;46.43
1982-02-25;-9.93;-4.72;0.49;0.0;12.193;4.23;43.79
1982-02-26;-6.56;-1.91;2.73;0.0;10.301;3.65;53.93
1982-02-27;-5.7;-1.27;3.16;0.0;12.456;1.94;54.64
1982-02-28;-4.25;-0.03;4.19;0.0;6.754;3.53;59.66
1982-03-01;-4.11;-0.38;3.35;0.0;7.138;3.0;41.73
1982-03-02;-3.82;-0.34;3.14;0.0;11.902;1.49;40.64
1982-03-03;-2.43;0.88;4.19;0.0;11.905;0.73;39.09
1982-03-04;-0.9;2.23;5.36;0.0;6.55;0.79;55.99
1982-03-05;-0.16;2.96;6.08;0.0;5.823;0.54;56.95
1982-03-06;-0.56;4.38;9.32;0.0;12.088;1.42;48.05
1982-03-07;-0.85;4.56;9.96;0.0;13.033;2.03;43.2
1982-03-08;0.07;5.04;10.0;0.0;10.997;1.43;53.69
1982-03-09;3.07;4.5;5.92;2.01;2.982;0.28;73.79
1982-03-10;0.78;3.21;5.63;1.39;3.845;1.94;68.02
1982-03-11;-2.8;1.6;6.01;0.0;13.434;3.72;40.76
1982-03-12;-4.52;0.63;5.78;0.0;15.976;3.58;37.3
1982-03-13;-4.34;0.35;5.03;0.0;15.965;2.83;37.46
1982-03-14;-4.12;0.4;4.92;0.0;15.15;1.23;37.34
1982-03-15;-1.27;2.57;6.4;0.0;15.605;0.49;39.35
1982-03-16;-2.75;2.98;8.71;2.9;11.964;3.84;47.76
1982-03-17;3.4;6.08;8.77;8.04;4.167;1.58;76.71
1982-03-18;-2.95;1.52;6.0;4.64;2.743;4.19;64.32
1982-03-19;-3.18;-1.69;-0.19;0.0;7.055;3.87;39.08
1982-03-20;-5.57;-3.23;-0.89;0.0;9.347;5.09;37.36
1982-03-21;-5.75;-1.17;3.42;0.0;16.482;2.38;38.03
1982-03-22;-4.74;-0.47;3.8;0.0;11.22;2.22;38.45
1982-03-23;-5.35;-1.51;2.33;0.0;17.819;2.14;33.81
1982-03-24;-4.79;-0.56;3.67;0.96;13.231;3.57;38.02
1982-03-25;-1.57;0.01;1.59;0.89;6.032;3.39;46.8
1982-03-26;-1.45;0.32;2.09;0.0;8.542;2.62;43.0
1982-03-27;-2.85;3.15;9.15;0.0;19.091;1.51;39.31
1982-03-28;-0.54;6.54;13.62;0.0;19.557;1.8;41.76
1982-03-29;1.4;8.31;15.23;0.0;17.315;3.89;46.63
1982-03-30;0.93;6.72;12.52;0.0;14.887;7.48;36.55
1982-03-31;-0.35;5.8;11.95;0.0;10.688;6.54;33.79
1982-04-01;2.35;9.14;15.94;0.0;13.056;3.86;34.13
1982-04-02;6.97;11.4;15.83;0.0;6.594;2.85;43.99
1982-04-03;8.98;13.81;18.64;0.0;10.555;1.63;61.13
1982-04-04;8.28;14.48;20.69;0.0;16.081;1.25;55.71
1982-04-05;8.25;14.35;20.44;0.0;17.353;1.5;44.16
1982-04-06;5.99;12.34;18.69;0.0;18.364;1.68;33.78
1982-04-07;5.2;11.64;18.09;0.0;18.359;1.78;39.01
1982-04-08;5.38;11.38;17.39;0.0;18.082;2.41;41.17
1982-04-09;3.65;8.56;13.47;0.0;14.594;3.06;38.56
1982-04-10;0.82;5.41;10.0;0.0;20.923;3.2;27.35
1982-04-11;0.04;6.4;12.76;0.0;20.898;0.98;22.06
1982-04-12;3.58;8.98;14.39;1.88;16.686;4.22;30.28
1982-04-13;3.03;6.0;8.97;4.23;11.359;4.69;38.99
1982-04-14;5.2;9.45;13.69;0.58;9.8;2.83;42.47
1982-04-15;2.73;5.36;7.99;10.48;5.955;4.3;47.2
1982-04-16;1.95;6.96;11.96;0.0;17.76;2.59;34.7
1982-04-17;0.74;6.42;12.09;0.0;14.1;2.9;33.26
1982-04-18;0.08;4.08;8.07;0.0;12.087;2.14;31.99
1982-04-19;-0.98;3.49;7.96;0.0;18.719;3.18;15.05
1982-04-20;-1.91;2.74;7.39;0.36;12.249;2.34;24.06
1982-04-21;-0.91;4.08;9.06;1.57;15.594;4.54;24.22
1982-04-22;-0.67;5.17;11.0;0.0;20.604;0.71;18.92
1982-04-23;2.65;7.7;12.75;0.0;16.921;0.35;25.48
1982-04-24;1.76;8.77;15.77;0.0;24.316;2.96;29.8
1982-04-25;4.21;10.8;17.4;0.0;21.852;1.14;35.53
1982-04-26;5.28;11.29;17.29;0.0;21.255;3.25;47.88
1982-04-27;8.04;13.32;18.61;0.48;15.313;3.35;50.24
1982-04-28;8.29;13.12;17.94;1.53;14.602;1.42;56.66
1982-04-29;8.05;14.39;20.74;0.0;24.918;2.57;46.16
1982-04-30;8.5;14.74;20.98;0.0;24.034;2.33;50.12
1982-05-01;10.37;13.0;15.63;0.0;13.903;3.03;40.18
1982-05-02;7.18;10.21;13.24;28.52;4.046;4.68;40.63
1982-05-03;7.19;10.87;14.55;31.15;4.288;3.01;46.73
1982-05-04;11.69;12.13;12.58;0.6;3.26;1.49;48.91
1982-05-05;11.01;15.98;20.94;0.0;16.946;0.74;46.13
1982-05-06;13.66;17.3;20.93;11.91;7.022;1.09;76.35
1982-05-07;13.46;18.2;22.94;0.0;19.34;2.08;71.48
1982-05-08;14.01;19.91;25.81;3.35;16.93;2.69;73.15
1982-05-09;12.68;17.2;21.73;4.58;6.595;1.56;79.84
1982-05-10;6.17;11.59;17.02;0.72;14.507;6.65;38.01
1982-05-11;4.54;10.41;16.28;0.0;28.322;4.67;29.54
1982-05-12;3.14;10.03;16.91;0.0;28.653;3.33;28.81
1982-05-13;4.25;10.88;17.51;0.0;25.644;3.08;29.64
1982-05-14;3.76;10.24;16.72;0.0;27.061;2.47;27.51
1982-05-15;5.4;12.43;19.45;0.0;28.816;2.3;28.01
1982-05-16;6.81;14.01;21.22;0.0;22.791;2.69;29.61
1982-05-17;10.63;17.63;24.63;0.0;25.331;2.1;41.99
1982-05-18;14.35;19.3;24.25;1.18;16.763;2.68;57.59
1982-05-19;12.53;17.25;21.97;0.0;10.425;3.96;50.85
1982-05-20;11.18;16.09;20.99;1.74;17.551;3.03;48.85
1982-05-21;12.63;17.77;22.91;0.0;19.161;1.13;44.35
1982-05-22;14.64;19.1;23.56;0.64;17.011;1.85;45.42
1982-05-23;14.34;16.99;19.64;11.4;5.717;2.3;75.74
1982-05-24;13.1;16.36;19.62;6.02;6.803;2.02;69.01
1982-05-25;12.64;17.16;21.68;0.0;14.829;1.68;54.97
1982-05-26;13.68;16.8;19.93;0.23;10.808;2.58;67.68
1982-05-27;13.39;16.31;19.23;0.0;8.853;3.05;58.65
1982-05-28;12.3;15.12;17.93;0.0;6.747;3.24;62.36
1982-05-29;11.89;16.03;20.17;0.0;10.162;2.59;54.96
1982-05-30;10.14;16.71;23.28;0.0;29.243;3.02;40.51
1982-05-31;8.51;14.45;20.4;0.0;28.42;3.52;39.05
1982-06-01;10.99;16.18;21.38;0.0;17.099;2.96;39.81
1982-06-02;11.24;14.1;16.96;0.0;3.584;2.05;48.41
1982-06-03;14.09;17.88;21.67;0.95;9.736;0.64;63.78
1982-06-04;16.0;18.69;21.37;2.4;6.151;1.77;70.6
1982-06-05;16.46;20.78;25.1;0.0;20.634;2.07;47.16
1982-06-06;16.54;21.96;27.39;0.0;23.214;0.45;36.94
1982-06-07;17.76;22.27;26.79;1.14;19.1;3.32;57.96
1982-06-08;15.26;18.55;21.84;8.39;9.13;4.69;54.11
1982-06-09;14.74;19.14;23.55;8.57;17.839;3.14;64.01
1982-06-10;15.52;19.14;22.77;8.26;14.13;2.83;65.61
1982-06-11;15.34;20.53;25.72;0.0;20.657;2.4;47.68
1982-06-12;14.32;20.61;26.89;0.0;25.174;1.72;39.74
1982-06-13;15.22;20.8;26.39;0.0;21.684;2.37;53.38
1982-06-14;16.48;22.43;28.37;0.0;24.996;1.14;47.78
1982-06-15;19.21;23.56;27.91;0.9;18.334;1.17;65.68
1982-06-16;18.64;23.01;27.37;1.54;13.855;1.59;75.06
1982-06-17;17.12;20.33;23.54;14.65;6.972;2.16;78.62
1982-06-18;16.89;21.45;26.01;0.0;18.185;1.62;67.32
1982-06-19;11.97;18.58;25.19;0.0;19.55;3.96;40.27
1982-06-20;9.53;14.9;20.27;0.0;30.497;3.89;26.56
1982-06-21;10.39;15.87;21.34;0.0;24.9;3.0;28.9
1982-06-22;11.14;18.05;24.97;0.0;25.93;2.14;23.81
1982-06-23;14.01;20.47;26.93;0.0;26.813;2.02;33.41
1982-06-24;16.49;21.28;26.07;0.52;19.05;0.85;55.03
1982-06-25;16.86;21.98;27.09;3.18;18.801;3.0;52.55
1982-06-26;14.4;19.03;23.66;3.12;19.552;2.45;32.53
1982-06-27;13.86;18.64;23.42;0.0;17.314;2.04;39.65
1982-06-28;14.73;18.98;23.24;0.0;17.042;1.72;39.96
1982-06-29;12.49;19.32;26.14;9.0;18.685;3.18;39.62
1982-06-30;12.39;17.27;22.14;0.76;17.851;2.82;39.35
1982-07-01;14.02;18.64;23.27;5.85;15.348;1.87;34.78
1982-07-02;13.98;20.52;27.05;0.0;29.014;0.57;28.74
1982-07-03;16.6;22.33;28.05;0.0;19.627;2.09;37.11
1982-07-04;18.52;24.45;30.38;0.0;21.027;2.8;33.0
1982-07-05;15.38;18.73;22.09;1.55;11.0;2.42;45.21
1982-07-06;14.64;18.52;22.39;1.33;9.752;2.55;39.78
1982-07-07;12.93;17.56;22.19;2.98;18.032;3.47;24.21
1982-07-08;12.51;18.84;25.18;0.0;18.824;2.8;24.52
1982-07-09;17.5;23.46;29.43;0.0;21.916;1.6;34.53
1982-07-10;16.03;23.12;30.2;0.0;27.733;3.31;18.01
1982-07-11;13.25;16.25;19.25;19.05;11.283;4.1;31.54
1982-07-12;11.54;15.83;20.12;3.38;17.716;2.72;24.5
1982-07-13;11.09;17.84;24.6;0.0;20.547;1.76;18.17
1982-07-14;15.55;20.75;25.95;0.0;15.498;1.64;24.36
1982-07-15;17.0;23.48;29.95;0.0;22.607;2.35;23.52
1982-07-16;15.61;21.41;27.22;9.43;16.004;3.24;33.32
1982-07-17;13.99;19.46;24.92;39.47;18.784;1.74;28.72
1982-07-18;12.09;15.95;19.81;39.87;9.634;5.27;42.68
1982-07-19;11.13;16.97;22.81;0.0;23.469;2.71;24.47
1982-07-20;12.83;19.41;25.99;0.0;22.424;2.8;24.57
1982-07-21;15.01;22.0;29.0;0.0;25.387;3.24;25.82
1982-07-22;16.76;23.61;30.46;0.0;24.329;2.42;34.02
1982-07-23;18.42;25.02;31.63;0.0;24.909;2.1;42.41
1982-07-24;20.52;26.55;32.57;0.0;23.908;1.38;67.65
1982-07-25;19.39;24.97;30.55;0.0;26.245;1.74;48.06
1982-07-26;18.32;24.4;30.48;0.0;22.55;0.92;46.74
1982-07-27;18.99;25.25;31.51;1.46;19.499;2.77;66.04
1982-07-28;17.4;23.91;30.43;0.0;25.563;2.25;34.96
1982-07-29;19.44;25.79;32.13;0.0;25.072;1.25;44.13
1982-07-30;18.36;24.12;29.88;0.0;25.47;2.18;33.15
1982-07-31;17.75;24.34;30.94;0.0;23.013;1.9;24.79
1982-08-01;17.49;22.28;27.08;0.0;15.858;2.11;51.42
1982-08-02;14.92;20.11;25.29;0.0;15.083;1.71;35.03
1982-08-03;13.97;19.95;25.93;0.0;20.963;2.82;32.75
1982-08-04;14.47;20.5;26.53;0.0;23.556;1.71;34.08
1982-08-05;15.27;21.96;28.66;0.0;25.331;2.3;28.78
1982-08-06;13.32;20.35;27.38;2.17;21.681;3.55;26.64
1982-08-07;11.41;17.66;23.9;0.0;24.968;2.22;21.68
1982-08-08;13.12;18.63;24.14;0.0;20.003;1.74;21.54
1982-08-09;12.5;19.1;25.7;0.0;24.508;0.37;21.76
1982-08-10;14.68;21.46;28.24;0.0;24.271;1.24;22.93
1982-08-11;16.26;23.27;30.27;0.0;24.945;2.29;19.25
1982-08-12;14.8;21.26;27.72;0.49;20.936;2.22;28.33
1982-08-13;13.43;20.03;26.63;0.0;23.626;0.6;22.9
1982-08-14;15.4;22.61;29.81;0.0;22.61;2.22;23.0
1982-08-15;16.18;21.69;27.19;1.06;14.215;1.52;48.92
1982-08-16;14.2;20.55;26.89;12.36;12.976;3.1;47.09
1982-08-17;13.04;19.27;25.5;0.0;21.706;2.46;28.09
1982-08-18;11.9;17.4;22.9;0.0;18.007;3.81;22.33
1982-08-19;11.0;16.05;21.11;0.19;17.596;2.87;20.09
1982-08-20;10.81;16.95;23.09;0.13;14.141;2.42;20.63
1982-08-21;15.98;22.39;28.81;0.0;20.326;4.32;24.42
1982-08-22;16.48;23.07;29.66;4.08;18.55;5.25;26.62
1982-08-23;13.14;18.34;23.55;0.0;18.103;3.07;25.16
1982-08-24;12.87;18.52;24.18;0.0;19.966;0.71;19.59
1982-08-25;11.92;17.99;24.06;0.0;20.744;3.27;20.04
1982-08-26;10.92;17.52;24.13;0.0;20.51;2.76;19.44
1982-08-27;13.53;19.61;25.68;0.0;17.34;3.78;20.85
1982-08-28;13.01;17.98;22.96;4.01;10.856;4.29;41.84
1982-08-29;14.58;19.88;25.18;6.18;9.249;3.47;59.76
1982-08-30;12.93;18.54;24.14;1.52;10.778;4.25;56.26
1982-08-31;11.58;17.55;23.53;0.0;19.572;2.74;24.46
1982-09-01;9.66;16.07;22.48;0.0;22.149;0.79;37.27
1982-09-02;12.99;18.39;23.79;0.0;19.189;0.4;37.02
1982-09-03;12.1;16.0;19.9;0.74;6.252;3.32;56.99
1982-09-04;12.12;14.29;16.47;1.86;6.668;5.04;48.32
1982-09-05;10.57;13.47;16.38;3.96;4.844;3.69;50.5
1982-09-06;8.83;13.59;18.35;0.0;15.185;2.65;27.57
1982-09-07;7.83;12.04;16.24;0.0;9.466;2.0;28.14
1982-09-08;9.23;14.5;19.76;0.0;12.886;2.72;32.26
1982-09-09;8.2;14.99;21.79;3.29;18.435;2.94;29.47
1982-09-10;10.87;14.85;18.83;0.0;12.634;3.1;29.99
1982-09-11;12.01;16.29;20.56;0.0;15.094;2.82;30.68
1982-09-12;12.22;16.45;20.67;9.78;6.384;3.08;55.7
1982-09-13;6.72;11.48;16.25;13.38;6.606;3.73;46.86
1982-09-14;5.64;10.78;15.91;0.0;17.844;2.96;26.2
1982-09-15;5.72;12.29;18.86;0.0;14.403;2.29;23.01
1982-09-16;10.86;14.8;18.75;2.98;10.102;2.15;38.91
1982-09-17;8.33;13.98;19.62;3.54;6.999;3.44;40.32
1982-09-18;8.37;11.71;15.06;0.0;5.697;4.05;39.28
1982-09-19;7.46;13.49;19.52;0.0;16.048;1.19;38.73
1982-09-20;8.35;15.42;22.49;0.0;16.032;3.03;31.85
1982-09-21;12.19;16.49;20.79;0.0;13.399;2.09;40.96
1982-09-22;8.32;13.74;19.16;0.0;15.673;2.21;32.34
1982-09-23;7.24;13.36;19.47;0.0;14.788;0.85;34.94
1982-09-24;8.78;15.79;22.8;0.0;14.768;2.15;29.38
1982-09-25;10.34;17.0;23.66;0.0;14.759;1.41;27.62
1982-09-26;12.69;18.31;23.93;0.0;14.686;0.21;28.59
1982-09-27;12.69;18.75;24.82;0.0;14.091;1.3;30.46
1982-09-28;6.51;11.68;16.84;0.0;5.213;4.19;37.19
1982-09-29;4.38;10.65;16.92;0.0;14.029;2.79;23.82
1982-09-30;5.38;12.51;19.64;0.0;12.574;2.35;34.38
1982-10-01;9.11;15.09;21.08;0.0;14.089;2.29;51.59
1982-10-02;2.17;7.86;13.55;0.0;7.161;3.77;37.99
1982-10-03;0.26;6.62;12.97;0.0;15.295;3.24;29.83
1982-10-04;1.42;7.71;14.0;0.0;15.564;2.78;20.59
1982-10-05;1.29;8.61;15.93;0.0;15.132;3.39;18.64
1982-10-06;3.25;10.96;18.67;0.0;14.472;4.04;26.37
1982-10-07;4.67;10.82;16.96;0.0;13.912;1.87;33.91
1982-10-08;6.55;12.4;18.25;0.0;13.365;1.27;40.38
1982-10-09;6.42;11.59;16.76;0.0;13.277;1.75;40.29
1982-10-10;5.11;11.12;17.12;0.0;12.812;1.61;35.24
1982-10-11;5.73;12.62;19.5;0.0;12.923;3.05;32.27
1982-10-12;7.07;13.79;20.51;0.0;12.656;2.58;32.95
1982-10-13;9.43;15.89;22.35;0.0;8.117;3.33;34.69
1982-10-14;7.77;14.27;20.77;0.0;10.952;2.85;50.25
1982-10-15;9.43;15.76;22.09;0.0;10.261;2.51;54.64
1982-10-16;11.48;17.38;23.29;0.0;8.441;1.72;56.06
1982-10-17;10.44;14.96;19.49;0.0;8.99;0.87;70.18
1982-10-18;11.96;15.03;18.09;1.2;5.318;0.65;81.3
1982-10-19;11.62;15.45;19.28;0.0;5.206;3.53;64.31
1982-10-20;10.04;15.12;20.2;0.0;9.782;2.36;48.63
1982-10-21;12.04;15.22;18.41;0.0;5.375;2.58;49.9
1982-10-22;13.58;17.4;21.22;0.0;5.032;0.42;76.9
1982-10-23;10.89;15.9;20.91;0.0;8.976;1.67;72.25
1982-10-24;9.49;14.89;20.28;0.49;7.033;3.92;40.96
1982-10-25;5.97;10.06;14.16;0.0;5.723;3.67;46.48
1982-10-26;4.08;8.41;12.75;0.0;8.649;0.66;41.38
1982-10-27;5.24;10.3;15.36;0.0;4.978;3.19;49.79
1982-10-28;7.9;13.46;19.03;0.0;6.206;2.93;58.58
1982-10-29;8.72;14.54;20.35;0.0;8.406;3.24;59.56
1982-10-30;8.52;13.91;19.31;0.0;7.782;3.24;56.46
1982-10-31;7.39;10.72;14.05;0.0;4.26;3.18;49.41
1982-11-01;1.05;4.72;8.39;0.0;9.188;3.7;60.64
1982-11-02;-0.24;3.45;7.14;0.0;7.662;2.03;56.47
1982-11-03;-0.28;3.89;8.06;0.0;6.817;1.91;51.0
1982-11-04;-2.28;0.97;4.21;0.0;4.689;3.56;51.0
1982-11-05;-5.03;-1.81;1.42;0.0;4.579;4.48;37.22
1982-11-06;-7.97;-4.87;-1.77;0.0;8.82;3.43;31.23
1982-11-07;-9.61;-6.66;-3.71;0.0;8.902;3.47;27.47
1982-11-08;-9.98;-6.47;-2.96;0.0;8.376;3.12;30.4
1982-11-09;-9.18;-5.43;-1.68;0.0;5.96;2.62;31.95
1982-11-10;-4.46;-1.88;0.7;0.0;3.448;2.67;34.9
1982-11-11;-6.17;-2.78;0.61;0.0;5.921;2.91;35.01
1982-11-12;-7.51;-4.22;-0.93;0.0;7.649;2.65;20.14
1982-11-13;-7.27;-3.32;0.62;0.0;3.192;2.25;46.7
1982-11-14;-0.8;2.14;5.08;0.45;1.412;3.32;69.42
1982-11-15;4.39;7.26;10.13;6.26;1.198;4.14;79.26
1982-11-16;0.62;4.17;7.73;0.0;4.668;3.2;69.21
1982-11-17;-0.72;0.83;2.38;1.91;2.984;3.13;64.63
1982-11-18;-0.32;2.31;4.94;0.0;4.471;3.98;60.48
1982-11-19;-2.59;-0.35;1.89;0.2;4.52;1.5;43.11
1982-11-20;-0.4;2.05;4.51;0.37;1.554;4.11;69.98
1982-11-21;-7.22;-3.51;0.2;0.0;5.39;5.13;35.15
1982-11-22;-9.78;-8.02;-6.25;0.0;5.596;4.18;25.79
1982-11-23;-8.3;-5.21;-2.13;0.0;4.828;3.33;34.2
1982-11-24;-6.06;-3.72;-1.39;0.0;2.658;4.42;40.22
1982-11-25;-8.4;-5.82;-3.24;0.0;5.904;3.29;34.82
1982-11-26;-5.12;-2.96;-0.79;0.0;2.811;2.85;49.48
1982-11-27;-3.43;-1.88;-0.32;0.74;1.66;4.09;58.37
1982-11-28;-10.96;-5.54;-0.11;0.0;4.202;4.02;35.13
1982-11-29;-12.88;-7.24;-1.59;1.56;6.156;2.7;24.41
1982-11-30;-5.52;-2.43;0.65;0.45;1.936;4.87;62.78
1982-12-01;-7.5;-4.2;-0.9;0.96;3.163;3.33;49.4
1982-12-02;-2.37;-0.84;0.7;0.15;3.603;2.95;68.5
1982-12-03;-0.56;1.71;3.98;0.21;3.226;2.97;72.1
1982-12-04;-1.0;1.25;3.51;0.0;3.008;3.23;70.86
1982-12-05;0.08;2.4;4.72;0.0;2.349;3.54;76.91
1982-12-06;3.27;6.69;10.12;0.56;1.847;5.29;84.89
1982-12-07;-0.14;4.92;9.98;8.73;0.292;6.6;84.0
1982-12-08;-3.69;-1.4;0.89;0.0;4.816;3.72;61.62
1982-12-09;-3.91;-1.83;0.26;0.0;4.399;2.33;58.18
1982-12-10;-3.89;-1.7;0.5;0.0;4.069;4.45;60.68
1982-12-11;-4.0;-0.94;2.13;0.0;1.726;3.25;68.58
1982-12-12;-2.11;-0.02;2.07;0.0;3.398;3.32;67.34
1982-12-13;0.4;2.72;5.04;0.0;4.243;4.83;78.59
1982-12-14;3.33;5.08;6.82;0.0;1.674;1.92;84.11
1982-12-15;3.67;5.25;6.82;0.0;1.515;3.88;84.75
1982-12-16;1.43;4.76;8.1;0.0;1.725;2.93;84.01
1982-12-17;1.32;4.42;7.51;0.0;3.141;2.36;79.55
1982-12-18;4.1;5.4;6.71;0.0;1.007;2.33;85.18
1982-12-19;3.92;5.54;7.17;1.67;1.192;2.7;84.94
1982-12-20;5.86;7.12;8.38;4.83;1.293;4.59;86.7
1982-12-21;4.41;6.8;9.19;0.0;2.303;4.76;85.32
1982-12-22;6.25;7.73;9.21;8.64;0.382;6.55;89.71
1982-12-23;6.59;8.28;9.97;0.29;3.406;5.5;87.02
1982-12-24;5.17;7.51;9.86;1.22;0.528;5.94;89.66
1982-12-25;5.55;7.82;10.1;0.0;1.837;3.09;87.32
1982-12-26;6.49;7.49;8.48;4.8;1.11;2.22;87.22
1982-12-27;1.32;4.51;7.7;0.0;4.059;1.67;83.84
1982-12-28;-0.12;2.4;4.93;0.0;3.295;2.11;74.26
1982-12-29;-2.25;-0.12;2.01;0.0;3.679;2.44;64.05
1982-12-30;-3.14;-1.41;0.32;0.0;3.579;2.87;56.75
1982-12-31;-3.15;-1.32;0.51;0.0;3.889;0.95;56.24
1983-01-01;-2.2;-0.42;1.37;0.0;2.51;1.2;76.48
1983-01-02;-3.59;-1.71;0.17;0.0;5.118;1.11;71.12
1983-01-03;-4.1;-2.42;-0.75;0.0;3.428;0.51;67.61
1983-01-04;-6.43;-4.04;-1.65;0.0;3.24;2.2;63.5
1983-01-05;-6.92;-4.41;-1.89;0.0;3.469;2.87;62.0
1983-01-06;-6.65;-4.48;-2.31;0.0;3.142;3.86;64.6
1983-01-07;-7.77;-4.74;-1.71;0.0;3.593;3.94;60.0
1983-01-08;-10.71;-8.05;-5.4;0.0;5.444;3.11;51.35
1983-01-09;-11.38;-8.59;-5.79;0.0;5.462;3.5;50.31
1983-01-10;-7.07;-4.67;-2.27;0.0;2.481;3.71;64.7
1983-01-11;-4.35;-2.22;-0.1;1.24;3.373;3.53;66.05
1983-01-12;-4.6;-2.2;0.19;0.95;2.493;6.21;69.24
1983-01-13;-3.97;-1.28;1.42;2.01;1.39;4.45;77.08
1983-01-14;-1.92;-0.07;1.78;0.64;2.274;7.26;75.14
1983-01-15;-2.49;-0.93;0.63;0.0;5.015;4.23;70.63
1983-01-16;-1.25;0.38;2.0;0.45;3.376;3.68;77.16
1983-01-17;-0.84;1.53;3.89;1.3;2.793;3.52;79.05
1983-01-18;-2.97;-0.74;1.49;0.0;4.897;2.74;72.9
1983-01-19;-3.73;-1.17;1.4;0.13;3.652;4.27;73.35
1983-01-20;-0.27;0.61;1.5;0.0;2.678;2.35;78.03
1983-01-21;-2.79;-0.64;1.52;0.0;5.61;1.89;74.83
1983-01-22;-3.95;-1.33;1.29;0.0;3.948;3.11;74.67
1983-01-23;0.75;1.86;2.97;0.0;1.903;2.35;81.46
1983-01-24;0.15;2.71;5.26;0.0;2.081;4.44;81.14
1983-01-25;0.2;2.51;4.82;5.3;2.085;5.5;82.05
1983-01-26;0.79;2.58;4.36;0.0;3.1;4.76;77.29
1983-01-27;0.7;4.63;8.55;0.0;4.526;3.81;81.05
1983-01-28;5.53;7.15;8.78;7.18;2.959;2.73;95.79
1983-01-29;4.63;5.98;7.33;2.74;4.957;4.49;84.55
1983-01-30;0.03;3.94;7.85;8.81;2.665;6.23;81.75
1983-01-31;0.09;2.98;5.86;0.0;3.659;2.97;80.64
1983-02-01;-0.52;3.42;7.37;0.0;4.99;3.07;72.49
1983-02-02;-1.89;-0.02;1.85;1.81;2.765;4.67;67.42
1983-02-03;-3.68;-1.49;0.7;0.0;7.169;4.82;57.0
1983-02-04;-3.95;-1.08;1.8;0.0;7.295;1.56;55.69
1983-02-05;-2.96;0.2;3.35;0.0;4.228;4.53;66.96
1983-02-06;0.68;2.91;5.14;0.0;3.875;4.76;72.39
1983-02-07;0.25;4.23;8.21;0.0;3.889;5.33;81.08
1983-02-08;4.56;6.67;8.79;1.86;3.421;4.46;86.82
1983-02-09;2.99;5.76;8.54;1.32;1.933;3.05;86.7
1983-02-10;-0.18;2.24;4.65;0.0;3.467;1.56;68.1
1983-02-11;-0.79;2.77;6.34;0.0;8.19;2.12;67.09
1983-02-12;0.45;3.27;6.1;0.0;3.254;2.7;79.27
1983-02-13;1.81;3.21;4.61;5.86;3.341;1.15;75.51
1983-02-14;-0.39;3.9;8.19;0.0;6.794;3.27;76.06
1983-02-15;2.38;5.71;9.03;0.0;5.458;4.01;79.44
1983-02-16;3.72;7.1;10.48;0.0;6.871;4.28;83.26
1983-02-17;3.64;6.8;9.96;0.0;5.098;2.5;83.13
1983-02-18;1.54;5.2;8.86;0.0;9.622;0.63;76.43
1983-02-19;1.36;6.05;10.75;0.0;9.939;1.78;74.97
1983-02-20;0.69;5.88;11.08;0.0;10.048;3.67;76.76
1983-02-21;2.15;6.04;9.94;1.74;5.021;3.18;83.49
1983-02-22;4.73;8.08;11.43;0.89;5.73;2.99;84.87
1983-02-23;0.0;4.62;9.24;0.0;9.167;1.88;75.01
1983-02-24;-0.24;3.71;7.66;0.0;11.121;1.39;64.95
1983-02-25;-0.48;2.53;5.54;0.0;4.094;2.33;61.59
1983-02-26;-0.5;4.32;9.13;0.0;5.99;1.5;69.99
1983-02-27;3.09;6.75;10.41;0.0;5.581;6.08;79.44
1983-02-28;1.39;5.17;8.94;3.29;4.217;5.29;81.54
1983-03-01;0.17;2.19;4.2;0.0;4.571;3.49;59.24
1983-03-02;-0.67;3.65;7.97;0.0;8.622;3.23;52.74
1983-03-03;-1.03;2.57;6.18;2.79;8.897;1.57;47.05
1983-03-04;2.02;6.98;11.95;0.0;5.492;4.29;76.02
1983-03-05;0.39;3.74;7.09;0.45;9.986;1.95;55.9
1983-03-06;-0.25;4.96;10.16;0.0;10.948;1.68;64.91
1983-03-07;3.09;7.45;11.8;0.0;11.297;0.8;73.3
1983-03-08;4.06;9.14;14.23;0.0;11.07;1.91;76.29
1983-03-09;3.29;7.73;12.18;0.0;10.167;3.19;72.98
1983-03-10;5.87;7.39;8.91;1.4;3.641;1.18;81.68
1983-03-11;7.19;10.26;13.32;0.0;9.588;0.65;75.65
1983-03-12;3.88;8.16;12.45;0.0;6.82;1.47;76.56
1983-03-13;1.68;7.0;12.31;0.0;14.08;2.72;53.45
1983-03-14;0.03;6.22;12.42;0.0;15.401;3.02;38.3
1983-03-15;0.06;6.3;12.54;0.0;15.055;2.72;39.17
1983-03-16;2.68;8.41;14.13;0.0;14.799;3.83;45.95
1983-03-17;2.88;7.03;11.17;0.0;7.007;1.78;62.83
1983-03-18;6.21;10.99;15.77;0.0;10.252;3.71;63.11
1983-03-19;6.34;8.09;9.83;6.31;3.299;2.4;84.24
1983-03-20;3.9;7.12;10.34;0.0;12.304;2.28;66.46
1983-03-21;2.2;5.51;8.82;0.0;10.487;3.41;62.51
1983-03-22;1.07;6.34;11.61;0.0;16.031;4.72;49.18
1983-03-23;-0.14;5.85;11.84;0.0;17.318;5.18;42.46
1983-03-24;-0.45;4.95;10.34;0.0;14.208;5.35;38.05
1983-03-25;-0.73;5.89;12.52;0.0;18.502;3.9;37.27
1983-03-26;0.0;6.54;13.09;0.0;16.705;2.72;38.39
1983-03-27;1.68;7.71;13.73;0.0;13.23;1.31;43.13
1983-03-28;4.48;9.38;14.29;0.0;16.692;1.67;55.54
1983-03-29;4.8;10.15;15.51;0.0;17.801;0.16;61.25
1983-03-30;5.27;11.83;18.39;0.0;17.944;3.52;65.39
1983-03-31;6.36;10.65;14.94;0.0;9.216;3.7;82.48
1983-04-01;5.49;10.17;14.85;0.0;14.284;1.22;42.0
1983-04-02;8.03;14.11;20.19;0.0;16.943;4.07;36.45
1983-04-03;4.49;8.37;12.24;0.0;8.243;1.59;44.65
1983-04-04;3.57;9.23;14.9;0.0;14.353;1.07;34.7
1983-04-05;5.53;11.63;17.74;0.0;11.004;4.83;47.45
1983-04-06;8.12;12.97;17.83;0.43;10.759;5.65;51.81
1983-04-07;6.9;12.45;18.0;0.5;14.92;4.5;42.27
1983-04-08;4.78;7.59;10.4;0.43;6.123;3.31;48.36
1983-04-09;2.14;5.29;8.45;0.0;10.649;2.55;36.81
1983-04-10;1.61;7.18;12.76;0.0;17.511;2.85;38.7
1983-04-11;3.42;10.3;17.19;0.0;17.716;1.31;40.93
1983-04-12;7.31;11.88;16.46;1.06;8.031;2.96;49.11
1983-04-13;7.38;12.17;16.97;0.0;10.219;3.28;48.16
1983-04-14;8.42;12.11;15.8;0.48;10.333;2.22;56.92
1983-04-15;9.28;15.54;21.81;0.0;14.792;4.98;52.24
1983-04-16;4.6;9.07;13.55;7.89;7.417;3.64;51.55
1983-04-17;3.93;6.59;9.25;0.0;8.55;3.18;38.92
1983-04-18;3.32;6.63;9.94;0.0;12.099;1.93;37.04
1983-04-19;3.74;7.57;11.39;3.57;8.751;2.86;48.14
1983-04-20;0.53;3.96;7.38;0.0;11.016;4.33;35.18
1983-04-21;-1.1;3.81;8.72;0.0;17.247;5.49;27.58
1983-04-22;-2.21;3.57;9.36;0.0;25.444;4.29;21.48
1983-04-23;-1.11;5.74;12.59;0.0;23.169;2.48;30.49
1983-04-24;6.12;10.88;15.65;0.0;14.152;1.75;45.74
1983-04-25;8.0;13.48;18.96;1.07;10.959;4.96;46.99
1983-04-26;8.15;12.57;16.99;0.0;7.893;4.66;55.38
1983-04-27;8.51;13.04;17.58;9.17;9.67;4.31;63.92
1983-04-28;8.27;13.42;18.58;0.0;13.987;4.34;50.6
1983-04-29;9.26;13.18;17.11;1.23;10.111;3.54;68.21
1983-04-30;9.98;16.13;22.27;0.34;19.525;2.49;68.27
1983-05-01;14.09;19.06;24.04;0.85;17.727;1.62;55.22
1983-05-02;13.33;17.87;22.41;0.0;17.809;1.16;44.96
1983-05-03;13.45;18.91;24.37;0.0;18.611;0.63;42.18
1983-05-04;13.2;18.52;23.83;0.0;17.122;2.77;44.87
1983-05-05;8.89;15.31;21.73;0.64;16.568;4.66;38.27
1983-05-06;6.05;11.89;17.73;0.0;27.139;4.68;27.27
1983-05-07;4.9;11.76;18.62;0.0;26.114;1.96;27.51
1983-05-08;6.97;13.95;20.93;0.0;26.839;2.17;27.65
1983-05-09;7.81;14.1;20.4;0.0;26.985;3.88;27.26
1983-05-10;6.04;12.31;18.58;0.0;28.967;4.52;17.98
1983-05-11;6.34;12.56;18.79;0.0;25.321;3.68;22.35
1983-05-12;5.3;11.49;17.68;0.0;25.866;2.62;17.98
1983-05-13;7.31;14.05;20.79;1.84;18.591;2.49;28.26
1983-05-14;4.15;8.7;13.24;0.0;22.786;3.72;17.38
1983-05-15;5.02;9.94;14.86;0.0;24.035;1.66;19.34
1983-05-16;3.98;9.94;15.9;2.71;18.767;0.87;23.2
1983-05-17;4.08;8.07;12.06;2.98;8.806;3.41;36.36
1983-05-18;2.7;8.69;14.68;0.0;22.028;3.66;18.95
1983-05-19;3.99;11.14;18.28;0.0;22.538;3.45;23.67
1983-05-20;7.29;13.05;18.82;2.9;16.298;2.65;34.45
1983-05-21;7.73;13.54;19.36;0.43;27.234;2.52;31.26
1983-05-22;6.5;13.51;20.51;0.0;29.751;2.4;29.06
1983-05-23;9.0;15.63;22.27;0.0;27.208;4.62;28.44
1983-05-24;13.7;15.89;18.08;3.5;6.629;5.7;40.31
1983-05-25;13.32;16.93;20.53;12.57;9.444;3.65;69.37
1983-05-26;12.89;18.37;23.85;0.0;19.104;2.92;59.05
1983-05-27;14.36;21.32;28.28;0.0;25.137;3.68;51.29
1983-05-28;15.46;20.7;25.94;1.43;28.6;2.76;42.7
1983-05-29;13.24;19.36;25.49;0.0;23.34;2.6;42.8
1983-05-30;11.25;16.33;21.41;0.0;19.499;2.53;40.18
1983-05-31;11.34;17.63;23.91;0.0;21.551;1.7;38.28
1983-06-01;14.47;18.05;21.63;1.8;13.281;1.34;45.16
1983-06-02;14.1;18.95;23.81;14.89;17.957;1.03;48.47
1983-06-03;15.87;20.15;24.43;3.72;10.703;2.55;73.61
1983-06-04;15.53;19.95;24.37;0.0;23.181;1.53;46.44
1983-06-05;14.83;18.45;22.06;6.71;8.342;1.37;64.06
1983-06-06;11.15;14.99;18.83;0.0;18.007;3.57;29.39
1983-06-07;8.03;12.36;16.7;0.0;16.745;2.64;23.85
1983-06-08;7.38;14.96;22.53;0.0;24.847;2.9;23.97
1983-06-09;11.78;17.7;23.62;0.0;19.814;1.95;33.08
1983-06-10;12.69;18.23;23.77;0.11;19.204;4.1;35.4
1983-06-11;16.57;20.96;25.35;8.12;13.789;2.9;66.03
1983-06-12;16.38;21.71;27.04;1.59;18.155;1.21;60.17
1983-06-13;13.27;17.8;22.33;5.34;16.455;3.02;50.31
1983-06-14;11.62;17.44;23.26;0.0;23.937;1.15;34.79
1983-06-15;12.62;17.66;22.7;8.21;12.252;2.18;49.71
1983-06-16;10.68;15.81;20.95;0.0;27.263;4.0;25.03
1983-06-17;9.91;15.08;20.25;0.55;17.95;1.77;24.33
1983-06-18;10.83;15.18;19.53;1.05;13.932;1.8;34.76
1983-06-19;13.8;20.17;26.54;8.54;21.116;3.98;34.11
1983-06-20;12.19;15.48;18.78;2.48;11.258;5.01;33.73
1983-06-21;11.64;15.08;18.51;3.52;11.311;2.65;39.56
1983-06-22;9.89;14.13;18.36;0.0;10.65;3.68;38.53
1983-06-23;9.43;15.13;20.84;0.0;17.603;1.78;34.48
1983-06-24;12.67;18.93;25.2;0.0;17.609;1.85;47.46
1983-06-25;11.3;15.71;20.11;8.87;3.41;2.83;58.82
1983-06-26;9.72;14.58;19.44;0.0;22.194;3.11;23.92
1983-06-27;10.03;15.96;21.89;6.76;18.965;2.97;35.58
1983-06-28;11.85;17.04;22.24;5.34;15.728;4.06;39.82
1983-06-29;10.74;17.18;23.62;0.0;25.337;1.25;34.13
1983-06-30;12.3;17.05;21.81;0.24;15.261;2.09;38.37
1983-07-01;11.48;17.0;22.51;0.21;20.393;2.98;25.42
1983-07-02;11.41;18.14;24.88;13.97;24.548;1.31;25.02
1983-07-03;14.67;19.41;24.14;0.49;20.98;3.32;29.18
1983-07-04;14.23;19.0;23.76;2.82;14.158;2.09;35.63
1983-07-05;15.27;18.73;22.2;1.77;9.021;2.92;50.15
1983-07-06;14.97;20.27;25.58;11.03;20.087;2.36;33.67
1983-07-07;13.45;17.15;20.85;23.3;11.92;1.23;36.58
1983-07-08;12.67;17.64;22.61;1.07;19.771;1.28;28.65
1983-07-09;12.62;17.52;22.43;9.68;19.554;2.63;32.43
1983-07-10;12.06;17.44;22.82;2.95;17.676;4.08;28.92
1983-07-11;11.38;17.38;23.38;0.0;25.908;2.74;24.36
1983-07-12;13.46;19.84;26.23;21.84;18.87;3.51;39.66
1983-07-13;12.74;18.05;23.37;0.0;19.06;5.34;24.39
1983-07-14;11.85;17.1;22.35;2.14;19.74;2.72;30.92
1983-07-15;12.66;17.74;22.82;1.88;15.391;2.45;34.66
1983-07-16;13.6;18.83;24.06;0.0;20.386;1.93;27.94
1983-07-17;14.03;18.64;23.26;8.87;9.388;3.26;34.0
1983-07-18;13.73;16.12;18.5;4.17;7.152;4.23;34.16
1983-07-19;13.1;18.0;22.9;0.0;21.089;3.46;25.7
1983-07-20;13.33;19.3;25.27;0.86;19.993;2.19;29.59
1983-07-21;14.75;21.63;28.5;0.0;23.584;1.5;27.56
1983-07-22;15.37;20.88;26.39;0.0;20.234;1.48;37.42
1983-07-23;15.29;21.09;26.88;12.33;14.881;2.73;48.07
1983-07-24;15.54;19.7;23.87;0.0;22.403;2.63;28.72
1983-07-25;12.9;16.68;20.47;28.52;11.671;1.87;35.58
1983-07-26;11.64;15.88;20.11;2.46;13.047;2.73;31.31
1983-07-27;13.56;16.84;20.11;8.79;10.815;3.72;35.54
1983-07-28;13.55;18.77;23.98;0.0;19.888;1.92;28.09
1983-07-29;16.28;20.75;25.21;0.93;14.32;1.01;40.22
1983-07-30;16.7;20.14;23.58;15.94;11.28;1.01;66.13
1983-07-31;17.12;21.44;25.76;4.5;19.219;0.73;54.67
1983-08-01;13.0;17.59;22.18;0.0;20.127;2.96;51.81
1983-08-02;13.44;16.79;20.13;0.0;6.178;4.03;62.97
1983-08-03;13.07;16.62;20.16;0.0;9.253;4.1;53.87
1983-08-04;11.82;17.41;23.0;0.0;21.067;3.32;39.59
1983-08-05;11.6;18.62;25.64;0.0;26.135;1.1;27.59
1983-08-06;13.79;20.59;27.39;0.0;25.917;2.75;35.49
1983-08-07;14.33;19.82;25.3;0.0;23.892;1.96;50.68
1983-08-08;14.68;22.16;29.63;0.0;24.367;2.29;44.82
1983-08-09;17.6;24.4;31.2;0.0;23.88;0.71;43.96
1983-08-10;18.43;24.62;30.8;0.0;23.345;1.12;70.28
1983-08-11;17.58;24.09;30.6;0.0;23.075;1.6;77.37
1983-08-12;18.55;24.55;30.55;0.0;21.616;1.93;91.77
1983-08-13;17.97;24.25;30.54;10.84;20.333;2.12;82.9
1983-08-14;11.17;16.97;22.77;1.66;11.635;3.27;48.19
1983-08-15;9.81;15.09;20.37;0.0;18.171;2.84;23.0
1983-08-16;10.45;16.67;22.89;0.0;15.434;2.3;35.29
1983-08-17;12.9;19.23;25.56;0.0;21.31;1.54;41.97
1983-08-18;12.34;18.74;25.15;0.0;18.864;3.16;30.11
1983-08-19;10.17;15.44;20.71;0.0;18.028;1.58;19.7
1983-08-20;9.25;15.28;21.31;0.0;20.364;1.72;20.99
1983-08-21;8.22;14.36;20.49;0.0;22.807;1.19;21.01
1983-08-22;8.94;15.52;22.1;0.0;22.332;0.79;19.43
1983-08-23;11.23;17.91;24.58;0.47;20.689;2.77;22.92
1983-08-24;11.4;16.48;21.56;2.86;11.048;3.33;28.62
1983-08-25;11.67;17.89;24.12;0.0;19.736;2.29;31.24
1983-08-26;13.23;20.19;27.15;0.0;20.571;2.8;31.0
1983-08-27;14.26;20.97;27.68;0.0;20.581;3.01;22.23
1983-08-28;14.5;21.52;28.54;0.0;20.697;3.2;21.08
1983-08-29;13.35;19.42;25.49;13.0;17.744;2.81;42.19
1983-08-30;12.23;17.94;23.64;0.0;16.419;1.39;32.53
1983-08-31;12.58;19.72;26.86;0.0;17.866;2.96;28.45
1983-09-01;14.44;22.03;29.62;0.5;18.985;3.6;73.45
1983-09-02;16.82;22.79;28.75;2.24;13.65;2.44;87.55
1983-09-03;12.6;15.98;19.36;12.46;3.356;2.18;78.1
1983-09-04;11.06;16.16;21.27;0.0;19.624;2.64;44.51
1983-09-05;11.67;17.2;22.74;0.0;17.134;1.18;60.18
1983-09-06;8.55;13.67;18.79;0.0;6.297;3.16;54.75
1983-09-07;7.27;12.88;18.48;0.0;13.117;2.22;31.56
1983-09-08;6.5;12.77;19.04;0.0;19.847;1.3;29.16
1983-09-09;11.34;16.64;21.95;0.0;14.869;1.94;36.7
1983-09-10;12.86;18.52;24.17;0.0;15.96;1.64;55.47
1983-09-11;12.73;19.33;25.92;0.0;16.374;2.28;55.72
1983-09-12;12.85;18.93;25.01;1.23;14.981;3.3;68.24
1983-09-13;6.61;12.88;19.16;0.0;6.892;4.16;30.62
1983-09-14;5.33;9.02;12.7;2.11;7.018;3.3;23.92
1983-09-15;3.75;8.39;13.04;0.0;10.543;3.42;24.45
1983-09-16;2.9;9.72;16.55;0.0;11.072;2.93;24.66
1983-09-17;5.63;12.38;19.14;0.0;18.445;2.45;25.96
1983-09-18;5.86;13.06;20.26;0.0;17.343;2.15;26.1
1983-09-19;9.13;15.2;21.26;0.0;11.438;2.29;25.72
1983-09-20;11.8;14.84;17.87;0.92;5.091;3.01;25.76
1983-09-21;9.34;14.33;19.32;0.0;11.839;3.16;41.57
1983-09-22;8.55;14.48;20.41;0.0;11.363;2.75;35.02
1983-09-23;10.48;15.15;19.82;1.73;5.153;3.85;61.52
1983-09-24;10.11;13.86;17.61;0.0;7.442;3.9;37.0
1983-09-25;9.74;14.93;20.12;0.0;12.873;3.06;42.34
1983-09-26;8.76;15.24;21.72;0.0;13.211;2.16;34.71
1983-09-27;10.57;16.86;23.14;0.0;13.149;2.92;38.28
1983-09-28;9.02;15.3;21.59;2.08;5.477;3.46;62.36
1983-09-29;7.39;10.83;14.28;1.34;5.633;4.54;22.78
1983-09-30;4.03;8.75;13.46;7.82;6.888;3.04;28.55
1983-10-01;1.84;7.26;12.68;0.0;9.38;2.35;32.77
1983-10-02;6.2;12.47;18.75;0.0;15.154;5.09;31.18
1983-10-03;8.61;15.13;21.66;4.6;5.231;4.45;77.42
1983-10-04;6.23;9.41;12.58;9.07;3.115;3.03;50.61
1983-10-05;3.21;7.44;11.67;0.0;4.524;4.26;48.6
1983-10-06;1.77;5.78;9.79;6.4;10.377;3.37;37.44
1983-10-07;2.96;4.71;6.45;2.63;2.508;3.78;47.36
1983-10-08;2.29;5.4;8.52;0.58;3.414;4.01;47.68
1983-10-09;0.23;5.76;11.29;0.0;13.914;2.06;39.22
1983-10-10;2.63;8.23;13.83;0.0;11.995;2.04;34.92
1983-10-11;3.15;9.55;15.95;0.0;10.743;2.96;49.05
1983-10-12;4.46;9.14;13.83;0.0;12.214;1.19;42.95
1983-10-13;5.58;9.02;12.46;0.25;4.045;2.6;52.16
1983-10-14;8.98;14.02;19.06;0.0;7.363;3.93;52.49
1983-10-15;9.66;13.04;16.43;1.57;3.853;2.49;84.04
1983-10-16;6.36;9.88;13.4;0.0;4.104;2.06;69.05
1983-10-17;5.19;8.98;12.78;1.09;5.884;1.84;48.86
1983-10-18;6.25;11.37;16.49;0.48;6.923;3.3;61.92
1983-10-19;-1.78;3.06;7.9;0.0;5.764;5.16;33.34
1983-10-20;-3.47;1.16;5.8;0.0;11.856;3.04;25.38
1983-10-21;-3.78;2.07;7.91;0.0;11.851;3.15;20.84
1983-10-22;-3.18;3.23;9.63;0.0;11.273;3.21;18.69
1983-10-23;-1.27;4.83;10.94;0.0;10.53;3.68;18.77
1983-10-24;-0.59;5.07;10.73;0.0;9.272;3.73;21.42
1983-10-25;-1.62;3.98;9.59;0.0;9.59;2.66;32.19
1983-10-26;1.66;8.19;14.72;0.0;9.019;3.39;34.42
1983-10-27;8.99;13.16;17.34;0.0;8.228;1.35;68.96
1983-10-28;8.86;12.54;16.21;0.0;5.072;2.16;61.68
1983-10-29;6.93;12.54;18.14;0.0;8.136;3.13;29.99
1983-10-30;3.97;9.78;15.58;0.0;9.025;3.17;28.4
1983-10-31;0.22;6.27;12.31;0.0;8.682;2.15;29.9
1983-11-01;-0.69;2.67;6.04;0.0;3.713;4.6;65.02
1983-11-02;-1.67;1.81;5.3;0.0;8.81;2.98;53.88
1983-11-03;-1.32;2.28;5.88;0.0;7.242;1.03;43.68
1983-11-04;0.76;4.44;8.12;0.0;5.963;0.68;31.58
1983-11-05;-0.87;3.13;7.12;0.0;6.391;1.01;36.76
1983-11-06;-1.84;1.09;4.02;0.0;5.43;1.96;60.8
1983-11-07;-1.76;1.18;4.12;0.0;6.137;0.87;59.36
1983-11-08;0.52;2.71;4.9;0.0;4.123;0.57;66.21
1983-11-09;-1.43;0.02;1.46;9.25;2.809;4.61;64.69
1983-11-10;-2.59;-1.05;0.49;0.0;4.206;3.75;56.57
1983-11-11;-3.66;-2.02;-0.39;0.0;5.195;1.38;48.36
1983-11-12;-3.63;-2.1;-0.57;8.33;2.858;3.55;53.52
1983-11-13;-2.92;-1.34;0.23;1.55;2.755;1.57;62.72
1983-11-14;-3.54;-1.67;0.2;2.35;2.572;2.42;59.0
1983-11-15;-0.54;1.0;2.55;1.66;1.738;2.4;69.46
1983-11-16;-1.43;1.53;4.49;0.0;4.295;2.31;64.77
1983-11-17;-1.64;0.06;1.75;0.0;2.29;2.53;63.6
1983-11-18;-0.91;1.54;4.0;0.0;4.516;1.92;65.51
1983-11-19;-2.55;-0.25;2.04;0.0;2.532;2.06;62.58
1983-11-20;-4.2;-2.25;-0.29;0.0;5.815;2.05;52.7
1983-11-21;-3.66;-1.53;0.6;0.0;2.994;0.99;62.32
1983-11-22;-1.85;0.03;1.91;0.0;4.545;1.56;63.33
1983-11-23;-1.84;0.41;2.67;0.0;4.147;2.65;64.67
1983-11-24;1.0;4.06;7.12;1.79;2.774;3.31;73.78
1983-11-25;0.08;3.04;6.01;0.0;2.263;1.82;71.52
1983-11-26;-1.85;0.56;2.98;0.0;5.079;3.64;62.76
1983-11-27;-3.95;-2.33;-0.7;0.0;3.036;3.95;54.93
1983-11-28;-3.98;-1.97;0.05;0.15;1.852;2.86;55.08
1983-11-29;-0.6;1.79;4.18;0.0;0.982;2.07;70.24
1983-11-30;0.75;2.31;3.88;0.0;1.876;2.92;71.54
1983-12-01;-1.19;1.49;4.18;5.07;0.632;3.42;79.08
1983-12-02;-1.06;-0.08;0.9;0.18;3.923;1.49;66.63
1983-12-03;-1.02;0.33;1.68;4.33;2.731;1.89;69.22
1983-12-04;-0.75;0.29;1.32;2.38;2.292;0.96;69.0
1983-12-05;-1.63;3.12;7.86;0.33;3.078;3.26;70.41
1983-12-06;3.42;6.93;10.45;8.44;3.045;5.87;87.03
1983-12-07;2.33;4.33;6.34;1.4;1.846;3.64;81.12
1983-12-08;2.86;5.08;7.3;0.0;1.661;5.95;83.76
1983-12-09;3.03;5.08;7.14;0.0;3.531;0.92;83.42
1983-12-10;-2.37;1.41;5.19;0.0;4.102;3.33;73.97
1983-12-11;-5.25;-3.02;-0.78;0.0;4.976;4.72;54.53
1983-12-12;-7.69;-5.13;-2.58;0.0;5.087;4.98;44.23
1983-12-13;-7.81;-5.21;-2.6;0.0;4.923;4.34;44.63
1983-12-14;-7.85;-5.08;-2.32;0.0;4.9;3.08;41.99
1983-12-15;-8.32;-5.99;-3.65;0.0;4.766;2.03;46.9
1983-12-16;-8.1;-5.42;-2.73;0.0;3.347;1.34;50.69
1983-12-17;-9.52;-6.89;-4.26;0.0;4.768;0.96;37.17
1983-12-18;-10.04;-7.25;-4.46;0.0;4.515;3.2;39.11
1983-12-19;-9.55;-6.01;-2.47;0.85;4.546;4.22;41.2
1983-12-20;-4.12;-0.98;2.17;0.45;1.431;2.69;71.62
1983-12-21;-0.36;0.7;1.76;0.69;3.21;2.78;72.85
1983-12-22;-0.82;0.14;1.1;2.4;2.252;2.44;71.35
1983-12-23;-0.04;1.55;3.15;0.0;2.212;2.41;74.7
1983-12-24;1.1;4.73;8.36;0.0;1.515;4.19;81.02
1983-12-25;1.49;5.01;8.53;0.0;2.501;4.68;84.44
1983-12-26;-2.01;1.13;4.26;0.0;3.18;2.5;73.05
1983-12-27;-10.96;-5.84;-0.72;0.0;4.693;4.78;45.14
1983-12-28;-12.65;-10.34;-8.03;0.0;5.011;1.99;9.72
1983-12-29;-11.0;-8.27;-5.54;0.0;4.569;1.94;30.89
1983-12-30;-7.86;-4.9;-1.94;0.0;3.231;3.41;52.82
1983-12-31;-3.28;-1.69;-0.1;0.0;1.727;3.06;65.69
1984-01-01;-1.52;-0.86;-0.21;0.0;2.263;3.2;76.96
1984-01-02;-1.65;-0.06;1.53;2.41;1.05;1.27;78.18
1984-01-03;0.32;2.77;5.22;4.67;1.523;1.89;81.25
1984-01-04;-0.27;2.62;5.51;6.24;0.406;4.16;81.73
1984-01-05;-0.91;1.77;4.45;2.79;4.18;3.86;75.96
1984-01-06;-1.09;1.71;4.52;0.0;4.564;1.54;75.99
1984-01-07;-4.27;-2.11;0.05;0.0;4.724;2.64;69.9
1984-01-08;-4.22;-2.3;-0.38;0.0;2.558;5.2;68.4
1984-01-09;-1.64;-0.79;0.06;1.8;1.864;3.66;76.86
1984-01-10;-6.93;-3.73;-0.53;0.0;2.48;4.22;69.96
1984-01-11;-8.62;-6.19;-3.76;0.0;4.812;2.61;53.39
1984-01-12;-7.25;-4.6;-1.95;0.0;4.688;1.53;54.5
1984-01-13;-8.55;-5.95;-3.34;0.0;5.61;1.62;52.0
1984-01-14;-9.05;-6.4;-3.74;0.0;4.714;0.69;52.68
1984-01-15;-4.68;-2.34;-0.01;0.0;2.732;1.46;71.8
1984-01-16;-5.34;-3.44;-1.55;0.0;4.192;2.11;67.05
1984-01-17;-11.51;-8.04;-4.57;0.0;3.976;5.66;56.51
1984-01-18;-13.14;-10.29;-7.45;0.0;6.317;5.57;47.86
1984-01-19;-12.73;-10.16;-7.59;1.09;3.875;5.52;49.51
1984-01-20;-8.99;-6.6;-4.2;4.02;3.589;3.53;58.99
1984-01-21;-8.35;-6.33;-4.31;0.76;4.468;3.01;59.54
1984-01-22;-10.69;-7.79;-4.88;0.0;4.869;0.76;54.19
1984-01-23;-13.09;-9.86;-6.62;0.0;5.374;3.08;51.67
1984-01-24;-14.5;-12.31;-10.12;0.0;7.328;2.04;41.75
1984-01-25;-14.57;-11.92;-9.27;0.0;7.374;1.62;44.08
1984-01-26;-14.61;-11.73;-8.85;0.0;7.296;2.22;47.96
1984-01-27;-16.19;-13.42;-10.64;0.0;6.859;3.17;40.75
1984-01-28;-16.31;-13.46;-10.61;0.0;5.968;1.46;39.7
1984-01-29;-18.48;-15.28;-12.07;0.0;6.897;0.78;34.1
1984-01-30;-19.31;-16.64;-13.98;1.78;5.628;7.35;15.5
1984-01-31;-16.19;-11.17;-6.15;2.95;5.049;6.22;41.96
1984-02-01;-7.79;-2.71;2.37;1.18;4.67;4.15;58.37
1984-02-02;-11.87;-6.89;-1.92;0.37;5.776;3.42;43.53
1984-02-03;-15.21;-10.27;-5.32;0.0;8.244;3.73;31.37
1984-02-04;-7.72;-4.0;-0.27;0.68;6.17;4.5;51.19
1984-02-05;-5.63;-4.13;-2.64;0.0;8.013;3.43;51.77
1984-02-06;-6.34;-1.68;2.98;0.0;5.238;4.15;61.27
1984-02-07;-0.86;0.7;2.25;2.04;4.499;4.3;71.31
1984-02-08;-1.71;-0.18;1.34;0.0;8.019;3.14;68.39
1984-02-09;-0.66;0.63;1.92;8.49;3.575;1.34;69.68
1984-02-10;-1.86;0.17;2.21;0.0;4.742;2.48;66.56
1984-02-11;-2.51;-0.0;2.5;0.0;8.289;2.91;63.23
1984-02-12;0.39;1.14;1.89;1.96;5.631;2.86;68.67
1984-02-13;-1.43;0.96;3.35;0.0;5.886;3.1;63.26
1984-02-14;-2.64;-0.34;1.97;0.0;5.966;1.82;60.5
1984-02-15;0.39;4.42;8.45;0.0;7.481;3.15;70.71
1984-02-16;0.1;2.9;5.7;0.0;9.187;1.71;67.42
1984-02-17;-0.58;3.99;8.55;0.0;9.596;2.97;71.21
1984-02-18;-0.01;5.04;10.09;0.0;9.825;3.4;77.4
1984-02-19;1.96;4.26;6.56;3.47;4.156;2.62;82.04
1984-02-20;-2.01;2.55;7.11;0.0;3.689;4.98;74.15
1984-02-21;-2.65;-0.56;1.52;0.0;6.574;4.81;60.01
1984-02-22;-3.26;0.75;4.75;0.0;8.135;3.63;60.08
1984-02-23;-1.47;2.7;6.86;1.56;7.78;4.82;67.34
1984-02-24;-1.15;1.63;4.41;8.35;3.966;2.06;71.76
1984-02-25;-1.57;1.71;4.98;0.0;7.969;1.31;63.0
1984-02-26;-0.09;3.01;6.11;14.14;3.897;3.35;75.47
1984-02-27;-0.7;1.92;4.55;7.27;4.15;5.94;74.72
1984-02-28;-2.02;0.59;3.2;3.22;5.419;4.67;65.67
1984-02-29;-1.86;2.29;6.45;0.65;6.584;4.26;72.78
1984-03-01;1.16;4.06;6.97;2.96;7.371;2.24;61.26
1984-03-02;-0.58;2.42;5.42;2.48;9.121;3.77;47.12
1984-03-03;-2.33;-0.26;1.81;0.0;5.999;2.97;41.99
1984-03-04;-3.17;-0.44;2.29;2.57;7.741;3.1;40.31
1984-03-05;-2.52;0.78;4.09;4.35;6.193;6.93;52.47
1984-03-06;-2.75;-1.44;-0.12;2.73;7.885;7.91;39.32
1984-03-07;-4.3;-2.88;-1.46;0.72;8.099;6.99;37.67
1984-03-08;-4.76;-2.48;-0.21;1.9;8.942;6.02;38.87
1984-03-09;-2.4;-0.92;0.55;0.0;9.488;4.92;41.78
1984-03-10;-3.21;0.58;4.36;0.0;11.072;4.19;45.24
1984-03-11;-0.94;1.52;3.98;0.0;9.545;3.95;46.44
1984-03-12;-1.12;3.19;7.5;0.0;10.549;3.75;54.95
1984-03-13;-1.35;2.67;6.68;0.0;14.717;1.27;46.44
1984-03-14;0.71;5.04;9.37;0.0;15.197;0.67;52.32
1984-03-15;0.58;5.28;9.97;0.0;15.44;1.35;58.86
1984-03-16;0.81;5.85;10.88;0.0;16.889;0.84;57.8
1984-03-17;0.03;4.51;8.99;2.23;7.842;3.25;66.18
1984-03-18;1.47;4.4;7.32;0.5;9.59;4.19;60.77
1984-03-19;4.0;7.91;11.81;0.0;8.899;5.14;76.71
1984-03-20;1.63;4.63;7.64;3.02;10.375;2.95;57.45
1984-03-21;0.32;4.06;7.8;0.47;8.808;3.29;59.67
1984-03-22;-0.62;3.82;8.27;0.0;17.483;1.51;44.65
1984-03-23;-1.06;3.64;8.35;0.0;17.27;3.2;48.67
1984-03-24;-0.11;3.65;7.41;7.96;5.232;5.89;67.45
1984-03-25;-1.38;2.94;7.27;6.9;3.729;4.97;62.35
1984-03-26;-0.93;1.08;3.09;0.92;6.774;4.18;45.75
1984-03-27;-1.24;0.86;2.96;0.0;11.419;2.86;40.08
1984-03-28;-0.62;2.76;6.14;4.08;9.593;5.3;52.22
1984-03-29;-2.23;-0.06;2.11;0.0;9.716;6.6;42.81
1984-03-30;-2.64;1.08;4.8;0.0;11.434;3.04;39.07
1984-03-31;-0.42;3.86;8.14;0.0;20.452;3.26;46.42
1984-04-01;2.39;9.02;15.64;0.32;16.278;5.52;42.87
1984-04-02;2.82;9.24;15.66;0.0;16.594;3.36;42.13
1984-04-03;4.5;11.23;17.96;0.0;17.739;2.75;42.13
1984-04-04;5.22;12.16;19.11;0.0;15.507;3.78;41.98
1984-04-05;6.64;13.89;21.14;0.0;17.709;4.21;42.12
1984-04-06;5.01;11.04;17.08;0.71;11.783;3.18;54.21
1984-04-07;0.8;3.85;6.9;0.0;7.727;4.47;38.29
1984-04-08;0.73;2.98;5.23;1.59;5.371;5.23;39.29
1984-04-09;-0.24;1.04;2.32;0.38;4.184;3.76;36.51
1984-04-10;-0.74;1.82;4.39;0.79;6.123;4.74;35.55
1984-04-11;-0.64;4.54;9.72;0.65;14.288;2.94;35.04
1984-04-12;-0.9;4.79;10.48;0.36;21.095;0.96;32.22
1984-04-13;0.82;4.35;7.89;1.52;10.962;4.35;36.88
1984-04-14;-1.19;2.99;7.16;0.0;14.005;4.02;33.83
1984-04-15;-1.52;3.78;9.07;0.0;19.607;1.51;30.22
1984-04-16;0.15;6.2;12.25;0.62;21.614;2.67;33.11
1984-04-17;6.15;12.98;19.81;0.42;15.164;5.67;49.64
1984-04-18;5.14;9.38;13.63;0.0;15.054;4.38;41.05
1984-04-19;5.18;11.65;18.13;0.0;18.571;4.05;48.52
1984-04-20;7.02;11.62;16.21;0.78;9.513;2.15;65.28
1984-04-21;7.47;13.71;19.94;0.0;16.272;2.57;49.54
1984-04-22;9.36;16.3;23.24;0.0;15.893;5.91;56.98
1984-04-23;10.29;15.78;21.27;0.0;22.294;2.42;44.45
1984-04-24;7.55;12.75;17.94;0.0;8.935;1.39;66.57
1984-04-25;7.56;12.39;17.22;5.28;10.562;5.46;63.55
1984-04-26;9.11;12.05;15.0;0.0;10.043;5.86;62.14
1984-04-27;6.92;10.96;15.0;0.0;13.584;4.05;50.57
1984-04-28;5.17;8.12;11.07;0.34;8.642;2.9;46.62
1984-04-29;5.16;7.21;9.26;0.98;7.5;2.96;50.84
1984-04-30;5.46;10.22;14.98;1.7;16.737;3.8;46.01
1984-05-01;5.47;9.32;13.17;0.0;10.926;4.3;37.08
1984-05-02;4.51;9.91;15.32;0.0;14.491;3.46;37.47
1984-05-03;2.81;7.11;11.41;0.59;13.953;4.23;29.93
1984-05-04;-0.91;3.91;8.73;0.0;27.684;3.42;17.03
1984-05-05;-1.47;5.28;12.03;3.61;18.784;4.72;17.76
1984-05-06;3.11;5.6;8.09;0.67;5.056;4.67;34.57
1984-05-07;4.15;7.16;10.16;0.7;7.978;2.76;34.66
1984-05-08;2.73;7.93;13.13;0.0;22.602;3.41;26.38
1984-05-09;3.0;8.95;14.89;0.0;17.867;2.75;29.5
1984-05-10;4.26;10.58;16.9;0.0;19.318;2.69;33.87
1984-05-11;4.63;10.56;16.49;0.0;17.688;2.09;29.85
1984-05-12;4.97;11.13;17.3;0.0;20.829;2.3;31.61
1984-05-13;8.63;14.2;19.77;0.27;12.136;1.63;45.94
1984-05-14;11.93;17.49;23.06;0.0;22.576;3.38;41.53
1984-05-15;11.93;18.98;26.04;0.0;25.491;2.71;47.73
1984-05-16;15.08;22.06;29.04;0.0;26.024;1.3;53.25
1984-05-17;15.72;22.27;28.81;0.0;19.742;2.01;60.55
1984-05-18;10.23;16.41;22.59;0.0;28.669;2.59;32.11
1984-05-19;6.98;11.55;16.13;0.0;18.602;3.73;31.41
1984-05-20;6.72;11.73;16.75;0.0;18.84;3.44;31.78
1984-05-21;6.16;11.41;16.66;0.0;18.244;4.25;29.63
1984-05-22;8.06;13.5;18.95;0.0;18.387;0.78;36.97
1984-05-23;11.43;16.6;21.77;1.38;15.27;3.41;35.78
1984-05-24;9.04;13.1;17.16;6.85;18.56;2.89;37.96
1984-05-25;6.47;10.82;15.17;0.0;17.943;3.33;31.73
1984-05-26;6.85;14.18;21.5;0.43;17.385;4.53;40.19
1984-05-27;11.94;18.42;24.9;1.63;18.926;2.54;52.07
1984-05-28;6.89;11.93;16.97;0.46;7.615;2.66;43.94
1984-05-29;6.56;14.62;22.67;0.0;28.696;3.34;36.4
1984-05-30;14.01;20.54;27.06;2.06;19.053;3.88;54.73
1984-05-31;8.39;13.3;18.21;1.87;18.667;3.25;40.42
1984-06-01;8.76;13.84;18.91;0.0;16.775;2.17;28.0
1984-06-02;10.45;13.74;17.03;6.69;12.06;1.94;24.76
1984-06-03;10.41;14.69;18.97;1.93;11.205;1.42;39.88
1984-06-04;12.68;17.59;22.49;0.0;21.648;1.22;39.96
1984-06-05;11.83;17.11;22.38;0.0;20.97;2.58;28.37
1984-06-06;10.85;17.96;25.08;0.0;24.547;2.04;26.87
1984-06-07;12.64;19.33;26.02;0.0;23.017;2.92;32.24
1984-06-08;10.06;16.14;22.21;0.0;20.823;4.28;28.04
1984-06-09;8.92;14.67;20.42;0.0;21.177;3.96;23.97
1984-06-10;9.62;16.05;22.49;0.0;23.867;3.75;25.68
1984-06-11;12.17;17.36;22.54;0.0;19.571;3.03;31.57
1984-06-12;13.56;19.21;24.86;0.0;20.706;0.32;38.08
1984-06-13;14.85;20.88;26.91;0.0;21.123;0.94;39.68
1984-06-14;12.2;16.55;20.91;1.21;17.209;3.45;24.65
1984-06-15;10.56;14.21;17.85;0.0;17.429;3.0;28.61
1984-06-16;9.93;17.13;24.32;22.97;19.805;2.1;28.23
1984-06-17;10.57;15.12;19.67;0.38;20.372;3.76;23.76
1984-06-18;11.08;14.41;17.75;0.65;12.722;1.71;31.49
1984-06-19;10.82;15.06;19.31;0.0;15.923;1.84;29.4
1984-06-20;9.76;13.34;16.92;2.5;5.925;3.11;35.45
1984-06-21;8.69;13.29;17.88;0.51;18.077;2.62;23.88
1984-06-22;11.47;16.02;20.58;1.05;18.598;3.91;35.7
1984-06-23;12.39;15.63;18.88;2.65;12.334;3.66;40.98
1984-06-24;13.01;18.17;23.33;1.91;19.367;2.12;36.29
1984-06-25;14.04;16.31;18.59;9.34;6.649;1.52;59.8
1984-06-26;14.02;18.04;22.06;0.75;18.704;2.48;41.54
1984-06-27;13.39;17.68;21.96;0.0;15.568;0.91;36.24
1984-06-28;13.02;17.43;21.84;26.01;11.337;1.6;46.31
1984-06-29;14.95;19.41;23.87;5.0;17.837;3.99;51.18
1984-06-30;14.69;18.24;21.79;1.69;12.744;4.68;58.26
1984-07-01;14.36;20.37;26.38;0.0;27.259;2.76;36.37
1984-07-02;16.09;22.86;29.62;0.0;26.261;1.62;36.28
1984-07-03;18.29;24.14;30.0;0.0;20.826;2.19;34.78
1984-07-04;14.91;19.43;23.95;1.81;17.683;3.41;46.01
1984-07-05;13.55;19.37;25.19;0.0;25.468;1.7;27.4
1984-07-06;14.46;20.32;26.18;2.04;15.239;2.19;34.68
1984-07-07;14.11;19.61;25.1;0.0;27.013;1.18;24.0
1984-07-08;13.43;19.99;26.55;0.0;28.823;2.27;26.33
1984-07-09;15.33;23.23;31.13;2.18;21.361;3.58;28.54
1984-07-10;17.89;22.98;28.08;10.36;17.206;2.63;40.54
1984-07-11;17.57;21.81;26.05;2.23;13.471;2.2;55.11
1984-07-12;17.6;23.58;29.56;0.0;19.521;2.94;37.32
1984-07-13;18.12;24.05;29.99;0.62;20.53;3.85;35.36
1984-07-14;17.28;21.83;26.37;0.36;18.286;1.86;57.19
1984-07-15;18.47;23.0;27.53;0.42;16.511;1.0;60.82
1984-07-16;17.63;23.04;28.44;0.0;20.434;3.0;47.52
1984-07-17;16.43;21.49;26.55;6.51;11.332;3.32;43.16
1984-07-18;15.13;20.97;26.81;0.28;21.711;3.34;28.96
1984-07-19;17.0;20.34;23.69;2.8;9.74;4.11;44.59
1984-07-20;15.83;20.38;24.93;2.92;13.332;3.11;46.08
1984-07-21;17.31;21.51;25.71;5.55;17.082;1.57;43.7
1984-07-22;15.19;19.77;24.36;0.0;18.927;2.34;30.71
1984-07-23;14.24;20.11;25.97;0.0;20.131;0.49;27.12
1984-07-24;15.83;21.64;27.45;0.0;22.022;1.61;26.78
1984-07-25;18.57;22.93;27.28;26.46;14.453;2.7;59.35
1984-07-26;18.35;21.05;23.74;31.61;7.045;1.95;81.68
1984-07-27;15.02;18.24;21.47;0.0;6.984;3.24;65.43
1984-07-28;15.72;19.86;23.99;0.0;19.786;1.51;36.45
1984-07-29;15.02;18.38;21.75;11.65;14.343;2.28;44.42
1984-07-30;13.34;17.3;21.25;0.0;17.551;4.17;24.39
1984-07-31;10.69;16.21;21.74;0.0;18.647;3.71;24.39
1984-08-01;8.64;14.82;21.0;0.0;21.457;3.7;24.14
1984-08-02;9.9;16.43;22.96;4.59;23.114;2.24;26.43
1984-08-03;12.7;18.41;24.11;3.31;20.944;3.15;40.77
1984-08-04;12.09;17.73;23.38;0.0;24.133;2.6;28.85
1984-08-05;11.54;17.96;24.39;0.0;24.989;1.2;30.72
1984-08-06;14.15;20.89;27.62;0.0;21.687;2.25;45.96
1984-08-07;16.42;22.98;29.55;0.0;23.3;2.89;42.71
1984-08-08;16.79;23.39;29.99;0.0;22.878;3.19;36.85
1984-08-09;16.26;23.35;30.44;0.0;23.387;3.24;40.39
1984-08-10;11.55;17.16;22.78;0.0;16.982;4.08;28.27
1984-08-11;11.07;17.66;24.24;0.0;24.334;0.63;23.92
1984-08-12;12.99;19.2;25.41;0.0;21.502;0.3;25.21
1984-08-13;13.3;19.36;25.41;4.18;16.257;2.22;34.69
1984-08-14;12.15;17.5;22.86;0.0;22.389;3.31;24.44
1984-08-15;11.67;17.82;23.97;0.0;18.234;1.15;24.35
1984-08-16;15.82;21.57;27.32;0.0;13.9;3.07;26.95
1984-08-17;17.85;23.9;29.94;2.0;18.894;3.78;54.75
1984-08-18;12.75;18.14;23.54;0.42;19.764;5.04;24.01
1984-08-19;11.72;16.61;21.49;0.0;19.447;2.79;20.08
1984-08-20;10.73;17.28;23.83;0.0;22.139;1.11;20.75
1984-08-21;11.45;18.2;24.94;0.0;21.738;1.99;23.19
1984-08-22;11.51;16.65;21.79;0.72;17.408;4.52;30.92
1984-08-23;9.81;15.73;21.64;0.0;21.939;4.56;20.12
1984-08-24;9.35;15.82;22.28;0.0;18.545;2.62;21.09
1984-08-25;11.64;17.2;22.77;0.0;17.02;0.9;22.14
1984-08-26;12.0;18.84;25.67;0.0;20.288;2.79;22.14
1984-08-27;13.23;19.48;25.72;0.0;17.033;2.31;35.61
1984-08-28;10.93;16.99;23.05;0.0;20.202;1.51;25.29
1984-08-29;11.03;17.42;23.81;0.0;19.298;1.71;25.1
1984-08-30;9.84;16.07;22.31;0.0;18.129;3.08;20.07
1984-08-31;9.66;14.98;20.31;0.0;10.646;4.28;23.83
1984-09-01;7.25;12.91;18.58;0.0;20.954;2.73;28.68
1984-09-02;8.1;15.45;22.79;0.0;20.18;2.1;35.35
1984-09-03;10.62;17.82;25.02;0.0;22.184;2.28;32.51
1984-09-04;8.93;14.28;19.63;0.0;15.822;3.84;34.04
1984-09-05;7.5;14.54;21.59;0.0;14.353;2.44;34.84
1984-09-06;10.65;17.59;24.52;0.0;19.213;2.72;31.83
1984-09-07;11.14;18.39;25.64;0.0;20.05;2.37;27.56
1984-09-08;12.5;19.76;27.02;0.0;19.632;2.36;30.9
1984-09-09;10.75;15.1;19.44;5.15;5.155;2.43;49.44
1984-09-10;9.78;13.66;17.55;1.68;11.993;2.16;26.27
1984-09-11;4.89;10.02;15.14;0.0;10.066;3.73;22.58
1984-09-12;3.9;10.29;16.69;0.0;16.038;2.56;23.66
1984-09-13;7.45;12.17;16.89;0.0;11.085;0.8;24.79
1984-09-14;5.97;12.29;18.62;0.0;18.29;0.91;23.2
1984-09-15;7.45;13.59;19.73;0.0;15.438;0.6;26.14
1984-09-16;9.69;15.13;20.56;0.0;15.569;1.44;27.16
1984-09-17;8.25;14.4;20.55;0.0;16.833;1.54;27.72
1984-09-18;8.75;15.26;21.77;0.0;16.776;0.55;26.26
1984-09-19;10.45;16.71;22.98;0.0;16.67;1.24;24.83
1984-09-20;9.58;16.8;24.03;0.0;15.581;2.53;26.53
1984-09-21;8.26;15.53;22.8;3.89;10.054;2.36;48.58
1984-09-22;7.11;10.22;13.34;4.89;6.147;4.92;26.32
1984-09-23;5.01;8.39;11.78;0.0;8.954;4.28;20.81
1984-09-24;3.94;9.24;14.54;0.0;10.155;1.95;23.96
1984-09-25;5.49;10.36;15.23;0.0;6.21;3.41;21.43
1984-09-26;10.93;15.96;20.99;0.0;7.714;2.85;35.06
1984-09-27;10.65;17.44;24.23;0.0;13.398;3.02;38.79
1984-09-28;9.66;17.08;24.5;0.0;13.5;3.21;43.43
1984-09-29;10.5;16.58;22.66;0.0;12.814;1.53;47.81
1984-09-30;10.58;16.55;22.53;0.0;10.39;2.19;51.95
1984-10-01;10.54;14.84;19.14;6.31;4.557;3.05;87.97
1984-10-02;8.67;12.98;17.3;0.0;13.18;3.48;40.71
1984-10-03;8.69;13.27;17.86;0.0;6.557;4.29;33.44
1984-10-04;13.34;19.45;25.56;4.04;7.521;4.84;90.92
1984-10-05;12.01;17.47;22.93;1.77;6.125;3.59;93.09
1984-10-06;5.84;10.59;15.34;0.0;10.352;4.72;48.56
1984-10-07;4.69;8.84;12.99;0.0;5.398;4.62;28.89
1984-10-08;8.67;12.79;16.91;0.0;7.214;3.16;28.16
1984-10-09;4.54;8.1;11.66;0.0;8.307;4.44;37.6
1984-10-10;3.09;8.78;14.47;0.0;7.265;2.98;36.08
1984-10-11;6.31;7.96;9.61;0.19;3.915;2.87;40.64
1984-10-12;-0.41;4.85;10.12;0.0;7.373;4.26;30.87
1984-10-13;-1.82;4.05;9.93;0.0;12.039;2.95;32.71
1984-10-14;-0.53;5.22;10.96;0.0;11.845;1.65;32.84
1984-10-15;0.38;6.52;12.65;0.0;11.54;2.06;29.91
1984-10-16;2.83;9.5;16.17;0.0;10.371;3.39;32.84
1984-10-17;6.9;12.02;17.15;0.0;6.819;1.74;53.22
1984-10-18;7.88;11.61;15.33;0.0;3.794;2.7;59.31
1984-10-19;8.95;13.36;17.76;0.0;7.553;0.81;68.04
1984-10-20;8.33;14.31;20.29;0.0;9.518;3.14;50.26
1984-10-21;-0.64;7.1;14.84;1.46;3.562;4.67;45.62
1984-10-22;-5.61;-1.56;2.49;0.0;10.034;3.34;21.3
1984-10-23;-6.88;-2.76;1.35;0.0;10.255;2.28;21.43
1984-10-24;-5.34;-0.47;4.4;0.0;9.74;1.96;21.05
1984-10-25;-5.39;-1.07;3.24;0.0;9.821;3.67;20.13
1984-10-26;-5.48;-0.17;5.14;0.0;10.206;4.9;20.5
1984-10-27;-4.12;2.33;8.78;0.0;7.204;4.52;20.63
1984-10-28;1.21;6.36;11.5;0.0;5.081;4.68;24.07
1984-10-29;-0.96;4.68;10.31;0.0;8.623;4.48;23.3
1984-10-30;-1.43;4.34;10.12;0.0;8.342;4.48;22.4
1984-10-31;-1.14;4.3;9.74;0.0;8.529;4.64;21.28
1984-11-01;-0.64;3.69;8.01;0.0;8.258;4.09;39.58
1984-11-02;0.3;3.53;6.77;0.0;3.556;2.54;59.85
1984-11-03;1.7;5.18;8.66;0.0;5.249;2.32;69.18
1984-11-04;0.75;4.75;8.74;0.0;6.589;2.63;50.28
1984-11-05;-1.05;3.23;7.5;0.0;6.646;3.56;42.06
1984-11-06;-3.04;0.75;4.55;0.0;7.652;3.36;47.55
1984-11-07;-4.14;-0.59;2.95;0.0;7.304;2.73;37.24
1984-11-08;-4.65;-1.08;2.49;0.0;6.497;2.38;32.36
1984-11-09;-4.05;-0.4;3.26;0.0;5.881;3.14;32.32
1984-11-10;-5.25;-2.01;1.23;0.0;6.328;3.66;37.04
1984-11-11;-5.24;-2.33;0.58;0.0;5.416;2.77;42.75
1984-11-12;-5.8;-2.21;1.37;0.0;5.717;2.47;32.53
1984-11-13;-0.32;2.45;5.22;0.7;2.085;3.44;68.82
1984-11-14;-0.67;2.39;5.45;4.31;2.69;2.84;68.94
1984-11-15;-1.18;0.29;1.75;0.0;2.745;3.33;51.85
1984-11-16;-2.34;-0.12;2.1;0.0;3.772;4.24;46.19
1984-11-17;-3.29;-1.38;0.54;0.0;2.909;3.36;47.29
1984-11-18;-4.42;-2.25;-0.07;0.0;5.134;2.93;44.13
1984-11-19;-4.73;-2.59;-0.44;0.0;6.331;2.44;39.65
1984-11-20;-3.01;-1.36;0.29;9.49;0.2;3.29;64.57
1984-11-21;-8.03;-4.38;-0.74;0.0;6.578;3.87;39.21
1984-11-22;-9.49;-6.58;-3.67;0.0;4.882;3.57;35.72
1984-11-23;-6.63;-3.96;-1.28;0.0;4.071;2.13;41.58
1984-11-24;-4.8;-2.46;-0.12;0.0;4.75;1.34;45.38
1984-11-25;-3.35;-0.94;1.48;0.0;3.935;1.51;60.0
1984-11-26;0.72;3.15;5.57;3.02;1.112;3.74;70.24
1984-11-27;-0.21;3.85;7.92;0.0;4.993;3.67;68.85
1984-11-28;-0.55;1.0;2.56;0.0;3.474;1.68;64.75
1984-11-29;-0.04;1.68;3.39;1.53;1.255;3.02;68.85
1984-11-30;2.76;3.96;5.17;0.0;1.922;2.34;71.44
1984-12-01;-3.47;0.14;3.74;0.0;3.874;5.16;64.31
1984-12-02;-3.24;-2.58;-1.91;3.87;1.064;5.32;60.58
1984-12-03;-7.63;-4.83;-2.04;0.3;4.952;4.94;53.47
1984-12-04;-10.46;-7.71;-4.95;0.0;5.376;4.92;41.97
1984-12-05;-10.79;-7.84;-4.9;1.2;4.116;5.32;43.27
1984-12-06;-6.56;-3.64;-0.72;0.47;1.957;3.91;61.27
1984-12-07;-6.25;-3.69;-1.13;0.0;2.23;4.19;59.59
1984-12-08;-6.92;-4.07;-1.22;0.0;4.914;3.05;52.75
1984-12-09;-2.74;0.8;4.34;0.61;2.506;3.84;75.5
1984-12-10;-0.85;1.17;3.18;0.0;1.739;1.99;73.6
1984-12-11;-5.01;-2.22;0.56;0.0;3.346;2.76;63.96
1984-12-12;-5.32;-3.29;-1.27;0.33;2.592;0.6;54.66
1984-12-13;-4.28;0.4;5.09;8.86;1.126;5.44;70.47
1984-12-14;-0.81;2.47;5.75;8.29;1.574;3.57;81.97
1984-12-15;-2.94;-1.25;0.44;0.0;4.031;2.4;67.15
1984-12-16;-3.67;0.19;4.06;7.26;4.335;2.77;59.66
1984-12-17;-5.52;2.67;10.85;1.16;2.43;5.59;80.29
1984-12-18;-5.87;-3.76;-1.65;0.0;4.208;2.14;54.73
1984-12-19;-6.08;-2.51;1.06;0.65;3.965;3.4;58.23
1984-12-20;-1.95;1.15;4.24;0.0;3.426;3.09;71.88
1984-12-21;1.02;4.03;7.04;3.21;1.47;4.03;81.7
1984-12-22;1.57;5.25;8.94;1.59;0.539;2.14;82.82
1984-12-23;-1.94;3.32;8.57;2.12;1.415;5.34;71.83
1984-12-24;-2.24;-0.97;0.3;1.91;2.368;2.68;63.25
1984-12-25;-0.46;4.31;9.09;20.89;0.379;4.75;83.65
1984-12-26;0.97;4.17;7.37;0.31;2.417;3.74;83.19
1984-12-27;0.32;4.75;9.18;0.0;3.316;3.25;82.69
1984-12-28;4.61;6.87;9.13;0.0;1.637;3.88;87.23
1984-12-29;-0.67;2.85;6.36;0.0;3.784;1.79;75.76
1984-12-30;-0.13;0.39;0.91;0.0;2.512;4.32;68.45
1984-12-31;0.25;1.99;3.72;1.32;1.07;1.17;77.85
