iso-date;tmin;tavg;tmax;precip;globrad;wind;relhumid
1980-01-01;-1.22;3.21;7.64;0.0;6.024;1.45;63.52
1980-01-02;-2.62;2.99;8.6;0.0;6.702;0.5;49.5
1980-01-03;-3.17;2.18;7.53;0.0;6.799;0.5;50.59
1980-01-04;-3.45;2.09;7.64;0.0;8.368;1.16;46.54
1980-01-05;-2.95;1.67;6.3;0.0;7.341;2.29;44.91
1980-01-06;-3.59;-0.3;2.99;0.0;7.089;1.73;40.98
1980-01-07;-3.73;0.78;5.29;0.0;7.089;1.84;49.26
1980-01-08;0.56;3.46;6.36;3.06;4.494;2.89;76.26
1980-01-09;-3.45;1.67;6.79;0.0;5.579;1.84;57.54
1980-01-10;-4.29;-0.47;3.35;0.0;6.585;1.16;40.2
1980-01-11;-4.34;-0.49;3.35;0.0;5.966;0.69;50.89
1980-01-12;-5.12;-1.27;2.58;0.0;7.941;1.45;46.48
1980-01-13;0.06;1.77;3.48;0.0;7.709;3.01;68.35
1980-01-14;-0.86;2.21;5.29;0.4;6.276;3.67;67.32
1980-01-15;-5.18;-0.72;3.73;4.87;5.133;4.87;63.46
1980-01-16;-7.91;-5.36;-2.81;0.6;8.658;4.85;60.25
1980-01-17;-7.86;-4.28;-0.7;0.75;7.709;4.58;51.74
1980-01-18;-2.06;0.26;2.58;1.09;6.024;4.19;67.02
1980-01-19;-1.78;1.67;5.13;1.38;5.753;2.89;74.81
1980-01-20;-4.96;-0.29;4.39;0.0;9.24;0.85;67.38
1980-01-21;-6.02;-0.66;4.69;0.0;8.465;1.28;55.78
1980-01-22;-5.01;-0.12;4.77;0.0;5.966;1.36;64.91
1980-01-23;-5.24;0.16;5.56;0.0;8.368;1.53;60.37
1980-01-24;-1.39;2.36;6.11;0.0;9.53;2.89;67.74
1980-01-25;-5.88;-0.38;5.13;2.59;4.417;2.49;71.31
1980-01-26;-7.19;-2.18;2.83;0.0;9.414;1.45;44.55
1980-01-27;-6.02;-0.12;5.78;0.0;10.034;2.49;45.21
1980-01-28;0.56;3.65;6.74;3.16;5.327;4.46;77.35
1980-01-29;-1.14;2.75;6.63;0.0;9.937;3.25;54.39
1980-01-30;-2.45;2.38;7.21;8.83;9.413;3.42;60.62
1980-01-31;-2.25;2.48;7.21;2.0;10.924;3.18;49.2
1980-02-01;-3.5;-0.65;2.21;0.0;7.98;3.63;35.49
1980-02-02;-3.9;1.68;7.27;0.0;9.264;3.81;23.53
1980-02-03;-1.34;3.46;8.27;8.7;2.815;6.09;58.94
1980-02-04;-1.8;2.5;6.79;1.09;6.149;5.76;56.03
1980-02-05;2.35;6.26;10.17;0.7;5.438;4.9;62.77
1980-02-06;2.72;7.86;12.99;0.0;5.957;3.71;47.58
1980-02-07;1.98;7.49;12.99;0.0;7.406;3.27;44.41
1980-02-08;0.38;6.19;11.99;0.0;7.405;2.98;44.4
1980-02-09;1.34;7.66;13.97;0.0;7.707;2.61;40.84
1980-02-10;2.54;8.64;14.75;0.0;5.766;2.53;42.62
1980-02-11;0.54;7.98;15.42;0.0;10.111;0.96;36.87
1980-02-12;-1.43;6.83;15.09;0.0;10.767;0.27;34.17
1980-02-13;-1.65;6.51;14.67;0.0;11.505;0.27;34.43
1980-02-14;-0.26;6.55;13.36;0.0;11.724;0.83;34.63
1980-02-15;-1.43;6.46;14.36;0.0;11.423;1.07;36.48
1980-02-16;0.38;5.47;10.56;0.0;8.281;1.48;46.45
1980-02-17;-0.66;5.38;11.43;0.0;11.806;0.6;41.76
1980-02-18;0.32;5.63;10.93;0.0;8.772;2.72;46.98
1980-02-19;-2.02;2.67;7.35;0.0;13.336;4.26;25.58
1980-02-20;-2.51;3.82;10.14;0.0;13.117;3.39;28.15
1980-02-21;0.38;6.73;13.08;0.0;12.68;1.75;37.6
1980-02-22;0.69;6.88;13.08;0.0;13.035;0.82;41.83
1980-02-23;0.32;7.08;13.83;0.0;15.112;1.93;29.87
1980-02-24;0.94;7.17;13.41;0.0;14.32;3.99;35.62
1980-02-25;3.99;8.68;13.36;13.09;6.176;6.3;49.62
1980-02-26;2.75;8.66;14.56;0.0;14.62;3.71;34.3
1980-02-27;-0.26;4.94;10.14;0.0;6.34;3.63;50.42
1980-02-28;-1.62;3.93;9.47;0.0;15.413;2.94;28.35
1980-02-29;-1.89;4.89;11.68;0.0;16.205;3.18;28.35
1980-03-01;1.14;8.55;15.96;0.0;12.559;1.28;36.4
1980-03-02;-1.2;7.5;16.2;0.0;13.113;0.8;29.62
1980-03-03;-0.67;8.03;16.74;0.0;13.889;1.28;28.9
1980-03-04;0.28;8.24;16.2;0.0;15.107;1.22;33.37
1980-03-05;3.98;9.71;15.43;0.0;12.67;2.74;41.6
1980-03-06;4.45;9.46;14.47;0.0;9.382;3.13;55.95
1980-03-07;5.98;10.85;15.72;0.0;10.269;3.39;41.6
1980-03-08;4.09;10.98;17.87;0.0;16.216;2.93;32.98
1980-03-09;3.95;11.06;18.17;0.0;16.622;2.11;31.73
1980-03-10;2.72;10.02;17.33;0.0;16.844;1.28;31.27
1980-03-11;1.39;8.68;15.96;0.0;17.287;1.36;31.27
1980-03-12;-0.81;7.6;16.02;0.0;17.619;1.28;28.96
1980-03-13;0.89;8.14;15.4;0.0;10.491;2.0;39.36
1980-03-14;0.78;9.37;17.96;0.9;11.192;2.11;38.64
1980-03-15;4.7;8.97;13.25;0.1;7.424;2.53;62.79
1980-03-16;2.84;8.43;14.02;0.0;15.698;1.64;37.85
1980-03-17;-0.25;8.15;16.56;0.0;19.281;0.93;26.99
1980-03-18;1.58;11.89;22.2;0.0;18.69;1.39;22.51
1980-03-19;3.56;13.73;23.9;0.0;19.355;1.72;21.4
1980-03-20;2.58;13.14;23.69;0.0;20.094;1.12;26.33
1980-03-21;4.53;12.68;20.82;0.0;21.128;2.0;27.58
1980-03-22;3.56;9.7;15.84;0.0;14.258;2.0;44.17
1980-03-23;5.98;10.41;14.83;0.0;12.3;3.01;46.27
1980-03-24;6.84;10.43;14.02;0.61;8.828;3.22;57.92
1980-03-25;6.01;10.93;15.84;0.0;13.113;2.93;38.83
1980-03-26;2.72;9.04;15.37;0.0;19.392;1.89;37.72
1980-03-27;-0.11;7.93;15.96;0.0;22.162;1.54;24.82
1980-03-28;0.67;7.53;14.38;0.0;18.173;2.53;35.02
1980-03-29;-2.2;5.8;13.81;0.0;23.344;1.72;17.58
1980-03-30;-3.59;6.92;17.42;0.0;23.935;0.28;17.58
1980-03-31;-1.39;9.39;20.17;0.0;23.049;0.67;17.58
1980-04-01;1.92;10.66;19.41;0.0;19.688;0.98;22.07
1980-04-02;3.66;11.13;18.61;4.45;13.685;2.41;41.39
1980-04-03;10.06;15.24;20.42;0.0;16.025;3.82;36.21
1980-04-04;8.09;14.09;20.09;0.0;17.172;3.36;34.06
1980-04-05;6.66;10.45;14.24;5.74;7.637;3.45;62.67
1980-04-06;5.98;11.78;17.57;0.35;12.272;2.2;44.89
1980-04-07;4.25;9.93;15.61;1.05;15.715;2.51;38.84
1980-04-08;2.04;8.59;15.13;0.0;19.997;1.19;34.19
1980-04-09;3.22;10.72;18.22;0.0;19.689;0.7;29.61
1980-04-10;4.99;11.93;18.88;0.0;17.26;1.7;34.93
1980-04-11;3.89;12.48;21.07;0.0;22.469;1.18;30.62
1980-04-12;5.98;12.0;18.02;1.75;13.905;1.5;42.13
1980-04-13;5.29;10.05;14.81;0.0;15.142;2.41;51.42
1980-04-14;2.68;10.29;17.9;0.0;22.028;0.4;31.09
1980-04-15;3.49;13.29;23.09;0.0;23.308;1.91;22.14
1980-04-16;7.28;13.63;19.98;0.57;10.418;3.71;29.07
1980-04-17;5.43;11.37;17.3;0.0;17.614;2.2;31.63
1980-04-18;4.67;9.46;14.24;1.75;9.579;0.8;51.96
1980-04-19;3.03;11.82;20.6;0.0;18.674;1.91;26.79
1980-04-20;5.78;15.64;25.5;0.0;25.824;2.41;20.59
1980-04-21;12.39;18.9;25.41;8.67;17.525;3.71;32.57
1980-04-22;8.73;14.79;20.84;0.0;22.646;3.71;28.33
1980-04-23;6.84;13.15;19.47;0.0;19.247;1.99;30.76
1980-04-24;7.28;13.08;18.88;2.56;15.981;1.91;45.5
1980-04-25;6.07;12.65;19.23;0.0;19.026;1.91;36.01
1980-04-26;5.29;13.76;22.23;0.0;27.149;0.88;26.85
1980-04-27;5.98;14.54;23.1;0.0;13.994;1.99;27.12
1980-04-28;4.99;11.48;17.96;0.0;22.47;2.41;30.76
1980-04-29;3.66;11.71;19.77;0.0;21.807;2.41;30.15
1980-04-30;8.58;14.02;19.47;8.61;13.861;3.45;38.36
1980-05-01;6.76;10.74;14.72;2.67;9.052;2.75;54.78
1980-05-02;6.18;13.47;20.77;0.0;21.687;2.06;30.41
1980-05-03;5.86;15.6;25.34;0.0;23.951;1.46;26.4
1980-05-04;6.39;17.0;27.61;0.0;26.403;0.8;20.37
1980-05-05;11.67;20.21;28.76;0.0;26.639;1.27;20.38
1980-05-06;11.54;20.25;28.97;0.0;25.884;1.93;17.16
1980-05-07;11.67;19.51;27.35;0.0;26.025;3.37;20.37
1980-05-08;14.15;22.06;29.97;0.92;24.799;2.96;20.37
1980-05-09;14.17;21.93;29.68;1.73;19.284;1.63;26.46
1980-05-10;11.5;19.95;28.41;1.65;15.606;1.17;29.41
1980-05-11;10.64;19.46;28.29;0.0;23.197;0.98;28.2
1980-05-12;11.54;19.98;28.41;0.49;20.65;0.91;27.8
1980-05-13;11.67;21.16;30.65;0.0;26.544;1.46;18.17
1980-05-14;12.94;19.3;25.67;14.75;14.945;2.06;44.0
1980-05-15;11.5;17.66;23.81;2.66;20.84;1.73;37.31
1980-05-16;8.91;16.01;23.1;2.21;15.371;1.46;42.13
1980-05-17;8.96;15.64;22.33;1.07;17.209;1.46;47.35
1980-05-18;11.11;16.02;20.92;2.36;17.209;1.83;54.31
1980-05-19;11.54;17.18;22.83;0.0;23.338;2.56;32.82
1980-05-20;8.55;15.62;22.69;0.0;26.78;3.17;24.59
1980-05-21;8.4;14.91;21.42;0.0;26.261;2.64;26.46
1980-05-22;7.11;14.39;21.68;0.0;26.78;2.46;28.67
1980-05-23;8.63;15.76;22.89;0.0;28.76;2.64;25.93
1980-05-24;10.25;17.19;24.13;1.81;14.333;2.96;34.36
1980-05-25;11.67;18.98;26.29;1.81;20.226;2.29;26.8
1980-05-26;10.87;18.27;25.67;0.0;28.572;1.07;25.26
1980-05-27;9.2;17.34;25.49;2.21;15.983;0.98;31.28
1980-05-28;12.73;18.33;23.93;0.74;11.268;1.73;38.91
1980-05-29;11.2;18.84;26.49;0.0;28.194;1.17;23.92
1980-05-30;8.18;18.19;28.2;0.0;29.514;1.27;18.03
1980-05-31;10.64;19.52;28.41;0.0;29.75;1.36;17.16
1980-06-01;9.49;18.84;28.18;0.02;24.748;0.32;21.38
1980-06-02;12.6;20.95;29.31;3.79;16.398;0.6;26.92
1980-06-03;12.34;20.82;29.31;2.26;19.014;0.58;30.19
1980-06-04;10.73;20.23;29.74;0.02;25.25;0.6;19.56
1980-06-05;13.77;22.23;30.7;0.02;25.251;0.98;19.63
1980-06-06;12.88;21.91;30.94;0.02;23.792;1.16;19.63
1980-06-07;11.75;17.38;23.02;6.1;17.455;2.24;42.34
1980-06-08;7.7;14.22;20.75;1.05;17.404;3.3;33.3
1980-06-09;7.25;15.85;24.44;0.0;23.289;1.37;25.1
1980-06-10;7.81;17.52;27.22;0.02;28.973;0.86;19.18
1980-06-11;11.75;19.71;27.68;0.02;23.038;2.35;21.83
1980-06-12;9.68;16.1;22.52;0.02;31.689;2.24;20.47
1980-06-13;6.99;15.81;24.63;0.02;29.577;1.59;19.86
1980-06-14;10.46;18.63;26.81;0.02;28.772;2.35;16.9
1980-06-15;11.03;19.04;27.05;0.02;30.281;2.96;19.1
1980-06-16;12.35;19.89;27.44;0.02;29.074;3.16;26.24
1980-06-17;12.23;18.43;24.63;0.02;25.604;2.96;26.01
1980-06-18;9.23;17.26;25.28;0.02;31.89;2.43;16.75
1980-06-19;10.73;18.77;26.81;0.02;30.784;1.49;16.06
1980-06-20;11.75;20.32;28.9;0.02;30.784;0.86;15.15
1980-06-21;12.31;21.21;30.1;0.02;24.195;1.68;16.29
1980-06-22;14.22;21.07;27.92;0.02;24.396;2.64;20.01
1980-06-23;12.83;20.2;27.58;0.02;31.79;1.95;10.9
1980-06-24;11.9;19.87;27.84;0.02;32.393;1.49;9.08
1980-06-25;9.55;20.19;30.82;0.02;27.615;1.85;15.23
1980-06-26;13.92;21.73;29.55;0.02;30.08;2.56;16.06
1980-06-27;13.47;21.98;30.48;0.02;30.583;2.35;11.36
1980-06-28;13.29;23.17;33.05;0.02;29.879;1.59;8.24
1980-06-29;15.49;24.16;32.83;0.02;28.872;0.98;9.61
1980-06-30;14.44;24.13;33.81;0.02;26.76;1.85;10.67
1980-07-01;16.78;26.0;35.22;0.0;30.263;1.83;14.08
1980-07-02;15.54;23.38;31.23;0.0;30.069;2.91;18.85
1980-07-03;13.09;21.37;29.65;0.0;31.863;2.33;15.82
1980-07-04;14.49;22.77;31.05;0.0;30.894;2.81;16.06
1980-07-05;15.91;24.65;33.39;0.0;27.886;2.61;16.23
1980-07-06;17.52;26.24;34.97;0.0;28.178;1.36;14.83
1980-07-07;18.67;26.96;35.25;0.0;28.857;1.55;12.91
1980-07-08;16.62;24.67;32.73;0.0;29.875;1.92;14.19
1980-07-09;15.54;23.5;31.46;0.0;29.1;1.55;17.34
1980-07-10;16.87;24.11;31.35;0.0;27.79;1.74;20.36
1980-07-11;16.87;24.76;32.65;0.0;26.141;1.55;20.37
1980-07-12;16.15;24.12;32.09;0.0;26.044;1.17;20.66
1980-07-13;17.9;25.0;32.09;0.0;26.335;2.13;23.28
1980-07-14;16.15;23.6;31.05;0.0;27.984;2.44;15.53
1980-07-15;13.64;21.13;28.63;0.0;29.1;2.01;13.96
1980-07-16;13.55;20.91;28.27;0.0;27.887;1.74;15.88
1980-07-17;12.73;20.5;28.27;0.0;27.645;1.63;16.06
1980-07-18;13.28;20.42;27.56;0.0;27.208;1.92;19.14
1980-07-19;12.26;20.07;27.87;0.0;27.257;0.8;19.61
1980-07-20;15.12;21.59;28.07;0.0;21.291;2.13;18.85
1980-07-21;14.09;21.41;28.73;0.0;26.723;1.63;16.52
1980-07-22;14.65;22.39;30.13;0.0;26.238;0.98;15.01
1980-07-23;16.0;23.66;31.33;0.0;25.462;1.63;16.23
1980-07-24;17.18;24.32;31.46;0.0;25.074;2.13;17.45
1980-07-25;17.01;24.62;32.22;0.0;25.171;2.01;18.09
1980-07-26;16.0;24.9;33.8;0.0;25.365;1.83;14.08
1980-07-27;14.02;23.38;32.73;0.0;25.462;1.83;12.56
1980-07-28;15.12;24.11;33.11;0.0;25.365;2.44;10.82
1980-07-29;15.81;24.8;33.8;0.0;25.074;2.2;10.47
1980-07-30;16.15;24.34;32.52;0.0;22.746;1.17;12.85
1980-07-31;16.49;23.52;30.56;0.0;19.448;3.51;15.88
1980-08-01;15.33;22.91;30.5;0.06;26.711;4.93;16.67
1980-08-02;15.96;24.39;32.81;2.68;22.342;3.26;19.76
1980-08-03;16.78;23.27;29.76;0.06;24.684;3.18;27.8
1980-08-04;15.85;24.39;32.92;0.06;25.72;1.51;17.2
1980-08-05;16.89;25.24;33.59;0.06;25.541;1.62;15.3
1980-08-06;17.59;25.28;32.98;0.06;24.955;2.33;18.51
1980-08-07;18.08;25.53;32.98;0.06;24.189;2.22;18.04
1980-08-08;17.55;25.23;32.92;0.06;24.279;2.41;11.31
1980-08-09;17.19;24.76;32.33;0.06;24.55;3.26;10.12
1980-08-10;15.96;23.59;31.21;0.06;24.279;4.2;15.71
1980-08-11;13.59;22.58;31.57;0.06;24.189;2.41;15.24
1980-08-12;15.25;23.52;31.8;0.06;23.829;2.33;12.56
1980-08-13;16.3;25.05;33.8;0.06;24.055;3.37;8.87
1980-08-14;16.54;24.68;32.81;0.06;23.694;3.02;12.86
1980-08-15;16.12;23.57;31.02;0.06;23.739;3.09;10.66
1980-08-16;14.86;22.45;30.03;0.06;23.694;2.72;10.66
1980-08-17;14.46;22.23;29.99;0.06;23.739;1.92;9.11
1980-08-18;12.66;21.34;30.03;0.06;22.658;1.62;12.86
1980-08-19;15.25;22.88;30.5;0.06;22.388;2.33;17.08
1980-08-20;13.33;22.38;31.42;0.06;22.883;2.72;13.69
1980-08-21;14.52;23.72;32.92;0.06;22.343;1.33;13.27
1980-08-22;15.85;24.07;32.29;3.15;11.306;1.2;26.97
1980-08-23;16.04;23.8;31.57;2.81;14.145;1.1;21.91
1980-08-24;15.53;23.61;31.68;0.06;21.351;0.85;16.97
1980-08-25;14.64;24.25;33.87;0.06;21.171;1.92;11.85
1980-08-26;16.12;23.36;30.6;0.06;20.676;1.92;18.04
1980-08-27;14.04;21.2;28.37;1.64;17.027;2.41;29.23
1980-08-28;12.3;20.34;28.37;0.06;20.001;1.1;23.1
1980-08-29;14.3;23.31;32.33;0.06;19.64;2.03;16.37
1980-08-30;12.78;20.13;27.49;0.06;19.324;2.61;23.93
1980-08-31;11.27;16.28;21.29;0.06;19.64;2.33;35.95
1980-09-01;8.26;16.65;25.04;0.02;24.452;2.2;16.74
1980-09-02;10.32;18.23;26.14;0.02;23.862;3.04;17.62
1980-09-03;10.0;18.34;26.68;0.02;23.455;3.51;17.47
1980-09-04;12.01;19.82;27.64;0.02;22.458;4.23;18.13
1980-09-05;13.48;21.3;29.12;0.02;21.83;4.24;16.88
1980-09-06;12.22;18.56;24.9;1.25;7.387;4.3;22.59
1980-09-07;10.47;18.3;26.14;0.02;21.387;3.3;16.08
1980-09-08;12.76;20.2;27.64;0.02;19.946;3.2;16.74
1980-09-09;13.56;20.13;26.7;0.88;14.516;2.2;29.91
1980-09-10;9.63;15.13;20.62;2.15;7.387;1.07;48.79
1980-09-11;8.73;15.77;22.81;0.95;13.593;1.36;34.67
1980-09-12;7.49;15.08;22.67;0.02;19.54;1.48;22.66
1980-09-13;5.09;14.31;23.53;0.02;19.54;0.68;17.62
1980-09-14;7.17;15.52;23.86;1.31;14.886;2.63;21.57
1980-09-15;4.29;11.94;19.59;0.02;19.539;1.36;25.96
1980-09-16;2.93;11.97;21.02;0.02;19.392;0.18;17.61
1980-09-17;4.9;11.71;18.51;10.12;7.387;0.78;43.01
1980-09-18;7.76;15.57;23.39;21.05;11.931;2.45;44.11
1980-09-19;12.76;18.37;23.98;2.14;14.368;3.72;44.11
1980-09-20;9.16;14.82;20.48;0.02;13.482;2.83;47.77
1980-09-21;6.42;11.93;17.43;0.02;18.284;1.96;35.18
1980-09-22;4.43;11.57;18.72;0.02;18.432;1.07;23.98
1980-09-23;7.44;13.76;20.08;26.05;11.451;2.39;46.82
1980-09-24;13.62;16.61;19.59;30.65;4.765;0.28;61.31
1980-09-25;12.01;17.9;23.79;0.02;14.443;0.48;46.82
1980-09-26;9.63;17.92;26.21;0.02;15.957;2.91;36.43
1980-09-27;11.0;17.43;23.86;0.02;17.988;3.04;41.11
1980-09-28;9.54;16.32;23.11;0.02;16.954;0.78;35.84
1980-09-29;7.83;14.61;21.38;0.02;15.218;1.65;43.96
1980-09-30;5.42;13.43;21.45;0.02;15.071;0.73;34.45
1980-10-01;9.51;14.09;18.68;5.16;9.652;3.97;48.13
1980-10-02;4.43;8.66;12.89;0.02;17.33;2.52;38.67
1980-10-03;2.43;8.46;14.49;0.02;15.508;0.35;32.92
1980-10-04;2.19;10.34;18.48;0.02;17.958;0.16;23.94
1980-10-05;3.02;12.79;22.55;0.02;19.93;0.85;17.71
1980-10-06;2.45;13.67;24.9;0.02;17.45;1.24;18.03
1980-10-07;10.54;16.57;22.61;0.02;13.476;0.85;39.07
1980-10-08;9.1;16.52;23.94;0.02;15.538;1.03;28.04
1980-10-09;13.99;14.75;15.51;11.25;3.765;0.35;74.13
1980-10-10;12.03;15.25;18.48;0.02;14.492;3.51;38.99
1980-10-11;7.52;10.19;12.86;0.02;9.651;3.24;53.64
1980-10-12;6.75;10.1;13.45;0.02;9.801;2.52;48.92
1980-10-13;7.41;11.46;15.51;1.22;8.994;1.94;53.88
1980-10-14;7.52;11.52;15.51;0.02;9.502;1.35;43.95
1980-10-15;8.22;11.36;14.49;0.02;7.47;0.85;45.13
1980-10-16;6.86;11.53;16.19;0.02;15.09;2.61;35.76
1980-10-17;7.52;11.86;16.19;0.02;13.387;3.26;40.25
1980-10-18;5.28;10.5;15.71;2.18;8.038;1.54;50.73
1980-10-19;2.45;9.69;16.93;0.02;13.386;0.97;33.79
1980-10-20;2.43;11.06;19.69;0.02;12.968;0.0;31.42
1980-10-21;5.11;11.79;18.48;0.02;8.247;0.85;40.56
1980-10-22;6.4;12.32;18.24;0.02;10.428;1.24;42.69
1980-10-23;7.19;9.96;12.74;0.02;7.858;1.64;47.1
1980-10-24;4.95;10.1;15.24;0.02;12.161;2.27;33.71
1980-10-25;5.04;11.12;17.2;0.02;10.219;1.54;36.94
1980-10-26;6.14;11.96;17.79;0.02;9.113;1.13;43.32
1980-10-27;5.92;11.29;16.66;0.02;10.966;0.73;39.93
1980-10-28;4.03;10.04;16.04;0.02;10.249;1.03;40.88
1980-10-29;1.47;9.88;18.3;0.02;10.428;0.45;28.43
1980-10-30;2.45;10.27;18.09;0.02;10.727;0.16;27.25
1980-10-31;0.57;8.88;17.2;0.02;10.667;0.25;25.2
1980-11-01;2.68;9.81;16.94;0.02;13.148;1.9;24.98
1980-11-02;1.5;8.54;15.58;0.02;13.649;2.07;24.9
1980-11-03;2.47;8.77;15.06;0.02;12.648;2.58;31.3
1980-11-04;2.87;9.44;16.01;0.02;12.439;2.34;28.18
1980-11-05;0.77;8.77;16.76;0.02;12.356;1.34;24.9
1980-11-06;-4.73;7.45;19.62;0.02;12.94;1.07;20.77
1980-11-07;2.47;10.02;17.57;0.02;7.848;2.77;27.59
1980-11-08;1.05;8.14;15.23;0.74;12.252;2.07;32.48
1980-11-09;-2.07;1.95;5.97;0.02;6.909;3.22;52.35
1980-11-10;-6.88;-1.52;3.84;0.02;11.395;1.07;28.1
1980-11-11;0.13;3.98;7.82;0.02;5.906;2.4;51.34
1980-11-12;1.31;6.04;10.76;0.02;5.281;2.07;62.29
1980-11-13;1.05;7.04;13.04;0.02;6.553;2.48;39.47
1980-11-14;2.8;8.29;13.79;0.02;5.552;2.58;37.87
1980-11-15;3.35;7.2;11.05;3.68;3.465;1.55;73.5
1980-11-16;2.47;8.47;14.48;0.02;5.906;1.55;46.8
1980-11-17;0.77;6.24;11.71;0.02;3.256;1.17;54.04
1980-11-18;1.31;6.98;12.64;0.02;9.559;2.21;41.74
1980-11-19;2.68;8.46;14.25;0.02;7.221;2.48;32.39
1980-11-20;1.05;6.38;11.71;0.02;8.745;1.67;47.3
1980-11-21;1.36;6.54;11.71;0.02;6.178;1.46;54.04
1980-11-22;0.93;5.4;9.87;0.02;8.203;2.34;59.09
1980-11-23;1.31;6.04;10.76;0.02;6.595;1.9;44.69
1980-11-24;-0.61;3.6;7.82;0.02;7.848;1.55;47.05
1980-11-25;-1.62;2.36;6.35;12.89;4.717;2.77;66.0
1980-11-26;1.36;1.62;1.88;4.95;5.489;2.58;64.31
1980-11-27;-6.22;-1.71;2.8;4.78;2.922;4.28;75.01
1980-11-28;-8.49;-3.24;2.02;8.41;4.091;2.13;73.58
1980-11-29;0.36;1.03;1.7;8.97;5.28;4.9;76.78
1980-11-30;-8.49;-3.37;1.76;0.02;7.075;3.99;59.09
1980-12-01;-5.04;-0.33;4.39;0.9;6.102;2.49;56.87
1980-12-02;-5.89;-0.86;4.17;0.69;4.714;1.67;59.85
1980-12-03;-7.52;-1.98;3.56;0.79;4.714;1.84;66.7
1980-12-04;-10.77;-5.19;0.39;0.0;10.043;0.62;43.66
1980-12-05;-11.22;-5.44;0.35;0.0;10.137;1.07;31.53
1980-12-06;-9.73;-3.52;2.7;0.0;10.831;1.44;41.15
1980-12-07;-5.32;-0.24;4.85;0.79;6.606;1.67;69.81
1980-12-08;-8.43;-2.75;2.92;0.0;9.239;1.67;60.06
1980-12-09;-8.65;-3.02;2.62;0.0;8.34;1.2;46.17
1980-12-10;-11.96;-4.8;2.36;0.0;9.334;1.07;31.47
1980-12-11;-12.33;-4.99;2.36;0.0;9.145;0.3;30.45
1980-12-12;-11.22;-4.54;2.14;0.0;8.939;2.12;43.66
1980-12-13;-5.91;-1.89;2.14;0.0;9.145;3.16;55.86
1980-12-14;-5.91;-1.89;2.14;0.0;8.246;2.12;55.79
1980-12-15;-4.95;-0.67;3.62;1.52;4.178;2.96;63.58
1980-12-16;-6.82;-3.91;-1.0;0.0;5.755;2.55;63.17
1980-12-17;-9.7;-5.38;-1.06;0.0;8.009;2.89;59.31
1980-12-18;-11.96;-6.51;-1.06;0.0;8.734;2.04;57.48
1980-12-19;-1.54;1.54;4.61;1.81;4.351;3.26;77.2
1980-12-20;2.47;3.45;4.43;1.7;3.926;2.96;90.14
1980-12-21;-3.01;0.65;4.31;0.0;8.34;3.1;68.46
1980-12-22;-2.1;-0.56;0.99;0.56;5.755;4.15;70.08
1980-12-23;-5.91;-2.2;1.51;0.56;5.676;2.49;64.73
1980-12-24;-6.82;-2.63;1.57;0.0;5.392;1.84;64.87
1980-12-25;-6.88;-3.05;0.77;0.0;7.741;2.8;71.03
1980-12-26;1.12;2.98;4.85;0.79;3.721;3.26;81.81
1980-12-27;-6.59;-1.08;4.43;2.5;4.525;1.96;78.08
1980-12-28;-12.38;-4.9;2.58;0.0;8.545;1.2;31.2
1980-12-29;-12.38;-5.4;1.59;0.0;8.246;1.54;30.45
1980-12-30;-11.54;-4.74;2.06;0.0;8.845;2.12;29.98
1980-12-31;-9.13;-3.04;3.06;0.79;3.721;1.2;68.39
1981-01-01;-6.71;-0.67;5.37;0.0;5.966;1.93;64.91
1981-01-02;-0.08;3.65;7.37;1.09;5.133;4.46;75.42
1981-01-03;1.37;4.55;7.73;0.0;4.048;2.8;76.68
1981-01-04;0.56;4.49;8.41;0.0;6.353;2.29;69.98
1981-01-05;0.67;4.2;7.73;0.0;4.882;2.49;72.64
1981-01-06;-4.29;-1.69;0.91;0.0;6.353;3.42;46.48
1981-01-07;-4.68;-2.54;-0.4;0.0;6.198;2.7;40.2
1981-01-08;-6.55;-3.08;0.39;0.0;6.528;1.36;51.43
1981-01-09;-4.68;-2.27;0.14;0.0;7.089;1.36;50.59
1981-01-10;-6.02;-2.77;0.47;0.0;7.942;3.42;49.74
1981-01-11;-10.17;-4.85;0.47;4.26;7.632;3.08;52.52
1981-01-12;-10.95;-5.73;-0.51;0.6;7.245;2.8;41.05
1981-01-13;-7.24;-4.29;-1.33;0.0;7.515;3.35;55.66
1981-01-14;-7.13;-1.82;3.48;1.36;5.579;3.52;56.87
1981-01-15;-0.16;1.94;4.03;0.75;5.404;4.19;73.48
1981-01-16;-2.62;-0.27;2.09;0.0;8.542;3.42;71.37
1981-01-17;-3.29;0.96;5.21;2.0;4.416;4.93;71.91
1981-01-18;-7.91;-3.23;1.46;0.0;6.702;2.18;46.42
1981-01-19;-8.05;-3.04;1.98;0.0;8.852;1.53;35.13
1981-01-20;-9.44;-2.74;3.95;0.0;9.336;0.69;31.74
1981-01-21;-9.56;-3.34;2.88;0.0;9.24;0.42;35.13
1981-01-22;-10.17;-3.34;3.48;0.0;9.53;0.74;33.68
1981-01-23;-11.0;-3.55;3.89;0.0;10.614;0.94;30.78
1981-01-24;-8.64;-1.54;5.56;0.0;10.498;2.06;52.04
1981-01-25;0.56;3.21;5.86;0.0;6.585;3.25;78.68
1981-01-26;0.42;3.56;6.69;0.0;9.801;3.01;73.18
1981-01-27;1.17;4.35;7.53;1.38;9.937;3.56;77.11
1981-01-28;3.15;6.17;9.18;0.75;4.804;5.27;63.58
1981-01-29;-0.61;3.67;7.94;1.77;4.417;2.7;58.74
1981-01-30;-0.75;4.01;8.77;0.0;8.852;2.59;52.1
1981-01-31;0.42;4.71;9.01;2.64;10.556;3.42;46.0
1981-02-01;-0.08;4.7;9.47;7.19;5.438;4.59;64.22
1981-02-02;1.43;6.26;11.09;3.67;4.646;5.76;61.12
1981-02-03;2.66;6.88;11.09;4.38;5.957;5.9;51.08
1981-02-04;-2.14;2.27;6.68;1.61;5.438;4.67;53.26
1981-02-05;-3.43;0.02;3.47;0.0;9.564;2.28;32.32
1981-02-06;-3.59;-2.26;-0.94;0.7;7.132;4.67;46.98
1981-02-07;-4.42;-1.31;1.79;0.0;7.543;2.1;41.43
1981-02-08;-4.63;-1.48;1.68;0.0;10.466;1.48;36.68
1981-02-09;-4.76;-0.03;4.7;0.0;10.466;1.48;28.68
1981-02-10;-4.45;0.21;4.87;0.0;10.029;1.4;40.04
1981-02-11;-4.05;1.09;6.23;2.2;7.87;1.83;54.97
1981-02-12;0.38;4.06;7.74;1.17;9.101;3.27;56.96
1981-02-13;-2.45;1.95;6.35;1.61;8.089;3.88;64.55
1981-02-14;-2.48;0.94;4.36;0.98;7.707;3.9;51.8
1981-02-15;-3.34;-0.49;2.35;1.24;8.636;5.06;59.6
1981-02-16;-3.83;-1.93;-0.02;0.0;12.161;3.71;51.93
1981-02-17;-5.62;-0.56;4.5;0.0;12.352;1.83;40.84
1981-02-18;-6.14;-1.33;3.47;0.0;12.789;0.27;42.09
1981-02-19;-6.48;-0.46;5.56;0.0;13.172;0.56;41.43
1981-02-20;-6.14;0.75;7.63;2.61;14.21;1.93;46.25
1981-02-21;0.63;4.79;8.94;0.2;6.013;2.61;73.67
1981-02-22;-1.96;4.47;10.9;0.0;9.482;0.6;58.8
1981-02-23;0.38;6.4;12.41;0.0;10.603;0.6;52.46
1981-02-24;1.58;6.73;11.88;0.0;10.958;2.36;53.06
1981-02-25;-1.19;4.2;9.59;0.0;13.336;3.09;43.61
1981-02-26;-2.48;2.61;7.69;0.0;16.314;2.36;30.93
1981-02-27;-3.25;3.05;9.36;0.0;15.714;1.2;35.62
1981-02-28;-2.29;3.8;9.89;0.0;15.822;1.07;36.74
1981-03-01;-2.48;2.97;8.42;2.4;10.454;3.69;58.84
1981-03-02;3.14;7.67;12.2;0.0;8.791;3.13;52.98
1981-03-03;5.9;9.91;13.93;0.0;9.715;4.01;54.56
1981-03-04;4.09;8.95;13.81;3.71;9.087;3.33;58.45
1981-03-05;6.01;10.84;15.66;5.0;9.16;3.69;46.34
1981-03-06;5.9;9.46;13.01;3.71;8.089;3.22;53.58
1981-03-07;5.9;9.21;12.53;3.4;10.379;3.01;51.47
1981-03-08;6.37;9.81;13.25;0.0;7.942;2.11;58.71
1981-03-09;0.05;6.37;12.68;0.0;9.678;2.11;52.92
1981-03-10;-1.75;6.54;14.83;4.31;11.783;1.28;40.87
1981-03-11;1.39;6.86;12.32;0.0;8.717;2.83;53.64
1981-03-12;-0.59;5.87;12.32;0.86;9.234;1.72;52.59
1981-03-13;0.89;7.12;13.34;5.4;10.121;1.28;49.5
1981-03-14;1.58;7.29;13.01;0.51;9.678;1.83;53.64
1981-03-15;1.69;7.0;12.32;3.42;7.905;2.0;58.38
1981-03-16;5.14;8.91;12.68;1.51;8.717;1.89;59.17
1981-03-17;4.7;8.4;12.11;3.13;8.126;2.53;61.08
1981-03-18;4.09;8.87;13.64;0.0;10.454;2.83;50.75
1981-03-19;4.7;10.15;15.6;0.0;15.107;3.62;44.69
1981-03-20;5.14;8.53;11.91;7.16;5.651;3.69;78.32
1981-03-21;1.69;7.85;14.02;1.51;12.226;2.83;51.73
1981-03-22;-1.0;3.61;8.21;0.0;18.764;2.0;34.89
1981-03-23;0.28;3.35;6.42;13.32;8.939;3.39;70.55
1981-03-24;3.0;7.37;11.73;1.44;7.239;1.12;61.08
1981-03-25;-0.31;5.02;10.35;0.2;9.382;3.39;51.4
1981-03-26;-2.48;3.14;8.77;0.0;22.346;1.12;30.21
1981-03-27;-2.34;5.07;12.47;0.0;22.347;1.12;26.33
1981-03-28;-0.03;7.29;14.62;0.0;15.477;1.39;41.27
1981-03-29;3.98;10.0;16.02;0.0;21.83;2.44;34.95
1981-03-30;0.67;8.62;16.56;0.0;23.049;0.56;27.78
1981-03-31;-1.31;8.86;19.03;0.0;23.16;0.17;21.79
1981-04-01;3.66;11.29;18.91;0.0;19.468;1.29;26.11
1981-04-02;4.67;11.71;18.76;0.0;19.026;1.7;31.09
1981-04-03;4.87;11.27;17.66;0.0;19.468;1.99;33.18
1981-04-04;0.0;8.0;16.0;0.0;21.366;1.39;26.52
1981-04-05;-0.34;9.21;18.76;0.0;22.778;1.06;21.53
1981-04-06;5.98;13.59;21.19;0.0;21.145;2.41;22.14
1981-04-07;5.29;11.61;17.93;0.0;21.587;3.6;26.52
1981-04-08;4.01;10.48;16.95;0.0;14.789;2.76;40.05
1981-04-09;6.84;13.35;19.86;0.35;16.864;1.39;43.48
1981-04-10;8.73;14.79;20.84;3.95;14.788;0.6;51.42
1981-04-11;7.28;14.95;22.62;0.94;18.055;0.7;41.26
1981-04-12;6.59;14.14;21.7;3.72;9.491;0.88;42.07
1981-04-13;6.07;12.28;18.49;0.0;14.17;1.06;49.0
1981-04-14;7.7;15.08;22.47;4.63;14.789;1.99;36.48
1981-04-15;8.58;14.34;20.09;4.88;16.157;2.2;48.53
1981-04-16;5.78;10.83;15.88;0.0;20.218;3.4;36.01
1981-04-17;2.41;8.71;15.01;0.0;22.602;2.09;35.67
1981-04-18;3.54;9.97;16.41;0.0;19.247;0.2;37.56
1981-04-19;1.01;10.47;19.92;0.0;23.882;1.81;26.58
1981-04-20;7.72;13.16;18.61;10.61;15.142;3.82;41.46
1981-04-21;8.29;10.84;13.38;10.61;10.462;0.8;74.65
1981-04-22;5.14;12.07;19.0;1.42;18.629;2.67;39.1
1981-04-23;2.68;8.91;15.13;1.59;16.775;1.5;43.48
1981-04-24;4.89;11.51;18.13;0.0;18.055;1.81;39.1
1981-04-25;7.28;14.8;22.32;0.0;24.942;2.51;30.49
1981-04-26;5.88;13.3;20.72;5.04;13.685;1.7;40.38
1981-04-27;8.51;14.38;20.24;0.35;18.761;3.4;37.69
1981-04-28;5.26;13.48;21.7;0.0;23.662;1.99;36.01
1981-04-29;9.0;17.79;26.57;0.0;27.855;3.6;20.66
1981-04-30;13.06;19.12;25.17;0.0;16.864;4.7;22.14
1981-05-01;12.94;18.02;23.1;0.0;24.753;2.86;40.32
1981-05-02;8.36;12.65;16.94;6.22;10.466;2.46;60.26
1981-05-03;5.12;9.39;13.66;0.0;23.763;1.46;34.9
1981-05-04;2.0;8.03;14.05;0.0;25.365;1.73;30.41
1981-05-05;2.89;10.08;17.26;0.0;26.12;1.73;26.0
1981-05-06;4.26;11.44;18.62;0.0;26.12;2.56;26.53
1981-05-07;4.14;11.38;18.62;0.0;25.837;2.96;26.8
1981-05-08;3.19;12.21;21.24;0.0;26.403;0.72;26.6
1981-05-09;1.89;13.23;24.58;0.0;26.167;0.3;26.2
1981-05-10;5.4;16.09;26.79;0.0;25.459;0.3;26.4
1981-05-11;12.29;19.95;27.61;0.0;26.025;1.46;26.53
1981-05-12;12.55;20.69;28.82;1.43;22.442;1.07;29.14
1981-05-13;12.94;21.14;29.35;0.0;26.214;1.17;21.91
1981-05-14;12.27;20.31;28.35;1.07;15.37;0.72;38.44
1981-05-15;12.29;19.67;27.05;0.0;26.45;1.36;30.01
1981-05-16;8.48;18.34;28.2;2.21;26.402;1.36;20.37
1981-05-17;11.8;17.45;23.1;0.0;15.983;2.46;39.92
1981-05-18;10.23;15.5;20.77;0.82;16.124;2.96;40.39
1981-05-19;10.64;14.41;18.17;4.5;15.135;1.73;56.31
1981-05-20;5.23;13.0;20.77;0.0;28.052;0.98;27.8
1981-05-21;2.48;13.64;24.81;0.0;27.722;0.91;20.37
1981-05-22;8.63;18.32;28.0;0.0;27.11;0.8;20.37
1981-05-23;12.28;20.29;28.29;2.36;20.981;1.27;29.94
1981-05-24;12.73;20.04;27.35;0.0;27.487;1.73;29.34
1981-05-25;10.55;20.38;30.21;0.0;28.1;0.5;21.31
1981-05-26;15.91;22.82;29.74;0.37;22.112;1.54;28.14
1981-05-27;15.91;23.56;31.21;0.0;29.278;3.42;17.36
1981-05-28;11.54;18.7;25.87;0.0;29.138;2.29;28.07
1981-05-29;9.2;18.77;28.35;0.0;29.137;1.07;20.37
1981-05-30;13.14;20.75;28.35;0.0;23.763;1.73;22.92
1981-05-31;12.58;20.38;28.17;0.0;26.403;1.07;26.33
1981-06-01;11.03;18.34;25.64;0.02;24.597;1.95;31.25
1981-06-02;9.68;17.45;25.23;0.02;29.476;1.74;23.58
1981-06-03;12.23;20.56;28.9;0.02;31.79;1.49;16.29
1981-06-04;14.09;22.23;30.36;0.02;25.653;1.85;16.06
1981-06-05;13.92;22.11;30.29;0.02;26.558;0.98;17.05
1981-06-06;13.62;21.68;29.74;1.75;17.152;1.49;23.35
1981-06-07;12.72;19.21;25.71;4.49;19.014;2.15;33.53
1981-06-08;11.49;18.57;25.64;1.36;20.774;1.95;31.17
1981-06-09;12.6;20.22;27.84;0.02;27.062;1.59;23.81
1981-06-10;12.6;22.11;31.61;0.02;21.931;0.98;15.76
1981-06-11;13.05;20.27;27.48;3.67;17.806;2.56;32.39
1981-06-12;10.46;16.85;23.24;0.02;29.778;2.96;26.77
1981-06-13;8.68;14.65;20.63;12.08;12.726;1.85;47.88
1981-06-14;12.31;18.34;24.37;0.02;21.78;1.28;40.36
1981-06-15;13.92;20.21;26.5;9.02;17.907;1.49;42.87
1981-06-16;13.18;20.91;28.64;3.56;19.617;1.59;34.36
1981-06-17;13.05;20.48;27.92;0.02;23.289;2.03;33.76
1981-06-18;11.49;20.8;30.1;0.55;24.748;0.6;25.71
1981-06-19;14.09;22.45;30.82;2.26;21.68;1.16;31.17
1981-06-20;14.53;22.25;29.98;0.02;22.535;1.68;27.99
1981-06-21;13.92;21.02;28.13;0.02;28.571;1.85;25.1
1981-06-22;13.55;21.09;28.64;0.02;27.917;1.16;24.34
1981-06-23;13.79;23.11;32.42;0.02;25.503;1.59;18.65
1981-06-24;13.77;23.7;33.62;0.02;27.967;0.69;15.76
1981-06-25;16.62;25.09;33.57;0.02;26.307;1.95;15.91
1981-06-26;13.55;21.5;29.45;0.02;28.973;2.88;17.58
1981-06-27;11.68;17.35;23.02;0.02;22.232;2.75;30.19
1981-06-28;8.68;16.29;23.89;0.02;23.289;2.24;25.93
1981-06-29;9.03;18.43;27.84;0.02;26.961;1.95;21.0
1981-06-30;12.83;21.89;30.94;0.02;25.251;1.08;16.29
1981-07-01;12.26;21.02;29.77;0.0;28.663;2.44;21.12
1981-07-02;13.09;20.86;28.63;0.0;30.7;2.44;18.39
1981-07-03;13.55;21.34;29.14;0.0;31.379;2.44;16.17
1981-07-04;13.0;21.98;30.95;0.0;32.251;2.01;13.44
1981-07-05;13.77;21.84;29.9;0.0;30.457;2.44;18.15
1981-07-06;12.67;18.89;25.12;0.0;28.954;2.81;30.73
1981-07-07;11.03;17.04;23.05;0.0;29.681;2.91;27.87
1981-07-08;11.52;16.8;22.09;0.0;29.972;3.04;28.05
1981-07-09;9.75;16.43;23.1;0.0;30.894;2.91;23.45
1981-07-10;7.88;16.23;24.58;0.0;31.767;3.16;19.9
1981-07-11;10.87;17.52;24.17;0.0;16.684;2.61;23.51
1981-07-12;11.21;18.75;26.29;0.0;28.663;2.2;19.55
1981-07-13;13.7;21.1;28.5;0.0;28.275;2.44;18.85
1981-07-14;15.0;22.78;30.56;0.0;27.111;2.61;19.96
1981-07-15;17.64;24.44;31.23;1.01;21.242;3.32;19.61
1981-07-16;16.15;22.39;28.63;0.0;25.462;2.71;23.68
1981-07-17;13.77;21.02;28.27;0.0;27.79;1.09;17.69
1981-07-18;12.44;21.79;31.15;0.0;28.081;1.17;12.56
1981-07-19;13.88;23.3;32.73;0.0;27.887;2.13;10.35
1981-07-20;15.81;24.51;33.21;0.0;27.984;2.49;11.05
1981-07-21;16.15;25.82;35.5;0.0;27.79;1.92;9.48
1981-07-22;18.55;27.41;36.27;0.0;27.111;2.2;11.46
1981-07-23;18.49;26.56;34.64;0.0;25.85;1.83;14.66
1981-07-24;18.36;26.5;34.64;0.0;25.85;1.74;13.32
1981-07-25;18.92;27.57;36.22;0.0;26.335;2.91;9.71
1981-07-26;16.78;24.65;32.52;0.0;26.238;2.81;13.03
1981-07-27;13.64;22.6;31.56;0.0;26.141;2.01;14.37
1981-07-28;15.21;22.58;29.95;0.0;23.862;2.49;20.36
1981-07-29;13.77;21.27;28.78;0.0;23.909;2.2;20.19
1981-07-30;14.31;22.68;31.05;0.0;23.425;2.2;15.18
1981-07-31;14.42;23.57;32.73;0.0;24.929;1.83;12.27
1981-08-01;15.65;25.62;35.59;0.06;27.433;1.1;11.07
1981-08-02;17.39;26.77;36.14;0.06;27.342;1.62;9.17
1981-08-03;17.94;26.77;35.59;0.06;26.532;2.22;10.77
1981-08-04;16.99;25.85;34.71;0.06;26.217;1.62;10.65
1981-08-05;17.94;24.81;31.68;0.06;24.775;2.53;19.35
1981-08-06;16.32;24.32;32.33;0.06;24.46;3.18;19.94
1981-08-07;16.12;24.74;33.36;0.06;24.55;2.33;15.95
1981-08-08;17.19;25.36;33.53;0.06;24.55;1.2;13.45
1981-08-09;16.4;24.52;32.64;0.06;24.37;2.22;13.69
1981-08-10;14.78;22.64;30.5;0.06;24.685;1.92;12.68
1981-08-11;15.96;23.44;30.92;0.06;24.189;2.22;15.95
1981-08-12;15.85;23.39;30.92;0.06;23.739;3.7;16.61
1981-08-13;15.47;23.34;31.21;0.06;23.559;3.7;13.27
1981-08-14;15.96;23.98;32.01;0.06;23.378;2.61;13.57
1981-08-15;14.78;23.04;31.3;0.06;23.469;0.85;11.73
1981-08-16;13.25;22.52;31.8;1.48;18.469;1.92;21.01
1981-08-17;12.03;18.91;25.8;0.06;22.748;2.72;25.06
1981-08-18;8.52;16.54;24.56;0.06;23.289;2.22;22.38
1981-08-19;11.27;18.65;26.03;0.06;22.658;3.18;25.66
1981-08-20;10.24;18.16;26.07;0.06;22.388;3.54;25.54
1981-08-21;12.99;19.39;25.8;0.06;20.721;3.93;36.01
1981-08-22;13.15;20.21;27.27;0.06;21.892;3.48;23.93
1981-08-23;10.76;19.02;27.27;0.06;21.982;3.09;21.49
1981-08-24;11.89;20.74;29.59;0.06;21.352;2.72;21.37
1981-08-25;14.86;22.45;30.03;3.96;16.983;1.72;31.31
1981-08-26;13.83;20.87;27.91;2.88;16.982;0.5;39.65
1981-08-27;11.04;19.77;28.5;0.06;19.324;0.85;28.22
1981-08-28;12.36;19.81;27.27;0.06;19.64;1.51;28.81
1981-08-29;11.81;18.08;24.35;0.06;20.0;1.92;23.93
1981-08-30;9.29;15.2;21.11;0.06;16.847;2.33;36.01
1981-08-31;6.62;13.96;21.29;0.06;19.054;2.61;36.73
1981-09-01;9.36;15.66;21.96;0.02;18.617;1.75;34.67
1981-09-02;8.46;16.84;25.22;0.02;19.835;0.58;21.05
1981-09-03;13.1;19.32;25.53;4.49;7.424;0.78;32.91
1981-09-04;12.67;18.05;23.44;0.02;13.999;1.48;40.38
1981-09-05;10.34;15.89;21.45;3.22;11.672;2.2;46.82
1981-09-06;8.93;15.54;22.15;0.02;20.427;2.39;25.59
1981-09-07;7.17;15.2;23.23;0.02;21.719;2.31;18.71
1981-09-08;7.49;16.73;25.98;0.02;22.827;1.36;14.32
1981-09-09;8.64;19.66;30.69;0.02;21.165;0.94;8.61
1981-09-10;13.1;22.38;31.65;0.02;20.352;1.18;12.56
1981-09-11;14.96;22.84;30.72;0.02;15.366;2.31;14.76
1981-09-12;14.66;22.13;29.59;0.02;19.651;2.63;15.93
1981-09-13;13.56;21.93;30.29;0.02;19.392;2.63;16.81
1981-09-14;14.03;22.66;31.3;0.02;19.318;2.31;16.88
1981-09-15;12.13;20.21;28.3;0.02;19.318;1.27;17.69
1981-09-16;12.67;21.48;30.29;0.02;18.986;1.55;14.25
1981-09-17;10.13;18.41;26.68;0.02;17.139;2.11;18.05
1981-09-18;8.64;14.26;19.87;5.05;7.646;1.18;44.04
1981-09-19;7.49;14.77;22.06;0.02;14.59;1.65;35.11
1981-09-20;5.31;15.17;25.04;0.02;18.432;1.48;18.05
1981-09-21;5.95;12.29;18.63;0.02;17.102;2.39;35.03
1981-09-22;5.56;14.54;23.53;0.02;15.957;1.86;21.79
1981-09-23;6.99;15.73;24.47;0.02;17.804;1.65;16.74
1981-09-24;7.83;17.35;26.87;0.02;17.73;2.31;14.1
1981-09-25;8.59;17.47;26.35;0.02;16.844;2.39;18.05
1981-09-26;8.87;15.84;22.81;0.02;14.59;2.83;32.91
1981-09-27;6.19;13.63;21.07;0.02;16.844;3.36;22.96
1981-09-28;5.17;12.09;19.0;0.02;15.587;2.45;28.74
1981-09-29;4.43;12.25;20.08;0.02;12.67;1.07;31.59
1981-09-30;6.42;13.72;21.02;0.02;12.337;1.36;35.4
1981-10-01;7.89;14.18;20.47;0.02;15.09;1.41;31.34
1981-10-02;8.97;14.8;20.62;0.02;12.878;2.06;34.65
1981-10-03;8.77;14.47;20.17;0.02;18.555;2.27;24.1
1981-10-04;8.55;15.17;21.78;0.02;17.33;2.77;25.51
1981-10-05;8.55;15.54;22.52;0.02;17.151;3.08;20.94
1981-10-06;8.35;15.39;22.43;0.02;17.241;2.96;20.39
1981-10-07;8.55;14.24;19.93;0.02;16.285;2.27;31.27
1981-10-08;12.06;15.05;18.03;0.02;8.994;2.27;38.59
1981-10-09;8.77;13.11;17.44;0.02;14.014;3.47;33.39
1981-10-10;6.86;11.89;16.93;0.02;13.745;1.54;25.36
1981-10-11;4.21;11.29;18.36;0.02;16.076;2.96;21.34
1981-10-12;7.15;14.79;22.43;0.02;15.418;1.74;19.29
1981-10-13;7.87;15.75;23.62;0.02;15.239;1.74;15.9
1981-10-14;4.71;14.45;24.18;0.02;15.239;1.24;14.72
1981-10-15;6.42;15.73;25.04;0.02;15.09;2.52;11.96
1981-10-16;4.71;14.46;24.21;0.02;14.074;2.27;13.7
1981-10-17;10.04;13.71;17.38;4.34;5.528;3.9;37.57
1981-10-18;2.54;7.0;11.46;3.6;6.036;3.24;61.13
1981-10-19;-0.35;2.62;5.58;2.67;8.784;3.26;52.07
1981-10-20;-1.95;2.32;6.59;0.02;9.92;1.74;40.56
1981-10-21;-5.15;2.77;10.69;0.02;13.535;2.27;24.65
1981-10-22;6.99;14.39;21.78;0.02;11.355;3.9;20.94
1981-10-23;10.54;18.0;25.46;0.0;12.759;4.59;13.3
1981-10-24;10.65;14.64;18.63;4.64;5.856;4.2;39.78
1981-10-25;5.28;10.39;15.51;0.02;9.801;1.74;43.32
1981-10-26;6.75;9.68;12.62;1.0;6.245;1.35;59.08
1981-10-27;6.4;8.63;10.87;1.91;5.797;1.54;64.83
1981-10-28;4.95;8.42;11.88;0.92;5.528;1.94;53.64
1981-10-29;2.45;7.54;12.62;0.02;10.906;1.85;34.89
1981-10-30;0.57;7.67;14.76;0.02;11.115;0.45;28.98
1981-10-31;-1.05;7.49;16.04;0.02;10.428;0.16;23.15
1981-11-01;1.62;9.55;17.48;0.02;13.045;1.17;24.39
1981-11-02;0.81;8.79;16.76;0.02;12.856;0.63;28.35
1981-11-03;-1.72;8.19;18.09;0.02;12.439;0.97;23.46
1981-11-04;2.97;10.47;17.98;3.16;3.674;3.53;41.49
1981-11-05;6.47;12.57;18.67;0.02;11.562;3.0;35.17
1981-11-06;5.85;9.25;12.64;2.0;2.525;1.78;68.78
1981-11-07;4.6;10.15;15.7;0.02;5.281;0.97;51.51
1981-11-08;3.87;8.83;13.79;1.63;4.279;2.07;57.16
1981-11-09;2.28;7.57;12.87;0.02;11.146;3.09;33.99
1981-11-10;3.18;7.72;12.26;0.02;5.03;3.53;44.69
1981-11-11;3.04;7.84;12.64;0.02;6.553;1.55;50.84
1981-11-12;1.88;8.99;16.1;3.16;7.18;2.88;45.28
1981-11-13;2.19;8.9;15.61;0.02;10.435;0.97;43.09
1981-11-14;5.52;10.89;16.27;0.02;5.281;1.46;53.87
1981-11-15;3.27;10.02;16.76;0.02;9.956;1.46;32.64
1981-11-16;1.78;9.68;17.57;0.02;9.956;1.67;26.16
1981-11-17;2.19;9.33;16.47;0.02;9.559;2.58;35.0
1981-11-18;4.77;8.71;12.64;1.43;2.442;2.48;68.44
1981-11-19;3.27;8.42;13.56;0.02;5.489;2.58;47.22
1981-11-20;2.0;7.49;12.98;0.02;9.956;1.9;36.43
1981-11-21;0.25;6.59;12.93;0.02;9.1;1.07;36.86
1981-11-22;-2.71;4.68;12.06;0.02;8.745;0.47;41.74
1981-11-23;2.4;6.31;10.21;4.51;4.634;3.59;65.41
1981-11-24;5.85;8.3;10.76;0.02;4.279;4.1;62.29
1981-11-25;4.34;7.81;11.28;0.02;7.18;3.8;45.11
1981-11-26;0.43;4.34;8.25;0.02;8.516;3.41;37.61
1981-11-27;-1.51;2.45;6.41;0.02;6.825;3.09;45.53
1981-11-28;-6.78;-0.41;5.97;0.02;8.37;1.67;44.27
1981-11-29;-6.86;-0.65;5.57;0.02;7.18;2.34;54.12
1981-11-30;0.36;1.58;2.8;0.02;5.489;2.4;71.39
1981-12-01;2.02;4.93;7.84;1.81;3.674;3.66;73.61
1981-12-02;4.62;7.03;9.43;3.85;2.885;4.05;74.08
1981-12-03;4.25;7.32;10.39;2.57;3.626;3.16;72.52
1981-12-04;2.47;6.91;11.35;0.0;8.34;2.62;46.71
1981-12-05;1.29;7.19;13.08;0.0;6.212;3.42;47.05
1981-12-06;5.13;8.54;11.94;0.0;3.2;4.29;65.07
1981-12-07;4.14;7.47;10.81;0.0;3.626;3.85;63.31
1981-12-08;1.29;7.44;13.58;0.0;9.034;1.77;42.78
1981-12-09;1.06;6.36;11.65;0.0;9.145;1.2;39.39
1981-12-10;1.77;6.02;10.27;0.0;9.743;2.49;49.83
1981-12-11;1.23;5.26;9.29;0.0;5.676;2.22;56.67
1981-12-12;0.64;4.1;7.56;0.0;5.597;2.38;55.25
1981-12-13;-0.07;3.67;7.4;0.0;6.906;2.96;52.27
1981-12-14;1.91;5.25;8.6;0.0;4.431;3.58;44.95
1981-12-15;1.29;4.84;8.38;4.2;3.926;3.78;67.98
1981-12-16;3.12;5.94;8.76;1.57;4.351;3.42;67.1
1981-12-17;3.38;6.47;9.57;1.96;2.806;1.44;69.81
1981-12-18;3.38;6.49;9.61;2.57;7.031;2.49;59.92
1981-12-19;5.38;8.89;12.4;0.79;5.14;3.78;61.82
1981-12-20;4.62;7.57;10.53;1.57;2.743;3.26;74.56
1981-12-21;3.83;8.18;12.54;0.0;6.606;3.26;55.99
1981-12-22;5.58;7.68;9.79;27.32;0.205;3.91;82.14
1981-12-23;5.58;7.68;9.79;8.04;1.545;0.94;80.92
1981-12-24;1.06;6.08;11.09;0.0;5.897;0.94;56.26
1981-12-25;0.13;4.81;9.49;0.0;6.511;1.44;48.4
1981-12-26;0.92;4.84;8.76;5.97;6.306;2.62;61.75
1981-12-27;-0.07;3.18;6.43;0.95;4.431;2.62;67.98
1981-12-28;-2.1;0.48;3.06;0.0;8.135;3.1;34.45
1981-12-29;-1.54;1.38;4.31;0.0;4.525;3.1;57.35
1981-12-30;-3.01;0.74;4.49;0.79;3.405;2.62;66.09
1981-12-31;-4.93;-2.24;0.45;0.95;3.721;3.78;55.79
1982-01-01;-7.91;-4.87;-1.83;0.0;6.528;3.01;44.55
1982-01-02;-7.94;-3.85;0.23;0.0;5.83;3.67;40.98
1982-01-03;-2.95;-1.01;0.94;0.0;7.09;4.24;49.32
1982-01-04;-3.82;-0.85;2.11;0.0;6.198;2.8;54.03
1982-01-05;-3.82;-1.38;1.05;0.0;6.024;1.36;57.96
1982-01-06;-5.01;-2.04;0.94;0.0;6.198;1.45;52.64
1982-01-07;-5.24;-2.43;0.39;0.0;6.024;1.45;60.25
1982-01-08;-8.66;-4.54;-0.43;0.0;7.942;1.84;47.69
1982-01-09;-10.11;-5.54;-0.98;0.0;8.465;1.45;45.15
1982-01-10;-4.15;-1.53;1.1;0.9;5.83;1.93;55.78
1982-01-11;-7.91;-3.71;0.5;0.0;6.431;1.73;57.11
1982-01-12;-7.91;-3.49;0.94;0.0;9.413;2.59;49.8
1982-01-13;0.39;3.13;5.86;0.0;5.966;4.02;74.87
1982-01-14;-0.42;2.52;5.45;0.0;6.799;4.24;77.23
1982-01-15;-5.18;-0.64;3.89;0.0;8.465;1.84;47.39
1982-01-16;-6.91;-1.78;3.35;0.0;8.542;1.36;42.43
1982-01-17;-6.18;-0.31;5.56;0.0;8.852;1.93;48.11
1982-01-18;0.06;3.03;6.0;1.02;6.102;2.89;77.65
1982-01-19;1.67;3.48;5.29;0.9;5.133;1.93;83.81
1982-01-20;0.31;3.92;7.53;0.0;8.736;2.39;71.31
1982-01-21;-0.58;3.27;7.12;0.0;8.852;2.59;62.13
1982-01-22;-2.45;1.94;6.33;0.0;7.942;1.07;59.89
1982-01-23;-3.29;1.29;5.86;0.0;9.336;0.74;46.78
1982-01-24;-4.43;-0.92;2.58;0.0;9.336;1.45;46.42
1982-01-25;-6.16;-1.41;3.35;0.0;9.801;0.74;41.11
1982-01-26;-6.71;-1.68;3.35;0.0;10.924;1.28;39.29
1982-01-27;-6.1;0.1;6.3;0.0;9.414;1.36;38.87
1982-01-28;-2.7;2.33;7.37;0.0;10.711;2.49;49.2
1982-01-29;0.2;3.97;7.73;1.02;10.034;2.59;58.02
1982-01-30;-0.16;3.74;7.64;0.0;4.881;1.36;71.73
1982-01-31;-0.75;3.44;7.64;0.0;6.702;0.74;66.54
1982-02-01;-2.48;3.44;9.36;0.0;8.116;0.75;52.6
1982-02-02;-3.28;1.82;6.93;0.0;4.837;1.66;56.49
1982-02-03;-4.88;-1.54;1.79;0.0;9.319;1.2;35.49
1982-02-04;-5.28;0.25;5.79;0.0;8.854;1.57;28.16
1982-02-05;-1.62;3.38;8.38;2.2;5.766;2.86;61.12
1982-02-06;-1.8;3.86;9.53;0.0;9.237;2.19;46.39
1982-02-07;-3.03;3.33;9.7;0.0;9.291;1.83;45.66
1982-02-08;1.03;5.63;10.23;0.0;7.106;2.53;52.33
1982-02-09;1.25;6.37;11.48;0.0;6.149;2.72;46.25
1982-02-10;-0.08;5.7;11.48;0.0;10.521;5.06;35.02
1982-02-11;1.58;5.91;10.23;5.9;2.733;5.29;69.84
1982-02-12;0.01;5.72;11.43;0.0;9.811;1.3;46.12
1982-02-13;0.69;5.82;10.95;0.0;7.679;1.83;48.7
1982-02-14;-0.26;5.61;11.48;0.0;10.575;3.09;47.58
1982-02-15;1.89;6.37;10.84;5.16;2.104;3.88;65.21
1982-02-16;1.15;6.05;10.95;0.0;6.695;1.8;52.6
1982-02-17;1.03;5.61;10.2;0.0;7.405;4.07;53.98
1982-02-18;2.2;7.54;12.88;0.0;8.417;3.54;40.51
1982-02-19;1.03;6.53;12.04;0.0;12.68;2.36;38.46
1982-02-20;0.14;5.81;11.48;0.0;13.035;2.86;38.13
1982-02-21;0.17;6.03;11.88;0.0;13.336;2.1;36.74
1982-02-22;-0.94;5.27;11.48;0.0;13.418;0.27;43.35
1982-02-23;-1.93;5.28;12.49;0.0;13.801;0.6;34.63
1982-02-24;-1.31;5.81;12.94;0.0;16.123;1.57;28.62
1982-02-25;0.01;6.53;13.05;3.47;15.932;1.4;37.01
1982-02-26;2.75;7.82;12.88;3.67;4.782;3.88;50.75
1982-02-27;1.03;6.76;12.49;0.0;15.221;1.66;39.12
1982-02-28;0.94;7.34;13.75;3.66;17.216;3.18;39.32
1982-03-01;4.0;7.31;10.62;4.21;8.09;1.72;59.17
1982-03-02;2.45;5.08;7.7;5.55;6.871;3.85;70.09
1982-03-03;2.7;5.25;7.79;5.3;5.799;4.17;70.03
1982-03-04;3.25;6.26;9.28;2.6;6.501;3.62;67.33
1982-03-05;1.0;5.17;9.34;0.0;10.454;3.22;50.94
1982-03-06;-0.59;4.2;8.98;0.0;12.3;1.83;37.98
1982-03-07;-2.06;2.34;6.75;0.0;11.857;1.54;37.85
1982-03-08;-2.48;2.8;8.09;0.0;15.699;1.64;35.02
1982-03-09;-1.39;2.83;7.04;0.0;10.897;1.22;41.27
1982-03-10;-2.51;1.25;5.02;2.87;8.717;2.83;60.42
1982-03-11;-2.34;1.28;4.9;0.0;14.036;4.17;45.55
1982-03-12;-3.59;1.0;5.58;0.0;12.522;3.01;47.65
1982-03-13;-4.45;0.5;5.46;0.0;11.931;1.36;45.09
1982-03-14;-4.68;2.87;10.41;0.0;16.622;1.72;38.18
1982-03-15;-1.31;6.55;14.41;0.0;17.619;2.44;35.02
1982-03-16;2.7;9.64;16.59;3.13;11.931;2.53;51.08
1982-03-17;4.17;12.18;20.2;1.19;19.392;1.64;40.68
1982-03-18;4.53;10.13;15.72;2.36;8.127;1.83;58.45
1982-03-19;1.39;8.11;14.83;0.0;16.363;2.53;40.94
1982-03-20;-0.31;7.51;15.34;0.0;19.539;1.39;34.89
1982-03-21;-0.25;7.62;15.48;0.0;16.696;1.02;40.55
1982-03-22;0.55;9.38;18.2;0.0;20.205;0.67;33.18
1982-03-23;1.58;11.11;20.65;0.0;21.349;0.8;27.58
1982-03-24;4.34;12.56;20.79;0.0;20.39;1.54;27.91
1982-03-25;2.17;12.13;22.08;0.0;22.827;1.28;23.04
1982-03-26;1.25;11.87;22.49;0.0;21.46;0.48;28.37
1982-03-27;7.29;14.89;22.49;0.0;11.192;0.93;39.49
1982-03-28;4.78;14.68;24.58;1.92;9.345;1.28;36.4
1982-03-29;8.59;16.86;25.12;0.0;14.332;1.72;35.15
1982-03-30;7.4;16.26;25.12;1.12;16.622;2.2;37.58
1982-03-31;7.4;13.88;20.35;8.3;10.194;1.28;51.67
1982-04-01;5.26;10.16;15.07;1.42;10.021;2.76;57.35
1982-04-02;0.3;6.98;13.65;0.0;19.468;0.6;35.0
1982-04-03;-2.14;7.71;17.57;0.0;19.689;0.2;27.73
1982-04-04;4.21;11.17;18.13;0.0;18.673;0.98;30.22
1982-04-05;5.43;11.5;17.57;0.0;20.218;1.91;30.29
1982-04-06;4.87;11.54;18.22;0.94;15.009;1.81;38.63
1982-04-07;2.26;8.66;15.07;3.52;6.224;0.7;53.44
1982-04-08;-0.56;10.08;20.72;0.0;20.66;0.6;29.95
1982-04-09;8.09;14.78;21.46;0.0;16.864;3.4;36.61
1982-04-10;10.01;14.39;18.76;0.0;21.012;1.6;44.56
1982-04-11;10.01;11.46;12.91;7.21;5.077;0.6;75.39
1982-04-12;2.8;7.73;12.67;0.35;12.184;2.93;62.26
1982-04-13;-8.23;-2.55;3.13;0.0;15.715;3.71;38.63
1982-04-14;-8.33;-1.04;6.25;0.0;23.882;0.98;20.79
1982-04-15;-5.53;1.95;9.43;0.0;17.791;2.51;31.97
1982-04-16;-0.93;5.87;12.67;0.5;19.469;1.81;38.03
1982-04-17;4.21;6.64;9.07;34.99;4.768;3.21;76.4
1982-04-18;-1.62;1.9;5.42;0.0;13.95;3.63;44.96
1982-04-19;-6.44;1.51;9.46;0.0;26.045;1.91;27.05
1982-04-20;-0.15;5.05;10.26;0.0;15.495;2.3;48.39
1982-04-21;-1.4;7.66;16.71;0.0;24.942;1.05;29.61
1982-04-22;5.58;10.22;14.87;5.38;9.579;2.67;51.43
1982-04-23;3.49;11.05;18.61;0.0;22.867;2.51;33.25
1982-04-24;8.73;14.41;20.09;3.52;13.022;1.39;51.02
1982-04-25;10.08;15.91;21.73;3.54;12.007;1.91;45.03
1982-04-26;8.51;16.22;23.93;0.0;24.456;2.09;38.36
1982-04-27;9.0;14.12;19.23;0.0;15.274;3.11;45.03
1982-04-28;5.98;12.45;18.91;0.0;23.838;1.5;32.1
1982-04-29;3.66;11.02;18.37;2.04;9.8;2.09;36.21
1982-04-30;2.68;10.4;18.13;0.57;26.928;1.5;35.0
1982-05-01;6.39;10.18;13.96;3.75;10.466;1.83;56.45
1982-05-02;4.26;10.41;16.55;0.0;21.735;2.06;38.18
1982-05-03;8.96;13.86;18.76;7.13;16.737;2.46;46.07
1982-05-04;3.29;6.63;9.97;2.56;6.978;1.83;65.75
1982-05-05;-0.91;8.57;18.06;7.45;19.0;0.4;42.33
1982-05-06;8.36;10.84;13.31;6.28;12.023;2.16;63.94
1982-05-07;6.39;10.64;14.9;0.0;18.34;0.8;44.74
1982-05-08;8.18;13.57;18.97;6.13;13.06;1.83;53.64
1982-05-09;10.38;17.71;25.05;0.0;22.913;2.16;38.11
1982-05-10;11.67;17.11;22.54;0.92;19.0;3.59;36.1
1982-05-11;8.48;14.05;19.62;0.0;19.519;2.46;38.11
1982-05-12;5.73;12.22;18.71;0.0;21.358;2.06;38.24
1982-05-13;3.58;12.5;21.42;0.0;25.083;1.07;30.68
1982-05-14;6.18;15.73;25.28;0.0;27.11;1.17;28.2
1982-05-15;12.98;20.33;27.67;0.0;22.301;1.07;35.77
1982-05-16;12.55;20.08;27.61;0.0;26.639;1.54;32.22
1982-05-17;10.87;17.4;23.93;2.66;20.981;2.56;38.04
1982-05-18;8.63;14.98;21.33;0.45;21.499;2.29;33.43
1982-05-19;8.55;13.25;17.94;0.0;18.058;2.16;47.08
1982-05-20;5.58;13.5;21.42;0.0;28.288;2.06;28.0
1982-05-21;3.83;14.44;25.05;0.0;25.459;0.4;30.41
1982-05-22;11.0;15.62;20.24;4.87;15.087;2.16;56.45
1982-05-23;9.84;13.2;16.55;2.36;20.981;2.64;59.39
1982-05-24;8.48;14.46;20.45;0.0;22.442;2.16;38.18
1982-05-25;6.07;13.13;20.18;0.0;20.65;0.91;45.41
1982-05-26;7.3;14.69;22.07;4.82;14.616;0.8;49.35
1982-05-27;9.84;17.59;25.34;0.0;21.923;1.27;32.62
1982-05-28;10.23;17.88;25.52;0.26;24.281;1.73;34.63
1982-05-29;11.5;18.51;25.52;0.0;24.281;1.17;36.97
1982-05-30;9.2;19.24;29.29;0.0;28.288;0.8;24.59
1982-05-31;10.83;20.74;30.65;0.0;29.844;0.6;20.37
1982-06-01;13.83;21.18;28.52;0.02;19.014;2.43;32.46
1982-06-02;11.68;18.84;26.0;0.02;27.766;2.35;22.9
1982-06-03;9.55;16.01;22.47;0.02;28.973;2.96;22.97
1982-06-04;6.99;14.97;22.95;0.02;30.382;1.49;27.68
1982-06-05;9.79;17.23;24.66;0.02;28.671;1.16;27.91
1982-06-06;10.01;17.09;24.18;0.02;26.66;2.24;31.17
1982-06-07;8.79;16.77;24.75;0.02;29.275;2.03;28.06
1982-06-08;10.46;18.58;26.69;0.02;27.615;2.88;24.64
1982-06-09;13.38;20.65;27.92;0.02;25.251;3.3;26.77
1982-06-10;13.29;20.49;27.7;0.02;26.458;4.26;27.61
1982-06-11;12.47;20.96;29.45;0.02;27.766;3.64;18.11
1982-06-12;13.38;21.43;29.47;0.02;24.195;1.95;18.65
1982-06-13;14.42;21.3;28.18;4.27;19.718;2.03;26.54
1982-06-14;13.79;18.57;23.36;26.58;7.294;1.85;59.19
1982-06-15;11.14;13.41;15.69;9.07;10.111;2.65;65.95
1982-06-16;9.55;14.7;19.84;0.02;30.482;1.49;33.15
1982-06-17;7.68;16.09;24.51;0.02;31.186;1.16;21.68
1982-06-18;9.49;18.15;26.81;0.02;31.689;1.95;19.63
1982-06-19;12.16;20.38;28.59;2.06;21.679;1.85;24.57
1982-06-20;12.23;17.7;23.17;2.26;17.353;3.3;43.63
1982-06-21;10.35;18.07;25.78;0.02;29.476;2.43;26.92
1982-06-22;11.49;19.36;27.22;0.02;27.917;1.85;27.99
1982-06-23;11.96;19.53;27.1;0.02;27.766;1.68;29.5
1982-06-24;12.88;20.09;27.29;0.02;29.376;2.03;20.39
1982-06-25;13.77;20.95;28.13;0.02;28.872;2.56;17.2
1982-06-26;13.55;20.56;27.58;0.02;30.079;2.43;18.57
1982-06-27;13.38;20.78;28.18;0.02;23.289;2.35;17.73
1982-06-28;13.94;21.84;29.74;0.02;28.571;2.03;15.99
1982-06-29;15.36;21.23;27.1;10.78;10.211;2.56;35.43
1982-06-30;13.47;20.29;27.1;0.02;20.422;2.64;24.26
1982-07-01;10.02;18.16;26.29;0.0;26.335;1.43;18.39
1982-07-02;11.39;18.84;26.29;0.0;27.353;1.63;22.93
1982-07-03;10.26;18.75;27.23;5.6;18.284;0.4;29.39
1982-07-04;11.72;20.32;28.91;0.0;29.1;1.17;24.32
1982-07-05;11.72;20.93;30.13;0.0;29.487;1.17;19.67
1982-07-06;13.77;22.24;30.72;0.0;23.085;0.9;17.86
1982-07-07;14.31;21.66;29.01;3.1;15.374;1.36;26.59
1982-07-08;12.73;21.1;29.47;0.0;28.857;1.55;22.75
1982-07-09;11.99;21.15;30.31;0.0;29.584;1.09;17.1
1982-07-10;13.7;23.21;32.73;0.0;28.857;0.7;15.07
1982-07-11;16.78;25.49;34.2;0.0;28.372;1.09;12.97
1982-07-12;18.55;27.24;35.94;0.0;28.081;1.36;11.23
1982-07-13;19.82;28.05;36.27;0.0;26.529;1.92;11.92
1982-07-14;16.91;25.06;33.21;1.4;24.298;2.33;21.76
1982-07-15;16.0;24.32;32.65;0.0;27.014;1.55;20.07
1982-07-16;18.67;26.35;34.03;0.0;27.257;1.83;13.73
1982-07-17;16.87;25.12;33.36;0.0;27.014;2.33;21.59
1982-07-18;15.81;24.35;32.88;0.0;27.014;1.74;19.55
1982-07-19;16.0;25.32;34.64;0.0;27.645;1.17;13.55
1982-07-20;19.18;27.2;35.22;0.24;25.656;2.33;14.19
1982-07-21;16.49;22.95;29.42;0.0;24.783;2.61;25.43
1982-07-22;14.31;22.77;31.23;0.0;26.529;2.33;15.53
1982-07-23;15.48;22.48;29.47;0.0;25.075;2.71;22.93
1982-07-24;12.31;19.78;27.25;0.0;26.819;2.49;18.04
1982-07-25;11.99;19.52;27.05;0.0;25.656;1.55;16.93
1982-07-26;12.56;20.55;28.53;0.0;25.559;0.5;14.89
1982-07-27;13.7;22.0;30.31;0.0;24.928;0.8;14.08
1982-07-28;15.3;23.31;31.33;0.0;25.074;1.92;13.5
1982-07-29;15.72;23.84;31.96;0.0;23.862;1.74;14.19
1982-07-30;16.4;24.56;32.73;0.0;23.571;2.33;13.44
1982-07-31;16.4;24.64;32.88;0.0;22.601;2.61;13.73
1982-08-01;17.09;24.2;31.3;0.06;26.216;3.84;21.37
1982-08-02;15.65;22.82;29.99;0.06;27.118;3.48;15.66
1982-08-03;13.59;22.54;31.49;0.06;26.712;2.72;11.49
1982-08-04;15.65;24.29;32.92;0.06;25.811;1.33;12.32
1982-08-05;16.64;24.7;32.75;0.06;26.937;2.33;10.12
1982-08-06;15.65;23.48;31.3;0.06;25.631;3.54;17.2
1982-08-07;14.56;24.18;33.8;0.06;24.55;2.72;15.77
1982-08-08;17.47;25.77;34.06;0.06;24.46;2.53;18.1
1982-08-09;16.3;23.86;31.42;0.06;24.369;2.03;17.38
1982-08-10;13.51;23.16;32.81;0.06;24.279;1.51;12.44
1982-08-11;17.09;25.19;33.28;0.06;23.919;0.86;15.95
1982-08-12;17.09;26.26;35.42;0.06;23.739;2.15;11.96
1982-08-13;14.52;21.57;28.62;0.06;23.469;3.26;27.38
1982-08-14;12.44;19.27;26.1;0.06;24.279;2.92;20.66
1982-08-15;11.41;18.8;26.2;0.06;23.559;2.84;22.86
1982-08-16;10.58;18.39;26.2;0.06;23.379;3.18;20.66
1982-08-17;11.37;19.34;27.32;0.06;23.064;3.02;16.61
1982-08-18;14.1;21.2;28.31;0.06;21.352;3.09;16.37
1982-08-19;14.04;21.7;29.36;0.06;22.343;2.15;19.82
1982-08-20;14.56;22.27;29.99;0.06;22.073;2.22;18.39
1982-08-21;15.47;22.75;30.03;0.06;21.892;2.33;19.35
1982-08-22;15.96;23.14;30.33;0.06;21.982;2.41;15.24
1982-08-23;15.65;23.29;30.92;0.06;21.622;2.15;14.88
1982-08-24;15.96;23.28;30.6;0.06;17.838;1.84;13.21
1982-08-25;16.78;22.92;29.06;1.64;17.973;2.22;23.27
1982-08-26;15.25;22.51;29.76;2.68;16.802;1.2;24.64
1982-08-27;15.47;21.15;26.83;3.9;15.0;2.53;38.87
1982-08-28;15.33;17.8;20.26;5.8;8.154;3.09;55.9
1982-08-29;14.78;22.06;29.34;0.06;19.234;3.26;20.12
1982-08-30;13.83;21.28;28.73;0.06;19.189;3.02;22.38
1982-08-31;14.46;22.1;29.74;0.06;19.054;2.53;20.0
1982-09-01;12.35;21.32;30.29;0.02;22.531;0.38;14.17
1982-09-02;16.75;23.52;30.29;0.02;7.609;1.96;15.2
1982-09-03;14.25;20.59;26.94;0.02;21.387;1.96;32.62
1982-09-04;13.22;21.04;28.86;0.64;11.635;1.86;25.45
1982-09-05;12.47;19.35;26.23;0.02;21.94;2.39;29.25
1982-09-06;9.05;18.2;27.36;0.02;21.793;1.36;18.71
1982-09-07;10.13;18.72;27.31;0.02;21.387;1.96;19.52
1982-09-08;10.34;17.77;25.2;0.02;20.796;1.65;24.42
1982-09-09;9.16;16.61;24.05;0.02;21.165;1.55;16.88
1982-09-10;7.49;16.73;25.98;0.02;21.793;1.18;14.1
1982-09-11;9.63;16.13;22.62;0.02;7.498;1.65;29.25
1982-09-12;8.0;15.04;22.08;0.02;20.427;1.86;21.35
1982-09-13;5.42;12.8;20.18;0.02;17.804;1.65;26.54
1982-09-14;6.9;14.9;22.9;0.02;19.836;2.02;16.08
1982-09-15;7.44;16.26;25.08;0.02;19.392;1.65;14.32
1982-09-16;10.34;18.34;26.35;0.02;18.469;2.31;18.64
1982-09-17;12.13;18.68;25.22;0.02;18.469;2.2;29.47
1982-09-18;9.16;16.51;23.86;0.02;15.477;0.94;29.25
1982-09-19;9.05;16.48;23.91;0.02;18.284;0.38;20.03
1982-09-20;8.59;18.38;28.18;0.02;17.73;2.45;12.27
1982-09-21;13.53;19.38;25.22;0.02;17.287;2.45;22.15
1982-09-22;11.42;17.02;22.62;0.02;15.366;3.37;22.15
1982-09-23;7.15;14.37;21.59;0.02;14.516;2.45;21.64
1982-09-24;4.59;13.79;22.99;0.02;18.912;0.73;19.44
1982-09-25;11.79;18.62;25.44;0.02;15.144;1.96;20.03
1982-09-26;8.73;17.05;25.36;0.02;17.73;0.73;21.2
1982-09-27;9.75;19.02;28.3;0.02;17.804;1.36;13.15
1982-09-28;12.67;19.14;25.62;2.99;10.97;3.72;22.59
1982-09-29;4.79;11.59;18.39;0.02;10.675;3.2;36.06
1982-09-30;2.28;8.79;15.3;0.02;15.846;1.96;19.37
1982-10-01;-1.05;7.42;15.89;0.02;19.153;1.13;14.72
1982-10-02;2.96;7.93;12.89;0.02;14.85;2.16;30.64
1982-10-03;0.57;8.72;16.87;0.02;19.243;0.97;15.03
1982-10-04;7.19;12.61;18.03;0.02;9.651;2.45;24.65
1982-10-05;9.54;11.87;14.2;2.67;7.171;2.96;59.16
1982-10-06;6.99;12.27;17.56;0.02;16.942;2.61;29.37
1982-10-07;4.03;10.74;17.44;0.02;16.852;1.24;25.2
1982-10-08;3.16;11.54;19.93;0.02;16.464;1.13;23.7
1982-10-09;5.79;12.74;19.7;0.02;12.669;1.41;31.11
1982-10-10;3.02;12.13;21.24;0.02;15.926;0.73;23.31
1982-10-11;7.63;15.47;23.32;0.02;15.508;2.06;23.15
1982-10-12;8.77;16.2;23.62;0.02;15.418;2.61;23.07
1982-10-13;8.97;16.46;23.94;0.02;15.09;1.41;22.68
1982-10-14;6.01;15.14;24.27;0.02;14.492;1.24;17.71
1982-10-15;9.43;16.52;23.62;0.71;13.536;1.35;28.51
1982-10-16;4.43;14.3;24.18;0.02;14.074;2.06;18.34
1982-10-17;5.11;13.07;21.03;0.02;9.173;3.51;27.25
1982-10-18;1.71;11.25;20.79;0.02;14.373;0.45;17.79
1982-10-19;1.73;12.42;23.11;0.02;13.535;0.73;13.38
1982-10-20;2.54;13.38;24.21;0.02;14.85;0.97;12.99
1982-10-21;8.55;16.23;23.91;0.02;14.074;1.85;13.07
1982-10-22;8.0;15.21;22.43;2.67;10.04;1.13;31.66
1982-10-23;5.72;13.38;21.03;0.71;13.177;1.13;33.87
1982-10-24;8.77;14.12;19.46;0.71;9.472;1.13;42.77
1982-10-25;6.86;13.95;21.03;0.02;11.115;1.13;32.37
1982-10-26;3.66;12.79;21.92;0.02;11.116;1.85;21.73
1982-10-27;10.26;15.72;21.18;6.45;9.353;3.24;41.43
1982-10-28;3.16;9.34;15.51;2.67;9.651;2.27;48.6
1982-10-29;1.58;8.8;16.01;0.02;11.115;0.35;28.59
1982-10-30;3.66;9.93;16.19;1.91;9.113;2.27;37.57
1982-10-31;3.86;8.08;12.3;8.29;6.932;3.97;54.12
1982-11-01;0.93;7.06;13.19;0.02;12.94;2.21;31.8
1982-11-02;5.0;8.63;12.26;3.08;3.674;2.4;69.37
1982-11-03;1.78;7.15;12.52;0.02;12.752;0.74;37.53
1982-11-04;1.31;8.89;16.48;0.02;11.938;3.09;27.51
1982-11-05;7.39;12.02;16.65;3.68;7.221;4.1;47.97
1982-11-06;5.0;8.53;12.06;4.32;12.355;2.58;41.99
1982-11-07;5.03;9.31;13.59;3.16;5.698;1.96;56.65
1982-11-08;3.98;9.21;14.43;1.03;7.075;3.22;57.16
1982-11-09;1.31;7.6;13.88;0.02;11.124;0.57;43.43
1982-11-10;-1.1;6.13;13.36;0.02;12.356;0.63;33.99
1982-11-11;0.81;7.74;14.66;0.02;12.252;1.46;30.54
1982-11-12;2.68;9.14;15.61;0.02;10.748;1.78;37.95
1982-11-13;2.0;8.16;14.31;0.02;6.178;1.17;56.06
1982-11-14;0.93;8.22;15.52;0.02;10.185;1.78;37.61
1982-11-15;7.49;12.07;16.65;1.48;10.081;3.32;48.4
1982-11-16;5.1;9.93;14.77;0.02;6.553;2.77;46.29
1982-11-17;2.07;7.47;12.87;0.02;3.924;2.13;62.46
1982-11-18;0.53;7.42;14.31;0.02;8.37;0.57;43.59
1982-11-19;1.1;8.03;14.95;0.02;10.185;1.67;37.28
1982-11-20;5.33;10.99;16.65;8.38;9.1;3.73;44.27
1982-11-21;2.97;7.71;12.44;0.02;8.203;2.21;49.66
1982-11-22;4.69;8.2;11.71;8.41;2.651;2.77;74.09
1982-11-23;-6.86;-0.16;6.55;7.44;3.381;3.53;53.03
1982-11-24;-11.52;-6.82;-2.13;0.02;7.576;3.32;30.03
1982-11-25;-11.71;-7.21;-2.71;0.02;7.806;2.77;32.14
1982-11-26;-13.22;-7.94;-2.65;0.02;7.973;2.4;40.14
1982-11-27;-10.52;-5.85;-1.18;0.27;7.576;3.0;48.73
1982-11-28;-8.58;-4.81;-1.04;0.02;6.679;2.13;44.1
1982-11-29;-11.61;-6.34;-1.07;0.02;8.516;1.96;28.52
1982-11-30;-13.22;-7.08;-0.95;0.02;8.516;1.46;32.64
1982-12-01;-3.77;1.47;6.72;0.0;10.642;2.96;53.49
1982-12-02;0.47;3.39;6.31;4.53;3.674;4.26;80.65
1982-12-03;-1.68;2.59;6.86;0.0;9.239;2.3;61.14
1982-12-04;-0.44;2.93;6.31;1.81;2.885;2.8;78.08
1982-12-05;0.98;5.13;9.29;8.04;1.687;2.62;72.66
1982-12-06;-1.31;3.0;7.3;0.0;7.741;0.62;60.06
1982-12-07;-0.89;3.33;7.56;0.0;4.178;1.37;61.62
1982-12-08;1.23;5.2;9.17;0.0;4.431;1.54;61.07
1982-12-09;0.64;4.91;9.17;0.0;6.606;1.44;60.4
1982-12-10;0.78;4.77;8.76;0.0;5.755;3.16;67.98
1982-12-11;5.55;7.8;10.05;4.29;2.806;4.47;75.78
1982-12-12;0.47;4.36;8.24;4.29;2.428;3.85;75.1
1982-12-13;-0.63;1.13;2.88;0.0;5.754;4.47;48.27
1982-12-14;-2.61;0.7;4.02;0.0;6.102;2.89;47.25
1982-12-15;-2.44;0.6;3.64;0.0;5.754;2.22;54.84
1982-12-16;-1.31;2.29;5.89;0.0;5.392;3.58;59.31
1982-12-17;0.64;4.27;7.9;26.59;3.72;5.34;73.61
1982-12-18;3.74;6.46;9.17;17.74;3.326;3.91;74.56
1982-12-19;0.07;2.58;5.09;0.0;3.8;3.16;63.31
1982-12-20;-1.73;1.75;5.23;0.0;6.102;2.49;41.9
1982-12-21;1.46;4.52;7.58;11.23;3.248;4.05;78.08
1982-12-22;-2.3;2.0;6.29;1.44;5.061;4.05;47.25
1982-12-23;-3.77;-2.35;-0.94;0.0;5.297;3.42;30.86
1982-12-24;-4.95;-2.95;-0.94;0.0;5.297;3.16;35.06
1982-12-25;-5.04;-0.8;3.44;2.16;6.007;3.66;41.36
1982-12-26;0.47;3.59;6.72;1.14;2.743;5.0;74.83
1982-12-27;1.23;4.67;8.12;0.0;5.392;2.55;68.66
1982-12-28;1.12;4.68;8.24;0.0;3.027;2.22;71.17
1982-12-29;0.13;4.13;8.12;0.0;7.031;2.8;56.26
1982-12-30;2.39;3.98;5.57;4.29;2.806;4.26;76.11
1982-12-31;0.64;4.1;7.56;0.0;4.351;1.44;66.15
1983-01-01;-0.16;3.74;7.64;0.6;5.404;3.56;71.31
1983-01-02;0.06;3.4;6.74;0.75;6.024;4.87;63.46
1983-01-03;-0.75;1.0;2.74;0.0;6.102;4.46;49.8
1983-01-04;1.67;4.85;8.03;0.75;4.203;3.52;73.36
1983-01-05;1.37;5.82;10.27;0.0;4.629;2.49;63.27
1983-01-06;0.48;4.25;8.03;0.0;5.753;1.73;64.97
1983-01-07;-0.75;3.44;7.64;0.0;4.978;0.74;65.57
1983-01-08;-2.25;2.56;7.37;0.0;6.528;1.07;51.62
1983-01-09;-2.76;2.32;7.4;0.0;8.368;0.74;42.8
1983-01-10;-2.53;2.05;6.63;0.0;8.736;1.16;33.8
1983-01-11;-0.61;2.84;6.3;0.0;5.23;3.67;53.49
1983-01-12;1.03;4.88;8.74;10.14;5.579;6.51;57.54
1983-01-13;1.31;4.34;7.37;20.4;3.409;2.59;81.88
1983-01-14;0.56;4.83;9.09;3.06;7.632;4.34;48.23
1983-01-15;2.84;5.63;8.41;13.77;3.603;3.01;74.51
1983-01-16;1.17;5.08;8.98;0.0;4.765;2.29;60.56
1983-01-17;-0.42;4.24;8.9;1.77;8.251;0.94;51.37
1983-01-18;1.37;5.03;8.68;0.0;5.23;0.69;65.57
1983-01-19;0.78;4.4;8.03;0.0;5.133;0.94;64.42
1983-01-20;-0.58;3.48;7.53;0.0;8.465;0.74;56.81
1983-01-21;-1.53;2.84;7.21;0.0;8.852;0.32;51.74
1983-01-22;-0.42;3.4;7.21;0.0;7.825;0.59;51.5
1983-01-23;-1.39;2.62;6.63;0.0;9.162;1.16;42.5
1983-01-24;-0.86;3.44;7.73;0.0;5.966;3.35;50.83
1983-01-25;0.48;4.73;8.98;0.0;4.978;3.01;52.7
1983-01-26;1.31;4.88;8.44;3.0;3.583;2.18;68.65
1983-01-27;-0.42;2.96;6.33;0.0;5.966;1.16;61.7
1983-01-28;-1.22;3.26;7.73;0.0;9.84;1.84;47.39
1983-01-29;-0.95;3.23;7.4;0.0;9.162;2.29;57.9
1983-01-30;-1.14;2.75;6.63;0.0;10.382;1.93;42.37
1983-01-31;-2.45;1.83;6.11;0.0;10.711;0.59;37.3
1983-02-01;-3.46;2.17;7.8;0.0;8.417;0.27;28.29
1983-02-02;-3.5;2.8;9.11;0.0;9.073;0.75;23.6
1983-02-03;-1.83;3.93;9.7;0.0;8.089;1.66;33.18
1983-02-04;1.15;4.45;7.74;5.16;2.651;1.97;75.45
1983-02-05;0.69;6.39;12.1;0.0;6.012;1.4;51.08
1983-02-06;-0.57;6.37;13.3;0.0;9.264;1.75;39.05
1983-02-07;1.89;6.96;12.04;3.81;5.137;3.27;48.04
1983-02-08;0.32;4.86;9.39;12.68;5.848;2.61;68.65
1983-02-09;1.09;5.24;9.39;2.61;4.591;4.26;62.83
1983-02-10;-1.16;3.05;7.27;0.0;8.09;1.2;47.05
1983-02-11;-2.2;1.82;5.84;0.0;10.466;1.97;46.98
1983-02-12;-3.22;-0.45;2.32;0.0;9.865;2.06;36.15
1983-02-13;-3.56;-0.91;1.74;0.0;9.947;1.48;35.62
1983-02-14;-3.46;1.46;6.37;0.45;11.86;3.39;30.34
1983-02-15;-0.66;4.41;9.47;3.19;10.276;3.42;48.17
1983-02-16;0.14;4.31;8.47;7.19;5.083;1.75;73.07
1983-02-17;-3.34;0.52;4.39;1.09;6.394;3.81;54.64
1983-02-18;-4.67;-2.8;-0.94;0.0;11.423;3.27;40.71
1983-02-19;-5.5;-3.22;-0.94;0.0;12.544;2.61;36.87
1983-02-20;-5.93;-1.66;2.6;0.0;13.827;0.27;28.68
1983-02-21;-5.28;0.52;6.32;0.0;13.691;0.6;25.64
1983-02-22;-4.42;1.42;7.27;0.0;14.101;0.96;33.97
1983-02-23;-3.65;1.53;6.71;1.38;7.706;2.61;55.7
1983-02-24;-4.85;-3.09;-1.33;1.17;12.27;3.63;47.58
1983-02-25;-7.28;-5.05;-2.82;0.81;13.91;4.07;45.73
1983-02-26;-8.48;-5.38;-2.28;0.0;14.812;2.1;38.2
1983-02-27;-7.99;-4.78;-1.56;0.0;17.107;1.93;34.63
1983-02-28;-4.94;-0.37;4.2;3.81;11.286;2.86;55.9
1983-03-01;-6.82;-2.96;0.9;0.0;13.297;2.65;56.41
1983-03-02;-8.24;-2.82;2.6;0.0;12.559;2.65;43.18
1983-03-03;-18.19;-8.6;0.99;0.0;15.292;0.56;39.23
1983-03-04;-18.19;-7.96;2.27;0.0;15.477;0.67;36.93
1983-03-05;-16.19;-5.43;5.34;0.0;16.216;1.22;37.19
1983-03-06;-9.43;-2.04;5.34;0.0;15.883;0.8;39.69
1983-03-07;-7.85;-0.95;5.94;0.0;15.403;0.56;51.4
1983-03-08;-7.54;0.51;8.56;0.0;17.36;2.2;37.91
1983-03-09;-4.09;1.64;7.37;0.0;5.689;2.53;47.65
1983-03-10;-1.53;4.31;10.15;0.0;16.622;2.2;52.59
1983-03-11;-2.06;3.42;8.89;2.08;5.689;2.44;61.8
1983-03-12;-1.53;3.23;8.0;1.19;6.464;1.02;66.41
1983-03-13;-3.59;2.88;9.34;0.0;13.925;1.12;55.88
1983-03-14;-0.95;5.38;11.7;0.0;10.712;1.28;48.38
1983-03-15;-2.9;4.96;12.83;0.0;18.321;1.12;36.93
1983-03-16;1.25;6.96;12.68;0.0;18.764;4.26;37.52
1983-03-17;0.67;6.2;11.73;0.0;18.764;4.67;35.54
1983-03-18;-0.67;5.28;11.22;0.0;11.376;3.48;44.69
1983-03-19;2.31;8.57;14.83;0.0;16.216;2.33;41.2
1983-03-20;1.0;8.09;15.19;0.0;19.392;1.64;36.73
1983-03-21;2.58;7.45;12.32;0.51;6.981;1.22;58.45
1983-03-22;2.36;7.89;13.43;0.0;11.192;1.39;46.6
1983-03-23;1.14;6.91;12.68;0.0;16.511;1.02;44.69
1983-03-24;1.39;8.37;15.34;1.0;13.408;1.89;41.6
1983-03-25;3.0;8.17;13.34;0.0;12.558;3.01;48.11
1983-03-26;1.5;6.48;11.46;2.08;9.16;2.93;59.24
1983-03-27;-0.11;4.93;9.97;0.0;11.783;1.36;53.97
1983-03-28;-1.75;4.21;10.18;0.0;22.531;1.28;36.73
1983-03-29;-2.2;4.31;10.83;0.0;22.827;1.02;34.75
1983-03-30;-1.75;4.79;11.34;0.0;22.162;1.89;33.83
1983-03-31;-0.03;5.29;10.62;0.0;18.469;2.74;36.66
1983-04-01;-3.05;1.17;5.39;0.0;15.23;2.3;36.21
1983-04-02;-5.14;0.65;6.43;3.72;9.094;2.51;56.2
1983-04-03;-9.04;-4.05;0.93;0.0;16.864;3.71;40.85
1983-04-04;-9.24;-4.54;0.16;1.75;16.863;4.41;40.99
1983-04-05;-10.32;-5.08;0.16;0.0;18.143;1.99;36.48
1983-04-06;-9.14;-3.05;3.04;0.0;18.056;1.91;40.05
1983-04-07;-7.03;1.17;9.37;0.0;16.775;1.5;51.02
1983-04-08;-3.98;5.29;14.57;0.0;20.439;0.88;36.75
1983-04-09;1.26;9.74;18.22;0.0;22.602;2.09;27.05
1983-04-10;4.08;12.89;21.7;0.0;19.468;1.7;25.1
1983-04-11;3.03;12.54;22.06;0.0;21.146;1.19;32.64
1983-04-12;6.47;12.54;18.61;0.0;16.333;1.39;47.32
1983-04-13;7.2;11.45;15.7;4.73;10.727;3.36;63.34
1983-04-14;4.99;11.68;18.37;0.0;19.689;3.36;33.79
1983-04-15;1.6;8.65;15.7;0.0;19.821;1.19;39.51
1983-04-16;2.26;8.89;15.52;0.0;23.308;0.7;33.25
1983-04-17;5.68;11.85;18.02;0.0;18.674;2.93;32.1
1983-04-18;6.79;11.96;17.12;13.29;9.579;2.76;51.96
1983-04-19;10.3;14.61;18.91;19.75;15.23;3.11;59.3
1983-04-20;8.85;12.68;16.5;8.04;11.875;1.39;74.65
1983-04-21;7.99;12.98;17.96;0.0;22.778;2.41;41.46
1983-04-22;7.7;10.1;12.49;3.02;10.418;2.3;61.12
1983-04-23;4.55;8.94;13.32;4.26;10.55;1.6;58.76
1983-04-24;2.8;9.25;15.7;0.0;24.456;0.4;35.0
1983-04-25;3.22;10.99;18.76;4.63;19.469;2.51;38.63
1983-04-26;10.08;14.97;19.86;11.71;9.667;4.18;52.84
1983-04-27;6.66;11.54;16.41;0.77;19.6;3.99;45.43
1983-04-28;5.29;8.83;12.37;4.53;14.789;3.63;49.47
1983-04-29;5.29;8.14;11.0;1.42;13.509;3.11;63.34
1983-04-30;3.66;8.57;13.47;0.0;16.996;1.39;49.47
1983-05-01;7.41;12.37;17.32;0.0;20.934;0.5;39.92
1983-05-02;4.8;12.55;20.3;0.0;21.264;0.8;34.9
1983-05-03;7.58;13.6;19.62;0.0;25.083;2.06;34.23
1983-05-04;9.5;14.0;18.5;0.0;18.576;2.86;43.2
1983-05-05;8.1;13.18;18.26;0.0;25.884;3.59;30.88
1983-05-06;7.17;11.73;16.29;0.0;20.839;2.96;44.2
1983-05-07;6.25;11.4;16.55;0.82;17.539;2.56;47.21
1983-05-08;7.11;10.87;14.63;5.13;13.955;2.38;58.12
1983-05-09;10.38;13.41;16.43;0.65;18.199;2.29;59.13
1983-05-10;8.91;11.48;14.05;14.16;11.222;2.06;63.94
1983-05-11;8.55;12.39;16.23;1.43;12.353;1.83;61.47
1983-05-12;7.58;13.44;19.3;3.86;13.673;1.17;46.94
1983-05-13;9.71;14.04;18.38;3.86;19.378;3.66;48.02
1983-05-14;8.48;10.97;13.46;0.0;19.896;4.86;37.78
1983-05-15;7.99;12.2;16.4;0.0;19.378;3.28;48.95
1983-05-16;5.64;11.64;17.64;0.0;25.177;1.93;38.04
1983-05-17;3.77;10.91;18.06;0.0;26.732;1.27;35.23
1983-05-18;4.29;10.04;15.79;1.65;13.72;0.4;59.39
1983-05-19;1.38;11.26;21.15;0.0;26.78;0.8;31.75
1983-05-20;9.5;17.51;25.52;0.0;23.951;1.46;33.16
1983-05-21;12.58;19.88;27.17;0.0;22.112;0.91;42.33
1983-05-22;11.2;19.17;27.14;0.0;26.78;1.27;34.9
1983-05-23;9.43;16.06;22.69;1.29;20.934;1.46;47.15
1983-05-24;8.48;16.14;23.81;0.0;25.554;1.63;34.9
1983-05-25;9.3;17.41;25.52;0.0;24.564;0.91;35.23
1983-05-26;10.38;18.64;26.91;0.0;23.102;0.91;37.31
1983-05-27;12.55;19.52;26.49;0.0;24.988;0.91;36.17
1983-05-28;13.14;20.76;28.38;0.49;25.459;1.27;34.23
1983-05-29;14.51;21.74;28.97;0.49;25.79;0.6;37.64
1983-05-30;14.51;21.74;28.97;1.98;22.961;1.36;38.44
1983-05-31;15.91;21.6;27.29;2.21;21.264;1.83;38.11
1983-06-01;13.25;20.46;27.68;1.51;16.046;0.78;40.13
1983-06-02;11.68;19.89;28.11;0.02;25.653;0.6;29.2
1983-06-03;9.29;18.29;27.29;0.02;25.351;0.58;31.02
1983-06-04;10.2;17.74;25.28;13.47;13.128;0.6;48.33
1983-06-05;12.88;19.0;25.13;0.02;20.774;1.68;52.21
1983-06-06;11.49;18.07;24.65;0.02;20.221;0.78;46.28
1983-06-07;12.68;17.81;22.95;3.54;17.907;2.75;52.13
1983-06-08;8.79;14.71;20.63;1.51;16.046;2.24;58.13
1983-06-09;6.49;14.5;22.52;0.02;20.774;0.43;35.2
1983-06-10;12.47;15.96;19.45;3.74;13.38;1.59;58.21
1983-06-11;9.68;14.53;19.38;0.02;23.038;2.56;38.92
1983-06-12;8.59;13.08;17.58;0.35;19.013;1.95;48.79
1983-06-13;6.51;13.63;20.75;0.02;19.014;1.08;42.87
1983-06-14;10.72;17.68;24.63;0.02;16.298;1.28;40.13
1983-06-15;14.81;20.3;25.78;0.02;17.354;1.95;42.64
1983-06-16;12.83;19.48;26.12;2.26;20.371;2.35;36.49
1983-06-17;10.94;16.98;23.02;0.02;30.382;1.68;29.05
1983-06-18;9.79;17.64;25.49;0.02;28.973;0.86;26.77
1983-06-19;12.16;20.04;27.92;0.02;28.068;0.78;19.18
1983-06-20;12.96;21.18;29.4;1.8;20.422;0.78;27.98
1983-06-21;12.16;21.13;30.1;0.02;26.458;0.78;21.99
1983-06-22;15.14;22.86;30.58;0.02;22.886;1.49;18.57
1983-06-23;14.53;21.75;28.97;0.02;22.334;2.24;18.57
1983-06-24;13.94;21.42;28.9;0.02;28.168;1.59;19.56
1983-06-25;13.29;22.05;30.82;0.02;26.558;0.86;19.18
1983-06-26;14.44;22.21;29.98;0.02;26.961;2.43;24.04
1983-06-27;14.09;21.3;28.52;0.02;25.603;2.88;25.4
1983-06-28;14.05;21.48;28.9;0.02;27.715;2.56;24.95
1983-06-29;12.96;21.98;31.01;0.02;29.174;1.59;16.06
1983-06-30;13.47;23.52;33.57;0.02;25.251;1.16;15.68
1983-07-01;12.8;20.22;27.64;0.0;30.167;2.81;24.85
1983-07-02;11.72;18.8;25.88;0.0;30.893;2.71;27.53
1983-07-03;9.75;18.05;26.34;0.0;30.894;2.44;22.75
1983-07-04;10.87;19.8;28.73;0.0;30.7;1.43;18.56
1983-07-05;12.26;21.23;30.21;0.0;28.274;1.43;19.67
1983-07-06;15.12;23.13;31.15;2.44;19.594;1.28;21.47
1983-07-07;11.41;20.53;29.65;2.38;20.709;2.61;23.1
1983-07-08;10.51;14.04;17.58;9.29;20.903;3.32;54.25
1983-07-09;13.64;16.54;19.44;4.6;16.15;3.51;57.86
1983-07-10;13.16;17.57;21.98;8.29;18.624;3.04;54.25
1983-07-11;11.79;19.04;26.29;0.0;28.178;1.43;38.41
1983-07-12;11.79;20.03;28.27;0.0;28.954;1.55;22.11
1983-07-13;13.0;20.6;28.2;0.0;29.196;2.33;19.26
1983-07-14;12.67;20.59;28.5;0.0;29.1;2.44;20.07
1983-07-15;11.99;20.57;29.14;0.0;29.39;2.61;16.23
1983-07-16;12.31;21.17;30.03;0.0;28.954;1.55;15.3
1983-07-17;14.31;21.52;28.73;0.0;27.111;2.33;20.54
1983-07-18;13.64;21.8;29.95;0.0;26.917;1.92;20.54
1983-07-19;15.48;24.59;33.7;0.0;26.82;2.2;14.89
1983-07-20;16.31;26.17;36.04;0.0;26.724;2.33;12.8
1983-07-21;18.08;26.05;34.03;0.0;26.723;3.16;12.27
1983-07-22;15.0;23.23;31.46;0.0;26.917;3.04;17.05
1983-07-23;13.5;22.37;31.23;0.0;27.353;2.61;13.61
1983-07-24;14.02;23.05;32.09;0.0;27.499;2.13;10.29
1983-07-25;14.78;24.62;34.46;0.0;21.242;1.28;10.41
1983-07-26;18.55;26.17;33.8;0.0;21.533;2.71;15.07
1983-07-27;15.54;21.91;28.27;0.0;23.328;2.81;26.94
1983-07-28;13.77;21.9;30.03;0.0;24.298;1.74;20.66
1983-07-29;15.63;24.32;33.01;0.0;23.425;1.92;16.81
1983-07-30;18.13;26.3;34.48;0.0;22.601;2.49;14.95
1983-07-31;17.18;26.34;35.5;0.0;23.862;2.44;10.76
1983-08-01;18.74;28.31;37.89;0.06;26.126;1.72;10.95
1983-08-02;19.69;28.03;36.37;0.06;23.559;1.92;15.95
1983-08-03;15.53;23.02;30.5;5.5;18.559;2.53;28.87
1983-08-04;11.41;15.1;18.79;8.0;12.883;3.09;62.03
1983-08-05;9.81;17.37;24.92;0.06;17.027;1.2;35.36
1983-08-06;12.36;20.07;27.78;0.06;26.216;2.22;20.12
1983-08-07;12.36;21.05;29.74;0.06;26.712;3.09;17.68
1983-08-08;12.78;21.9;31.02;0.06;25.811;3.93;17.08
1983-08-09;13.65;23.23;32.81;0.06;25.091;3.02;15.12
1983-08-10;16.04;24.97;33.91;0.06;23.379;2.22;14.17
1983-08-11;18.62;24.91;31.21;5.5;13.874;2.41;20.72
1983-08-12;17.8;25.47;33.13;1.55;21.757;3.7;18.51
1983-08-13;17.8;26.8;35.8;3.87;21.983;3.18;16.37
1983-08-14;16.54;23.52;30.5;0.41;23.469;2.33;24.58
1983-08-15;15.47;21.56;27.65;0.06;21.532;2.53;41.97
1983-08-16;13.0;21.18;29.36;0.06;22.883;1.1;22.98
1983-08-17;15.85;23.86;31.87;0.06;22.658;1.4;16.37
1983-08-18;16.54;24.48;32.43;0.06;22.388;3.02;16.49
1983-08-19;16.32;23.81;31.3;0.06;22.342;2.92;16.97
1983-08-20;15.96;24.44;32.92;0.06;22.207;1.62;15.66
1983-08-21;17.09;25.95;34.81;0.06;21.983;2.22;19.05
1983-08-22;16.89;24.71;32.54;6.1;19.64;2.03;34.64
1983-08-23;16.32;21.98;27.65;4.4;14.145;1.51;55.6
1983-08-24;11.93;17.66;23.4;6.3;14.369;1.84;55.84
1983-08-25;8.98;18.54;28.1;1.64;20.721;0.3;33.22
1983-08-26;12.36;20.13;27.91;0.06;20.902;1.84;27.86
1983-08-27;11.81;19.37;26.92;0.06;19.64;0.86;32.8
1983-08-28;11.27;19.82;28.37;0.06;19.865;0.7;23.33
1983-08-29;13.83;22.08;30.33;0.06;19.64;0.86;19.76
1983-08-30;14.52;22.72;30.92;0.06;19.189;0.85;17.86
1983-08-31;15.65;23.03;30.41;2.05;17.523;1.62;26.97
1983-09-01;13.31;22.16;31.0;0.02;23.234;1.18;15.93
1983-09-02;14.41;24.44;34.47;0.02;23.049;1.27;10.88
1983-09-03;17.77;26.78;35.79;0.02;21.534;1.55;11.54
1983-09-04;19.65;27.06;34.47;0.02;11.931;2.83;10.15
1983-09-05;18.97;27.33;35.69;0.02;20.427;2.11;12.42
1983-09-06;16.02;23.75;31.49;0.02;21.276;2.02;19.52
1983-09-07;13.22;21.17;29.12;0.02;21.387;1.48;17.54
1983-09-08;12.83;19.75;26.68;0.02;10.306;1.07;17.69
1983-09-09;9.75;18.59;27.43;3.22;18.063;0.78;23.18
1983-09-10;12.67;18.73;24.78;5.05;12.558;2.39;37.82
1983-09-11;10.47;18.26;26.05;0.02;19.946;0.28;22.37
1983-09-12;10.81;19.59;28.37;1.65;13.889;1.96;19.44
1983-09-13;8.12;15.78;23.44;0.02;20.352;3.04;31.89
1983-09-14;5.09;13.99;22.9;0.02;20.167;1.07;18.05
1983-09-15;7.15;15.3;23.44;0.02;19.318;1.96;23.03
1983-09-16;7.15;15.5;23.86;0.02;19.318;0.48;18.79
1983-09-17;5.94;17.16;28.37;0.02;18.802;0.78;14.1
1983-09-18;11.79;18.92;26.05;0.95;15.144;2.31;35.99
1983-09-19;9.36;15.87;22.38;4.28;10.306;1.75;40.08
1983-09-20;6.44;13.44;20.44;0.02;18.211;1.07;31.16
1983-09-21;6.85;15.3;23.75;0.02;18.21;1.36;18.79
1983-09-22;5.83;15.94;26.05;0.02;17.878;1.36;15.27
1983-09-23;7.83;16.89;25.95;0.02;16.659;0.28;22.88
1983-09-24;8.8;18.08;27.36;0.02;13.593;0.73;19.44
1983-09-25;12.47;20.28;28.09;1.65;14.923;1.18;31.16
1983-09-26;10.22;17.65;25.08;0.02;14.443;0.94;34.45
1983-09-27;11.79;14.82;17.85;27.05;6.538;3.04;55.53
1983-09-28;7.49;14.28;21.07;1.37;14.923;1.75;39.13
1983-09-29;12.76;17.21;21.66;7.1;7.387;3.2;47.92
1983-09-30;11.9;17.16;22.41;7.16;7.646;2.11;49.16
1983-10-01;13.9;19.14;24.39;0.02;13.835;3.08;39.7
1983-10-02;9.1;16.42;23.74;0.02;17.958;0.0;31.66
1983-10-03;8.35;17.66;26.98;0.02;17.539;1.41;21.26
1983-10-04;13.79;20.17;26.56;0.02;17.151;2.36;26.85
1983-10-05;13.99;21.57;29.14;0.02;16.942;2.61;23.94
1983-10-06;13.09;19.52;25.94;1.71;11.982;1.74;33.55
1983-10-07;11.42;18.65;25.88;0.02;16.733;1.13;25.91
1983-10-08;10.65;19.17;27.69;0.02;13.535;3.08;18.5
1983-10-09;9.1;15.44;21.78;1.22;14.074;2.27;37.25
1983-10-10;6.42;13.58;20.74;0.02;15.239;2.77;29.93
1983-10-11;14.77;18.63;22.49;1.71;8.366;3.7;40.88
1983-10-12;14.18;16.69;19.19;0.53;5.856;3.26;59.08
1983-10-13;10.26;17.27;24.27;0.02;13.535;2.61;36.15
1983-10-14;8.57;14.96;21.36;0.02;7.56;0.85;43.32
1983-10-15;8.57;11.7;14.82;4.0;5.378;1.13;67.75
1983-10-16;4.21;9.79;15.36;0.02;14.492;1.41;32.53
1983-10-17;1.47;10.33;19.19;0.02;14.253;1.85;18.34
1983-10-18;5.44;14.44;23.44;0.02;13.387;0.73;26.85
1983-10-19;5.44;15.6;25.76;0.02;14.253;0.85;21.34
1983-10-20;5.92;15.18;24.45;0.02;13.297;0.45;19.05
1983-10-21;3.66;14.9;26.14;0.02;13.088;0.0;19.05
1983-10-22;7.41;16.77;26.14;1.54;10.428;0.25;26.78
1983-10-23;5.11;14.81;24.51;0.02;13.297;1.13;20.39
1983-10-24;11.09;17.8;24.51;1.22;9.8;2.86;19.05
1983-10-25;9.75;15.96;22.16;0.02;11.593;3.24;26.85
1983-10-26;11.6;15.48;19.37;0.02;8.247;3.85;38.67
1983-10-27;10.3;15.89;21.48;2.9;11.324;3.9;36.78
1983-10-28;10.04;13.33;16.63;3.55;6.663;4.58;52.7
1983-10-29;4.95;10.31;15.68;0.02;10.667;2.52;36.23
1983-10-30;2.96;11.21;19.46;0.02;11.982;1.94;23.7
1983-10-31;4.43;12.3;20.17;0.02;9.801;2.45;31.11
1983-11-01;7.09;13.5;19.91;3.22;5.552;1.34;50.59
1983-11-02;3.46;11.54;19.62;0.02;12.147;0.83;34.58
1983-11-03;4.77;11.85;18.93;0.02;12.356;1.46;32.14
1983-11-04;4.69;8.54;12.38;0.02;6.825;3.32;58.42
1983-11-05;4.34;6.08;7.82;6.07;5.281;4.52;73.5
1983-11-06;6.14;7.79;9.44;6.9;4.905;4.2;72.48
1983-11-07;6.14;10.29;14.43;0.02;6.261;2.4;59.34
1983-11-08;5.0;9.44;13.88;2.36;5.886;2.34;62.46
1983-11-09;3.46;8.63;13.79;0.02;5.906;2.58;54.04
1983-11-10;1.62;6.94;12.26;0.02;11.124;2.58;35.34
1983-11-11;2.19;7.99;13.79;0.02;10.435;2.77;40.39
1983-11-12;2.4;7.98;13.56;0.02;10.665;1.96;39.38
1983-11-13;1.55;5.33;9.12;0.02;8.516;2.48;51.85
1983-11-14;-3.45;-0.72;2.02;0.02;9.1;2.68;41.49
1983-11-15;-5.84;-2.27;1.3;0.02;9.1;3.53;39.3
1983-11-16;-6.81;-2.55;1.7;0.02;10.08;2.34;43.43
1983-11-17;-7.33;-2.2;2.94;0.51;5.906;3.0;59.09
1983-11-18;-8.51;-4.57;-0.63;0.02;6.825;1.46;46.21
1983-11-19;-8.58;-4.79;-1.01;0.02;7.805;2.58;42.33
1983-11-20;-11.52;-6.22;-0.92;0.02;10.54;1.78;38.62
1983-11-21;-8.49;-2.85;2.8;0.02;7.848;2.34;55.3
1983-11-22;-8.58;-4.78;-0.98;0.02;6.553;2.13;52.02
1983-11-23;-12.32;-7.52;-2.71;0.02;9.246;2.4;46.29
1983-11-24;-13.01;-7.06;-1.12;0.02;8.808;2.88;38.96
1983-11-25;-11.61;-6.35;-1.1;0.02;7.347;1.78;37.53
1983-11-26;-12.42;-6.73;-1.04;0.02;9.246;2.21;32.98
1983-11-27;-10.93;-4.2;2.54;0.02;10.748;2.68;46.54
1983-11-28;-1.96;0.71;3.38;3.22;2.735;3.73;83.18
1983-11-29;2.97;5.58;8.19;1.43;3.986;4.2;71.39
1983-11-30;-5.55;-1.52;2.51;0.02;5.886;2.07;63.47
1983-12-01;-4.47;-1.44;1.59;0.0;6.102;1.96;50.78
1983-12-02;-4.64;-1.52;1.59;0.0;9.239;2.12;32.55
1983-12-03;-4.47;0.26;4.99;1.7;3.642;1.96;47.93
1983-12-04;-1.45;2.12;5.69;3.06;2.806;1.96;79.91
1983-12-05;-5.32;-1.46;2.4;0.0;9.444;2.49;42.31
1983-12-06;-5.91;-2.04;1.84;0.0;9.933;1.96;30.79
1983-12-07;-5.52;-1.3;2.92;0.0;10.342;2.3;39.39
1983-12-08;-3.29;0.85;4.99;0.0;6.512;2.3;52.13
1983-12-09;-4.56;0.19;4.93;0.0;6.732;1.37;54.64
1983-12-10;-4.81;-0.19;4.43;0.0;9.444;2.04;40.07
1983-12-11;-4.56;0.57;5.69;0.0;7.22;1.67;41.29
1983-12-12;-3.88;1.21;6.29;0.0;7.741;2.04;41.36
1983-12-13;-2.95;2.17;7.3;0.0;8.009;2.38;31.53
1983-12-14;-4.47;1.2;6.86;0.0;6.811;1.27;46.57
1983-12-15;-3.94;1.68;7.3;0.0;8.246;2.55;30.86
1983-12-16;0.47;4.19;7.9;0.0;5.297;3.42;69.95
1983-12-17;3.83;7.17;10.51;0.0;6.102;4.15;61.14
1983-12-18;3.49;7.11;10.73;0.0;6.102;3.91;54.64
1983-12-19;3.49;5.54;7.58;11.19;1.293;3.16;78.08
1983-12-20;1.12;3.02;4.93;2.5;2.428;2.38;81.33
1983-12-21;0.13;3.06;5.99;1.14;3.8;2.96;71.3
1983-12-22;-3.71;-1.1;1.51;0.0;4.352;4.15;43.66
1983-12-23;-4.59;-1.65;1.29;0.0;6.732;2.22;41.56
1983-12-24;-3.88;-0.59;2.7;0.0;6.511;1.96;47.39
1983-12-25;-3.01;0.31;3.62;2.94;3.721;2.12;70.97
1983-12-26;-8.15;-2.88;2.4;0.79;4.099;2.49;50.57
1983-12-27;-8.43;-4.63;-0.83;0.0;6.212;3.1;38.78
1983-12-28;-9.7;-5.39;-1.08;0.0;7.442;1.67;50.78
1983-12-29;-8.43;-3.21;2.02;0.56;5.392;1.67;53.08
1983-12-30;-7.52;-3.35;0.81;0.0;5.471;1.44;65.95
1983-12-31;-7.64;-2.9;1.84;0.9;10.043;1.84;60.46
1984-01-01;-6.55;-2.82;0.91;0.0;5.656;0.69;68.11
1984-01-02;-6.71;-2.83;1.05;2.45;6.799;2.29;56.87
1984-01-03;1.17;3.77;6.38;7.36;4.319;5.04;79.4
1984-01-04;3.32;5.96;8.6;11.89;3.584;5.24;76.56
1984-01-05;0.84;4.72;8.6;0.53;3.099;2.49;68.29
1984-01-06;-1.39;1.35;4.09;0.0;5.404;3.56;47.45
1984-01-07;-1.31;-0.1;1.1;0.0;5.753;4.02;48.11
1984-01-08;-3.17;-1.35;0.47;0.0;6.102;5.24;56.93
1984-01-09;-3.23;-1.61;0.01;3.06;4.533;5.24;60.92
1984-01-10;-5.18;-2.26;0.66;0.83;5.83;5.23;47.93
1984-01-11;-6.6;-3.33;-0.07;0.0;6.024;2.49;54.7
1984-01-12;-3.45;-1.26;0.94;0.53;6.102;3.35;67.74
1984-01-13;-0.42;2.1;4.63;0.6;5.83;3.25;70.64
1984-01-14;-3.17;0.02;3.21;0.0;7.515;2.39;69.38
1984-01-15;-2.62;1.33;5.29;0.3;6.276;3.56;69.56
1984-01-16;-3.29;-0.04;3.21;0.9;8.852;3.01;63.64
1984-01-17;-6.1;-0.64;4.82;7.38;9.24;4.58;63.58
1984-01-18;-8.66;-4.67;-0.68;0.0;8.736;3.01;59.11
1984-01-19;-8.66;-5.0;-1.33;0.0;9.801;2.7;59.47
1984-01-20;-10.09;-5.89;-1.69;0.0;9.937;2.39;59.11
1984-01-21;-6.99;-3.03;0.94;4.87;7.341;2.7;50.71
1984-01-22;-7.91;-3.63;0.66;1.38;7.632;2.8;62.31
1984-01-23;-4.32;-2.36;-0.4;0.9;10.828;3.25;74.15
1984-01-24;-10.17;-5.75;-1.33;0.0;9.608;2.59;61.82
1984-01-25;-11.09;-7.33;-3.58;0.0;10.13;2.18;58.8
1984-01-26;-8.8;-5.69;-2.57;0.0;9.937;3.18;60.01
1984-01-27;-9.42;-4.84;-0.27;0.6;9.414;1.84;48.29
1984-01-28;-7.66;-4.03;-0.4;0.45;9.414;1.93;66.42
1984-01-29;-4.43;-2.51;-0.59;0.0;10.034;3.56;79.4
1984-01-30;-7.24;-1.62;4.0;3.21;6.024;4.46;62.85
1984-01-31;-11.98;-6.91;-1.83;0.0;11.525;1.16;53.55
1984-02-01;-7.16;-1.33;4.5;0.43;7.214;4.36;62.24
1984-02-02;0.32;2.9;5.48;0.0;10.029;5.82;77.76
1984-02-03;-2.2;1.57;5.34;2.42;8.417;5.52;74.66
1984-02-04;-4.23;-0.2;3.83;0.0;8.281;2.19;59.66
1984-02-05;-9.28;-3.39;2.49;0.0;9.564;2.19;48.57
1984-02-06;-11.99;-4.68;2.63;0.0;9.947;0.83;32.91
1984-02-07;-12.49;-4.82;2.85;0.0;10.466;1.19;30.14
1984-02-08;-9.04;-3.68;1.68;0.0;10.521;1.97;38.99
1984-02-09;-7.28;-2.55;2.18;0.0;10.276;3.09;47.38
1984-02-10;-5.93;-1.72;2.49;0.0;10.713;3.32;50.81
1984-02-11;-5.5;-2.02;1.46;0.0;9.319;3.63;59.47
1984-02-12;-6.88;-3.92;-0.97;0.0;10.876;3.09;48.9
1984-02-13;-7.28;-4.0;-0.72;0.0;11.45;2.72;48.96
1984-02-14;-11.32;-4.5;2.32;0.0;12.024;1.48;41.43
1984-02-15;-11.41;-3.6;4.2;0.0;12.352;1.4;40.51
1984-02-16;-11.22;-3.93;3.36;0.0;15.221;0.96;47.71
1984-02-17;-3.8;1.22;6.23;0.71;13.199;1.97;68.98
1984-02-18;-4.08;0.21;4.5;0.0;13.199;1.93;59.8
1984-02-19;-7.5;-2.14;3.22;0.0;11.724;0.68;58.47
1984-02-20;-5.62;-0.79;4.03;0.0;13.5;1.93;53.78
1984-02-21;-5.84;-0.65;4.53;0.0;13.719;2.53;52.66
1984-02-22;-4.42;-0.18;4.06;0.0;13.719;1.97;60.79
1984-02-23;-6.54;-0.92;4.7;0.68;11.286;1.93;62.77
1984-02-24;-6.73;-1.63;3.47;0.0;7.679;1.3;56.43
1984-02-25;-3.93;0.24;4.42;0.68;13.035;2.94;61.12
1984-02-26;-6.51;-1.64;3.22;0.0;13.117;1.97;56.96
1984-02-27;-7.38;-1.92;3.55;0.0;15.822;1.97;48.43
1984-02-28;-4.91;-0.83;3.25;0.0;16.314;3.18;48.83
1984-02-29;-6.11;-2.33;1.46;0.0;17.899;3.09;39.32
1984-03-01;-7.85;-3.53;0.78;0.0;14.48;3.22;42.06
1984-03-02;-18.19;-8.81;0.57;0.0;16.216;2.53;37.98
1984-03-03;-18.19;-8.16;1.88;0.0;16.844;0.67;25.67
1984-03-04;-18.19;-6.65;4.9;0.0;17.693;1.02;28.96
1984-03-05;-16.19;-6.08;4.03;0.0;18.469;2.0;36.27
1984-03-06;-8.24;-1.7;4.84;0.0;17.029;1.83;38.18
1984-03-07;-7.68;-1.42;4.84;0.0;16.178;1.22;42.98
1984-03-08;-7.54;-0.56;6.42;0.0;17.471;0.93;51.08
1984-03-09;-6.54;1.19;8.92;0.0;17.102;1.28;50.61
1984-03-10;-4.68;2.92;10.53;0.0;15.292;1.64;48.25
1984-03-11;-3.84;4.13;12.11;0.0;16.511;0.17;52.13
1984-03-12;-4.51;5.43;15.37;0.0;17.545;0.28;39.1
1984-03-13;-1.0;7.2;15.4;4.94;16.844;1.02;40.74
1984-03-14;1.39;4.91;8.42;14.72;7.239;1.54;73.98
1984-03-15;-0.67;4.13;8.92;10.38;8.976;2.2;62.79
1984-03-16;-3.31;2.88;9.07;0.0;13.74;1.83;56.8
1984-03-17;-4.68;2.97;10.62;0.0;19.17;1.89;38.64
1984-03-18;-1.98;2.37;6.72;3.8;18.469;3.48;51.8
1984-03-19;-2.2;3.54;9.28;0.61;9.234;3.13;56.73
1984-03-20;0.67;6.0;11.34;0.51;19.651;1.64;42.06
1984-03-21;-0.67;5.83;12.32;0.0;15.698;1.22;54.3
1984-03-22;-2.06;6.17;14.41;0.0;20.39;1.54;35.22
1984-03-23;-0.81;7.19;15.19;0.0;21.054;2.83;31.0
1984-03-24;-0.42;7.8;16.02;0.0;20.39;1.12;32.32
1984-03-25;-0.81;8.31;17.42;0.0;20.833;1.02;36.14
1984-03-26;-1.75;5.75;13.25;0.0;12.226;1.39;50.29
1984-03-27;-1.98;3.68;9.34;1.19;6.908;1.54;62.13
1984-03-28;-1.0;3.54;8.09;0.41;9.234;3.82;53.64
1984-03-29;-2.06;1.8;5.67;0.0;14.258;2.74;37.91
1984-03-30;-2.9;2.29;7.49;0.0;16.622;0.8;37.58
1984-03-31;-1.98;4.02;10.03;0.0;22.162;1.12;36.07
1984-04-01;-5.23;-0.78;3.67;0.35;13.729;1.99;61.19
1984-04-02;-5.82;-0.5;4.83;0.0;16.996;2.3;41.73
1984-04-03;-6.93;-1.57;3.79;0.0;18.055;1.39;37.76
1984-04-04;-6.24;3.06;12.37;0.0;21.366;1.99;30.76
1984-04-05;5.14;10.93;16.71;19.6;11.036;3.11;41.73
1984-04-06;3.03;9.32;15.61;8.04;8.653;2.51;51.42
1984-04-07;3.54;8.29;13.05;2.15;14.921;1.71;59.5
1984-04-08;0.89;5.91;10.92;0.0;13.376;1.7;57.89
1984-04-09;-0.56;7.18;14.93;0.0;13.729;1.19;38.03
1984-04-10;0.08;6.5;12.91;0.0;14.788;2.51;38.36
1984-04-11;-0.29;6.59;13.47;3.25;14.391;3.11;41.46
1984-04-12;3.3;7.89;12.49;0.0;16.996;2.2;42.4
1984-04-13;2.58;10.25;17.93;0.0;13.508;3.36;30.29
1984-04-14;5.58;12.23;18.88;1.4;16.686;3.36;38.84
1984-04-15;-2.46;1.48;5.42;4.26;13.376;3.63;56.47
1984-04-16;-6.54;1.46;9.46;0.0;24.367;0.8;22.88
1984-04-17;-6.24;4.31;14.87;0.0;23.838;0.7;24.36
1984-04-18;1.6;10.26;18.91;0.0;23.662;1.99;22.27
1984-04-19;6.66;14.13;21.61;0.0;20.218;2.67;25.1
1984-04-20;1.7;7.97;14.24;0.0;22.117;1.99;44.96
1984-04-21;-1.4;6.31;14.03;0.0;17.172;0.4;39.51
1984-04-22;1.26;7.92;14.57;0.0;16.025;1.5;42.94
1984-04-23;0.08;7.22;14.36;0.0;19.158;1.7;44.89
1984-04-24;3.3;10.3;17.3;0.0;22.381;2.2;41.46
1984-04-25;4.25;13.01;21.76;0.0;24.721;1.71;30.29
1984-04-26;4.21;13.42;22.62;0.0;25.03;0.98;28.94
1984-04-27;4.01;13.88;23.75;0.0;26.222;0.6;27.59
1984-04-28;6.07;14.89;23.72;0.0;26.751;1.39;25.37
1984-04-29;3.49;13.5;23.51;4.73;13.861;0.98;35.94
1984-04-30;10.08;16.07;22.06;0.0;20.748;2.67;43.95
1984-05-01;9.8;17.43;25.05;0.0;24.564;1.36;34.83
1984-05-02;10.55;17.68;24.81;0.0;24.564;1.17;35.23
1984-05-03;10.18;17.57;24.96;0.0;20.368;0.98;39.78
1984-05-04;11.67;18.12;24.57;0.0;24.517;1.54;33.49
1984-05-05;8.63;16.96;25.28;0.0;25.884;0.8;30.88
1984-05-06;9.5;18.27;27.05;0.0;26.167;0.91;28.34
1984-05-07;11.11;19.36;27.61;0.0;26.167;1.63;24.19
1984-05-08;14.82;21.55;28.29;0.0;20.84;0.8;29.54
1984-05-09;15.91;21.41;26.91;4.87;15.606;1.46;47.21
1984-05-10;10.64;18.77;26.91;0.0;22.677;1.63;39.58
1984-05-11;8.72;18.07;27.41;1.92;22.348;0.5;37.51
1984-05-12;11.0;17.79;24.57;0.0;23.102;1.07;38.24
1984-05-13;8.4;15.47;22.54;0.0;18.34;1.54;42.46
1984-05-14;6.39;15.16;23.93;0.0;24.564;0.8;33.02
1984-05-15;11.0;19.02;27.05;0.0;21.924;2.29;25.86
1984-05-16;11.11;18.33;25.55;0.0;20.65;1.73;29.14
1984-05-17;9.99;17.77;25.55;4.16;20.981;1.17;30.41
1984-05-18;10.38;14.84;19.3;8.59;14.615;1.63;58.72
1984-05-19;11.8;16.48;21.15;4.94;16.832;1.93;52.57
1984-05-20;10.18;16.98;23.78;0.0;26.073;1.73;41.92
1984-05-21;8.29;16.55;24.81;1.73;21.641;0.91;37.78
1984-05-22;9.8;16.96;24.13;1.07;22.018;1.36;38.18
1984-05-23;10.18;16.81;23.45;0.0;27.062;1.46;39.58
1984-05-24;10.47;16.33;22.19;3.86;19.424;2.38;53.64
1984-05-25;14.17;20.55;26.93;1.65;22.678;2.46;37.17
1984-05-26;14.25;20.8;27.35;0.0;27.723;2.96;25.59
1984-05-27;13.44;20.61;27.79;0.0;30.74;2.86;22.92
1984-05-28;12.27;20.23;28.2;0.0;30.033;2.64;22.92
1984-05-29;12.73;20.51;28.29;0.0;28.288;3.17;28.94
1984-05-30;13.07;20.62;28.17;0.0;29.373;3.17;21.91
1984-05-31;11.11;19.64;28.17;0.0;30.646;2.96;17.9
1984-06-01;9.23;17.96;26.69;0.02;29.376;2.88;20.39
1984-06-02;10.66;18.55;26.45;0.02;28.772;2.75;25.1
1984-06-03;13.18;19.66;26.14;8.98;20.674;2.43;38.24
1984-06-04;12.6;16.3;20.0;18.68;8.501;2.15;61.4
1984-06-05;11.75;18.98;26.21;0.02;25.351;2.24;29.28
1984-06-06;12.72;19.84;26.96;0.02;27.263;3.3;22.44
1984-06-07;12.47;20.53;28.59;0.02;26.458;3.44;17.28
1984-06-08;14.09;22.04;29.98;1.05;17.806;3.97;17.05
1984-06-09;15.49;24.16;32.83;1.18;23.189;3.32;16.9
1984-06-10;14.81;22.7;30.58;1.18;23.289;2.24;25.93
1984-06-11;13.05;20.01;26.96;0.02;23.189;2.43;32.08
1984-06-12;11.34;18.56;25.78;0.02;25.351;1.59;33.53
1984-06-13;10.35;18.07;25.78;0.02;28.168;0.86;26.92
1984-06-14;11.9;19.43;26.96;13.08;13.681;1.68;33.6
1984-06-15;13.79;19.51;25.23;0.02;23.541;0.98;31.17
1984-06-16;12.72;21.09;29.45;0.85;26.861;1.28;19.63
1984-06-17;14.05;22.2;30.36;1.18;23.591;2.03;21.83
1984-06-18;12.96;20.03;27.1;1.65;20.674;1.95;30.34
1984-06-19;12.88;19.26;25.64;0.02;22.988;1.95;27.91
1984-06-20;9.49;17.75;26.0;0.02;22.886;1.59;25.1
1984-06-21;9.79;18.06;26.33;0.02;29.175;0.86;20.47
1984-06-22;12.34;21.31;30.29;0.35;24.346;1.49;15.91
1984-06-23;13.94;21.06;28.18;0.94;18.863;1.95;24.95
1984-06-24;13.38;21.14;28.9;0.02;27.665;1.59;24.8
1984-06-25;12.6;21.77;30.94;0.02;26.861;1.49;17.05
1984-06-26;14.05;22.6;31.15;0.02;27.514;1.74;17.05
1984-06-27;14.42;21.66;28.9;0.02;29.074;2.43;17.66
1984-06-28;13.18;19.84;26.5;0.02;28.772;2.24;23.58
1984-06-29;12.83;20.38;27.92;0.02;29.275;0.98;16.14
1984-06-30;13.38;22.29;31.2;0.02;23.339;1.68;12.8
1984-07-01;14.65;20.5;26.34;0.0;29.584;2.49;29.39
1984-07-02;13.77;21.77;29.77;0.0;29.779;1.92;18.39
1984-07-03;14.78;23.95;33.11;0.7;29.681;2.13;18.09
1984-07-04;13.55;22.5;31.45;0.0;30.263;1.74;17.45
1984-07-05;13.7;20.86;28.02;0.0;30.7;2.61;19.32
1984-07-06;9.63;17.73;25.83;0.0;30.457;1.92;20.13
1984-07-07;9.46;17.34;25.22;0.0;29.681;1.63;21.94
1984-07-08;10.26;18.58;26.9;0.0;29.779;1.74;20.19
1984-07-09;10.53;20.93;31.33;0.0;28.274;1.43;17.28
1984-07-10;14.49;22.07;29.65;0.0;29.1;2.61;18.85
1984-07-11;12.04;21.04;30.03;0.0;29.875;1.74;14.37
1984-07-12;12.31;23.01;33.7;0.0;28.857;0.98;10.88
1984-07-13;13.39;24.02;34.64;0.0;27.79;2.44;13.32
1984-07-14;15.12;22.18;29.24;0.0;29.487;2.81;12.91
1984-07-15;12.26;21.11;29.95;0.0;31.088;1.28;9.83
1984-07-16;11.52;23.0;34.48;0.0;28.081;1.74;8.78
1984-07-17;15.91;24.85;33.8;0.0;27.208;1.63;13.2
1984-07-18;17.41;24.81;32.22;0.0;26.82;2.2;16.23
1984-07-19;16.09;23.57;31.05;0.0;27.014;1.28;14.83
1984-07-20;14.42;23.91;33.39;0.7;27.111;2.33;13.44
1984-07-21;12.26;20.07;27.87;0.0;26.723;3.04;22.34
1984-07-22;9.03;18.61;28.2;0.0;27.257;0.4;16.06
1984-07-23;12.8;22.08;31.35;0.0;25.947;1.36;13.44
1984-07-24;14.0;22.66;31.33;0.0;26.335;0.9;11.75
1984-07-25;14.0;22.78;31.56;0.0;26.044;1.17;13.73
1984-07-26;13.88;22.77;31.66;0.0;25.171;2.13;14.66
1984-07-27;14.31;21.37;28.43;0.0;24.297;2.71;24.03
1984-07-28;13.09;20.58;28.07;0.0;26.044;3.16;17.45
1984-07-29;11.79;20.84;29.9;0.0;25.607;3.32;14.37
1984-07-30;12.04;22.07;32.09;0.0;26.044;2.61;10.76
1984-07-31;13.28;23.34;33.39;0.0;26.044;2.13;10.24
1984-08-01;16.89;25.85;34.81;0.06;27.838;2.72;11.07
1984-08-02;17.55;26.18;34.81;0.06;27.433;3.09;12.02
1984-08-03;16.64;26.22;35.8;0.06;27.433;1.4;10.77
1984-08-04;17.75;27.0;36.24;0.06;27.118;2.33;8.27
1984-08-05;17.55;25.18;32.81;0.06;25.18;3.18;17.32
1984-08-06;15.96;23.49;31.02;0.06;26.351;3.18;15.42
1984-08-07;14.04;23.16;32.29;0.06;25.811;3.37;12.92
1984-08-08;16.04;25.16;34.27;0.06;24.865;3.26;10.77
1984-08-09;17.39;26.49;35.59;0.06;24.369;3.48;10.77
1984-08-10;18.42;27.39;36.37;0.06;23.694;4.14;11.19
1984-08-11;18.79;27.86;36.92;6.3;17.838;2.33;19.94
1984-08-12;16.32;26.06;35.8;0.06;23.694;2.15;12.32
1984-08-13;16.3;25.95;35.59;0.06;23.559;1.72;9.76
1984-08-14;18.08;26.89;35.7;0.06;22.973;1.84;16.37
1984-08-15;17.47;25.53;33.59;0.06;23.153;1.92;17.56
1984-08-16;17.94;26.11;34.27;0.06;22.658;1.72;16.67
1984-08-17;19.33;27.73;36.14;0.06;20.27;1.92;18.39
1984-08-18;19.65;27.25;34.86;3.15;17.838;2.33;23.75
1984-08-19;19.59;27.23;34.86;0.06;21.757;1.84;19.17
1984-08-20;18.85;27.28;35.7;0.06;22.073;1.92;14.11
1984-08-21;19.69;27.55;35.42;4.08;15.901;3.48;17.38
1984-08-22;18.2;25.74;33.28;0.06;21.127;4.92;17.08
1984-08-23;16.4;23.98;31.57;0.06;21.127;4.2;19.11
1984-08-24;14.64;23.03;31.42;0.06;21.352;3.02;15.3
1984-08-25;16.04;23.38;30.71;1.48;20.136;2.72;22.38
1984-08-26;14.46;21.38;28.31;0.06;19.64;2.33;25.54
1984-08-27;15.05;22.77;30.5;0.06;20.676;3.18;15.83
1984-08-28;14.64;22.19;29.74;0.06;20.72;3.02;17.68
1984-08-29;12.02;21.8;31.57;0.06;20.676;1.84;11.85
1984-08-30;16.12;25.54;34.96;0.06;18.559;2.41;11.67
1984-08-31;14.93;23.3;31.68;0.06;19.234;2.15;18.04
1984-09-01;17.0;24.28;31.56;0.02;23.935;2.63;8.25
1984-09-02;15.37;23.43;31.49;0.02;24.231;1.27;10.52
1984-09-03;14.25;23.07;31.89;0.02;22.532;1.65;12.27
1984-09-04;14.82;23.25;31.68;0.02;22.531;0.68;9.64
1984-09-05;13.48;23.46;33.44;0.02;22.236;1.27;5.46
1984-09-06;16.75;24.41;32.08;0.02;21.719;1.65;8.61
1984-09-07;15.14;23.71;32.29;0.02;20.758;0.68;12.27
1984-09-08;15.14;23.16;31.19;0.02;19.096;2.31;17.98
1984-09-09;13.89;20.29;26.68;0.02;23.529;2.31;15.27
1984-09-10;11.25;17.99;24.73;0.02;21.609;2.39;16.08
1984-09-11;10.47;19.05;27.64;0.02;23.16;1.65;14.32
1984-09-12;13.22;22.55;31.89;0.02;20.278;1.75;10.59
1984-09-13;15.14;22.96;30.79;0.02;19.096;2.83;16.74
1984-09-14;12.67;17.61;22.55;3.05;13.593;3.3;44.11
1984-09-15;9.16;14.67;20.18;2.99;12.743;3.3;40.08
1984-09-16;7.33;14.86;22.38;0.02;19.392;3.51;23.18
1984-09-17;8.8;15.68;22.55;0.02;18.802;3.3;26.76
1984-09-18;7.62;15.69;23.75;0.02;18.986;3.51;18.64
1984-09-19;7.49;15.7;23.91;0.02;18.801;3.37;18.13
1984-09-20;7.83;16.43;25.04;0.02;18.432;2.91;16.74
1984-09-21;9.43;18.76;28.09;0.02;17.878;1.75;15.2
1984-09-22;11.0;17.89;24.78;0.02;17.472;2.11;25.59
1984-09-23;8.64;16.25;23.86;0.02;17.361;0.73;24.79
1984-09-24;9.63;16.75;23.86;0.02;17.102;1.27;23.76
1984-09-25;10.61;17.54;24.47;0.02;16.954;2.31;19.52
1984-09-26;9.05;17.96;26.87;0.02;16.843;1.55;14.17
1984-09-27;8.26;17.25;26.23;0.02;14.923;1.86;15.35
1984-09-28;10.13;15.43;20.74;1.37;9.345;2.11;44.18
1984-09-29;7.44;14.21;20.98;0.02;14.516;0.48;31.08
1984-09-30;9.75;14.77;19.78;0.95;13.999;2.11;36.43
1984-10-01;9.51;13.28;17.05;0.02;15.239;2.61;40.72
1984-10-02;10.04;13.71;17.38;0.02;16.852;2.61;38.44
1984-10-03;7.87;12.46;17.05;0.02;12.878;2.27;40.72
1984-10-04;7.41;12.95;18.48;0.02;17.031;2.06;31.66
1984-10-05;6.29;13.26;20.23;0.02;17.151;1.35;26.38
1984-10-06;6.75;13.27;19.78;0.02;11.832;0.45;30.08
1984-10-07;5.85;13.54;21.24;0.02;17.33;0.85;25.44
1984-10-08;7.36;15.34;23.32;2.19;17.151;3.47;18.74
1984-10-09;5.28;9.39;13.51;4.67;15.239;4.2;39.78
1984-10-10;2.96;7.26;11.55;0.02;14.074;2.61;36.94
1984-10-11;0.59;5.82;11.05;0.02;13.177;1.74;33.08
1984-10-12;0.09;6.2;12.3;0.02;15.239;0.97;28.82
1984-10-13;0.57;9.06;17.56;0.02;15.537;1.54;15.59
1984-10-14;0.59;10.61;20.62;0.02;14.85;0.0;19.05
1984-10-15;2.7;12.36;22.01;0.02;13.834;1.03;22.84
1984-10-16;7.19;12.45;17.7;0.02;13.834;1.94;34.26
1984-10-17;4.95;10.94;16.93;0.02;13.834;1.24;28.51
1984-10-18;2.96;10.72;18.48;0.02;13.834;0.35;22.68
1984-10-19;1.23;11.23;21.24;0.02;13.656;0.73;15.9
1984-10-20;2.43;12.94;23.44;0.02;13.894;1.54;12.2
1984-10-21;3.86;12.52;21.18;0.02;13.834;3.47;15.9
1984-10-22;12.12;15.67;19.22;0.02;9.89;4.93;33.79
1984-10-23;3.4;7.85;12.3;8.3;4.063;4.03;68.22
1984-10-24;-0.46;6.13;12.71;0.02;12.4;0.97;26.3
1984-10-25;1.23;8.47;15.71;10.22;8.247;3.08;35.13
1984-10-26;0.61;4.65;8.7;0.02;9.501;3.7;42.06
1984-10-27;-0.94;4.74;10.42;0.02;11.355;1.94;33.55
1984-10-28;3.27;5.82;8.37;5.16;7.38;3.18;63.73
1984-10-29;1.84;5.92;10.01;0.02;8.994;1.74;48.91
1984-10-30;1.23;5.41;9.59;1.71;8.247;2.45;49.86
1984-10-31;-0.94;3.42;7.78;1.5;6.305;2.77;56.56
1984-11-01;-6.86;0.48;7.82;1.48;10.957;2.07;54.54
1984-11-02;0.25;5.39;10.53;0.02;10.081;2.58;45.7
1984-11-03;-6.78;2.25;11.28;0.02;13.045;1.17;30.2
1984-11-04;0.13;8.26;16.39;0.02;11.584;0.63;32.39
1984-11-05;3.35;10.09;16.82;0.02;11.124;1.67;37.53
1984-11-06;4.34;10.55;16.76;0.02;11.604;2.13;29.53
1984-11-07;2.28;10.17;18.06;0.02;12.147;1.17;28.26
1984-11-08;2.4;9.72;17.05;0.02;12.042;1.55;26.24
1984-11-09;1.71;8.48;15.26;0.02;11.292;2.07;32.05
1984-11-10;2.4;9.25;16.1;0.02;11.124;2.34;32.31
1984-11-11;7.09;11.16;15.23;0.02;6.073;2.58;53.03
1984-11-12;6.66;10.46;14.25;0.02;4.717;2.13;57.16
1984-11-13;6.52;10.25;13.99;0.02;5.281;3.09;52.35
1984-11-14;7.09;11.55;16.01;0.02;9.955;3.59;41.74
1984-11-15;6.52;11.62;16.71;0.02;10.081;2.58;41.15
1984-11-16;3.96;10.63;17.31;0.02;10.185;2.4;35.93
1984-11-17;3.75;10.27;16.79;0.02;8.996;2.13;38.54
1984-11-18;1.62;9.01;16.39;0.02;9.35;1.17;31.47
1984-11-19;1.62;9.17;16.71;0.02;9.35;1.07;28.52
1984-11-20;1.55;9.13;16.71;0.02;8.077;1.07;26.5
1984-11-21;0.53;8.4;16.27;0.02;8.87;0.97;27.09
1984-11-22;0.67;7.67;14.66;2.0;7.18;1.07;42.41
1984-11-23;0.81;6.26;11.71;0.02;5.886;1.96;51.85
1984-11-24;-2.52;4.2;10.91;0.02;8.516;0.47;44.27
1984-11-25;1.88;5.26;8.63;0.78;3.986;2.07;57.41
1984-11-26;-1.27;0.62;2.51;1.68;5.698;2.34;57.74
1984-11-27;-5.55;-0.52;4.5;0.7;5.906;2.13;62.8
1984-11-28;3.87;6.63;9.38;4.95;3.757;2.4;78.3
1984-11-29;5.81;9.01;12.21;0.78;4.8;2.13;65.49
1984-11-30;4.34;9.38;14.43;0.02;6.261;2.88;40.31
1984-12-01;2.47;6.91;11.35;0.0;9.145;2.38;46.37
1984-12-02;1.63;6.22;10.81;0.0;9.239;2.38;49.42
1984-12-03;3.8;6.79;9.79;2.16;3.027;2.62;73.27
1984-12-04;0.64;4.96;9.29;0.79;2.475;2.04;68.8
1984-12-05;-1.54;3.61;8.76;0.0;8.64;1.2;50.84
1984-12-06;-0.69;4.11;8.9;0.0;9.539;1.44;49.42
1984-12-07;0.27;4.46;8.64;0.0;8.009;3.42;56.26
1984-12-08;4.25;7.39;10.53;5.85;2.428;5.64;74.56
1984-12-09;1.12;5.35;9.57;22.02;2.428;5.93;67.71
1984-12-10;-2.1;-0.64;0.83;0.0;9.034;3.78;26.86
1984-12-11;-2.69;0.44;3.56;0.0;9.933;2.49;22.66
1984-12-12;-2.05;2.64;7.32;0.0;8.246;3.58;47.39
1984-12-13;3.74;6.54;9.35;23.46;3.027;5.15;73.74
1984-12-14;1.29;4.61;7.92;0.95;4.1;3.26;69.14
1984-12-15;-0.55;1.92;4.39;0.0;5.897;2.62;52.54
1984-12-16;-0.69;3.32;7.32;0.0;8.246;3.16;54.03
1984-12-17;1.63;5.12;8.6;3.06;3.642;3.78;59.38
1984-12-18;0.78;4.04;7.3;0.0;3.626;2.96;68.66
1984-12-19;0.98;4.81;8.64;0.0;3.72;2.22;68.25
1984-12-20;0.07;4.09;8.12;0.0;6.102;0.5;61.07
1984-12-21;-1.68;2.93;7.54;0.0;5.471;0.73;61.07
1984-12-22;-0.07;3.28;6.64;1.44;3.027;1.84;72.59
1984-12-23;-3.01;0.13;3.26;0.0;6.102;1.67;47.39
1984-12-24;-3.37;-0.49;2.4;0.0;6.511;2.12;40.14
1984-12-25;-2.3;0.31;2.92;0.0;5.597;3.16;53.89
1984-12-26;-2.19;1.03;4.25;0.0;5.14;3.42;59.04
1984-12-27;-1.54;2.38;6.29;0.0;4.603;2.62;60.4
1984-12-28;-2.61;2.13;6.86;0.0;6.811;2.55;46.91
1984-12-29;2.25;4.89;7.54;2.57;2.885;4.29;74.62
1984-12-30;1.23;4.67;8.12;2.72;4.525;3.36;72.46
1984-12-31;2.02;5.2;8.38;5.85;4.525;3.26;72.46
