iso-date;tmin;tavg;tmax;precip;globrad;wind;relhumid
1980-01-01;15.41;24.06;32.71;0.9;11.597;3.91;18.94
1980-01-02;13.58;18.34;23.1;0.9;15.003;4.42;4.02
1980-01-03;8.49;16.54;24.59;1.2;15.098;3.6;8.57
1980-01-04;8.4;16.85;25.3;1.2;15.298;3.2;14.89
1980-01-05;6.96;16.58;26.2;1.2;15.001;2.4;13.6
1980-01-06;9.39;18.37;27.34;1.2;14.594;2.3;16.73
1980-01-07;11.3;19.64;27.99;1.2;14.995;2.54;16.93
1980-01-08;9.71;18.87;28.03;0.9;15.409;2.49;12.59
1980-01-09;9.6;19.31;29.02;1.2;14.894;2.3;8.66
1980-01-10;10.82;20.39;29.97;1.5;14.699;1.8;10.86
1980-01-11;11.32;21.03;30.74;1.5;14.596;0.78;12.44
1980-01-12;13.0;20.6;28.2;1.5;15.403;2.3;18.82
1980-01-13;14.32;20.02;25.71;1.5;12.48;4.3;24.1
1980-01-14;9.61;14.5;19.4;1.5;15.695;4.6;16.1
1980-01-15;6.99;14.51;22.03;1.5;15.498;3.1;16.49
1980-01-16;9.99;18.89;27.8;1.5;16.601;3.2;13.59
1980-01-17;11.63;20.38;29.12;1.2;15.301;2.8;13.96
1980-01-18;10.41;19.95;29.5;1.2;16.497;2.9;12.0
1980-01-19;14.83;18.91;22.99;1.2;15.649;4.32;18.11
1980-01-20;10.5;16.55;22.6;1.5;15.396;4.1;17.21
1980-01-21;10.82;17.05;23.29;1.5;15.493;3.8;19.3
1980-01-22;12.07;18.48;24.9;1.5;15.597;3.5;17.82
1980-01-23;9.7;18.61;27.51;1.5;15.599;2.8;21.02
1980-01-24;15.77;23.48;31.2;0.3;16.395;3.6;25.92
1980-01-25;16.86;23.54;30.22;0.3;17.597;3.8;23.21
1980-01-26;15.82;22.17;28.52;0.6;16.1;3.6;20.13
1980-01-27;11.31;19.75;28.2;0.6;16.195;2.9;13.0
1980-01-28;10.8;19.51;28.22;0.6;16.398;2.95;9.95
1980-01-29;10.32;19.11;27.9;0.6;16.402;3.2;10.1
1980-01-30;13.42;18.56;23.7;0.6;16.398;4.0;16.91
1980-01-31;9.8;16.7;23.6;0.6;16.695;3.3;18.91
1980-02-01;8.81;17.43;26.05;0.6;16.807;2.7;17.31
1980-02-02;9.35;18.18;27.02;0.6;18.497;1.9;14.14
1980-02-03;9.81;18.82;27.84;0.6;16.805;1.1;12.11
1980-02-04;11.02;19.25;27.49;0.6;16.983;2.1;14.11
1980-02-05;11.3;20.01;28.71;0.6;17.895;2.6;14.72
1980-02-06;14.52;19.93;25.34;0.6;17.789;3.81;18.83
1980-02-07;11.1;17.09;23.07;0.6;17.797;4.52;11.8
1980-02-08;8.58;12.64;16.69;0.3;18.512;4.58;15.11
1980-02-09;6.06;12.62;19.17;0.3;18.506;3.2;14.92
1980-02-10;4.71;12.33;19.94;0.3;18.301;3.1;17.61
1980-02-11;8.28;13.75;19.22;0.3;18.251;4.0;20.2
1980-02-12;7.29;13.16;19.03;0.3;18.795;4.1;12.41
1980-02-13;5.89;12.54;19.18;0.3;18.995;3.79;12.99
1980-02-14;5.19;13.41;21.63;0.32;18.702;3.3;13.09
1980-02-15;6.88;15.14;23.4;0.32;18.898;2.3;16.6
1980-02-16;9.1;17.1;25.1;0.32;18.6;2.72;18.48
1980-02-17;10.5;18.15;25.8;0.32;18.795;2.8;19.0
1980-02-18;10.3;17.86;25.41;0.32;19.097;2.7;17.57
1980-02-19;9.32;17.76;26.2;0.32;19.396;0.74;13.0
1980-02-20;9.58;18.74;27.9;0.32;19.398;3.3;8.9
1980-02-21;12.02;18.05;24.08;0.32;19.696;3.91;10.61
1980-02-22;10.17;17.27;24.38;0.32;19.5;3.8;13.89
1980-02-23;12.29;19.8;27.3;0.3;19.594;4.22;12.59
1980-02-24;12.9;20.75;28.61;0.61;19.693;4.21;12.5
1980-02-25;11.8;20.55;29.31;0.61;19.698;3.2;10.71
1980-02-26;12.01;20.24;28.47;0.61;19.793;3.6;10.68
1980-02-27;12.63;18.9;25.17;0.61;20.193;4.11;11.45
1980-02-28;10.1;17.2;24.3;0.61;20.594;3.3;11.7
1980-02-29;0.0;0.0;0.0;0.0;0.0;0.0;0.0
1980-03-01;7.8;16.45;25.09;0.61;20.89;1.89;12.6
1980-03-02;10.81;18.71;26.6;0.61;20.903;1.4;15.46
1980-03-03;12.01;21.11;30.2;0.61;20.902;3.81;7.69
1980-03-04;13.3;20.04;26.78;0.61;21.095;4.0;10.09
1980-03-05;10.91;17.97;25.03;0.61;21.201;3.6;11.52
1980-03-06;11.51;18.39;25.26;0.61;21.197;3.5;11.21
1980-03-07;10.19;18.63;27.07;0.61;21.3;2.6;13.31
1980-03-08;13.38;21.23;29.08;0.61;22.902;2.6;11.51
1980-03-09;14.19;23.24;32.3;0.61;21.495;4.0;6.48
1980-03-10;14.08;21.48;28.88;0.61;21.394;2.9;9.61
1980-03-11;12.3;21.76;31.21;1.0;21.402;3.0;8.7
1980-03-12;15.46;21.79;28.12;1.0;21.698;4.21;9.68
1980-03-13;12.6;20.45;28.29;1.0;21.602;1.2;10.89
1980-03-14;17.48;26.74;36.0;1.0;22.016;4.12;7.18
1980-03-15;21.34;26.73;32.11;1.0;21.598;4.3;12.81
1980-03-16;17.32;22.62;27.91;1.0;21.893;4.52;12.19
1980-03-17;13.69;19.36;25.04;0.5;22.599;4.33;11.48
1980-03-18;11.28;18.95;26.62;0.3;23.497;2.7;9.21
1980-03-19;13.0;21.9;30.8;0.4;25.408;2.09;8.1
1980-03-20;17.14;26.3;35.45;0.4;24.2;4.63;4.29
1980-03-21;15.02;22.56;30.11;0.4;22.798;3.7;6.29
1980-03-22;15.99;21.79;27.58;0.4;22.692;4.2;9.3
1980-03-23;13.6;19.6;25.6;0.4;23.992;4.02;6.87
1980-03-24;11.79;19.55;27.3;0.4;23.993;2.47;12.89
1980-03-25;14.3;22.2;30.1;0.4;23.796;2.19;11.9
1980-03-26;17.21;27.18;37.15;0.3;23.9;4.98;5.68
1980-03-27;17.93;23.06;28.2;0.3;22.893;4.61;13.03
1980-03-28;13.8;18.43;23.05;0.3;23.699;4.75;10.33
1980-03-29;11.15;16.8;22.45;0.3;24.506;3.64;10.39
1980-03-30;8.75;17.05;25.34;0.3;24.699;1.0;9.09
1980-03-31;12.7;21.3;29.89;0.3;24.9;1.39;10.59
1980-04-01;16.8;27.45;38.11;0.3;25.102;4.0;4.4
1980-04-02;21.47;25.22;28.97;0.3;17.258;4.81;13.59
1980-04-03;20.04;23.87;27.69;0.3;16.804;4.63;10.68
1980-04-04;16.0;21.69;27.37;0.3;25.999;3.5;8.31
1980-04-05;13.08;21.34;29.6;0.3;25.195;1.8;6.1
1980-04-06;17.93;27.86;37.8;0.3;22.285;4.1;8.01
1980-04-07;23.54;31.47;39.41;0.3;18.001;4.6;4.7
1980-04-08;22.52;27.46;32.4;0.3;24.551;4.4;6.1
1980-04-09;19.48;26.54;33.59;0.3;27.33;3.21;6.4
1980-04-10;19.4;27.1;34.8;0.3;19.323;3.2;9.1
1980-04-11;21.76;32.56;43.36;0.01;27.205;3.7;4.29
1980-04-12;20.1;31.18;42.26;0.01;26.907;4.0;5.7
1980-04-13;21.92;27.76;33.6;0.01;21.282;5.11;5.99
1980-04-14;17.86;24.33;30.8;0.3;26.898;3.6;6.2
1980-04-15;14.09;23.2;32.3;0.3;25.701;2.99;6.11
1980-04-16;17.31;22.56;27.82;0.3;25.802;3.5;7.8
1980-04-17;13.17;21.3;29.43;0.3;26.499;1.58;6.62
1980-04-18;13.54;24.31;35.08;0.3;25.594;0.69;6.1
1980-04-19;17.4;28.36;39.31;0.3;26.604;2.5;4.0
1980-04-20;19.73;28.21;36.69;0.3;24.792;3.3;9.41
1980-04-21;20.39;28.05;35.7;0.3;24.595;3.41;10.01
1980-04-22;20.69;29.15;37.6;0.3;25.458;2.9;5.96
1980-04-23;23.53;33.84;44.15;0.3;27.499;5.16;4.19
1980-04-24;24.3;30.16;36.03;0.3;21.463;5.28;12.6
1980-04-25;20.2;26.29;32.38;0.3;26.193;4.2;5.7
1980-04-26;17.5;25.2;32.89;0.3;26.298;2.1;7.61
1980-04-27;18.9;28.78;38.66;0.3;27.599;2.8;6.08
1980-04-28;23.32;33.41;43.5;0.3;27.929;3.63;4.4
1980-04-29;26.45;33.24;40.03;0.3;22.308;4.5;9.53
1980-04-30;20.99;26.28;31.57;0.34;23.706;5.45;7.1
1980-05-01;18.47;24.24;30.02;0.3;27.006;4.01;6.59
1980-05-02;18.4;23.98;29.56;0.3;27.908;4.0;6.99
1980-05-03;17.7;24.19;30.68;0.3;25.999;3.11;9.37
1980-05-04;18.38;26.49;34.6;0.3;27.399;1.1;11.6
1980-05-05;21.8;30.55;39.31;0.3;26.099;3.1;6.1
1980-05-06;22.32;30.51;38.7;0.3;23.53;2.5;10.24
1980-05-07;23.89;31.71;39.54;0.3;24.294;2.6;10.02
1980-05-08;27.9;35.31;42.73;0.3;25.096;3.7;6.39
1980-05-09;27.6;32.48;37.36;0.56;19.552;4.4;14.96
1980-05-10;25.33;29.26;33.19;0.3;12.386;3.5;21.7
1980-05-11;23.91;30.71;37.51;0.3;24.459;1.69;15.4
1980-05-12;26.1;34.52;42.94;0.3;25.993;3.3;10.61
1980-05-13;28.99;37.1;45.22;0.3;24.166;5.61;9.63
1980-05-14;28.8;32.8;36.81;0.3;24.449;6.08;17.79
1980-05-15;26.62;31.34;36.06;0.0;27.799;4.62;15.57
1980-05-16;23.6;29.79;35.97;0.0;27.399;4.11;6.4
1980-05-17;19.96;28.27;36.58;0.0;27.505;3.2;6.9
1980-05-18;18.8;28.2;37.6;0.0;27.299;1.2;7.7
1980-05-19;20.09;29.98;39.86;0.0;26.998;1.7;7.55
1980-05-20;23.7;32.4;41.09;0.0;26.794;2.6;9.99
1980-05-21;25.3;34.01;42.71;0.0;28.619;3.3;9.1
1980-05-22;26.01;34.19;42.36;0.0;26.662;3.6;7.39
1980-05-23;25.51;33.68;41.84;0.0;26.095;3.54;6.4
1980-05-24;24.31;33.3;42.3;0.0;27.499;2.8;6.61
1980-05-25;24.3;33.24;42.19;0.0;27.296;2.1;6.0
1980-05-26;25.4;35.16;44.93;0.01;29.112;3.3;5.4
1980-05-27;28.81;33.58;38.35;0.01;12.43;5.22;11.53
1980-05-28;26.2;31.15;36.1;0.4;20.94;3.7;17.51
1980-05-29;24.2;29.59;34.97;0.4;25.388;3.8;10.71
1980-05-30;23.6;29.15;34.7;0.4;26.699;4.0;6.6
1980-05-31;23.3;28.94;34.57;0.4;19.316;3.6;6.64
1980-06-01;21.46;28.25;35.03;0.4;28.399;3.8;8.01
1980-06-02;22.99;29.58;36.17;0.4;26.796;3.7;10.07
1980-06-03;22.3;30.03;37.76;0.4;27.302;2.3;9.5
1980-06-04;20.28;29.43;38.57;0.4;29.732;2.3;6.6
1980-06-05;20.8;29.63;38.45;0.4;27.603;2.99;7.53
1980-06-06;22.69;30.38;38.07;0.4;27.697;3.09;7.5
1980-06-07;20.68;29.64;38.59;0.4;29.404;2.19;8.0
1980-06-08;22.3;31.14;39.98;0.4;30.217;1.89;7.74
1980-06-09;25.29;33.59;41.9;0.4;29.405;3.08;6.71
1980-06-10;25.9;34.91;43.91;0.4;30.185;2.49;5.0
1980-06-11;25.05;34.38;43.7;0.4;27.3;3.09;5.8
1980-06-12;25.73;34.01;42.29;0.4;26.893;3.6;7.81
1980-06-13;25.05;33.73;42.4;0.4;27.094;2.18;7.92
1980-06-14;27.59;36.55;45.51;0.4;26.996;4.6;6.5
1980-06-15;28.0;35.8;43.6;0.4;25.885;4.7;8.4
1980-06-16;27.7;34.45;41.2;0.4;24.468;5.12;11.42
1980-06-17;27.63;33.7;39.78;0.4;24.69;4.73;9.81
1980-06-18;27.2;32.98;38.77;0.4;25.39;4.5;9.42
1980-06-19;26.61;32.5;38.4;0.4;26.595;4.41;7.5
1980-06-20;26.3;32.75;39.2;0.4;26.595;4.4;6.6
1980-06-21;26.22;33.21;40.2;1.1;27.496;4.43;6.0
1980-06-22;26.39;33.64;40.89;1.1;28.2;4.7;5.59
1980-06-23;25.89;32.95;40.0;1.1;28.699;4.6;5.89
1980-06-24;25.8;32.34;38.88;1.1;28.198;4.13;8.2
1980-06-25;24.79;32.39;40.0;1.1;27.499;3.91;8.82
1980-06-26;24.5;32.64;40.77;1.1;28.3;3.5;6.6
1980-06-27;21.03;31.0;40.96;0.4;28.807;2.18;6.2
1980-06-28;23.99;32.19;40.38;0.4;27.295;2.5;9.91
1980-06-29;23.6;32.09;40.59;0.4;27.499;2.38;9.31
1980-06-30;22.9;31.85;40.8;0.4;27.799;2.4;8.71
1980-07-01;25.0;33.14;41.29;0.4;27.598;3.3;7.7
1980-07-02;26.91;34.2;41.5;0.4;26.489;3.7;8.72
1980-07-03;27.4;34.55;41.7;0.4;26.795;3.7;7.8
1980-07-04;26.61;34.11;41.6;0.4;27.898;3.8;5.7
1980-07-05;25.5;33.43;41.36;0.4;28.8;3.4;5.6
1980-07-06;25.09;33.2;41.31;4.1;29.003;3.8;7.7
1980-07-07;27.1;33.39;39.69;4.1;27.6;4.23;9.0
1980-07-08;26.1;32.55;39.01;4.1;28.911;4.01;7.81
1980-07-09;25.39;32.12;38.84;1.5;28.197;3.91;7.0
1980-07-10;22.97;31.54;40.1;1.5;28.801;3.4;7.3
1980-07-11;23.5;32.34;41.19;1.5;28.097;2.3;9.33
1980-07-12;24.69;32.64;40.59;1.5;27.296;3.1;8.6
1980-07-13;23.7;31.55;39.39;1.5;27.797;3.1;7.74
1980-07-14;22.72;31.34;39.95;1.5;26.997;1.87;9.01
1980-07-15;23.8;32.35;40.9;1.5;26.5;1.7;9.81
1980-07-16;23.77;32.63;41.5;1.5;26.998;1.79;9.51
1980-07-17;24.67;33.19;41.7;1.5;26.996;2.8;7.9
1980-07-18;24.19;32.65;41.1;1.5;27.506;2.79;6.6
1980-07-19;23.59;32.2;40.8;1.5;27.2;2.6;8.5
1980-07-20;23.87;32.59;41.3;1.5;26.794;2.09;9.4
1980-07-21;24.28;33.44;42.6;1.5;27.199;2.6;8.0
1980-07-22;25.6;34.5;43.4;1.5;27.897;3.6;6.4
1980-07-23;26.9;35.3;43.7;1.5;26.501;3.9;5.19
1980-07-24;27.43;35.89;44.34;1.5;25.993;4.1;5.07
1980-07-25;29.01;36.36;43.7;1.5;25.994;4.71;5.4
1980-07-26;28.3;35.13;41.96;1.5;25.591;4.72;7.6
1980-07-27;27.41;34.3;41.19;1.5;26.195;4.1;8.9
1980-07-28;26.3;34.45;42.6;1.5;27.506;3.31;9.2
1980-07-29;27.3;35.27;43.24;1.5;25.899;3.5;7.9
1980-07-30;27.5;35.8;44.09;1.5;26.196;3.6;7.5
1980-07-31;27.81;36.45;45.1;1.5;25.998;3.6;7.4
1980-08-01;28.62;37.91;47.21;1.5;26.498;4.0;6.5
1980-08-02;30.8;39.91;49.01;1.5;23.195;4.4;5.17
1980-08-03;32.65;40.36;48.06;1.5;24.998;3.9;7.09
1980-08-04;28.91;38.75;48.59;1.5;26.196;4.0;6.39
1980-08-05;29.25;38.17;47.09;1.5;26.101;4.31;5.5
1980-08-06;27.91;36.1;44.3;0.4;25.796;3.9;6.39
1980-08-07;27.5;34.8;42.09;0.4;25.997;4.1;8.8
1980-08-08;27.81;33.95;40.08;0.4;26.199;4.31;11.11
1980-08-09;25.79;32.45;39.12;0.4;26.9;3.6;9.8
1980-08-10;24.29;32.19;40.09;0.4;27.099;3.4;8.4
1980-08-11;24.29;32.73;41.17;0.4;28.502;3.6;7.0
1980-08-12;25.3;33.09;40.89;0.4;26.811;3.71;7.0
1980-08-13;25.2;33.19;41.17;0.4;26.202;3.5;7.09
1980-08-14;25.1;33.85;42.6;1.8;25.945;3.3;6.39
1980-08-15;25.79;34.84;43.9;1.8;26.406;3.8;4.79
1980-08-16;27.01;35.86;44.7;1.8;26.904;4.1;4.75
1980-08-17;27.1;35.71;44.32;1.8;26.099;4.21;7.0
1980-08-18;27.62;35.71;43.8;1.8;25.498;4.3;8.2
1980-08-19;27.5;35.61;43.71;1.8;24.899;4.1;7.49
1980-08-20;26.9;35.2;43.51;1.8;24.694;3.8;7.4
1980-08-21;26.69;35.11;43.52;1.8;24.697;3.7;6.58
1980-08-22;26.5;35.1;43.7;1.8;24.9;4.0;5.56
1980-08-23;27.81;35.76;43.71;1.8;24.996;4.71;6.69
1980-08-24;27.92;36.22;44.52;1.8;25.302;4.7;8.4
1980-08-25;28.04;37.02;46.01;1.8;24.995;4.31;7.59
1980-08-26;26.0;35.81;45.62;1.8;25.095;3.4;6.0
1980-08-27;25.21;35.19;45.17;1.8;25.097;2.7;6.4
1980-08-28;24.3;34.51;44.71;1.8;25.199;1.98;7.5
1980-08-29;25.1;34.56;44.02;1.8;24.697;2.8;8.9
1980-08-30;25.89;34.5;43.1;1.8;24.393;3.8;9.4
1980-08-31;27.0;34.45;41.9;1.8;25.205;4.8;8.0
1980-09-01;26.2;33.3;40.39;1.8;25.397;5.1;7.1
1980-09-02;24.49;31.33;38.17;1.8;25.198;4.3;8.4
1980-09-03;22.79;31.45;40.11;1.8;24.905;3.1;8.39
1980-09-04;22.68;32.39;42.11;1.8;24.295;2.69;6.5
1980-09-05;24.9;34.25;43.61;1.8;23.7;3.0;7.2
1980-09-06;26.11;35.16;44.2;1.8;24.297;3.7;8.2
1980-09-07;28.35;35.83;43.31;1.8;24.815;5.0;8.39
1980-09-08;27.11;34.3;41.5;1.8;23.858;4.5;7.3
1980-09-09;24.9;32.85;40.8;1.8;25.007;3.7;7.09
1980-09-10;23.91;32.41;40.91;1.8;23.998;3.2;7.6
1980-09-11;24.21;32.75;41.3;1.8;23.998;3.6;9.1
1980-09-12;25.11;32.8;40.5;1.8;23.9;4.2;9.31
1980-09-13;25.54;32.17;38.8;1.8;23.698;4.7;9.6
1980-09-14;25.3;31.39;37.48;0.9;23.606;4.59;11.91
1980-09-15;23.99;30.48;36.98;0.9;23.498;4.3;11.1
1980-09-16;23.39;29.94;36.49;0.9;23.499;4.0;10.41
1980-09-17;22.37;29.37;36.37;0.9;23.703;3.9;10.0
1980-09-18;20.58;28.49;36.4;0.9;23.801;3.8;7.88
1980-09-19;20.26;28.61;36.96;0.9;23.7;3.81;6.96
1980-09-20;20.76;29.58;38.39;0.2;23.696;3.5;5.79
1980-09-21;22.07;30.88;39.69;0.2;23.1;3.5;8.7
1980-09-22;24.1;32.25;40.41;0.2;22.693;3.8;9.1
1980-09-23;25.53;33.62;41.7;0.2;22.197;4.1;8.3
1980-09-24;27.13;34.77;42.4;0.2;21.993;4.41;8.27
1980-09-25;27.62;35.1;42.58;0.4;21.999;4.0;8.7
1980-09-26;26.62;34.38;42.15;0.4;21.998;3.0;8.1
1980-09-27;24.2;34.1;44.0;0.4;22.099;1.38;5.76
1980-09-28;23.3;33.41;43.51;0.4;22.404;2.6;6.1
1980-09-29;23.2;33.51;43.81;0.41;22.799;2.9;5.9
1980-09-30;23.1;33.02;42.93;0.41;22.601;2.5;6.08
1980-10-01;22.29;32.7;43.12;0.41;22.099;1.78;5.39
1980-10-02;22.1;33.01;43.92;0.41;22.001;2.1;5.13
1980-10-03;22.58;32.94;43.3;0.61;21.799;2.5;5.08
1980-10-04;21.99;32.66;43.32;0.61;21.802;2.19;3.95
1980-10-05;22.39;32.59;42.8;0.61;21.597;3.1;7.48
1980-10-06;24.0;33.11;42.22;3.7;21.498;3.71;8.9
1980-10-07;26.8;33.41;40.01;3.7;20.504;4.54;12.29
1980-10-08;25.3;31.24;37.19;0.61;20.5;4.1;12.0
1980-10-09;24.0;29.79;35.58;0.61;20.391;3.91;10.61
1980-10-10;21.22;28.06;34.9;0.61;20.701;3.4;8.88
1980-10-11;19.79;27.6;35.41;0.61;20.598;3.2;11.25
1980-10-12;19.28;27.62;35.96;0.61;20.5;2.9;10.66
1980-10-13;17.65;27.65;37.65;0.61;20.504;2.1;6.07
1980-10-14;19.37;30.24;41.11;0.61;20.402;2.49;3.61
1980-10-15;20.49;31.05;41.61;0.4;20.303;3.06;8.49
1980-10-16;21.9;31.41;40.93;0.4;20.102;3.5;11.1
1980-10-17;22.42;31.51;40.6;0.4;19.8;3.3;10.3
1980-10-18;23.2;31.6;40.01;0.4;19.497;3.1;12.2
1980-10-19;23.81;31.41;39.0;0.4;19.2;2.79;12.11
1980-10-20;23.21;31.16;39.1;0.4;19.198;3.4;11.9
1980-10-21;24.2;30.51;36.81;0.4;18.954;3.7;13.79
1980-10-22;22.71;31.52;40.32;0.4;19.296;3.91;11.3
1980-10-23;21.21;30.41;39.61;0.4;18.895;4.21;13.6
1980-10-24;21.0;29.65;38.3;0.4;18.898;3.6;12.09
1980-10-25;21.17;29.25;37.32;0.4;18.802;3.2;11.29
1980-10-26;21.1;29.21;37.32;0.4;18.497;3.5;16.6
1980-10-27;21.02;29.37;37.71;0.4;18.394;3.6;15.14
1980-10-28;22.8;29.85;36.9;0.4;17.898;2.5;20.26
1980-10-29;21.6;28.7;35.8;0.4;17.302;4.0;18.74
1980-10-30;23.83;27.16;30.48;0.4;13.58;4.8;20.21
1980-10-31;20.32;24.14;27.97;0.4;17.604;4.43;16.74
1980-11-01;16.68;21.68;26.68;0.4;18.001;3.8;17.92
1980-11-02;14.47;20.77;27.07;0.4;17.798;2.9;19.22
1980-11-03;13.77;21.11;28.44;0.4;17.499;2.4;22.02
1980-11-04;13.8;21.64;29.49;0.4;17.351;1.8;20.23
1980-11-05;15.47;22.51;29.55;0.4;17.394;3.0;16.11
1980-11-06;15.46;22.27;29.07;0.4;17.398;3.3;15.2
1980-11-07;13.8;21.02;28.24;0.4;17.39;2.9;14.19
1980-11-08;12.5;20.3;28.09;0.4;17.797;2.49;14.08
1980-11-09;12.79;20.84;28.89;0.4;17.2;1.7;19.29
1980-11-10;12.95;21.57;30.19;0.4;17.105;1.88;16.01
1980-11-11;13.69;21.24;28.79;0.4;16.895;3.5;16.04
1980-11-12;13.8;19.27;24.75;0.4;17.001;4.31;20.02
1980-11-13;12.5;19.2;25.89;0.4;16.794;3.8;21.22
1980-11-14;11.89;19.94;27.99;0.3;16.499;3.2;25.55
1980-11-15;12.29;20.19;28.09;0.4;16.798;2.9;18.09
1980-11-16;14.0;20.86;27.71;0.3;16.604;4.42;17.9
1980-11-17;13.61;17.38;21.16;0.2;17.197;5.86;19.59
1980-11-18;11.29;16.34;21.39;0.2;16.704;4.53;19.99
1980-11-19;11.28;16.38;21.49;0.3;17.503;3.81;19.44
1980-11-20;8.45;15.08;21.71;0.3;16.101;2.8;28.46
1980-11-21;9.76;17.23;24.69;0.3;17.305;2.4;21.71
1980-11-22;13.19;20.23;27.27;0.3;15.898;2.6;19.81
1980-11-23;12.28;20.14;28.0;0.3;15.797;3.0;16.0
1980-11-24;11.68;19.89;28.11;0.3;15.798;3.4;12.79
1980-11-25;11.7;19.6;27.5;0.4;16.197;3.3;12.61
1980-11-26;11.49;19.39;27.3;0.4;16.501;3.0;11.8
1980-11-27;9.6;18.35;27.1;0.4;15.901;3.0;11.36
1980-11-28;8.77;18.23;27.7;0.4;15.597;2.1;11.38
1980-11-29;8.05;18.23;28.4;0.6;15.399;1.5;11.09
1980-11-30;12.11;20.15;28.19;0.6;15.088;3.2;14.66
1980-12-01;13.31;19.71;26.1;0.6;14.994;3.2;21.92
1980-12-02;12.6;18.59;24.57;0.6;15.094;3.3;20.35
1980-12-03;12.19;18.32;24.44;0.4;15.099;3.19;22.11
1980-12-04;9.54;17.07;24.6;0.4;15.0;1.4;24.02
1980-12-05;8.48;17.23;25.99;0.4;15.0;1.79;16.7
1980-12-06;8.68;17.99;27.31;0.4;14.899;1.7;12.63
1980-12-07;14.13;21.51;28.89;0.4;14.699;4.41;9.4
1980-12-08;13.09;17.59;22.1;0.4;11.89;4.6;29.52
1980-12-09;10.59;16.7;22.8;0.4;14.598;3.3;22.61
1980-12-10;9.2;17.2;25.21;0.3;14.397;2.8;25.91
1980-12-11;12.4;19.61;26.81;0.3;16.404;2.9;24.51
1980-12-12;13.7;20.24;26.79;0.3;14.399;2.2;22.02
1980-12-13;11.32;20.38;29.43;0.3;16.1;1.9;15.3
1980-12-14;11.49;20.61;29.72;0.3;16.42;2.09;10.39
1980-12-15;11.5;18.7;25.9;0.6;14.999;3.0;8.78
1980-12-16;9.07;16.27;23.47;0.9;13.999;2.5;13.48
1980-12-17;8.37;15.31;22.25;0.9;14.12;3.0;16.7
1980-12-18;8.99;14.63;20.27;1.2;13.999;3.9;22.7
1980-12-19;9.3;15.09;20.87;1.2;14.1;4.21;22.88
1980-12-20;7.07;14.57;22.08;0.9;14.499;3.83;18.09
1980-12-21;7.78;15.34;22.9;0.9;14.898;3.9;15.74
1980-12-22;7.68;15.5;23.33;0.6;14.964;3.6;16.02
1980-12-23;6.2;14.5;22.8;0.6;14.799;3.2;17.3
1980-12-24;5.76;14.73;23.7;0.9;14.6;2.7;14.1
1980-12-25;6.36;15.93;25.5;1.2;16.114;2.5;14.75
1980-12-26;8.15;17.23;26.31;0.9;15.799;2.6;14.91
1980-12-27;7.7;16.59;25.49;0.9;14.7;1.4;15.5
1980-12-28;7.39;16.84;26.3;0.9;14.298;1.7;14.07
1980-12-29;6.8;16.63;26.46;0.9;14.799;1.99;9.85
1980-12-30;10.5;15.45;20.4;0.9;14.198;3.7;25.26
1980-12-31;6.77;13.68;20.59;0.9;14.698;2.6;19.3
1981-01-01;8.81;15.52;22.23;0.9;13.198;4.4;19.13
1981-01-02;7.2;10.4;13.61;0.9;15.503;4.63;17.91
1981-01-03;5.93;11.86;17.78;1.2;14.795;4.01;21.0
1981-01-04;6.4;13.2;19.99;1.2;14.601;3.5;24.91
1981-01-05;6.07;13.13;20.2;1.2;14.799;2.8;18.79
1981-01-06;6.42;13.05;19.67;1.2;14.594;4.0;19.22
1981-01-07;6.89;13.46;20.03;1.2;15.089;3.6;18.27
1981-01-08;5.47;13.38;21.28;0.9;14.997;3.2;17.6
1981-01-09;6.6;14.2;21.8;1.2;14.697;3.1;24.39
1981-01-10;8.4;15.9;23.4;1.5;14.797;2.3;23.63
1981-01-11;8.4;16.4;24.4;1.5;14.793;1.69;21.12
1981-01-12;7.84;16.15;24.46;1.5;14.999;2.0;16.5
1981-01-13;8.4;15.55;22.71;1.5;14.996;3.6;14.35
1981-01-14;9.11;15.19;21.26;1.5;15.901;4.41;18.6
1981-01-15;8.2;15.9;23.6;1.5;16.099;3.41;19.81
1981-01-16;9.1;17.25;25.4;1.5;18.36;3.2;16.75
1981-01-17;10.0;17.9;25.8;1.2;17.7;3.1;14.68
1981-01-18;9.7;17.62;25.53;1.2;15.503;3.5;13.01
1981-01-19;8.7;18.51;28.32;1.2;15.499;3.9;16.11
1981-01-20;11.52;19.77;28.03;1.5;15.495;4.43;18.26
1981-01-21;12.91;21.05;29.2;1.5;15.498;4.63;18.9
1981-01-22;13.03;21.05;29.08;1.5;15.589;4.55;18.41
1981-01-23;13.52;21.06;28.61;1.5;15.799;4.52;18.21
1981-01-24;12.51;20.5;28.5;0.3;15.801;3.61;18.15
1981-01-25;12.5;20.1;27.7;0.3;15.999;3.0;18.61
1981-01-26;12.8;20.68;28.56;0.6;15.798;2.77;18.29
1981-01-27;12.83;20.57;28.31;0.6;15.799;2.6;18.38
1981-01-28;13.01;20.73;28.44;0.6;15.798;2.9;16.61
1981-01-29;13.12;19.91;26.71;0.6;16.295;3.4;13.7
1981-01-30;9.8;17.95;26.09;0.6;16.694;2.1;11.11
1981-01-31;8.41;17.51;26.6;0.6;16.896;2.5;7.77
1981-02-01;11.31;18.4;25.49;0.6;16.896;4.3;9.36
1981-02-02;12.12;17.59;23.06;0.6;17.194;4.21;10.04
1981-02-03;10.3;16.5;22.69;0.6;16.988;3.81;14.7
1981-02-04;9.71;16.3;22.89;0.6;17.194;3.0;14.9
1981-02-05;8.28;15.79;23.3;0.6;17.394;3.0;14.41
1981-02-06;9.4;16.55;23.71;0.6;18.908;2.9;14.42
1981-02-07;9.01;16.55;24.09;0.6;18.341;2.8;12.49
1981-02-08;8.1;15.85;23.6;0.3;18.101;2.09;12.57
1981-02-09;6.27;15.19;24.1;0.3;18.499;1.6;9.49
1981-02-10;8.34;17.18;26.02;0.3;18.197;1.99;14.1
1981-02-11;10.12;19.12;28.12;0.3;19.201;2.3;11.89
1981-02-12;12.84;21.23;29.63;0.3;19.496;2.5;11.54
1981-02-13;14.22;20.05;25.89;0.3;18.803;4.71;7.78
1981-02-14;8.4;14.48;20.57;0.32;19.197;4.0;10.49
1981-02-15;5.11;13.5;21.89;0.32;20.104;2.2;9.69
1981-02-16;9.29;16.06;22.84;0.32;20.098;4.12;10.8
1981-02-17;7.49;13.3;19.1;0.32;19.191;4.12;19.38
1981-02-18;4.58;11.8;19.01;0.32;19.494;2.59;18.82
1981-02-19;5.08;12.27;19.45;0.32;19.399;2.6;17.1
1981-02-20;5.82;13.79;21.76;0.32;19.497;3.0;11.3
1981-02-21;6.14;14.42;22.69;0.32;19.501;3.1;14.29
1981-02-22;6.85;14.88;22.9;0.32;20.398;3.3;10.83
1981-02-23;7.23;15.81;24.39;0.3;20.255;3.3;12.43
1981-02-24;7.57;16.98;26.4;0.61;20.3;2.7;9.54
1981-02-25;10.51;19.7;28.9;0.61;21.497;1.4;6.8
1981-02-26;12.1;20.46;28.82;0.61;20.204;2.99;10.47
1981-02-27;11.69;19.5;27.3;0.61;20.299;2.39;9.47
1981-02-28;8.79;18.4;28.01;0.61;21.293;1.71;8.2
1981-03-01;11.11;20.0;28.9;0.61;21.395;2.59;9.21
1981-03-02;14.7;23.55;32.41;0.61;22.502;3.5;10.52
1981-03-03;18.22;27.88;37.55;0.61;22.297;4.84;6.24
1981-03-04;16.77;22.49;28.21;0.61;22.7;4.82;8.59
1981-03-05;14.21;19.3;24.39;0.61;21.097;4.51;18.65
1981-03-06;11.51;18.0;24.49;0.61;21.196;4.01;13.32
1981-03-07;10.1;17.6;25.1;0.61;21.69;3.3;12.62
1981-03-08;9.69;17.5;25.3;0.61;21.496;2.59;11.7
1981-03-09;8.74;17.77;26.79;0.61;22.517;1.09;10.0
1981-03-10;10.6;20.13;29.65;0.61;21.696;0.59;10.6
1981-03-11;10.8;20.45;30.1;1.0;22.301;1.64;6.79
1981-03-12;12.17;20.88;29.59;1.0;23.71;2.9;6.3
1981-03-13;12.7;20.75;28.81;1.0;22.404;3.5;10.73
1981-03-14;13.49;19.98;26.47;1.0;22.1;3.59;10.32
1981-03-15;10.67;18.7;26.72;1.0;22.397;2.5;10.69
1981-03-16;11.3;19.1;26.9;1.0;21.998;2.6;14.61
1981-03-17;12.3;19.56;26.82;0.5;22.101;3.5;13.31
1981-03-18;12.7;20.25;27.8;0.3;22.696;2.5;12.5
1981-03-19;13.8;23.1;32.41;0.4;23.731;3.5;8.0
1981-03-20;17.64;24.82;32.0;0.4;11.84;4.3;7.7
1981-03-21;14.8;20.43;26.06;0.4;22.798;5.05;8.7
1981-03-22;11.7;17.17;22.65;0.4;23.291;4.1;11.03
1981-03-23;11.6;16.87;22.14;0.4;23.395;3.81;11.86
1981-03-24;10.09;16.78;23.47;0.4;23.695;3.8;11.6
1981-03-25;11.78;17.7;23.62;0.4;23.699;4.21;11.62
1981-03-26;10.48;18.39;26.31;0.3;23.799;3.91;10.29
1981-03-27;10.06;18.95;27.84;0.3;24.095;3.9;9.11
1981-03-28;9.89;19.52;29.14;0.3;24.398;3.4;8.9
1981-03-29;12.58;22.43;32.29;0.3;26.325;3.3;7.9
1981-03-30;16.8;26.3;35.8;0.3;25.721;3.0;8.51
1981-03-31;19.68;29.4;39.12;0.3;25.703;4.3;8.01
1981-04-01;17.85;24.57;31.28;0.3;27.035;4.61;0.73
1981-04-02;13.99;22.05;30.1;0.3;25.901;2.96;6.2
1981-04-03;12.49;21.28;30.07;0.3;25.002;2.6;6.9
1981-04-04;12.5;22.65;32.8;0.3;24.904;3.3;4.29
1981-04-05;13.09;23.8;34.51;0.3;24.6;2.61;4.35
1981-04-06;16.8;27.1;37.41;0.3;24.798;1.59;6.38
1981-04-07;18.51;28.45;38.4;0.3;25.294;2.1;3.17
1981-04-08;19.11;29.06;39.01;0.3;25.295;2.3;3.78
1981-04-09;21.81;31.86;41.91;0.3;26.733;3.9;1.53
1981-04-10;21.7;32.7;43.71;0.3;25.398;4.21;1.28
1981-04-11;20.5;27.13;33.75;0.3;13.56;3.5;13.11
1981-04-12;21.53;27.41;33.29;0.01;27.301;4.63;10.33
1981-04-13;17.72;23.63;29.55;0.01;25.097;4.11;6.76
1981-04-14;14.27;21.92;29.58;0.3;25.998;3.1;6.2
1981-04-15;12.96;21.52;30.07;0.3;25.9;1.59;6.1
1981-04-16;12.47;23.59;34.7;0.3;26.204;0.41;7.9
1981-04-17;15.27;26.41;37.55;0.3;27.708;1.19;3.69
1981-04-18;17.59;28.45;39.3;0.3;27.807;3.2;3.65
1981-04-19;20.19;28.22;36.25;0.3;24.284;3.1;10.54
1981-04-20;17.7;26.84;35.97;0.3;26.603;2.09;4.5
1981-04-21;14.36;25.62;36.88;0.3;26.6;0.8;4.59
1981-04-22;17.91;27.95;38.0;0.3;26.201;1.3;6.31
1981-04-23;19.52;29.77;40.01;0.3;26.999;2.7;5.2
1981-04-24;20.81;30.8;40.8;0.3;26.002;2.6;7.05
1981-04-25;23.51;29.44;35.37;0.3;25.898;5.24;7.79
1981-04-26;19.56;25.55;31.53;0.3;26.599;4.5;6.39
1981-04-27;16.7;24.38;32.07;0.3;26.703;2.79;5.0
1981-04-28;13.97;24.38;34.78;0.3;26.298;1.2;6.23
1981-04-29;18.29;27.04;35.8;0.3;24.792;1.08;11.79
1981-04-30;19.8;27.4;34.99;0.3;24.271;1.19;17.84
1981-05-01;20.31;28.15;35.99;0.3;24.996;1.1;16.43
1981-05-02;22.0;30.05;38.09;0.3;27.098;2.8;11.81
1981-05-03;21.61;31.26;40.91;0.3;28.306;2.3;6.0
1981-05-04;22.2;31.6;41.0;0.3;28.401;3.4;6.41
1981-05-05;23.6;31.5;39.4;0.3;25.091;3.8;8.92
1981-05-06;23.8;31.05;38.3;0.3;26.101;4.02;7.0
1981-05-07;22.94;30.66;38.39;0.3;26.399;3.8;6.3
1981-05-08;23.01;30.76;38.5;0.3;27.906;3.6;7.31
1981-05-09;23.71;30.84;37.97;0.3;24.595;3.6;9.92
1981-05-10;22.0;28.85;35.7;0.3;26.392;3.4;7.89
1981-05-11;18.04;26.91;35.79;0.3;27.401;2.1;5.8
1981-05-12;17.24;26.66;36.08;0.3;27.6;1.9;5.69
1981-05-13;17.34;27.52;37.7;0.3;27.402;1.0;5.37
1981-05-14;18.4;30.29;42.19;0.3;26.999;1.98;5.89
1981-05-15;23.6;33.0;42.41;0.4;24.263;3.6;10.01
1981-05-16;26.09;31.73;37.37;1.03;18.186;3.4;16.54
1981-05-17;27.23;33.0;38.77;0.4;16.178;1.8;15.89
1981-05-18;25.09;33.91;42.72;0.52;18.18;1.5;12.99
1981-05-19;23.59;33.12;42.64;0.48;23.311;2.3;12.79
1981-05-20;26.04;33.97;41.89;0.0;21.685;4.0;9.46
1981-05-21;27.61;34.36;41.1;0.0;16.642;3.11;6.3
1981-05-22;24.99;33.8;42.62;0.0;26.794;2.9;4.8
1981-05-23;22.49;32.55;42.62;0.0;27.304;2.6;4.38
1981-05-24;22.68;32.29;41.9;0.0;27.496;2.9;5.0
1981-05-25;21.38;31.28;41.19;0.0;27.7;2.9;6.0
1981-05-26;20.88;30.19;39.5;0.01;27.798;3.1;7.0
1981-05-27;20.96;30.16;39.37;0.01;28.1;2.6;6.79
1981-05-28;20.86;31.38;41.9;0.4;27.899;2.9;6.0
1981-05-29;20.89;32.0;43.11;0.4;28.0;2.4;6.1
1981-05-30;22.19;32.74;43.3;0.4;27.699;3.1;6.2
1981-05-31;25.09;33.49;41.9;0.4;27.398;4.0;6.6
1981-06-01;24.8;32.4;40.0;0.4;28.03;3.9;5.56
1981-06-02;23.9;32.25;40.6;0.4;28.4;3.6;5.0
1981-06-03;22.97;32.53;42.1;0.4;28.8;3.2;4.79
1981-06-04;23.18;33.74;44.3;0.4;27.601;3.71;4.99
1981-06-05;25.5;34.3;43.1;0.4;28.801;3.6;4.5
1981-06-06;25.3;35.48;45.66;0.4;28.098;2.8;3.97
1981-06-07;26.8;37.13;47.45;0.4;27.398;4.61;3.97
1981-06-08;28.0;37.25;46.51;0.4;27.295;5.31;4.49
1981-06-09;28.31;37.21;46.11;0.4;27.899;4.83;5.19
1981-06-10;27.72;36.66;45.6;0.4;28.5;4.61;5.81
1981-06-11;27.63;36.16;44.7;0.4;29.404;4.2;6.5
1981-06-12;27.02;36.01;45.0;0.4;29.7;3.5;5.9
1981-06-13;27.04;36.52;46.0;0.4;28.8;3.4;4.79
1981-06-14;28.52;35.56;42.6;0.4;27.3;4.82;7.5
1981-06-15;27.32;33.47;39.62;0.4;29.203;4.62;6.8
1981-06-16;25.1;31.8;38.49;0.4;28.9;4.1;6.55
1981-06-17;24.09;31.34;38.6;0.4;28.799;3.7;7.31
1981-06-18;23.59;31.34;39.1;0.4;30.045;3.4;8.1
1981-06-19;24.19;31.38;38.56;0.4;28.801;3.7;8.72
1981-06-20;25.1;31.7;38.3;0.4;29.1;3.7;7.8
1981-06-21;23.1;31.09;39.07;1.1;29.219;2.9;8.31
1981-06-22;23.19;31.49;39.79;1.1;29.102;1.99;8.63
1981-06-23;22.88;31.98;41.07;1.1;28.899;1.59;8.2
1981-06-24;23.49;32.84;42.2;1.1;28.9;2.3;7.59
1981-06-25;25.0;33.65;42.3;1.1;27.198;3.1;7.53
1981-06-26;26.9;34.8;42.7;1.1;26.997;3.4;7.5
1981-06-27;27.73;35.52;43.31;0.4;26.592;3.65;7.6
1981-06-28;27.95;36.03;44.11;0.4;26.895;3.81;6.81
1981-06-29;28.21;36.56;44.91;0.4;27.799;4.1;5.99
1981-06-30;28.32;36.76;45.2;0.4;27.198;4.3;6.1
1981-07-01;28.51;36.97;45.43;0.4;27.396;4.31;6.18
1981-07-02;28.44;36.87;45.3;0.4;26.899;4.31;6.16
1981-07-03;28.43;36.68;44.93;0.4;26.997;4.31;6.01
1981-07-04;28.41;36.52;44.62;0.4;26.698;4.11;5.79
1981-07-05;27.81;36.01;44.2;0.4;26.598;3.9;6.4
1981-07-06;27.41;35.3;43.2;4.1;26.495;3.9;8.4
1981-07-07;26.8;34.95;43.11;4.1;26.798;3.8;7.8
1981-07-08;26.81;35.01;43.2;4.1;26.796;3.9;7.6
1981-07-09;27.4;35.3;43.21;1.5;27.194;4.01;8.03
1981-07-10;27.52;35.13;42.74;1.5;27.899;3.9;9.0
1981-07-11;27.0;34.2;41.4;1.5;26.493;3.8;9.2
1981-07-12;26.52;33.91;41.29;1.5;27.398;3.9;7.6
1981-07-13;26.29;33.59;40.89;1.5;28.0;4.11;7.9
1981-07-14;27.9;34.44;40.97;1.5;26.998;4.53;10.31
1981-07-15;27.9;34.35;40.8;1.5;26.597;4.1;10.2
1981-07-16;27.09;34.09;41.1;1.5;26.997;3.4;9.4
1981-07-17;26.22;34.41;42.6;1.5;29.242;3.4;6.21
1981-07-18;25.7;33.75;41.8;1.5;27.4;3.35;7.5
1981-07-19;26.5;34.14;41.79;1.5;27.296;3.6;7.6
1981-07-20;26.11;33.95;41.78;1.5;26.997;3.8;6.89
1981-07-21;26.09;33.45;40.8;1.5;27.435;3.9;6.6
1981-07-22;25.4;32.69;39.97;1.5;27.404;3.7;6.7
1981-07-23;23.69;31.65;39.6;1.5;27.597;2.6;9.6
1981-07-24;24.8;32.84;40.87;1.5;27.7;2.7;8.2
1981-07-25;24.29;32.95;41.6;1.5;27.397;2.79;6.4
1981-07-26;24.69;33.38;42.06;1.5;28.404;3.0;6.29
1981-07-27;24.36;33.69;43.01;1.5;28.099;2.0;6.0
1981-07-28;25.89;33.64;41.39;1.5;15.368;1.8;11.61
1981-07-29;25.6;34.4;43.2;1.5;26.265;1.7;10.71
1981-07-30;26.41;34.95;43.5;1.5;26.598;3.8;6.4
1981-07-31;27.31;34.8;42.3;1.5;26.802;3.9;8.1
1981-08-01;26.3;34.4;42.49;1.5;27.899;3.6;5.28
1981-08-02;24.48;33.09;41.7;1.5;28.003;2.99;6.89
1981-08-03;27.89;35.0;42.1;1.5;27.337;4.42;7.8
1981-08-04;27.2;34.55;41.9;1.5;26.901;4.61;7.51
1981-08-05;27.83;34.31;40.8;1.5;26.3;5.12;10.01
1981-08-06;27.0;33.85;40.7;0.4;27.409;4.8;9.2
1981-08-07;27.09;34.62;42.15;0.4;27.607;4.91;8.1
1981-08-08;28.1;36.12;44.14;0.4;26.199;5.31;9.01
1981-08-09;29.19;37.88;46.58;0.4;26.902;4.3;8.01
1981-08-10;29.23;37.87;46.51;0.4;27.204;3.8;8.19
1981-08-11;29.37;37.4;45.43;0.4;24.795;3.74;9.7
1981-08-12;27.42;36.26;45.1;0.4;25.599;3.7;9.7
1981-08-13;28.92;36.32;43.72;0.4;26.101;4.62;9.0
1981-08-14;28.73;35.57;42.41;1.8;26.203;4.61;8.4
1981-08-15;27.4;34.55;41.7;1.8;26.1;4.2;6.7
1981-08-16;25.79;33.84;41.89;1.8;26.197;3.61;5.58
1981-08-17;25.07;33.69;42.3;1.8;27.341;3.49;5.6
1981-08-18;24.6;33.09;41.59;1.8;27.11;3.4;6.38
1981-08-19;23.96;32.63;41.29;1.8;26.299;3.0;8.8
1981-08-20;23.19;32.15;41.1;1.8;25.798;2.69;8.1
1981-08-21;21.08;31.04;40.99;1.8;25.804;1.45;9.6
1981-08-22;23.7;32.25;40.8;1.8;24.801;1.87;10.71
1981-08-23;24.18;32.79;41.4;1.8;25.199;3.0;9.8
1981-08-24;25.22;33.05;40.89;1.8;25.148;3.8;8.39
1981-08-25;25.09;32.48;39.88;1.8;25.102;3.9;10.22
1981-08-26;24.3;31.94;39.58;1.8;25.903;3.6;9.52
1981-08-27;23.6;31.25;38.91;1.8;24.999;3.3;10.7
1981-08-28;23.7;32.03;40.37;1.8;25.0;3.37;9.7
1981-08-29;23.69;32.05;40.4;1.8;24.703;3.2;10.8
1981-08-30;24.08;31.93;39.77;1.8;26.012;3.4;9.4
1981-08-31;23.29;32.14;40.99;1.8;25.499;2.9;8.4
1981-09-01;23.7;33.4;43.1;1.8;25.397;2.9;7.2
1981-09-02;26.4;34.91;43.42;1.8;25.105;4.3;9.9
1981-09-03;28.3;35.8;43.3;1.8;24.701;5.21;9.1
1981-09-04;27.6;35.26;42.92;1.8;25.507;4.92;7.59
1981-09-05;26.73;34.41;42.09;1.8;24.699;3.9;8.2
1981-09-06;24.59;33.99;43.4;1.8;24.602;2.9;6.75
1981-09-07;24.0;34.2;44.4;1.8;24.399;2.19;5.58
1981-09-08;25.0;35.05;45.1;1.8;24.196;3.0;5.55
1981-09-09;27.61;35.92;44.23;1.8;23.588;4.7;7.29
1981-09-10;27.61;34.91;42.2;1.8;23.495;4.71;9.3
1981-09-11;26.3;34.35;42.41;1.8;23.797;3.81;7.71
1981-09-12;24.69;34.15;43.6;1.8;23.796;2.78;6.78
1981-09-13;23.99;34.2;44.41;1.8;23.498;1.46;7.8
1981-09-14;23.99;34.37;44.75;0.9;23.502;1.46;7.7
1981-09-15;23.8;34.31;44.82;0.9;23.604;1.5;6.09
1981-09-16;23.4;34.27;45.13;0.9;23.605;1.3;5.9
1981-09-17;23.92;34.52;45.12;0.9;23.499;2.19;5.17
1981-09-18;25.4;34.82;44.24;0.9;23.192;3.4;6.75
1981-09-19;26.8;34.55;42.31;0.9;22.795;4.3;9.1
1981-09-20;27.11;33.2;39.29;0.2;22.698;4.41;13.63
1981-09-21;25.4;31.45;37.5;0.2;23.396;4.1;12.71
1981-09-22;24.0;31.65;39.3;0.2;23.298;3.5;11.25
1981-09-23;24.48;33.05;41.61;0.2;22.999;3.3;10.5
1981-09-24;26.2;34.36;42.52;0.2;23.105;3.9;9.82
1981-09-25;27.61;34.58;41.54;0.4;22.499;4.3;10.04
1981-09-26;27.01;33.66;40.3;0.4;21.989;4.2;9.9
1981-09-27;25.7;32.7;39.7;0.4;22.047;4.01;9.41
1981-09-28;25.33;32.12;38.91;0.4;21.995;4.01;9.15
1981-09-29;24.3;31.13;37.97;0.41;22.1;3.9;8.75
1981-09-30;23.23;30.97;38.7;0.41;22.106;3.8;8.0
1981-10-01;24.75;32.08;39.4;0.41;22.1;4.43;10.61
1981-10-02;25.42;31.91;38.4;0.41;21.798;4.9;11.32
1981-10-03;24.71;31.61;38.51;0.61;22.005;4.62;10.81
1981-10-04;24.81;32.35;39.9;0.61;21.732;4.5;9.6
1981-10-05;25.31;32.91;40.51;0.61;21.0;4.31;9.7
1981-10-06;25.0;32.95;40.91;3.7;20.998;3.9;9.17
1981-10-07;24.0;32.25;40.5;3.7;21.101;3.5;9.51
1981-10-08;23.59;31.86;40.13;0.61;20.794;3.61;9.49
1981-10-09;24.81;31.91;39.0;0.61;20.699;3.91;8.48
1981-10-10;23.61;30.3;37.0;0.61;20.502;3.6;10.4
1981-10-11;21.4;28.9;36.41;0.61;20.499;2.9;10.5
1981-10-12;20.7;28.55;36.39;0.61;20.392;2.88;10.5
1981-10-13;21.3;28.7;36.1;0.61;20.101;3.3;12.14
1981-10-14;22.11;28.45;34.78;0.61;19.899;3.71;14.64
1981-10-15;21.21;27.75;34.3;0.4;20.0;3.3;13.91
1981-10-16;20.2;27.14;34.08;0.4;20.2;3.2;10.89
1981-10-17;19.29;26.56;33.83;0.4;20.105;3.1;12.59
1981-10-18;20.2;26.85;33.5;0.4;19.844;3.3;14.93
1981-10-19;19.3;26.28;33.26;0.4;19.699;3.2;12.99
1981-10-20;18.07;25.32;32.57;0.4;19.603;2.99;12.21
1981-10-21;17.28;24.71;32.13;0.4;19.898;2.8;14.3
1981-10-22;16.58;23.94;31.3;0.4;19.106;3.3;17.43
1981-10-23;19.4;24.64;29.89;0.4;19.09;4.0;16.43
1981-10-24;15.76;22.48;29.19;0.4;18.998;3.4;19.09
1981-10-25;16.2;22.41;28.63;0.4;18.802;3.34;18.88
1981-10-26;13.88;21.41;28.93;0.4;18.698;2.6;16.13
1981-10-27;11.62;20.39;29.17;0.4;18.5;2.4;15.41
1981-10-28;13.19;21.0;28.8;0.4;18.298;3.2;16.73
1981-10-29;14.37;21.36;28.35;0.4;18.199;3.2;19.25
1981-10-30;13.09;20.29;27.49;0.4;17.893;3.5;22.45
1981-10-31;15.07;21.04;27.0;0.4;18.001;3.6;17.32
1981-11-01;13.06;20.43;27.79;0.4;18.044;3.1;17.21
1981-11-02;11.35;19.91;28.47;0.4;18.003;2.6;13.82
1981-11-03;10.51;19.93;29.36;0.4;17.798;2.1;11.98
1981-11-04;11.59;20.95;30.3;0.4;17.594;2.0;13.4
1981-11-05;13.5;22.1;30.7;0.4;17.492;2.4;14.1
1981-11-06;13.5;22.1;30.7;0.4;17.404;2.4;14.3
1981-11-07;14.6;21.89;29.19;0.4;17.299;3.3;15.3
1981-11-08;14.49;21.09;27.68;0.4;17.306;3.3;11.99
1981-11-09;13.18;19.63;26.09;0.4;17.302;4.2;15.25
1981-11-10;14.1;19.29;24.49;0.4;17.532;4.65;21.51
1981-11-11;12.58;18.99;25.4;0.4;16.999;4.22;18.41
1981-11-12;12.09;19.01;25.93;0.4;17.2;3.4;10.37
1981-11-13;9.64;18.31;26.99;0.4;17.099;2.7;7.76
1981-11-14;9.08;18.57;28.07;0.3;16.898;2.1;7.81
1981-11-15;10.98;20.17;29.36;0.4;16.547;1.7;12.59
1981-11-16;14.52;22.81;31.1;0.3;16.292;2.8;19.33
1981-11-17;18.55;25.69;32.82;0.2;16.8;3.24;15.49
1981-11-18;16.81;23.75;30.7;0.2;16.098;3.4;9.61
1981-11-19;16.43;22.3;28.18;0.3;16.199;4.11;10.84
1981-11-20;14.65;21.32;28.0;0.3;16.1;3.6;17.6
1981-11-21;13.75;21.27;28.8;0.3;15.895;3.1;19.03
1981-11-22;14.4;21.75;29.11;0.3;15.8;2.8;17.53
1981-11-23;14.12;21.97;29.83;0.3;15.697;2.5;15.82
1981-11-24;14.0;21.55;29.11;0.3;15.655;2.2;17.09
1981-11-25;13.8;21.1;28.4;0.4;15.7;2.9;14.0
1981-11-26;14.43;20.55;26.66;0.4;15.498;3.6;19.22
1981-11-27;11.49;19.75;28.0;0.4;16.7;2.7;21.09
1981-11-28;10.9;20.45;30.0;0.4;15.352;2.9;18.23
1981-11-29;15.54;23.07;30.6;0.6;15.199;4.2;20.07
1981-11-30;14.86;22.74;30.62;0.6;15.194;3.91;16.99
1981-12-01;14.5;22.49;30.48;0.6;15.096;3.71;18.69
1981-12-02;14.75;21.97;29.19;0.6;15.898;2.6;18.4
1981-12-03;14.51;21.75;29.0;0.4;15.0;3.1;18.0
1981-12-04;11.55;20.19;28.83;0.4;15.098;3.0;16.79
1981-12-05;11.3;20.2;29.1;0.4;15.199;3.21;12.58
1981-12-06;11.61;20.36;29.1;0.4;15.198;3.3;14.65
1981-12-07;11.2;20.7;30.2;0.4;14.894;3.5;14.93
1981-12-08;11.31;20.52;29.72;0.4;14.698;3.3;15.7
1981-12-09;10.6;19.54;28.49;0.4;14.9;2.9;14.96
1981-12-10;11.19;19.07;26.94;0.3;14.599;2.8;15.7
1981-12-11;13.9;18.95;24.0;0.3;14.498;3.7;20.08
1981-12-12;11.15;16.71;22.27;0.3;14.596;3.5;19.7
1981-12-13;9.37;16.18;23.0;0.3;14.196;3.31;24.68
1981-12-14;8.98;16.29;23.6;0.3;14.497;3.2;18.9
1981-12-15;7.36;15.43;23.5;0.6;14.902;3.0;13.79
1981-12-16;6.49;15.1;23.71;0.9;14.897;2.7;11.24
1981-12-17;7.1;15.55;24.01;0.9;14.6;3.0;12.04
1981-12-18;10.6;16.74;22.88;1.2;13.798;4.2;16.05
1981-12-19;10.6;15.93;21.27;1.2;15.604;4.2;24.5
1981-12-20;10.77;15.97;21.17;0.9;15.199;4.21;21.31
1981-12-21;10.6;16.75;22.9;0.9;11.369;3.51;28.37
1981-12-22;9.9;16.4;22.9;0.6;12.696;3.0;24.76
1981-12-23;9.7;15.49;21.29;0.6;14.597;3.51;14.39
1981-12-24;9.0;15.39;21.78;0.9;15.199;3.6;12.97
1981-12-25;6.27;14.63;23.0;1.2;14.399;2.9;14.98
1981-12-26;6.99;14.89;22.8;0.9;15.301;2.8;12.66
1981-12-27;8.8;14.64;20.49;0.9;14.098;3.6;20.5
1981-12-28;7.69;13.63;19.57;0.9;13.896;3.3;26.3
1981-12-29;9.0;12.71;16.42;0.9;14.399;4.21;26.06
1981-12-30;6.4;11.26;16.12;0.9;14.902;4.2;20.53
1981-12-31;6.27;12.87;19.47;0.9;14.6;4.1;21.2
1982-01-01;6.39;13.7;21.0;0.9;14.8;3.6;19.12
1982-01-02;5.15;13.43;21.7;0.9;14.9;2.8;16.82
1982-01-03;5.08;13.49;21.9;1.2;14.999;2.3;12.25
1982-01-04;4.28;13.59;22.9;1.2;15.498;1.4;6.44
1982-01-05;4.68;14.69;24.7;1.2;14.996;0.49;6.8
1982-01-06;6.09;16.82;27.55;1.2;17.231;0.78;7.95
1982-01-07;9.79;20.5;31.22;1.2;17.2;2.9;8.35
1982-01-08;12.84;20.23;27.61;0.9;15.797;3.0;6.25
1982-01-09;9.72;17.06;24.4;1.2;15.1;3.2;6.07
1982-01-10;9.3;18.02;26.73;1.5;16.098;3.3;8.26
1982-01-11;15.03;23.25;31.47;1.5;14.192;4.13;18.4
1982-01-12;16.73;25.02;33.32;1.5;14.1;3.6;11.74
1982-01-13;16.07;22.98;29.9;1.5;14.599;3.6;7.75
1982-01-14;13.83;18.27;22.71;1.5;15.018;4.32;11.55
1982-01-15;10.36;15.57;20.78;1.5;15.291;4.33;21.81
1982-01-16;9.84;15.71;21.57;1.5;15.197;4.41;24.21
1982-01-17;8.29;15.29;22.3;1.2;15.297;3.8;22.0
1982-01-18;8.09;15.9;23.71;1.2;15.498;3.7;18.11
1982-01-19;8.3;16.47;24.64;1.2;16.399;3.8;14.87
1982-01-20;8.0;16.65;25.3;1.5;15.597;3.7;15.01
1982-01-21;8.6;17.3;26.01;1.5;15.594;3.8;14.9
1982-01-22;8.9;17.91;26.91;1.5;15.602;3.7;13.3
1982-01-23;9.26;18.44;27.62;1.5;17.6;1.9;13.29
1982-01-24;10.21;19.46;28.71;0.3;17.996;2.18;10.19
1982-01-25;12.9;19.01;25.12;0.3;16.796;3.8;12.37
1982-01-26;10.4;16.9;23.4;0.6;16.798;3.5;11.79
1982-01-27;9.8;16.13;22.47;0.6;16.997;3.7;10.49
1982-01-28;6.89;13.5;20.11;0.6;16.84;4.11;13.3
1982-01-29;7.2;12.82;18.44;0.6;16.598;3.9;25.48
1982-01-30;6.28;13.37;20.45;0.6;16.7;3.9;21.64
1982-01-31;7.4;14.59;21.77;0.6;16.702;4.42;23.62
1982-02-01;8.2;15.35;22.5;0.6;16.799;3.8;20.94
1982-02-02;7.48;15.04;22.59;0.6;17.109;3.2;15.03
1982-02-03;8.5;15.65;22.8;0.6;17.293;3.5;12.0
1982-02-04;7.9;16.15;24.4;0.6;18.697;3.0;9.89
1982-02-05;7.38;17.16;26.93;0.6;17.695;1.8;7.99
1982-02-06;8.28;19.25;30.21;0.6;19.1;2.8;4.06
1982-02-07;10.5;19.55;28.61;0.6;18.999;4.01;10.51
1982-02-08;11.21;19.92;28.63;0.3;17.899;4.1;11.81
1982-02-09;11.1;19.86;28.61;0.3;18.195;4.1;8.57
1982-02-10;13.53;19.09;24.66;0.3;17.998;4.71;14.71
1982-02-11;10.3;17.35;24.4;0.3;18.604;4.0;12.09
1982-02-12;7.58;16.44;25.3;0.3;18.796;2.7;9.29
1982-02-13;6.9;16.85;26.8;0.3;18.79;1.78;8.19
1982-02-14;8.27;17.89;27.51;0.32;18.797;2.28;9.25
1982-02-15;10.0;19.2;28.4;0.32;18.798;2.7;11.47
1982-02-16;13.22;22.11;31.0;0.32;18.898;2.5;11.21
1982-02-17;11.41;20.47;29.53;0.32;19.105;2.7;9.2
1982-02-18;14.61;20.17;25.74;0.32;19.197;4.5;6.56
1982-02-19;11.9;17.8;23.69;0.32;19.31;4.0;9.5
1982-02-20;10.69;16.3;21.92;0.32;19.801;4.0;10.22
1982-02-21;7.39;14.84;22.29;0.32;19.8;3.0;10.69
1982-02-22;6.3;15.19;24.07;0.32;19.799;1.19;10.33
1982-02-23;6.26;16.48;26.69;0.3;20.058;2.1;6.7
1982-02-24;10.99;16.95;22.9;0.61;20.4;3.8;10.01
1982-02-25;9.29;16.5;23.71;0.61;22.302;2.7;11.28
1982-02-26;8.14;16.6;25.06;0.61;22.201;2.2;11.3
1982-02-27;7.68;16.69;25.69;0.61;21.299;1.3;10.01
1982-02-28;6.74;17.95;29.15;0.61;21.794;2.4;5.34
1982-03-01;12.21;18.5;24.78;0.61;21.5;4.21;9.22
1982-03-02;9.7;17.8;25.89;0.61;21.3;3.1;11.71
1982-03-03;9.9;18.6;27.3;0.61;21.199;3.0;10.83
1982-03-04;9.7;18.96;28.22;0.61;21.299;2.6;7.19
1982-03-05;9.48;19.09;28.69;0.61;21.397;1.4;6.49
1982-03-06;9.2;19.85;30.5;0.61;21.495;0.1;8.9
1982-03-07;10.7;21.73;32.75;0.61;21.701;0.27;7.69
1982-03-08;11.4;22.13;32.87;0.61;21.503;1.8;6.09
1982-03-09;14.9;21.64;28.39;0.61;21.733;4.31;4.43
1982-03-10;13.3;19.09;24.89;0.61;22.096;4.1;7.15
1982-03-11;10.99;17.81;24.63;1.0;22.098;3.3;10.51
1982-03-12;8.52;17.5;26.49;1.0;22.183;1.49;10.7
1982-03-13;10.09;19.98;29.88;1.0;22.798;2.8;5.77
1982-03-14;14.43;20.57;26.72;1.0;22.098;4.29;8.41
1982-03-15;13.0;18.73;24.46;1.0;22.708;4.2;12.41
1982-03-16;11.79;18.42;25.06;1.0;25.199;3.8;13.23
1982-03-17;11.8;19.14;26.48;0.5;25.9;3.5;13.74
1982-03-18;13.0;19.8;26.6;0.3;23.096;4.31;13.1
1982-03-19;12.6;19.23;25.87;0.4;22.804;4.84;11.8
1982-03-20;11.5;19.54;27.57;0.4;22.804;4.2;10.52
1982-03-21;11.11;20.05;29.0;0.4;22.989;4.1;9.24
1982-03-22;12.68;22.16;31.64;0.4;22.794;4.0;10.5
1982-03-23;16.28;24.29;32.3;0.4;23.097;3.7;8.25
1982-03-24;16.32;24.46;32.6;0.4;22.894;2.49;7.39
1982-03-25;18.01;23.64;29.26;0.4;22.499;4.22;12.9
1982-03-26;13.35;20.52;27.69;0.3;24.399;3.6;4.49
1982-03-27;11.59;19.79;27.99;0.3;24.5;3.5;3.28
1982-03-28;11.6;20.09;28.59;0.3;23.997;3.1;5.79
1982-03-29;10.37;20.73;31.1;0.3;24.799;1.3;5.2
1982-03-30;11.59;22.23;32.88;0.3;24.405;1.4;5.38
1982-03-31;13.8;22.76;31.71;0.3;24.2;4.6;6.37
1982-04-01;14.8;19.25;23.7;0.3;24.502;6.38;11.2
1982-04-02;12.69;17.87;23.05;0.3;24.5;4.62;12.9
1982-04-03;11.98;18.71;25.45;0.3;24.499;4.0;12.01
1982-04-04;10.68;18.56;26.44;0.3;25.401;3.4;6.4
1982-04-05;9.73;18.3;26.88;0.3;25.898;2.86;4.28
1982-04-06;10.6;19.23;27.87;0.3;25.396;2.59;5.2
1982-04-07;9.68;19.16;28.65;0.3;25.295;1.18;5.4
1982-04-08;10.52;20.45;30.37;0.3;25.206;2.0;6.49
1982-04-09;12.39;21.95;31.5;0.3;25.299;3.1;5.47
1982-04-10;14.16;22.47;30.78;0.3;25.195;3.51;5.92
1982-04-11;13.59;23.23;32.88;0.01;25.096;2.3;6.29
1982-04-12;15.04;25.52;36.0;0.01;24.994;0.87;6.2
1982-04-13;17.21;27.35;37.49;0.01;24.994;1.09;5.29
1982-04-14;18.6;28.05;37.5;0.3;24.966;1.4;8.2
1982-04-15;19.11;29.51;39.91;0.3;25.001;2.8;4.99
1982-04-16;20.03;26.64;33.25;0.3;25.297;5.42;5.8
1982-04-17;16.76;22.37;27.98;0.3;26.239;4.53;6.65
1982-04-18;13.58;22.18;30.79;0.3;26.396;3.6;6.4
1982-04-19;15.08;23.45;31.81;0.3;26.5;3.3;6.06
1982-04-20;15.27;24.33;33.39;0.3;26.196;1.79;6.2
1982-04-21;14.87;24.98;35.1;0.3;26.098;0.97;5.31
1982-04-22;15.1;25.99;36.88;0.3;26.101;1.68;5.1
1982-04-23;15.69;26.64;37.6;0.3;26.402;2.0;3.18
1982-04-24;15.96;26.98;38.0;0.3;26.498;1.8;1.95
1982-04-25;15.47;26.66;37.84;0.3;26.539;1.3;4.1
1982-04-26;17.98;27.59;37.19;0.3;26.199;2.8;5.48
1982-04-27;18.17;27.46;36.76;0.3;26.597;3.8;4.28
1982-04-28;19.27;28.12;36.96;0.3;26.5;4.1;5.48
1982-04-29;18.09;27.18;36.27;0.3;28.507;3.9;4.0
1982-04-30;12.9;25.08;37.26;0.3;27.621;2.4;2.01
1982-05-01;15.14;27.32;39.5;0.3;27.498;2.4;2.15
1982-05-02;18.38;29.39;40.4;0.3;26.699;2.6;4.6
1982-05-03;20.1;30.15;40.2;0.3;26.597;2.2;6.69
1982-05-04;20.99;30.52;40.04;0.3;26.397;2.61;9.91
1982-05-05;20.9;29.85;38.8;0.42;25.3;2.09;11.32
1982-05-06;20.59;29.08;37.56;0.3;25.497;2.2;9.71
1982-05-07;25.51;32.58;39.65;0.3;25.697;2.1;6.3
1982-05-08;22.9;31.18;39.45;0.3;25.694;1.09;7.08
1982-05-09;21.97;31.13;40.3;0.3;25.896;1.0;8.01
1982-05-10;20.79;30.5;40.21;0.3;27.702;1.9;7.41
1982-05-11;22.55;31.3;40.05;0.3;26.896;2.6;4.99
1982-05-12;20.0;30.7;41.4;0.3;27.499;2.0;2.99
1982-05-13;20.05;31.94;43.83;0.3;26.697;1.2;2.95
1982-05-14;21.26;32.89;44.52;0.3;28.029;1.49;2.8
1982-05-15;23.51;33.97;44.42;0.0;29.546;3.62;3.7
1982-05-16;25.21;34.32;43.43;0.0;28.351;4.11;4.7
1982-05-17;25.31;33.27;41.24;0.0;26.998;4.72;4.8
1982-05-18;23.5;31.9;40.3;0.0;27.699;3.8;2.66
1982-05-19;20.34;30.98;41.61;0.0;27.817;2.19;2.61
1982-05-20;21.77;32.23;42.7;0.0;27.399;2.2;4.4
1982-05-21;22.3;33.05;43.8;0.0;26.998;1.7;5.7
1982-05-22;24.8;34.77;44.73;0.0;26.5;2.6;9.42
1982-05-23;26.33;35.77;45.2;0.0;26.399;3.4;8.1
1982-05-24;27.54;36.44;45.33;0.0;26.797;3.1;4.3
1982-05-25;28.91;36.41;43.9;0.0;24.162;3.5;6.0
1982-05-26;27.39;34.14;40.88;0.01;26.496;4.71;8.22
1982-05-27;25.24;31.0;36.76;0.01;27.899;4.5;4.8
1982-05-28;22.28;29.23;36.19;0.4;27.7;3.2;5.59
1982-05-29;19.09;28.4;37.7;0.4;28.599;1.88;6.1
1982-05-30;20.63;30.41;40.2;0.4;28.602;1.7;5.6
1982-05-31;23.9;33.3;42.71;0.4;29.533;2.6;4.5
1982-06-01;25.51;35.05;44.6;0.4;28.322;2.8;4.1
1982-06-02;25.1;35.0;44.91;0.4;27.497;3.07;4.9
1982-06-03;25.0;35.11;45.21;0.4;28.703;2.6;4.0
1982-06-04;26.63;35.91;45.2;0.4;27.899;4.0;5.37
1982-06-05;27.62;36.07;44.52;0.4;26.992;4.2;6.29
1982-06-06;27.64;35.63;43.61;0.4;26.491;4.31;7.51
1982-06-07;27.41;35.6;43.8;0.4;26.899;4.1;6.6
1982-06-08;27.2;35.95;44.71;0.4;26.498;3.9;7.2
1982-06-09;26.43;36.38;46.32;0.4;27.302;4.0;5.19
1982-06-10;26.17;36.34;46.51;0.4;27.499;4.1;4.8
1982-06-11;28.79;37.25;45.7;0.4;27.192;5.11;7.3
1982-06-12;28.86;37.45;46.03;0.4;29.753;5.51;5.9
1982-06-13;28.62;36.82;45.02;0.4;27.697;5.43;4.9
1982-06-14;27.91;36.71;45.51;0.4;29.202;4.71;4.79
1982-06-15;28.01;37.05;46.1;0.4;30.107;4.4;4.29
1982-06-16;27.9;37.13;46.35;0.4;29.7;4.32;3.89
1982-06-17;26.61;36.08;45.55;0.4;29.399;3.6;3.89
1982-06-18;25.8;35.41;45.01;0.4;29.001;2.9;4.59
1982-06-19;25.9;35.61;45.32;0.4;28.601;2.9;4.9
1982-06-20;27.5;36.8;46.1;0.4;28.5;4.11;5.6
1982-06-21;28.87;37.1;45.33;1.1;27.6;4.71;4.9
1982-06-22;28.11;36.06;44.01;1.1;27.598;4.2;5.1
1982-06-23;27.31;35.35;43.4;1.1;28.198;3.5;6.1
1982-06-24;24.8;34.45;44.1;1.1;27.295;1.99;6.9
1982-06-25;27.2;35.1;43.0;1.1;26.4;3.4;8.01
1982-06-26;26.1;33.8;41.5;1.1;27.398;3.4;7.6
1982-06-27;24.7;33.25;41.8;0.4;28.0;2.89;6.89
1982-06-28;24.8;33.6;42.41;0.4;28.804;3.3;6.29
1982-06-29;26.09;34.05;42.0;0.4;27.899;3.81;6.6
1982-06-30;25.6;33.75;41.9;0.4;28.199;3.7;6.5
1982-07-01;25.0;33.8;42.6;0.4;28.201;3.3;5.2
1982-07-02;27.09;35.5;43.91;0.4;27.098;4.1;6.79
1982-07-03;28.51;36.16;43.8;0.4;28.599;4.81;5.5
1982-07-04;27.82;35.16;42.5;0.4;27.299;4.51;5.59
1982-07-05;26.92;34.29;41.66;0.4;26.698;3.9;7.4
1982-07-06;26.22;34.38;42.55;4.1;26.498;3.3;6.29
1982-07-07;25.59;34.24;42.9;4.1;26.692;3.1;8.0
1982-07-08;26.1;34.35;42.6;4.1;28.901;3.6;7.99
1982-07-09;26.09;33.99;41.9;1.5;28.199;3.5;6.19
1982-07-10;25.21;33.3;41.4;1.5;27.597;3.3;7.5
1982-07-11;25.31;33.49;41.67;1.5;26.972;2.19;9.62
1982-07-12;25.5;33.39;41.27;1.5;26.597;2.5;9.91
1982-07-13;24.9;32.88;40.87;1.5;26.896;2.6;9.7
1982-07-14;24.59;32.59;40.6;1.5;28.502;3.7;8.11
1982-07-15;26.04;33.61;41.19;1.5;29.037;4.02;8.2
1982-07-16;27.03;33.97;40.9;1.5;27.703;3.9;6.3
1982-07-17;25.3;33.61;41.92;1.5;28.002;2.9;5.88
1982-07-18;24.4;33.5;42.59;1.5;26.8;2.1;7.5
1982-07-19;24.7;34.05;43.41;1.5;28.718;2.1;7.5
1982-07-20;25.29;34.2;43.1;1.5;28.699;2.7;7.09
1982-07-21;25.7;34.25;42.8;1.5;29.03;3.2;6.6
1982-07-22;24.7;33.85;43.0;1.5;29.207;2.7;4.67
1982-07-23;23.8;33.6;43.41;1.5;28.599;1.8;4.76
1982-07-24;25.2;34.76;44.31;1.5;27.3;1.08;6.4
1982-07-25;25.38;34.64;43.91;1.5;27.4;0.93;7.1
1982-07-26;26.09;35.3;44.5;1.5;28.705;3.6;5.9
1982-07-27;28.41;35.7;43.0;1.5;26.398;4.51;7.5
1982-07-28;26.9;34.8;42.71;1.5;26.099;3.91;7.19
1982-07-29;26.69;35.3;43.9;1.5;26.298;3.5;7.6
1982-07-30;29.22;38.05;46.89;1.5;26.298;4.62;6.4
1982-07-31;33.04;41.0;48.95;1.5;26.299;5.41;5.09
1982-08-01;32.93;39.31;45.7;1.5;26.7;5.83;6.4
1982-08-02;29.53;36.12;42.7;1.5;26.904;4.62;6.91
1982-08-03;27.11;34.41;41.7;1.5;25.897;3.2;5.19
1982-08-04;25.89;33.84;41.79;1.5;25.599;3.2;8.2
1982-08-05;26.09;33.38;40.68;1.5;25.696;3.3;8.5
1982-08-06;24.48;32.23;39.98;0.4;26.507;2.8;8.84
1982-08-07;23.83;31.91;40.0;0.4;27.2;3.1;8.41
1982-08-08;24.89;32.44;39.99;0.4;26.398;3.2;9.5
1982-08-09;24.5;32.45;40.4;0.4;26.599;2.68;10.0
1982-08-10;24.9;32.8;40.7;0.4;26.101;2.59;11.01
1982-08-11;25.4;33.0;40.59;0.4;25.662;3.3;10.11
1982-08-12;25.6;32.84;40.09;0.4;25.998;4.0;9.3
1982-08-13;25.39;32.8;40.2;0.4;25.702;3.7;9.4
1982-08-14;25.4;33.7;42.0;1.8;25.599;3.3;10.1
1982-08-15;26.41;35.05;43.69;1.8;26.5;2.99;9.1
1982-08-16;27.42;35.62;43.82;1.8;25.097;2.7;10.61
1982-08-17;27.4;35.4;43.4;1.8;24.399;2.19;10.81
1982-08-18;25.7;34.3;42.9;1.8;25.701;3.0;7.96
1982-08-19;24.89;33.55;42.2;1.8;25.933;2.79;9.0
1982-08-20;24.29;32.94;41.59;1.8;25.489;2.7;9.21
1982-08-21;23.97;32.83;41.69;1.8;25.598;2.6;7.78
1982-08-22;24.6;33.0;41.4;1.8;23.193;2.3;9.81
1982-08-23;24.29;32.94;41.59;1.8;24.888;2.49;8.94
1982-08-24;23.99;32.69;41.39;1.8;24.996;3.2;8.2
1982-08-25;24.48;32.69;40.89;1.8;25.496;3.5;8.0
1982-08-26;25.7;33.04;40.38;1.8;24.801;3.8;11.11
1982-08-27;25.1;32.75;40.4;1.8;25.297;3.5;9.5
1982-08-28;23.53;32.06;40.59;1.8;25.095;2.8;9.2
1982-08-29;23.19;31.99;40.79;1.8;24.703;2.6;9.91
1982-08-30;24.1;32.34;40.59;1.8;24.3;3.1;11.0
1982-08-31;24.64;32.27;39.9;1.8;24.194;3.29;11.52
1982-09-01;24.6;31.94;39.28;1.8;24.068;3.8;16.05
1982-09-02;25.42;31.89;38.37;1.8;24.702;4.32;11.5
1982-09-03;24.69;31.84;39.0;1.8;24.646;3.8;10.4
1982-09-04;24.19;32.6;41.01;1.8;24.101;3.4;10.1
1982-09-05;25.51;34.3;43.1;1.8;23.698;3.5;8.8
1982-09-06;27.4;35.86;44.32;1.8;23.593;4.3;7.9
1982-09-07;28.3;36.39;44.48;1.8;24.998;4.92;6.1
1982-09-08;28.0;36.3;44.59;1.8;24.298;4.52;6.06
1982-09-09;26.41;35.26;44.11;1.8;25.4;2.79;5.16
1982-09-10;25.49;35.16;44.82;1.8;25.098;1.89;5.04
1982-09-11;30.7;37.51;44.31;1.8;13.092;3.3;5.71
1982-09-12;28.37;36.09;43.8;1.8;24.301;3.8;5.48
1982-09-13;25.73;34.26;42.79;1.8;23.588;3.4;5.94
1982-09-14;24.89;33.89;42.9;0.9;23.798;3.2;6.47
1982-09-15;26.8;34.6;42.41;0.9;23.093;3.5;7.8
1982-09-16;25.6;33.1;40.6;0.9;22.797;3.7;9.81
1982-09-17;24.8;32.08;39.36;0.9;23.399;3.8;9.09
1982-09-18;23.1;30.91;38.71;0.9;23.291;3.08;10.91
1982-09-19;22.6;31.07;39.55;0.9;22.798;2.39;12.23
1982-09-20;23.3;32.01;40.72;0.2;22.395;2.3;11.42
1982-09-21;25.01;33.61;42.2;0.2;22.3;3.1;9.1
1982-09-22;24.64;33.53;42.43;0.2;22.8;3.2;6.99
1982-09-23;22.6;32.16;41.71;0.2;23.501;2.89;6.89
1982-09-24;21.99;31.34;40.69;0.2;22.999;2.9;6.88
1982-09-25;20.39;31.0;41.6;0.4;22.906;2.5;5.46
1982-09-26;21.0;31.6;42.2;0.4;22.594;2.5;6.19
1982-09-27;23.3;32.75;42.2;0.4;22.105;3.4;7.5
1982-09-28;24.3;32.3;40.3;0.4;21.297;3.3;13.31
1982-09-29;25.7;32.13;38.56;0.41;21.399;3.2;13.75
1982-09-30;22.7;30.77;38.85;0.41;21.705;2.39;11.99
1982-10-01;22.29;31.3;40.31;0.41;21.805;2.4;10.92
1982-10-02;22.6;31.4;40.2;0.41;21.401;2.7;11.29
1982-10-03;22.85;31.5;40.14;0.61;21.302;2.19;11.22
1982-10-04;24.21;32.83;41.44;0.61;21.201;2.7;11.3
1982-10-05;24.0;32.45;40.91;0.61;20.899;3.21;10.5
1982-10-06;22.9;30.84;38.77;3.7;21.099;3.0;10.38
1982-10-07;23.83;30.96;38.09;3.7;20.896;3.2;12.0
1982-10-08;22.79;30.5;38.2;0.61;20.795;2.8;10.5
1982-10-09;20.6;30.46;40.33;0.61;20.397;2.09;10.5
1982-10-10;21.4;31.61;41.83;0.61;20.199;0.59;13.71
1982-10-11;23.1;32.45;41.8;0.61;20.0;1.99;14.2
1982-10-12;24.01;33.11;42.2;0.61;20.053;2.4;12.9
1982-10-13;24.4;32.91;41.42;0.61;19.894;2.5;12.11
1982-10-14;24.84;32.72;40.6;0.61;19.799;2.68;19.12
1982-10-15;26.51;33.59;40.66;0.4;19.162;2.99;11.17
1982-10-16;26.04;33.28;40.52;0.4;19.299;3.3;12.09
1982-10-17;24.39;32.27;40.16;0.4;19.098;3.09;13.8
1982-10-18;23.63;31.34;39.04;0.4;19.201;2.79;12.32
1982-10-19;23.9;32.23;40.57;0.4;17.495;2.4;11.36
1982-10-20;25.34;32.7;40.06;3.76;16.293;3.0;14.28
1982-10-21;26.81;32.46;38.11;0.42;7.443;2.59;14.69
1982-10-22;24.43;30.43;36.44;14.06;8.659;2.39;29.5
1982-10-23;21.31;27.81;34.31;0.4;17.899;2.5;41.41
1982-10-24;19.4;27.4;35.41;0.4;18.503;1.38;21.15
1982-10-25;17.88;27.04;36.2;0.4;18.605;0.49;15.62
1982-10-26;19.1;27.64;36.19;0.4;18.198;1.67;15.04
1982-10-27;21.03;27.72;34.41;0.4;17.19;2.6;29.96
1982-10-28;21.71;27.89;34.08;0.4;17.298;2.39;35.57
1982-10-29;21.92;27.44;32.96;0.4;17.2;3.3;36.96
1982-10-30;21.71;26.13;30.54;0.4;17.196;3.4;36.79
1982-10-31;19.6;24.7;29.8;0.4;17.501;2.8;28.27
1982-11-01;16.1;23.23;30.37;0.4;17.995;2.5;15.5
1982-11-02;13.79;22.27;30.75;0.4;17.695;1.79;15.41
1982-11-03;15.68;23.62;31.56;0.4;17.294;1.8;17.9
1982-11-04;16.59;24.45;32.3;0.4;17.394;1.58;17.8
1982-11-05;19.12;26.02;32.92;0.4;17.896;2.4;18.05
1982-11-06;19.91;27.46;35.01;0.4;17.098;2.7;18.91
1982-11-07;21.17;26.89;32.61;0.4;16.585;3.2;36.82
1982-11-08;21.02;26.25;31.49;0.4;16.178;3.0;40.74
1982-11-09;19.93;25.91;31.9;0.4;16.898;3.0;28.75
1982-11-10;19.4;25.9;32.4;0.4;16.897;2.09;21.74
1982-11-11;19.5;26.75;34.0;0.4;16.794;3.05;17.0
1982-11-12;18.9;27.02;35.13;0.4;17.596;3.0;13.99
1982-11-13;17.3;26.22;35.13;0.4;17.196;3.0;13.42
1982-11-14;17.22;26.46;35.7;0.3;17.699;3.2;13.3
1982-11-15;17.28;26.16;35.03;0.4;17.097;3.51;13.55
1982-11-16;19.32;26.73;34.14;0.3;16.5;3.6;13.35
1982-11-17;19.01;26.31;33.61;0.2;16.497;2.9;19.01
1982-11-18;19.93;26.77;33.61;0.2;15.798;3.0;18.83
1982-11-19;20.33;27.03;33.73;0.3;15.898;2.7;23.01
1982-11-20;19.41;25.77;32.12;0.3;15.795;3.4;19.83
1982-11-21;18.96;24.43;29.89;0.3;17.6;4.3;12.6
1982-11-22;17.12;22.55;27.98;0.3;15.397;3.7;19.2
1982-11-23;14.17;20.48;26.79;0.3;15.994;3.2;15.4
1982-11-24;11.29;19.29;27.28;0.3;16.003;2.7;12.67
1982-11-25;10.6;19.46;28.32;0.4;15.8;2.5;12.55
1982-11-26;12.0;20.65;29.3;0.4;15.597;2.5;13.5
1982-11-27;11.7;20.7;29.7;0.4;15.594;2.6;11.39
1982-11-28;12.5;20.84;29.19;0.4;15.597;2.6;9.58
1982-11-29;12.09;20.59;29.1;0.6;15.595;2.2;10.06
1982-11-30;11.76;20.54;29.31;0.6;16.102;1.5;13.19
1982-12-01;11.4;20.66;29.92;0.6;15.097;0.77;13.17
1982-12-02;11.0;20.2;29.41;0.6;15.598;1.69;14.4
1982-12-03;12.9;19.95;27.0;0.4;15.098;3.0;13.66
1982-12-04;13.8;19.19;24.58;0.4;14.898;3.2;17.66
1982-12-05;10.49;17.7;24.91;0.4;14.9;2.6;19.19
1982-12-06;9.07;17.98;26.89;0.4;15.697;1.09;17.98
1982-12-07;10.38;18.99;27.6;0.4;14.794;2.09;15.69
1982-12-08;12.45;21.18;29.91;0.4;14.596;2.3;17.19
1982-12-09;14.7;23.0;31.31;0.4;14.597;2.7;11.69
1982-12-10;14.6;22.55;30.5;0.3;14.499;2.5;13.64
1982-12-11;11.7;20.52;29.33;0.3;14.096;3.1;12.7
1982-12-12;15.71;19.86;24.0;0.3;14.097;4.31;16.5
1982-12-13;12.63;17.11;21.59;0.3;14.299;4.12;17.81
1982-12-14;10.6;15.75;20.9;0.3;13.997;3.6;22.82
1982-12-15;9.39;15.29;21.2;0.6;14.297;3.3;20.37
1982-12-16;6.5;14.03;21.56;0.9;14.698;2.6;14.8
1982-12-17;5.59;13.64;21.7;0.9;14.799;2.5;15.8
1982-12-18;5.78;13.92;22.06;1.2;14.1;1.39;20.11
1982-12-19;7.7;13.95;20.19;1.2;13.395;3.9;27.85
1982-12-20;10.5;15.14;19.79;0.9;13.497;3.8;37.8
1982-12-21;7.78;14.06;20.34;0.9;13.463;2.4;29.53
1982-12-22;7.45;14.21;20.97;0.6;13.498;2.8;23.94
1982-12-23;6.74;13.52;20.29;0.6;13.898;2.7;20.49
1982-12-24;6.8;13.34;19.88;0.9;12.697;2.89;26.63
1982-12-25;6.69;13.24;19.79;1.2;14.399;2.36;21.51
1982-12-26;5.78;14.44;23.1;0.9;16.502;2.6;17.91
1982-12-27;11.7;18.84;25.99;0.9;14.1;4.21;10.57
1982-12-28;10.1;14.55;19.0;0.9;13.7;3.5;28.0
1982-12-29;7.89;13.68;19.47;0.9;14.098;2.8;18.96
1982-12-30;6.55;14.67;22.79;0.9;14.196;2.1;27.51
1982-12-31;9.5;17.85;26.2;0.9;15.598;2.6;21.93
1983-01-01;14.17;22.71;31.26;0.9;15.997;3.4;19.06
1983-01-02;15.92;24.21;32.51;0.9;11.59;3.3;23.0
1983-01-03;14.95;22.84;30.73;1.2;10.255;3.0;25.02
1983-01-04;14.01;20.04;26.06;1.2;14.2;4.0;6.61
1983-01-05;8.9;15.8;22.7;1.2;15.6;2.9;4.22
1983-01-06;5.88;14.24;22.6;1.2;15.099;2.1;6.33
1983-01-07;5.97;14.38;22.79;1.2;14.697;2.4;10.98
1983-01-08;9.8;15.65;21.5;0.9;14.494;3.6;16.9
1983-01-09;8.5;15.36;22.22;1.2;14.6;2.7;15.4
1983-01-10;9.31;17.05;24.79;1.5;14.4;2.6;19.88
1983-01-11;10.55;19.03;27.51;1.5;14.533;2.7;17.28
1983-01-12;11.91;20.11;28.3;1.5;14.801;1.8;17.31
1983-01-13;10.53;19.68;28.84;1.5;15.205;1.19;13.68
1983-01-14;11.89;19.82;27.75;1.5;14.394;2.7;17.32
1983-01-15;11.0;18.86;26.72;1.5;15.093;3.0;14.65
1983-01-16;10.33;19.02;27.71;1.5;15.202;3.4;15.91
1983-01-17;10.31;19.37;28.42;1.2;15.006;3.0;17.04
1983-01-18;11.31;21.02;30.72;1.2;15.094;1.0;14.71
1983-01-19;11.95;21.8;31.66;1.2;15.797;0.3;15.78
1983-01-20;13.03;22.61;32.18;1.5;14.994;1.49;15.39
1983-01-21;17.02;21.56;26.1;1.5;15.097;4.51;17.98
1983-01-22;13.32;17.95;22.59;1.5;15.699;3.9;12.39
1983-01-23;10.0;16.65;23.3;1.5;16.197;3.1;10.05
1983-01-24;9.3;16.58;23.86;0.3;15.595;2.6;17.73
1983-01-25;10.74;17.63;24.51;0.3;15.897;3.7;20.36
1983-01-26;9.84;17.97;26.1;0.6;16.1;3.9;17.81
1983-01-27;11.39;20.65;29.91;0.6;15.695;3.8;15.3
1983-01-28;12.11;22.04;31.96;0.6;16.202;3.8;15.31
1983-01-29;15.5;22.84;30.18;0.6;16.001;3.9;21.71
1983-01-30;12.82;21.06;29.31;0.6;17.999;2.4;14.89
1983-01-31;11.3;20.41;29.52;0.6;16.5;3.0;13.66
1983-02-01;13.32;17.51;21.69;0.6;16.797;4.82;18.61
1983-02-02;8.8;12.01;15.21;0.6;16.094;5.21;24.09
1983-02-03;6.58;10.82;15.06;0.6;17.695;4.32;17.13
1983-02-04;5.46;10.59;15.72;0.6;17.695;3.2;17.82
1983-02-05;4.15;11.74;19.33;0.6;17.705;2.57;18.1
1983-02-06;7.28;13.67;20.05;0.6;17.398;4.41;23.81
1983-02-07;8.27;13.81;19.36;0.6;18.198;4.51;18.25
1983-02-08;6.89;13.81;20.74;0.3;17.95;4.1;19.44
1983-02-09;7.7;14.84;21.99;0.3;18.097;4.1;16.81
1983-02-10;7.8;15.75;23.7;0.3;19.73;3.8;17.14
1983-02-11;9.6;17.52;25.43;0.3;18.198;4.31;19.5
1983-02-12;10.21;18.55;26.89;0.3;18.3;4.2;17.41
1983-02-13;9.6;18.59;27.59;0.3;18.694;3.73;14.54
1983-02-14;10.22;19.05;27.89;0.32;18.795;3.5;12.4
1983-02-15;10.5;18.95;27.4;0.32;18.993;3.2;12.39
1983-02-16;10.1;18.5;26.9;0.32;19.201;2.3;12.08
1983-02-17;8.19;18.09;28.0;0.32;19.202;1.48;7.55
1983-02-18;11.38;18.25;25.11;0.32;18.793;4.91;10.6
1983-02-19;9.6;13.46;17.32;0.32;19.499;4.99;12.41
1983-02-20;6.89;11.01;15.13;0.32;20.096;4.7;16.05
1983-02-21;5.47;12.39;19.32;0.32;19.699;4.41;16.13
1983-02-22;6.89;14.74;22.59;0.32;19.501;4.61;16.61
1983-02-23;9.0;16.8;24.59;0.3;19.798;4.61;16.1
1983-02-24;9.1;17.9;26.7;0.61;19.9;4.1;13.95
1983-02-25;8.8;17.7;26.59;0.61;20.297;2.04;12.91
1983-02-26;7.8;17.54;27.27;0.61;20.498;1.88;9.01
1983-02-27;12.17;18.73;25.29;0.61;20.398;3.91;7.59
1983-02-28;10.71;18.01;25.3;0.61;20.329;3.5;13.37
1983-03-01;9.6;18.7;27.8;0.61;20.894;3.1;7.18
1983-03-02;9.69;20.09;30.5;0.61;20.996;2.59;6.19
1983-03-03;11.0;21.01;31.01;0.61;20.994;2.9;6.68
1983-03-04;11.8;20.25;28.7;0.61;21.093;3.8;8.99
1983-03-05;10.0;19.1;28.2;0.61;21.298;2.2;7.38
1983-03-06;9.48;19.55;29.61;0.61;21.496;0.93;6.7
1983-03-07;10.07;19.39;28.71;0.61;21.296;3.7;5.83
1983-03-08;13.0;18.05;23.09;0.61;21.695;4.4;9.97
1983-03-09;11.1;14.89;18.68;0.61;21.733;3.91;13.45
1983-03-10;8.7;15.89;23.08;0.61;21.81;2.8;14.9
1983-03-11;8.58;16.73;24.89;1.0;22.095;2.29;11.31
1983-03-12;2.63;14.47;26.32;1.0;22.296;1.7;6.18
1983-03-13;6.06;16.59;27.11;1.0;22.201;1.69;6.13
1983-03-14;11.58;19.2;26.81;1.0;21.696;2.0;15.44
1983-03-15;12.8;20.35;27.9;1.0;21.896;1.69;18.9
1983-03-16;12.72;20.73;28.73;1.0;22.199;1.64;11.4
1983-03-17;13.7;22.36;31.01;0.5;23.008;0.5;8.3
1983-03-18;13.11;22.52;31.92;0.3;22.392;2.1;6.71
1983-03-19;12.58;22.49;32.41;0.4;24.398;1.2;5.99
1983-03-20;13.28;22.79;32.3;0.4;24.214;2.8;6.77
1983-03-21;16.29;24.75;33.2;0.4;22.798;3.3;5.69
1983-03-22;13.31;23.55;33.8;0.4;23.6;2.3;5.7
1983-03-23;16.31;25.96;35.61;0.4;23.096;4.2;11.54
1983-03-24;19.31;28.27;37.24;0.4;24.497;4.51;9.72
1983-03-25;19.45;28.49;37.53;0.4;25.506;3.9;4.37
1983-03-26;16.31;27.13;37.95;0.3;25.603;3.7;3.76
1983-03-27;16.69;27.44;38.18;0.3;27.069;3.7;5.08
1983-03-28;19.71;29.02;38.33;0.3;25.806;3.9;5.96
1983-03-29;20.11;29.31;38.51;0.3;24.292;3.5;8.4
1983-03-30;20.33;27.31;34.3;0.3;24.638;4.1;19.22
1983-03-31;18.31;25.16;32.0;0.3;23.293;3.7;9.54
1983-04-01;13.9;23.3;32.71;0.3;24.999;1.38;6.0
1983-04-02;15.19;27.0;38.82;0.3;26.298;0.89;5.09
1983-04-03;16.91;27.37;37.82;0.3;23.798;3.0;4.6
1983-04-04;21.89;27.75;33.61;0.3;22.994;3.7;6.51
1983-04-05;21.32;28.08;34.84;0.3;18.155;3.5;9.09
1983-04-06;20.03;26.91;33.8;0.3;17.615;4.71;13.95
1983-04-07;19.94;26.27;32.61;0.3;17.66;4.3;21.36
1983-04-08;19.99;26.74;33.5;0.3;25.798;3.5;17.12
1983-04-09;18.34;24.16;29.99;0.3;24.794;3.7;11.33
1983-04-10;14.47;22.14;29.81;0.3;26.699;1.18;10.49
1983-04-11;19.4;28.15;36.9;0.01;24.498;5.37;6.8
1983-04-12;18.01;22.94;27.86;0.01;25.102;4.51;8.82
1983-04-13;14.38;21.67;28.96;0.01;26.139;3.01;6.31
1983-04-14;15.16;23.77;32.39;0.3;25.5;3.4;10.12
1983-04-15;16.17;25.98;35.8;0.3;25.695;2.1;6.0
1983-04-16;16.71;27.91;39.12;0.3;27.816;2.5;3.5
1983-04-17;19.15;31.38;43.61;0.3;27.4;3.3;2.12
1983-04-18;20.94;30.59;40.24;0.3;26.501;4.3;8.6
1983-04-19;22.51;29.55;36.59;0.3;26.601;5.02;11.78
1983-04-20;21.75;28.67;35.59;0.3;24.589;4.51;7.89
1983-04-21;21.52;28.85;36.19;0.3;25.098;4.4;4.59
1983-04-22;19.51;28.7;37.9;0.3;27.602;3.49;2.01
1983-04-23;18.17;28.73;39.3;0.3;26.101;2.1;4.3
1983-04-24;19.5;29.91;40.31;0.3;25.197;1.59;5.29
1983-04-25;22.2;32.4;42.6;0.3;25.899;2.1;5.6
1983-04-26;23.31;33.52;43.74;0.3;25.895;2.09;10.42
1983-04-27;24.3;34.01;43.71;0.3;25.396;4.2;6.99
1983-04-28;25.32;31.86;38.4;0.3;24.057;4.91;13.16
1983-04-29;22.99;30.12;37.25;0.3;25.9;4.62;5.79
1983-04-30;21.39;29.75;38.1;0.3;26.198;3.8;4.8
1983-05-01;20.6;29.9;39.2;0.3;27.498;2.09;4.6
1983-05-02;21.68;32.19;42.7;0.3;25.599;2.29;6.61
1983-05-03;26.22;33.31;40.41;0.3;25.598;4.1;7.3
1983-05-04;25.12;31.71;38.3;0.3;26.196;4.6;8.61
1983-05-05;24.33;30.86;37.4;0.3;27.701;4.71;6.26
1983-05-06;23.6;29.8;36.0;0.3;25.499;3.91;6.49
1983-05-07;20.79;28.75;36.7;0.3;26.905;2.69;5.3
1983-05-08;21.89;29.52;37.16;0.3;26.495;2.5;6.5
1983-05-09;22.31;29.34;36.37;0.3;25.799;2.5;7.41
1983-05-10;25.61;30.19;34.77;0.3;23.854;2.3;10.96
1983-05-11;22.27;28.18;34.09;0.4;21.767;0.69;19.66
1983-05-12;20.47;28.03;35.59;0.3;24.786;0.63;16.26
1983-05-13;23.3;30.5;37.7;0.3;26.411;2.4;7.91
1983-05-14;20.86;30.3;39.75;0.3;27.799;1.49;5.49
1983-05-15;22.4;32.8;43.2;0.0;27.101;1.1;7.0
1983-05-16;23.8;33.51;43.21;0.0;27.204;2.3;4.99
1983-05-17;26.8;34.16;41.51;0.0;27.096;4.1;10.56
1983-05-18;26.9;34.25;41.6;0.0;26.698;4.2;12.52
1983-05-19;26.3;32.64;38.98;0.0;24.976;4.2;14.02
1983-05-20;26.7;33.49;40.28;0.4;23.878;2.5;13.58
1983-05-21;26.05;33.42;40.8;1.32;16.763;2.0;16.34
1983-05-22;26.06;32.23;38.4;0.0;12.487;1.69;28.73
1983-05-23;27.52;33.66;39.8;0.0;17.774;3.8;15.09
1983-05-24;25.5;31.94;38.38;0.0;25.392;3.39;12.7
1983-05-25;22.9;30.63;38.37;0.0;27.899;2.9;9.6
1983-05-26;23.95;32.27;40.59;0.01;29.127;2.09;10.61
1983-05-27;26.04;34.04;42.04;0.56;24.017;4.0;11.62
1983-05-28;24.51;32.01;39.5;0.4;25.299;2.9;12.26
1983-05-29;25.51;31.43;37.35;0.4;26.496;3.9;9.79
1983-05-30;22.5;28.73;34.96;0.4;28.304;3.3;8.51
1983-05-31;19.89;28.04;36.19;0.4;28.103;2.5;9.0
1983-06-01;20.78;29.73;38.68;0.4;27.299;3.0;8.5
1983-06-02;22.09;30.95;39.8;0.4;27.297;3.0;7.9
1983-06-03;24.0;33.14;42.29;0.4;26.894;3.91;7.7
1983-06-04;25.11;33.95;42.8;0.4;26.897;2.8;7.7
1983-06-05;26.24;35.23;44.21;0.4;26.992;2.0;7.19
1983-06-06;27.2;35.3;43.41;0.4;26.193;4.1;6.8
1983-06-07;25.6;33.4;41.2;0.4;26.698;4.0;6.7
1983-06-08;26.21;33.11;40.0;0.4;26.095;3.9;9.5
1983-06-09;26.41;34.3;42.2;0.4;26.081;3.4;8.51
1983-06-10;27.41;34.1;40.8;0.4;29.3;4.31;11.11
1983-06-11;27.91;34.7;41.5;0.4;29.738;4.2;11.28
1983-06-12;27.42;34.41;41.41;0.4;26.597;4.0;10.21
1983-06-13;26.4;33.95;41.5;0.4;26.899;4.0;7.8
1983-06-14;25.71;33.51;41.31;0.4;28.801;4.1;7.2
1983-06-15;25.51;33.2;40.89;0.4;27.698;3.5;6.1
1983-06-16;22.78;32.19;41.59;0.4;28.721;3.5;6.0
1983-06-17;22.79;33.21;43.63;0.4;28.7;4.2;5.0
1983-06-18;26.61;34.61;42.6;0.4;27.899;4.1;6.2
1983-06-19;25.7;34.26;42.81;0.4;27.298;2.8;6.4
1983-06-20;25.45;34.67;43.9;0.4;26.395;3.0;8.1
1983-06-21;27.34;35.93;44.52;1.1;26.593;3.2;6.1
1983-06-22;27.1;35.95;44.8;1.1;26.191;3.8;5.7
1983-06-23;25.1;34.6;44.1;1.1;28.002;3.8;4.99
1983-06-24;27.61;34.4;41.19;1.1;25.589;4.4;9.72
1983-06-25;25.45;31.41;37.37;1.1;28.529;3.8;6.9
1983-06-26;22.9;30.29;37.68;1.1;28.0;2.3;10.29
1983-06-27;22.73;30.8;38.88;0.4;27.8;2.59;10.21
1983-06-28;22.68;31.21;39.75;0.4;28.099;2.29;8.83
1983-06-29;22.64;31.77;40.89;0.4;28.299;2.3;7.1
1983-06-30;22.77;32.08;41.39;0.4;28.199;2.7;6.71
1983-07-01;25.45;33.41;41.37;0.4;27.897;3.9;7.1
1983-07-02;26.9;34.05;41.2;0.4;27.499;4.2;9.33
1983-07-03;27.3;34.3;41.29;0.4;28.001;4.31;7.7
1983-07-04;26.81;34.26;41.7;0.4;26.978;4.11;6.6
1983-07-05;27.01;34.95;42.9;0.4;26.692;4.1;6.7
1983-07-06;27.71;35.48;43.24;4.1;25.995;4.31;6.8
1983-07-07;27.9;35.3;42.69;4.1;26.072;4.7;6.9
1983-07-08;27.62;34.41;41.19;4.1;26.395;4.7;6.8
1983-07-09;26.9;33.75;40.6;1.5;26.696;4.41;8.31
1983-07-10;26.5;33.2;39.9;1.5;26.599;4.23;10.13
1983-07-11;26.44;32.22;38.0;1.5;27.798;4.2;11.25
1983-07-12;25.41;30.85;36.3;1.5;27.699;3.9;9.81
1983-07-13;24.04;30.16;36.27;1.5;27.696;3.49;10.21
1983-07-14;24.6;31.0;37.41;1.5;28.603;3.5;10.04
1983-07-15;24.88;31.4;37.92;1.5;27.398;3.5;10.32
1983-07-16;25.3;31.93;38.56;1.5;27.704;3.4;9.65
1983-07-17;24.5;32.0;39.5;1.5;28.398;2.9;8.0
1983-07-18;24.87;32.73;40.6;1.5;28.801;3.2;6.8
1983-07-19;25.19;32.89;40.59;1.5;28.805;3.4;6.47
1983-07-20;25.2;32.09;38.98;1.5;26.79;3.6;8.71
1983-07-21;24.7;31.36;38.02;1.5;26.601;3.3;11.43
1983-07-22;24.4;30.28;36.16;1.5;27.399;3.6;11.89
1983-07-23;25.5;30.64;35.77;1.5;27.301;4.02;11.64
1983-07-24;24.29;29.86;35.42;1.5;28.1;3.5;11.12
1983-07-25;24.39;30.43;36.47;1.5;28.406;3.3;10.51
1983-07-26;24.36;31.36;38.35;1.5;28.101;2.8;10.83
1983-07-27;23.49;31.44;39.38;1.5;28.003;2.09;9.7
1983-07-28;22.63;31.46;40.3;1.5;27.098;1.49;9.1
1983-07-29;22.86;31.93;40.99;1.5;26.8;1.0;9.1
1983-07-30;24.29;32.95;41.6;1.5;26.999;2.69;9.8
1983-07-31;25.51;33.41;41.3;1.5;28.103;3.4;9.51
1983-08-01;25.0;32.95;40.9;1.5;28.199;3.09;9.4
1983-08-02;24.5;32.69;40.88;1.5;26.595;2.3;10.81
1983-08-03;23.89;32.39;40.9;1.5;26.297;2.29;9.2
1983-08-04;24.39;32.94;41.48;1.5;25.601;2.29;9.21
1983-08-05;24.79;33.5;42.2;1.5;25.997;2.3;8.8
1983-08-06;24.87;33.79;42.7;0.4;26.505;3.29;7.99
1983-08-07;25.89;34.19;42.49;0.4;27.702;4.0;6.4
1983-08-08;26.67;33.78;40.89;0.4;26.001;4.0;9.01
1983-08-09;26.39;33.34;40.28;0.4;25.599;3.8;10.6
1983-08-10;25.7;33.09;40.48;0.4;25.801;3.5;8.4
1983-08-11;25.39;33.09;40.8;0.4;25.499;3.6;7.5
1983-08-12;25.6;33.2;40.8;0.4;25.799;3.8;6.19
1983-08-13;24.8;32.94;41.07;0.4;25.998;3.4;6.8
1983-08-14;23.06;32.18;41.3;1.8;26.603;2.79;7.5
1983-08-15;22.61;31.7;40.79;1.8;26.2;2.9;7.57
1983-08-16;22.01;31.44;40.87;1.8;26.202;1.99;9.6
1983-08-17;22.88;31.58;40.28;1.8;25.396;2.59;10.41
1983-08-18;24.18;32.03;39.88;1.8;25.4;3.1;10.52
1983-08-19;24.8;32.49;40.19;1.8;26.607;3.6;9.5
1983-08-20;25.18;33.03;40.89;1.8;25.299;3.6;9.4
1983-08-21;25.91;33.65;41.39;1.8;25.199;4.1;7.6
1983-08-22;25.71;33.15;40.59;1.8;25.099;4.3;7.59
1983-08-23;25.5;32.55;39.59;1.8;26.099;4.3;9.2
1983-08-24;25.19;32.7;40.2;1.8;25.7;4.1;9.63
1983-08-25;25.16;33.12;41.07;1.8;25.704;3.9;9.0
1983-08-26;26.09;33.39;40.69;1.8;26.598;4.6;8.29
1983-08-27;25.1;32.24;39.38;1.8;25.402;4.1;9.51
1983-08-28;23.99;31.64;39.3;1.8;25.002;3.49;7.79
1983-08-29;23.1;31.32;39.55;1.8;25.4;3.2;9.25
1983-08-30;23.1;31.2;39.29;1.8;24.999;3.4;10.11
1983-08-31;23.77;31.38;38.99;1.8;25.037;4.0;9.22
1983-09-01;23.78;31.13;38.48;1.8;25.199;4.1;7.19
1983-09-02;23.19;30.94;38.68;1.8;25.203;4.0;6.79
1983-09-03;23.39;31.64;39.9;1.8;24.705;3.9;6.29
1983-09-04;24.09;32.7;41.31;1.8;24.9;3.9;5.79
1983-09-05;24.71;33.16;41.6;1.8;25.103;4.1;6.01
1983-09-06;25.3;32.85;40.4;1.8;24.799;4.41;6.8
1983-09-07;23.79;31.89;40.0;1.8;24.999;3.8;5.9
1983-09-08;22.1;31.43;40.75;1.8;24.703;2.3;6.89
1983-09-09;20.08;31.59;43.1;1.8;24.6;1.41;5.17
1983-09-10;22.69;33.6;44.51;1.8;24.198;1.42;3.84
1983-09-11;24.7;34.92;45.15;1.8;23.397;1.88;6.57
1983-09-12;26.0;35.61;45.22;1.8;23.704;3.4;9.6
1983-09-13;27.75;36.98;46.21;1.8;23.197;4.0;5.96
1983-09-14;26.61;35.91;45.21;0.9;23.199;2.59;6.18
1983-09-15;25.2;35.3;45.4;0.9;23.594;2.28;5.36
1983-09-16;26.71;36.13;45.55;0.9;24.702;3.3;5.88
1983-09-17;27.01;36.23;45.44;0.9;24.697;3.4;5.18
1983-09-18;26.52;36.15;45.78;0.9;23.202;3.5;4.98
1983-09-19;28.02;36.83;45.64;0.9;22.899;4.61;6.08
1983-09-20;26.52;35.66;44.81;0.2;22.802;4.0;7.0
1983-09-21;25.3;34.45;43.6;0.2;23.295;2.29;5.97
1983-09-22;26.41;35.58;44.74;0.2;22.8;2.8;7.1
1983-09-23;28.12;36.68;45.24;0.2;22.743;3.4;7.48
1983-09-24;25.82;35.51;45.2;0.2;22.8;3.2;7.78
1983-09-25;28.05;36.08;44.1;0.4;22.289;4.1;7.7
1983-09-26;28.35;35.33;42.31;0.4;21.997;4.52;9.79
1983-09-27;27.65;33.88;40.1;0.4;21.996;4.4;10.6
1983-09-28;25.93;31.71;37.49;0.4;21.601;4.0;11.31
1983-09-29;23.58;30.54;37.49;0.41;22.054;3.4;9.1
1983-09-30;21.09;29.34;37.59;0.41;22.099;2.9;9.6
1983-10-01;20.29;29.15;38.01;0.41;21.999;1.79;10.14
1983-10-02;22.1;31.35;40.6;0.41;21.294;2.1;12.2
1983-10-03;25.0;33.61;42.22;0.61;20.702;1.79;12.7
1983-10-04;25.33;34.22;43.1;0.61;20.702;3.0;8.39
1983-10-05;25.02;34.16;43.3;0.61;21.198;3.4;5.64
1983-10-06;26.02;34.56;43.1;3.7;20.901;3.8;5.89
1983-10-07;23.8;33.31;42.82;3.7;20.7;2.9;5.34
1983-10-08;22.5;32.86;43.22;0.61;20.7;2.48;6.0
1983-10-09;23.92;33.78;43.64;0.61;20.498;3.4;10.01
1983-10-10;24.0;33.56;43.12;0.61;20.5;3.4;9.17
1983-10-11;24.0;33.47;42.93;0.61;20.505;3.7;8.69
1983-10-12;23.7;33.05;42.4;0.61;20.401;3.63;11.11
1983-10-13;24.13;33.23;42.32;0.61;20.596;3.7;11.35
1983-10-14;23.83;33.13;42.42;0.61;21.006;3.81;10.8
1983-10-15;22.7;32.05;41.4;0.4;20.101;3.0;9.8
1983-10-16;22.8;31.6;40.41;0.4;19.996;2.7;10.21
1983-10-17;23.8;31.65;39.5;0.4;19.701;3.6;10.81
1983-10-18;24.3;30.7;37.1;0.4;19.156;4.0;14.88
1983-10-19;24.3;29.9;35.49;0.4;18.694;3.91;18.42
1983-10-20;23.82;29.01;34.2;0.4;18.395;3.9;20.71
1983-10-21;22.1;27.94;33.78;0.4;18.3;3.3;22.88
1983-10-22;21.21;27.8;34.38;0.4;18.296;2.8;19.12
1983-10-23;20.74;28.37;35.99;0.4;18.357;2.4;15.2
1983-10-24;20.4;29.47;38.55;0.4;18.398;1.79;13.0
1983-10-25;21.91;31.06;40.22;0.4;18.393;3.6;13.59
1983-10-26;24.0;31.86;39.72;0.4;18.601;4.1;14.49
1983-10-27;24.54;31.34;38.13;0.4;17.466;3.0;19.82
1983-10-28;24.61;31.86;39.12;0.4;17.597;3.4;14.9
1983-10-29;24.66;32.46;40.26;0.4;17.596;3.4;13.0
1983-10-30;22.41;29.7;37.0;0.4;17.366;3.7;13.49
1983-10-31;23.62;27.24;30.86;0.4;17.497;4.82;11.15
1983-11-01;20.3;24.14;27.99;0.4;18.196;4.54;10.48
1983-11-02;17.62;22.76;27.89;0.4;17.701;4.13;14.41
1983-11-03;16.61;22.94;29.26;0.4;20.203;4.01;14.92
1983-11-04;18.15;23.36;28.58;0.4;17.556;4.3;15.54
1983-11-05;16.1;21.01;25.92;0.4;17.499;4.52;17.84
1983-11-06;13.19;18.87;24.55;0.4;17.499;4.2;18.41
1983-11-07;11.29;18.23;25.16;0.4;17.499;3.0;15.2
1983-11-08;10.02;18.57;27.13;0.4;17.395;1.17;14.3
1983-11-09;9.87;19.18;28.49;0.4;17.4;1.29;8.72
1983-11-10;9.69;19.29;28.9;0.4;17.194;1.9;12.85
1983-11-11;13.87;20.5;27.12;0.4;16.797;3.61;21.94
1983-11-12;13.1;18.89;24.69;0.4;16.998;3.6;23.02
1983-11-13;10.28;17.18;24.09;0.4;16.996;3.0;21.7
1983-11-14;9.48;16.66;23.84;0.3;16.8;3.0;21.73
1983-11-15;10.18;17.73;25.27;0.4;16.605;3.3;24.22
1983-11-16;12.19;18.79;25.39;0.3;16.445;3.2;26.09
1983-11-17;11.0;18.38;25.76;0.2;16.394;2.7;20.1
1983-11-18;10.0;17.43;24.86;0.2;16.399;3.6;18.12
1983-11-19;10.24;16.46;22.69;0.3;16.198;3.0;24.37
1983-11-20;7.57;15.01;22.45;0.3;16.197;2.4;21.9
1983-11-21;8.46;15.05;21.64;0.3;15.896;3.3;24.26
1983-11-22;10.59;15.39;20.19;0.3;16.099;3.71;26.16
1983-11-23;7.5;13.96;20.42;0.3;16.099;3.09;17.2
1983-11-24;7.5;14.64;21.79;0.3;16.099;3.11;15.73
1983-11-25;7.51;14.75;22.0;0.4;15.9;2.5;18.24
1983-11-26;6.98;15.08;23.17;0.4;16.198;1.98;19.33
1983-11-27;7.14;15.45;23.76;0.4;15.599;1.8;16.4
1983-11-28;7.88;15.22;22.56;0.4;15.301;3.2;21.1
1983-11-29;9.4;15.77;22.13;0.6;15.199;2.8;18.09
1983-11-30;7.58;15.14;22.7;0.6;15.199;2.6;14.5
1983-12-01;7.49;14.78;22.07;0.6;15.696;3.0;11.1
1983-12-02;5.79;14.44;23.09;0.6;15.699;2.4;19.69
1983-12-03;7.46;15.68;23.9;0.4;15.094;1.9;20.11
1983-12-04;8.36;16.18;24.0;0.4;15.2;2.7;19.69
1983-12-05;10.5;16.8;23.1;0.4;13.896;3.0;21.91
1983-12-06;8.59;14.73;20.88;0.4;15.098;2.99;19.2
1983-12-07;5.79;13.48;21.17;0.4;14.799;1.89;17.17
1983-12-08;6.0;14.35;22.7;0.4;14.901;1.69;17.31
1983-12-09;7.47;15.88;24.29;0.4;14.494;2.2;18.71
1983-12-10;7.66;16.36;25.06;0.3;14.399;1.29;16.67
1983-12-11;8.49;16.52;24.56;0.3;14.497;3.4;16.49
1983-12-12;11.29;16.69;22.09;0.3;14.397;3.91;24.03
1983-12-13;7.89;15.44;22.99;0.3;14.394;3.4;21.09
1983-12-14;7.99;16.1;24.21;0.3;14.394;3.43;15.88
1983-12-15;8.89;17.05;25.2;0.6;14.2;3.7;16.37
1983-12-16;10.3;18.1;25.9;0.9;13.999;3.91;18.15
1983-12-17;10.6;18.41;26.21;0.9;13.495;3.51;20.42
1983-12-18;10.19;18.28;26.37;1.2;13.071;3.0;22.71
1983-12-19;10.0;17.9;25.8;1.2;13.999;2.89;19.39
1983-12-20;12.55;17.57;22.59;0.9;14.399;3.91;14.8
1983-12-21;9.19;15.64;22.1;0.9;16.103;3.4;19.5
1983-12-22;10.11;15.89;21.67;0.6;13.497;3.5;23.43
1983-12-23;8.39;15.24;22.09;0.6;13.798;3.0;24.3
1983-12-24;7.3;14.82;22.34;0.9;16.498;2.49;17.8
1983-12-25;6.15;13.97;21.79;1.2;14.592;1.8;16.33
1983-12-26;3.86;12.97;22.08;0.9;14.901;1.2;15.87
1983-12-27;5.78;14.29;22.81;0.9;13.098;2.5;18.59
1983-12-28;9.61;14.67;19.74;0.9;13.495;3.8;18.2
1983-12-29;6.79;11.64;16.49;0.9;14.998;3.7;22.2
1983-12-30;5.07;9.83;14.59;0.9;14.901;3.6;16.57
1983-12-31;5.47;11.73;17.99;0.9;14.698;3.4;18.8
1984-01-01;5.94;13.07;20.19;0.9;14.393;2.6;27.13
1984-01-02;5.67;13.67;21.67;0.9;14.301;3.1;21.39
1984-01-03;6.89;12.7;18.5;1.2;14.799;3.6;21.0
1984-01-04;6.08;11.82;17.55;1.2;14.696;3.6;26.3
1984-01-05;3.63;9.65;15.68;1.2;15.196;2.4;25.33
1984-01-06;2.96;10.91;18.85;1.2;16.4;0.5;19.7
1984-01-07;5.6;13.59;21.59;1.2;14.799;2.49;12.56
1984-01-08;5.88;12.68;19.49;0.9;14.907;3.7;18.79
1984-01-09;5.69;12.58;19.46;1.2;14.998;2.5;22.27
1984-01-10;3.63;11.88;20.12;1.5;15.295;2.59;16.13
1984-01-11;3.65;12.77;21.9;1.5;17.124;2.45;11.65
1984-01-12;6.79;14.79;22.79;1.5;14.796;2.3;23.65
1984-01-13;5.89;14.28;22.67;1.5;15.197;2.0;16.1
1984-01-14;7.49;15.45;23.41;1.5;14.997;2.5;21.24
1984-01-15;9.21;15.67;22.13;1.5;15.097;3.5;19.54
1984-01-16;7.8;14.63;21.45;1.5;15.297;2.8;14.77
1984-01-17;5.87;14.27;22.66;1.2;15.199;2.2;12.77
1984-01-18;8.0;16.05;24.1;1.2;15.194;2.4;18.63
1984-01-19;9.3;17.33;25.36;1.2;15.257;3.2;23.63
1984-01-20;9.9;18.0;26.1;1.5;15.595;2.8;22.7
1984-01-21;9.93;18.08;26.23;1.5;17.003;1.99;17.46
1984-01-22;9.3;17.3;25.3;1.5;15.601;3.71;15.07
1984-01-23;11.73;16.71;21.69;1.5;15.797;3.8;18.82
1984-01-24;8.4;15.05;21.69;0.3;16.099;2.79;13.12
1984-01-25;5.89;14.64;23.4;0.3;16.699;1.06;8.09
1984-01-26;6.4;15.8;25.2;0.6;16.396;1.49;10.78
1984-01-27;8.99;18.59;28.2;0.6;16.299;2.4;15.29
1984-01-28;14.63;23.22;31.81;0.6;15.894;3.8;20.03
1984-01-29;9.28;16.54;23.8;0.6;16.9;4.1;9.29
1984-01-30;5.9;13.84;21.77;0.6;17.999;3.0;5.69
1984-01-31;6.07;15.65;25.23;0.6;17.1;2.3;13.58
1984-02-01;8.58;17.84;27.1;0.6;16.797;1.69;13.1
1984-02-02;9.82;19.27;28.73;0.6;16.992;2.2;11.8
1984-02-03;11.1;20.66;30.22;0.6;16.895;2.1;18.41
1984-02-04;15.65;23.25;30.86;0.6;16.692;2.6;24.5
1984-02-05;16.69;24.37;32.04;0.6;16.696;3.0;20.26
1984-02-06;15.52;23.93;32.34;0.6;17.399;3.1;12.8
1984-02-07;13.66;22.98;32.3;0.6;17.697;2.57;11.69
1984-02-08;12.1;22.39;32.68;0.3;17.794;3.1;9.95
1984-02-09;14.52;21.98;29.43;0.3;17.899;3.9;14.7
1984-02-10;13.41;20.45;27.5;0.3;18.207;3.9;8.65
1984-02-11;13.23;18.66;24.1;0.3;18.495;4.7;7.78
1984-02-12;9.9;15.77;21.65;0.3;18.899;4.0;14.12
1984-02-13;8.2;15.09;21.98;0.3;18.899;3.8;13.0
1984-02-14;6.97;14.72;22.47;0.32;19.002;3.4;13.5
1984-02-15;6.18;14.48;22.78;0.32;19.506;2.2;11.5
1984-02-16;5.97;14.4;22.84;0.32;19.172;3.4;10.48
1984-02-17;11.01;15.5;20.0;0.32;18.992;4.74;17.51
1984-02-18;7.92;12.61;17.29;0.32;19.499;4.31;12.03
1984-02-19;5.5;11.84;18.17;0.32;19.492;3.3;12.0
1984-02-20;4.34;12.58;20.82;0.32;19.696;2.27;10.89
1984-02-21;7.82;16.07;24.33;0.32;19.494;3.0;16.14
1984-02-22;9.59;18.64;27.7;0.32;19.698;3.7;10.27
1984-02-23;7.89;17.49;27.09;0.3;19.794;3.3;7.48
1984-02-24;10.51;16.25;21.99;0.61;20.2;4.0;11.5
1984-02-25;6.87;15.28;23.69;0.61;20.291;2.2;11.2
1984-02-26;6.16;15.68;25.2;0.61;20.591;2.8;8.8
1984-02-27;11.7;17.95;24.19;0.61;20.094;3.7;10.3
1984-02-28;9.78;17.54;25.31;0.61;20.4;3.4;10.49
1984-02-29;0.0;0.0;0.0;0.0;0.0;0.0;0.0
1984-03-01;9.4;17.73;26.06;0.61;20.706;2.9;11.17
1984-03-02;9.8;18.91;28.02;0.61;20.7;2.3;8.7
1984-03-03;11.42;20.46;29.5;0.61;20.796;2.4;7.19
1984-03-04;12.1;20.04;27.97;0.61;20.896;2.1;11.76
1984-03-05;12.0;21.29;30.58;0.61;21.095;0.99;13.87
1984-03-06;13.71;22.93;32.14;0.61;21.203;3.0;7.3
1984-03-07;16.0;26.25;36.49;0.61;23.571;3.9;3.99
1984-03-08;14.76;23.74;32.72;0.61;23.803;3.4;7.69
1984-03-09;16.62;23.75;30.88;0.61;21.401;3.5;13.01
1984-03-10;13.1;21.1;29.1;0.61;22.305;2.3;8.3
1984-03-11;10.69;20.36;30.02;1.0;22.003;2.6;6.8
1984-03-12;14.72;20.75;26.79;1.0;21.298;4.31;14.67
1984-03-13;13.09;18.44;23.79;1.0;21.924;4.0;12.5
1984-03-14;12.67;18.68;24.7;1.0;22.172;4.1;13.92
1984-03-15;11.69;19.5;27.3;1.0;22.099;4.1;14.0
1984-03-16;11.59;20.5;29.41;1.0;22.099;3.9;10.82
1984-03-17;12.2;21.52;30.84;0.5;22.198;3.6;9.71
1984-03-18;12.71;21.93;31.15;0.3;22.798;1.79;7.91
1984-03-19;13.51;22.3;31.1;0.4;22.092;2.1;11.62
1984-03-20;13.99;22.55;31.11;0.4;22.6;3.5;9.09
1984-03-21;14.55;21.43;28.3;0.4;22.807;3.9;8.2
1984-03-22;13.95;20.38;26.8;0.4;23.204;3.93;8.81
1984-03-23;12.51;19.44;26.37;0.4;23.2;3.81;9.1
1984-03-24;11.6;19.54;27.47;0.4;23.197;2.7;9.5
1984-03-25;11.96;20.33;28.69;0.4;23.395;2.0;10.7
1984-03-26;12.68;21.44;30.2;0.3;24.803;0.99;10.43
1984-03-27;12.69;22.55;32.41;0.3;23.698;1.7;6.6
1984-03-28;13.21;23.61;34.0;0.3;23.902;1.06;4.28
1984-03-29;12.9;24.45;36.01;0.3;23.954;2.1;4.49
1984-03-30;15.2;21.84;28.47;0.3;23.898;4.97;6.81
1984-03-31;12.47;19.07;25.66;0.3;24.303;3.41;10.1
1984-04-01;11.3;19.45;27.6;0.3;23.998;2.7;12.69
1984-04-02;11.89;21.25;30.6;0.3;24.298;2.0;8.2
1984-04-03;13.67;23.89;34.11;0.3;24.496;1.39;5.77
1984-04-04;14.92;26.38;37.84;0.3;24.798;1.6;3.19
1984-04-05;17.51;28.86;40.21;0.3;25.299;2.6;4.28
1984-04-06;18.42;30.52;42.62;0.3;25.199;3.71;4.41
1984-04-07;19.3;25.0;30.69;0.3;24.399;5.61;9.95
1984-04-08;16.29;21.62;26.95;0.3;25.293;4.4;7.41
1984-04-09;13.1;20.15;27.2;0.3;25.093;3.2;7.42
1984-04-10;13.09;21.09;29.08;0.3;25.394;1.5;7.7
1984-04-11;17.71;27.3;36.9;0.01;24.994;3.9;6.01
1984-04-12;19.28;25.25;31.22;0.01;25.1;4.5;6.75
1984-04-13;16.89;21.69;26.49;0.01;25.404;4.1;11.81
1984-04-14;13.71;18.95;24.19;0.3;25.395;3.4;8.51
1984-04-15;13.08;21.22;29.36;0.3;25.401;2.2;7.37
1984-04-16;16.51;25.5;34.49;0.3;25.598;1.79;9.69
1984-04-17;17.89;28.14;38.4;0.3;27.399;2.1;6.1
1984-04-18;21.69;28.09;34.5;0.3;24.398;4.64;10.91
1984-04-19;18.09;24.82;31.55;0.3;26.105;4.0;6.59
1984-04-20;14.59;23.98;33.38;0.3;27.711;1.9;5.9
1984-04-21;15.81;26.04;36.26;0.3;27.201;1.1;4.69
1984-04-22;17.98;28.74;39.5;0.3;26.495;0.99;4.5
1984-04-23;19.6;29.95;40.3;0.3;24.993;1.9;4.79
1984-04-24;20.93;29.38;37.82;0.3;24.394;2.8;8.87
1984-04-25;19.71;28.3;36.88;0.3;26.199;2.7;6.2
1984-04-26;20.75;30.07;39.4;0.3;27.005;2.1;7.1
1984-04-27;24.62;34.23;43.84;0.3;24.971;4.51;4.2
1984-04-28;28.71;34.87;41.03;0.3;18.35;3.44;10.54
1984-04-29;26.43;33.77;41.1;0.3;21.374;4.1;9.93
1984-04-30;26.64;32.07;37.5;0.3;18.368;3.1;16.37
1984-05-01;25.22;28.01;30.8;0.3;11.543;2.1;20.57
1984-05-02;24.61;29.68;34.75;0.3;16.493;1.09;18.27
1984-05-03;22.59;30.87;39.15;0.3;27.499;2.0;12.07
1984-05-04;22.91;29.53;36.15;0.3;21.667;3.4;11.35
1984-05-05;21.8;28.99;36.18;0.3;25.299;3.0;10.91
1984-05-06;20.29;26.95;33.6;0.3;28.8;4.2;4.24
1984-05-07;18.49;24.64;30.79;0.3;28.349;4.0;6.7
1984-05-08;17.1;24.04;30.98;0.3;26.895;3.1;7.19
1984-05-09;15.72;24.61;33.5;0.3;26.894;2.2;8.93
1984-05-10;18.6;27.4;36.2;0.3;25.994;1.29;8.62
1984-05-11;20.99;30.48;39.98;0.3;26.098;3.0;6.3
1984-05-12;21.3;30.58;39.86;0.3;25.792;2.4;6.49
1984-05-13;23.77;33.19;42.6;0.3;27.72;2.8;6.7
1984-05-14;26.7;35.95;45.21;0.3;27.6;4.21;4.58
1984-05-15;26.81;34.51;42.2;0.0;28.116;5.04;8.9
1984-05-16;26.02;32.76;39.5;0.0;29.309;3.81;9.91
1984-05-17;25.7;31.48;37.27;0.0;28.128;4.31;7.14
1984-05-18;25.5;31.68;37.86;0.0;27.999;3.5;5.11
1984-05-19;23.0;30.7;38.4;0.0;24.186;3.1;4.08
1984-05-20;20.6;30.05;39.5;0.0;28.099;2.8;3.5
1984-05-21;19.94;29.77;39.6;0.0;27.699;2.0;5.39
1984-05-22;22.3;31.73;41.15;0.0;27.397;2.6;6.1
1984-05-23;22.79;32.25;41.7;0.0;25.392;2.8;5.9
1984-05-24;24.0;33.4;42.8;0.0;27.1;3.09;4.9
1984-05-25;24.4;33.86;43.31;0.0;28.801;2.0;3.46
1984-05-26;23.82;34.52;45.21;0.01;28.706;1.9;5.5
1984-05-27;24.61;35.21;45.81;0.01;28.507;2.37;3.44
1984-05-28;25.11;35.05;45.0;0.4;26.99;4.1;5.9
1984-05-29;28.38;35.44;42.5;0.4;24.768;5.44;10.92
1984-05-30;26.35;32.41;38.48;0.4;27.295;5.41;5.8
1984-05-31;24.35;29.81;35.27;0.4;28.701;4.81;7.19
1984-06-01;23.81;29.19;34.56;0.4;27.998;4.31;8.42
1984-06-02;23.0;28.8;34.61;0.4;27.399;3.9;8.71
1984-06-03;21.81;28.23;34.65;0.4;27.8;3.5;7.7
1984-06-04;20.12;27.67;35.23;0.4;28.099;2.59;8.61
1984-06-05;18.16;28.02;37.89;0.4;28.5;1.69;9.0
1984-06-06;20.44;29.86;39.28;0.4;27.193;2.49;7.5
1984-06-07;23.29;31.79;40.29;0.4;26.679;3.1;8.1
1984-06-08;24.79;32.7;40.6;0.4;27.193;4.4;7.01
1984-06-09;24.69;33.05;41.4;0.4;28.599;4.3;4.09
1984-06-10;22.7;31.55;40.4;0.4;29.402;2.69;3.99
1984-06-11;20.8;32.47;44.13;0.4;28.898;1.86;3.09
1984-06-12;23.09;34.62;46.14;0.4;28.5;0.9;3.4
1984-06-13;24.17;35.09;46.01;0.4;28.3;1.99;3.39
1984-06-14;25.3;35.81;46.33;0.4;28.599;4.2;4.2
1984-06-15;28.02;36.96;45.9;0.4;27.899;4.62;5.8
1984-06-16;28.37;36.59;44.8;0.4;27.699;5.01;6.11
1984-06-17;28.02;35.21;42.4;0.4;27.097;4.82;7.1
1984-06-18;26.51;33.95;41.4;0.4;28.8;4.1;5.2
1984-06-19;25.4;34.17;42.95;0.4;28.904;4.3;6.39
1984-06-20;27.11;34.61;42.1;0.4;27.994;4.61;9.32
1984-06-21;26.95;33.21;39.48;1.1;27.298;4.1;9.14
1984-06-22;24.9;32.45;40.0;1.1;27.798;3.5;7.91
1984-06-23;24.29;33.14;42.0;1.1;27.698;3.3;6.2
1984-06-24;24.09;33.2;42.3;1.1;29.098;3.4;6.5
1984-06-25;24.8;32.8;40.79;1.1;28.699;3.8;6.59
1984-06-26;24.2;32.35;40.5;1.1;28.718;3.64;7.51
1984-06-27;24.6;32.4;40.2;0.4;27.496;3.5;8.42
1984-06-28;24.49;32.23;39.98;0.4;28.9;3.8;5.9
1984-06-29;24.3;32.05;39.79;0.4;28.299;3.6;7.8
1984-06-30;24.3;31.74;39.18;0.4;27.698;3.5;9.1
1984-07-01;22.79;30.64;38.5;0.4;28.402;3.2;7.31
1984-07-02;21.27;30.08;38.89;0.4;28.617;2.59;6.7
1984-07-03;21.06;30.67;40.28;0.4;28.616;1.78;7.4
1984-07-04;21.93;31.21;40.49;0.4;28.699;1.77;8.39
1984-07-05;22.35;31.68;41.0;0.4;28.1;2.19;7.2
1984-07-06;23.4;32.3;41.2;4.1;28.199;2.99;6.29
1984-07-07;25.41;33.3;41.2;4.1;29.236;3.6;7.29
1984-07-08;26.11;33.5;40.9;4.1;29.11;3.5;7.5
1984-07-09;25.3;33.3;41.3;1.5;29.213;3.1;6.6
1984-07-10;23.5;33.25;43.0;1.5;28.906;2.3;6.5
1984-07-11;23.18;33.29;43.4;1.5;28.504;2.5;5.28
1984-07-12;24.38;33.17;41.96;1.5;28.0;2.99;7.0
1984-07-13;25.2;33.0;40.8;1.5;28.829;3.91;8.81
1984-07-14;26.82;32.75;38.68;1.5;28.706;4.3;9.2
1984-07-15;25.99;32.01;38.03;1.5;28.098;4.0;10.5
1984-07-16;25.4;32.35;39.3;1.5;28.398;3.5;7.94
1984-07-17;25.66;33.27;40.89;1.5;26.596;3.3;8.83
1984-07-18;26.69;34.59;42.5;1.5;28.701;3.8;8.51
1984-07-19;27.95;35.27;42.59;1.5;28.199;4.2;8.1
1984-07-20;27.92;34.86;41.8;1.5;27.098;4.41;8.1
1984-07-21;27.9;34.55;41.2;1.5;25.798;4.7;9.11
1984-07-22;27.69;33.72;39.75;1.5;27.2;4.71;8.1
1984-07-23;26.26;31.83;37.4;1.5;28.001;4.21;10.52
1984-07-24;24.89;30.46;36.03;1.5;28.1;3.5;10.81
1984-07-25;23.18;29.68;36.19;1.5;27.499;2.58;10.7
1984-07-26;22.49;30.82;39.15;1.5;27.699;1.8;10.5
1984-07-27;22.52;31.2;39.89;1.5;28.0;1.58;10.3
1984-07-28;24.19;32.19;40.19;1.5;28.413;2.89;9.41
1984-07-29;25.1;33.05;41.0;1.5;28.533;3.3;5.6
1984-07-30;25.89;34.34;42.79;1.5;26.799;3.6;6.8
1984-07-31;27.6;35.2;42.8;1.5;26.597;4.2;8.53
1984-08-01;27.49;34.95;42.4;1.5;27.403;4.2;6.19
1984-08-02;27.5;34.23;40.97;1.5;28.004;4.3;7.6
1984-08-03;26.59;33.34;40.09;1.5;29.343;4.0;9.31
1984-08-04;25.8;33.15;40.49;1.5;28.619;3.3;8.0
1984-08-05;25.3;33.1;40.9;1.5;26.501;2.9;9.11
1984-08-06;25.6;33.6;41.6;0.4;26.0;2.7;8.4
1984-08-07;24.95;33.67;42.4;0.4;26.097;1.88;6.98
1984-08-08;24.76;34.19;43.61;0.4;26.597;1.5;5.89
1984-08-09;25.99;35.15;44.31;0.4;26.199;3.29;6.7
1984-08-10;26.6;35.02;43.43;0.4;28.258;3.83;7.9
1984-08-11;26.9;33.8;40.69;0.4;27.106;3.9;10.61
1984-08-12;26.2;32.78;39.37;0.4;25.9;4.0;11.02
1984-08-13;25.3;32.0;38.7;0.4;25.696;3.6;10.13
1984-08-14;23.18;31.07;38.95;1.8;27.696;3.3;11.05
1984-08-15;23.97;31.2;38.42;1.8;27.006;3.61;10.5
1984-08-16;22.89;31.0;39.1;1.8;26.599;3.2;7.61
1984-08-17;22.06;31.07;40.08;1.8;26.1;1.98;8.1
1984-08-18;21.21;30.85;40.49;1.8;25.999;1.87;9.6
1984-08-19;23.38;32.04;40.7;1.8;25.7;1.88;9.89
1984-08-20;23.69;32.44;41.19;1.8;25.599;1.89;9.9
1984-08-21;24.2;32.7;41.19;1.8;25.5;2.2;9.93
1984-08-22;24.29;32.7;41.1;1.8;25.2;1.84;11.23
1984-08-23;23.9;32.6;41.3;1.8;25.001;1.85;9.9
1984-08-24;23.04;32.13;41.22;1.8;25.701;1.86;8.89
1984-08-25;24.2;32.3;40.4;1.8;24.498;2.99;11.5
1984-08-26;24.08;32.09;40.09;1.8;24.899;2.89;10.31
1984-08-27;23.28;31.73;40.17;1.8;25.5;2.8;9.91
1984-08-28;23.67;32.03;40.39;1.8;25.099;3.3;10.1
1984-08-29;24.8;32.75;40.7;1.8;24.904;3.8;10.4
1984-08-30;25.1;32.66;40.21;1.8;25.034;3.9;9.2
1984-08-31;24.91;32.55;40.2;1.8;25.406;3.81;9.0
1984-09-01;24.2;32.65;41.09;1.8;25.001;3.7;7.79
1984-09-02;25.4;33.15;40.9;1.8;25.099;4.31;8.1
1984-09-03;25.09;32.64;40.19;1.8;26.004;3.9;9.0
1984-09-04;24.2;32.3;40.4;1.8;25.603;3.4;9.0
1984-09-05;22.89;32.09;41.3;1.8;25.902;3.2;7.8
1984-09-06;23.5;32.15;40.8;1.8;24.8;3.5;9.0
1984-09-07;24.89;32.14;39.4;1.8;25.1;4.0;10.23
1984-09-08;24.39;31.0;37.6;1.8;24.899;3.8;13.06
1984-09-09;23.4;30.63;37.85;1.8;24.2;3.2;11.32
1984-09-10;22.08;30.29;38.51;1.8;24.201;2.9;9.6
1984-09-11;20.79;29.79;38.78;1.8;24.2;2.58;10.31
1984-09-12;20.18;29.93;39.69;1.8;24.303;2.3;9.21
1984-09-13;21.19;31.09;41.0;1.8;24.503;3.4;8.7
1984-09-14;25.7;33.2;40.69;0.9;24.096;4.43;11.21
1984-09-15;26.11;33.3;40.49;0.9;23.796;4.5;9.83
1984-09-16;25.1;32.39;39.68;0.9;23.299;4.1;7.89
1984-09-17;22.89;30.84;38.8;0.9;23.301;3.19;7.98
1984-09-18;20.27;30.03;39.79;0.9;23.597;2.8;6.9
1984-09-19;20.05;30.23;40.4;0.9;23.397;2.8;6.85
1984-09-20;21.49;31.3;41.1;0.2;22.799;3.19;6.3
1984-09-21;22.3;31.8;41.3;0.2;22.798;3.3;6.5
1984-09-22;21.79;31.09;40.4;0.2;23.104;3.4;7.2
1984-09-23;21.49;30.03;38.58;0.2;23.042;3.2;8.39
1984-09-24;19.75;28.97;38.19;0.2;22.906;2.79;8.7
1984-09-25;20.68;29.94;39.2;0.4;22.7;3.2;8.8
1984-09-26;24.44;31.67;38.9;0.4;22.398;3.9;9.1
1984-09-27;23.3;31.1;38.9;0.4;22.3;3.6;9.6
1984-09-28;23.19;31.34;39.49;0.4;21.802;3.4;10.19
1984-09-29;24.61;32.51;40.41;0.41;20.999;3.8;9.4
1984-09-30;25.9;33.15;40.4;0.41;21.296;3.9;9.4
1984-10-01;25.63;32.2;38.77;0.41;21.197;4.1;10.02
1984-10-02;24.19;30.39;36.59;0.41;21.198;3.9;11.7
1984-10-03;21.61;28.49;35.37;0.61;21.492;3.5;12.62
1984-10-04;20.79;27.83;34.87;0.61;21.301;3.2;14.12
1984-10-05;20.2;27.88;35.55;0.61;21.194;3.1;14.5
1984-10-06;19.58;27.97;36.37;3.7;21.198;2.8;11.2
1984-10-07;18.5;27.8;37.1;3.7;21.209;3.0;9.98
1984-10-08;22.65;28.87;35.09;0.61;20.599;4.0;15.2
1984-10-09;21.4;28.1;34.8;0.61;20.505;3.8;14.53
1984-10-10;21.6;28.35;35.1;0.61;20.411;4.02;10.59
1984-10-11;21.71;28.25;34.8;0.61;20.4;4.01;11.32
1984-10-12;21.28;28.09;34.89;0.61;20.294;3.81;12.72
1984-10-13;20.29;28.39;36.5;0.61;20.199;3.3;11.18
1984-10-14;20.76;29.43;38.1;0.61;20.193;3.3;9.6
1984-10-15;20.37;29.39;38.41;0.4;20.205;2.8;8.69
1984-10-16;20.3;29.71;39.12;0.4;20.099;2.6;9.29
1984-10-17;19.5;29.95;40.41;0.4;20.104;2.9;7.59
1984-10-18;20.49;30.51;40.53;0.4;20.0;3.6;9.47
1984-10-19;20.8;30.3;39.81;0.4;19.802;3.7;11.06
1984-10-20;20.6;29.62;38.63;0.4;19.799;3.4;9.39
1984-10-21;19.82;28.46;37.09;0.4;19.602;2.9;11.5
1984-10-22;19.4;28.2;37.0;0.4;19.399;2.9;12.06
1984-10-23;18.35;27.63;36.9;0.4;19.301;3.3;10.9
1984-10-24;19.0;27.55;36.11;0.4;19.004;3.1;10.98
1984-10-25;19.5;27.4;35.3;0.4;18.699;2.77;11.6
1984-10-26;17.7;27.1;36.51;0.4;18.503;1.7;11.18
1984-10-27;19.6;28.07;36.54;0.4;18.202;2.9;13.3
1984-10-28;20.02;28.46;36.9;0.4;18.4;3.7;11.34
1984-10-29;17.3;27.1;36.91;0.4;18.503;3.41;11.2
1984-10-30;17.96;27.18;36.41;0.4;18.3;3.6;11.68
1984-10-31;17.0;26.45;35.91;0.4;18.242;3.3;11.68
1984-11-01;16.2;25.6;35.01;0.4;18.203;2.9;12.89
1984-11-02;17.29;25.82;34.34;0.4;17.904;2.9;15.21
1984-11-03;17.49;25.76;34.02;0.4;17.697;2.96;15.69
1984-11-04;17.0;25.45;33.9;0.4;17.599;3.25;14.59
1984-11-05;18.2;25.35;32.5;0.4;17.398;3.6;14.6
1984-11-06;17.8;24.65;31.5;0.4;17.297;3.21;14.32
1984-11-07;15.89;23.89;31.89;0.4;17.099;2.6;12.96
1984-11-08;19.1;24.48;29.85;0.4;16.998;4.11;15.8
1984-11-09;18.13;22.75;27.38;0.4;17.096;4.52;18.1
1984-11-10;15.62;20.91;26.19;0.4;17.001;4.1;27.32
1984-11-11;13.78;20.59;27.41;0.4;16.998;2.9;22.71
1984-11-12;13.38;20.68;27.99;0.4;16.997;2.6;16.39
1984-11-13;12.26;20.23;28.19;0.4;16.903;2.3;11.38
1984-11-14;10.37;19.43;28.5;0.3;16.901;1.48;11.78
1984-11-15;11.19;20.0;28.8;0.4;16.394;1.48;13.7
1984-11-16;12.88;20.36;27.84;0.3;16.445;3.2;15.7
1984-11-17;12.6;18.6;24.6;0.2;16.442;3.4;16.95
1984-11-18;10.49;17.18;23.88;0.2;16.399;3.4;17.95
1984-11-19;11.49;18.04;24.58;0.3;16.197;3.7;21.42
1984-11-20;10.78;17.74;24.7;0.3;16.199;3.0;21.3
1984-11-21;9.69;16.38;23.06;0.3;15.898;3.1;20.3
1984-11-22;8.14;14.87;21.6;0.3;15.898;2.0;24.03
1984-11-23;7.89;15.53;23.16;0.3;15.598;2.7;24.71
1984-11-24;10.79;15.72;20.66;0.3;15.798;3.6;24.75
1984-11-25;7.46;14.21;20.96;0.4;15.898;2.8;16.68
1984-11-26;7.1;14.52;21.95;0.4;15.597;2.6;20.9
1984-11-27;8.12;15.34;22.57;0.4;15.498;2.8;25.47
1984-11-28;10.21;16.45;22.68;0.4;15.199;3.4;25.64
1984-11-29;8.59;15.95;23.31;0.6;15.301;2.86;20.83
1984-11-30;10.04;16.56;23.08;0.6;15.297;3.61;19.76
1984-12-01;12.3;16.64;20.98;0.6;15.188;4.6;23.52
1984-12-02;11.4;16.73;22.07;0.6;15.094;5.43;23.3
1984-12-03;10.29;16.28;22.27;0.4;15.195;4.23;20.5
1984-12-04;7.69;14.59;21.48;0.4;15.295;3.72;13.3
1984-12-05;8.15;14.57;20.99;0.4;15.435;4.03;15.08
1984-12-06;9.87;16.18;22.49;0.4;14.393;3.43;30.53
1984-12-07;8.97;15.38;21.79;0.4;14.497;2.8;28.11
1984-12-08;8.47;14.67;20.87;0.4;14.799;3.0;21.43
1984-12-09;7.4;14.54;21.68;0.4;14.397;2.3;22.8
1984-12-10;6.27;13.98;21.69;0.3;14.698;2.3;18.65
1984-12-11;7.27;14.78;22.29;0.3;15.098;2.4;17.81
1984-12-12;6.1;14.98;23.85;0.3;14.5;1.6;16.72
1984-12-13;6.67;16.59;26.51;0.3;15.52;1.9;11.5
1984-12-14;7.9;17.5;27.1;0.3;16.642;3.0;9.74
1984-12-15;9.1;16.03;22.96;0.6;14.698;3.1;12.5
1984-12-16;5.59;13.69;21.78;0.9;14.898;2.89;13.49
1984-12-17;8.59;14.08;19.57;0.9;14.397;3.5;22.2
1984-12-18;6.58;13.11;19.65;1.2;15.999;3.6;16.01
1984-12-19;7.8;14.2;20.6;1.2;16.108;3.51;20.4
1984-12-20;5.88;13.89;21.9;0.9;14.298;2.2;19.8
1984-12-21;4.28;13.29;22.29;0.9;15.099;1.8;13.07
1984-12-22;5.8;15.11;24.41;0.6;14.394;2.5;12.64
1984-12-23;10.5;18.04;25.58;0.6;13.497;3.72;22.1
1984-12-24;13.53;19.26;24.99;0.9;10.79;4.37;15.69
1984-12-25;13.6;18.8;24.0;1.2;13.299;4.41;11.54
1984-12-26;11.7;16.95;22.19;0.9;14.397;4.0;14.6
1984-12-27;9.41;15.4;21.39;0.9;15.002;3.81;16.09
1984-12-28;8.33;13.96;19.59;0.9;14.124;3.9;23.14
1984-12-29;5.9;13.9;21.9;0.9;15.301;3.5;21.68
1984-12-30;8.0;16.36;24.71;0.9;16.602;3.8;20.5
1984-12-31;10.5;17.64;24.79;0.9;15.098;3.0;22.05
