iso-date;tmin;tavg;tmax;precip;globrad;wind;relhumid
1980-01-01;1.5;3.6;5.71;0.59;2.7;3.5;84.4
1980-01-02;3.2;5.1;7.0;-0.01;2.299;3.7;81.5
1980-01-03;3.41;4.6;5.79;20.71;1.096;5.31;90.46
1980-01-04;2.22;4.36;6.5;0.6;2.703;4.0;85.01
1980-01-05;4.43;6.57;8.71;13.03;1.293;3.5;86.73
1980-01-06;5.31;7.11;8.9;1.19;2.006;2.76;86.06
1980-01-07;0.9;4.15;7.4;-0.01;2.203;2.19;86.55
1980-01-08;-1.71;1.35;4.4;-0.01;3.4;0.72;85.26
1980-01-09;-2.61;-0.2;2.2;-0.01;2.897;1.39;88.95
1980-01-10;0.4;4.41;8.41;3.7;1.889;5.5;78.79
1980-01-11;1.8;4.84;7.89;3.93;3.507;3.19;84.7
1980-01-12;0.11;2.54;4.97;-0.01;2.999;2.59;80.11
1980-01-13;0.0;3.44;6.89;1.18;1.497;3.8;80.3
1980-01-14;1.61;5.06;8.51;6.71;2.597;5.64;74.37
1980-01-15;3.39;5.94;8.49;-0.01;2.899;4.6;69.59
1980-01-16;3.4;5.03;6.66;-0.01;3.005;5.93;68.9
1980-01-17;1.4;3.8;6.2;-0.01;2.698;5.6;76.11
1980-01-18;1.31;4.46;7.62;1.95;1.593;3.51;84.82
1980-01-19;5.74;7.54;9.33;12.31;1.477;3.69;86.93
1980-01-20;6.34;7.51;8.68;4.09;2.187;3.71;88.13
1980-01-21;5.42;7.51;9.61;0.71;3.098;3.21;85.01
1980-01-22;3.44;5.97;8.51;-0.01;3.694;3.1;71.9
1980-01-23;4.47;8.77;13.06;2.09;2.197;7.7;51.39
1980-01-24;4.42;7.47;10.52;-0.01;2.801;7.0;54.82
1980-01-25;0.07;2.28;4.48;-0.01;4.102;3.8;55.34
1980-01-26;-0.13;2.33;4.79;-0.02;2.999;3.66;76.76
1980-01-27;0.09;2.02;3.96;-0.01;4.096;4.1;65.17
1980-01-28;2.5;6.63;10.75;5.31;1.896;5.62;73.46
1980-01-29;7.41;8.91;10.41;3.3;1.896;4.61;84.85
1980-01-30;0.75;4.92;9.1;0.73;2.797;6.04;65.37
1980-01-31;-1.21;0.98;3.17;-0.02;4.699;4.5;55.88
1980-02-01;-2.51;-0.65;1.2;-0.01;4.907;3.29;50.3
1980-02-02;-1.2;2.28;5.77;-0.01;4.294;5.6;65.39
1980-02-03;5.33;8.03;10.73;-0.01;2.573;6.3;84.62
1980-02-04;9.96;10.89;11.82;9.12;1.252;6.02;90.08
1980-02-05;7.72;9.96;12.21;1.89;1.189;1.39;85.82
1980-02-06;9.38;11.7;14.02;-0.01;4.412;3.29;80.87
1980-02-07;7.63;9.97;12.32;-0.01;4.404;3.3;79.36
1980-02-08;4.67;6.99;9.3;5.09;3.385;6.31;69.35
1980-02-09;-0.03;2.26;4.56;-0.01;4.094;5.3;62.71
1980-02-10;-2.11;-0.16;1.79;-0.01;4.599;2.69;78.5
1980-02-11;-3.35;-0.83;1.7;-0.02;3.29;2.39;81.3
1980-02-12;-5.67;-3.39;-1.11;-0.01;6.33;1.49;71.74
1980-02-13;-6.27;-3.8;-1.33;-0.01;6.296;2.39;53.17
1980-02-14;-3.97;-0.74;2.49;1.7;2.754;5.4;59.21
1980-02-15;3.07;5.39;7.72;-0.01;5.599;5.01;68.91
1980-02-16;2.41;4.88;7.36;6.14;5.202;5.3;81.62
1980-02-17;-1.11;4.91;10.92;1.0;3.694;3.8;50.17
1980-02-18;7.86;9.98;12.1;1.24;3.182;6.41;85.87
1980-02-19;5.47;7.69;9.91;-0.01;6.502;3.5;64.81
1980-02-20;-0.8;3.04;6.87;-0.01;6.924;0.66;49.28
1980-02-21;-1.8;2.15;6.1;-0.01;7.945;3.59;43.83
1980-02-22;2.83;5.71;8.59;5.59;5.606;3.9;68.79
1980-02-23;2.2;4.75;7.31;-0.01;4.698;1.46;76.01
1980-02-24;-1.92;2.08;6.09;0.99;6.0;3.5;61.71
1980-02-25;4.31;8.16;12.02;1.66;3.315;3.0;83.72
1980-02-26;0.01;4.8;9.6;-0.01;8.518;1.9;48.71
1980-02-27;-0.3;4.65;9.61;-0.01;8.402;2.58;49.45
1980-02-28;3.8;7.16;10.52;1.03;7.407;4.51;53.12
1980-02-29;0.0;0.0;0.0;0.0;0.0;0.0;0.0
1980-03-01;0.2;2.89;5.58;0.0;7.998;2.79;65.39
1980-03-02;-1.3;2.95;7.19;-0.01;5.294;2.8;66.9
1980-03-03;2.81;6.81;10.81;-0.01;6.296;4.0;67.61
1980-03-04;3.4;6.75;10.1;6.34;3.662;3.6;87.36
1980-03-05;0.7;3.65;6.6;0.0;8.988;3.0;55.42
1980-03-06;-0.2;3.25;6.69;-0.01;8.3;4.5;42.74
1980-03-07;-1.11;2.59;6.29;-0.01;10.42;2.2;45.88
1980-03-08;-1.91;1.1;4.11;-0.01;10.326;2.2;41.33
1980-03-09;-3.7;-0.09;3.52;-0.01;11.915;1.49;30.59
1980-03-10;-1.91;1.04;3.99;0.0;12.821;4.2;29.87
1980-03-11;-0.15;2.17;4.48;-0.01;8.696;4.42;44.97
1980-03-12;-1.9;1.79;5.48;-0.01;10.111;2.2;35.31
1980-03-13;-1.61;3.24;8.09;-0.01;8.3;2.43;34.68
1980-03-14;-0.21;3.9;8.0;7.67;7.299;1.7;62.8
1980-03-15;0.21;3.79;7.38;6.12;6.983;3.6;58.01
1980-03-16;-1.83;3.53;8.88;0.02;13.922;2.2;32.28
1980-03-17;3.3;7.3;11.3;-0.01;5.575;2.5;66.15
1980-03-18;0.98;4.99;9.0;0.49;4.962;1.16;79.35
1980-03-19;5.72;10.12;14.51;1.2;4.831;3.1;70.31
1980-03-20;5.69;8.29;10.88;13.12;6.0;4.13;73.83
1980-03-21;0.57;3.89;7.2;1.98;6.204;2.3;73.82
1980-03-22;-1.12;2.83;6.79;3.32;8.499;2.56;60.66
1980-03-23;1.28;3.53;5.78;3.3;6.967;6.42;58.91
1980-03-24;-1.55;1.75;5.04;-0.01;12.463;2.29;37.99
1980-03-25;-2.6;1.47;5.53;-0.01;13.391;2.59;29.35
1980-03-26;-2.99;1.73;6.46;-0.01;16.432;1.06;28.13
1980-03-27;-1.43;2.98;7.39;-0.01;14.023;2.3;37.47
1980-03-28;-1.41;4.35;10.11;-0.01;17.807;2.5;28.61
1980-03-29;1.59;6.64;11.7;-0.01;10.827;3.2;38.52
1980-03-30;6.74;11.03;15.31;0.49;7.227;3.59;73.73
1980-03-31;7.81;12.58;17.35;1.09;6.991;2.4;70.1
1980-04-01;7.6;12.58;17.56;0.0;7.162;1.39;61.18
1980-04-02;7.61;16.57;25.52;-0.01;18.399;2.5;37.79
1980-04-03;7.71;12.02;16.33;1.89;7.65;3.83;71.91
1980-04-04;5.53;8.87;12.2;4.07;8.04;3.0;63.06
1980-04-05;2.1;6.43;10.76;1.65;12.502;2.79;57.27
1980-04-06;-0.4;2.34;5.08;-0.01;16.597;3.3;38.5
1980-04-07;-1.48;3.03;7.54;8.02;11.47;4.5;50.24
1980-04-08;2.0;5.19;8.38;1.1;7.573;4.01;78.64
1980-04-09;0.08;2.94;5.81;-0.01;18.414;4.2;26.77
1980-04-10;0.6;5.15;9.7;-0.01;14.589;2.69;33.5
1980-04-11;4.3;7.25;10.2;3.55;8.893;5.83;42.03
1980-04-12;6.61;11.21;15.8;-0.01;11.794;3.2;55.54
1980-04-13;6.71;11.74;16.76;-0.02;13.327;3.5;48.17
1980-04-14;8.13;13.45;18.76;0.5;11.407;2.7;46.32
1980-04-15;8.53;13.7;18.88;8.34;8.97;1.59;71.66
1980-04-16;7.31;12.72;18.14;-0.01;19.673;1.1;44.21
1980-04-17;4.21;11.7;19.18;-0.01;21.112;1.38;36.19
1980-04-18;5.43;12.33;19.24;4.12;15.358;2.2;48.48
1980-04-19;9.33;14.69;20.05;-0.01;14.687;2.7;48.98
1980-04-20;5.39;10.04;14.7;0.39;11.194;3.4;55.32
1980-04-21;4.3;9.51;14.71;0.7;18.199;2.9;37.56
1980-04-22;8.31;12.66;17.01;2.53;13.197;2.9;52.84
1980-04-23;8.81;13.07;17.32;2.93;8.818;1.79;75.8
1980-04-24;9.89;16.2;22.5;-0.01;15.014;2.4;50.54
1980-04-25;7.7;13.13;18.56;3.0;15.901;3.39;58.53
1980-04-26;7.81;10.21;12.61;18.37;5.813;4.32;84.36
1980-04-27;5.41;10.07;14.72;1.81;12.395;2.1;58.44
1980-04-28;7.92;12.36;16.8;3.33;18.714;3.4;47.01
1980-04-29;8.2;13.21;18.22;5.3;9.383;1.79;62.91
1980-04-30;5.5;8.89;12.28;15.45;2.518;3.61;84.52
1980-05-01;3.07;5.3;7.54;-0.01;12.595;4.92;49.3
1980-05-02;1.33;5.25;9.17;-0.01;18.408;1.6;38.16
1980-05-03;5.0;7.34;9.69;1.7;15.31;2.85;57.51
1980-05-04;6.3;11.42;16.54;-0.01;13.508;2.56;46.15
1980-05-05;6.19;12.58;18.96;-0.01;16.365;1.69;43.72
1980-05-06;8.92;12.91;16.9;1.88;9.099;3.4;73.93
1980-05-07;10.49;14.0;17.51;2.01;12.499;2.26;73.82
1980-05-08;7.0;12.15;17.3;0.99;13.578;0.48;57.67
1980-05-09;4.0;9.2;14.4;-0.01;22.736;2.1;41.9
1980-05-10;1.2;7.13;13.07;-0.01;26.422;2.4;32.0
1980-05-11;3.41;7.74;12.07;-0.01;14.906;3.11;42.3
1980-05-12;5.1;7.58;10.06;-0.01;12.47;4.31;55.46
1980-05-13;6.3;8.6;10.89;0.79;10.093;2.49;62.98
1980-05-14;5.16;10.23;15.31;-0.01;21.334;2.4;42.76
1980-05-15;4.6;10.2;15.8;-0.01;19.238;1.99;40.58
1980-05-16;5.79;11.62;17.44;-0.01;17.393;0.8;40.95
1980-05-17;4.88;11.26;17.64;-0.01;14.993;2.0;40.7
1980-05-18;6.2;13.3;20.4;-0.01;17.615;2.05;41.1
1980-05-19;5.8;13.87;21.94;-0.01;18.01;1.1;37.27
1980-05-20;7.81;13.65;19.5;2.26;14.89;2.5;54.2
1980-05-21;11.32;16.94;22.55;-0.01;11.045;0.47;60.42
1980-05-22;11.75;17.14;22.53;-0.01;12.144;2.4;58.13
1980-05-23;12.54;15.62;18.69;-0.02;6.056;2.19;84.11
1980-05-24;11.92;16.72;21.52;-0.01;14.323;2.26;56.08
1980-05-25;8.3;12.63;16.95;7.51;9.353;3.3;58.92
1980-05-26;6.38;9.73;13.09;-0.01;16.651;3.0;47.53
1980-05-27;5.2;9.15;13.1;3.52;10.604;3.9;54.77
1980-05-28;7.11;10.64;14.17;1.59;10.089;4.0;48.8
1980-05-29;6.7;9.18;11.65;2.5;8.359;3.11;62.89
1980-05-30;6.2;8.78;11.35;0.79;11.943;2.39;59.27
1980-05-31;3.19;7.35;11.51;2.06;11.881;0.6;56.72
1980-06-01;3.19;7.48;11.78;0.75;15.783;1.8;43.8
1980-06-02;4.3;7.28;10.25;6.09;7.875;2.1;57.61
1980-06-03;3.25;8.66;14.08;0.78;19.719;2.3;38.18
1980-06-04;5.7;9.6;13.5;-0.01;17.701;2.9;43.86
1980-06-05;7.3;11.5;15.7;1.49;16.92;1.7;41.76
1980-06-06;5.34;9.81;14.29;1.99;19.316;2.9;47.1
1980-06-07;7.4;12.05;16.7;-0.01;19.007;2.9;44.54
1980-06-08;9.89;13.04;16.2;0.03;9.983;2.36;61.73
1980-06-09;6.68;9.84;12.99;5.09;9.447;2.6;66.65
1980-06-10;6.18;10.29;14.39;-0.01;18.803;3.2;39.19
1980-06-11;6.1;9.99;13.88;0.4;12.472;3.2;42.4
1980-06-12;6.78;11.19;15.59;-0.01;15.603;1.3;44.85
1980-06-13;9.2;11.64;14.09;0.59;8.567;2.5;68.24
1980-06-14;10.3;16.2;22.1;-0.01;14.906;1.8;48.03
1980-06-15;9.3;17.8;26.3;-0.01;25.865;1.5;35.19
1980-06-16;11.61;18.98;26.35;-0.01;28.151;2.41;36.82
1980-06-17;10.6;17.41;24.21;-0.01;26.834;3.11;42.1
1980-06-18;7.89;15.35;22.81;-0.01;28.251;2.8;33.8
1980-06-19;7.18;12.32;17.46;-0.01;25.725;3.91;33.47
1980-06-20;6.73;9.38;12.04;-0.01;16.209;3.5;48.59
1980-06-21;7.79;11.79;15.78;-0.02;16.592;2.94;37.11
1980-06-22;5.14;11.47;17.8;-0.01;26.723;2.5;33.05
1980-06-23;9.99;12.45;14.9;-0.01;16.111;2.3;44.38
1980-06-24;7.48;11.69;15.9;-0.01;21.65;1.3;34.7
1980-06-25;4.76;10.82;16.89;-0.01;19.637;0.26;43.66
1980-06-26;11.3;15.0;18.7;0.01;13.471;1.39;51.01
1980-06-27;8.78;14.14;19.5;-0.01;22.105;2.8;37.79
1980-06-28;11.3;14.8;18.3;3.06;8.543;5.22;47.54
1980-06-29;12.51;17.45;22.4;1.13;21.634;4.21;44.02
1980-06-30;10.6;15.54;20.49;4.36;12.299;1.9;53.02
1980-07-01;9.49;14.54;19.59;6.03;19.277;3.6;44.0
1980-07-02;12.7;16.55;20.4;0.71;18.976;3.4;46.72
1980-07-03;12.13;14.52;16.9;1.98;12.29;2.8;67.81
1980-07-04;10.09;15.35;20.6;12.38;12.651;2.9;64.73
1980-07-05;8.9;12.49;16.08;3.0;19.399;3.61;47.81
1980-07-06;8.99;12.83;16.67;1.79;16.59;3.4;45.41
1980-07-07;8.27;12.58;16.9;-0.01;17.16;2.59;41.4
1980-07-08;10.46;13.83;17.19;-0.01;19.831;2.3;37.85
1980-07-09;7.0;14.18;21.35;-0.01;24.263;1.8;31.88
1980-07-10;11.8;16.3;20.81;3.72;8.779;2.4;60.64
1980-07-11;11.2;17.56;23.93;-0.01;18.55;1.06;38.79
1980-07-12;13.91;19.7;25.5;0.0;15.662;2.6;48.2
1980-07-13;13.11;16.05;19.0;0.83;23.301;3.5;49.93
1980-07-14;11.6;14.54;17.47;0.9;10.39;2.4;65.07
1980-07-15;9.59;13.13;16.67;6.17;9.873;1.7;72.69
1980-07-16;10.6;13.85;17.1;-0.01;12.383;2.5;58.77
1980-07-17;9.88;13.54;17.19;-0.02;18.188;2.0;38.02
1980-07-18;8.2;14.84;21.49;-0.01;25.614;2.3;29.89
1980-07-19;11.48;17.5;23.52;-0.01;16.804;4.8;39.24
1980-07-20;13.12;16.11;19.1;2.97;7.727;3.9;74.64
1980-07-21;12.81;16.16;19.5;-0.01;16.943;2.7;32.77
1980-07-22;8.48;13.63;18.78;-0.01;21.489;1.79;37.1
1980-07-23;8.07;13.07;18.08;-0.01;18.946;1.09;38.95
1980-07-24;11.5;15.95;20.39;-0.01;16.802;0.9;37.5
1980-07-25;10.5;18.57;26.64;-0.01;24.309;3.0;27.1
1980-07-26;12.9;19.5;26.11;9.4;15.994;2.9;42.4
1980-07-27;9.29;14.19;19.09;1.53;19.335;4.22;41.81
1980-07-28;10.1;13.79;17.49;0.99;15.98;4.33;52.11
1980-07-29;11.7;16.45;21.19;-0.01;21.094;2.9;37.69
1980-07-30;9.48;15.34;21.2;-0.01;18.392;2.0;36.37
1980-07-31;13.31;17.46;21.6;-0.01;16.802;1.5;38.75
1980-08-01;13.4;17.3;21.2;-0.01;12.209;0.88;48.1
1980-08-02;12.6;16.39;20.19;0.0;12.694;2.2;42.69
1980-08-03;10.9;16.09;21.28;-0.01;15.263;2.5;33.42
1980-08-04;10.4;17.71;25.01;-0.01;23.107;3.4;24.9
1980-08-05;14.71;20.33;25.95;7.42;15.447;3.81;29.18
1980-08-06;12.8;16.34;19.89;29.31;3.698;3.3;72.64
1980-08-07;10.88;18.51;26.14;2.42;18.331;0.69;37.19
1980-08-08;14.22;17.86;21.49;7.84;9.675;2.6;67.87
1980-08-09;14.3;17.39;20.49;19.38;9.372;2.6;76.08
1980-08-10;12.21;18.52;24.82;0.47;16.502;1.89;48.46
1980-08-11;11.59;15.45;19.3;-0.01;15.966;2.64;45.21
1980-08-12;9.1;15.25;21.4;1.99;23.201;1.2;30.74
1980-08-13;13.41;18.96;24.51;4.31;11.095;3.6;57.14
1980-08-14;14.04;18.47;22.9;4.29;15.195;3.82;52.2
1980-08-15;12.1;15.4;18.7;1.21;13.998;5.16;37.18
1980-08-16;11.49;14.89;18.3;5.09;15.696;4.51;44.72
1980-08-17;10.18;14.43;18.68;-0.01;15.909;2.2;37.9
1980-08-18;12.2;15.14;18.08;4.65;13.581;3.1;56.11
1980-08-19;11.35;14.72;18.09;-0.01;12.382;2.1;46.83
1980-08-20;10.09;15.29;20.49;-0.01;14.706;0.15;40.19
1980-08-21;9.6;15.2;20.81;-0.01;15.282;0.14;34.1
1980-08-22;8.48;14.42;20.36;2.29;17.203;2.0;35.39
1980-08-23;7.77;12.73;17.69;1.42;16.205;2.3;45.34
1980-08-24;9.59;13.6;17.6;-0.01;12.302;2.55;45.86
1980-08-25;9.4;14.8;20.2;8.34;12.007;4.52;46.81
1980-08-26;11.09;13.94;16.78;7.24;6.783;2.41;78.17
1980-08-27;9.5;13.1;16.69;-0.01;16.489;2.4;44.66
1980-08-28;10.09;13.13;16.18;-0.01;12.588;2.4;35.27
1980-08-29;9.0;13.29;17.58;-0.01;15.911;1.09;35.21
1980-08-30;11.61;14.36;17.1;2.55;6.258;2.1;70.41
1980-08-31;8.3;13.65;19.0;-0.01;19.31;2.3;44.16
1980-09-01;5.66;13.28;20.9;-0.01;20.125;0.23;36.08
1980-09-02;9.8;15.9;22.0;0.89;12.206;1.27;48.25
1980-09-03;10.9;15.2;19.5;-0.01;7.37;3.1;70.38
1980-09-04;7.6;13.75;19.9;-0.01;19.398;1.59;36.29
1980-09-05;5.62;13.41;21.19;-0.01;18.443;0.49;33.38
1980-09-06;6.6;14.05;21.51;-0.01;18.418;1.0;31.1
1980-09-07;6.85;14.23;21.6;-0.01;19.471;1.49;31.31
1980-09-08;7.48;14.34;21.2;-0.01;19.12;1.19;33.45
1980-09-09;6.39;14.62;22.84;-0.01;17.418;1.3;30.57
1980-09-10;10.1;17.91;25.72;-0.01;16.753;2.7;30.96
1980-09-11;12.91;19.13;25.34;-0.01;17.614;3.8;31.27
1980-09-12;13.63;16.87;20.1;11.54;4.688;0.9;82.0
1980-09-13;14.53;18.38;22.23;6.9;10.551;3.1;61.49
1980-09-14;10.8;14.4;18.0;5.82;7.989;4.7;65.85
1980-09-15;10.09;13.79;17.5;-0.01;14.12;5.73;46.82
1980-09-16;10.22;13.71;17.19;1.09;10.304;5.12;56.16
1980-09-17;11.83;15.16;18.5;3.08;8.496;4.2;60.31
1980-09-18;10.8;14.92;19.04;1.19;9.587;4.0;63.43
1980-09-19;9.0;14.11;19.22;-0.01;12.8;2.7;41.18
1980-09-20;10.11;14.21;18.3;-0.01;9.199;1.38;69.42
1980-09-21;10.1;14.2;18.3;4.54;5.6;2.2;69.24
1980-09-22;8.7;11.93;15.17;-0.01;9.996;3.2;53.03
1980-09-23;5.68;7.93;10.18;-0.01;10.102;4.73;41.76
1980-09-24;4.43;9.46;14.5;1.19;10.099;4.11;42.2
1980-09-25;11.32;14.52;17.71;29.01;1.459;7.21;81.73
1980-09-26;13.42;15.91;18.4;12.15;6.172;4.0;84.05
1980-09-27;13.49;15.49;17.49;26.44;3.254;1.8;90.99
1980-09-28;13.71;18.65;23.59;-0.01;12.899;4.1;46.88
1980-09-29;12.92;17.32;21.71;-0.01;9.808;3.11;61.18
1980-09-30;9.3;14.38;19.46;-0.01;12.487;1.8;49.56
1980-10-01;7.15;12.13;17.1;4.98;6.079;3.3;67.27
1980-10-02;4.72;9.61;14.49;-0.01;9.397;1.2;41.27
1980-10-03;5.5;9.45;13.39;-0.01;11.202;1.99;46.82
1980-10-04;7.04;10.31;13.58;-0.01;7.208;0.99;42.16
1980-10-05;8.19;10.79;13.39;0.34;3.575;2.61;73.03
1980-10-06;7.3;10.74;14.18;0.62;10.606;3.8;54.7
1980-10-07;4.75;8.46;12.17;3.71;9.822;2.9;47.95
1980-10-08;8.3;13.02;17.73;6.25;5.903;4.69;66.36
1980-10-09;10.0;12.64;15.29;-0.01;8.9;6.6;43.38
1980-10-10;9.3;12.01;14.71;-0.02;7.296;5.93;55.51
1980-10-11;6.76;10.58;14.4;-0.01;8.699;3.5;49.29
1980-10-12;4.78;9.09;13.4;-0.01;8.924;2.2;46.04
1980-10-13;4.48;9.57;14.66;-0.01;8.92;2.0;44.22
1980-10-14;3.88;7.63;11.39;-0.01;9.704;2.39;56.89
1980-10-15;3.48;8.49;13.5;-0.01;9.01;1.98;40.76
1980-10-16;3.49;8.04;12.58;-0.01;8.801;1.89;51.08
1980-10-17;7.2;9.39;11.58;3.79;5.278;5.8;56.07
1980-10-18;5.09;8.7;12.3;-0.01;7.205;3.5;48.6
1980-10-19;3.43;6.71;9.98;-0.01;6.199;3.4;52.76
1980-10-20;2.5;6.69;10.88;-0.02;7.555;2.8;48.58
1980-10-21;0.43;5.12;9.8;-0.01;6.909;0.7;54.35
1980-10-22;0.2;4.5;8.8;-0.01;3.198;1.99;54.0
1980-10-23;3.68;7.74;11.8;1.09;3.991;3.1;68.86
1980-10-24;5.87;8.39;10.91;-0.01;4.598;4.5;70.35
1980-10-25;4.3;8.28;12.25;-0.01;7.608;3.4;52.66
1980-10-26;2.39;7.04;11.69;-0.02;5.6;3.6;57.36
1980-10-27;2.26;6.93;11.6;-0.02;7.136;2.99;43.37
1980-10-28;5.8;9.15;12.5;-0.01;3.7;5.3;70.74
1980-10-29;7.8;10.4;13.0;7.11;5.682;7.43;69.84
1980-10-30;6.5;9.47;12.45;13.05;2.909;6.43;65.4
1980-10-31;7.74;10.29;12.85;4.86;5.797;5.01;75.14
1980-11-01;4.95;7.42;9.88;-0.02;5.04;2.19;79.29
1980-11-02;1.68;4.56;7.44;11.65;2.394;4.73;86.42
1980-11-03;0.19;3.56;6.93;-0.01;3.793;5.4;60.33
1980-11-04;2.47;5.17;7.88;5.66;2.983;7.63;64.97
1980-11-05;1.49;4.25;7.0;-0.01;5.498;6.86;40.26
1980-11-06;-0.71;5.1;10.9;5.17;2.302;3.61;38.27
1980-11-07;2.59;6.39;10.19;-0.01;5.31;5.32;45.93
1980-11-08;1.78;7.05;12.32;14.25;0.978;3.21;59.23
1980-11-09;0.56;5.29;10.01;-0.02;6.402;1.79;74.24
1980-11-10;0.18;4.5;8.81;26.03;1.278;2.19;85.51
1980-11-11;5.81;7.45;9.08;-0.01;3.602;3.3;86.03
1980-11-12;4.32;6.01;7.7;-0.01;3.704;3.0;84.5
1980-11-13;4.38;5.93;7.48;0.59;3.708;3.3;67.51
1980-11-14;5.9;6.93;7.95;1.0;2.394;3.9;90.88
1980-11-15;2.5;5.6;8.7;0.72;1.795;3.0;91.19
1980-11-16;1.81;5.71;9.6;-0.01;2.288;3.01;70.0
1980-11-17;-0.14;4.38;8.9;11.07;1.274;4.6;79.36
1980-11-18;-0.4;2.15;4.69;-0.02;4.098;5.22;40.36
1980-11-19;0.6;3.09;5.58;-0.01;4.106;4.0;75.36
1980-11-20;0.19;3.0;5.8;-0.02;4.11;1.8;83.87
1980-11-21;0.0;3.1;6.2;-0.02;3.3;1.39;71.59
1980-11-22;-1.82;0.38;2.58;-0.02;4.431;1.39;75.27
1980-11-23;-1.4;2.09;5.59;-0.01;4.1;2.0;78.6
1980-11-24;-1.15;2.32;5.79;-0.01;3.31;2.5;75.7
1980-11-25;-2.26;0.69;3.63;-0.01;2.699;0.9;85.02
1980-11-26;-0.91;1.19;3.3;5.62;1.799;5.11;88.71
1980-11-27;-2.6;-0.06;2.47;-0.02;3.796;2.76;70.01
1980-11-28;-3.33;-0.49;2.36;-0.01;4.113;1.49;68.65
1980-11-29;-0.92;0.68;2.27;-0.01;1.698;3.0;70.02
1980-11-30;0.9;4.5;8.1;0.91;1.299;2.3;83.88
1980-12-01;6.02;7.81;9.61;0.94;1.583;4.6;86.26
1980-12-02;2.12;4.36;6.59;-0.01;3.101;2.69;87.02
1980-12-03;-1.71;0.8;3.31;-0.01;3.298;3.91;76.97
1980-12-04;-3.59;-0.46;2.67;0.28;3.402;2.7;55.98
1980-12-05;1.5;6.3;11.1;12.02;0.783;7.77;70.45
1980-12-06;4.34;7.72;11.11;1.03;2.9;5.23;60.08
1980-12-07;5.7;9.16;12.62;13.35;0.893;5.9;84.78
1980-12-08;10.94;12.58;14.22;4.33;0.597;5.21;91.55
1980-12-09;7.41;10.66;13.9;1.03;1.298;5.9;85.73
1980-12-10;4.55;6.88;9.2;-0.01;2.499;3.0;82.16
1980-12-11;4.19;7.25;10.3;-0.01;3.405;2.89;80.92
1980-12-12;5.94;8.08;10.22;1.87;2.098;3.88;86.45
1980-12-13;4.0;7.63;11.26;1.22;1.693;4.7;77.49
1980-12-14;10.14;10.68;11.22;-0.01;1.29;6.1;88.81
1980-12-15;9.94;10.88;11.81;5.91;0.577;4.34;90.85
1980-12-16;9.41;10.56;11.71;4.55;0.588;2.51;88.75
1980-12-17;5.61;8.61;11.61;6.59;0.797;5.16;88.0
1980-12-18;3.66;5.83;8.0;-0.01;3.102;3.5;81.78
1980-12-19;4.13;5.67;7.2;23.6;1.09;2.7;89.92
1980-12-20;0.59;2.54;4.49;5.61;1.801;2.8;86.92
1980-12-21;-1.53;0.39;2.32;0.38;2.804;3.98;84.31
1980-12-22;-1.91;-0.05;1.81;-0.01;2.6;4.01;64.26
1980-12-23;-2.0;0.07;2.14;-0.01;2.095;2.7;83.61
1980-12-24;-1.72;1.69;5.09;1.69;1.594;3.8;79.89
1980-12-25;1.9;3.75;5.6;-0.01;3.201;3.1;88.36
1980-12-26;3.81;7.5;11.19;2.04;1.199;6.42;79.39
1980-12-27;6.2;8.82;11.44;0.39;1.889;6.53;73.09
1980-12-28;3.01;4.56;6.12;0.78;2.195;5.77;76.7
1980-12-29;3.7;6.85;10.0;2.49;0.987;5.64;82.41
1980-12-30;6.5;8.81;11.12;12.79;0.79;6.57;82.73
1980-12-31;0.69;3.54;6.4;-0.01;2.198;6.45;58.67
1981-01-01;0.13;4.89;9.64;11.15;1.088;4.6;59.29
1981-01-02;3.81;6.11;8.4;1.59;1.495;7.43;70.76
1981-01-03;0.0;3.44;6.89;0.58;2.999;3.1;76.56
1981-01-04;4.45;6.88;9.32;0.49;2.701;4.0;81.3
1981-01-05;8.43;10.13;11.82;1.41;1.703;5.31;83.59
1981-01-06;1.9;6.06;10.22;-0.01;2.698;3.4;70.86
1981-01-07;-0.5;3.0;6.5;-0.01;2.704;1.9;79.92
1981-01-08;-1.01;1.5;4.02;-0.02;2.8;1.37;86.05
1981-01-09;-0.1;3.5;7.09;-0.01;2.197;2.78;76.4
1981-01-10;-1.53;1.04;3.6;-0.01;3.804;1.9;85.36
1981-01-11;-2.02;0.83;3.69;-0.02;3.806;1.38;84.19
1981-01-12;-1.02;1.44;3.89;-0.01;3.405;2.1;84.8
1981-01-13;1.61;3.0;4.38;14.46;1.498;3.8;89.88
1981-01-14;2.3;3.84;5.38;0.19;2.699;3.6;85.31
1981-01-15;4.72;6.46;8.2;17.89;1.599;3.51;89.3
1981-01-16;1.8;5.21;8.61;19.2;1.499;4.0;86.04
1981-01-17;-1.33;2.08;5.49;-0.01;3.205;1.0;82.41
1981-01-18;-1.42;1.36;4.14;-0.01;3.201;0.94;85.8
1981-01-19;0.61;3.85;7.09;-0.01;2.164;1.07;79.22
1981-01-20;1.4;3.8;6.2;-0.01;2.906;0.81;84.71
1981-01-21;0.99;4.39;7.8;-0.01;2.4;1.69;81.75
1981-01-22;3.0;5.35;7.7;0.79;1.7;3.9;86.42
1981-01-23;6.61;7.96;9.31;-0.01;3.25;3.29;87.02
1981-01-24;7.52;8.76;10.0;0.39;1.493;3.4;88.04
1981-01-25;6.81;8.25;9.7;0.5;3.593;4.4;85.87
1981-01-26;8.27;9.4;10.54;1.19;2.088;4.9;89.99
1981-01-27;4.93;7.26;9.59;-0.01;4.109;3.21;82.63
1981-01-28;1.2;5.05;8.9;5.5;1.257;3.7;84.83
1981-01-29;-2.01;2.25;6.5;-0.01;3.904;1.47;73.5
1981-01-30;2.13;5.62;9.11;-0.02;2.9;1.58;81.14
1981-01-31;-0.36;2.52;5.4;-0.01;4.102;0.98;83.41
1981-02-01;-1.5;2.04;5.57;1.98;4.904;1.1;76.84
1981-02-02;-0.7;2.4;5.5;-0.01;4.699;2.2;85.15
1981-02-03;-2.23;0.68;3.58;0.0;2.885;1.46;86.22
1981-02-04;-1.69;1.1;3.9;-0.01;5.093;1.39;78.26
1981-02-05;-2.77;0.26;3.29;-0.01;5.327;1.49;69.52
1981-02-06;-2.51;0.28;3.06;-0.01;5.618;2.2;64.66
1981-02-07;-3.22;-0.16;2.9;-0.01;5.929;1.5;67.51
1981-02-08;-4.52;-0.62;3.27;-0.02;5.721;1.49;75.95
1981-02-09;-1.36;1.25;3.87;-0.01;4.801;1.9;80.03
1981-02-10;-2.51;0.18;2.86;-0.01;5.2;1.79;79.82
1981-02-11;-4.2;-0.79;2.62;-0.01;6.526;1.59;72.91
1981-02-12;-2.75;0.26;3.27;-0.01;6.709;1.8;73.28
1981-02-13;-2.61;0.33;3.28;-0.01;7.002;2.6;67.49
1981-02-14;-2.21;1.96;6.12;0.7;3.131;2.99;64.98
1981-02-15;-3.4;1.03;5.46;0.78;7.019;2.49;66.39
1981-02-16;1.5;4.95;8.39;3.77;6.704;4.09;71.72
1981-02-17;0.41;4.25;8.1;2.5;6.408;5.97;55.28
1981-02-18;1.1;4.83;8.55;0.0;6.309;6.02;37.71
1981-02-19;0.6;3.45;6.3;3.18;4.393;5.82;80.33
1981-02-20;3.1;5.75;8.4;-0.02;5.203;5.33;61.71
1981-02-21;1.81;4.34;6.88;0.99;5.799;5.5;53.9
1981-02-22;0.01;4.5;9.0;1.48;5.34;4.7;57.39
1981-02-23;2.98;5.65;8.32;-0.01;4.309;6.71;65.17
1981-02-24;1.1;5.25;9.4;5.66;3.898;5.1;53.07
1981-02-25;-0.81;4.64;10.1;-0.01;6.701;2.49;58.2
1981-02-26;8.15;11.37;14.59;-0.01;5.095;4.81;67.49
1981-02-27;7.54;11.53;15.52;-0.01;8.198;4.79;56.3
1981-02-28;7.06;11.44;15.82;-0.01;8.7;3.7;54.4
1981-03-01;6.21;11.49;16.77;-0.01;10.549;3.4;49.49
1981-03-02;8.02;11.41;14.8;0.0;5.003;1.5;75.12
1981-03-03;7.07;10.34;13.6;0.0;4.638;0.67;78.75
1981-03-04;8.07;13.48;18.89;-0.01;10.701;1.99;61.8
1981-03-05;7.72;10.44;13.16;5.54;4.719;2.19;84.06
1981-03-06;7.0;10.18;13.36;1.19;5.22;3.8;67.21
1981-03-07;2.7;7.35;12.0;1.18;8.594;4.0;56.33
1981-03-08;4.31;6.95;9.59;0.99;8.019;4.2;70.5
1981-03-09;1.7;6.75;11.81;-0.01;10.298;3.5;47.84
1981-03-10;3.12;8.27;13.41;-0.01;12.31;3.9;52.28
1981-03-11;6.82;10.14;13.46;-0.01;9.689;6.02;44.54
1981-03-12;5.37;9.42;13.46;-0.01;9.799;3.49;45.96
1981-03-13;3.0;8.89;14.78;-0.01;11.902;2.59;44.27
1981-03-14;6.03;10.17;14.31;2.34;5.99;4.7;70.61
1981-03-15;7.61;10.86;14.11;0.92;9.068;5.0;61.2
1981-03-16;6.5;10.25;14.01;9.26;5.403;6.03;59.11
1981-03-17;3.64;6.62;9.6;-0.01;10.201;4.9;39.46
1981-03-18;1.59;5.5;9.4;-0.01;10.398;3.7;40.96
1981-03-19;4.7;7.24;9.78;-0.01;6.693;5.6;51.46
1981-03-20;4.8;9.5;14.2;2.5;10.535;4.6;41.58
1981-03-21;2.31;6.36;10.41;-0.01;12.01;3.05;38.65
1981-03-22;2.09;6.74;11.39;-0.01;13.915;2.59;37.66
1981-03-23;3.14;5.26;7.39;5.63;7.004;3.9;66.13
1981-03-24;4.61;7.35;10.09;1.69;5.994;2.5;73.04
1981-03-25;3.7;8.75;13.8;6.65;7.495;3.2;58.06
1981-03-26;5.7;8.75;11.8;1.19;11.939;3.98;62.78
1981-03-27;3.7;7.55;11.41;1.92;6.316;3.09;61.26
1981-03-28;1.58;7.05;12.53;-0.01;13.424;1.09;44.6
1981-03-29;1.58;6.33;11.08;3.14;6.973;1.69;63.83
1981-03-30;3.39;6.35;9.31;-0.01;8.065;2.8;77.88
1981-03-31;0.09;3.65;7.2;-0.01;9.69;2.4;56.44
1981-04-01;-1.41;4.43;10.28;-0.01;12.841;1.8;41.28
1981-04-02;-1.38;3.09;7.56;13.15;7.565;2.08;74.34
1981-04-03;6.31;11.21;16.1;4.35;7.472;2.8;53.73
1981-04-04;4.4;8.05;11.7;2.0;10.27;4.82;54.79
1981-04-05;3.5;6.0;8.49;4.42;9.003;0.91;70.45
1981-04-06;3.1;6.04;8.98;11.36;6.285;5.2;83.62
1981-04-07;0.35;3.86;7.37;-0.01;18.929;2.59;33.67
1981-04-08;-1.13;3.29;7.7;-0.01;16.83;1.68;28.3
1981-04-09;-0.13;3.33;6.79;1.19;7.485;2.4;49.3
1981-04-10;-1.48;2.95;7.37;1.49;14.329;2.9;41.68
1981-04-11;-1.02;3.47;7.96;0.48;12.994;1.9;44.71
1981-04-12;-1.76;3.61;8.97;-0.01;18.706;1.5;32.09
1981-04-13;-1.32;3.97;9.26;-0.01;17.398;0.98;30.22
1981-04-14;-1.2;4.45;10.1;-0.01;16.514;0.46;36.62
1981-04-15;-0.41;4.03;8.47;-0.01;13.431;1.9;40.33
1981-04-16;-3.03;3.29;9.6;-0.01;20.238;0.0;27.81
1981-04-17;-1.63;4.23;10.1;-0.01;17.984;2.4;35.55
1981-04-18;3.29;5.84;8.39;5.45;8.994;4.12;65.01
1981-04-19;-0.11;5.04;10.2;0.81;15.531;1.99;40.95
1981-04-20;-1.31;3.82;8.95;-0.01;17.5;0.99;35.45
1981-04-21;1.65;5.17;8.68;2.01;7.596;3.5;57.12
1981-04-22;6.54;11.72;16.9;3.49;8.198;3.1;54.22
1981-04-23;5.54;10.34;15.13;0.8;10.707;3.1;46.59
1981-04-24;4.69;9.21;13.74;3.89;8.885;4.31;47.43
1981-04-25;3.4;8.8;14.2;6.79;16.713;4.21;37.95
1981-04-26;7.83;12.64;17.46;2.5;12.888;4.1;46.47
1981-04-27;6.6;10.45;14.3;-0.01;10.893;2.06;53.0
1981-04-28;4.76;9.48;14.2;1.49;10.86;3.3;53.78
1981-04-29;4.31;9.05;13.79;0.72;16.717;3.5;46.49
1981-04-30;3.08;8.13;13.19;-0.02;17.71;2.39;40.23
1981-05-01;2.89;8.39;13.9;0.89;18.808;1.8;39.46
1981-05-02;7.02;11.01;15.0;1.94;12.329;2.99;50.72
1981-05-03;4.99;8.19;11.38;0.0;12.43;4.21;57.21
1981-05-04;2.61;7.15;11.69;-0.01;16.29;1.99;36.64
1981-05-05;5.59;9.28;12.97;1.89;13.469;1.99;43.25
1981-05-06;7.12;10.44;13.76;4.99;11.897;3.52;54.19
1981-05-07;4.6;8.4;12.2;0.48;11.603;1.3;61.6
1981-05-08;7.3;9.45;11.6;1.49;8.854;1.6;83.59
1981-05-09;8.1;13.82;19.53;2.88;11.842;1.8;50.61
1981-05-10;7.21;14.47;21.73;7.92;8.974;0.86;43.97
1981-05-11;8.3;10.75;13.19;-0.02;10.486;3.61;62.94
1981-05-12;6.46;10.02;13.58;-0.02;19.137;3.1;38.97
1981-05-13;6.2;10.65;15.1;0.82;9.278;1.7;62.22
1981-05-14;9.2;11.6;14.0;3.94;7.894;3.2;81.87
1981-05-15;7.8;12.75;17.7;-0.01;16.935;3.62;44.4
1981-05-16;5.2;9.49;13.79;-0.01;19.233;2.3;43.77
1981-05-17;5.09;9.69;14.29;7.25;8.579;3.5;54.62
1981-05-18;10.72;15.51;20.3;5.52;13.175;2.59;57.17
1981-05-19;8.8;13.08;17.35;1.5;15.121;3.5;55.05
1981-05-20;8.7;14.5;20.3;-0.01;12.9;2.09;52.41
1981-05-21;6.91;13.47;20.03;7.06;10.498;1.5;63.68
1981-05-22;9.7;13.25;16.8;0.0;11.572;2.4;63.77
1981-05-23;7.45;12.63;17.8;2.56;10.192;1.39;54.26
1981-05-24;5.89;12.86;19.82;5.0;16.4;3.3;43.42
1981-05-25;7.9;11.34;14.79;0.1;10.904;4.31;61.6
1981-05-26;4.99;9.84;14.7;-0.01;19.318;1.68;39.4
1981-05-27;4.19;10.2;16.2;-0.02;16.584;0.9;40.81
1981-05-28;6.67;11.84;17.0;-0.02;11.769;4.1;45.44
1981-05-29;6.39;12.96;19.52;6.72;20.095;2.4;40.48
1981-05-30;10.94;16.2;21.45;1.19;11.493;2.3;58.89
1981-05-31;10.43;15.27;20.1;0.94;11.868;2.38;68.62
1981-06-01;7.9;12.75;17.6;-0.01;20.393;3.11;42.09
1981-06-02;8.91;14.62;20.32;-0.01;20.135;2.3;39.29
1981-06-03;10.31;15.91;21.5;10.36;11.16;3.21;50.14
1981-06-04;7.8;13.77;19.73;-0.01;25.881;2.9;38.89
1981-06-05;8.79;14.12;19.44;-0.02;20.707;2.49;41.45
1981-06-06;7.6;14.46;21.33;-0.01;24.808;1.8;37.19
1981-06-07;9.4;16.68;23.96;-0.01;27.111;3.1;37.98
1981-06-08;13.22;20.53;27.84;-0.01;27.431;2.7;36.59
1981-06-09;13.9;21.84;29.78;-0.02;26.499;1.7;34.46
1981-06-10;12.54;21.15;29.76;-0.01;24.73;0.46;37.84
1981-06-11;14.79;21.06;27.34;2.5;24.123;1.4;44.18
1981-06-12;12.55;17.88;23.2;-0.01;13.986;2.5;59.15
1981-06-13;9.4;15.2;20.99;-0.01;21.922;1.59;39.46
1981-06-14;11.81;17.21;22.62;-0.01;14.405;2.9;41.37
1981-06-15;12.51;16.36;20.2;1.59;12.046;2.1;64.32
1981-06-16;9.9;12.55;15.2;4.09;9.219;3.5;65.0
1981-06-17;7.09;12.1;17.1;-0.01;23.161;2.6;38.72
1981-06-18;7.08;11.14;15.2;6.23;10.397;1.99;66.82
1981-06-19;5.48;10.39;15.3;1.99;9.959;1.38;54.11
1981-06-20;6.8;10.75;14.7;-0.01;16.197;2.7;47.14
1981-06-21;9.1;10.38;11.66;6.78;8.516;3.5;74.45
1981-06-22;6.99;11.59;16.19;0.59;17.692;2.9;45.7
1981-06-23;6.48;10.59;14.69;4.64;11.662;4.31;56.04
1981-06-24;10.8;15.55;20.3;-0.01;21.605;4.61;36.94
1981-06-25;9.81;15.23;20.64;-0.01;21.029;2.82;37.07
1981-06-26;9.9;17.11;24.33;-0.01;28.293;1.39;32.09
1981-06-27;11.2;19.65;28.1;-0.01;26.211;3.09;27.58
1981-06-28;12.2;18.02;23.83;0.72;21.635;3.51;46.49
1981-06-29;14.05;16.98;19.9;1.65;9.202;3.9;62.33
1981-06-30;13.93;20.84;27.76;0.0;25.974;3.2;35.48
1981-07-01;12.7;21.14;29.59;-0.01;28.946;1.49;31.76
1981-07-02;14.03;19.72;25.41;-0.01;13.993;2.3;48.59
1981-07-03;12.51;16.45;20.4;-0.01;17.701;3.0;47.12
1981-07-04;10.16;12.91;15.66;0.0;13.737;1.9;47.83
1981-07-05;9.3;12.48;15.66;2.5;18.292;1.29;44.7
1981-07-06;9.29;12.03;14.77;6.32;13.573;2.29;73.85
1981-07-07;6.34;12.67;19.0;-0.01;19.996;1.3;34.98
1981-07-08;8.17;13.54;18.9;5.68;13.263;2.3;40.6
1981-07-09;8.38;13.23;18.08;1.7;21.833;3.31;41.4
1981-07-10;10.4;14.3;18.19;4.13;18.538;2.3;41.6
1981-07-11;8.89;13.1;17.3;5.74;11.972;3.32;50.14
1981-07-12;10.4;13.69;16.98;0.75;14.956;3.3;46.3
1981-07-13;9.77;12.58;15.39;-0.01;13.395;3.21;45.54
1981-07-14;8.89;13.2;17.5;-0.02;21.102;2.4;35.68
1981-07-15;6.89;12.52;18.14;1.19;23.606;0.98;38.3
1981-07-16;12.38;14.98;17.59;3.81;8.759;1.49;76.77
1981-07-17;12.31;16.78;21.25;1.11;11.432;1.6;61.85
1981-07-18;12.91;18.95;25.0;3.01;10.39;3.2;42.0
1981-07-19;10.2;15.09;19.99;0.91;15.294;3.0;52.55
1981-07-20;11.39;17.45;23.5;1.59;12.921;1.6;52.84
1981-07-21;12.6;17.85;23.1;4.49;13.402;0.88;58.18
1981-07-22;12.8;17.1;21.4;-0.01;13.999;2.1;52.35
1981-07-23;8.69;15.66;22.64;-0.01;23.299;0.89;34.48
1981-07-24;11.5;14.3;17.1;19.15;9.248;3.3;60.77
1981-07-25;13.56;17.68;21.8;1.11;14.401;3.82;52.43
1981-07-26;10.9;14.8;18.69;0.54;14.128;4.22;48.72
1981-07-27;10.41;15.4;20.39;0.0;16.842;4.84;37.83
1981-07-28;13.2;16.83;20.46;2.41;7.828;4.72;67.16
1981-07-29;12.2;16.7;21.2;-0.01;16.511;2.4;41.95
1981-07-30;9.19;15.34;21.5;0.89;17.441;2.3;34.1
1981-07-31;9.0;13.07;17.14;4.95;11.597;2.8;54.71
1981-08-01;7.9;11.99;16.08;1.2;15.372;2.9;54.93
1981-08-02;12.19;15.59;18.98;14.39;5.587;4.41;70.2
1981-08-03;11.17;15.98;20.79;7.37;11.471;4.0;49.71
1981-08-04;9.49;12.59;15.68;-0.01;15.409;2.9;42.35
1981-08-05;8.9;13.75;18.59;1.2;14.173;3.92;35.54
1981-08-06;10.47;14.72;18.97;5.16;8.954;3.9;46.72
1981-08-07;10.77;15.69;20.6;-0.01;17.591;2.1;43.34
1981-08-08;8.04;14.32;20.6;10.82;10.481;2.8;41.39
1981-08-09;11.5;14.93;18.36;0.47;16.74;4.3;52.11
1981-08-10;10.89;15.35;19.8;-0.01;17.991;4.01;40.0
1981-08-11;11.4;17.65;23.9;4.09;11.097;4.4;47.49
1981-08-12;15.4;19.5;23.6;3.9;12.388;5.03;49.59
1981-08-13;12.93;17.56;22.2;5.41;13.596;3.9;49.61
1981-08-14;11.81;15.25;18.7;3.04;11.616;4.83;45.54
1981-08-15;12.1;15.95;19.8;-0.01;17.337;4.1;39.55
1981-08-16;9.79;14.89;20.0;1.42;15.504;2.4;43.73
1981-08-17;10.3;15.05;19.8;-0.01;17.307;2.8;43.98
1981-08-18;9.57;13.69;17.81;7.48;5.659;2.7;67.82
1981-08-19;10.27;14.48;18.7;-0.01;15.307;1.9;44.59
1981-08-20;11.2;14.89;18.59;7.55;9.735;4.73;54.3
1981-08-21;11.0;13.74;16.49;2.38;9.294;7.0;45.77
1981-08-22;11.09;14.2;17.3;-0.01;15.213;4.43;38.7
1981-08-23;8.77;13.52;18.26;-0.01;18.33;3.6;35.18
1981-08-24;11.3;14.19;17.08;-0.01;11.268;4.11;46.57
1981-08-25;9.19;14.34;19.5;2.78;7.487;3.2;38.4
1981-08-26;10.59;14.38;18.18;-0.01;13.806;2.9;38.2
1981-08-27;11.9;15.45;18.99;0.02;11.053;3.33;49.43
1981-08-28;11.7;16.0;20.3;-0.01;12.279;3.2;53.06
1981-08-29;12.94;17.12;21.3;-0.01;12.796;1.78;43.4
1981-08-30;15.0;17.75;20.5;-0.01;7.169;1.0;58.57
1981-08-31;14.9;17.9;20.9;0.0;8.484;1.19;62.02
1981-09-01;14.1;17.57;21.05;-0.01;10.709;1.7;46.49
1981-09-02;13.0;17.31;21.63;-0.01;12.26;1.9;42.36
1981-09-03;11.7;17.81;23.93;8.0;12.902;1.7;40.93
1981-09-04;13.4;16.8;20.21;19.42;6.076;1.8;77.91
1981-09-05;11.71;15.91;20.1;-0.01;13.345;3.72;53.27
1981-09-06;7.78;13.07;18.35;-0.01;12.812;1.18;45.49
1981-09-07;10.68;14.99;19.3;-0.01;12.893;3.3;41.04
1981-09-08;7.5;13.35;19.2;2.11;14.195;1.16;39.3
1981-09-09;10.51;14.11;17.7;6.63;11.185;4.01;60.81
1981-09-10;10.3;13.7;17.1;2.03;6.375;3.21;68.01
1981-09-11;11.65;14.72;17.79;0.0;6.142;2.4;77.99
1981-09-12;9.5;12.95;16.4;5.12;5.195;2.8;80.05
1981-09-13;8.5;12.07;15.64;-0.01;11.599;3.8;41.18
1981-09-14;10.61;13.4;16.2;-0.01;10.093;2.4;56.32
1981-09-15;10.6;13.95;17.3;1.62;9.914;2.69;51.66
1981-09-16;8.1;12.45;16.8;0.89;6.482;3.0;63.28
1981-09-17;12.6;15.9;19.2;6.82;5.696;6.37;73.63
1981-09-18;9.6;12.79;15.99;7.8;15.751;3.2;58.52
1981-09-19;7.79;11.35;14.9;-0.01;12.111;2.39;46.16
1981-09-20;7.77;12.63;17.49;-0.01;10.727;2.19;49.22
1981-09-21;10.39;14.35;18.3;0.39;5.906;2.1;68.53
1981-09-22;12.93;15.52;18.1;-0.01;7.089;0.97;65.07
1981-09-23;10.1;13.45;16.8;5.01;3.297;1.58;78.52
1981-09-24;9.1;12.59;16.07;1.41;3.56;2.75;75.82
1981-09-25;4.97;9.96;14.95;-0.01;12.804;0.9;40.81
1981-09-26;9.38;12.26;15.13;-0.01;5.16;2.79;51.54
1981-09-27;10.3;14.11;17.92;0.4;5.587;2.5;65.93
1981-09-28;7.9;12.8;17.7;-0.01;11.715;2.1;42.71
1981-09-29;6.19;11.49;16.78;-0.01;12.126;2.8;39.84
1981-09-30;9.6;15.05;20.5;0.59;12.339;3.71;38.08
1981-10-01;10.5;14.66;18.82;0.0;10.591;2.5;65.12
1981-10-02;11.72;15.02;18.33;1.92;7.089;4.4;64.79
1981-10-03;8.9;12.2;15.5;10.91;3.794;2.1;87.25
1981-10-04;6.28;11.0;15.71;-0.01;10.912;1.1;48.17
1981-10-05;3.89;10.29;16.7;-0.01;10.923;0.31;38.91
1981-10-06;4.77;11.54;18.3;-0.01;10.819;0.37;41.84
1981-10-07;5.77;12.24;18.71;-0.01;11.212;1.05;45.42
1981-10-08;11.02;14.72;18.42;4.68;4.181;3.0;79.75
1981-10-09;8.35;12.32;16.3;-0.01;10.902;2.2;52.21
1981-10-10;3.49;8.7;13.91;-0.01;10.301;1.9;49.96
1981-10-11;3.47;8.83;14.2;6.18;6.085;4.32;48.28
1981-10-12;10.01;12.65;15.29;-0.01;7.998;4.53;59.15
1981-10-13;10.82;13.26;15.7;13.65;4.09;3.0;77.46
1981-10-14;9.21;12.46;15.71;-0.01;6.299;3.51;66.46
1981-10-15;8.9;14.21;19.52;1.9;6.148;3.4;54.91
1981-10-16;13.53;15.92;18.31;6.33;3.478;4.1;85.24
1981-10-17;13.91;15.8;17.7;4.42;2.485;3.1;90.62
1981-10-18;10.8;14.56;18.32;13.89;3.796;3.5;86.66
1981-10-19;8.2;11.77;15.34;2.34;7.593;4.23;65.12
1981-10-20;8.67;12.14;15.62;-0.02;7.62;1.98;66.11
1981-10-21;5.6;10.09;14.59;0.7;6.045;3.61;64.19
1981-10-22;2.37;7.54;12.7;-0.01;8.922;0.96;41.71
1981-10-23;3.97;9.54;15.11;-0.01;6.927;1.8;53.71
1981-10-24;10.92;14.57;18.22;-0.01;7.498;2.78;72.76
1981-10-25;7.32;11.16;15.01;-0.02;7.712;0.6;71.43
1981-10-26;7.04;12.42;17.81;-0.01;4.906;0.99;61.69
1981-10-27;8.29;11.74;15.2;-0.02;6.104;1.88;71.46
1981-10-28;7.59;10.84;14.1;-0.02;6.699;4.21;60.21
1981-10-29;10.66;12.88;15.1;-0.01;3.07;4.1;76.32
1981-10-30;5.6;9.0;12.39;2.01;6.498;2.39;81.77
1981-10-31;3.81;7.96;12.1;3.89;5.208;2.9;63.57
1981-11-01;3.99;7.34;10.69;-0.02;5.505;2.4;63.45
1981-11-02;3.3;8.04;12.79;5.21;3.092;3.9;67.04
1981-11-03;9.93;11.52;13.1;10.04;1.062;1.58;93.96
1981-11-04;6.1;8.77;11.43;-0.02;5.851;3.09;68.4
1981-11-05;5.0;9.61;14.21;8.83;2.077;4.3;56.37
1981-11-06;11.76;13.48;15.21;-0.01;3.701;4.5;82.5
1981-11-07;11.38;12.87;14.35;4.31;2.396;3.8;87.52
1981-11-08;11.61;12.5;13.4;23.62;1.196;1.98;94.32
1981-11-09;11.92;13.71;15.5;5.18;2.491;5.27;86.35
1981-11-10;9.37;12.8;16.23;6.75;2.896;6.02;74.93
1981-11-11;2.27;6.24;10.21;-0.01;4.004;2.89;64.1
1981-11-12;2.2;5.75;9.3;-0.01;4.6;3.89;64.33
1981-11-13;7.73;9.14;10.55;-0.01;2.703;3.59;86.34
1981-11-14;6.14;8.12;10.1;-0.01;2.404;1.14;88.81
1981-11-15;-0.31;3.15;6.6;-0.02;6.11;1.28;60.38
1981-11-16;-0.5;1.79;4.07;0.3;2.299;1.39;81.25
1981-11-17;-1.95;1.03;4.01;-0.01;4.207;2.9;75.0
1981-11-18;-1.13;1.29;3.7;-0.02;4.533;3.19;79.19
1981-11-19;-2.62;0.08;2.79;-0.02;4.499;1.2;81.81
1981-11-20;-2.95;-0.14;2.67;-0.01;3.998;0.5;86.92
1981-11-21;1.56;4.93;8.3;6.7;1.901;2.6;84.91
1981-11-22;0.39;4.29;8.19;-0.01;3.9;2.5;86.82
1981-11-23;-0.8;4.96;10.72;2.54;2.296;2.29;66.67
1981-11-24;6.33;9.68;13.02;13.04;1.857;3.44;82.6
1981-11-25;3.49;6.19;8.88;0.69;3.701;5.21;72.42
1981-11-26;2.6;5.3;8.0;0.0;1.578;2.9;84.33
1981-11-27;2.52;7.11;11.7;6.15;1.989;3.8;74.06
1981-11-28;6.74;9.48;12.22;1.19;3.909;4.51;82.33
1981-11-29;4.2;7.01;9.81;-0.01;3.503;3.4;80.2
1981-11-30;1.9;4.55;7.2;-0.02;3.501;1.6;86.15
1981-12-01;4.51;6.27;8.03;1.2;2.9;2.0;85.72
1981-12-02;1.18;4.49;7.8;4.93;2.6;3.61;83.7
1981-12-03;-0.32;2.63;5.59;-0.02;3.102;1.6;84.79
1981-12-04;1.7;5.02;8.34;0.8;1.393;2.8;78.79
1981-12-05;1.71;4.25;6.78;-0.01;2.903;2.7;80.23
1981-12-06;1.71;3.8;5.89;0.4;1.903;1.2;87.51
1981-12-07;-1.71;1.58;4.87;-0.02;2.199;1.58;85.27
1981-12-08;0.79;3.19;5.59;-0.01;1.58;1.57;86.62
1981-12-09;4.9;6.79;8.69;5.14;2.01;3.89;87.72
1981-12-10;3.53;6.27;9.02;0.39;2.302;4.13;85.01
1981-12-11;3.32;6.97;10.62;2.78;1.599;4.1;77.08
1981-12-12;7.59;9.06;10.54;0.27;1.28;6.57;79.91
1981-12-13;8.54;9.47;10.4;-0.01;2.1;5.32;81.5
1981-12-14;8.11;9.46;10.81;6.1;0.695;6.91;83.89
1981-12-15;7.44;8.57;9.7;4.55;1.963;6.21;80.2
1981-12-16;7.02;8.46;9.91;0.29;2.199;6.0;81.49
1981-12-17;3.2;5.29;7.39;-0.01;2.6;3.9;77.59
1981-12-18;1.3;3.54;5.78;-0.01;2.503;3.6;72.27
1981-12-19;-0.91;1.03;2.98;-0.01;2.604;1.4;89.61
1981-12-20;0.58;5.51;10.45;2.99;1.401;4.9;66.57
1981-12-21;4.5;7.0;9.51;2.79;1.199;6.34;77.23
1981-12-22;6.14;7.82;9.5;-0.01;1.896;6.9;63.43
1981-12-23;4.9;8.3;11.7;6.17;1.494;1.98;72.9
1981-12-24;10.48;11.91;13.34;0.59;1.546;5.74;87.9
1981-12-25;3.8;8.02;12.23;1.94;2.703;3.3;72.91
1981-12-26;2.72;5.32;7.91;-0.01;2.799;3.38;81.62
1981-12-27;6.2;8.03;9.85;0.49;2.802;4.71;84.63
1981-12-28;6.22;7.96;9.69;6.09;2.299;6.67;72.81
1981-12-29;2.1;4.55;7.0;0.8;1.398;5.12;78.92
1981-12-30;-0.5;1.72;3.94;-0.01;2.298;3.0;84.71
1981-12-31;-1.73;0.06;1.84;-0.01;3.002;3.6;67.67
1982-01-01;-2.03;-0.07;1.88;-0.01;2.602;5.3;77.2
1982-01-02;-3.13;-0.34;2.44;3.33;1.491;2.77;79.49
1982-01-03;1.7;3.42;5.14;0.6;1.594;2.6;89.71
1982-01-04;4.91;7.37;9.83;8.84;1.271;5.9;79.0
1982-01-05;3.8;5.2;6.6;-0.01;1.787;5.4;78.79
1982-01-06;3.79;5.69;7.59;0.59;2.504;2.06;86.1
1982-01-07;1.91;5.11;8.3;0.39;2.189;2.9;78.99
1982-01-08;5.24;6.77;8.3;-0.01;2.802;4.4;83.01
1982-01-09;4.09;5.78;7.47;0.0;2.798;5.1;76.59
1982-01-10;4.0;6.13;8.25;-0.01;3.202;3.9;81.2
1982-01-11;0.89;4.29;7.69;-0.01;2.9;0.85;83.84
1982-01-12;5.7;8.88;12.07;2.02;1.096;3.09;83.66
1982-01-13;7.94;9.98;12.03;2.35;2.001;4.92;88.98
1982-01-14;3.0;5.95;8.9;-0.01;3.599;3.5;66.27
1982-01-15;5.31;7.81;10.31;0.6;1.475;4.87;86.03
1982-01-16;5.33;7.17;9.0;13.25;1.479;5.2;89.16
1982-01-17;1.04;4.17;7.3;-0.01;3.816;3.3;75.06
1982-01-18;4.8;7.4;10.01;9.51;1.699;6.83;76.36
1982-01-19;0.89;4.7;8.51;8.52;2.996;2.29;83.57
1982-01-20;0.19;3.85;7.5;0.68;3.302;2.9;71.83
1982-01-21;2.1;4.6;7.1;1.18;2.3;3.39;84.11
1982-01-22;0.57;3.39;6.2;-0.01;3.799;2.49;76.38
1982-01-23;1.5;4.03;6.55;-0.01;3.816;3.46;79.1
1982-01-24;4.94;6.93;8.91;4.51;2.093;6.4;69.67
1982-01-25;4.56;5.83;7.1;-0.01;2.895;6.31;66.28
1982-01-26;1.51;4.05;6.6;-0.01;2.001;5.5;76.84
1982-01-27;-1.5;1.15;3.8;-0.01;4.107;3.29;63.0
1982-01-28;-2.43;0.97;4.37;0.99;4.098;3.75;68.21
1982-01-29;1.5;4.8;8.1;11.18;2.163;4.24;84.32
1982-01-30;-0.3;2.7;5.69;-0.01;4.304;4.3;58.03
1982-01-31;4.44;8.77;13.1;8.37;1.278;7.02;68.92
1982-02-01;5.0;9.37;13.74;1.99;2.201;7.29;72.72
1982-02-02;3.2;5.64;8.09;-0.01;4.2;6.11;47.85
1982-02-03;5.92;7.82;9.71;3.89;2.168;7.3;75.51
1982-02-04;2.32;5.87;9.42;-0.01;2.486;6.81;49.88
1982-02-05;-0.41;2.19;4.78;-0.01;5.0;3.09;62.19
1982-02-06;0.39;3.77;7.16;3.75;4.197;6.02;56.76
1982-02-07;1.1;3.33;5.57;-0.01;3.607;6.01;50.74
1982-02-08;0.79;3.63;6.46;6.89;1.566;2.5;81.25
1982-02-09;2.99;4.8;6.61;1.09;2.181;2.6;87.21
1982-02-10;-1.2;1.94;5.07;0.3;6.31;2.0;70.39
1982-02-11;0.88;5.0;9.11;2.0;5.104;4.09;68.83
1982-02-12;0.2;6.07;11.94;1.7;4.293;4.3;54.38
1982-02-13;5.7;8.8;11.9;-0.01;5.505;4.8;68.55
1982-02-14;1.09;5.35;9.62;-0.01;6.723;2.01;51.48
1982-02-15;0.4;3.19;5.98;3.06;2.195;3.3;79.72
1982-02-16;-2.41;3.15;8.71;-0.01;6.516;2.69;44.1
1982-02-17;4.7;7.55;10.41;1.71;2.489;3.4;85.34
1982-02-18;0.07;3.83;7.6;-0.01;7.283;2.3;60.5
1982-02-19;3.31;6.11;8.9;-0.01;3.898;3.0;76.5
1982-02-20;0.29;3.94;7.58;-0.01;4.189;3.1;82.38
1982-02-21;7.36;10.27;13.18;0.29;4.15;4.1;81.58
1982-02-22;7.81;9.36;10.9;6.99;2.593;2.52;90.34
1982-02-23;1.4;6.35;11.3;5.37;3.875;3.71;75.58
1982-02-24;-2.51;1.46;5.43;-0.01;7.734;1.5;42.78
1982-02-25;-0.06;4.32;8.7;-0.01;7.702;2.59;46.7
1982-02-26;1.31;5.81;10.31;-0.01;7.398;2.19;49.99
1982-02-27;2.4;6.09;9.79;-0.01;7.703;2.8;50.41
1982-02-28;1.0;4.95;8.9;-0.01;8.105;2.38;49.33
1982-03-01;0.6;4.25;7.91;-0.01;9.042;2.1;53.33
1982-03-02;0.6;5.5;10.4;1.15;3.272;4.99;64.9
1982-03-03;-0.23;2.28;4.8;-0.02;7.699;3.61;45.44
1982-03-04;-1.38;2.56;6.49;0.8;7.611;3.5;49.35
1982-03-05;-0.8;2.1;5.0;-0.01;6.604;5.2;49.2
1982-03-06;-1.01;1.74;4.49;-0.01;10.718;3.5;38.45
1982-03-07;1.9;7.25;12.6;5.64;5.183;4.31;70.62
1982-03-08;5.9;9.62;13.33;1.39;3.8;4.7;71.4
1982-03-09;2.21;5.3;8.39;-0.01;6.594;5.0;40.65
1982-03-10;0.57;4.38;8.2;-0.01;8.104;4.32;37.5
1982-03-11;0.2;3.2;6.19;-0.01;9.996;4.11;39.6
1982-03-12;-0.8;3.3;7.4;-0.01;9.174;3.8;40.59
1982-03-13;-0.06;3.82;7.7;-0.01;7.9;3.4;40.65
1982-03-14;0.79;4.6;8.4;-0.01;10.111;3.2;43.37
1982-03-15;-0.61;4.35;9.3;6.62;5.695;2.5;59.5
1982-03-16;6.8;9.71;12.63;3.49;5.406;3.9;74.7
1982-03-17;5.14;7.02;8.89;10.27;3.091;4.3;89.73
1982-03-18;1.29;4.06;6.84;-0.01;8.089;4.2;53.94
1982-03-19;-1.2;2.65;6.5;-0.01;14.739;1.9;33.0
1982-03-20;0.08;2.23;4.37;-0.02;10.001;4.8;45.17
1982-03-21;0.88;3.61;6.35;0.0;8.103;3.9;40.59
1982-03-22;-1.41;4.09;9.6;-0.01;12.686;3.9;29.77
1982-03-23;0.99;4.14;7.29;1.21;8.395;4.3;57.41
1982-03-24;0.07;3.28;6.49;8.3;7.507;3.6;61.22
1982-03-25;5.81;10.62;15.43;10.5;6.191;3.5;67.13
1982-03-26;7.7;11.71;15.71;0.51;9.184;4.41;56.42
1982-03-27;6.41;9.66;12.9;1.79;5.986;1.5;74.64
1982-03-28;5.92;9.61;13.3;5.94;5.574;3.3;67.21
1982-03-29;1.08;5.62;10.15;5.1;5.028;3.7;70.78
1982-03-30;-1.62;0.52;2.66;-0.01;17.622;3.05;27.71
1982-03-31;-3.52;0.09;3.7;-0.01;16.231;1.49;21.88
1982-04-01;-3.35;1.33;6.01;-0.01;17.456;1.5;23.2
1982-04-02;-3.58;1.44;6.47;-0.01;17.408;0.23;20.38
1982-04-03;-1.5;2.7;6.9;-0.01;14.249;2.79;28.62
1982-04-04;1.5;3.94;6.39;5.12;7.889;4.41;69.1
1982-04-05;2.09;3.48;4.88;4.52;6.591;5.82;81.04
1982-04-06;-0.1;3.19;6.47;-0.01;9.311;3.91;43.9
1982-04-07;-2.43;2.98;8.38;2.29;16.726;3.44;31.13
1982-04-08;-0.11;4.99;10.09;2.19;6.257;4.8;61.73
1982-04-09;-0.81;6.19;13.2;2.48;5.97;3.1;37.63
1982-04-10;9.32;13.18;17.04;6.1;8.264;3.1;78.95
1982-04-11;8.42;12.77;17.11;0.7;9.073;5.11;63.81
1982-04-12;8.8;13.3;17.81;2.44;13.389;4.1;53.45
1982-04-13;8.22;10.07;11.91;8.27;4.848;0.78;86.02
1982-04-14;6.46;10.44;14.42;1.9;11.415;3.76;61.21
1982-04-15;3.16;6.17;9.18;1.09;8.842;3.21;65.77
1982-04-16;-0.3;2.5;5.31;1.19;10.391;3.19;49.04
1982-04-17;-1.65;1.99;5.62;-0.01;17.538;4.62;32.08
1982-04-18;-1.72;2.05;5.82;-0.02;19.35;2.27;30.56
1982-04-19;1.18;3.45;5.72;0.9;9.079;1.79;70.4
1982-04-20;3.7;7.7;11.7;3.11;7.88;2.69;64.92
1982-04-21;6.7;11.85;17.0;0.42;11.737;4.84;45.9
1982-04-22;3.56;7.88;12.19;-0.01;17.725;2.59;34.42
1982-04-23;1.39;7.29;13.2;-0.01;18.697;1.8;34.97
1982-04-24;2.5;8.46;14.41;-0.01;13.508;1.18;39.0
1982-04-25;6.96;12.64;18.32;4.21;7.204;4.55;56.7
1982-04-26;10.03;14.79;19.55;0.9;13.141;4.12;53.21
1982-04-27;7.7;12.46;17.21;1.81;14.996;3.8;52.48
1982-04-28;6.7;11.6;16.5;0.9;11.394;3.42;47.49
1982-04-29;3.39;6.68;9.97;-0.01;8.752;3.5;70.33
1982-04-30;-0.11;5.45;11.0;-0.02;19.485;2.2;32.87
1982-05-01;6.2;9.8;13.4;2.99;6.527;4.62;65.71
1982-05-02;9.71;14.02;18.33;5.13;18.2;4.0;47.69
1982-05-03;9.12;11.86;14.6;1.98;7.791;2.09;76.62
1982-05-04;4.97;11.8;18.63;-0.01;22.439;1.19;37.21
1982-05-05;8.91;11.05;13.2;1.0;6.485;1.8;76.47
1982-05-06;7.9;12.27;16.63;1.1;14.745;3.1;58.85
1982-05-07;4.29;7.94;11.59;-0.01;14.4;3.1;44.22
1982-05-08;0.9;6.84;12.79;-0.01;18.817;1.8;37.59
1982-05-09;7.4;13.41;19.42;1.2;13.486;4.5;47.46
1982-05-10;5.1;9.25;13.4;-0.02;17.296;4.32;37.0
1982-05-11;6.9;9.24;11.58;1.98;11.403;4.6;63.85
1982-05-12;3.58;6.82;10.06;0.79;11.99;3.7;52.54
1982-05-13;1.44;6.41;11.38;1.62;11.563;3.5;47.59
1982-05-14;7.11;12.55;17.99;-0.01;18.3;2.6;50.74
1982-05-15;9.5;14.05;18.6;7.81;6.974;5.32;58.01
1982-05-16;8.9;11.64;14.39;-0.01;12.543;6.01;40.99
1982-05-17;7.0;9.5;11.99;1.75;10.951;3.73;55.11
1982-05-18;4.13;9.31;14.49;-0.01;21.101;1.88;37.6
1982-05-19;7.7;10.15;12.6;7.04;11.28;5.22;64.43
1982-05-20;4.75;8.43;12.1;1.8;11.597;3.4;59.66
1982-05-21;6.1;10.39;14.69;3.21;14.394;4.21;54.75
1982-05-22;8.3;11.48;14.66;10.87;9.253;2.6;81.58
1982-05-23;7.45;11.82;16.2;-0.01;17.15;3.31;43.86
1982-05-24;7.0;10.95;14.9;-0.01;16.904;1.78;51.33
1982-05-25;5.87;10.13;14.4;-0.01;19.429;2.85;45.25
1982-05-26;4.3;9.04;13.79;-0.01;18.7;2.9;39.37
1982-05-27;2.84;8.52;14.2;-0.02;22.218;1.6;35.13
1982-05-28;2.01;8.93;15.86;-0.02;27.521;1.06;30.79
1982-05-29;2.19;9.59;16.98;-0.01;22.514;2.2;33.07
1982-05-30;4.97;8.29;11.6;-0.01;21.327;3.2;39.18
1982-05-31;5.5;9.39;13.29;-0.01;12.966;3.52;42.35
1982-06-01;3.71;7.64;11.57;1.09;14.405;2.3;36.78
1982-06-02;3.23;7.45;11.66;0.91;16.342;1.39;43.22
1982-06-03;4.85;8.29;11.73;3.02;9.568;2.9;52.85
1982-06-04;6.2;8.34;10.47;2.01;9.365;4.6;72.68
1982-06-05;6.4;9.75;13.09;1.12;10.523;4.65;50.06
1982-06-06;5.28;8.76;12.24;-0.01;16.206;2.39;39.98
1982-06-07;5.8;9.1;12.39;-0.02;20.712;1.6;39.03
1982-06-08;5.89;9.1;12.3;-0.01;20.399;1.5;42.82
1982-06-09;3.68;8.38;13.09;2.5;17.009;2.0;51.31
1982-06-10;7.3;9.74;12.19;0.52;12.029;3.81;58.81
1982-06-11;6.89;9.79;12.69;0.01;13.589;3.91;45.91
1982-06-12;7.19;10.63;14.06;-0.01;11.595;2.5;47.73
1982-06-13;6.6;11.5;16.4;0.0;15.678;1.58;48.06
1982-06-14;9.6;13.55;17.5;6.66;10.177;2.1;57.21
1982-06-15;9.32;12.05;14.78;-0.01;17.0;3.08;55.2
1982-06-16;9.31;14.82;20.32;2.54;14.946;2.3;47.86
1982-06-17;10.31;12.6;14.89;21.93;7.798;3.61;80.85
1982-06-18;7.86;10.96;14.07;-0.01;15.414;2.9;45.05
1982-06-19;5.68;10.77;15.87;-0.01;26.558;2.7;23.64
1982-06-20;7.99;14.0;20.0;19.28;11.27;3.2;47.35
1982-06-21;8.29;11.92;15.55;2.7;14.971;3.62;50.54
1982-06-22;6.39;10.73;15.08;0.68;18.48;3.3;42.81
1982-06-23;6.4;11.39;16.39;3.1;16.202;1.2;46.1
1982-06-24;7.04;13.57;20.1;-0.01;21.514;0.78;38.89
1982-06-25;8.8;15.01;21.21;1.81;22.116;2.1;40.08
1982-06-26;9.6;15.8;22.0;-0.01;23.766;2.19;37.2
1982-06-27;7.6;16.32;25.04;0.01;21.917;1.3;35.27
1982-06-28;10.91;16.26;21.6;4.28;11.192;1.19;59.29
1982-06-29;9.84;15.1;20.35;2.19;14.592;2.4;47.77
1982-06-30;9.9;14.46;19.01;3.27;12.615;3.61;52.83
1982-07-01;8.47;14.56;20.65;1.21;23.514;1.0;43.67
1982-07-02;11.02;13.86;16.7;6.91;9.228;1.29;78.89
1982-07-03;9.0;12.4;15.8;-0.01;13.467;2.8;52.85
1982-07-04;7.09;11.13;15.17;-0.01;19.084;3.2;35.9
1982-07-05;6.61;11.54;16.47;2.2;22.518;1.29;35.83
1982-07-06;9.91;12.9;15.89;19.11;11.696;4.81;68.05
1982-07-07;7.7;11.69;15.68;-0.01;23.141;2.4;37.2
1982-07-08;5.76;12.03;18.3;-0.01;30.277;2.5;28.17
1982-07-09;6.69;12.89;19.09;-0.01;28.878;2.0;30.12
1982-07-10;8.28;14.5;20.71;2.51;18.308;3.51;39.97
1982-07-11;13.02;17.41;21.81;2.1;8.783;3.9;64.8
1982-07-12;13.41;18.05;22.7;2.72;12.669;6.02;56.73
1982-07-13;9.0;12.91;16.83;4.53;20.294;3.1;43.34
1982-07-14;8.18;12.43;16.67;-0.01;16.997;3.7;41.4
1982-07-15;9.98;13.98;17.98;2.7;12.693;3.3;54.45
1982-07-16;10.09;13.94;17.78;1.98;18.639;3.51;41.2
1982-07-17;8.27;13.08;17.9;-0.02;22.109;2.2;38.2
1982-07-18;7.87;15.9;23.93;-0.01;16.788;3.4;37.75
1982-07-19;15.49;20.56;25.63;-0.01;15.73;3.71;47.42
1982-07-20;11.4;15.3;19.2;5.34;11.2;3.71;67.61
1982-07-21;10.3;14.05;17.8;2.07;13.706;4.41;41.83
1982-07-22;9.89;13.64;17.39;0.0;15.793;3.41;47.44
1982-07-23;8.68;12.66;16.65;0.89;9.553;2.01;66.57
1982-07-24;12.2;15.19;18.18;-0.01;13.889;4.2;58.73
1982-07-25;9.0;12.36;15.72;5.4;8.016;4.11;58.76
1982-07-26;7.68;10.77;13.85;1.81;17.802;4.21;39.65
1982-07-27;8.1;12.33;16.56;23.76;8.176;3.4;57.82
1982-07-28;11.27;16.13;21.0;2.95;10.175;2.8;59.71
1982-07-29;12.5;14.95;17.39;19.83;8.973;4.42;76.82
1982-07-30;10.5;13.38;16.26;-0.01;17.244;2.8;38.98
1982-07-31;8.7;14.15;19.6;-0.01;21.403;3.4;34.79
1982-08-01;11.4;17.15;22.9;-0.01;15.8;3.76;43.8
1982-08-02;15.22;20.09;24.97;-0.01;12.69;3.2;52.04
1982-08-03;15.35;18.27;21.2;3.07;8.572;4.22;72.46
1982-08-04;11.0;16.0;21.0;-0.01;15.351;1.8;50.71
1982-08-05;8.07;15.29;22.51;-0.01;23.705;0.77;30.0
1982-08-06;14.5;19.36;24.21;-0.01;10.346;1.08;51.24
1982-08-07;15.3;20.6;25.9;-0.01;13.745;1.39;50.28
1982-08-08;14.5;20.26;26.02;-0.01;15.194;2.79;49.32
1982-08-09;10.2;15.85;21.5;-0.01;21.42;1.7;37.1
1982-08-10;8.08;16.84;25.61;-0.01;25.953;0.59;29.65
1982-08-11;9.7;18.66;27.61;-0.01;26.982;0.68;31.34
1982-08-12;14.21;20.88;27.54;-0.01;20.433;0.68;37.67
1982-08-13;11.2;19.41;27.63;-0.01;19.411;0.79;34.97
1982-08-14;14.72;20.67;26.62;-0.01;21.281;0.99;41.83
1982-08-15;14.01;20.04;26.08;-0.01;15.523;0.79;45.37
1982-08-16;10.5;18.27;26.03;-0.01;19.952;1.39;37.91
1982-08-17;12.6;18.9;25.2;-0.01;17.202;2.9;41.25
1982-08-18;13.72;21.37;29.02;9.11;22.762;3.0;36.64
1982-08-19;14.32;18.41;22.5;-0.01;11.069;2.89;68.04
1982-08-20;14.7;18.52;22.34;-0.01;11.671;3.0;56.92
1982-08-21;11.0;15.95;20.9;1.03;22.115;3.09;39.96
1982-08-22;8.71;13.19;17.67;-0.01;15.114;1.99;45.54
1982-08-23;11.95;16.88;21.8;1.2;8.364;3.6;57.43
1982-08-24;14.11;19.05;24.0;-0.01;10.655;2.09;55.51
1982-08-25;12.2;18.91;25.63;-0.01;15.718;1.3;41.15
1982-08-26;16.38;21.2;26.01;-0.01;17.305;2.2;42.03
1982-08-27;14.94;18.61;22.27;3.07;6.585;1.49;71.04
1982-08-28;14.33;18.61;22.9;2.2;9.697;1.39;69.24
1982-08-29;14.9;19.41;23.93;6.47;10.498;1.7;59.43
1982-08-30;12.64;18.27;23.91;-0.01;16.71;0.89;52.64
1982-08-31;14.93;19.59;24.24;-0.01;11.802;1.1;47.95
1982-09-01;11.65;18.46;25.26;-0.01;16.512;1.1;41.09
1982-09-02;11.8;18.05;24.31;8.35;13.708;2.6;45.7
1982-09-03;8.9;13.98;19.06;-0.01;19.305;3.31;38.99
1982-09-04;6.29;13.11;19.92;-0.01;20.216;0.69;33.97
1982-09-05;8.8;14.95;21.1;-0.01;16.262;1.67;37.16
1982-09-06;9.8;15.65;21.5;-0.01;14.724;0.89;41.76
1982-09-07;10.6;15.45;20.3;-0.01;9.397;1.2;58.07
1982-09-08;7.88;13.29;18.69;4.91;12.307;1.27;50.1
1982-09-09;8.69;11.71;14.72;-0.01;11.303;3.3;62.03
1982-09-10;6.2;9.59;12.98;-0.01;14.825;3.39;32.88
1982-09-11;7.68;11.93;16.18;4.05;6.468;3.11;64.72
1982-09-12;13.41;16.66;19.9;5.36;8.798;4.73;69.54
1982-09-13;14.35;17.82;21.3;1.91;6.98;3.5;64.55
1982-09-14;12.8;17.3;21.8;-0.01;14.214;4.22;43.97
1982-09-15;11.9;17.8;23.71;-0.01;16.722;1.79;43.06
1982-09-16;13.01;19.28;25.55;0.0;8.966;1.58;43.4
1982-09-17;10.9;18.36;25.83;-0.01;10.104;0.89;41.16
1982-09-18;12.81;19.53;26.25;-0.01;14.094;1.59;37.97
1982-09-19;11.01;17.91;24.81;-0.01;14.202;2.6;36.56
1982-09-20;13.62;19.53;25.44;-0.01;12.703;2.97;37.62
1982-09-21;14.04;18.67;23.31;0.79;9.001;2.18;60.23
1982-09-22;12.11;17.71;23.32;7.52;8.797;1.9;50.63
1982-09-23;10.7;15.62;20.53;1.39;10.198;2.8;52.24
1982-09-24;10.0;14.85;19.7;-0.01;10.599;2.4;45.48
1982-09-25;12.51;15.8;19.1;3.03;6.306;2.68;67.53
1982-09-26;10.7;13.92;17.15;6.82;10.006;3.29;64.54
1982-09-27;10.01;14.09;18.16;-0.01;8.322;3.05;52.19
1982-09-28;9.6;13.05;16.5;14.58;3.393;4.4;81.15
1982-09-29;8.2;12.45;16.7;-0.01;10.802;1.8;48.97
1982-09-30;9.7;13.55;17.4;2.49;4.901;3.6;50.28
1982-10-01;8.55;12.78;17.0;1.95;11.9;2.1;62.75
1982-10-02;7.79;13.24;18.7;-0.01;10.308;3.3;45.72
1982-10-03;13.71;17.0;20.28;9.32;6.201;4.2;69.83
1982-10-04;9.51;13.45;17.39;0.83;6.693;1.26;76.41
1982-10-05;8.69;14.01;19.33;-0.01;10.306;2.48;48.4
1982-10-06;13.03;17.02;21.0;-0.01;10.409;3.3;56.05
1982-10-07;9.81;14.82;19.82;0.49;5.995;0.99;67.21
1982-10-08;10.82;14.36;17.9;1.89;5.998;2.4;80.85
1982-10-09;10.19;13.79;17.4;-0.01;8.146;1.29;61.98
1982-10-10;10.32;14.41;18.5;-0.01;7.492;2.5;51.93
1982-10-11;12.14;15.19;18.23;-0.01;5.376;2.6;52.56
1982-10-12;10.72;14.51;18.3;-0.01;6.501;1.39;47.47
1982-10-13;10.42;14.52;18.62;-0.01;9.406;3.6;44.23
1982-10-14;10.14;14.68;19.22;-0.01;9.801;3.3;43.89
1982-10-15;10.5;14.91;19.33;-0.01;9.399;3.39;48.47
1982-10-16;11.94;13.62;15.3;18.93;3.478;6.31;86.05
1982-10-17;8.3;10.95;13.6;-0.01;6.506;7.56;56.31
1982-10-18;8.0;9.8;11.6;-0.03;5.047;4.71;45.61
1982-10-19;5.6;8.55;11.5;-0.01;9.805;4.61;38.71
1982-10-20;4.67;7.88;11.09;-0.02;7.312;3.91;41.31
1982-10-21;3.57;7.23;10.88;-0.02;6.101;3.3;57.67
1982-10-22;3.5;7.09;10.68;-0.01;6.6;2.89;55.44
1982-10-23;1.78;7.08;12.38;3.78;7.303;3.9;44.87
1982-10-24;11.41;14.66;17.91;-0.01;5.191;4.33;65.38
1982-10-25;7.18;10.79;14.4;-0.01;6.716;1.88;64.43
1982-10-26;8.3;11.29;14.29;-0.02;5.2;0.34;57.26
1982-10-27;8.64;10.64;12.65;-0.01;3.294;0.58;79.16
1982-10-28;6.69;10.6;14.51;-0.01;6.615;2.0;62.41
1982-10-29;10.01;12.87;15.72;1.59;4.795;4.53;82.65
1982-10-30;13.47;15.24;17.01;4.07;2.877;7.49;77.42
1982-10-31;7.03;11.02;15.0;3.64;5.896;5.01;65.1
1982-11-01;2.76;5.75;8.75;-0.01;6.095;4.05;59.37
1982-11-02;0.6;4.35;8.1;-0.01;6.807;3.0;42.49
1982-11-03;5.0;8.45;11.9;7.02;3.704;4.7;71.3
1982-11-04;2.8;7.4;12.0;-0.01;3.301;7.56;26.79
1982-11-05;1.0;4.06;7.13;-0.02;6.299;5.81;26.41
1982-11-06;0.79;6.05;11.31;0.49;2.386;2.68;58.28
1982-11-07;6.7;8.95;11.2;-0.02;4.109;4.01;69.49
1982-11-08;5.02;7.21;9.39;-0.01;3.606;0.9;82.41
1982-11-09;5.15;6.47;7.8;2.56;1.598;3.9;90.61
1982-11-10;-0.31;4.18;8.68;-0.02;5.701;1.8;68.39
1982-11-11;-0.61;4.64;9.89;4.99;3.798;2.8;66.18
1982-11-12;8.41;10.05;11.69;24.22;1.892;4.91;89.51
1982-11-13;5.7;8.26;10.81;1.07;5.403;2.7;84.31
1982-11-14;1.37;4.33;7.28;-0.01;2.487;1.49;79.71
1982-11-15;0.26;3.37;6.48;-0.02;4.198;3.11;50.62
1982-11-16;1.19;5.79;10.38;5.06;5.524;2.8;84.41
1982-11-17;0.17;5.19;10.21;0.0;4.603;2.1;59.3
1982-11-18;8.9;10.96;13.02;-0.01;3.697;4.5;80.67
1982-11-19;10.11;11.86;13.6;0.89;2.393;5.41;85.72
1982-11-20;5.9;8.65;11.4;-0.02;3.832;3.58;73.6
1982-11-21;6.12;8.43;10.73;4.56;2.484;5.63;76.22
1982-11-22;8.53;10.46;12.4;16.49;1.094;5.81;87.81
1982-11-23;7.48;9.75;12.01;0.9;2.602;4.5;79.28
1982-11-24;7.59;8.95;10.3;0.97;3.798;5.0;80.4
1982-11-25;9.01;10.26;11.51;9.52;2.394;5.92;85.53
1982-11-26;8.92;10.77;12.61;0.72;2.803;5.02;81.1
1982-11-27;10.0;11.3;12.61;-0.01;1.904;3.9;88.03
1982-11-28;9.02;10.61;12.2;-0.01;1.995;3.0;87.7
1982-11-29;9.42;11.16;12.91;1.69;1.291;5.0;86.01
1982-11-30;7.13;9.16;11.2;-0.01;3.098;4.72;66.59
1982-12-01;7.32;10.45;13.58;1.92;1.491;4.51;88.16
1982-12-02;9.82;11.02;12.22;-0.01;2.837;4.5;84.06
1982-12-03;9.97;11.14;12.32;4.38;1.292;6.27;85.98
1982-12-04;7.61;9.47;11.33;-0.02;2.901;1.99;88.6
1982-12-05;6.14;7.53;8.91;-0.01;1.598;2.51;90.44
1982-12-06;3.51;5.77;8.04;0.38;2.903;3.8;81.5
1982-12-07;3.5;6.21;8.91;2.91;1.799;4.53;76.92
1982-12-08;3.29;5.79;8.28;-0.01;2.732;3.0;79.9
1982-12-09;2.91;6.61;10.3;8.06;1.497;3.1;78.81
1982-12-10;3.4;6.41;9.41;2.01;3.0;2.1;86.14
1982-12-11;7.11;9.68;12.25;-0.01;1.692;3.0;82.81
1982-12-12;2.2;4.5;6.81;-0.01;2.605;3.5;77.19
1982-12-13;1.96;5.16;8.36;1.22;1.67;2.08;82.4
1982-12-14;7.11;10.04;12.98;0.49;1.687;3.2;84.91
1982-12-15;4.03;8.22;12.42;0.69;3.098;2.5;73.98
1982-12-16;2.74;4.22;5.7;-0.01;2.195;3.9;80.1
1982-12-17;1.9;3.8;5.7;-0.01;1.699;2.7;81.3
1982-12-18;4.01;5.86;7.71;0.3;1.278;2.89;86.81
1982-12-19;-0.81;2.22;5.26;-0.01;3.002;1.8;86.81
1982-12-20;-0.51;3.59;7.69;7.9;0.697;3.3;83.06
1982-12-21;2.7;4.03;5.36;-0.01;3.2;1.8;88.09
1982-12-22;4.09;5.84;7.6;-0.01;2.5;2.8;87.74
1982-12-23;0.91;3.0;5.08;-0.01;2.298;3.4;81.02
1982-12-24;0.5;2.7;4.9;-0.02;2.102;3.69;79.69
1982-12-25;0.0;2.5;4.99;-0.01;2.199;3.38;80.7
1982-12-26;-2.3;0.1;2.51;-0.01;2.467;1.19;88.95
1982-12-27;-3.02;0.08;3.18;1.19;2.4;1.15;83.3
1982-12-28;1.3;3.44;5.59;-0.01;2.502;2.49;85.22
1982-12-29;0.09;2.36;4.64;-0.01;3.001;3.1;78.35
1982-12-30;0.3;2.95;5.6;1.19;1.7;2.29;80.8
1982-12-31;-1.73;0.17;2.07;-0.01;1.9;1.27;90.91
1983-01-01;-2.9;-0.56;1.78;-0.01;2.201;0.7;90.02
1983-01-02;-1.91;0.3;2.5;-0.01;2.102;0.89;89.64
1983-01-03;-2.34;0.03;2.39;-0.01;2.505;1.99;87.54
1983-01-04;-0.9;3.24;7.39;4.69;1.271;4.7;78.31
1983-01-05;3.0;7.01;11.02;0.49;1.998;4.01;66.39
1983-01-06;9.09;10.75;12.41;-0.01;1.693;5.5;84.62
1983-01-07;9.04;10.61;12.18;-0.01;1.796;6.91;76.05
1983-01-08;3.19;7.16;11.13;6.62;3.206;4.69;65.0
1983-01-09;1.6;4.06;6.52;-0.01;3.052;3.3;78.97
1983-01-10;1.22;3.9;6.59;-0.01;2.899;4.0;75.21
1983-01-11;4.8;7.3;9.81;0.49;1.494;5.92;80.51
1983-01-12;8.25;9.83;11.41;-0.01;1.583;5.9;83.64
1983-01-13;7.06;8.99;10.92;1.39;2.999;6.22;82.51
1983-01-14;6.21;8.38;10.55;-0.01;2.497;3.8;83.97
1983-01-15;6.11;7.71;9.31;-0.01;2.204;4.77;84.0
1983-01-16;5.12;7.61;10.1;-0.01;1.681;3.8;80.78
1983-01-17;4.53;6.96;9.4;0.0;1.695;2.0;84.97
1983-01-18;5.73;7.57;9.41;3.7;1.498;4.6;88.96
1983-01-19;2.1;4.6;7.1;-0.01;3.401;3.41;75.2
1983-01-20;5.73;8.93;12.13;5.83;3.096;4.1;82.07
1983-01-21;8.02;10.52;13.02;-0.01;1.795;6.13;79.67
1983-01-22;3.42;6.32;9.22;-0.01;3.2;5.11;47.42
1983-01-23;4.51;8.47;12.43;0.7;1.886;4.9;81.84
1983-01-24;9.08;10.57;12.05;-0.01;1.703;5.23;82.02
1983-01-25;4.22;7.67;11.12;2.02;2.693;5.62;66.41
1983-01-26;2.3;6.87;11.44;4.11;3.495;5.82;40.75
1983-01-27;5.73;8.58;11.43;-0.01;3.109;7.81;49.5
1983-01-28;3.99;6.01;8.04;0.0;3.906;4.5;66.9
1983-01-29;4.62;8.46;12.31;1.99;1.998;6.51;80.48
1983-01-30;10.24;11.28;12.31;5.8;1.596;6.8;89.16
1983-01-31;7.07;9.2;11.32;-0.01;4.105;2.47;84.44
1983-02-01;3.2;5.31;7.43;-0.01;4.402;3.9;80.78
1983-02-02;2.56;6.04;9.51;-0.01;4.803;4.6;53.05
1983-02-03;6.2;8.45;10.7;-0.01;3.292;6.03;75.41
1983-02-04;0.91;4.61;8.31;-0.01;4.898;5.91;43.29
1983-02-05;0.49;4.5;8.5;-0.01;3.594;6.13;47.98
1983-02-06;7.18;10.41;13.65;14.02;2.194;7.34;83.5
1983-02-07;5.0;8.21;11.42;0.0;4.101;6.02;54.57
1983-02-08;2.41;4.35;6.29;-0.01;4.906;6.95;36.07
1983-02-09;0.46;2.81;5.17;-0.01;3.593;5.33;46.67
1983-02-10;0.06;5.23;10.4;22.55;1.895;6.73;67.91
1983-02-11;-1.9;-0.06;1.78;0.88;5.505;6.91;56.99
1983-02-12;-2.79;-0.41;1.98;-0.01;6.601;5.5;38.45
1983-02-13;1.25;5.23;9.21;2.71;1.69;6.82;77.65
1983-02-14;1.6;4.3;7.0;-0.01;4.896;6.4;53.01
1983-02-15;-0.19;2.24;4.67;-0.01;4.896;4.81;48.74
1983-02-16;-1.6;1.79;5.18;-0.02;6.196;3.39;46.31
1983-02-17;-3.37;2.77;8.9;4.0;3.349;4.1;50.73
1983-02-18;4.3;6.25;8.2;-0.01;6.469;7.44;38.94
1983-02-19;0.8;4.36;7.91;-0.01;6.796;5.1;42.55
1983-02-20;-1.8;1.03;3.86;0.0;6.509;2.47;61.63
1983-02-21;-4.41;-1.33;1.74;-0.01;7.903;0.72;44.01
1983-02-22;-3.41;1.4;6.2;9.29;6.101;6.81;36.64
1983-02-23;3.01;6.61;10.21;-0.01;4.976;5.12;67.1
1983-02-24;3.0;8.16;13.32;5.42;4.082;4.9;67.97
1983-02-25;7.73;10.95;14.16;0.99;3.796;3.9;81.97
1983-02-26;7.86;11.13;14.4;1.19;5.587;3.2;79.26
1983-02-27;8.02;10.56;13.1;-0.01;3.969;5.12;75.21
1983-02-28;4.29;6.88;9.47;-0.02;7.658;4.3;55.89
1983-03-01;1.07;4.48;7.89;0.4;8.097;6.74;44.06
1983-03-02;0.7;4.85;9.0;-0.01;6.699;5.0;41.34
1983-03-03;1.31;6.1;10.89;2.01;4.907;6.0;41.79
1983-03-04;5.7;7.55;9.4;1.2;6.899;6.41;56.53
1983-03-05;5.26;7.26;9.27;5.51;5.714;3.59;74.81
1983-03-06;1.6;3.37;5.14;0.58;5.359;3.81;70.68
1983-03-07;-0.71;3.65;8.01;-0.01;6.191;3.9;52.13
1983-03-08;4.3;7.65;11.0;1.67;7.111;6.28;54.01
1983-03-09;3.51;6.66;9.8;0.49;6.49;5.89;44.56
1983-03-10;5.6;9.5;13.4;11.53;4.368;3.99;67.55
1983-03-11;3.73;7.87;12.01;-0.01;11.316;3.5;44.66
1983-03-12;0.8;5.61;10.42;-0.01;12.073;2.18;39.55
1983-03-13;4.33;6.76;9.2;1.11;9.908;5.1;50.18
1983-03-14;-0.52;2.98;6.48;-0.01;6.188;4.01;48.19
1983-03-15;-2.46;0.94;4.34;-0.01;11.469;1.49;38.66
1983-03-16;-2.8;1.6;6.01;-0.02;12.816;2.9;31.37
1983-03-17;1.31;2.5;3.7;1.2;5.373;3.69;73.07
1983-03-18;0.49;3.95;7.4;-0.01;11.217;3.15;40.58
1983-03-19;-0.5;2.75;5.99;-0.01;13.855;3.7;29.82
1983-03-20;-1.12;2.48;6.07;-0.01;12.212;3.21;36.86
1983-03-21;0.89;4.88;8.87;-0.01;8.09;2.39;47.85
1983-03-22;0.2;4.74;9.28;1.46;7.406;2.28;54.81
1983-03-23;-1.9;5.6;13.11;-0.01;14.717;1.06;33.28
1983-03-24;5.51;7.05;8.6;8.19;4.787;2.9;83.83
1983-03-25;5.14;6.62;8.09;3.01;4.601;2.99;83.32
1983-03-26;5.64;7.71;9.79;4.13;3.796;1.34;83.93
1983-03-27;5.85;9.27;12.7;-0.01;9.004;0.27;70.3
1983-03-28;3.69;7.75;11.8;5.09;7.508;2.51;78.85
1983-03-29;0.86;5.97;11.09;3.6;8.146;2.9;58.51
1983-03-30;3.9;7.48;11.06;4.79;6.23;3.82;63.93
1983-03-31;3.4;5.2;7.0;0.8;6.185;4.11;70.15
1983-04-01;2.49;6.49;10.48;11.62;5.077;4.21;55.1
1983-04-02;0.4;5.25;10.1;-0.01;17.182;3.11;38.45
1983-04-03;5.51;10.75;16.0;11.65;6.89;5.61;55.61
1983-04-04;7.13;11.42;15.71;0.49;12.804;4.8;51.62
1983-04-05;6.22;8.66;11.1;4.12;8.087;6.23;63.91
1983-04-06;4.1;5.88;7.65;11.62;5.759;5.82;80.57
1983-04-07;3.19;7.19;11.19;1.39;14.931;4.1;32.89
1983-04-08;5.82;10.57;15.33;4.82;8.069;3.09;55.87
1983-04-09;3.7;7.35;10.99;0.9;9.771;3.64;50.16
1983-04-10;1.88;7.6;13.31;-0.01;16.403;1.18;33.91
1983-04-11;6.92;12.37;17.82;7.46;7.779;4.1;59.13
1983-04-12;8.6;12.45;16.31;-0.01;7.722;3.5;79.49
1983-04-13;7.45;11.2;14.94;3.21;13.12;5.0;55.1
1983-04-14;7.8;10.7;13.6;1.12;11.407;6.2;60.98
1983-04-15;4.9;8.18;11.45;-0.01;17.324;5.41;25.61
1983-04-16;4.3;9.95;15.6;19.13;9.121;4.9;49.85
1983-04-17;5.93;8.91;11.9;1.12;8.018;5.5;60.76
1983-04-18;6.95;10.07;13.2;-0.01;13.201;3.4;52.04
1983-04-19;4.9;10.11;15.32;7.32;8.285;3.6;45.57
1983-04-20;6.71;10.44;14.16;4.84;11.297;4.4;49.71
1983-04-21;6.1;11.16;16.21;3.63;12.385;3.6;44.89
1983-04-22;6.0;9.61;13.21;2.93;6.099;3.1;65.34
1983-04-23;2.84;7.31;11.78;0.93;16.198;2.07;40.6
1983-04-24;4.81;7.16;9.52;2.85;7.018;2.9;80.07
1983-04-25;2.75;6.83;10.9;-0.01;16.411;1.9;47.21
1983-04-26;1.69;7.15;12.61;7.43;16.315;3.11;44.12
1983-04-27;4.81;9.19;13.56;7.34;15.904;4.74;45.26
1983-04-28;3.37;6.53;9.69;-0.01;12.19;3.6;55.1
1983-04-29;3.19;6.74;10.29;0.9;10.653;1.78;60.58
1983-04-30;6.59;10.0;13.4;-0.01;19.492;3.4;44.45
1983-05-01;6.71;12.51;18.3;-0.01;14.405;4.42;44.81
1983-05-02;10.11;14.31;18.52;-0.01;9.363;5.31;55.81
1983-05-03;10.46;12.98;15.5;0.73;6.657;2.77;83.95
1983-05-04;10.01;14.16;18.31;-0.02;13.41;2.9;49.82
1983-05-05;5.0;9.1;13.2;-0.01;19.105;3.51;42.3
1983-05-06;4.18;6.58;8.97;-0.01;15.988;3.31;42.29
1983-05-07;3.18;5.12;7.06;2.73;8.676;2.2;58.81
1983-05-08;1.2;4.99;8.79;-0.01;18.204;2.31;41.32
1983-05-09;1.56;5.91;10.25;0.0;20.015;3.1;41.24
1983-05-10;4.6;8.15;11.7;0.4;11.648;2.7;47.59
1983-05-11;3.7;9.2;14.69;-0.02;18.301;3.91;41.29
1983-05-12;6.81;9.5;12.19;1.99;7.587;5.41;77.51
1983-05-13;7.93;10.01;12.09;0.79;6.126;5.57;84.31
1983-05-14;6.14;8.88;11.61;-0.01;17.101;5.63;39.74
1983-05-15;4.9;7.59;10.29;-0.01;13.394;3.04;34.3
1983-05-16;2.66;7.28;11.9;-0.01;21.094;1.79;36.78
1983-05-17;3.79;7.67;11.55;0.0;16.951;2.6;51.73
1983-05-18;7.01;8.26;9.51;6.92;9.338;4.1;77.23
1983-05-19;6.4;10.15;13.9;4.13;9.184;2.9;61.12
1983-05-20;5.2;10.04;14.89;2.0;10.91;2.2;57.67
1983-05-21;8.8;11.34;13.88;1.19;9.978;3.79;70.48
1983-05-22;8.83;11.5;14.18;3.06;9.599;3.7;66.41
1983-05-23;9.62;12.71;15.8;0.03;8.986;2.59;76.87
1983-05-24;9.92;14.66;19.41;-0.01;10.715;2.2;56.75
1983-05-25;7.6;13.32;19.03;-0.01;18.697;3.92;46.5
1983-05-26;11.83;19.75;27.67;-0.01;25.809;2.2;36.47
1983-05-27;13.71;18.63;23.56;-0.01;20.377;3.2;52.09
1983-05-28;13.13;15.91;18.7;0.48;9.223;3.3;76.48
1983-05-29;12.01;15.37;18.73;-0.01;9.008;2.7;62.23
1983-05-30;7.51;11.79;16.06;0.4;10.379;2.41;63.82
1983-05-31;5.19;11.96;18.72;-0.02;27.21;2.49;33.94
1983-06-01;6.59;13.7;20.8;-0.01;27.247;2.7;35.09
1983-06-02;7.99;16.34;24.7;-0.01;16.805;1.1;38.7
1983-06-03;9.5;14.57;19.65;-0.01;18.046;2.5;50.22
1983-06-04;6.2;11.95;17.69;-0.01;22.229;1.79;34.79
1983-06-05;6.49;12.14;17.8;-0.01;29.469;3.5;33.85
1983-06-06;7.0;10.25;13.5;-0.01;14.809;3.11;49.65
1983-06-07;7.49;11.53;15.57;-0.01;24.823;2.5;34.09
1983-06-08;5.88;13.5;21.12;-0.01;27.839;2.29;24.52
1983-06-09;9.2;13.4;17.61;-0.01;9.599;1.59;55.12
1983-06-10;9.9;15.16;20.43;-0.01;17.997;1.3;54.44
1983-06-11;10.52;16.06;21.6;5.66;15.86;1.9;53.29
1983-06-12;8.95;11.91;14.88;-0.01;19.925;2.6;46.23
1983-06-13;6.96;10.31;13.67;-0.01;16.108;2.9;37.48
1983-06-14;4.78;9.74;14.7;-0.01;20.002;2.2;37.89
1983-06-15;9.91;12.95;15.99;-0.01;13.58;1.19;48.08
1983-06-16;10.31;15.05;19.8;-0.01;16.452;0.24;39.13
1983-06-17;9.5;13.73;17.96;-0.01;11.685;1.3;45.32
1983-06-18;6.99;11.38;15.76;-0.01;22.314;3.2;35.93
1983-06-19;5.16;10.58;16.0;-0.01;25.326;3.11;31.11
1983-06-20;5.16;11.38;17.6;-0.01;16.049;0.7;34.69
1983-06-21;7.19;13.09;18.99;-0.01;17.462;0.76;37.58
1983-06-22;10.1;15.05;20.01;1.63;12.976;2.39;53.35
1983-06-23;10.7;18.2;25.71;-0.01;19.907;1.4;40.49
1983-06-24;12.31;19.28;26.25;7.23;14.71;2.9;39.5
1983-06-25;9.81;17.36;24.9;0.92;12.886;0.5;49.13
1983-06-26;12.7;19.38;26.05;0.43;18.03;2.2;47.82
1983-06-27;12.7;18.66;24.61;19.77;13.052;4.2;50.05
1983-06-28;12.01;15.9;19.79;4.85;10.002;3.3;83.15
1983-06-29;10.69;15.67;20.65;-0.01;19.565;1.7;40.46
1983-06-30;13.01;18.4;23.79;19.19;10.267;2.6;60.44
1983-07-01;13.61;19.02;24.42;0.91;14.581;3.7;55.45
1983-07-02;12.5;17.17;21.84;-0.01;16.895;4.62;46.88
1983-07-03;11.8;16.45;21.1;4.31;10.846;3.6;45.22
1983-07-04;10.79;14.08;17.38;6.99;9.297;1.4;65.77
1983-07-05;10.21;14.76;19.3;-0.01;24.464;0.88;35.71
1983-07-06;11.5;16.1;20.7;0.0;21.424;2.71;35.19
1983-07-07;11.74;14.36;16.99;3.98;5.679;3.6;79.93
1983-07-08;13.92;19.66;25.4;0.28;20.3;2.1;50.62
1983-07-09;13.92;19.46;25.01;0.9;11.672;2.55;57.06
1983-07-10;14.9;18.15;21.4;3.89;5.408;4.2;83.32
1983-07-11;13.94;19.38;24.82;-0.01;26.199;3.29;41.6
1983-07-12;13.4;18.8;24.21;-0.01;19.008;1.68;41.73
1983-07-13;11.72;18.37;25.01;-0.01;23.315;1.1;35.85
1983-07-14;10.2;18.95;27.71;-0.01;30.288;0.57;23.8
1983-07-15;10.4;18.93;27.45;-0.01;28.02;1.1;25.97
1983-07-16;9.4;19.32;29.24;-0.01;27.905;1.19;25.8
1983-07-17;14.8;22.33;29.85;0.0;22.529;1.4;35.84
1983-07-18;13.82;22.07;30.32;-0.01;26.584;0.98;30.05
1983-07-19;14.04;22.07;30.11;-0.01;27.325;1.8;29.93
1983-07-20;14.2;20.16;26.11;-0.01;20.001;3.4;38.0
1983-07-21;13.4;18.37;23.34;0.69;16.87;3.8;37.95
1983-07-22;11.81;18.46;25.1;-0.01;27.741;3.5;26.4
1983-07-23;9.97;17.8;25.62;-0.01;27.322;2.29;23.05
1983-07-24;6.27;16.25;26.24;-0.01;27.661;1.4;21.98
1983-07-25;7.67;18.0;28.33;-0.01;27.026;1.39;22.51
1983-07-26;9.9;20.03;30.16;-0.01;27.611;1.1;20.31
1983-07-27;12.4;21.7;30.99;4.52;16.787;0.98;26.55
1983-07-28;14.22;21.52;28.82;-0.01;24.198;2.2;32.29
1983-07-29;15.81;21.58;27.35;-0.01;19.022;0.68;34.25
1983-07-30;15.4;22.46;29.51;-0.01;25.935;1.87;22.84
1983-07-31;12.9;22.46;32.02;-0.01;25.88;2.1;18.04
1983-08-01;16.21;23.08;29.95;0.0;11.165;1.1;32.27
1983-08-02;15.43;20.2;24.97;9.45;10.5;2.11;71.14
1983-08-03;12.7;19.61;26.52;-0.01;24.678;1.39;30.82
1983-08-04;11.56;20.39;29.23;-0.01;26.022;1.6;22.98
1983-08-05;14.54;22.48;30.41;-0.01;25.029;3.92;23.09
1983-08-06;15.33;20.73;26.12;-0.01;18.817;3.4;31.07
1983-08-07;14.33;19.32;24.3;1.11;15.617;3.51;34.79
1983-08-08;13.73;19.67;25.61;-0.01;17.71;2.8;25.96
1983-08-09;13.0;19.01;25.01;7.57;15.284;2.49;41.0
1983-08-10;13.0;17.31;21.63;-0.01;15.31;4.0;38.3
1983-08-11;13.0;19.66;26.32;1.9;20.106;3.72;26.09
1983-08-12;11.37;16.88;22.4;-0.02;16.188;3.71;32.83
1983-08-13;10.77;15.33;19.89;1.64;9.591;4.0;54.28
1983-08-14;14.5;18.2;21.9;-0.01;15.395;3.21;36.88
1983-08-15;12.99;17.39;21.8;8.7;10.682;4.8;44.76
1983-08-16;12.5;15.7;18.9;9.9;10.629;3.43;58.24
1983-08-17;11.91;13.82;15.73;0.93;8.281;5.18;70.37
1983-08-18;11.4;14.48;17.57;-0.01;11.357;4.1;45.51
1983-08-19;12.84;17.63;22.41;0.99;17.207;2.4;32.11
1983-08-20;11.5;15.45;19.4;1.91;16.118;3.8;46.85
1983-08-21;10.09;14.94;19.79;-0.03;12.715;3.2;40.78
1983-08-22;8.52;13.46;18.4;8.04;5.669;2.79;59.81
1983-08-23;12.2;16.0;19.8;-0.01;13.592;2.5;41.24
1983-08-24;12.3;16.66;21.01;6.1;8.776;1.9;52.66
1983-08-25;13.22;16.86;20.5;-0.01;9.247;1.79;55.72
1983-08-26;11.6;17.15;22.7;-0.01;16.855;0.5;37.68
1983-08-27;14.42;19.48;24.53;-0.01;13.664;2.41;33.57
1983-08-28;13.15;18.27;23.4;1.0;13.699;2.9;38.31
1983-08-29;12.99;16.9;20.81;2.49;11.601;3.61;51.59
1983-08-30;10.1;14.7;19.3;0.0;15.011;3.73;38.33
1983-08-31;8.49;13.5;18.5;-0.01;15.625;2.7;35.21
1983-09-01;7.78;13.24;18.69;-0.01;17.33;2.4;30.42
1983-09-02;12.21;16.87;21.53;5.06;10.074;3.7;41.84
1983-09-03;11.71;17.05;22.39;-0.01;12.895;2.8;41.21
1983-09-04;11.12;17.42;23.72;-0.01;18.31;3.61;37.73
1983-09-05;9.36;16.08;22.8;9.36;8.301;2.6;39.99
1983-09-06;10.08;14.47;18.86;-0.01;10.246;4.8;46.97
1983-09-07;6.77;13.94;21.1;-0.01;18.608;0.68;29.78
1983-09-08;8.7;14.75;20.8;-0.01;13.098;3.1;37.12
1983-09-09;13.01;18.77;24.52;1.41;16.033;3.6;39.3
1983-09-10;15.42;17.52;19.61;3.75;5.68;5.03;87.38
1983-09-11;15.6;18.36;21.12;0.0;5.176;5.55;68.88
1983-09-12;16.06;18.63;21.2;2.2;5.026;2.8;83.1
1983-09-13;15.63;18.57;21.51;-0.01;9.812;1.89;54.01
1983-09-14;9.7;14.7;19.69;-0.01;16.273;2.4;35.66
1983-09-15;6.39;12.54;18.7;5.12;16.921;1.38;31.45
1983-09-16;10.41;13.98;17.56;12.55;5.878;2.8;69.78
1983-09-17;8.77;13.28;17.79;-0.01;5.409;1.6;58.54
1983-09-18;13.6;18.2;22.8;1.19;10.344;2.6;56.43
1983-09-19;12.92;17.01;21.1;-0.01;6.585;1.5;68.5
1983-09-20;12.24;15.97;19.7;2.17;6.388;3.6;62.27
1983-09-21;9.5;13.45;17.39;-0.01;10.329;3.3;47.72
1983-09-22;11.21;14.45;17.69;1.99;6.888;3.71;60.4
1983-09-23;13.16;16.83;20.5;-0.01;6.645;4.2;63.65
1983-09-24;10.61;14.18;17.75;6.08;8.602;5.81;48.79
1983-09-25;9.47;12.64;15.8;-0.01;10.99;5.2;37.56
1983-09-26;8.28;11.55;14.83;-0.01;10.906;4.6;39.39
1983-09-27;9.1;11.48;13.87;5.63;5.998;5.91;59.54
1983-09-28;7.2;10.25;13.3;5.2;5.995;4.51;57.29
1983-09-29;5.97;10.33;14.7;9.21;10.797;4.32;39.54
1983-09-30;11.62;14.86;18.1;12.94;3.894;5.32;84.67
1983-10-01;10.5;13.64;16.79;-0.01;8.859;5.6;51.83
1983-10-02;8.3;11.4;14.5;0.0;9.806;3.9;55.32
1983-10-03;6.16;9.68;13.19;10.11;6.393;3.5;73.83
1983-10-04;6.1;10.05;14.0;-0.02;9.198;4.5;45.26
1983-10-05;8.59;10.64;12.7;-0.01;9.093;6.24;41.72
1983-10-06;7.1;9.78;12.46;-0.01;7.499;4.4;48.3
1983-10-07;5.88;8.96;12.05;-0.01;8.901;2.8;47.77
1983-10-08;2.88;8.17;13.46;-0.01;10.417;2.7;39.76
1983-10-09;6.89;10.18;13.47;5.52;8.402;2.5;55.0
1983-10-10;6.39;10.8;15.21;-0.01;5.8;4.72;47.98
1983-10-11;10.09;12.71;15.34;6.49;4.999;4.3;77.8
1983-10-12;6.2;9.45;12.7;-0.01;5.501;4.4;55.41
1983-10-13;6.49;10.57;14.66;1.93;7.398;2.6;52.99
1983-10-14;5.76;8.47;11.18;20.71;3.068;2.8;77.54
1983-10-15;5.09;8.89;12.7;-0.01;8.502;3.65;59.56
1983-10-16;4.28;9.09;13.9;1.08;5.599;1.35;50.4
1983-10-17;8.6;11.46;14.31;2.03;6.199;4.81;59.46
1983-10-18;8.5;11.64;14.79;-0.01;7.592;4.58;44.51
1983-10-19;8.55;10.97;13.39;2.54;3.064;6.01;79.38
1983-10-20;7.36;11.03;14.69;-0.01;5.504;4.1;62.39
1983-10-21;7.71;11.27;14.82;2.69;6.801;4.2;69.34
1983-10-22;6.49;8.95;11.4;0.62;4.095;3.29;76.7
1983-10-23;4.17;8.13;12.1;-0.01;7.722;3.09;46.09
1983-10-24;4.1;8.91;13.71;5.93;3.262;3.8;75.97
1983-10-25;6.16;10.28;14.4;-0.01;7.933;1.3;76.73
1983-10-26;3.78;8.5;13.21;-0.02;6.808;1.7;49.37
1983-10-27;3.47;7.94;12.4;-0.01;5.995;1.69;59.97
1983-10-28;2.78;6.69;10.6;-0.01;2.208;0.99;81.2
1983-10-29;4.2;7.7;11.2;-0.01;6.198;2.0;71.97
1983-10-30;3.4;6.2;9.0;-0.01;2.695;4.2;48.37
1983-10-31;2.99;5.44;7.89;-0.01;3.368;2.4;82.34
1983-11-01;0.29;4.16;8.04;-0.01;4.185;1.29;81.59
1983-11-02;-0.42;3.66;7.73;-0.01;3.602;2.0;76.93
1983-11-03;3.46;5.67;7.88;-0.01;3.788;2.2;84.22
1983-11-04;-0.02;3.94;7.89;-0.01;6.419;2.49;69.53
1983-11-05;-0.91;2.32;5.55;1.19;1.488;3.3;80.18
1983-11-06;0.27;3.51;6.76;0.59;5.533;4.31;64.21
1983-11-07;-1.11;2.39;5.89;-0.02;5.8;2.19;48.48
1983-11-08;-0.93;1.97;4.87;2.05;2.786;2.19;72.24
1983-11-09;-0.92;2.58;6.09;-0.02;6.512;2.7;37.11
1983-11-10;-1.81;1.55;4.91;-0.02;6.312;2.5;39.16
1983-11-11;-0.1;2.87;5.84;-0.02;6.307;4.32;34.17
1983-11-12;-1.85;1.05;3.96;-0.02;5.801;2.59;34.63
1983-11-13;-1.31;2.13;5.56;20.98;2.797;4.13;65.29
1983-11-14;4.39;7.39;10.4;7.69;1.689;2.69;88.23
1983-11-15;7.91;9.36;10.8;3.0;1.776;0.61;91.46
1983-11-16;6.1;8.71;11.32;0.79;4.701;1.7;86.62
1983-11-17;2.17;6.1;10.04;1.8;3.197;1.68;84.61
1983-11-18;3.81;5.46;7.1;23.38;1.501;5.85;90.55
1983-11-19;-2.29;1.6;5.49;-0.02;4.102;1.98;74.56
1983-11-20;-2.28;1.51;5.31;1.62;1.896;2.89;78.82
1983-11-21;3.88;5.77;7.66;13.08;1.594;2.59;89.32
1983-11-22;2.1;4.7;7.3;-0.01;2.297;2.09;85.63
1983-11-23;1.5;4.8;8.1;5.0;1.298;2.29;85.13
1983-11-24;4.32;7.16;10.0;-0.01;2.998;2.28;85.2
1983-11-25;5.51;7.8;10.1;3.61;1.891;3.3;88.54
1983-11-26;2.62;6.26;9.9;0.91;2.799;2.5;78.62
1983-11-27;0.19;5.31;10.43;3.07;3.004;3.45;56.89
1983-11-28;10.1;11.21;12.31;5.93;1.892;5.9;89.13
1983-11-29;7.2;9.51;11.81;8.86;1.698;3.2;91.12
1983-11-30;6.5;8.28;10.05;-0.02;1.687;1.6;88.72
1983-12-01;7.12;8.92;10.71;5.58;2.099;3.0;88.08
1983-12-02;5.81;7.81;9.82;-0.01;3.799;2.2;85.79
1983-12-03;6.42;7.86;9.3;3.19;1.592;2.59;89.02
1983-12-04;4.84;6.41;7.98;1.44;1.699;1.25;91.23
1983-12-05;3.1;6.15;9.2;1.71;3.2;3.4;79.85
1983-12-06;5.8;7.62;9.43;-0.01;2.199;3.9;84.52
1983-12-07;5.94;7.75;9.55;1.69;1.699;5.05;85.51
1983-12-08;5.71;7.8;9.89;0.8;1.478;4.21;84.11
1983-12-09;3.42;5.11;6.8;0.63;1.391;0.81;91.23
1983-12-10;2.9;4.75;6.59;0.98;0.587;0.87;89.2
1983-12-11;2.99;4.31;5.63;-0.01;1.712;2.39;89.7
1983-12-12;1.67;3.94;6.2;-0.01;2.726;0.41;85.9
1983-12-13;1.1;3.79;6.49;-0.01;1.801;1.8;86.4
1983-12-14;3.72;5.61;7.5;-0.01;1.663;1.69;89.55
1983-12-15;1.98;4.59;7.2;-0.02;1.591;0.89;88.03
1983-12-16;0.49;3.65;6.8;-0.01;1.897;0.79;74.37
1983-12-17;0.49;2.93;5.37;-0.01;1.594;2.69;76.99
1983-12-18;-0.6;2.07;4.73;0.51;1.296;1.77;83.47
1983-12-19;2.69;4.95;7.2;0.28;2.19;1.47;83.47
1983-12-20;1.41;3.67;5.92;2.49;3.122;2.5;84.19
1983-12-21;4.0;4.94;5.88;18.43;0.797;2.2;90.33
1983-12-22;3.41;4.59;5.77;25.52;0.795;5.32;90.02
1983-12-23;1.3;3.19;5.09;0.38;1.668;3.81;87.51
1983-12-24;-1.0;0.94;2.87;-0.02;1.913;0.75;89.77
1983-12-25;-1.41;0.67;2.74;-0.01;3.003;2.4;83.7
1983-12-26;-3.33;-0.48;2.38;3.99;1.386;3.7;88.7
1983-12-27;-3.56;-0.53;2.49;-0.01;1.684;2.5;88.23
1983-12-28;-6.59;-3.32;-0.06;-0.01;2.5;1.26;83.79
1983-12-29;-6.56;-3.15;0.26;-0.01;2.698;1.37;75.26
1983-12-30;-3.6;-1.48;0.64;-0.01;2.805;3.33;64.05
1983-12-31;-3.14;-0.24;2.66;-0.01;1.799;4.01;64.6
1984-01-01;1.99;6.73;11.46;1.39;1.586;5.2;77.98
1984-01-02;9.52;11.0;12.47;1.0;1.197;5.42;87.64
1984-01-03;8.05;9.69;11.32;5.85;0.976;5.2;89.7
1984-01-04;4.7;7.27;9.84;0.9;1.496;4.5;81.51
1984-01-05;4.81;6.36;7.91;-0.01;2.301;5.11;80.28
1984-01-06;3.96;6.64;9.32;1.99;2.703;4.29;80.81
1984-01-07;3.93;6.17;8.4;2.99;1.28;4.53;79.09
1984-01-08;2.29;4.69;7.09;-0.01;2.599;3.71;78.29
1984-01-09;1.21;3.65;6.09;-0.01;2.219;2.5;84.77
1984-01-10;-0.61;2.79;6.2;3.29;1.497;3.71;83.64
1984-01-11;-2.1;0.54;3.18;-0.01;3.702;1.4;83.33
1984-01-12;-1.8;1.27;4.35;1.81;1.346;4.3;85.31
1984-01-13;-0.1;2.01;4.11;-0.01;2.501;3.09;86.11
1984-01-14;-0.91;1.77;4.45;-0.01;2.298;0.77;85.09
1984-01-15;0.1;2.19;4.29;-0.01;3.108;1.1;88.01
1984-01-16;1.61;4.16;6.71;2.29;1.697;3.8;83.6
1984-01-17;0.35;2.42;4.49;-0.01;3.401;4.1;79.41
1984-01-18;0.29;2.41;4.53;-0.01;2.1;3.69;80.43
1984-01-19;-2.11;0.59;3.3;-0.01;3.603;3.3;64.01
1984-01-20;-3.0;0.04;3.09;0.19;3.3;1.8;69.44
1984-01-21;0.49;2.38;4.27;0.0;1.997;1.5;88.43
1984-01-22;0.61;2.35;4.08;0.89;2.9;2.6;91.54
1984-01-23;-2.31;-0.01;2.29;-0.01;4.105;1.99;76.11
1984-01-24;-3.01;-0.67;1.66;-0.02;4.006;2.5;81.04
1984-01-25;-4.22;-1.8;0.61;-0.01;4.228;2.7;53.47
1984-01-26;0.19;2.89;5.59;1.11;3.4;4.2;84.49
1984-01-27;0.0;2.4;4.8;-0.01;3.603;3.89;80.51
1984-01-28;0.19;5.8;11.41;13.62;1.49;5.81;62.07
1984-01-29;8.7;10.75;12.81;-0.01;3.199;6.43;83.11
1984-01-30;5.9;8.35;10.8;0.0;2.189;4.71;84.12
1984-01-31;0.59;3.19;5.78;0.98;4.298;4.6;78.34
1984-02-01;-2.31;0.32;2.96;-0.01;4.598;2.3;55.87
1984-02-02;-2.4;0.44;3.28;-0.01;5.61;1.69;47.16
1984-02-03;-4.2;-0.55;3.11;-0.01;5.099;1.07;59.57
1984-02-04;-2.11;0.84;3.79;-0.01;6.03;6.0;50.15
1984-02-05;0.99;4.47;7.95;9.35;2.889;6.03;65.96
1984-02-06;-0.69;4.31;9.3;2.83;3.908;4.6;58.28
1984-02-07;4.73;6.87;9.0;-0.01;4.099;3.46;67.9
1984-02-08;1.71;2.8;3.9;1.37;2.468;0.97;91.5
1984-02-09;-1.31;1.43;4.18;-0.01;5.503;1.59;81.85
1984-02-10;-2.5;0.44;3.37;-0.01;6.101;1.9;68.93
1984-02-11;-1.32;3.34;8.0;0.5;2.1;1.16;70.48
1984-02-12;5.14;8.54;11.93;-0.01;4.09;4.5;72.64
1984-02-13;0.7;3.4;6.09;-0.01;4.6;4.81;47.38
1984-02-14;-2.22;0.39;3.0;-0.01;6.799;1.78;48.49
1984-02-15;0.7;5.7;10.7;2.02;3.255;3.6;50.89
1984-02-16;1.91;4.8;7.7;0.84;3.58;3.9;57.72
1984-02-17;-2.11;-0.14;1.82;-0.01;5.511;2.39;71.69
1984-02-18;-4.42;-2.08;0.25;-0.01;7.698;0.46;75.47
1984-02-19;-3.71;-1.22;1.27;1.93;6.401;1.48;82.5
1984-02-20;-1.9;-0.06;1.78;-0.01;4.883;3.2;78.73
1984-02-21;-3.07;-0.76;1.55;-0.01;6.401;2.2;79.33
1984-02-22;-2.5;-0.27;1.96;-0.01;8.008;2.29;68.2
1984-02-23;-2.9;-0.19;2.53;-0.01;6.717;1.9;68.56
1984-02-24;-4.29;-0.71;2.88;-0.01;8.701;2.3;53.0
1984-02-25;-0.6;0.99;2.59;10.81;2.641;5.5;88.96
1984-02-26;0.0;1.82;3.64;0.99;6.204;2.29;65.5
1984-02-27;1.3;4.95;8.6;-0.01;7.795;3.9;55.85
1984-02-28;2.3;5.6;8.9;-0.01;4.101;3.3;78.0
1984-02-29;0.0;0.0;0.0;0.0;0.0;0.0;0.0
1984-03-01;3.01;7.16;11.3;-0.01;7.5;1.56;70.42
1984-03-02;3.3;8.11;12.91;-0.01;8.3;1.54;56.03
1984-03-03;4.62;7.63;10.64;-0.01;7.108;3.29;64.21
1984-03-04;3.5;5.73;7.96;1.39;5.359;5.51;66.88
1984-03-05;3.8;6.04;8.28;0.59;4.901;3.6;76.94
1984-03-06;2.99;4.79;6.59;6.32;4.596;3.9;82.63
1984-03-07;4.4;7.06;9.71;0.69;4.564;2.2;82.08
1984-03-08;3.21;6.8;10.4;-0.01;4.844;0.2;73.81
1984-03-09;4.5;7.93;11.36;-0.01;6.794;2.13;65.32
1984-03-10;5.79;8.26;10.72;3.89;4.399;3.5;85.42
1984-03-11;1.97;7.18;12.39;-0.01;12.542;1.32;41.48
1984-03-12;2.11;6.65;11.19;-0.01;8.194;2.29;58.43
1984-03-13;0.04;2.94;5.83;-0.01;6.695;2.7;66.14
1984-03-14;-1.4;1.04;3.48;-0.02;7.887;3.39;41.63
1984-03-15;-1.31;1.21;3.73;-0.01;7.601;3.3;43.35
1984-03-16;-2.68;0.43;3.55;-0.01;9.894;2.1;42.07
1984-03-17;-2.61;0.38;3.37;-0.01;8.895;2.26;51.43
1984-03-18;-2.22;0.49;3.21;-0.01;8.291;2.78;61.53
1984-03-19;-3.0;0.17;3.33;-0.01;10.003;2.4;46.18
1984-03-20;-2.82;0.26;3.33;-0.02;11.299;0.46;45.69
1984-03-21;-3.7;0.03;3.77;-0.01;15.422;0.98;30.46
1984-03-22;-3.26;1.31;5.89;-0.01;16.481;1.9;30.75
1984-03-23;-2.44;2.42;7.29;-0.01;14.712;1.49;38.1
1984-03-24;1.48;6.44;11.4;1.41;6.798;3.61;47.68
1984-03-25;7.54;10.78;14.01;12.19;3.687;6.06;80.97
1984-03-26;7.07;11.38;15.7;0.0;9.996;3.1;60.47
1984-03-27;6.33;10.82;15.31;4.4;6.992;3.2;64.12
1984-03-28;4.1;8.77;13.44;-0.01;11.713;3.3;54.67
1984-03-29;5.81;8.86;11.9;2.71;10.831;4.61;53.41
1984-03-30;5.71;10.26;14.81;6.69;6.788;5.82;51.2
1984-03-31;4.44;8.62;12.8;4.15;7.56;3.84;46.49
1984-04-01;5.91;9.66;13.41;-0.01;12.507;5.81;43.8
1984-04-02;4.7;8.45;12.2;0.0;11.81;4.62;30.95
1984-04-03;5.8;9.85;13.9;11.77;6.085;5.14;56.99
1984-04-04;6.7;9.95;13.2;1.18;9.003;4.83;57.22
1984-04-05;5.72;9.36;13.0;6.31;6.952;2.69;66.72
1984-04-06;1.17;4.79;8.4;-0.01;7.087;3.0;70.31
1984-04-07;0.6;4.93;9.27;-0.01;16.726;2.88;38.14
1984-04-08;2.99;5.18;7.37;0.56;8.304;5.4;62.94
1984-04-09;3.2;4.84;6.48;1.09;7.3;5.52;71.9
1984-04-10;2.3;4.2;6.09;0.39;10.082;5.45;50.1
1984-04-11;1.39;4.36;7.33;-0.01;11.278;4.3;34.84
1984-04-12;1.18;6.14;11.1;-0.01;11.633;2.07;49.02
1984-04-13;2.3;6.7;11.1;-0.01;10.257;1.98;49.8
1984-04-14;2.86;6.83;10.8;-0.01;12.381;2.7;41.4
1984-04-15;-0.1;4.48;9.06;-0.01;14.995;2.3;36.9
1984-04-16;-1.93;6.19;14.3;2.52;21.083;1.39;25.59
1984-04-17;5.39;9.44;13.49;0.89;16.727;3.5;48.43
1984-04-18;6.71;11.74;16.76;1.2;12.099;3.6;53.8
1984-04-19;7.7;10.35;13.0;3.15;11.604;4.82;63.63
1984-04-20;4.75;8.07;11.39;-0.01;11.1;4.3;52.45
1984-04-21;4.65;8.07;11.48;4.9;5.049;1.67;70.05
1984-04-22;4.99;9.8;14.61;4.59;6.506;3.2;70.32
1984-04-23;11.24;14.98;18.71;2.19;8.275;6.36;75.03
1984-04-24;10.05;14.04;18.03;4.33;8.143;4.9;71.59
1984-04-25;8.46;13.23;18.0;-0.01;16.095;4.32;37.75
1984-04-26;7.41;10.55;13.7;0.89;13.585;4.73;45.15
1984-04-27;5.8;9.1;12.4;-0.01;13.589;3.14;44.63
1984-04-28;4.2;11.36;18.52;-0.01;13.002;2.6;44.16
1984-04-29;9.02;12.56;16.11;1.91;11.299;3.61;65.82
1984-04-30;6.8;12.05;17.31;-0.02;19.538;3.04;40.66
1984-05-01;10.27;13.75;17.23;-0.01;12.465;3.5;48.29
1984-05-02;10.02;12.96;15.9;-0.01;10.07;4.6;51.19
1984-05-03;9.4;12.35;15.3;8.87;5.149;5.01;76.45
1984-05-04;5.4;9.85;14.3;9.14;8.39;3.5;72.99
1984-05-05;2.48;6.69;10.9;-0.01;18.796;3.2;37.29
1984-05-06;2.66;8.48;14.3;-0.01;19.315;1.6;36.07
1984-05-07;5.9;12.15;18.4;-0.01;13.805;2.2;44.32
1984-05-08;8.8;13.92;19.03;-0.01;13.71;2.17;52.65
1984-05-09;6.2;10.1;14.0;3.82;12.29;3.11;55.79
1984-05-10;3.31;4.71;6.1;8.78;10.689;3.1;81.42
1984-05-11;0.53;4.18;7.84;0.0;21.861;2.59;33.82
1984-05-12;-2.03;3.88;9.78;1.19;19.109;0.6;29.89
1984-05-13;1.34;5.54;9.75;-0.01;21.913;1.4;35.27
1984-05-14;2.11;5.69;9.28;-0.01;20.7;3.7;34.29
1984-05-15;0.93;6.76;12.6;-0.01;24.597;0.45;27.85
1984-05-16;5.9;11.0;16.1;-0.01;18.61;1.19;34.08
1984-05-17;3.8;9.4;15.0;-0.01;23.299;2.8;37.14
1984-05-18;4.78;10.89;17.0;-0.01;26.36;3.7;33.63
1984-05-19;6.52;13.22;19.92;-0.01;26.71;3.62;36.04
1984-05-20;9.8;15.11;20.41;1.22;9.064;3.71;59.06
1984-05-21;12.13;18.91;25.68;2.5;17.525;2.2;47.21
1984-05-22;13.05;18.5;23.94;4.6;11.88;2.19;63.23
1984-05-23;9.42;16.73;24.03;5.19;21.738;1.27;44.83
1984-05-24;13.11;18.54;23.97;1.76;14.7;1.69;58.89
1984-05-25;11.81;18.33;24.85;-0.01;25.263;2.75;40.08
1984-05-26;8.8;14.66;20.51;-0.02;22.272;3.31;42.59
1984-05-27;7.7;13.3;18.9;-0.01;16.559;3.3;41.3
1984-05-28;7.4;13.85;20.3;-0.01;18.662;2.7;43.4
1984-05-29;8.25;14.44;20.62;-0.02;23.293;2.8;39.19
1984-05-30;7.41;13.62;19.83;-0.02;19.109;2.3;39.96
1984-05-31;6.4;13.3;20.2;-0.01;22.938;1.19;35.2
1984-06-01;9.5;13.6;17.7;-0.01;9.079;2.91;57.03
1984-06-02;6.59;12.74;18.9;0.0;19.831;2.62;41.1
1984-06-03;13.24;16.17;19.1;2.52;6.296;3.6;66.5
1984-06-04;11.0;16.76;22.52;-0.01;25.834;2.7;41.77
1984-06-05;7.7;12.75;17.8;-0.01;18.091;2.39;43.4
1984-06-06;8.3;12.96;17.61;-0.01;20.517;3.1;35.19
1984-06-07;8.16;13.23;18.31;-0.01;19.208;2.3;39.0
1984-06-08;8.1;15.11;22.12;2.52;15.447;3.1;34.21
1984-06-09;12.35;17.08;21.81;-0.01;20.409;5.09;47.44
1984-06-10;10.92;14.09;17.26;-0.01;12.122;5.24;51.3
1984-06-11;8.0;14.6;21.19;-0.01;29.197;2.0;23.55
1984-06-12;7.97;15.99;24.02;4.08;16.298;3.32;37.13
1984-06-13;16.85;22.25;27.64;10.84;14.763;1.7;45.39
1984-06-14;16.78;23.24;29.7;16.52;20.402;2.41;36.75
1984-06-15;11.2;16.56;21.92;-0.01;27.519;3.6;40.69
1984-06-16;10.81;15.36;19.9;-0.01;13.091;3.92;45.02
1984-06-17;10.0;15.15;20.3;-0.01;11.054;2.4;54.34
1984-06-18;12.5;18.2;23.9;-0.01;17.467;1.5;47.03
1984-06-19;13.51;16.46;19.41;2.05;10.459;3.7;72.44
1984-06-20;11.6;15.23;18.85;-0.01;22.942;3.5;45.9
1984-06-21;8.9;14.8;20.7;-0.01;22.918;1.8;34.65
1984-06-22;11.4;16.7;22.0;-0.01;19.643;2.39;39.47
1984-06-23;9.4;14.86;20.31;-0.01;17.655;1.89;43.42
1984-06-24;8.2;15.25;22.3;-0.01;31.152;2.91;26.39
1984-06-25;11.72;15.46;19.2;2.24;7.843;3.2;70.35
1984-06-26;13.9;17.25;20.59;-0.01;9.688;1.9;62.04
1984-06-27;14.26;18.29;22.31;4.46;9.285;3.5;59.33
1984-06-28;10.91;17.26;23.6;-0.01;23.734;2.19;37.82
1984-06-29;13.61;18.75;23.9;-0.01;24.963;3.5;34.99
1984-06-30;13.61;18.42;23.23;-0.01;22.167;2.2;40.47
1984-07-01;12.4;19.89;27.38;-0.01;25.997;1.29;31.62
1984-07-02;15.36;21.73;28.1;10.83;12.957;1.1;46.69
1984-07-03;11.89;18.91;25.92;-0.01;24.457;2.09;37.85
1984-07-04;9.6;14.93;20.26;-0.01;21.47;4.2;32.33
1984-07-05;12.7;17.35;22.0;0.89;16.805;3.8;40.08
1984-07-06;14.12;17.51;20.9;1.7;8.018;3.3;81.77
1984-07-07;13.1;19.47;25.84;-0.01;23.24;1.29;37.9
1984-07-08;9.3;16.95;24.6;-0.01;28.993;2.3;29.82
1984-07-09;10.3;17.4;24.5;-0.01;27.329;3.0;31.71
1984-07-10;10.4;16.1;21.8;-0.01;18.537;3.3;38.46
1984-07-11;11.5;15.85;20.2;-0.01;14.177;3.6;36.6
1984-07-12;10.8;16.8;22.81;-0.01;21.519;3.7;35.78
1984-07-13;10.6;15.65;20.7;-0.01;14.043;3.9;36.37
1984-07-14;13.1;17.36;21.61;5.65;18.2;5.44;40.73
1984-07-15;10.3;12.33;14.36;2.04;11.873;5.61;69.19
1984-07-16;8.7;14.2;19.69;-0.02;23.261;2.8;33.9
1984-07-17;8.14;15.12;22.1;-0.01;21.205;1.78;33.74
1984-07-18;13.6;17.5;21.4;-0.02;13.859;5.41;42.36
1984-07-19;12.8;18.2;23.61;4.2;16.513;3.51;46.81
1984-07-20;13.32;18.27;23.23;0.79;21.511;5.74;38.21
1984-07-21;12.3;17.13;21.95;5.89;11.431;4.3;51.21
1984-07-22;10.5;16.7;22.9;-0.01;21.904;3.9;33.28
1984-07-23;11.89;16.5;21.1;-0.01;20.496;3.01;35.7
1984-07-24;11.2;16.13;21.06;-0.01;15.103;2.0;39.28
1984-07-25;13.0;16.95;20.9;0.0;15.894;3.4;39.05
1984-07-26;11.01;16.43;21.85;8.3;9.068;3.3;47.09
1984-07-27;9.97;15.39;20.8;4.6;13.858;2.9;37.09
1984-07-28;9.08;14.84;20.6;-0.01;22.731;2.2;36.81
1984-07-29;9.77;14.23;18.69;-0.01;14.782;2.2;37.43
1984-07-30;9.4;14.0;18.59;1.61;15.987;1.9;46.82
1984-07-31;7.5;12.99;18.49;-0.01;16.902;1.89;31.79
1984-08-01;11.4;14.7;17.99;4.88;8.674;3.9;59.89
1984-08-02;15.22;17.81;20.4;19.37;5.886;4.34;90.08
1984-08-03;14.02;17.81;21.6;2.31;14.578;2.19;58.11
1984-08-04;11.5;16.05;20.6;-0.01;14.81;3.11;41.76
1984-08-05;10.78;18.05;25.32;0.11;14.656;3.1;30.12
1984-08-06;13.82;17.66;21.5;0.0;16.51;3.32;44.69
1984-08-07;12.8;17.66;22.51;-0.01;16.166;1.59;41.2
1984-08-08;10.99;17.45;23.91;-0.01;18.82;0.9;32.15
1984-08-09;12.3;18.77;25.25;-0.01;16.587;1.5;34.89
1984-08-10;13.2;20.37;27.53;-0.01;24.12;3.5;31.94
1984-08-11;15.1;21.75;28.41;-0.01;22.208;3.41;34.5
1984-08-12;14.01;21.93;29.86;-0.01;23.23;2.5;30.84
1984-08-13;13.42;23.12;32.81;5.91;17.61;0.99;25.4
1984-08-14;12.79;18.76;24.73;-0.01;25.513;2.6;32.18
1984-08-15;11.7;17.2;22.7;0.81;15.009;0.79;35.64
1984-08-16;12.0;16.8;21.59;-0.01;15.019;2.3;38.1
1984-08-17;9.9;15.8;21.7;-0.01;18.806;3.21;31.05
1984-08-18;12.3;16.39;20.49;0.0;12.246;1.6;47.64
1984-08-19;11.0;14.69;18.38;19.36;9.676;0.29;72.71
1984-08-20;11.2;15.95;20.7;-0.01;21.004;2.39;37.66
1984-08-21;8.5;14.85;21.2;-0.01;20.701;0.99;32.73
1984-08-22;9.99;16.86;23.73;-0.01;19.2;0.99;30.45
1984-08-23;11.31;16.16;21.0;0.93;7.092;1.47;50.72
1984-08-24;13.31;16.5;19.69;0.01;9.176;1.1;63.23
1984-08-25;10.08;15.64;21.2;6.65;9.557;0.9;49.43
1984-08-26;10.4;14.2;18.0;7.0;8.851;2.69;68.27
1984-08-27;12.01;16.25;20.5;-0.03;15.255;6.44;38.78
1984-08-28;12.3;16.3;20.3;0.0;17.107;5.42;35.14
1984-08-29;11.94;17.16;22.39;-0.01;13.591;3.23;38.17
1984-08-30;14.51;19.5;24.5;0.69;12.802;4.62;41.67
1984-08-31;15.61;18.72;21.83;4.71;8.261;3.1;60.87
1984-09-01;11.5;16.01;20.51;1.21;9.175;1.6;60.83
1984-09-02;8.39;12.84;17.28;-0.01;11.475;2.1;40.9
1984-09-03;7.89;12.73;17.58;-0.01;15.998;1.17;38.13
1984-09-04;7.09;13.49;19.9;-0.01;16.026;2.5;27.49
1984-09-05;9.2;12.5;15.8;2.01;6.488;2.89;62.09
1984-09-06;12.6;15.7;18.8;12.7;3.726;1.19;80.46
1984-09-07;10.4;15.55;20.7;-0.01;10.356;2.26;56.79
1984-09-08;8.79;15.36;21.93;-0.01;15.797;2.07;37.77
1984-09-09;14.01;18.1;22.19;-0.01;11.902;2.6;45.24
1984-09-10;12.95;16.88;20.8;0.39;9.373;3.2;48.32
1984-09-11;12.72;16.92;21.12;9.79;8.903;4.4;62.93
1984-09-12;10.0;13.74;17.48;-0.01;15.32;4.0;41.23
1984-09-13;10.2;12.97;15.75;4.64;6.501;4.52;69.12
1984-09-14;9.8;14.0;18.19;-0.01;12.999;4.31;46.14
1984-09-15;12.26;15.73;19.21;0.0;7.157;4.7;62.25
1984-09-16;14.91;17.05;19.2;0.63;5.489;4.3;80.83
1984-09-17;10.99;14.2;17.4;-0.01;9.697;6.41;36.38
1984-09-18;9.7;12.16;14.63;12.66;6.601;2.81;67.35
1984-09-19;12.4;17.11;21.82;10.27;4.5;4.31;60.44
1984-09-20;14.71;17.96;21.22;-0.01;10.155;5.82;47.37
1984-09-21;9.69;13.39;17.1;-0.01;13.402;4.61;50.95
1984-09-22;7.6;10.43;13.27;5.42;8.697;3.4;61.87
1984-09-23;7.0;10.43;13.85;-0.01;10.898;4.72;41.86
1984-09-24;6.2;10.45;14.7;-0.01;14.362;2.1;38.39
1984-09-25;8.46;11.81;15.16;6.95;4.932;2.47;68.26
1984-09-26;7.68;11.18;14.68;-0.01;10.022;4.52;44.5
1984-09-27;6.28;10.48;14.68;-0.01;10.412;2.81;44.86
1984-09-28;5.7;9.84;13.98;0.8;7.257;2.6;52.01
1984-09-29;8.6;11.65;14.7;0.79;7.399;4.41;55.39
1984-09-30;9.29;12.59;15.88;-0.01;8.138;5.05;49.3
1984-10-01;9.7;12.8;15.91;-0.01;9.701;5.53;44.05
1984-10-02;10.1;14.55;19.0;0.0;5.772;5.75;55.08
1984-10-03;13.21;16.63;20.04;-0.01;7.693;5.71;58.13
1984-10-04;10.66;15.09;19.52;2.04;5.704;2.59;72.96
1984-10-05;10.5;15.61;20.72;0.0;7.998;2.5;55.37
1984-10-06;13.71;17.01;20.3;-0.01;5.897;3.0;66.2
1984-10-07;13.54;15.92;18.3;9.2;2.833;4.34;88.28
1984-10-08;10.91;14.96;19.0;0.0;6.8;2.8;60.61
1984-10-09;9.79;13.99;18.2;2.22;5.99;2.69;48.12
1984-10-10;5.59;8.33;11.07;-0.01;5.791;4.21;64.64
1984-10-11;1.79;5.81;9.84;-0.01;8.7;2.79;44.95
1984-10-12;4.1;8.29;12.47;0.59;6.786;3.8;50.39
1984-10-13;6.79;9.64;12.5;7.22;9.312;2.29;54.52
1984-10-14;4.5;7.95;11.4;-0.01;9.228;2.07;55.9
1984-10-15;4.26;9.73;15.2;10.28;5.701;3.7;55.52
1984-10-16;8.44;11.77;15.11;0.4;7.1;2.01;69.12
1984-10-17;7.69;11.35;15.0;3.69;5.256;4.3;70.3
1984-10-18;6.6;8.99;11.38;-0.01;7.916;4.8;48.36
1984-10-19;3.68;6.93;10.18;1.69;8.612;3.9;52.17
1984-10-20;1.87;6.04;10.21;-0.01;5.1;2.47;46.56
1984-10-21;3.56;8.13;12.7;-0.01;8.515;0.89;55.47
1984-10-22;3.4;7.75;12.11;-0.02;4.304;1.24;55.45
1984-10-23;0.17;5.49;10.8;-0.01;8.105;0.5;41.49
1984-10-24;0.15;6.17;12.19;-0.01;7.609;1.19;34.03
1984-10-25;3.97;8.33;12.7;-0.01;7.497;2.4;47.55
1984-10-26;1.67;6.21;10.75;-0.02;8.202;2.1;42.84
1984-10-27;3.2;6.79;10.39;-0.02;7.028;4.2;28.83
1984-10-28;6.05;8.57;11.09;-0.02;3.562;3.4;40.17
1984-10-29;6.34;9.77;13.2;-0.02;3.884;4.14;42.87
1984-10-30;8.38;10.84;13.3;13.47;1.565;2.49;85.14
1984-10-31;6.14;10.27;14.4;-0.01;6.899;0.65;74.05
1984-11-01;6.57;10.38;14.2;-0.01;6.998;1.77;72.11
1984-11-02;9.32;11.68;14.03;2.68;4.692;2.99;74.98
1984-11-03;9.41;11.56;13.71;19.47;2.692;4.22;87.13
1984-11-04;6.59;9.71;12.82;4.96;5.606;4.29;74.95
1984-11-05;5.88;9.1;12.31;1.59;6.101;3.11;60.8
1984-11-06;8.31;11.71;15.12;3.51;2.09;4.6;86.13
1984-11-07;12.67;14.62;16.57;-0.01;3.999;5.87;69.56
1984-11-08;11.99;14.27;16.54;-0.01;5.046;5.2;69.09
1984-11-09;12.86;14.66;16.46;-0.01;4.101;5.61;75.05
1984-11-10;12.94;14.68;16.41;5.97;2.894;4.71;83.94
1984-11-11;7.02;10.76;14.5;23.25;2.402;3.6;90.12
1984-11-12;2.49;5.95;9.4;-0.02;5.505;1.8;66.0
1984-11-13;3.39;7.04;10.7;6.71;3.396;4.2;72.24
1984-11-14;4.81;7.5;10.19;0.54;4.997;3.3;81.22
1984-11-15;3.89;7.47;11.05;6.72;2.602;5.95;64.56
1984-11-16;2.29;6.18;10.07;-0.01;4.518;6.8;40.02
1984-11-17;0.4;3.8;7.2;-0.01;3.84;0.43;83.04
1984-11-18;0.27;3.63;6.99;-0.02;4.404;0.95;79.19
1984-11-19;1.68;4.07;6.46;-0.02;2.191;0.98;88.8
1984-11-20;3.89;6.94;9.98;-0.02;4.406;2.9;78.99
1984-11-21;3.5;6.45;9.39;-0.02;3.394;3.39;71.79
1984-11-22;-1.8;2.2;6.19;-0.02;3.799;2.09;81.12
1984-11-23;-3.21;-0.11;2.98;-0.02;3.996;0.59;85.0
1984-11-24;2.09;6.45;10.81;5.01;1.692;4.8;81.08
1984-11-25;7.41;9.12;10.83;9.07;1.098;6.29;88.76
1984-11-26;5.37;7.32;9.28;0.48;2.899;4.61;82.14
1984-11-27;5.97;7.04;8.12;8.66;1.9;5.21;90.31
1984-11-28;4.09;6.55;9.02;26.6;1.287;2.5;86.12
1984-11-29;2.89;6.0;9.1;10.27;1.29;4.0;85.72
1984-11-30;-1.22;1.41;4.03;-0.01;4.202;4.01;51.74
1984-12-01;-2.33;-0.02;2.3;-0.02;3.599;2.4;77.26
1984-12-02;-2.84;-0.88;1.08;-0.01;3.202;2.9;76.7
1984-12-03;-2.63;-0.47;1.69;-0.02;3.1;2.5;79.87
1984-12-04;-2.44;0.66;3.75;-0.02;2.499;3.59;86.29
1984-12-05;2.1;4.45;6.79;-0.01;1.603;4.7;83.8
1984-12-06;-0.2;2.5;5.19;-0.01;2.9;2.4;83.82
1984-12-07;-0.6;2.75;6.1;0.81;2.9;3.2;68.08
1984-12-08;4.65;6.95;9.25;5.46;2.201;5.09;87.99
1984-12-09;2.1;4.24;6.38;-0.01;2.8;3.1;86.12
1984-12-10;2.0;4.1;6.19;-0.01;2.704;3.0;82.4
1984-12-11;1.4;7.07;12.73;6.43;1.189;5.23;59.91
1984-12-12;7.54;10.16;12.79;0.4;2.404;5.73;70.67
1984-12-13;4.1;6.41;8.71;-0.01;2.509;4.11;78.8
1984-12-14;3.64;6.17;8.7;-0.01;1.797;3.8;84.11
1984-12-15;4.93;8.07;11.22;0.0;1.693;4.74;79.91
1984-12-16;9.59;11.34;13.08;0.6;1.297;6.35;83.65
1984-12-17;7.48;10.16;12.84;4.49;1.599;4.61;81.62
1984-12-18;3.91;5.96;8.01;-0.01;2.8;4.61;72.4
1984-12-19;3.99;7.05;10.12;8.87;0.686;2.5;80.74
1984-12-20;4.84;7.0;9.16;0.69;2.083;6.91;65.43
1984-12-21;-0.51;2.63;5.76;-0.01;2.6;3.7;68.69
1984-12-22;-0.51;4.25;9.02;0.82;1.801;5.09;68.74
1984-12-23;4.0;6.6;9.2;4.67;2.56;5.5;74.07
1984-12-24;3.92;7.46;11.01;6.83;1.891;6.51;57.52
1984-12-25;4.3;7.81;11.32;4.35;1.9;7.17;63.06
1984-12-26;5.61;8.28;10.94;-0.01;2.008;6.51;59.25
1984-12-27;4.59;6.35;8.12;-0.01;3.004;4.19;78.38
1984-12-28;4.15;7.88;11.6;4.61;1.606;6.02;65.04
1984-12-29;4.3;7.27;10.24;0.6;1.382;7.85;59.3
1984-12-30;-1.4;2.02;5.44;-0.01;3.206;2.18;77.46
1984-12-31;-1.4;1.57;4.53;-0.01;1.699;3.89;80.87
