iso-date;tmin;tavg;tmax;precip;globrad;wind;relhumid
1980-01-01;-1.28;3.77;8.82;-0.01;9.102;2.1;56.05
1980-01-02;-3.11;1.1;5.31;-0.01;5.221;0.39;72.65
1980-01-03;-1.9;1.46;4.82;-0.01;8.3;0.9;68.47
1980-01-04;-2.99;0.26;3.51;-0.01;7.074;1.53;68.87
1980-01-05;-5.55;-1.74;2.06;-0.01;6.297;0.69;64.6
1980-01-06;-6.32;-2.06;2.21;-0.01;8.999;1.2;38.64
1980-01-07;-3.5;-0.16;3.19;-0.01;7.699;2.29;48.73
1980-01-08;-2.09;0.85;3.79;-0.01;7.5;2.76;62.98
1980-01-09;-2.7;0.09;2.89;-0.01;7.5;2.11;69.21
1980-01-10;-3.8;-1.2;1.4;-0.01;7.602;1.4;67.78
1980-01-11;-4.7;-1.81;1.08;-0.01;6.601;0.99;71.76
1980-01-12;-5.0;-1.55;1.9;-0.01;5.53;0.97;68.69
1980-01-13;-2.23;0.74;3.7;0.0;5.531;2.01;69.32
1980-01-14;-0.79;2.86;6.51;0.0;7.6;3.22;59.81
1980-01-15;-9.68;-4.34;0.99;-0.01;8.702;4.39;37.16
1980-01-16;-10.45;-7.02;-3.6;-0.01;7.343;4.68;37.44
1980-01-17;-5.04;-1.25;2.55;-0.01;8.729;3.72;46.19
1980-01-18;-1.7;1.67;5.04;-0.01;8.8;3.1;53.92
1980-01-19;-0.47;3.13;6.72;-0.01;9.198;2.71;54.34
1980-01-20;-0.21;2.46;5.12;2.92;4.178;0.59;76.59
1980-01-21;-1.5;1.86;5.22;0.87;4.974;0.29;73.46
1980-01-22;-2.68;1.26;5.2;-0.01;8.343;0.98;62.21
1980-01-23;-1.2;3.19;7.58;1.56;5.542;2.0;59.24
1980-01-24;-3.8;-0.75;2.29;-0.01;10.348;1.3;61.25
1980-01-25;-5.0;-1.75;1.5;-0.01;8.298;0.46;53.66
1980-01-26;-4.89;-1.35;2.19;0.0;4.385;1.4;74.51
1980-01-27;-3.1;1.3;5.71;4.3;3.263;2.6;67.21
1980-01-28;-2.96;0.77;4.5;-0.01;9.5;2.71;50.08
1980-01-29;-0.49;3.85;8.19;-0.01;9.9;2.81;44.62
1980-01-30;-1.57;2.92;7.41;3.0;3.741;2.2;61.83
1980-01-31;-4.5;-1.07;2.35;-0.01;10.303;2.4;43.45
1980-02-01;-4.9;-0.45;4.0;-0.01;10.703;2.7;38.18
1980-02-02;0.2;3.16;6.11;4.15;4.698;3.11;65.59
1980-02-03;-3.1;-0.55;2.0;-0.01;9.331;3.7;48.83
1980-02-04;-0.79;4.32;9.44;0.0;9.516;4.0;48.13
1980-02-05;3.94;7.67;11.39;-0.01;10.198;4.58;51.11
1980-02-06;3.02;7.5;11.97;-0.01;10.504;4.22;43.72
1980-02-07;3.05;7.87;12.69;-0.01;10.63;4.24;42.18
1980-02-08;5.65;9.24;12.83;0.29;6.593;3.82;55.45
1980-02-09;5.58;9.28;12.98;-0.01;3.895;2.1;61.49
1980-02-10;3.61;10.06;16.52;-0.01;12.401;2.7;36.65
1980-02-11;2.21;9.02;15.83;-0.01;13.118;1.79;31.87
1980-02-12;1.73;8.32;14.92;-0.01;9.998;0.99;37.8
1980-02-13;0.6;7.54;14.48;-0.01;12.513;0.69;37.33
1980-02-14;-0.1;7.21;14.53;-0.01;13.427;0.65;33.67
1980-02-15;-2.5;2.85;8.2;-0.01;12.206;2.8;46.55
1980-02-16;-3.9;2.34;8.59;-0.01;12.428;0.69;32.11
1980-02-17;-0.61;5.87;12.35;-0.01;12.318;1.6;36.22
1980-02-18;0.01;5.01;10.02;-0.01;10.299;2.8;52.83
1980-02-19;-1.7;4.01;9.72;-0.01;12.906;1.5;45.67
1980-02-20;0.01;6.27;12.53;-0.01;13.198;2.2;39.94
1980-02-21;0.04;6.45;12.86;-0.01;13.452;1.79;37.4
1980-02-22;-0.8;6.46;13.71;-0.01;14.818;1.2;32.2
1980-02-23;0.01;6.74;13.46;0.0;14.6;2.0;41.99
1980-02-24;2.74;7.29;11.83;4.41;4.914;2.7;67.43
1980-02-25;1.73;5.67;9.6;1.49;6.704;2.4;60.44
1980-02-26;-5.44;-1.69;2.06;7.33;7.385;4.34;51.54
1980-02-27;-5.61;-0.52;4.58;-0.01;15.547;2.61;30.79
1980-02-28;0.0;5.96;11.92;-0.01;14.426;1.5;47.69
1980-02-29;1.0;8.6;16.2;-0.01;14.704;1.5;37.86
1980-03-01;2.5;10.64;18.79;-0.01;15.411;1.2;35.75
1980-03-02;2.02;10.29;18.57;-0.01;15.099;1.7;34.77
1980-03-03;0.8;6.21;11.62;-0.01;16.197;2.3;47.29
1980-03-04;-1.4;4.16;9.71;-0.01;16.403;1.8;30.47
1980-03-05;-2.23;5.44;13.11;-0.01;17.113;0.39;31.26
1980-03-06;0.51;8.29;16.07;-0.01;17.011;0.67;38.98
1980-03-07;0.31;8.29;16.26;-0.01;16.191;0.49;36.76
1980-03-08;-0.19;8.0;16.2;-0.01;16.703;0.49;31.73
1980-03-09;-0.7;8.21;17.12;-0.01;17.111;0.48;29.58
1980-03-10;-0.01;8.19;16.4;-0.01;17.438;0.59;29.94
1980-03-11;0.54;8.97;17.41;-0.01;17.815;1.0;30.98
1980-03-12;3.11;10.07;17.03;-0.01;17.706;2.3;35.44
1980-03-13;3.95;10.87;17.78;-0.01;14.728;2.31;40.48
1980-03-14;7.03;12.2;17.36;2.37;8.676;2.11;46.2
1980-03-15;4.11;8.46;12.81;-0.01;9.782;1.2;53.01
1980-03-16;5.22;10.61;16.0;0.0;10.101;2.6;53.78
1980-03-17;5.74;12.73;19.72;-0.01;19.621;2.41;37.65
1980-03-18;4.01;14.67;25.33;-0.01;20.099;1.2;28.48
1980-03-19;2.9;11.44;19.99;-0.01;17.699;0.7;32.32
1980-03-20;5.77;12.18;18.59;-0.01;14.549;0.05;43.08
1980-03-21;7.32;13.57;19.83;0.0;16.016;1.18;39.84
1980-03-22;6.34;12.02;17.7;-0.01;12.367;1.9;50.05
1980-03-23;5.22;12.13;19.04;-0.01;18.719;1.3;40.84
1980-03-24;4.2;11.66;19.13;-0.01;19.7;0.59;31.75
1980-03-25;4.68;11.68;18.67;-0.01;19.392;1.6;35.76
1980-03-26;4.63;10.87;17.1;-0.01;13.306;0.58;49.5
1980-03-27;4.01;10.86;17.7;-0.01;20.018;1.39;31.31
1980-03-28;4.91;11.23;17.55;-0.01;15.293;1.5;40.16
1980-03-29;3.93;10.38;16.84;-0.01;20.207;1.27;37.65
1980-03-30;-0.13;8.45;17.02;-0.01;20.318;0.69;22.68
1980-03-31;0.3;8.91;17.51;-0.01;18.202;0.7;32.5
1980-04-01;4.54;11.03;17.51;5.65;15.448;2.73;40.95
1980-04-02;7.01;11.41;15.8;3.94;10.823;3.1;50.83
1980-04-03;6.51;10.88;15.24;6.63;9.687;3.21;51.8
1980-04-04;5.63;9.24;12.85;-0.01;10.989;2.72;48.69
1980-04-05;5.8;9.99;14.18;1.69;9.421;1.2;51.84
1980-04-06;4.99;8.95;12.9;-0.01;11.891;2.6;49.55
1980-04-07;4.01;8.83;13.65;-0.01;18.892;2.5;39.17
1980-04-08;1.89;7.96;14.04;-0.01;19.824;0.6;35.77
1980-04-09;3.21;9.36;15.51;-0.01;21.9;0.9;28.37
1980-04-10;0.38;8.94;17.5;-0.01;23.23;1.2;27.35
1980-04-11;3.0;7.29;11.59;6.31;12.177;1.59;55.92
1980-04-12;2.69;8.6;14.5;-0.01;18.039;1.2;41.24
1980-04-13;4.89;10.91;16.92;0.92;18.035;1.3;40.86
1980-04-14;7.82;13.52;19.22;-0.01;17.809;2.4;33.5
1980-04-15;6.3;11.15;16.0;6.87;7.08;2.61;50.61
1980-04-16;5.62;9.96;14.29;-0.01;17.931;2.6;42.26
1980-04-17;4.17;9.13;14.08;1.17;14.397;1.3;45.7
1980-04-18;3.49;9.0;14.51;2.81;16.509;0.9;44.3
1980-04-19;5.18;8.46;11.73;3.69;8.691;0.7;62.87
1980-04-20;4.6;8.96;13.31;-0.01;16.212;1.8;40.91
1980-04-21;5.06;9.11;13.16;3.35;10.457;2.1;53.28
1980-04-22;7.8;8.74;9.69;16.42;7.49;2.2;76.46
1980-04-23;4.91;10.11;15.3;-0.01;10.564;0.39;51.86
1980-04-24;2.79;11.15;19.52;-0.01;25.024;1.1;38.39
1980-04-25;5.9;12.51;19.12;0.68;24.764;2.62;42.37
1980-04-26;9.1;13.45;17.79;1.4;9.949;2.9;48.28
1980-04-27;4.68;8.29;11.89;0.3;15.297;2.4;45.64
1980-04-28;4.05;8.15;12.25;1.82;12.876;2.4;51.98
1980-04-29;8.6;12.54;16.49;0.0;12.776;2.3;47.34
1980-04-30;7.3;11.0;14.7;1.59;12.491;2.3;48.44
1980-05-01;6.29;11.2;16.11;-0.01;19.596;2.73;41.65
1980-05-02;6.28;11.84;17.4;0.99;15.479;2.1;46.32
1980-05-03;9.09;16.78;24.47;-0.01;26.802;2.01;23.44
1980-05-04;8.21;16.37;24.53;0.0;21.503;1.5;25.5
1980-05-05;10.32;16.98;23.65;1.74;24.398;0.7;38.77
1980-05-06;7.8;16.71;25.62;-0.01;24.809;0.89;26.77
1980-05-07;8.2;16.8;25.39;-0.01;25.273;1.6;26.0
1980-05-08;7.2;15.62;24.03;-0.01;27.212;1.2;31.48
1980-05-09;7.1;15.73;24.35;3.79;22.392;0.39;42.28
1980-05-10;13.35;16.93;20.5;19.45;7.754;0.69;64.38
1980-05-11;8.89;12.14;15.4;11.09;5.975;0.27;74.3
1980-05-12;6.16;12.88;19.6;1.99;16.347;0.79;46.01
1980-05-13;12.41;13.04;13.66;25.06;5.091;2.01;78.97
1980-05-14;12.02;13.0;13.98;6.79;5.152;1.91;76.87
1980-05-15;13.06;14.47;15.88;7.13;7.843;2.21;74.22
1980-05-16;11.62;16.26;20.9;3.61;17.995;2.0;52.57
1980-05-17;10.8;14.66;18.51;10.92;10.985;1.2;64.5
1980-05-18;9.31;14.36;19.4;-0.01;20.784;1.1;45.91
1980-05-19;7.49;13.75;20.0;0.0;20.75;1.5;42.0
1980-05-20;11.52;15.27;19.01;0.0;15.797;1.41;49.06
1980-05-21;7.69;13.82;19.95;0.0;26.106;1.1;40.72
1980-05-22;7.09;13.6;20.1;0.0;22.636;0.8;39.61
1980-05-23;6.68;12.95;19.21;0.0;17.849;0.6;45.54
1980-05-24;6.2;13.26;20.32;0.0;19.534;0.49;42.33
1980-05-25;8.6;15.5;22.4;0.0;24.202;1.4;33.15
1980-05-26;9.46;16.07;22.68;2.06;20.574;1.2;35.92
1980-05-27;9.3;15.65;22.0;3.21;18.985;0.8;45.97
1980-05-28;11.1;17.57;24.04;0.54;22.91;1.1;34.88
1980-05-29;11.1;17.26;23.42;0.21;26.898;1.1;36.0
1980-05-30;10.9;17.8;24.71;0.0;29.202;0.5;34.36
1980-05-31;10.4;18.61;26.81;0.0;23.396;1.71;22.39
1980-06-01;11.9;17.27;22.63;9.88;9.888;1.6;46.31
1980-06-02;9.49;15.8;22.1;0.7;26.723;1.3;33.29
1980-06-03;7.9;15.02;22.15;4.3;19.265;1.8;43.9
1980-06-04;9.49;14.89;20.3;0.7;29.009;1.8;42.13
1980-06-05;7.1;13.15;19.2;3.62;19.278;1.2;45.69
1980-06-06;5.39;11.28;17.17;2.51;16.785;1.4;44.29
1980-06-07;7.93;11.96;15.98;0.7;22.709;3.72;35.94
1980-06-08;9.8;14.98;20.16;0.63;19.598;2.1;43.08
1980-06-09;10.1;16.75;23.39;0.7;27.7;1.29;34.0
1980-06-10;11.7;17.33;22.96;0.8;29.807;2.22;38.86
1980-06-11;10.0;15.0;20.0;0.8;31.409;2.1;30.32
1980-06-12;8.67;15.03;21.39;0.9;20.215;1.8;40.62
1980-06-13;11.6;17.55;23.51;0.9;18.743;0.8;42.47
1980-06-14;12.2;19.1;26.0;0.9;24.168;0.79;28.26
1980-06-15;12.1;19.7;27.3;0.83;29.411;0.69;23.67
1980-06-16;14.61;20.5;26.4;7.0;14.502;1.4;33.33
1980-06-17;10.88;17.79;24.69;5.0;20.714;0.39;50.94
1980-06-18;10.8;18.0;25.2;0.9;22.899;0.38;36.02
1980-06-19;14.78;21.66;28.53;0.8;25.936;1.4;22.65
1980-06-20;15.8;22.0;28.2;1.81;22.817;1.5;26.1
1980-06-21;13.6;19.05;24.5;4.69;16.381;0.48;53.83
1980-06-22;13.3;17.73;22.17;5.37;14.669;0.89;59.06
1980-06-23;10.19;18.1;26.01;0.7;26.998;0.29;33.37
1980-06-24;13.91;21.41;28.91;0.7;26.698;0.9;23.16
1980-06-25;17.44;23.98;30.53;0.5;25.496;0.9;23.99
1980-06-26;15.02;23.77;32.51;0.05;31.605;0.5;18.96
1980-06-27;17.7;26.61;35.52;0.9;22.76;2.0;14.38
1980-06-28;18.33;25.38;32.42;0.23;28.6;1.8;15.69
1980-06-29;17.7;24.34;30.97;0.42;27.825;3.13;17.07
1980-06-30;14.4;20.3;26.21;0.6;29.805;1.7;20.01
1980-07-01;13.7;19.24;24.78;1.0;21.993;2.31;26.25
1980-07-02;13.15;19.57;25.99;0.3;27.198;1.81;23.97
1980-07-03;15.7;22.05;28.4;0.2;26.499;1.2;18.49
1980-07-04;18.05;23.79;29.52;0.0;22.062;1.0;19.8
1980-07-05;17.41;24.02;30.63;2.55;21.402;0.9;21.8
1980-07-06;13.6;18.2;22.79;5.38;16.2;2.2;47.4
1980-07-07;12.79;15.59;18.39;1.49;8.373;3.35;60.82
1980-07-08;16.31;19.41;22.5;0.9;15.877;2.7;52.11
1980-07-09;15.11;20.05;24.99;0.0;23.998;2.71;42.42
1980-07-10;15.8;21.04;26.28;0.0;21.241;2.11;37.83
1980-07-11;16.72;22.37;28.01;0.0;24.946;2.24;32.16
1980-07-12;17.0;22.0;27.0;0.0;26.102;2.21;32.18
1980-07-13;14.2;20.59;26.99;0.0;26.003;1.29;24.37
1980-07-14;16.41;21.25;26.09;2.35;18.545;0.8;27.19
1980-07-15;14.42;21.07;27.73;0.05;26.801;1.4;20.06
1980-07-16;14.9;21.05;27.21;0.2;27.295;1.2;20.52
1980-07-17;15.11;21.19;27.27;0.22;25.298;0.7;21.22
1980-07-18;15.19;22.2;29.2;1.89;22.096;1.1;21.49
1980-07-19;15.51;17.71;19.91;2.51;11.083;2.74;60.31
1980-07-20;14.94;20.86;26.79;0.42;25.738;1.6;26.81
1980-07-21;18.81;23.17;27.54;0.52;10.326;0.9;22.4
1980-07-22;15.61;22.21;28.81;0.62;25.702;1.3;16.97
1980-07-23;15.56;20.62;25.67;0.62;25.701;2.1;28.8
1980-07-24;13.2;20.16;27.11;0.7;26.315;0.8;18.79
1980-07-25;15.1;22.26;29.42;0.7;22.898;1.7;21.86
1980-07-26;16.24;23.17;30.1;0.92;25.207;1.4;26.21
1980-07-27;17.13;23.46;29.8;1.12;21.057;1.4;17.5
1980-07-28;17.8;24.75;31.69;1.2;21.448;0.8;23.12
1980-07-29;18.31;25.19;32.07;1.2;22.397;1.4;22.33
1980-07-30;15.5;22.09;28.69;2.71;14.248;2.71;31.4
1980-07-31;14.68;18.9;23.12;1.2;20.575;3.48;34.69
1980-08-01;12.6;19.79;26.98;1.2;26.201;1.29;20.76
1980-08-02;12.58;20.98;29.38;1.4;25.507;0.7;17.81
1980-08-03;13.29;22.14;31.0;1.4;25.235;0.16;14.09
1980-08-04;16.5;24.51;32.52;1.6;25.035;1.0;14.99
1980-08-05;19.63;24.51;29.39;1.7;23.944;1.9;22.57
1980-08-06;20.55;24.95;29.34;1.8;15.949;0.7;17.67
1980-08-07;20.42;25.36;30.3;2.52;16.343;0.49;17.85
1980-08-08;19.01;24.55;30.1;1.9;19.395;0.9;18.69
1980-08-09;16.81;23.16;29.51;2.3;24.202;1.3;16.7
1980-08-10;13.79;20.99;28.19;2.3;23.697;0.7;18.7
1980-08-11;12.28;20.64;29.01;2.03;24.107;0.8;12.76
1980-08-12;16.41;22.06;27.71;2.0;22.403;1.4;24.34
1980-08-13;13.2;20.45;27.71;1.81;23.301;0.8;21.01
1980-08-14;13.5;21.1;28.7;1.7;23.601;0.5;16.58
1980-08-15;14.1;21.81;29.52;1.6;21.0;0.59;14.86
1980-08-16;16.73;23.16;29.6;2.6;20.486;0.7;21.6
1980-08-17;17.64;24.07;30.5;1.23;21.5;1.4;18.94
1980-08-18;15.41;22.87;30.33;1.2;17.677;0.9;21.79
1980-08-19;18.77;24.69;30.61;1.2;17.788;1.2;18.18
1980-08-20;15.3;22.75;30.2;1.2;21.601;0.69;17.09
1980-08-21;16.41;21.7;27.0;1.23;21.407;2.1;31.83
1980-08-22;16.0;21.65;27.3;1.2;20.904;1.8;30.49
1980-08-23;15.2;22.41;29.61;1.1;22.601;0.39;20.48
1980-08-24;17.36;23.48;29.61;2.04;22.398;1.5;21.46
1980-08-25;13.8;17.94;22.08;0.9;17.38;2.72;35.14
1980-08-26;10.89;14.73;18.58;2.01;10.453;0.79;34.12
1980-08-27;9.5;15.59;21.68;0.9;21.692;0.9;20.71
1980-08-28;11.57;17.04;22.5;4.83;15.225;1.6;35.49
1980-08-29;10.88;15.04;19.2;2.6;13.474;2.21;41.84
1980-08-30;8.3;12.77;17.24;0.8;20.803;2.5;31.49
1980-08-31;6.29;13.04;19.78;0.7;21.206;1.61;25.0
1980-09-01;8.18;15.24;22.3;0.0;20.902;0.5;25.16
1980-09-02;9.35;16.92;24.49;0.0;20.911;0.9;20.96
1980-09-03;10.59;18.19;25.79;0.0;20.198;1.1;19.81
1980-09-04;10.29;17.55;24.81;0.0;19.3;1.1;22.85
1980-09-05;11.51;17.46;23.41;0.0;20.907;1.7;19.59
1980-09-06;10.89;17.2;23.5;0.0;20.53;2.6;18.02
1980-09-07;10.67;16.43;22.19;0.0;20.708;2.8;15.07
1980-09-08;10.74;16.85;22.96;0.0;21.008;2.73;10.87
1980-09-09;11.69;17.54;23.4;0.0;19.539;2.3;19.34
1980-09-10;11.3;16.91;22.52;0.0;19.405;1.5;16.97
1980-09-11;11.0;16.76;22.52;0.0;19.704;1.25;17.0
1980-09-12;11.7;16.95;22.19;0.0;12.403;0.9;19.2
1980-09-13;11.59;17.84;24.08;0.0;19.011;1.9;21.04
1980-09-14;8.19;13.18;18.17;0.0;19.197;2.22;24.91
1980-09-15;4.82;11.85;18.88;0.0;18.998;0.5;19.3
1980-09-16;7.34;15.67;24.0;10.39;15.85;1.3;24.5
1980-09-17;15.74;17.96;20.19;11.9;5.265;0.68;74.49
1980-09-18;14.42;17.3;20.17;5.31;5.145;1.9;68.26
1980-09-19;12.94;16.36;19.78;0.89;11.771;2.2;53.05
1980-09-20;8.49;12.09;15.68;0.0;15.107;1.9;34.77
1980-09-21;5.48;10.69;15.89;0.0;18.402;1.09;26.29
1980-09-22;6.39;10.47;14.56;1.37;9.682;1.8;51.07
1980-09-23;10.4;13.7;16.99;0.0;6.092;0.6;51.36
1980-09-24;11.6;16.23;20.85;0.0;16.403;0.9;35.67
1980-09-25;10.69;15.32;19.96;6.61;9.279;2.41;56.54
1980-09-26;12.7;16.09;19.47;4.1;14.39;2.7;53.04
1980-09-27;12.02;14.64;17.27;-0.01;9.938;2.1;52.26
1980-09-28;10.9;13.19;15.47;-0.01;5.849;0.6;58.88
1980-09-29;8.3;13.38;18.47;-0.01;15.819;1.49;35.82
1980-09-30;11.19;14.43;17.67;4.37;10.76;2.2;48.62
1980-10-01;8.91;10.94;12.97;1.2;9.701;2.53;49.07
1980-10-02;7.28;11.08;14.88;-0.01;15.318;1.9;36.64
1980-10-03;5.8;12.0;18.2;-0.01;15.343;1.4;31.94
1980-10-04;7.6;13.11;18.61;-0.01;10.58;1.9;41.96
1980-10-05;11.32;15.12;18.91;6.78;3.224;2.73;66.91
1980-10-06;9.4;11.82;14.25;-0.01;8.491;2.21;49.51
1980-10-07;6.07;9.59;13.1;-0.01;8.279;0.49;47.42
1980-10-08;3.58;5.63;7.68;18.06;4.005;1.1;82.09
1980-10-09;5.27;7.5;9.72;1.2;5.265;2.21;65.09
1980-10-10;4.87;7.3;9.73;0.0;5.93;2.72;56.55
1980-10-11;3.3;8.39;13.49;0.0;13.914;2.0;33.23
1980-10-12;7.36;12.63;17.9;0.0;12.624;1.3;39.54
1980-10-13;5.58;11.49;17.4;0.0;13.001;0.6;36.74
1980-10-14;4.17;10.64;17.1;0.0;11.84;0.5;35.48
1980-10-15;7.1;10.7;14.3;0.0;8.653;2.0;44.33
1980-10-16;6.06;9.81;13.57;0.0;10.161;2.21;41.68
1980-10-17;8.44;11.72;15.0;-0.01;11.491;1.71;40.25
1980-10-18;9.75;14.28;18.81;-0.01;7.228;1.7;41.66
1980-10-19;7.6;11.73;15.86;0.0;5.617;1.2;46.2
1980-10-20;11.0;12.8;14.6;4.35;3.504;2.91;79.73
1980-10-21;11.63;13.41;15.2;41.36;3.079;2.83;80.65
1980-10-22;10.92;10.89;10.87;31.49;2.94;2.62;87.43
1980-10-23;8.21;9.3;10.39;1.2;4.178;2.5;80.51
1980-10-24;2.69;6.54;10.39;0.0;11.624;1.1;52.2
1980-10-25;0.9;6.69;12.47;0.0;10.999;0.26;48.51
1980-10-26;4.7;10.21;15.71;0.0;12.23;1.1;40.07
1980-10-27;5.71;11.12;16.53;0.0;11.597;0.8;41.81
1980-10-28;4.08;10.15;16.22;0.0;11.591;0.8;43.04
1980-10-29;7.91;13.11;18.3;0.0;10.795;1.7;46.51
1980-10-30;10.14;13.98;17.83;-0.01;11.132;2.61;58.83
1980-10-31;9.36;11.63;13.9;0.0;2.882;2.61;70.12
1980-11-01;8.1;9.3;10.51;2.0;-0.175;1.3;78.76
1980-11-02;5.43;7.75;10.07;2.5;0.98;0.79;77.1
1980-11-03;5.08;9.14;13.2;0.0;9.099;1.7;58.91
1980-11-04;4.7;7.85;10.99;1.59;5.008;1.49;66.6
1980-11-05;8.22;8.05;7.89;18.9;0.122;1.6;92.86
1980-11-06;5.41;8.79;12.16;0.0;8.592;0.69;63.62
1980-11-07;0.09;3.13;6.18;3.0;3.702;2.82;68.57
1980-11-08;-3.86;-1.33;1.19;0.0;10.208;3.32;38.61
1980-11-09;-5.33;-2.73;-0.14;0.0;10.625;1.4;28.38
1980-11-10;-1.61;2.79;7.2;0.0;7.599;2.7;51.71
1980-11-11;4.82;7.51;10.2;0.4;3.142;2.0;68.68
1980-11-12;4.3;7.11;9.91;0.0;7.201;1.0;63.81
1980-11-13;4.72;7.81;10.9;0.0;3.387;1.1;72.74
1980-11-14;3.5;4.14;4.78;3.76;1.392;1.7;83.77
1980-11-15;3.61;5.9;8.19;1.49;1.875;1.3;74.24
1980-11-16;4.4;7.09;9.79;1.72;7.097;0.98;73.38
1980-11-17;2.25;4.42;6.58;7.73;2.192;1.4;83.9
1980-11-18;0.5;3.4;6.3;-0.01;2.606;1.1;67.96
1980-11-19;-1.1;2.95;6.99;-0.01;8.198;0.8;56.07
1980-11-20;-0.51;1.51;3.53;0.53;4.399;2.11;76.14
1980-11-21;-3.31;-0.49;2.34;-0.01;8.038;1.7;58.93
1980-11-22;-4.11;-0.88;2.35;-0.01;9.41;0.5;53.3
1980-11-23;-3.9;-0.35;3.19;0.0;8.184;0.39;56.8
1980-11-24;-5.16;-2.53;0.1;6.57;5.689;2.5;69.38
1980-11-25;-5.71;-2.88;-0.04;-0.01;9.218;3.31;46.98
1980-11-26;-6.45;-3.23;-0.02;-0.01;8.711;2.81;37.43
1980-11-27;-3.5;-0.59;2.32;0.0;5.195;3.23;67.13
1980-11-28;-6.02;-3.17;-0.32;-0.01;8.417;2.1;48.83
1980-11-29;-6.9;-3.66;-0.42;-0.01;8.205;1.5;46.47
1980-11-30;-7.1;-3.55;-0.01;-0.01;8.798;1.2;33.61
1980-12-01;-5.24;-1.89;1.47;-0.01;7.299;2.2;31.33
1980-12-02;-4.0;-1.15;1.7;-0.01;6.506;2.2;52.5
1980-12-03;-4.82;-1.89;1.05;-0.01;6.496;0.68;70.43
1980-12-04;-4.71;-1.22;2.28;-0.01;7.103;1.3;62.49
1980-12-05;-3.29;0.0;3.29;-0.01;7.0;1.79;63.48
1980-12-06;-1.9;1.24;4.39;4.14;3.089;1.5;78.47
1980-12-07;-4.21;-0.96;2.29;-0.01;7.525;1.0;69.26
1980-12-08;-5.14;-1.57;2.0;-0.01;7.806;0.58;55.7
1980-12-09;-4.71;-1.0;2.7;-0.01;7.006;0.6;59.82
1980-12-10;-5.34;-1.62;2.1;-0.01;7.11;0.69;63.81
1980-12-11;-3.71;-1.16;1.4;1.01;1.981;1.66;84.24
1980-12-12;-2.9;0.15;3.19;-0.01;5.008;0.37;75.39
1980-12-13;-4.12;-0.76;2.6;-0.01;7.399;0.7;58.66
1980-12-14;-4.61;-1.21;2.19;-0.01;9.543;0.89;54.16
1980-12-15;-5.32;-2.49;0.35;-0.01;4.7;0.69;73.43
1980-12-16;-5.45;-3.08;-0.7;-0.01;5.8;0.29;75.44
1980-12-17;-5.45;-1.83;1.79;-0.01;7.447;1.6;62.17
1980-12-18;-2.09;1.71;5.5;-0.01;7.301;2.38;62.03
1980-12-19;0.44;4.72;9.0;-0.01;5.401;2.4;62.88
1980-12-20;-2.99;1.96;6.92;0.0;4.285;2.6;60.12
1980-12-21;-7.4;-4.27;-1.14;-0.01;7.502;2.71;48.86
1980-12-22;-5.81;-1.95;1.91;-0.01;7.7;2.3;41.87
1980-12-23;-3.0;-0.6;1.8;-0.01;8.902;2.3;52.98
1980-12-24;-3.2;-0.15;2.91;-0.01;6.305;2.3;66.01
1980-12-25;0.63;4.72;8.8;0.0;4.49;3.31;60.41
1980-12-26;-1.69;3.96;9.61;0.89;4.596;2.61;54.34
1980-12-27;-3.0;0.15;3.29;-0.01;8.199;1.38;60.37
1980-12-28;-3.69;-0.16;3.38;-0.01;7.906;1.19;63.65
1980-12-29;-1.6;3.02;7.64;-0.01;6.399;2.39;57.82
1980-12-30;-1.4;3.65;8.7;-0.01;3.193;3.0;60.38
1980-12-31;-2.9;1.26;5.42;-0.01;7.702;1.59;57.19
1981-01-01;-1.05;3.68;8.41;2.36;2.242;2.9;71.84
1981-01-02;-3.8;-0.9;2.01;-0.01;7.998;1.8;58.9
1981-01-03;-4.9;-2.35;0.21;-0.01;7.5;2.92;50.5
1981-01-04;-6.39;-3.19;0.01;-0.01;7.3;0.99;47.96
1981-01-05;-9.31;-5.98;-2.65;-0.01;5.897;3.41;46.18
1981-01-06;-10.51;-7.46;-4.4;-0.01;8.802;2.9;38.07
1981-01-07;-11.14;-7.24;-3.34;-0.01;8.4;2.6;39.93
1981-01-08;-10.58;-6.4;-2.22;-0.01;8.199;1.5;41.64
1981-01-09;-7.79;-3.09;1.6;-0.01;8.198;2.4;52.35
1981-01-10;-9.1;-5.4;-1.7;3.2;4.903;2.9;65.32
1981-01-11;-8.82;-4.0;0.82;-0.01;5.485;3.6;48.7
1981-01-12;-3.69;-2.15;-0.61;-0.01;5.798;3.94;64.62
1981-01-13;-2.08;0.31;2.71;-0.01;4.453;2.9;70.27
1981-01-14;-2.7;0.4;3.51;-0.01;9.105;2.32;60.79
1981-01-15;-2.3;0.8;3.9;-0.01;8.614;1.99;57.5
1981-01-16;-1.89;1.55;4.99;-0.01;8.898;3.43;58.54
1981-01-17;-4.51;-0.15;4.2;0.0;5.687;2.5;58.2
1981-01-18;-5.09;-0.84;3.4;-0.01;9.004;0.56;36.82
1981-01-19;-3.76;0.49;4.74;-0.01;9.195;0.8;46.84
1981-01-20;-3.09;1.4;5.89;-0.01;8.4;0.9;59.26
1981-01-21;-0.3;3.52;7.33;0.0;4.442;1.49;67.6
1981-01-22;-1.59;2.48;6.55;0.0;6.705;1.8;69.33
1981-01-23;-0.7;2.83;6.37;4.35;1.898;2.79;78.76
1981-01-24;-0.8;2.75;6.3;0.0;8.201;1.69;63.31
1981-01-25;0.11;5.03;9.95;-0.01;4.401;2.1;62.74
1981-01-26;-1.7;2.9;7.51;0.51;3.137;2.8;65.8
1981-01-27;-2.1;2.0;6.1;6.13;1.884;2.4;68.34
1981-01-28;-3.3;-0.33;2.63;-0.01;4.491;2.71;60.68
1981-01-29;-1.7;4.17;10.04;-0.01;9.099;2.4;46.58
1981-01-30;-0.08;4.79;9.67;-0.01;5.486;3.93;48.68
1981-01-31;-2.2;2.17;6.53;0.79;9.498;2.81;50.48
1981-02-01;0.91;3.66;6.4;0.06;8.1;4.23;56.24
1981-02-02;0.04;3.78;7.52;0.99;7.105;5.45;55.22
1981-02-03;-5.14;-1.27;2.6;-0.04;6.502;3.61;47.58
1981-02-04;-6.7;-4.47;-2.24;0.0;10.7;2.1;30.05
1981-02-05;-7.31;-4.53;-1.75;-0.01;10.829;2.9;24.53
1981-02-06;-7.71;-4.61;-1.51;-0.01;11.227;1.8;31.26
1981-02-07;-5.2;-0.45;4.3;-0.01;4.774;1.5;45.01
1981-02-08;-0.29;4.67;9.63;-0.01;10.514;1.76;50.08
1981-02-09;-0.5;4.6;9.7;-0.01;11.095;1.6;48.58
1981-02-10;-0.59;4.61;9.81;-0.01;11.138;1.68;48.81
1981-02-11;-0.68;4.66;10.0;-0.01;11.243;1.4;48.49
1981-02-12;0.5;5.83;11.17;-0.01;10.803;2.9;46.72
1981-02-13;-0.21;4.4;9.02;-0.01;6.189;2.9;57.28
1981-02-14;0.53;5.72;10.92;-0.01;7.748;3.7;52.6
1981-02-15;-2.8;1.16;5.12;-0.01;12.511;3.82;44.91
1981-02-16;-4.1;1.95;8.0;-0.01;12.701;1.37;32.35
1981-02-17;-2.1;3.96;10.01;-0.01;12.599;1.3;36.78
1981-02-18;-0.69;5.21;11.11;0.0;9.069;2.0;50.12
1981-02-19;2.79;7.02;11.25;7.7;3.561;2.71;67.84
1981-02-20;3.0;8.17;13.34;5.4;8.601;0.55;62.1
1981-02-21;2.15;6.34;10.53;10.03;4.343;1.2;77.47
1981-02-22;0.13;5.87;11.61;3.82;8.288;0.59;63.58
1981-02-23;2.62;7.72;12.83;-0.01;7.309;1.79;63.38
1981-02-24;0.42;5.31;10.2;-0.01;4.586;1.35;66.97
1981-02-25;-1.1;4.61;10.32;-0.01;12.607;1.1;46.1
1981-02-26;-0.07;3.97;8.02;0.0;5.676;1.1;60.53
1981-02-27;-1.29;4.52;10.32;0.0;15.209;2.0;42.88
1981-02-28;-4.31;0.75;5.8;-0.01;14.499;2.0;24.47
1981-03-01;0.39;5.35;10.3;-0.01;13.287;3.0;39.71
1981-03-02;1.51;7.26;13.01;0.0;9.393;2.5;50.64
1981-03-03;-0.21;5.15;10.51;0.0;8.301;3.51;45.13
1981-03-04;-3.1;-0.1;2.89;-0.01;11.6;2.1;40.6
1981-03-05;-4.2;0.24;4.68;-0.01;16.209;2.01;27.69
1981-03-06;-4.3;0.97;6.24;-0.01;17.811;1.0;31.78
1981-03-07;-2.2;1.14;4.48;1.92;8.05;1.7;57.45
1981-03-08;-1.89;1.1;4.08;2.05;9.195;2.21;53.35
1981-03-09;-4.33;0.17;4.66;-0.01;12.602;2.0;49.35
1981-03-10;-2.7;1.4;5.5;0.0;11.4;1.39;47.23
1981-03-11;-2.92;1.64;6.2;0.01;12.297;2.19;49.94
1981-03-12;1.8;4.21;6.63;1.11;7.501;3.62;58.96
1981-03-13;0.5;3.14;5.78;0.02;10.305;3.42;49.22
1981-03-14;-0.29;3.11;6.51;-0.01;15.698;2.81;40.16
1981-03-15;-1.7;3.08;7.87;2.89;13.446;2.5;49.92
1981-03-16;2.91;6.26;9.61;-0.01;9.203;1.61;54.32
1981-03-17;1.24;4.67;8.1;-0.01;11.432;0.78;46.04
1981-03-18;-1.0;3.1;7.21;-0.01;18.352;1.49;36.81
1981-03-19;-2.53;3.32;9.16;0.99;15.401;2.2;41.76
1981-03-20;2.59;4.04;5.5;5.47;6.038;3.2;68.36
1981-03-21;1.4;3.74;6.08;0.69;7.858;1.19;58.19
1981-03-22;-1.51;3.19;7.89;-0.01;21.29;1.59;33.98
1981-03-23;-4.01;0.85;5.71;-0.01;19.016;1.8;33.48
1981-03-24;-3.12;2.69;8.49;-0.01;19.914;1.0;32.79
1981-03-25;-2.81;4.44;11.7;-0.01;19.906;0.69;31.13
1981-03-26;-0.15;5.51;11.17;-0.01;18.7;2.3;42.21
1981-03-27;0.01;5.83;11.65;-0.01;20.809;0.79;36.33
1981-03-28;-1.5;6.41;14.31;-0.01;20.108;0.4;28.82
1981-03-29;-1.4;7.21;15.83;-0.01;20.657;0.78;33.97
1981-03-30;-1.1;7.65;16.39;-0.01;21.622;0.99;28.49
1981-03-31;2.1;10.61;19.11;-0.01;20.929;0.27;28.45
1981-04-01;4.5;12.19;19.88;-0.01;19.9;0.6;30.77
1981-04-02;4.9;12.36;19.83;-0.01;20.918;0.59;31.27
1981-04-03;3.0;10.54;18.08;1.13;11.069;1.1;41.15
1981-04-04;1.07;8.74;16.41;1.54;17.127;0.9;41.19
1981-04-05;4.1;11.2;18.31;-0.01;19.598;0.57;36.31
1981-04-06;3.8;11.37;18.93;-0.01;18.3;0.5;34.62
1981-04-07;2.9;10.59;18.29;-0.01;21.302;0.9;28.51
1981-04-08;-0.51;8.29;17.1;-0.01;22.318;1.29;27.38
1981-04-09;-1.31;8.21;17.73;-0.01;23.134;0.9;24.9
1981-04-10;-0.21;9.2;18.61;-0.01;22.113;0.79;27.38
1981-04-11;3.2;8.49;13.78;5.3;8.189;1.19;62.4
1981-04-12;7.4;12.96;18.52;1.48;15.486;0.7;42.51
1981-04-13;6.92;12.91;18.9;0.0;19.693;1.6;39.49
1981-04-14;7.51;12.2;16.89;7.49;8.871;2.4;48.91
1981-04-15;7.1;12.1;17.1;-0.01;19.522;2.7;38.31
1981-04-16;5.41;11.28;17.14;-0.01;19.709;1.9;37.39
1981-04-17;5.71;12.06;18.41;-0.01;22.601;1.0;37.28
1981-04-18;7.21;13.41;19.6;-0.01;24.238;2.0;33.07
1981-04-19;4.72;10.96;17.21;0.84;14.751;3.4;43.8
1981-04-20;0.16;2.46;4.77;1.18;13.242;5.21;38.42
1981-04-21;-0.01;4.34;8.69;-0.01;25.414;3.42;17.93
1981-04-22;-0.82;6.44;13.7;-0.01;25.511;2.64;19.45
1981-04-23;3.78;11.96;20.13;-0.01;24.614;2.1;23.17
1981-04-24;8.52;14.79;21.05;-0.01;25.216;2.6;25.55
1981-04-25;9.6;15.15;20.7;-0.01;25.119;2.8;31.39
1981-04-26;7.14;11.27;15.39;5.46;7.36;0.99;67.09
1981-04-27;5.06;12.05;19.04;-0.01;25.602;1.3;32.11
1981-04-28;8.42;17.79;27.15;-0.01;25.908;2.82;16.44
1981-04-29;14.6;19.83;25.06;1.58;17.438;2.91;38.05
1981-04-30;9.62;14.66;19.7;-0.01;25.021;2.91;41.37
1981-05-01;7.2;11.2;15.19;3.8;14.799;1.11;60.9
1981-05-02;6.5;10.5;14.5;0.69;22.6;1.9;37.48
1981-05-03;6.6;10.2;13.8;-0.01;15.106;1.4;38.9
1981-05-04;6.49;10.95;15.4;-0.01;16.384;1.1;41.74
1981-05-05;5.39;11.2;17.01;-0.01;18.298;0.6;36.35
1981-05-06;4.46;12.14;19.82;-0.01;22.597;0.89;28.04
1981-05-07;6.56;14.3;22.05;-0.01;25.268;0.99;27.1
1981-05-08;8.26;15.48;22.71;-0.01;27.532;2.21;31.44
1981-05-09;9.5;16.7;23.91;-0.01;28.126;2.0;33.06
1981-05-10;9.2;16.63;24.07;-0.01;25.698;1.7;27.46
1981-05-11;10.52;16.76;23.0;0.99;21.11;2.1;33.31
1981-05-12;12.88;18.7;24.51;1.59;23.257;2.6;33.89
1981-05-13;8.4;12.93;17.46;10.94;6.359;2.1;65.94
1981-05-14;5.9;12.35;18.8;1.79;21.705;1.6;45.67
1981-05-15;5.49;12.65;19.81;1.52;10.691;1.1;38.35
1981-05-16;5.39;9.74;14.1;6.76;6.009;0.99;69.46
1981-05-17;4.7;11.75;18.8;2.48;18.502;0.8;47.84
1981-05-18;7.89;12.89;17.9;-0.01;28.425;2.6;36.44
1981-05-19;5.09;11.38;17.68;0.0;26.913;1.2;29.42
1981-05-20;5.49;12.97;20.45;0.0;23.501;0.7;32.78
1981-05-21;7.4;14.91;22.41;0.0;28.124;0.59;31.14
1981-05-22;10.0;15.15;20.3;4.32;12.377;1.7;47.95
1981-05-23;9.3;16.0;22.7;0.0;18.77;0.37;39.58
1981-05-24;13.82;18.92;24.02;1.53;13.917;1.41;39.38
1981-05-25;12.01;18.43;24.86;3.54;18.414;1.4;39.43
1981-05-26;13.9;19.36;24.81;8.29;12.55;1.4;41.96
1981-05-27;11.99;15.75;19.5;3.95;16.73;1.6;56.58
1981-05-28;10.29;15.4;20.52;0.54;25.104;2.32;42.04
1981-05-29;9.69;15.85;22.01;0.21;20.445;2.01;42.51
1981-05-30;6.88;14.59;22.31;0.0;25.101;1.0;30.77
1981-05-31;9.5;14.99;20.49;1.2;15.728;1.2;41.34
1981-06-01;9.1;15.75;22.39;0.6;27.022;1.0;31.49
1981-06-02;6.69;15.46;24.22;0.7;24.937;0.69;25.85
1981-06-03;7.99;16.25;24.51;0.7;22.836;1.1;24.08
1981-06-04;11.8;16.09;20.39;1.42;15.671;1.5;42.32
1981-06-05;9.86;15.43;21.0;3.03;17.233;0.68;42.24
1981-06-06;9.48;14.98;20.48;3.63;14.889;0.7;46.04
1981-06-07;10.4;16.47;22.54;0.7;23.494;1.6;35.77
1981-06-08;11.69;17.0;22.3;0.63;22.029;2.01;35.35
1981-06-09;13.9;17.71;21.52;4.03;12.489;1.8;53.11
1981-06-10;12.71;16.3;19.88;6.64;8.385;1.29;60.94
1981-06-11;10.98;16.54;22.09;0.8;28.999;1.81;33.98
1981-06-12;10.4;17.55;24.7;0.9;28.404;1.1;26.31
1981-06-13;13.4;20.05;26.7;0.9;27.003;1.8;24.55
1981-06-14;15.21;21.45;27.7;0.9;29.012;2.6;19.44
1981-06-15;17.03;23.02;29.02;0.83;26.733;2.91;17.78
1981-06-16;18.66;24.19;29.71;0.73;25.997;4.25;19.78
1981-06-17;17.52;22.47;27.42;2.08;23.991;2.6;32.35
1981-06-18;14.4;19.35;24.3;4.41;18.153;1.6;39.8
1981-06-19;12.7;16.57;20.44;3.19;18.081;2.31;45.76
1981-06-20;12.6;16.16;19.71;0.8;17.052;2.82;51.38
1981-06-21;12.46;19.03;25.6;0.7;28.299;1.61;27.8
1981-06-22;16.3;23.79;31.27;0.7;26.197;2.42;19.78
1981-06-23;14.3;26.21;38.12;1.4;25.498;1.49;16.0
1981-06-24;16.83;23.18;29.54;0.7;30.302;2.5;20.09
1981-06-25;13.7;19.8;25.9;0.5;30.3;2.9;18.29
1981-06-26;12.16;17.62;23.07;0.05;30.4;2.5;21.67
1981-06-27;11.2;17.68;24.16;0.2;30.199;1.6;18.36
1981-06-28;14.0;21.05;28.11;0.23;29.399;1.4;15.95
1981-06-29;14.1;23.4;32.7;0.42;23.3;1.8;10.02
1981-06-30;14.1;19.75;25.4;3.92;16.179;2.91;25.23
1981-07-01;11.48;18.24;25.0;0.7;29.399;1.8;21.33
1981-07-02;14.1;20.8;27.51;0.3;26.404;1.7;20.66
1981-07-03;17.11;23.84;30.56;0.2;26.604;1.0;18.2
1981-07-04;18.91;25.51;32.11;0.0;28.202;1.73;15.02
1981-07-05;16.2;20.88;25.57;0.0;27.899;2.92;18.2
1981-07-06;12.77;17.81;22.86;0.0;30.104;2.3;16.06
1981-07-07;10.27;16.84;23.41;0.0;29.798;1.4;15.19
1981-07-08;8.2;16.34;24.48;0.0;28.896;0.7;15.7
1981-07-09;9.49;17.34;25.2;0.0;29.907;0.7;14.77
1981-07-10;9.97;17.98;26.0;0.0;28.198;0.68;14.77
1981-07-11;11.3;18.93;26.55;0.0;27.711;0.69;13.79
1981-07-12;14.59;20.81;27.04;4.54;18.391;0.9;24.08
1981-07-13;14.6;20.55;26.5;0.29;26.4;0.9;25.76
1981-07-14;10.99;19.45;27.9;0.0;21.679;0.39;19.99
1981-07-15;16.9;22.04;27.17;0.05;26.103;1.8;21.68
1981-07-16;11.89;19.95;28.01;0.2;27.499;0.6;12.08
1981-07-17;14.93;22.37;29.8;0.22;26.196;1.1;16.59
1981-07-18;17.2;23.45;29.7;0.3;26.5;1.92;22.59
1981-07-19;17.01;24.17;31.33;0.3;26.23;0.39;15.94
1981-07-20;14.6;23.35;32.1;2.08;21.903;0.9;16.61
1981-07-21;17.21;23.86;30.5;0.52;26.399;1.3;16.57
1981-07-22;17.32;23.77;30.22;0.62;26.611;1.3;14.29
1981-07-23;17.61;22.73;27.85;0.62;26.599;2.71;16.63
1981-07-24;14.7;19.55;24.39;0.7;21.373;1.2;26.41
1981-07-25;14.1;17.68;21.27;16.93;6.226;0.99;53.72
1981-07-26;13.18;14.88;16.58;3.0;11.607;2.0;72.69
1981-07-27;14.7;17.48;20.27;1.79;16.158;2.32;59.34
1981-07-28;12.28;17.09;21.89;1.2;26.398;1.3;35.12
1981-07-29;11.13;17.96;24.79;1.2;25.801;0.16;30.08
1981-07-30;12.9;20.2;27.5;1.2;25.599;0.5;22.32
1981-07-31;14.1;22.04;29.99;1.2;23.097;1.55;19.58
1981-08-01;16.2;21.33;26.46;1.2;21.799;1.44;29.27
1981-08-02;13.46;19.73;25.99;1.4;26.196;2.0;22.89
1981-08-03;14.07;19.08;24.09;1.4;21.294;1.83;31.43
1981-08-04;13.35;17.09;20.84;1.6;21.4;2.21;40.4
1981-08-05;10.35;15.74;21.13;1.7;25.499;0.9;26.2
1981-08-06;9.0;16.69;24.38;1.8;25.106;0.49;18.6
1981-08-07;10.27;18.22;26.17;1.8;24.911;0.69;17.56
1981-08-08;13.3;18.69;24.08;3.0;18.594;1.11;29.53
1981-08-09;13.38;17.64;21.89;2.52;18.081;2.0;42.85
1981-08-10;13.19;17.29;21.38;2.3;20.802;1.7;31.7
1981-08-11;11.27;16.96;22.66;2.03;24.015;0.6;23.9
1981-08-12;12.2;19.09;25.98;2.0;23.844;0.69;18.6
1981-08-13;11.8;19.65;27.5;1.81;25.004;0.6;16.78
1981-08-14;12.3;20.09;27.88;1.7;14.435;1.1;21.44
1981-08-15;15.4;21.11;26.81;1.6;16.661;2.0;41.24
1981-08-16;12.6;17.38;22.16;1.41;23.705;2.61;21.89
1981-08-17;11.2;16.27;21.34;1.23;24.104;1.7;22.14
1981-08-18;11.33;16.45;21.57;1.2;23.11;1.61;24.02
1981-08-19;11.19;17.09;22.98;1.2;22.914;1.34;21.39
1981-08-20;12.1;18.79;25.49;1.2;22.196;1.4;20.85
1981-08-21;13.3;19.95;26.6;1.23;24.405;0.8;21.51
1981-08-22;14.5;20.05;25.6;1.2;17.201;0.6;23.75
1981-08-23;17.45;21.27;25.1;1.1;19.551;0.8;21.79
1981-08-24;15.51;20.43;25.36;1.1;20.397;0.5;23.65
1981-08-25;13.19;19.04;24.88;1.8;16.13;0.9;27.29
1981-08-26;13.9;19.5;25.11;2.97;15.24;2.0;29.58
1981-08-27;11.39;16.41;21.44;0.9;21.403;1.92;28.26
1981-08-28;9.11;14.61;20.11;0.8;21.506;1.91;25.36
1981-08-29;11.7;15.48;19.27;1.79;9.022;2.44;41.57
1981-08-30;8.79;14.93;21.08;0.8;21.393;1.2;24.99
1981-08-31;9.0;15.71;22.43;0.7;21.4;0.8;22.16
1981-09-01;10.75;15.51;20.26;2.33;8.992;1.3;34.3
1981-09-02;15.12;16.49;17.86;12.78;4.769;2.3;83.37
1981-09-03;14.51;17.61;20.7;1.9;10.882;1.0;59.03
1981-09-04;11.5;14.72;17.95;2.03;8.865;1.2;62.64
1981-09-05;9.68;15.74;21.8;0.0;20.297;0.29;36.9
1981-09-06;11.4;17.05;22.7;0.0;15.315;0.6;33.94
1981-09-07;11.7;17.44;23.18;0.0;20.999;1.9;27.3
1981-09-08;12.09;17.64;23.19;0.0;12.628;2.84;25.49
1981-09-09;10.76;15.43;20.1;0.0;10.378;1.41;42.66
1981-09-10;11.7;16.34;20.98;0.0;9.827;1.15;36.35
1981-09-11;10.86;16.51;22.16;0.0;19.409;1.6;26.49
1981-09-12;8.29;15.64;22.99;0.0;19.2;0.69;23.53
1981-09-13;8.27;15.92;23.58;0.0;18.51;0.9;24.97
1981-09-14;11.69;16.98;22.28;0.0;18.885;1.6;25.47
1981-09-15;9.5;16.26;23.01;0.0;18.9;0.8;23.31
1981-09-16;9.7;14.0;18.31;5.21;3.015;1.0;52.01
1981-09-17;11.1;15.29;19.47;1.23;18.436;1.4;32.3
1981-09-18;8.5;13.4;18.3;0.0;15.509;2.95;40.97
1981-09-19;5.96;13.93;21.89;0.0;18.499;1.3;23.91
1981-09-20;9.69;14.49;19.29;-0.01;16.094;2.71;30.31
1981-09-21;8.89;15.2;21.5;-0.01;17.997;2.51;28.08
1981-09-22;12.2;18.17;24.14;0.0;16.904;1.4;28.78
1981-09-23;10.2;18.5;26.81;0.0;17.701;0.99;22.05
1981-09-24;9.3;18.3;27.3;0.0;17.237;0.9;19.33
1981-09-25;10.25;18.63;27.01;0.0;16.911;1.3;16.34
1981-09-26;9.0;16.89;24.79;-0.01;16.7;1.5;22.18
1981-09-27;7.5;14.91;22.33;-0.01;16.801;0.9;21.8
1981-09-28;3.79;12.99;22.19;-0.01;16.544;0.39;18.45
1981-09-29;7.59;16.12;24.65;-0.01;16.203;1.0;10.54
1981-09-30;8.4;16.07;23.73;-0.01;15.878;0.8;14.07
1981-10-01;6.28;15.62;24.95;-0.01;15.74;0.3;15.36
1981-10-02;10.2;16.7;23.21;-0.01;10.677;0.6;21.09
1981-10-03;9.5;16.02;22.54;-0.01;10.562;1.09;21.16
1981-10-04;9.63;16.27;22.91;-0.01;14.997;1.6;21.39
1981-10-05;9.61;14.54;19.46;-0.01;14.895;2.2;28.18
1981-10-06;6.3;13.25;20.2;-0.01;14.609;0.8;21.67
1981-10-07;7.9;14.2;20.5;-0.01;14.409;2.0;21.09
1981-10-08;4.78;11.29;17.8;-0.01;13.604;1.91;28.66
1981-10-09;2.18;10.68;19.18;0.0;14.409;0.29;21.55
1981-10-10;4.18;12.6;21.02;0.0;14.093;0.5;20.8
1981-10-11;5.31;12.76;20.22;0.0;14.104;1.11;24.77
1981-10-12;2.99;12.36;21.72;0.0;13.906;0.5;18.06
1981-10-13;8.4;15.96;23.53;0.0;14.198;1.3;19.7
1981-10-14;9.2;16.67;24.14;0.0;14.608;2.21;23.19
1981-10-15;12.25;17.41;22.57;0.0;11.005;1.4;30.47
1981-10-16;9.43;13.62;17.8;-0.01;7.557;2.2;32.97
1981-10-17;5.6;10.0;14.39;0.0;7.287;2.71;42.7
1981-10-18;-0.73;2.67;6.08;0.0;13.098;3.06;23.57
1981-10-19;-3.4;1.18;5.77;0.0;13.226;1.5;17.46
1981-10-20;-4.45;2.08;8.62;0.09;13.521;1.1;13.68
1981-10-21;5.7;9.95;14.19;25.01;2.298;3.53;66.05
1981-10-22;11.42;13.66;15.89;21.61;1.745;2.31;81.29
1981-10-23;8.31;11.41;14.51;-0.01;9.106;2.5;55.32
1981-10-24;3.7;4.83;5.95;0.61;2.587;1.91;71.93
1981-10-25;-0.56;2.08;4.73;0.0;12.11;1.7;34.95
1981-10-26;-2.61;1.22;5.05;0.0;12.11;0.6;32.65
1981-10-27;-1.91;2.85;7.61;0.0;11.891;0.7;33.76
1981-10-28;0.8;5.19;9.57;0.0;11.617;0.9;37.88
1981-10-29;-0.21;5.54;11.3;0.0;10.936;1.3;43.83
1981-10-30;6.01;11.11;16.2;0.0;10.902;1.8;49.81
1981-10-31;5.22;10.12;15.01;3.26;4.286;1.1;67.09
1981-11-01;3.3;9.03;14.75;-0.01;6.064;0.5;51.24
1981-11-02;2.2;8.25;14.3;0.0;11.095;0.6;38.37
1981-11-03;6.9;11.55;16.19;-0.01;2.584;1.7;66.74
1981-11-04;7.5;11.87;16.23;0.0;8.645;3.68;52.63
1981-11-05;2.8;6.1;9.4;0.0;5.403;2.11;50.3
1981-11-06;0.0;4.05;8.1;0.0;11.102;0.6;36.51
1981-11-07;-1.71;4.2;10.1;0.0;11.231;0.59;35.79
1981-11-08;-0.11;4.04;8.2;0.0;9.906;1.28;42.77
1981-11-09;-1.64;3.52;8.68;0.0;10.031;0.6;37.29
1981-11-10;-3.84;2.53;8.9;1.82;9.399;1.3;40.35
1981-11-11;5.51;6.71;7.92;23.06;0.992;2.2;83.48
1981-11-12;2.3;5.2;8.09;0.0;8.703;2.6;59.14
1981-11-13;1.8;6.65;11.5;0.0;4.978;1.49;59.07
1981-11-14;6.32;9.53;12.73;1.7;2.379;1.89;78.42
1981-11-15;9.23;10.71;12.2;9.05;2.481;3.62;86.82
1981-11-16;9.46;9.88;10.29;29.03;0.452;3.63;91.34
1981-11-17;6.2;8.0;9.8;7.31;8.393;1.5;73.67
1981-11-18;2.35;5.29;8.22;2.81;6.598;1.6;63.57
1981-11-19;1.4;3.99;6.58;0.69;3.592;2.1;77.26
1981-11-20;0.5;3.5;6.49;-0.01;9.22;1.9;58.99
1981-11-21;-1.1;2.09;5.29;0.0;4.586;1.3;69.32
1981-11-22;-0.35;2.92;6.19;0.0;5.549;1.0;64.07
1981-11-23;-2.61;1.54;5.69;-0.01;8.19;1.9;54.53
1981-11-24;1.2;4.67;8.14;-0.01;7.799;2.4;59.48
1981-11-25;-1.04;2.98;6.99;-0.01;5.95;1.69;52.2
1981-11-26;-3.96;0.21;4.39;-0.01;8.308;0.59;47.01
1981-11-27;-5.01;-0.16;4.69;-0.01;8.299;0.12;43.88
1981-11-28;-3.31;1.07;5.46;-0.01;9.099;1.29;42.29
1981-11-29;-0.5;1.96;4.42;-0.01;7.629;2.6;63.35
1981-11-30;0.51;4.17;7.84;-0.01;7.198;2.7;49.0
1981-12-01;2.03;5.71;9.4;-0.01;6.101;2.8;52.17
1981-12-02;4.7;7.87;11.03;-0.01;6.199;2.81;56.73
1981-12-03;3.2;7.22;11.24;-0.01;6.512;1.61;54.78
1981-12-04;1.9;5.65;9.4;-0.01;2.579;1.6;73.33
1981-12-05;4.2;6.96;9.71;6.03;3.091;2.82;73.24
1981-12-06;-1.9;1.8;5.5;-0.01;5.701;2.81;54.09
1981-12-07;-1.91;2.34;6.6;3.9;3.667;3.12;48.18
1981-12-08;-3.9;-1.64;0.62;-0.01;8.003;1.5;40.36
1981-12-09;-4.99;-3.27;-1.54;6.04;2.084;1.7;80.69
1981-12-10;-1.3;0.55;2.4;-0.01;1.876;1.6;83.84
1981-12-11;0.91;2.66;4.4;0.0;1.974;1.91;81.66
1981-12-12;-0.7;1.82;4.35;0.0;2.258;2.6;77.82
1981-12-13;-2.41;-0.03;2.36;-0.01;6.0;2.7;58.9
1981-12-14;-4.0;-1.35;1.29;-0.01;6.098;1.9;56.66
1981-12-15;-4.64;-1.84;0.95;-0.01;4.954;0.89;66.78
1981-12-16;-2.52;-0.26;2.01;0.81;3.978;0.79;74.15
1981-12-17;-0.36;1.47;3.29;8.74;2.078;2.92;86.0
1981-12-18;-2.1;1.7;5.5;8.68;4.3;2.4;78.34
1981-12-19;-0.68;4.28;9.24;3.46;3.223;3.72;67.62
1981-12-20;-2.01;2.16;6.32;2.58;3.205;1.9;72.37
1981-12-21;0.0;3.6;7.21;3.62;4.485;1.39;71.97
1981-12-22;-1.72;0.98;3.68;2.08;2.253;1.91;79.44
1981-12-23;-2.66;1.83;6.32;-0.01;6.301;1.1;56.1
1981-12-24;-0.71;4.35;9.41;-0.01;2.971;0.9;63.03
1981-12-25;-1.4;3.56;8.52;-0.01;4.309;1.9;64.39
1981-12-26;-3.7;-0.51;2.69;0.0;4.192;2.41;65.14
1981-12-27;-5.99;-3.8;-1.61;-0.01;7.605;1.2;59.11
1981-12-28;-6.2;-2.69;0.83;-0.01;6.9;1.6;45.92
1981-12-29;-4.8;-1.3;2.19;3.0;6.603;1.5;65.88
1981-12-30;-8.26;-4.88;-1.51;-0.01;8.002;2.9;47.28
1981-12-31;-9.31;-6.67;-4.02;-0.01;7.9;2.6;52.71
1982-01-01;-11.33;-7.71;-4.09;-0.01;8.335;2.42;38.01
1982-01-02;-15.39;-9.96;-4.54;-0.01;9.309;1.1;30.78
1982-01-03;-11.02;-6.26;-1.51;-0.01;7.5;0.9;40.49
1982-01-04;-5.5;-2.1;1.29;0.0;5.286;1.36;73.54
1982-01-05;-5.29;-3.54;-1.8;-0.01;5.803;2.5;74.03
1982-01-06;-8.54;-5.63;-2.73;0.0;5.295;2.09;61.4
1982-01-07;-9.5;-6.53;-3.55;-0.01;8.4;1.5;38.48
1982-01-08;-12.04;-7.47;-2.9;-0.01;6.801;0.69;64.5
1982-01-09;-8.84;-5.51;-2.19;-0.01;6.899;0.06;71.6
1982-01-10;-9.91;-5.46;-1.01;-0.01;8.709;0.8;50.31
1982-01-11;-8.5;-4.21;0.09;-0.01;7.871;0.89;62.09
1982-01-12;-4.62;-0.51;3.61;2.42;6.398;2.31;70.19
1982-01-13;-0.9;1.55;3.99;11.37;4.687;1.49;77.88
1982-01-14;-4.2;-1.41;1.39;-0.01;8.898;2.4;50.1
1982-01-15;-3.81;-0.25;3.32;-0.01;5.397;1.19;59.74
1982-01-16;0.01;3.6;7.2;-0.01;5.074;2.6;64.75
1982-01-17;-0.57;2.17;4.9;-0.01;5.798;2.4;63.41
1982-01-18;-1.3;1.26;3.82;0.0;8.927;2.3;58.53
1982-01-19;-1.98;1.47;4.92;1.19;3.954;2.9;72.52
1982-01-20;-3.0;0.75;4.5;6.01;5.766;2.41;68.17
1982-01-21;-4.83;-1.11;2.6;-0.01;9.408;0.69;50.26
1982-01-22;-4.8;-0.55;3.7;-0.01;9.206;0.49;44.03
1982-01-23;-3.8;0.37;4.54;0.0;9.124;0.7;51.27
1982-01-24;-2.0;1.73;5.45;0.59;8.396;0.6;70.63
1982-01-25;0.23;2.38;4.52;1.66;3.493;1.2;76.99
1982-01-26;0.4;2.32;4.24;8.21;3.899;2.8;78.88
1982-01-27;1.41;3.75;6.1;4.58;4.296;3.72;79.86
1982-01-28;0.12;2.48;4.83;14.68;1.473;2.8;84.34
1982-01-29;-0.79;3.16;7.11;0.0;8.501;1.08;62.38
1982-01-30;-2.3;1.61;5.52;-0.01;10.301;2.02;47.27
1982-01-31;-2.31;0.84;3.99;11.06;2.857;2.1;73.34
1982-02-01;-3.0;1.5;5.99;1.73;9.501;0.88;62.34
1982-02-02;1.69;5.7;9.71;1.09;7.13;1.09;68.16
1982-02-03;0.99;5.67;10.36;0.0;8.105;1.0;63.92
1982-02-04;0.1;4.86;9.62;0.0;6.305;2.0;52.71
1982-02-05;-1.48;4.53;10.54;0.0;10.504;1.8;47.53
1982-02-06;-2.8;3.35;9.51;-0.01;9.3;0.99;51.76
1982-02-07;0.82;6.57;12.31;-0.01;11.414;2.3;43.13
1982-02-08;1.75;6.93;12.12;-0.01;9.19;2.0;46.62
1982-02-09;2.04;5.83;9.62;11.0;5.679;3.6;71.52
1982-02-10;0.41;5.16;9.91;3.1;6.329;2.9;61.15
1982-02-11;0.4;4.0;7.61;0.0;6.311;2.31;56.96
1982-02-12;-0.7;4.07;8.83;0.0;11.821;2.0;44.27
1982-02-13;-0.8;3.67;8.13;4.18;5.206;1.69;64.74
1982-02-14;-2.8;0.07;2.94;0.0;7.09;3.85;54.18
1982-02-15;-3.39;0.0;3.4;-0.01;12.519;4.14;36.14
1982-02-16;-3.99;0.71;5.4;-0.01;12.712;3.01;24.85
1982-02-17;-3.08;2.26;7.6;-0.01;12.301;1.5;45.25
1982-02-18;-2.9;2.76;8.43;-0.01;12.702;0.59;47.44
1982-02-19;-3.15;3.29;9.73;-0.01;12.999;0.39;43.46
1982-02-20;-3.41;3.6;10.62;-0.01;13.503;0.4;37.62
1982-02-21;-4.09;2.88;9.86;-0.01;15.523;0.39;43.18
1982-02-22;-4.23;2.21;8.65;-0.01;15.407;0.58;47.83
1982-02-23;-2.82;2.92;8.65;0.0;8.589;1.2;60.52
1982-02-24;2.07;6.13;10.2;3.9;5.628;1.7;68.8
1982-02-25;-0.79;2.31;5.4;-0.01;12.802;4.13;38.75
1982-02-26;-2.1;4.56;11.22;-0.01;13.306;2.0;37.22
1982-02-27;0.59;5.75;10.9;2.99;6.954;2.4;56.68
1982-02-28;-0.26;3.27;6.8;-0.01;14.917;2.5;43.38
1982-03-01;-0.08;4.08;8.25;0.0;8.962;2.1;50.21
1982-03-02;-2.3;1.89;6.08;-0.01;15.6;2.5;39.67
1982-03-03;-3.21;1.35;5.91;-0.01;15.904;1.6;38.98
1982-03-04;-3.82;1.34;6.5;-0.01;16.527;1.29;30.63
1982-03-05;-3.96;1.45;6.86;-0.01;16.801;0.5;27.47
1982-03-06;-3.93;3.19;10.31;-0.01;16.509;0.14;31.57
1982-03-07;-3.1;4.06;11.21;-0.01;16.006;0.5;43.26
1982-03-08;0.44;6.23;12.02;0.0;9.248;0.59;51.41
1982-03-09;0.4;6.45;12.5;-0.01;14.593;2.0;46.64
1982-03-10;0.99;5.61;10.23;-0.01;16.801;3.21;39.17
1982-03-11;-1.44;4.28;10.0;-0.01;17.305;1.8;37.7
1982-03-12;-3.44;4.02;11.48;0.0;16.605;0.11;41.64
1982-03-13;3.0;8.5;14.0;-0.01;10.673;0.89;53.0
1982-03-14;2.3;8.61;14.91;-0.01;13.696;1.49;44.88
1982-03-15;1.51;8.18;14.84;-0.01;10.811;1.4;48.27
1982-03-16;3.52;10.12;16.71;-0.01;15.953;1.7;48.19
1982-03-17;5.2;11.15;17.11;4.64;11.108;2.3;49.35
1982-03-18;2.3;7.21;12.11;0.83;13.998;2.71;43.0
1982-03-19;1.1;5.35;9.6;0.91;11.754;2.5;47.2
1982-03-20;3.91;8.41;12.92;0.34;19.337;2.85;38.81
1982-03-21;3.42;9.42;15.42;1.03;10.897;2.2;49.33
1982-03-22;6.26;13.04;19.81;-0.01;19.82;1.9;33.43
1982-03-23;7.3;12.41;17.51;-0.01;16.601;3.2;50.09
1982-03-24;7.77;12.29;16.8;3.54;7.083;2.19;56.93
1982-03-25;5.11;11.32;17.53;1.2;11.096;0.58;55.76
1982-03-26;4.43;11.47;18.51;0.0;12.802;0.48;45.77
1982-03-27;3.23;11.43;19.63;2.45;12.594;0.78;40.83
1982-03-28;5.03;13.68;22.33;-0.01;19.216;0.7;37.11
1982-03-29;5.96;12.88;19.81;-0.01;21.007;1.75;39.68
1982-03-30;7.6;12.98;18.35;1.56;14.011;2.1;42.68
1982-03-31;7.05;10.38;13.7;4.36;4.277;2.34;69.14
1982-04-01;4.34;9.22;14.1;-0.01;17.7;2.7;39.51
1982-04-02;4.1;10.61;17.11;-0.01;19.9;1.9;36.68
1982-04-03;4.66;10.69;16.71;-0.01;15.689;1.6;42.97
1982-04-04;2.6;10.18;17.75;-0.01;22.308;1.3;35.95
1982-04-05;4.4;10.66;16.92;-0.01;13.878;2.4;39.56
1982-04-06;4.61;9.91;15.21;3.45;8.141;1.49;59.79
1982-04-07;2.48;9.79;17.11;2.5;10.08;1.31;48.55
1982-04-08;8.62;12.31;16.0;2.46;7.268;3.1;61.85
1982-04-09;8.42;11.97;15.53;39.93;7.76;1.09;69.33
1982-04-10;5.33;8.8;12.28;5.31;12.246;3.44;71.41
1982-04-11;3.39;7.07;10.75;-0.01;17.83;2.31;41.02
1982-04-12;0.5;5.09;9.69;-0.01;14.851;2.81;37.79
1982-04-13;-2.62;2.21;7.05;-0.01;24.394;1.3;26.31
1982-04-14;-2.4;4.41;11.21;-0.01;19.791;0.69;32.63
1982-04-15;1.9;6.46;11.01;-0.01;22.725;1.3;39.88
1982-04-16;1.8;6.34;10.88;-0.01;16.095;0.69;44.24
1982-04-17;2.7;6.89;11.09;-0.01;13.587;0.39;48.35
1982-04-18;3.17;6.16;9.14;2.53;8.141;2.41;63.84
1982-04-19;4.16;4.67;5.17;11.96;10.167;2.7;75.44
1982-04-20;2.19;7.64;13.1;-0.01;16.651;0.47;42.99
1982-04-21;4.39;10.54;16.68;2.6;13.996;2.3;39.5
1982-04-22;4.3;11.01;17.71;-0.01;25.149;1.7;35.76
1982-04-23;7.2;15.41;23.63;-0.01;22.522;1.3;31.59
1982-04-24;10.42;15.27;20.12;3.28;8.847;1.5;52.13
1982-04-25;8.4;14.56;20.72;5.43;14.374;0.79;53.67
1982-04-26;9.3;14.16;19.02;6.39;11.453;2.41;52.71
1982-04-27;7.5;11.3;15.1;-0.01;20.43;2.93;44.25
1982-04-28;5.6;10.8;16.0;5.09;12.757;2.14;50.03
1982-04-29;6.5;10.15;13.8;0.0;20.549;2.61;45.92
1982-04-30;4.25;9.18;14.1;-0.01;25.002;1.71;42.5
1982-05-01;4.48;9.29;14.09;-0.01;19.137;1.71;41.85
1982-05-02;7.09;10.5;13.9;2.49;11.739;1.4;64.0
1982-05-03;7.44;11.91;16.38;1.2;19.632;2.82;46.5
1982-05-04;9.12;12.75;16.39;5.39;16.759;2.7;53.03
1982-05-05;9.3;11.79;14.29;17.36;9.142;1.1;67.04
1982-05-06;8.4;8.89;9.38;11.24;6.237;2.32;79.24
1982-05-07;9.0;10.64;12.28;14.15;8.794;2.6;73.83
1982-05-08;7.2;12.2;17.2;0.0;18.508;1.4;46.87
1982-05-09;8.64;12.57;16.5;8.43;6.427;1.2;61.25
1982-05-10;8.74;12.92;17.1;-0.01;23.92;2.92;44.03
1982-05-11;8.9;13.63;18.35;-0.01;22.424;2.0;44.14
1982-05-12;8.4;14.48;20.57;-0.01;25.515;0.49;45.5
1982-05-13;8.4;15.59;22.77;-0.01;18.674;1.39;39.6
1982-05-14;12.6;15.95;19.3;8.31;7.658;2.34;69.32
1982-05-15;13.31;18.07;22.83;-0.01;25.214;1.4;46.79
1982-05-16;12.11;16.82;21.53;-0.01;25.517;2.6;43.1
1982-05-17;10.49;13.43;16.38;-0.01;19.96;2.7;49.59
1982-05-18;8.71;11.95;15.18;-0.01;19.266;3.01;47.48
1982-05-19;7.49;12.99;18.49;0.0;21.342;1.91;42.83
1982-05-20;7.3;14.56;21.83;0.0;23.326;0.7;39.11
1982-05-21;9.29;11.84;14.38;2.59;7.491;1.1;66.89
1982-05-22;9.1;13.4;17.7;0.0;23.916;3.94;42.47
1982-05-23;11.0;15.75;20.5;0.0;19.194;2.0;47.21
1982-05-24;10.0;16.3;22.6;1.39;20.666;1.4;42.34
1982-05-25;9.9;15.45;21.0;0.0;24.604;1.91;44.62
1982-05-26;9.5;15.99;22.49;0.0;27.608;1.61;38.56
1982-05-27;11.33;16.41;21.49;0.0;21.154;1.2;41.33
1982-05-28;12.44;16.61;20.79;1.09;17.059;2.01;50.8
1982-05-29;12.51;19.11;25.72;0.21;30.113;2.11;32.76
1982-05-30;17.11;22.05;27.0;0.0;23.993;3.95;22.39
1982-05-31;11.89;16.9;21.91;3.85;15.803;2.8;48.59
1982-06-01;7.69;10.79;13.9;0.6;17.598;2.2;45.92
1982-06-02;4.89;8.92;12.95;3.2;17.603;1.29;47.42
1982-06-03;5.03;9.26;13.48;1.49;21.806;1.59;41.96
1982-06-04;2.95;10.56;18.18;0.7;22.498;1.2;34.61
1982-06-05;9.7;13.39;17.08;5.05;14.857;2.2;49.92
1982-06-06;7.99;13.84;19.69;0.7;29.601;2.1;35.63
1982-06-07;7.87;14.74;21.6;0.7;26.424;0.79;30.87
1982-06-08;11.5;14.44;17.38;12.38;12.068;2.3;59.12
1982-06-09;12.3;16.65;21.0;3.06;22.073;2.82;42.64
1982-06-10;9.9;15.87;21.84;0.8;24.996;3.13;26.69
1982-06-11;12.61;16.68;20.75;2.03;14.397;2.52;32.14
1982-06-12;13.72;16.21;18.69;8.86;6.115;2.11;48.37
1982-06-13;12.2;15.83;19.46;8.9;13.289;2.3;54.48
1982-06-14;9.69;15.09;20.49;0.9;22.537;2.1;35.92
1982-06-15;8.56;15.21;21.87;0.83;29.599;0.6;37.68
1982-06-16;9.69;16.79;23.89;0.73;21.152;1.1;33.29
1982-06-17;12.3;15.63;18.96;8.21;16.278;1.0;62.15
1982-06-18;8.89;15.15;21.41;1.39;25.199;0.5;46.0
1982-06-19;9.76;16.52;23.28;0.8;22.551;0.88;35.53
1982-06-20;10.06;17.58;25.1;0.8;22.579;0.48;31.77
1982-06-21;12.89;19.59;26.3;0.7;24.449;0.59;30.3
1982-06-22;13.72;20.36;27.0;0.7;27.428;1.3;23.8
1982-06-23;13.49;19.27;25.05;4.49;19.583;1.1;32.89
1982-06-24;13.5;18.98;24.46;0.7;22.556;0.99;41.94
1982-06-25;10.13;17.59;25.06;0.5;22.861;0.37;34.51
1982-06-26;12.2;16.99;21.79;0.05;16.355;0.8;33.42
1982-06-27;16.09;20.39;24.7;1.5;21.753;2.73;20.06
1982-06-28;13.5;19.45;25.39;0.23;33.786;2.31;18.73
1982-06-29;13.25;19.61;25.96;0.42;24.605;1.0;22.19
1982-06-30;14.7;21.2;27.71;1.12;23.99;2.1;25.99
1982-07-01;17.74;23.28;28.83;0.7;26.4;2.1;20.48
1982-07-02;15.81;22.36;28.9;0.3;27.799;1.3;16.68
1982-07-03;17.1;22.71;28.33;0.2;28.918;1.9;19.18
1982-07-04;14.9;21.7;28.5;0.0;28.106;1.61;16.71
1982-07-05;15.5;21.5;27.5;0.0;26.901;1.8;18.29
1982-07-06;13.99;20.71;27.42;0.0;28.706;1.3;17.81
1982-07-07;15.3;21.66;28.01;1.41;21.467;1.1;24.25
1982-07-08;17.41;23.21;29.01;0.0;24.062;0.36;23.53
1982-07-09;17.81;24.16;30.52;0.0;27.601;0.8;20.49
1982-07-10;18.62;24.66;30.7;0.0;23.401;1.08;18.62
1982-07-11;18.55;23.73;28.91;1.49;21.794;1.4;26.8
1982-07-12;17.11;21.66;26.22;0.0;22.992;1.91;27.6
1982-07-13;16.5;21.25;26.0;4.53;17.658;1.91;34.9
1982-07-14;15.71;19.7;23.68;8.96;11.089;1.8;53.97
1982-07-15;13.1;18.79;24.47;0.05;31.642;1.3;28.12
1982-07-16;13.19;19.34;25.5;0.2;27.607;1.11;20.82
1982-07-17;12.9;20.25;27.6;0.22;27.099;1.35;14.9
1982-07-18;13.8;20.4;27.0;1.65;16.412;1.2;19.73
1982-07-19;14.59;19.99;25.4;9.99;7.896;1.4;37.67
1982-07-20;15.1;21.2;27.3;2.99;20.486;1.9;36.76
1982-07-21;15.7;21.45;27.19;0.52;22.761;2.2;34.52
1982-07-22;16.3;22.2;28.1;0.62;25.696;2.01;27.96
1982-07-23;14.69;21.85;29.01;0.62;26.103;1.1;20.55
1982-07-24;13.6;21.14;28.69;0.7;23.802;0.6;21.24
1982-07-25;15.1;22.16;29.21;0.7;25.101;0.5;20.29
1982-07-26;15.0;22.55;30.1;0.92;22.296;0.15;19.15
1982-07-27;17.84;24.29;30.73;8.62;18.452;0.79;30.41
1982-07-28;17.31;23.7;30.09;9.12;14.42;0.9;42.76
1982-07-29;17.0;23.8;30.6;1.2;24.545;1.7;23.16
1982-07-30;16.92;24.37;31.82;1.2;23.198;0.8;20.05
1982-07-31;19.22;26.02;32.81;1.2;24.996;1.3;16.7
1982-08-01;22.9;26.14;29.39;1.2;11.464;1.0;24.04
1982-08-02;21.62;26.07;30.51;1.4;19.752;1.6;21.1
1982-08-03;19.11;24.8;30.5;1.4;26.101;0.8;16.49
1982-08-04;17.6;23.9;30.2;3.91;18.868;1.8;27.19
1982-08-05;18.47;21.57;24.67;30.46;9.176;1.4;71.84
1982-08-06;14.26;18.03;21.8;4.06;9.173;0.9;63.78
1982-08-07;12.28;19.13;25.98;1.8;25.102;0.7;24.5
1982-08-08;11.9;19.86;27.82;1.9;24.398;0.6;22.29
1982-08-09;15.82;21.05;26.28;2.3;22.587;2.21;38.74
1982-08-10;13.89;19.84;25.8;2.3;23.916;1.5;31.77
1982-08-11;13.0;19.25;25.5;2.03;25.105;1.3;23.16
1982-08-12;13.5;17.8;22.1;2.0;24.201;2.71;25.06
1982-08-13;11.46;16.55;21.64;1.81;24.106;1.6;18.48
1982-08-14;9.76;17.02;24.29;1.7;23.712;0.29;23.73
1982-08-15;12.3;19.55;26.8;1.6;21.551;0.4;19.92
1982-08-16;11.59;19.8;28.0;1.41;23.041;0.06;21.2
1982-08-17;12.7;20.64;28.59;1.23;21.398;0.39;21.86
1982-08-18;15.6;21.4;27.2;1.2;16.578;0.6;24.12
1982-08-19;11.99;19.89;27.8;1.2;22.401;0.8;20.42
1982-08-20;13.0;20.11;27.21;1.97;15.661;0.48;24.92
1982-08-21;10.86;19.17;27.48;1.23;22.496;0.69;16.86
1982-08-22;9.19;18.4;27.61;1.2;23.503;0.3;15.17
1982-08-23;10.45;18.28;26.11;1.1;21.699;-0.1;19.57
1982-08-24;10.49;18.69;26.89;1.1;21.913;0.9;14.39
1982-08-25;11.75;19.32;26.9;0.9;22.099;1.2;10.18
1982-08-26;11.3;19.76;28.22;0.9;22.2;0.9;6.16
1982-08-27;13.5;21.7;29.91;0.9;21.7;1.3;6.47
1982-08-28;16.14;23.52;30.9;0.8;21.313;1.6;12.68
1982-08-29;17.21;23.98;30.76;0.8;21.101;1.2;15.7
1982-08-30;16.12;23.82;31.51;0.8;20.795;0.8;16.57
1982-08-31;17.81;24.2;30.6;1.71;15.319;1.5;22.6
1982-09-01;15.1;19.73;24.35;0.0;20.402;1.9;26.29
1982-09-02;12.49;17.38;22.26;0.0;21.296;2.11;19.89
1982-09-03;12.02;16.86;21.69;0.0;20.413;2.11;19.91
1982-09-04;13.01;16.5;19.98;0.0;13.402;1.9;25.01
1982-09-05;9.8;14.85;19.89;1.27;13.068;0.79;28.64
1982-09-06;8.9;15.64;22.38;0.0;19.716;1.2;24.28
1982-09-07;9.4;15.86;22.31;0.0;20.297;0.5;25.25
1982-09-08;10.79;16.93;23.07;0.0;19.113;0.9;24.99
1982-09-09;11.76;18.41;25.05;0.0;20.692;0.38;21.38
1982-09-10;12.2;18.85;25.5;0.0;18.389;0.59;21.61
1982-09-11;11.3;16.23;21.17;0.0;20.4;2.52;18.19
1982-09-12;7.07;13.94;20.8;0.0;20.917;1.2;14.08
1982-09-13;8.97;14.59;20.2;0.0;18.9;1.2;22.83
1982-09-14;6.11;13.46;20.8;0.0;18.998;0.79;17.0
1982-09-15;6.9;14.04;21.18;0.0;18.799;1.1;15.2
1982-09-16;8.06;14.93;21.8;0.0;18.409;0.9;18.29
1982-09-17;11.3;16.7;22.1;0.0;12.52;0.48;20.19
1982-09-18;11.31;16.8;22.3;0.0;14.409;1.6;22.01
1982-09-19;11.61;17.56;23.51;3.04;12.143;2.6;30.93
1982-09-20;5.8;10.8;15.8;0.0;18.105;2.93;30.89
1982-09-21;4.29;7.68;11.06;6.3;7.061;1.6;60.63
1982-09-22;6.18;10.4;14.62;0.0;14.395;2.41;32.33
1982-09-23;9.5;12.08;14.66;0.82;7.043;1.6;57.45
1982-09-24;7.99;12.94;17.89;6.05;9.9;0.7;49.18
1982-09-25;10.5;13.25;16.0;11.4;4.173;0.6;68.83
1982-09-26;9.4;14.29;19.18;-0.01;15.82;0.5;40.19
1982-09-27;10.74;14.16;17.58;6.7;4.186;2.22;67.84
1982-09-28;6.3;10.18;14.05;0.0;11.786;2.95;42.2
1982-09-29;4.4;7.29;10.19;-0.01;16.603;2.21;28.53
1982-09-30;3.48;7.42;11.35;-0.01;10.697;1.6;40.14
1982-10-01;3.16;7.02;10.88;0.0;8.182;1.5;36.01
1982-10-02;1.4;6.25;11.1;-0.01;15.802;0.9;29.09
1982-10-03;2.05;7.83;13.61;-0.01;15.517;0.8;28.89
1982-10-04;4.8;9.99;15.19;-0.01;14.996;1.3;32.63
1982-10-05;8.3;13.4;18.5;-0.01;14.383;1.7;32.34
1982-10-06;8.01;13.47;18.93;-0.01;14.996;1.51;30.65
1982-10-07;8.5;14.27;20.04;-0.01;14.4;1.3;29.3
1982-10-08;9.0;14.6;20.2;-0.01;12.892;1.7;31.89
1982-10-09;9.53;15.22;20.91;0.0;13.488;1.49;30.66
1982-10-10;9.49;15.61;21.73;0.0;13.827;1.06;27.43
1982-10-11;7.63;14.89;22.16;0.0;13.522;0.9;23.49
1982-10-12;5.4;13.25;21.11;0.0;13.502;0.58;23.24
1982-10-13;6.59;13.66;20.74;0.0;13.299;0.7;23.86
1982-10-14;5.89;13.45;21.0;0.0;13.31;0.9;22.22
1982-10-15;4.28;12.7;21.12;0.0;11.804;1.4;24.69
1982-10-16;8.0;12.99;17.99;0.8;7.329;2.01;37.9
1982-10-17;7.1;10.95;14.8;-0.01;9.391;2.11;32.25
1982-10-18;8.7;12.25;15.81;4.13;3.237;2.7;60.56
1982-10-19;5.69;8.13;10.56;3.66;1.805;0.97;66.57
1982-10-20;6.61;9.96;13.3;0.0;8.34;2.4;49.69
1982-10-21;8.21;13.76;19.31;0.0;10.098;2.83;36.46
1982-10-22;7.8;14.03;20.26;0.0;12.41;1.7;29.62
1982-10-23;6.17;12.18;18.2;0.0;12.305;1.2;29.1
1982-10-24;5.09;12.26;19.43;0.0;12.102;0.89;24.96
1982-10-25;8.11;12.61;17.11;12.78;2.991;1.9;63.2
1982-10-26;6.49;8.94;11.38;4.61;2.074;2.1;71.52
1982-10-27;4.42;6.51;8.6;0.0;11.202;2.53;42.21
1982-10-28;3.69;6.97;10.26;0.0;4.501;1.9;51.06
1982-10-29;1.59;6.08;10.56;-0.01;5.492;1.6;50.04
1982-10-30;8.11;10.8;13.5;-0.01;2.335;2.61;59.51
1982-10-31;4.35;7.56;10.78;0.0;11.801;1.9;34.43
1982-11-01;4.41;10.52;16.62;0.0;10.73;1.7;28.6
1982-11-02;4.61;8.23;11.86;-0.01;7.2;1.2;51.8
1982-11-03;4.13;8.52;12.91;0.0;4.189;1.5;59.15
1982-11-04;4.29;7.72;11.16;3.43;3.183;2.5;60.79
1982-11-05;1.5;4.19;6.87;-0.01;10.522;1.3;42.36
1982-11-06;0.6;2.89;5.18;-0.01;7.396;1.91;48.35
1982-11-07;0.6;6.47;12.34;0.0;8.7;1.71;34.73
1982-11-08;2.7;7.8;12.9;0.0;3.586;0.9;54.58
1982-11-09;6.01;9.52;13.03;0.0;3.907;0.46;62.7
1982-11-10;5.71;8.95;12.19;2.04;2.15;1.5;71.23
1982-11-11;5.3;6.69;8.07;32.62;-0.546;3.43;92.57
1982-11-12;2.56;6.21;9.87;7.19;3.401;1.8;77.04
1982-11-13;7.98;8.15;8.32;18.03;1.193;2.6;89.82
1982-11-14;7.84;8.09;8.34;11.93;-0.75;2.6;89.39
1982-11-15;7.26;8.92;10.58;1.49;2.397;2.51;81.18
1982-11-16;6.5;8.82;11.13;0.89;4.325;0.48;79.61
1982-11-17;3.29;7.54;11.8;1.49;5.601;1.5;69.3
1982-11-18;7.97;9.49;11.01;19.89;1.617;2.6;86.49
1982-11-19;6.61;8.57;10.54;29.54;0.443;2.9;87.02
1982-11-20;2.82;5.26;7.7;6.56;7.602;1.9;62.31
1982-11-21;4.1;5.54;6.99;12.07;2.167;2.2;83.31
1982-11-22;3.2;4.19;5.17;0.0;2.784;4.07;78.24
1982-11-23;0.35;2.77;5.2;-0.01;7.299;1.6;65.94
1982-11-24;-2.92;-1.51;-0.1;3.24;2.59;2.83;81.74
1982-11-25;-16.12;-9.49;-2.85;10.75;2.487;3.1;86.73
1982-11-26;-26.0;-18.25;-10.49;-0.01;9.201;0.89;32.07
1982-11-27;-18.65;-14.79;-10.92;-0.01;9.203;1.4;30.51
1982-11-28;-12.02;-7.12;-2.22;-0.01;8.505;1.69;52.1
1982-11-29;-5.72;-2.16;1.4;0.0;8.522;2.51;81.8
1982-11-30;1.61;2.6;3.6;7.08;1.388;3.92;86.53
1982-12-01;0.63;3.52;6.4;4.0;4.567;2.0;77.24
1982-12-02;-0.51;2.79;6.1;0.0;7.305;2.2;59.47
1982-12-03;4.8;7.62;10.43;0.0;3.388;2.81;71.85
1982-12-04;0.1;4.19;8.29;-0.01;8.317;1.7;63.91
1982-12-05;-1.41;2.4;6.2;-0.01;7.9;0.69;61.4
1982-12-06;-0.8;2.75;6.29;7.07;0.851;1.4;78.8
1982-12-07;-0.7;3.5;7.71;-0.01;6.902;1.0;59.86
1982-12-08;-1.51;3.16;7.83;-0.01;4.193;1.2;67.71
1982-12-09;1.2;5.01;8.83;0.49;2.894;2.6;76.36
1982-12-10;-1.0;4.46;9.92;0.29;2.678;3.11;72.11
1982-12-11;-3.9;-0.1;3.69;0.49;7.142;1.91;43.78
1982-12-12;-4.05;-1.42;1.2;-0.01;6.899;2.4;61.31
1982-12-13;-4.1;-0.85;2.4;-0.01;6.897;2.3;39.14
1982-12-14;-2.7;0.35;3.4;-0.01;7.347;1.88;54.2
1982-12-15;-2.7;0.95;4.6;-0.01;5.694;2.1;59.62
1982-12-16;1.89;4.58;7.26;2.39;3.665;3.71;72.35
1982-12-17;0.2;3.41;6.62;1.56;4.5;3.92;54.63
1982-12-18;-1.0;1.17;3.34;-0.01;3.597;2.6;58.72
1982-12-19;-1.8;2.17;6.13;-0.01;6.277;2.3;52.05
1982-12-20;-0.17;4.88;9.92;-0.01;5.997;2.8;54.64
1982-12-21;-2.29;1.49;5.27;-0.01;4.501;2.8;56.32
1982-12-22;-4.11;-2.05;0.02;-0.01;7.0;2.69;39.25
1982-12-23;-6.4;-4.18;-1.96;-0.01;7.735;2.4;37.54
1982-12-24;-5.21;-1.41;2.4;-0.01;4.903;1.2;54.02
1982-12-25;-0.2;3.27;6.73;2.49;4.406;2.4;69.27
1982-12-26;-1.27;0.97;3.21;-0.01;5.111;2.4;62.3
1982-12-27;-0.95;2.9;6.74;3.52;2.991;2.82;75.0
1982-12-28;1.26;4.89;8.52;9.34;2.295;2.7;77.16
1982-12-29;-1.49;1.15;3.79;0.72;3.05;1.07;74.3
1982-12-30;-7.01;-4.46;-1.91;0.83;3.574;2.3;73.02
1982-12-31;-7.15;-3.93;-0.7;12.85;2.142;2.0;73.9
1983-01-01;-9.09;-5.04;-1.0;16.08;4.399;2.4;84.91
1983-01-02;-11.56;-9.09;-6.62;-0.01;8.6;3.82;61.4
1983-01-03;-7.26;-2.83;1.6;-0.01;8.416;3.33;72.17
1983-01-04;-2.99;0.35;3.7;-0.01;7.099;2.3;72.32
1983-01-05;-4.1;-0.51;3.08;-0.01;7.199;1.18;67.24
1983-01-06;-4.09;-0.7;2.68;-0.01;7.401;1.3;68.51
1983-01-07;-4.71;-1.22;2.28;-0.01;6.299;0.79;72.6
1983-01-08;-2.44;-0.12;2.2;4.25;2.847;0.45;85.98
1983-01-09;-2.7;-0.01;2.69;-0.01;3.501;1.49;78.27
1983-01-10;-3.3;-0.25;2.8;5.31;8.3;1.6;68.97
1983-01-11;-1.05;1.54;4.13;7.42;4.329;2.2;75.65
1983-01-12;-3.21;-1.46;0.29;0.0;8.4;2.29;64.13
1983-01-13;-3.82;-1.15;1.51;6.82;4.399;2.5;74.37
1983-01-14;-4.2;-3.16;-2.11;-0.01;4.289;5.13;63.7
1983-01-15;-5.1;-3.32;-1.54;-0.01;8.398;4.0;51.07
1983-01-16;-6.51;-2.51;1.49;-0.01;9.003;1.69;54.53
1983-01-17;-5.5;-1.4;2.7;-0.01;9.0;0.6;54.29
1983-01-18;-6.11;-1.6;2.91;-0.01;8.895;0.58;63.16
1983-01-19;-0.9;1.8;4.5;-0.01;3.982;0.69;74.14
1983-01-20;-0.39;2.98;6.34;0.01;9.212;0.88;70.24
1983-01-21;-1.59;1.67;4.92;-0.01;2.984;1.6;77.93
1983-01-22;-2.88;0.46;3.79;0.0;3.101;0.4;74.61
1983-01-23;-3.1;0.45;4.0;-0.01;9.092;1.07;63.33
1983-01-24;-2.27;0.57;3.41;14.67;3.073;3.52;80.65
1983-01-25;-2.89;0.4;3.68;0.01;4.697;1.6;75.39
1983-01-26;-5.2;-2.21;0.79;-0.01;8.7;3.53;50.56
1983-01-27;-5.8;-1.45;2.89;-0.01;10.027;0.79;41.62
1983-01-28;-2.9;0.65;4.2;0.01;5.498;1.89;56.63
1983-01-29;-4.0;-0.68;2.65;-0.01;9.926;2.2;57.87
1983-01-30;-4.4;-0.36;3.68;-0.01;10.109;0.55;60.76
1983-01-31;-5.1;-0.65;3.8;-0.01;10.128;0.39;54.73
1983-02-01;-4.63;-0.0;4.62;-0.01;10.099;1.0;54.65
1983-02-02;-0.47;4.74;9.95;-0.01;6.263;2.44;61.06
1983-02-03;2.84;6.88;10.91;-0.01;4.49;2.8;68.06
1983-02-04;2.99;6.31;9.63;6.62;2.575;1.7;79.05
1983-02-05;2.6;7.5;12.4;0.01;6.934;2.54;60.33
1983-02-06;0.4;5.62;10.83;-0.01;11.022;2.4;53.35
1983-02-07;-2.21;1.65;5.5;0.0;9.302;0.69;55.07
1983-02-08;-0.8;1.83;4.47;2.63;4.17;2.2;71.68
1983-02-09;-4.92;-1.71;1.51;-0.01;7.982;3.66;48.61
1983-02-10;-6.02;-3.02;-0.03;-0.01;11.698;1.2;43.82
1983-02-11;-6.21;-2.51;1.19;-0.01;11.198;0.36;43.91
1983-02-12;-4.5;-0.66;3.18;0.0;8.685;0.39;55.29
1983-02-13;-5.01;-2.15;0.7;-0.01;7.647;2.3;56.42
1983-02-14;-4.51;-2.25;0.01;0.8;9.194;3.21;52.21
1983-02-15;-4.94;-1.97;1.0;0.0;12.302;3.51;43.11
1983-02-16;-5.8;-2.8;0.2;-0.01;12.725;3.1;33.56
1983-02-17;-4.81;-2.87;-0.93;0.29;9.15;1.4;47.7
1983-02-18;-6.54;-4.28;-2.01;0.0;14.412;1.59;35.71
1983-02-19;-7.52;-4.07;-0.62;-0.01;13.8;1.58;22.17
1983-02-20;-5.79;-1.3;3.19;-0.01;8.357;2.1;42.19
1983-02-21;-2.8;1.05;4.9;-0.01;7.601;1.69;61.61
1983-02-22;-3.66;1.19;6.05;-0.01;13.3;0.9;52.23
1983-02-23;-2.5;1.23;4.97;-0.01;10.301;2.1;57.8
1983-02-24;-4.43;-0.81;2.8;-0.01;10.701;2.31;48.99
1983-02-25;-5.62;-2.23;1.17;-0.01;14.901;1.39;25.93
1983-02-26;-5.85;-1.58;2.69;-0.01;15.106;0.9;24.05
1983-02-27;-3.4;1.2;5.8;-0.01;9.041;2.2;53.63
1983-02-28;-0.81;2.75;6.3;0.0;6.631;2.0;61.14
1983-03-01;-2.99;1.41;5.81;-0.01;15.116;1.0;51.09
1983-03-02;-3.0;2.1;7.2;-0.01;15.295;0.59;46.92
1983-03-03;-2.49;3.13;8.76;-0.01;15.809;0.18;45.1
1983-03-04;-2.12;3.94;10.0;0.0;16.203;0.69;47.67
1983-03-05;-0.19;5.73;11.64;-0.01;15.403;0.89;46.61
1983-03-06;0.13;6.09;12.05;0.01;7.358;1.9;57.43
1983-03-07;3.91;7.66;11.4;3.29;6.7;3.51;73.95
1983-03-08;5.56;9.78;14.0;1.89;10.615;3.62;54.44
1983-03-09;3.41;6.3;9.19;18.99;7.486;2.9;75.21
1983-03-10;1.81;3.14;4.47;2.5;5.941;3.62;74.65
1983-03-11;0.3;3.38;6.47;0.0;11.399;2.5;53.64
1983-03-12;-0.48;3.14;6.76;0.0;11.129;2.3;52.97
1983-03-13;2.11;4.75;7.4;0.0;6.614;2.2;61.37
1983-03-14;3.02;5.61;8.2;0.0;6.394;1.5;64.1
1983-03-15;1.81;5.56;9.3;-0.02;11.0;2.01;56.85
1983-03-16;1.91;6.3;10.69;-0.01;11.101;2.4;48.79
1983-03-17;-0.9;4.26;9.42;-0.01;18.233;1.5;39.21
1983-03-18;1.71;5.21;8.7;-0.01;11.273;1.1;46.15
1983-03-19;1.4;5.63;9.85;-0.01;16.64;0.9;43.52
1983-03-20;0.36;6.63;12.9;-0.01;19.02;1.72;37.71
1983-03-21;-0.4;6.55;13.5;-0.01;19.435;1.08;34.48
1983-03-22;-2.0;6.1;14.2;1.6;20.312;0.9;37.08
1983-03-23;4.49;6.99;9.49;10.69;12.216;2.0;70.78
1983-03-24;2.51;5.8;9.1;2.51;2.426;0.7;64.26
1983-03-25;2.01;7.12;12.23;0.0;16.24;2.1;42.65
1983-03-26;-0.13;5.08;10.29;-0.01;18.721;1.09;37.72
1983-03-27;-1.2;4.97;11.13;-0.01;17.041;0.48;40.82
1983-03-28;1.0;7.0;12.99;1.21;12.575;1.19;49.18
1983-03-29;3.11;8.53;13.95;0.91;12.911;0.6;49.92
1983-03-30;3.74;9.12;14.49;0.0;13.694;1.4;44.37
1983-03-31;5.5;9.61;13.71;-0.01;13.291;1.8;46.43
1983-04-01;3.6;8.48;13.36;-0.01;14.54;1.6;43.13
1983-04-02;3.6;8.0;12.4;-0.01;13.281;2.72;49.3
1983-04-03;-0.81;4.09;9.0;-0.01;21.305;2.8;24.48
1983-04-04;1.0;4.99;8.97;-0.01;16.102;2.8;37.6
1983-04-05;-1.02;4.69;10.4;-0.01;21.031;1.9;38.82
1983-04-06;4.01;9.16;14.3;-0.01;12.903;1.9;48.62
1983-04-07;4.5;10.15;15.8;-0.01;12.317;1.1;48.15
1983-04-08;4.0;10.26;16.51;1.0;19.792;2.6;44.34
1983-04-09;7.38;9.84;12.3;10.36;4.811;5.46;73.84
1983-04-10;6.31;10.21;14.1;11.9;7.657;3.01;73.92
1983-04-11;3.4;8.04;12.67;-0.01;16.249;1.2;48.3
1983-04-12;1.09;5.58;10.08;2.34;8.885;0.9;58.27
1983-04-13;1.47;5.37;9.26;2.59;3.802;0.6;61.41
1983-04-14;3.5;7.95;12.39;-0.01;17.601;1.69;43.91
1983-04-15;3.6;8.97;14.35;-0.01;22.714;1.29;39.84
1983-04-16;4.41;7.8;11.19;4.17;9.351;1.19;58.36
1983-04-17;2.6;6.39;10.19;0.79;11.864;2.6;49.78
1983-04-18;1.6;5.84;10.09;1.38;11.098;2.3;55.42
1983-04-19;3.7;6.85;10.0;1.99;8.2;2.71;64.08
1983-04-20;2.47;7.43;12.39;3.6;14.288;1.6;53.86
1983-04-21;5.6;8.14;10.69;1.19;10.358;1.91;64.73
1983-04-22;4.19;6.03;7.87;-0.02;11.736;1.29;57.93
1983-04-23;4.4;6.89;9.38;7.85;10.745;1.7;65.38
1983-04-24;3.29;8.19;13.08;2.54;23.198;0.37;45.11
1983-04-25;7.7;8.72;9.75;42.68;6.033;1.7;79.5
1983-04-26;8.62;9.99;11.36;13.55;4.775;1.2;75.42
1983-04-27;7.02;8.36;9.69;5.38;7.886;2.0;74.3
1983-04-28;6.2;7.88;9.56;2.51;7.895;1.7;68.21
1983-04-29;4.2;8.39;12.58;0.0;13.997;1.09;51.24
1983-04-30;2.8;9.79;16.79;-0.01;25.236;1.31;39.17
1983-05-01;5.61;10.26;14.9;1.22;14.704;0.97;57.17
1983-05-02;3.28;10.44;17.59;-0.01;25.514;0.69;34.67
1983-05-03;2.36;10.38;18.39;-0.01;20.611;0.29;44.45
1983-05-04;8.8;13.65;18.5;-0.01;18.439;0.78;45.23
1983-05-05;6.1;12.45;18.8;-0.01;25.342;1.0;38.52
1983-05-06;3.78;10.69;17.6;-0.01;22.005;0.7;42.18
1983-05-07;7.5;12.77;18.03;-0.01;17.095;1.26;45.82
1983-05-08;8.3;13.35;18.39;-0.01;20.793;1.1;45.17
1983-05-09;7.32;12.82;18.33;-0.01;19.0;0.99;45.4
1983-05-10;7.99;13.59;19.2;1.89;18.562;0.8;49.79
1983-05-11;8.99;11.39;13.8;11.12;7.533;1.7;70.95
1983-05-12;5.5;9.64;13.78;1.38;17.395;2.91;52.75
1983-05-13;3.01;4.67;6.34;2.97;19.179;4.4;57.3
1983-05-14;5.3;7.28;9.25;1.49;12.785;4.6;58.19
1983-05-15;3.46;7.72;11.98;0.0;22.503;2.3;39.59
1983-05-16;3.88;8.53;13.18;0.93;18.349;1.7;49.02
1983-05-17;5.49;10.18;14.87;-0.01;20.601;1.2;48.33
1983-05-18;5.3;9.14;12.99;2.0;17.297;0.89;52.35
1983-05-19;7.09;9.28;11.47;14.44;12.111;1.7;72.07
1983-05-20;8.4;10.59;12.78;2.9;11.597;1.7;66.87
1983-05-21;7.7;10.76;13.81;10.29;14.706;1.7;65.19
1983-05-22;9.0;13.39;17.78;1.81;19.747;0.29;54.23
1983-05-23;8.49;14.49;20.49;0.0;21.46;1.4;45.3
1983-05-24;10.39;14.88;19.36;1.19;11.943;1.0;53.06
1983-05-25;13.92;18.27;22.62;12.13;12.281;0.29;58.93
1983-05-26;13.2;17.95;22.7;1.83;19.193;1.19;53.14
1983-05-27;12.51;17.42;22.33;1.19;14.229;1.71;51.14
1983-05-28;10.5;16.34;22.19;7.79;10.478;0.9;57.74
1983-05-29;9.5;16.41;23.31;1.09;22.732;-0.12;47.34
1983-05-30;12.41;17.66;22.9;4.4;19.997;0.49;51.45
1983-05-31;12.51;17.31;22.11;3.49;19.284;0.69;54.27
1983-06-01;11.8;17.01;22.21;7.33;13.622;0.8;56.24
1983-06-02;13.92;18.11;22.3;4.63;11.698;2.31;56.47
1983-06-03;13.73;16.7;19.67;13.21;6.88;2.31;68.24
1983-06-04;14.76;18.62;22.48;14.41;11.185;1.2;60.99
1983-06-05;13.92;18.7;23.49;0.7;20.327;1.0;52.94
1983-06-06;13.8;18.91;24.01;0.7;22.909;1.09;50.03
1983-06-07;13.32;19.27;25.23;2.99;24.197;0.38;50.32
1983-06-08;15.28;20.59;25.9;0.63;24.994;1.0;46.67
1983-06-09;14.0;19.15;24.3;0.7;23.909;1.69;42.58
1983-06-10;14.34;18.23;22.11;1.43;17.034;1.81;56.42
1983-06-11;13.71;17.45;21.18;0.8;21.8;0.49;55.13
1983-06-12;11.2;16.88;22.55;0.9;15.861;0.69;47.25
1983-06-13;14.32;18.55;22.79;0.9;19.055;1.4;52.48
1983-06-14;14.12;18.46;22.81;1.1;22.207;2.03;52.32
1983-06-15;12.99;18.36;23.74;0.83;26.008;2.21;44.18
1983-06-16;11.89;16.93;21.97;3.61;16.926;2.04;49.19
1983-06-17;8.85;15.82;22.8;0.8;29.604;0.37;38.0
1983-06-18;11.06;17.52;23.98;0.9;28.102;0.7;37.13
1983-06-19;10.1;17.1;24.1;0.8;22.372;0.7;42.43
1983-06-20;10.99;17.55;24.1;0.8;31.429;1.59;38.26
1983-06-21;12.34;17.26;22.17;0.7;30.402;1.07;34.49
1983-06-22;9.79;16.2;22.6;0.7;31.101;1.3;24.74
1983-06-23;8.89;17.14;25.39;0.7;31.407;0.8;22.16
1983-06-24;15.19;20.64;26.1;1.41;19.552;1.5;28.61
1983-06-25;13.19;18.84;24.5;0.5;29.699;2.1;33.31
1983-06-26;11.5;18.75;26.0;0.05;30.209;1.8;21.05
1983-06-27;13.21;21.86;30.51;0.2;26.402;1.1;18.48
1983-06-28;18.51;24.61;30.7;1.2;17.927;1.4;22.18
1983-06-29;15.1;21.55;28.0;0.42;23.273;1.7;25.6
1983-06-30;15.4;20.05;24.7;0.6;30.314;2.62;25.74
1983-07-01;12.1;18.41;24.71;0.7;29.314;1.4;23.41
1983-07-02;7.99;18.01;28.03;0.3;27.999;0.5;18.26
1983-07-03;14.1;22.29;30.48;0.2;26.999;1.1;16.36
1983-07-04;14.7;22.66;30.61;0.0;23.361;0.99;17.96
1983-07-05;16.7;22.9;29.1;0.0;27.602;0.8;18.39
1983-07-06;16.8;22.59;28.39;0.0;29.423;2.71;14.98
1983-07-07;13.18;17.62;22.06;0.0;30.207;2.93;22.65
1983-07-08;10.8;18.14;25.49;0.0;27.901;1.7;17.09
1983-07-09;12.8;20.9;29.0;0.0;24.29;0.9;17.29
1983-07-10;15.0;23.55;32.11;0.0;20.901;0.9;15.54
1983-07-11;19.21;24.82;30.43;0.0;26.133;1.9;19.71
1983-07-12;14.5;21.6;28.7;0.0;28.403;1.1;13.68
1983-07-13;10.79;20.8;30.82;0.0;26.398;0.39;14.99
1983-07-14;13.6;22.75;31.9;0.0;26.998;0.3;13.27
1983-07-15;15.19;24.48;33.78;0.05;23.501;1.2;12.28
1983-07-16;15.3;20.5;25.69;0.2;27.703;2.7;17.09
1983-07-17;12.28;19.14;26.0;0.22;27.404;1.0;14.87
1983-07-18;15.6;22.0;28.4;0.3;26.156;1.0;17.3
1983-07-19;13.86;22.24;30.62;0.3;26.304;0.29;15.95
1983-07-20;18.94;25.77;32.6;0.42;26.405;1.8;14.39
1983-07-21;19.22;25.71;32.21;0.52;26.109;1.6;14.8
1983-07-22;14.86;23.08;31.3;0.62;26.903;1.3;13.51
1983-07-23;11.6;21.21;30.83;0.62;28.299;1.1;10.19
1983-07-24;11.39;21.05;30.7;0.7;27.021;0.29;9.77
1983-07-25;13.29;21.4;29.51;1.8;21.446;1.01;16.1
1983-07-26;17.21;21.93;26.64;0.92;21.165;2.3;24.94
1983-07-27;13.19;20.89;28.6;1.12;25.707;0.29;17.35
1983-07-28;14.81;21.26;27.71;1.2;26.298;0.5;16.59
1983-07-29;15.5;21.75;28.0;1.2;25.899;0.9;21.04
1983-07-30;13.78;22.54;31.3;1.2;25.701;0.99;15.45
1983-07-31;14.7;23.45;32.2;1.2;26.201;0.7;12.27
1983-08-01;14.4;22.91;31.41;1.2;26.215;0.9;13.18
1983-08-02;16.41;21.36;26.3;2.53;26.203;1.8;26.7
1983-08-03;17.23;19.7;22.17;1.4;16.379;4.35;56.28
1983-08-04;14.7;19.37;24.04;1.6;25.707;2.22;22.32
1983-08-05;12.5;19.4;26.3;1.7;25.7;0.9;15.0
1983-08-06;13.21;21.27;29.34;1.8;25.097;0.19;15.5
1983-08-07;14.7;22.9;31.1;1.8;24.299;0.48;13.67
1983-08-08;14.5;22.85;31.2;1.9;24.099;0.38;14.07
1983-08-09;14.98;23.2;31.41;2.3;24.202;0.7;11.76
1983-08-10;13.37;22.27;31.16;2.3;24.12;0.8;12.4
1983-08-11;15.81;22.41;29.01;15.91;17.677;0.8;26.13
1983-08-12;16.51;21.86;27.2;4.87;22.45;1.8;40.56
1983-08-13;14.2;20.63;27.07;1.81;23.902;1.6;21.21
1983-08-14;13.19;20.0;26.8;1.7;23.801;1.0;18.5
1983-08-15;11.55;19.38;27.21;1.6;17.182;0.7;22.79
1983-08-16;16.12;19.65;23.17;6.87;14.971;0.5;55.95
1983-08-17;15.2;21.45;27.69;1.23;21.494;1.2;31.84
1983-08-18;16.1;23.01;29.91;1.2;23.116;1.3;18.29
1983-08-19;15.9;22.7;29.49;1.94;15.148;2.03;22.25
1983-08-20;13.69;18.38;23.06;1.2;16.475;2.5;41.94
1983-08-21;15.2;20.45;25.69;2.31;17.111;1.9;36.82
1983-08-22;15.1;19.75;24.4;5.9;2.502;1.0;47.81
1983-08-23;13.91;18.3;22.7;8.2;11.121;0.7;55.27
1983-08-24;12.8;18.3;23.79;5.01;16.394;0.5;47.57
1983-08-25;14.09;17.75;21.41;5.13;9.886;0.4;59.94
1983-08-26;12.31;17.65;22.99;0.9;21.593;1.6;28.74
1983-08-27;12.8;17.44;22.07;0.9;21.0;1.9;37.15
1983-08-28;12.0;17.33;22.66;0.8;15.311;1.35;38.06
1983-08-29;12.18;17.89;23.6;0.8;20.901;1.09;35.31
1983-08-30;11.7;16.91;22.13;2.29;11.161;2.21;41.49
1983-08-31;8.68;15.19;21.7;0.7;21.328;1.5;21.46
1983-09-01;9.4;15.93;22.46;0.0;20.994;0.9;24.98
1983-09-02;10.7;16.82;22.95;1.19;17.404;1.0;30.05
1983-09-03;11.2;17.59;23.99;0.0;20.7;0.7;27.16
1983-09-04;11.69;17.21;22.74;0.0;20.699;1.1;25.88
1983-09-05;12.29;17.07;21.86;0.0;20.506;2.11;27.93
1983-09-06;10.58;15.57;20.57;2.34;17.499;1.29;32.97
1983-09-07;9.98;14.53;19.08;4.93;10.327;0.59;52.67
1983-09-08;10.89;15.36;19.83;1.2;15.306;1.61;46.27
1983-09-09;11.6;16.05;20.5;0.0;11.066;1.2;44.82
1983-09-10;11.4;17.54;23.68;0.0;15.236;0.8;29.75
1983-09-11;13.21;17.26;21.31;1.9;7.773;1.71;53.16
1983-09-12;8.31;12.07;15.84;0.0;9.805;2.3;49.29
1983-09-13;6.16;11.76;17.35;0.0;20.297;2.1;25.7
1983-09-14;8.19;14.73;21.28;0.0;18.304;1.5;26.29
1983-09-15;10.29;16.64;23.0;0.0;14.399;1.0;30.23
1983-09-16;12.1;19.25;26.4;0.0;14.793;1.91;26.39
1983-09-17;12.29;17.0;21.72;0.82;8.445;1.83;39.34
1983-09-18;9.6;14.49;19.38;0.0;17.005;2.2;27.59
1983-09-19;7.37;12.19;17.0;0.0;18.393;2.1;25.09
1983-09-20;6.28;13.54;20.8;0.0;18.026;0.9;20.31
1983-09-21;7.18;15.45;23.71;0.0;17.599;1.9;22.62
1983-09-22;13.2;18.71;24.23;0.0;14.399;1.61;28.3
1983-09-23;11.11;17.77;24.43;0.0;17.404;1.71;22.98
1983-09-24;10.7;16.5;22.31;0.0;10.869;1.1;31.38
1983-09-25;10.01;15.41;20.8;-0.01;14.748;1.6;27.11
1983-09-26;12.35;17.38;22.4;-0.01;16.502;2.5;24.86
1983-09-27;10.81;16.21;21.61;-0.01;10.565;1.7;29.51
1983-09-28;13.41;17.01;20.6;0.01;4.269;2.1;60.75
1983-09-29;14.53;20.83;27.13;-0.01;16.419;2.0;26.35
1983-09-30;14.2;20.86;27.51;-0.01;15.21;2.11;22.66
1983-10-01;13.4;20.66;27.93;-0.01;15.294;1.0;22.73
1983-10-02;11.81;20.77;29.72;-0.01;15.001;1.09;18.99
1983-10-03;11.71;19.04;26.36;-0.01;15.599;0.7;20.11
1983-10-04;8.2;17.2;26.2;-0.01;14.701;0.6;21.62
1983-10-05;8.8;17.59;26.39;-0.01;15.004;0.7;21.29
1983-10-06;13.22;20.22;27.22;-0.01;13.605;2.21;23.33
1983-10-07;12.94;18.74;24.54;1.51;7.421;2.91;29.15
1983-10-08;8.35;13.02;17.68;-0.01;11.6;2.0;32.16
1983-10-09;8.1;12.75;17.39;-0.01;12.11;1.41;31.73
1983-10-10;11.4;14.75;18.09;0.47;13.512;3.04;37.52
1983-10-11;7.3;11.54;15.79;-0.01;12.201;2.31;31.71
1983-10-12;7.09;11.54;16.0;0.0;6.731;2.0;37.45
1983-10-13;7.3;11.45;15.59;-0.01;9.355;1.71;32.47
1983-10-14;8.2;9.63;11.06;0.01;5.28;1.3;44.23
1983-10-15;4.99;9.23;13.48;-0.01;13.387;1.3;27.9
1983-10-16;6.1;10.3;14.5;0.61;1.94;2.61;54.9
1983-10-17;12.65;15.73;18.8;4.21;4.874;2.5;58.85
1983-10-18;12.86;18.8;24.74;-0.01;13.522;2.19;31.87
1983-10-19;13.28;18.82;24.36;5.06;11.183;2.31;36.66
1983-10-20;11.31;15.05;18.8;2.61;4.092;2.3;68.11
1983-10-21;6.9;10.35;13.8;8.61;3.197;1.6;77.15
1983-10-22;6.09;8.63;11.18;11.14;3.881;0.9;79.21
1983-10-23;10.41;10.85;11.29;12.81;1.618;1.89;85.71
1983-10-24;8.72;12.51;16.3;0.97;5.081;1.3;63.83
1983-10-25;7.73;11.94;16.15;-0.01;10.605;0.99;51.76
1983-10-26;7.7;9.38;11.07;2.56;1.516;2.01;73.64
1983-10-27;6.02;6.17;6.32;8.78;1.617;1.92;81.19
1983-10-28;4.35;7.31;10.27;-0.01;9.799;1.6;47.15
1983-10-29;7.35;9.32;11.29;4.8;2.586;1.93;74.41
1983-10-30;5.94;8.66;11.38;2.54;6.896;1.61;60.85
1983-10-31;5.09;7.84;10.59;0.0;5.856;1.2;51.46
1983-11-01;4.41;7.83;11.26;1.4;2.741;1.8;65.09
1983-11-02;3.1;7.0;10.89;0.0;11.309;1.5;38.92
1983-11-03;4.3;7.96;11.61;-0.01;4.26;1.81;49.74
1983-11-04;1.58;5.72;9.86;0.0;10.599;1.39;33.96
1983-11-05;2.2;6.89;11.58;0.0;11.311;1.61;32.15
1983-11-06;2.64;7.0;11.37;0.0;10.003;1.3;42.0
1983-11-07;3.07;7.41;11.75;0.0;9.902;1.1;45.8
1983-11-08;1.9;6.7;11.49;0.0;9.101;1.0;44.38
1983-11-09;1.29;5.99;10.69;0.0;9.197;0.89;44.2
1983-11-10;0.7;5.3;9.91;0.0;9.799;1.2;40.38
1983-11-11;1.19;5.38;9.56;0.0;8.931;1.9;47.75
1983-11-12;2.9;5.65;8.4;0.0;4.099;3.15;59.05
1983-11-13;0.69;3.24;5.79;0.0;5.786;2.6;46.64
1983-11-14;-3.61;-0.56;2.49;0.0;9.401;2.2;33.82
1983-11-15;-4.22;0.28;4.78;0.0;9.003;1.5;25.71
1983-11-16;0.29;3.04;5.79;0.0;3.595;2.81;72.94
1983-11-17;-2.74;-0.03;2.68;0.0;9.209;2.19;44.79
1983-11-18;-4.61;-2.11;0.39;-0.01;8.595;1.9;40.37
1983-11-19;-5.84;-2.94;-0.04;-0.01;8.709;1.19;42.55
1983-11-20;-6.24;-2.21;1.81;-0.01;8.537;0.8;52.21
1983-11-21;-5.0;-1.56;1.89;-0.01;9.406;0.79;61.3
1983-11-22;-5.21;-2.63;-0.04;-0.01;8.698;2.2;44.7
1983-11-23;-5.43;-3.21;-1.0;-0.01;6.998;2.21;46.86
1983-11-24;-6.96;-3.92;-0.89;-0.01;8.602;0.69;40.74
1983-11-25;-6.91;-2.44;2.04;-0.01;9.203;1.61;44.21
1983-11-26;-1.24;3.68;8.61;1.72;6.0;3.61;60.06
1983-11-27;4.31;7.21;10.11;16.31;3.95;2.2;76.63
1983-11-28;0.71;4.56;8.41;1.65;5.166;1.91;59.05
1983-11-29;-8.13;-4.52;-0.9;1.18;6.344;3.2;34.54
1983-11-30;-9.65;-7.3;-4.95;-0.01;8.803;1.27;24.11
1983-12-01;-11.5;-6.51;-1.53;1.97;8.807;0.8;32.14
1983-12-02;-3.91;-1.96;0.0;42.31;1.249;2.73;86.17
1983-12-03;0.9;1.25;1.6;14.63;2.685;2.29;95.28
1983-12-04;0.0;0.85;1.7;5.28;0.662;2.71;94.19
1983-12-05;-0.3;0.49;1.28;1.64;0.797;2.0;89.56
1983-12-06;0.33;1.15;1.97;4.98;1.586;1.9;87.15
1983-12-07;-0.2;0.65;1.49;5.97;1.315;2.0;88.02
1983-12-08;-0.8;1.01;2.82;-0.01;5.797;1.7;68.14
1983-12-09;-2.46;-0.11;2.24;-0.01;3.975;1.0;75.44
1983-12-10;-2.75;0.28;3.32;0.0;3.293;0.59;72.59
1983-12-11;-3.92;-0.75;2.41;-0.01;7.099;2.1;35.63
1983-12-12;-2.4;1.01;4.43;-0.01;6.34;2.41;30.26
1983-12-13;-2.4;1.7;5.8;-0.01;7.002;1.6;32.48
1983-12-14;-3.24;0.4;4.05;-0.01;7.7;1.58;41.37
1983-12-15;-1.4;2.46;6.31;0.39;5.198;2.54;61.41
1983-12-16;0.93;4.71;8.5;2.4;4.101;2.7;67.03
1983-12-17;-3.1;-1.45;0.21;12.68;3.895;2.1;76.47
1983-12-18;-7.7;-4.25;-0.8;5.96;3.55;2.5;79.19
1983-12-19;-12.61;-9.52;-6.43;2.52;4.099;4.75;75.16
1983-12-20;-13.59;-9.79;-5.99;-0.01;9.237;4.54;67.95
1983-12-21;-17.72;-12.12;-6.52;-0.01;7.343;3.0;64.4
1983-12-22;-19.63;-16.13;-12.62;-0.01;8.904;2.0;50.56
1983-12-23;-15.65;-11.45;-7.25;-0.01;7.602;2.3;39.75
1983-12-24;-11.41;-8.16;-4.91;-0.01;7.504;2.41;61.1
1983-12-25;-12.13;-8.89;-5.66;-0.01;7.899;2.0;74.67
1983-12-26;-15.1;-10.57;-6.05;-0.01;6.9;1.3;74.72
1983-12-27;-15.4;-10.98;-6.57;-0.01;6.503;0.28;72.5
1983-12-28;-11.22;-7.63;-4.05;-0.01;6.999;1.8;74.77
1983-12-29;-8.29;-4.99;-1.7;-0.01;10.068;1.59;74.54
1983-12-30;-7.5;-4.76;-2.03;5.22;5.399;0.89;88.09
1983-12-31;-13.64;-8.83;-4.02;0.92;9.209;2.4;63.31
1984-01-01;-11.51;-6.43;-1.36;1.48;6.096;1.6;73.65
1984-01-02;-8.51;-4.25;0.02;2.2;6.596;2.41;78.54
1984-01-03;-10.61;-6.6;-2.6;-0.01;7.201;2.31;65.78
1984-01-04;-9.63;-7.18;-4.72;-0.01;5.899;3.61;72.63
1984-01-05;-10.63;-6.79;-2.95;-0.01;9.028;3.31;63.5
1984-01-06;-2.3;-0.71;0.88;-0.01;7.0;3.61;79.05
1984-01-07;-2.5;-0.4;1.7;0.0;6.996;2.6;78.44
1984-01-08;-6.4;-3.76;-1.11;-0.01;8.302;3.4;67.82
1984-01-09;-8.36;-5.23;-2.1;-0.01;6.0;3.2;69.06
1984-01-10;-5.5;-2.48;0.54;-0.01;7.096;2.9;74.32
1984-01-11;-7.82;-3.51;0.8;-0.01;8.451;1.7;64.67
1984-01-12;-5.31;-1.86;1.58;-0.01;7.001;2.1;69.18
1984-01-13;-3.79;-1.4;1.0;-0.01;4.333;1.09;79.39
1984-01-14;-4.69;-1.21;2.28;-0.01;5.443;1.8;76.45
1984-01-15;-2.1;-0.26;1.59;0.0;8.395;3.1;67.23
1984-01-16;-1.49;1.12;3.72;-0.01;3.877;3.21;71.69
1984-01-17;-3.41;-1.82;-0.23;-0.01;9.503;3.41;47.57
1984-01-18;-7.29;-5.0;-2.71;-0.01;7.205;3.5;56.0
1984-01-19;-8.25;-4.03;0.19;-0.01;9.199;3.13;58.54
1984-01-20;-5.9;-3.79;-1.69;0.0;5.672;4.46;60.89
1984-01-21;-8.03;-5.99;-3.95;-0.01;5.695;4.22;58.57
1984-01-22;-9.8;-6.61;-3.42;0.0;9.3;3.6;52.18
1984-01-23;-3.11;-0.75;1.6;-0.01;5.715;3.8;68.74
1984-01-24;-7.84;-5.04;-2.24;-0.01;9.431;4.51;54.4
1984-01-25;-8.93;-5.71;-2.5;-0.01;9.512;2.99;40.56
1984-01-26;-5.4;-1.9;1.61;-0.01;9.417;2.2;60.08
1984-01-27;-5.1;-1.24;2.62;-0.01;10.001;2.0;57.52
1984-01-28;-4.8;-1.3;2.2;-0.01;9.317;1.7;63.6
1984-01-29;-2.8;0.25;3.3;0.58;4.981;1.9;68.97
1984-01-30;-5.41;-2.46;0.49;-0.01;10.303;2.2;56.4
1984-01-31;-5.5;-1.41;2.69;-0.01;10.816;1.6;45.55
1984-02-01;-6.7;-2.58;1.55;1.2;10.717;2.0;59.35
1984-02-02;-8.0;-5.43;-2.86;3.32;8.202;4.12;54.98
1984-02-03;-10.04;-7.13;-4.21;-0.01;10.695;3.4;49.4
1984-02-04;-10.27;-4.55;1.16;0.0;6.648;2.09;48.95
1984-02-05;-8.61;-3.51;1.58;-0.01;10.511;0.8;53.17
1984-02-06;-7.81;-2.96;1.89;-0.01;10.7;0.59;56.71
1984-02-07;-7.32;-2.73;1.87;-0.01;10.696;0.69;58.19
1984-02-08;-7.31;-2.26;2.78;-0.01;11.006;1.19;53.67
1984-02-09;-6.01;-1.7;2.61;-0.01;9.091;2.2;60.45
1984-02-10;-4.5;-1.03;2.43;-0.01;8.193;2.3;64.61
1984-02-11;-6.21;-2.52;1.18;-0.01;11.597;2.0;50.53
1984-02-12;-7.42;-3.26;0.9;-0.01;11.824;1.71;48.9
1984-02-13;-7.13;-3.02;1.09;-0.01;10.446;1.38;56.59
1984-02-14;-7.01;-3.21;0.59;-0.02;11.0;1.49;56.82
1984-02-15;-5.62;-3.87;-2.11;19.3;6.085;3.32;72.92
1984-02-16;-6.07;-3.49;-0.91;12.86;4.615;3.81;77.81
1984-02-17;-9.92;-5.26;-0.6;0.49;6.363;0.5;77.7
1984-02-18;-12.83;-5.62;1.6;-0.01;12.811;1.6;46.69
1984-02-19;-2.0;0.27;2.55;3.36;8.09;3.01;85.74
1984-02-20;-0.3;0.95;2.21;1.09;4.304;3.6;82.94
1984-02-21;-0.49;1.19;2.86;1.76;7.43;2.6;79.17
1984-02-22;-1.1;-0.25;0.6;15.3;4.394;1.6;89.71
1984-02-23;-1.5;0.54;2.59;2.2;7.287;1.8;82.34
1984-02-24;-7.0;-3.63;-0.25;-0.01;13.3;3.0;57.96
1984-02-25;-7.3;-3.51;0.28;-0.01;14.241;1.6;46.26
1984-02-26;-5.66;-2.75;0.16;2.08;6.124;0.67;76.68
1984-02-27;-0.66;0.77;2.2;3.6;11.064;1.2;82.33
1984-02-28;-5.52;-2.02;1.47;1.8;4.908;0.68;79.82
1984-02-29;-5.58;-0.44;4.69;-0.01;13.205;0.19;60.98
1984-03-01;-4.5;0.04;4.58;-0.01;9.78;0.8;64.37
1984-03-02;-1.6;2.04;5.67;1.5;14.926;2.31;60.46
1984-03-03;0.5;2.75;5.01;3.31;3.631;2.21;76.3
1984-03-04;-0.7;5.66;12.02;-0.01;14.829;0.58;50.2
1984-03-05;-0.3;6.76;13.83;-0.01;16.032;0.7;44.11
1984-03-06;-0.7;6.89;14.47;-0.01;16.217;0.89;40.18
1984-03-07;-0.39;7.73;15.86;-0.01;17.004;0.9;36.91
1984-03-08;-0.79;7.67;16.12;-0.01;17.497;1.1;34.8
1984-03-09;-0.2;8.45;17.1;-0.01;15.594;1.0;33.95
1984-03-10;0.34;8.72;17.11;-0.01;13.042;1.0;39.09
1984-03-11;2.7;10.75;18.81;-0.01;18.407;2.2;38.08
1984-03-12;2.59;9.88;17.18;0.0;11.953;2.5;45.79
1984-03-13;0.8;5.74;10.67;1.16;10.616;1.08;49.47
1984-03-14;1.2;5.25;9.3;2.25;11.746;1.4;51.29
1984-03-15;0.9;4.63;8.36;-0.01;14.901;1.4;51.4
1984-03-16;0.01;5.27;10.54;-0.01;16.805;1.4;43.46
1984-03-17;1.5;5.89;10.29;1.27;14.732;3.31;42.48
1984-03-18;0.4;5.71;11.01;-0.01;13.878;2.61;40.7
1984-03-19;2.9;9.46;16.03;0.0;11.395;1.69;48.76
1984-03-20;2.99;10.64;18.3;-0.01;16.942;1.6;38.8
1984-03-21;4.29;11.59;18.9;-0.01;18.326;1.0;40.67
1984-03-22;3.11;10.91;18.71;-0.01;20.234;1.19;40.82
1984-03-23;6.71;12.11;17.5;-0.01;19.104;2.31;52.53
1984-03-24;6.67;11.23;15.8;10.99;12.6;3.11;59.34
1984-03-25;3.8;7.25;10.7;0.75;9.207;1.9;63.61
1984-03-26;3.13;8.07;13.02;1.09;12.228;1.3;50.8
1984-03-27;3.4;7.59;11.79;0.0;6.089;2.6;56.53
1984-03-28;-0.43;5.58;11.6;-0.01;19.801;1.17;40.65
1984-03-29;-2.73;4.17;11.06;-0.01;20.3;0.27;37.43
1984-03-30;0.9;7.15;13.39;0.0;17.002;0.6;42.46
1984-03-31;2.3;7.96;13.63;-0.01;19.702;1.39;40.65
1984-04-01;0.87;5.19;9.51;5.0;10.72;1.6;64.92
1984-04-02;2.6;5.34;8.08;2.32;6.479;2.72;61.87
1984-04-03;0.5;4.84;9.18;2.29;13.989;2.5;53.69
1984-04-04;3.99;6.5;9.0;6.53;9.303;2.9;61.73
1984-04-05;4.5;6.83;9.16;3.93;7.492;2.4;69.55
1984-04-06;5.41;7.24;9.07;7.44;4.228;1.94;77.1
1984-04-07;6.03;9.54;13.05;1.69;11.136;0.29;62.02
1984-04-08;4.92;8.76;12.6;2.04;7.828;1.6;62.07
1984-04-09;3.19;6.63;10.06;6.71;6.055;2.3;59.69
1984-04-10;1.8;6.29;10.78;5.28;8.281;1.4;58.02
1984-04-11;3.4;7.4;11.39;0.89;10.581;1.9;49.42
1984-04-12;3.06;6.02;8.98;18.79;12.394;1.2;62.32
1984-04-13;0.28;4.52;8.76;4.7;14.999;2.2;49.63
1984-04-14;0.5;4.63;8.77;4.65;20.015;2.2;41.7
1984-04-15;-2.02;3.44;8.9;1.1;15.624;0.8;43.7
1984-04-16;1.0;7.36;13.71;-0.01;20.711;1.5;40.55
1984-04-17;6.43;11.91;17.4;2.52;17.842;3.92;45.94
1984-04-18;4.65;9.57;14.5;0.8;18.603;2.73;44.62
1984-04-19;4.3;8.29;12.28;-0.01;18.306;1.49;46.49
1984-04-20;3.8;8.72;13.65;-0.01;24.799;1.9;40.5
1984-04-21;4.08;8.89;13.7;-0.01;16.873;1.91;44.0
1984-04-22;4.49;10.39;16.29;-0.01;19.639;1.6;41.76
1984-04-23;7.72;13.87;20.01;-0.01;25.345;1.7;36.3
1984-04-24;7.21;13.81;20.41;-0.01;25.011;1.9;28.65
1984-04-25;7.3;14.03;20.75;-0.01;24.712;1.7;36.49
1984-04-26;5.9;13.52;21.15;0.0;14.855;1.1;35.54
1984-04-27;12.27;17.14;22.01;0.79;18.39;3.33;36.27
1984-04-28;8.11;12.87;17.62;-0.01;18.999;2.01;44.59
1984-04-29;6.6;13.0;19.39;-0.01;25.099;1.4;35.54
1984-04-30;7.61;15.17;22.74;-0.01;23.432;1.4;29.56
1984-05-01;9.0;15.06;21.12;-0.01;26.704;1.0;37.9
1984-05-02;7.71;14.26;20.8;-0.01;26.133;1.1;31.48
1984-05-03;7.7;13.51;19.33;-0.01;19.954;1.7;41.76
1984-05-04;4.3;12.25;20.2;-0.01;26.107;1.0;25.9
1984-05-05;9.0;14.71;20.41;0.89;16.008;1.6;42.13
1984-05-06;8.9;12.5;16.1;20.33;12.204;2.2;71.12
1984-05-07;13.03;15.52;18.0;48.07;12.604;1.4;73.69
1984-05-08;9.32;14.03;18.73;-0.01;25.705;0.68;45.98
1984-05-09;6.6;13.54;20.47;0.9;20.778;1.1;42.54
1984-05-10;11.21;15.61;20.0;1.2;15.518;0.77;46.49
1984-05-11;10.8;12.75;14.69;9.47;6.709;0.68;74.29
1984-05-12;8.6;13.29;17.99;-0.01;22.399;1.7;47.35
1984-05-13;6.76;13.16;19.55;4.14;17.504;0.9;48.14
1984-05-14;11.5;12.55;13.6;19.46;4.162;1.26;78.94
1984-05-15;11.22;15.32;19.41;3.38;21.491;1.6;49.82
1984-05-16;9.5;14.45;19.4;-0.01;23.202;1.5;45.18
1984-05-17;11.65;16.22;20.79;-0.01;20.288;2.2;48.93
1984-05-18;11.7;16.35;21.0;-0.01;17.506;1.4;50.78
1984-05-19;10.72;16.98;23.25;1.55;24.126;0.39;45.82
1984-05-20;12.61;17.95;23.3;0.0;25.613;1.0;43.43
1984-05-21;11.8;17.3;22.8;0.0;25.608;1.6;42.19
1984-05-22;11.2;17.3;23.41;0.0;25.402;1.26;38.83
1984-05-23;12.4;18.21;24.01;0.0;22.815;1.5;41.9
1984-05-24;12.3;18.18;24.05;3.99;16.016;0.59;50.67
1984-05-25;10.2;17.38;24.57;0.0;25.0;0.39;39.86
1984-05-26;9.79;17.5;25.22;0.0;25.808;0.28;35.86
1984-05-27;9.61;17.66;25.71;0.0;25.499;0.38;33.2
1984-05-28;10.19;17.92;25.65;0.54;25.111;0.69;33.16
1984-05-29;10.1;17.49;24.88;0.21;26.117;1.1;32.42
1984-05-30;10.3;17.55;24.79;0.0;25.701;1.0;34.25
1984-05-31;7.89;16.21;24.53;0.0;26.803;0.5;28.1
1984-06-01;7.7;16.12;24.54;0.6;28.299;0.5;26.35
1984-06-02;6.77;15.73;24.7;0.7;27.016;0.3;26.9
1984-06-03;8.5;16.0;23.5;0.7;23.798;0.5;34.01
1984-06-04;13.7;18.65;23.6;9.31;15.183;0.9;48.61
1984-06-05;13.9;19.11;24.31;1.4;21.312;2.21;34.96
1984-06-06;11.71;18.46;25.21;0.7;26.818;1.01;28.12
1984-06-07;9.6;17.61;25.61;0.7;27.298;0.68;24.87
1984-06-08;9.0;17.3;25.6;0.63;28.611;1.21;23.07
1984-06-09;12.5;19.2;25.9;0.7;29.602;2.01;22.79
1984-06-10;14.87;21.04;27.2;3.2;21.354;1.83;29.01
1984-06-11;15.09;20.51;25.93;0.8;25.402;2.1;30.84
1984-06-12;13.44;19.52;25.6;6.12;20.726;1.0;37.68
1984-06-13;13.91;20.41;26.91;0.9;29.602;1.6;30.78
1984-06-14;14.87;19.89;24.91;0.9;22.363;1.3;39.64
1984-06-15;15.81;20.25;24.7;6.41;19.697;1.9;43.26
1984-06-16;14.31;19.41;24.5;2.53;22.068;0.8;39.22
1984-06-17;13.6;17.29;20.99;19.66;11.904;1.3;58.93
1984-06-18;12.01;16.85;21.69;0.9;24.598;2.0;40.3
1984-06-19;11.19;16.34;21.48;0.8;20.298;1.4;44.24
1984-06-20;10.8;16.39;21.98;0.8;20.263;0.69;42.82
1984-06-21;10.47;18.19;25.91;0.7;23.988;1.2;25.85
1984-06-22;14.8;19.09;23.37;2.3;22.389;3.21;40.1
1984-06-23;12.8;18.64;24.49;0.7;27.2;1.6;33.26
1984-06-24;11.79;19.84;27.9;1.4;24.906;2.11;24.86
1984-06-25;13.5;19.87;26.24;1.42;21.57;1.9;32.35
1984-06-26;11.9;18.65;25.4;0.05;30.815;2.1;18.48
1984-06-27;13.2;19.3;25.4;0.2;29.814;1.4;20.03
1984-06-28;9.85;18.77;27.69;0.23;23.599;1.0;18.44
1984-06-29;14.7;19.8;24.9;2.31;23.502;1.61;29.95
1984-06-30;12.89;17.68;22.46;1.2;23.18;1.9;24.85
1984-07-01;7.98;16.79;25.6;0.7;28.898;0.69;16.35
1984-07-02;8.99;18.34;27.69;0.3;28.902;1.09;17.2
1984-07-03;15.0;20.23;25.46;0.2;30.599;2.1;21.81
1984-07-04;13.69;18.09;22.5;0.0;25.796;3.34;27.47
1984-07-05;11.26;17.13;23.0;0.0;29.602;2.7;19.85
1984-07-06;12.67;18.66;24.66;0.0;28.299;2.2;23.55
1984-07-07;12.31;20.36;28.41;0.0;27.398;1.1;16.3
1984-07-08;15.31;22.96;30.62;0.9;21.469;2.1;18.66
1984-07-09;17.22;23.91;30.6;0.0;27.299;2.31;18.47
1984-07-10;15.29;23.95;32.6;0.0;27.702;0.79;10.23
1984-07-11;17.42;27.9;38.38;0.0;27.401;1.4;10.81
1984-07-12;18.47;26.14;33.82;0.0;27.6;2.83;12.66
1984-07-13;15.6;22.27;28.93;0.0;29.502;2.5;9.42
1984-07-14;14.81;23.21;31.62;0.0;27.424;0.69;11.3
1984-07-15;18.5;25.66;32.82;0.7;14.979;2.01;13.1
1984-07-16;17.0;23.46;29.93;0.2;26.4;2.1;18.38
1984-07-17;16.21;21.88;27.55;0.22;28.11;2.21;12.79
1984-07-18;14.92;22.11;29.31;0.3;27.399;1.8;12.69
1984-07-19;15.09;22.5;29.91;0.3;26.497;2.3;16.23
1984-07-20;14.19;18.68;23.18;0.42;27.01;2.92;23.5
1984-07-21;12.78;19.64;26.5;0.52;27.1;1.1;16.1
1984-07-22;15.15;22.23;29.3;1.1;26.601;2.1;17.7
1984-07-23;14.7;21.65;28.6;0.62;26.397;1.1;21.07
1984-07-24;14.9;23.5;32.1;0.7;25.798;1.26;14.24
1984-07-25;17.81;23.42;29.04;0.7;26.412;2.32;22.35
1984-07-26;16.73;21.69;26.65;0.92;26.503;2.41;16.78
1984-07-27;13.18;20.27;27.36;1.12;26.615;0.8;12.17
1984-07-28;13.19;21.02;28.85;1.2;26.205;1.0;15.48
1984-07-29;14.1;21.9;29.7;1.2;26.204;1.0;14.37
1984-07-30;13.99;22.5;31.02;1.2;26.206;0.29;11.52
1984-07-31;16.51;23.86;31.2;1.2;26.199;0.7;12.18
1984-08-01;15.04;23.52;32.01;1.2;26.206;0.58;11.47
1984-08-02;14.7;23.67;32.64;1.4;25.806;0.6;11.15
1984-08-03;16.7;25.3;33.9;1.4;26.1;1.5;10.22
1984-08-04;20.6;25.86;31.11;1.6;25.11;2.2;15.2
1984-08-05;17.09;23.7;30.3;1.7;25.224;1.1;11.06
1984-08-06;15.1;22.86;30.62;1.8;25.099;0.8;14.88
1984-08-07;14.39;22.59;30.8;1.8;25.199;0.8;9.51
1984-08-08;12.79;22.05;31.32;1.9;25.198;0.6;6.91
1984-08-09;12.27;21.74;31.22;2.3;25.002;1.0;8.98
1984-08-10;12.79;22.25;31.72;2.3;25.0;1.0;9.66
1984-08-11;15.3;21.69;28.08;3.04;7.98;0.18;25.05
1984-08-12;14.61;19.84;25.07;4.5;11.124;0.7;55.25
1984-08-13;14.6;21.09;27.59;2.29;21.4;1.2;35.18
1984-08-14;16.2;22.66;29.11;1.7;22.204;2.2;25.33
1984-08-15;17.61;24.27;30.92;1.6;22.298;1.41;19.9
1984-08-16;19.28;25.6;31.92;1.41;20.96;0.8;15.49
1984-08-17;17.71;23.45;29.2;3.5;12.859;1.3;39.36
1984-08-18;16.21;23.03;29.85;2.51;17.49;1.1;31.02
1984-08-19;16.72;22.67;28.63;7.13;13.978;1.4;42.8
1984-08-20;16.62;22.92;29.22;1.87;20.498;1.9;27.13
1984-08-21;16.72;23.05;29.39;1.23;21.097;2.74;20.2
1984-08-22;16.5;22.09;27.69;1.2;22.29;2.7;15.38
1984-08-23;14.9;21.22;27.54;1.1;21.302;2.3;12.87
1984-08-24;13.69;19.23;24.77;2.55;11.248;0.9;26.49
1984-08-25;12.26;19.93;27.61;0.9;21.899;1.2;16.56
1984-08-26;14.42;22.29;30.15;0.9;21.798;1.3;9.58
1984-08-27;15.09;23.25;31.41;0.9;21.705;0.89;7.44
1984-08-28;12.07;21.59;31.1;0.8;21.406;0.6;11.05
1984-08-29;16.81;21.77;26.74;4.1;9.176;0.38;37.16
1984-08-30;14.61;21.3;28.0;0.8;20.899;0.8;23.74
1984-08-31;15.0;21.65;28.3;0.7;20.601;1.1;22.01
1984-09-01;13.79;21.95;30.11;0.0;20.707;0.8;15.33
1984-09-02;16.42;23.87;31.31;0.0;20.303;1.6;14.37
1984-09-03;15.72;22.47;29.22;0.0;20.801;1.09;16.47
1984-09-04;15.62;22.39;29.16;0.0;20.736;1.5;15.74
1984-09-05;15.0;21.41;27.81;0.0;20.301;1.9;21.6
1984-09-06;15.61;20.66;25.71;0.0;13.307;2.2;29.92
1984-09-07;15.11;20.95;26.79;0.0;16.799;1.6;26.24
1984-09-08;15.95;20.57;25.2;0.0;16.301;0.39;25.05
1984-09-09;16.63;18.21;19.79;0.0;1.172;0.6;28.85
1984-09-10;12.14;17.93;23.72;0.0;21.391;1.1;16.61
1984-09-11;9.69;16.79;23.88;0.0;19.805;0.59;16.9
1984-09-12;12.01;17.2;22.38;0.0;15.794;1.8;21.3
1984-09-13;13.0;15.82;18.65;1.1;7.09;1.81;22.0
1984-09-14;8.29;14.32;20.35;0.0;19.706;1.91;12.39
1984-09-15;4.03;12.26;20.49;0.0;19.317;1.0;13.49
1984-09-16;3.9;13.0;22.11;0.0;18.847;1.0;15.79
1984-09-17;5.09;13.68;22.26;0.0;18.508;0.9;18.89
1984-09-18;6.17;14.23;22.3;0.0;18.421;1.21;18.88
1984-09-19;7.5;14.61;21.71;0.0;18.309;1.6;20.88
1984-09-20;7.08;14.17;21.26;0.0;20.707;1.1;21.24
1984-09-21;6.36;14.21;22.05;0.0;17.827;0.39;19.59
1984-09-22;9.58;17.05;24.51;0.0;18.51;0.59;15.74
1984-09-23;12.8;18.25;23.7;0.0;8.081;0.6;19.15
1984-09-24;10.3;17.25;24.2;0.0;11.895;1.07;27.23
1984-09-25;13.52;19.32;25.13;0.0;16.7;1.9;21.88
1984-09-26;10.0;16.02;22.04;5.13;9.425;1.9;32.87
1984-09-27;9.91;12.95;15.99;-0.01;10.686;2.21;38.97
1984-09-28;7.92;10.96;13.99;-0.01;9.236;1.44;52.16
1984-09-29;6.1;11.29;16.47;-0.01;15.615;1.6;30.31
1984-09-30;9.5;14.5;19.5;0.0;15.406;1.9;26.75
1984-10-01;8.19;14.18;20.17;-0.01;15.709;1.3;24.19
1984-10-02;7.79;14.2;20.6;-0.01;15.528;1.0;21.7
1984-10-03;7.6;14.62;21.64;-0.01;15.312;0.6;20.1
1984-10-04;7.66;14.99;22.33;-0.01;15.1;0.6;17.94
1984-10-05;6.5;14.79;23.09;-0.01;16.21;0.29;17.49
1984-10-06;9.69;15.41;21.12;-0.01;14.315;1.9;26.23
1984-10-07;8.0;12.85;17.69;0.66;7.362;1.5;39.03
1984-10-08;5.77;8.36;10.94;-0.01;14.397;4.55;34.23
1984-10-09;4.29;7.04;9.79;0.0;12.798;4.66;26.06
1984-10-10;2.56;6.28;9.99;0.0;13.548;2.81;26.37
1984-10-11;0.79;5.19;9.59;0.0;14.438;2.01;21.68
1984-10-12;-2.17;4.36;10.89;0.0;15.005;1.0;20.35
1984-10-13;0.8;5.0;9.2;8.89;3.372;1.0;62.05
1984-10-14;9.5;11.55;13.6;2.47;2.293;0.8;67.06
1984-10-15;7.5;13.14;18.79;0.0;12.144;0.56;35.91
1984-10-16;4.3;11.8;19.31;0.0;12.831;0.24;28.95
1984-10-17;6.5;13.25;20.0;0.0;12.794;0.7;26.78
1984-10-18;6.65;13.14;19.63;0.0;13.493;0.8;27.48
1984-10-19;7.11;13.19;19.27;0.0;11.297;0.9;32.2
1984-10-20;7.74;11.21;14.67;39.92;2.297;1.5;66.88
1984-10-21;7.9;9.5;11.09;1.22;7.686;1.49;63.94
1984-10-22;4.3;7.01;9.72;1.81;9.995;3.04;50.6
1984-10-23;0.8;3.42;6.05;-0.01;12.509;1.19;38.64
1984-10-24;-0.71;1.93;4.57;0.01;8.595;1.09;46.18
1984-10-25;-2.6;1.07;4.73;-0.01;9.052;2.01;41.63
1984-10-26;-0.81;1.93;4.68;0.0;11.619;1.7;46.9
1984-10-27;-2.73;1.03;4.78;0.0;11.626;1.6;41.56
1984-10-28;-2.73;1.16;5.05;0.0;8.999;1.92;48.71
1984-10-29;1.48;4.22;6.97;0.0;9.482;1.79;50.36
1984-10-30;-0.5;3.35;7.2;0.0;11.601;0.9;38.23
1984-10-31;-0.22;5.02;10.27;0.0;10.008;1.51;37.71
1984-11-01;6.44;10.27;14.09;0.0;7.392;2.41;55.14
1984-11-02;4.55;8.74;12.94;0.0;9.307;0.5;55.3
1984-11-03;5.35;10.94;16.53;0.0;10.929;1.2;43.77
1984-11-04;4.1;10.31;16.52;0.0;11.801;0.79;41.08
1984-11-05;2.0;9.39;16.79;0.0;11.604;0.49;34.96
1984-11-06;2.49;9.41;16.34;0.0;10.104;0.29;36.08
1984-11-07;4.6;10.15;15.7;0.0;11.414;1.3;35.86
1984-11-08;1.4;7.45;13.5;0.0;8.403;0.5;40.29
1984-11-09;0.28;6.45;12.62;0.0;8.94;0.36;39.11
1984-11-10;2.5;7.2;11.89;0.0;8.994;1.19;40.41
1984-11-11;3.3;7.25;11.2;0.0;5.886;1.28;49.02
1984-11-12;4.6;8.2;11.8;0.0;6.293;1.09;52.49
1984-11-13;3.8;7.75;11.7;0.0;4.608;0.69;48.62
1984-11-14;0.29;5.72;11.15;0.0;4.475;0.5;47.8
1984-11-15;-1.5;3.5;8.5;0.39;2.697;0.79;62.44
1984-11-16;7.01;8.55;10.1;7.68;1.121;2.7;83.84
1984-11-17;8.02;9.73;11.44;5.26;3.389;2.41;81.21
1984-11-18;7.11;8.46;9.8;13.4;2.578;3.0;86.59
1984-11-19;8.76;10.09;11.41;7.51;3.885;3.11;83.48
1984-11-20;5.01;8.02;11.03;2.51;2.497;0.7;83.48
1984-11-21;5.12;7.61;10.1;7.28;2.459;1.3;81.72
1984-11-22;3.5;6.41;9.31;-0.01;6.602;0.89;69.73
1984-11-23;3.31;5.16;7.0;16.15;3.599;0.6;83.35
1984-11-24;-0.81;2.58;5.97;3.32;5.799;2.72;68.22
1984-11-25;-2.21;0.68;3.57;-0.01;2.988;3.2;64.0
1984-11-26;0.31;3.96;7.61;-0.01;6.795;2.2;59.29
1984-11-27;4.73;7.99;11.25;-0.01;7.899;3.03;45.85
1984-11-28;2.3;7.3;12.3;-0.01;7.904;2.21;38.31
1984-11-29;0.44;5.32;10.2;-0.01;8.818;1.3;39.17
1984-11-30;1.34;6.17;11.01;-0.01;7.135;1.68;45.4
1984-12-01;1.32;6.29;11.27;-0.01;8.208;1.8;43.72
1984-12-02;1.92;6.33;10.75;-0.01;7.003;1.9;48.38
1984-12-03;1.32;5.97;10.62;-0.01;6.494;1.6;52.48
1984-12-04;-0.5;3.91;8.31;-0.01;5.603;0.69;64.18
1984-12-05;2.2;5.45;8.7;-0.01;3.588;0.69;69.28
1984-12-06;0.74;4.83;8.91;-0.01;3.605;2.1;58.98
1984-12-07;1.03;4.97;8.91;2.23;2.932;2.6;52.49
1984-12-08;-1.0;1.71;4.41;8.18;1.999;2.4;69.95
1984-12-09;-6.4;-4.2;-2.0;-0.01;6.301;4.26;28.28
1984-12-10;-5.11;-1.81;1.5;0.29;5.2;3.3;50.89
1984-12-11;0.11;1.7;3.3;10.3;3.196;3.22;78.75
1984-12-12;-2.3;0.38;3.05;4.38;3.595;1.1;72.61
1984-12-13;-6.71;-4.36;-2.0;0.0;7.23;2.92;57.59
1984-12-14;-7.51;-3.95;-0.39;-0.01;4.712;2.9;47.12
1984-12-15;-3.3;-0.6;2.09;5.44;3.596;3.01;79.66
1984-12-16;-2.5;-0.35;1.8;2.21;4.717;3.8;60.84
1984-12-17;-3.69;-1.85;-0.01;-0.01;6.197;2.7;40.21
1984-12-18;-6.7;-4.03;-1.36;0.0;6.562;0.36;59.2
1984-12-19;-7.49;-3.25;1.0;-0.01;6.599;1.39;38.36
1984-12-20;-5.69;-2.04;1.6;-0.01;6.497;1.2;43.67
1984-12-21;-3.99;-1.48;1.03;0.0;3.899;2.0;74.19
1984-12-22;-6.85;-3.78;-0.71;-0.01;6.766;0.7;56.13
1984-12-23;-6.01;-3.01;-0.01;-0.01;4.701;0.3;66.07
1984-12-24;-7.0;-4.33;-1.65;-0.01;5.078;1.4;67.11
1984-12-25;-8.5;-4.85;-1.2;-0.01;6.598;0.59;59.07
1984-12-26;-8.69;-4.94;-1.2;-0.01;7.2;1.3;49.57
1984-12-27;-8.45;-4.99;-1.54;-0.01;6.396;0.49;69.77
1984-12-28;-9.35;-5.18;-1.01;-0.01;7.6;1.18;53.7
1984-12-29;-6.97;-3.38;0.2;8.0;2.189;3.12;79.24
1984-12-30;-3.11;-0.46;2.19;0.88;3.192;1.89;80.84
1984-12-31;-4.5;-2.7;-0.9;-0.01;4.434;3.1;73.49
