iso-date;tmin;tavg;tmax;precip;globrad;wind;relhumid
1980-01-01;-12.38;-5.82;0.74;4.63;1.688;2.5;64.04
1980-01-02;-6.5;-3.71;-0.91;-0.01;2.906;5.03;78.89
1980-01-03;-8.23;-6.34;-4.45;-0.01;5.7;6.68;74.73
1980-01-04;-13.41;-9.52;-5.62;0.0;6.105;3.08;66.41
1980-01-05;-19.1;-13.73;-8.35;-0.01;5.101;3.3;73.17
1980-01-06;-23.01;-18.36;-13.7;-0.01;6.216;0.78;76.33
1980-01-07;-22.14;-14.94;-7.73;0.0;4.997;1.7;44.5
1980-01-08;-11.45;-7.95;-4.44;1.25;2.892;2.5;61.51
1980-01-09;-12.5;-7.42;-2.34;-0.01;3.995;2.4;58.78
1980-01-10;-6.44;-2.17;2.1;5.45;1.998;3.18;78.83
1980-01-11;-6.8;-2.75;1.31;0.39;2.692;1.9;70.79
1980-01-12;-9.7;-6.96;-4.21;-0.01;6.226;5.57;76.86
1980-01-13;-13.43;-10.41;-7.39;-0.01;5.211;3.41;73.63
1980-01-14;-16.75;-12.1;-7.44;-0.01;7.002;1.19;66.21
1980-01-15;-21.54;-16.43;-11.32;-0.01;4.4;0.97;68.29
1980-01-16;-21.84;-15.07;-8.3;-0.01;5.205;1.29;63.68
1980-01-17;-13.5;-8.29;-3.09;-0.01;4.502;2.51;59.75
1980-01-18;-5.1;-1.78;1.53;2.47;2.3;1.09;81.02
1980-01-19;-6.91;-2.6;1.71;-0.02;3.999;0.9;81.17
1980-01-20;-8.03;-3.32;1.39;-0.01;5.098;1.4;73.93
1980-01-21;-8.16;-3.52;1.12;-0.01;5.702;2.8;66.05
1980-01-22;-7.78;-2.24;3.3;0.32;2.568;3.5;69.95
1980-01-23;-3.19;0.16;3.5;-0.01;6.0;5.24;74.79
1980-01-24;-3.19;0.26;3.71;0.4;3.478;4.81;73.77
1980-01-25;-2.0;0.54;3.09;-0.01;6.011;3.9;77.13
1980-01-26;-3.85;-0.17;3.52;1.1;5.501;2.9;77.0
1980-01-27;-3.91;0.04;4.0;0.0;2.595;5.22;78.34
1980-01-28;-7.21;-4.22;-1.23;-0.01;6.191;6.41;44.09
1980-01-29;-7.81;-4.56;-1.32;-0.01;7.11;6.7;46.86
1980-01-30;-9.03;-5.58;-2.13;-0.01;6.698;5.1;48.36
1980-01-31;-11.36;-7.15;-2.95;-0.01;8.199;2.8;45.09
1980-02-01;-13.2;-7.85;-2.5;0.59;7.635;1.99;48.01
1980-02-02;-5.9;-2.51;0.89;0.61;8.493;4.73;70.05
1980-02-03;-11.93;-7.26;-2.6;-0.01;7.824;4.9;47.96
1980-02-04;-15.73;-10.76;-5.78;-0.01;8.401;2.09;57.29
1980-02-05;-12.96;-7.06;-1.15;0.63;5.494;3.8;52.48
1980-02-06;-14.45;-8.49;-2.53;-0.01;8.703;4.21;45.56
1980-02-07;-15.23;-10.29;-5.35;-0.01;8.298;3.73;60.62
1980-02-08;-18.26;-12.41;-6.56;-0.01;8.511;2.1;66.53
1980-02-09;-15.34;-9.55;-3.77;-0.01;8.208;2.6;51.89
1980-02-10;-15.1;-9.72;-4.35;-0.01;8.802;2.0;71.43
1980-02-11;-15.56;-9.73;-3.9;0.0;8.926;2.2;54.79
1980-02-12;-10.64;-5.58;-0.52;8.98;4.003;3.92;67.75
1980-02-13;-8.6;-4.79;-0.99;1.9;5.389;3.61;72.6
1980-02-14;-15.55;-9.41;-3.27;-0.01;11.006;5.12;50.22
1980-02-15;-16.17;-11.24;-6.31;-0.01;10.398;5.5;59.8
1980-02-16;-21.47;-14.9;-8.33;-0.01;10.301;2.8;58.38
1980-02-17;-23.54;-16.69;-9.84;-0.01;10.401;1.91;52.29
1980-02-18;-25.17;-17.57;-9.96;-0.01;11.403;1.78;54.82
1980-02-19;-18.73;-9.54;-0.34;-0.01;11.908;4.21;37.33
1980-02-20;-7.51;-2.8;1.9;0.49;8.327;5.3;72.08
1980-02-21;-4.53;-1.87;0.8;5.9;11.347;2.11;88.45
1980-02-22;-0.01;1.65;3.3;0.98;8.702;2.79;81.96
1980-02-23;0.8;4.1;7.4;-0.01;10.399;3.3;63.03
1980-02-24;-1.35;2.22;5.8;-0.01;10.296;3.5;62.31
1980-02-25;-0.34;3.08;6.5;-0.01;9.205;5.43;53.55
1980-02-26;-1.21;0.2;1.61;0.81;4.155;5.12;79.09
1980-02-27;-0.4;0.9;2.19;1.23;2.991;3.1;81.04
1980-02-28;-1.7;1.8;5.3;-0.01;11.397;2.3;55.94
1980-02-29;0.0;0.0;0.0;0.0;0.0;0.0;0.0
1980-03-01;-5.2;-1.21;2.79;-0.01;13.01;1.87;54.41
1980-03-02;-5.8;-1.15;3.5;-0.01;13.434;2.1;48.41
1980-03-03;-1.4;0.35;2.1;5.13;4.8;4.6;76.18
1980-03-04;0.79;2.13;3.46;0.59;3.134;2.6;82.18
1980-03-05;0.09;2.69;5.29;-0.01;10.287;3.9;62.24
1980-03-06;-0.29;2.41;5.11;-0.01;11.385;4.72;55.21
1980-03-07;-2.64;0.97;4.58;-0.01;12.931;2.69;37.32
1980-03-08;-6.65;-1.73;3.19;-0.01;13.8;3.8;33.32
1980-03-09;-6.39;-0.7;4.99;0.48;14.119;2.59;38.19
1980-03-10;-1.5;2.44;6.39;0.2;13.298;2.8;47.93
1980-03-11;-3.0;2.9;8.8;1.31;9.89;4.3;39.66
1980-03-12;-5.59;-0.55;4.49;0.39;14.602;3.8;35.22
1980-03-13;1.9;6.15;10.4;-0.01;13.139;4.81;42.5
1980-03-14;1.32;5.86;10.4;-0.01;9.595;3.01;57.54
1980-03-15;0.0;5.2;10.4;-0.01;6.89;1.19;62.47
1980-03-16;1.92;9.09;16.27;-0.01;14.818;1.39;43.35
1980-03-17;2.11;10.42;18.74;-0.01;14.501;2.3;39.42
1980-03-18;5.25;12.06;18.87;-0.01;15.021;3.4;44.11
1980-03-19;4.22;9.75;15.29;9.79;7.6;2.7;58.24
1980-03-20;0.89;5.56;10.22;-0.01;15.61;4.6;36.79
1980-03-21;-1.5;3.1;7.69;0.32;13.001;2.01;41.25
1980-03-22;2.89;10.85;18.8;-0.01;15.422;3.1;42.51
1980-03-23;5.61;12.07;18.54;-0.01;14.796;2.1;51.72
1980-03-24;3.9;9.66;15.43;1.86;7.599;4.61;58.05
1980-03-25;-0.4;5.39;11.19;-0.01;14.733;3.1;45.83
1980-03-26;-1.41;2.93;7.27;0.4;7.786;3.23;47.14
1980-03-27;-2.6;2.59;7.78;-0.01;16.21;0.6;38.01
1980-03-28;1.06;3.79;6.53;2.2;5.397;3.1;73.82
1980-03-29;-0.3;4.94;10.18;-0.01;15.296;3.5;36.29
1980-03-30;-1.82;2.93;7.68;-0.01;16.604;1.8;35.21
1980-03-31;-2.61;2.75;8.1;-0.01;17.317;0.59;28.94
1980-04-01;-2.22;2.83;7.87;-0.01;17.7;1.59;31.39
1980-04-02;-1.61;4.19;9.98;-0.01;17.413;1.79;30.9
1980-04-03;-1.7;3.59;8.88;-0.01;17.043;2.6;26.0
1980-04-04;-2.12;3.16;8.45;-0.01;16.495;2.0;28.19
1980-04-05;-2.42;4.67;11.76;-0.01;17.405;1.4;31.87
1980-04-06;0.18;7.81;15.45;-0.01;17.625;4.24;31.79
1980-04-07;6.41;10.45;14.49;9.09;5.156;5.0;66.21
1980-04-08;5.2;9.79;14.39;1.49;4.698;3.3;60.73
1980-04-09;4.9;9.64;14.39;0.2;13.314;1.29;56.25
1980-04-10;1.91;7.88;13.85;0.52;9.651;0.5;56.44
1980-04-11;0.48;6.38;12.29;-0.01;14.008;2.89;44.72
1980-04-12;-1.61;5.4;12.41;-0.01;14.488;0.45;37.59
1980-04-13;0.29;7.59;14.89;-0.01;20.024;1.8;31.3
1980-04-14;0.98;8.38;15.77;-0.01;21.811;3.11;28.19
1980-04-15;3.06;10.32;17.59;-0.01;22.702;3.4;30.01
1980-04-16;3.51;11.4;19.29;-0.01;19.495;2.28;37.47
1980-04-17;6.5;12.45;18.4;0.83;12.894;1.29;52.13
1980-04-18;6.81;11.81;16.82;2.79;8.044;2.19;63.79
1980-04-19;4.79;10.42;16.06;2.58;9.916;2.6;58.95
1980-04-20;2.25;9.68;17.1;1.41;12.385;2.3;44.5
1980-04-21;3.69;9.88;16.08;0.31;14.753;2.3;49.35
1980-04-22;4.4;10.23;16.06;5.65;10.962;2.3;52.29
1980-04-23;2.8;10.34;17.87;-0.01;18.591;0.5;47.05
1980-04-24;4.03;11.87;19.7;-0.01;19.408;0.8;38.15
1980-04-25;4.07;12.59;21.11;-0.01;21.32;0.59;35.9
1980-04-26;7.94;14.37;20.8;-0.01;24.103;4.1;37.08
1980-04-27;10.94;13.07;15.2;4.06;8.491;4.72;66.44
1980-04-28;10.41;12.21;14.0;3.01;4.965;2.9;85.0
1980-04-29;9.92;13.88;17.84;0.44;8.486;1.19;70.17
1980-04-30;9.8;16.61;23.41;0.78;21.509;2.7;47.94
1980-05-01;9.92;16.11;22.3;-0.01;24.53;2.2;44.12
1980-05-02;9.54;15.02;20.5;-0.01;13.807;2.21;48.88
1980-05-03;7.09;13.04;19.0;-0.01;23.357;2.5;33.99
1980-05-04;6.89;13.0;19.11;-0.01;22.403;2.51;36.89
1980-05-05;9.21;13.08;16.95;-0.01;11.841;3.09;55.42
1980-05-06;10.71;14.61;18.5;-0.05;16.093;3.22;55.37
1980-05-07;11.56;15.88;20.2;-0.01;12.46;2.5;55.47
1980-05-08;11.3;16.0;20.7;-0.01;16.139;2.19;46.03
1980-05-09;11.46;16.07;20.68;-0.01;18.296;2.9;44.61
1980-05-10;11.3;16.5;21.7;-0.01;16.648;3.21;41.8
1980-05-11;9.7;15.49;21.29;-0.01;17.759;2.91;44.68
1980-05-12;10.89;15.89;20.9;0.72;6.42;0.89;65.53
1980-05-13;10.92;16.91;22.91;1.27;13.785;1.19;55.75
1980-05-14;10.9;17.0;23.11;1.21;16.607;1.6;54.18
1980-05-15;10.89;17.41;23.93;0.01;22.441;1.87;46.5
1980-05-16;13.15;18.02;22.9;2.3;12.087;2.0;60.67
1980-05-17;11.6;17.71;23.83;0.43;25.328;2.21;44.59
1980-05-18;9.5;16.55;23.61;2.21;21.285;1.4;44.6
1980-05-19;8.4;15.65;22.9;0.7;16.54;1.69;50.95
1980-05-20;13.72;17.71;21.71;7.02;13.167;4.39;64.1
1980-05-21;13.4;17.74;22.08;13.08;11.318;2.7;60.51
1980-05-22;12.79;17.55;22.31;13.58;6.167;1.4;65.05
1980-05-23;11.51;17.59;23.68;1.63;23.291;2.4;41.7
1980-05-24;8.99;16.05;23.1;1.49;20.299;0.98;47.9
1980-05-25;8.84;15.53;22.21;0.43;18.999;2.22;54.2
1980-05-26;13.39;17.38;21.38;4.12;5.329;2.3;67.71
1980-05-27;12.93;18.87;24.81;4.39;21.125;3.31;49.32
1980-05-28;13.8;18.4;23.0;1.89;18.753;3.2;54.31
1980-05-29;11.51;16.7;21.9;-0.01;22.085;2.91;44.77
1980-05-30;8.7;15.8;22.91;-0.01;28.62;1.0;37.22
1980-05-31;12.6;20.11;27.61;2.04;25.1;2.2;40.09
1980-06-01;15.98;21.44;26.9;-0.01;24.499;3.64;41.38
1980-06-02;13.91;20.16;26.4;0.88;21.921;2.6;44.28
1980-06-03;13.73;19.41;25.1;0.59;21.693;3.3;43.85
1980-06-04;10.1;17.92;25.74;4.94;19.794;2.2;42.64
1980-06-05;11.22;17.12;23.01;0.59;21.444;3.09;45.69
1980-06-06;8.89;13.87;18.85;-0.01;21.108;2.54;44.82
1980-06-07;6.89;11.39;15.89;-0.01;16.298;2.9;43.44
1980-06-08;10.51;14.13;17.75;1.79;10.919;2.91;57.58
1980-06-09;10.17;14.61;19.06;-0.01;17.898;4.82;42.56
1980-06-10;6.76;10.71;14.67;-0.01;23.096;3.34;27.1
1980-06-11;6.63;13.15;19.67;2.98;11.562;3.1;35.53
1980-06-12;8.6;13.32;18.04;0.0;20.004;2.5;48.99
1980-06-13;7.39;12.5;17.6;1.77;26.724;3.2;40.7
1980-06-14;6.37;10.56;14.76;-0.01;19.388;3.22;49.63
1980-06-15;6.15;12.96;19.78;-0.01;29.507;2.1;26.8
1980-06-16;6.38;13.77;21.16;-0.01;23.31;1.5;36.89
1980-06-17;10.29;15.98;21.68;-0.01;20.966;2.4;45.02
1980-06-18;7.66;15.88;24.1;0.02;21.578;0.4;44.65
1980-06-19;15.0;17.14;19.28;22.16;8.69;3.01;92.3
1980-06-20;13.91;19.95;25.99;0.32;24.9;2.49;45.06
1980-06-21;15.32;20.55;25.78;-0.01;25.309;3.43;40.99
1980-06-22;14.4;20.02;25.64;3.7;22.153;2.5;41.99
1980-06-23;13.22;17.91;22.59;7.66;16.781;3.61;61.06
1980-06-24;9.39;15.64;21.89;-0.01;27.118;2.93;38.68
1980-06-25;8.0;15.95;23.89;4.33;20.697;1.7;34.42
1980-06-26;13.0;17.37;21.73;1.38;14.977;2.5;58.17
1980-06-27;8.01;12.61;17.21;0.51;22.084;3.72;52.26
1980-06-28;8.78;14.41;20.03;4.6;8.072;2.41;51.55
1980-06-29;12.3;17.64;22.98;-0.02;20.79;2.8;46.61
1980-06-30;11.99;13.45;14.9;31.01;4.978;3.31;79.09
1980-07-01;10.69;15.53;20.37;0.59;24.195;3.2;39.95
1980-07-02;9.86;16.07;22.29;3.43;14.801;2.1;48.65
1980-07-03;10.9;17.54;24.17;-0.01;25.295;1.49;40.09
1980-07-04;13.69;17.32;20.94;5.45;8.138;3.0;72.43
1980-07-05;12.6;18.64;24.68;4.6;17.877;2.21;56.74
1980-07-06;12.09;17.89;23.7;0.62;16.992;2.1;56.95
1980-07-07;13.7;18.95;24.19;3.01;13.87;2.81;50.08
1980-07-08;12.67;18.13;23.58;0.69;22.819;2.5;40.85
1980-07-09;11.46;17.83;24.2;2.0;19.495;0.79;54.81
1980-07-10;10.17;17.18;24.2;0.52;18.001;0.89;37.9
1980-07-11;11.79;19.4;27.01;0.84;23.492;1.5;44.94
1980-07-12;15.3;21.84;28.38;5.96;20.408;2.5;40.46
1980-07-13;15.3;19.7;24.1;27.43;12.866;3.22;65.74
1980-07-14;14.25;19.68;25.1;3.87;19.276;2.44;54.95
1980-07-15;13.1;19.45;25.79;3.43;14.273;0.89;48.19
1980-07-16;13.2;19.3;25.4;1.74;25.513;1.8;42.59
1980-07-17;13.8;18.25;22.7;17.23;9.391;1.8;64.5
1980-07-18;12.69;18.52;24.36;-0.01;24.3;2.4;41.61
1980-07-19;11.77;18.46;25.15;5.62;10.965;1.5;47.32
1980-07-20;13.49;19.09;24.7;2.49;16.858;0.58;56.05
1980-07-21;13.98;17.23;20.49;8.11;4.174;2.31;78.72
1980-07-22;12.2;15.13;18.07;5.69;4.552;3.95;71.13
1980-07-23;11.1;14.34;17.59;-0.01;17.177;4.22;45.72
1980-07-24;8.99;15.68;22.38;0.39;24.824;2.0;34.88
1980-07-25;11.98;18.34;24.7;4.93;20.384;2.3;45.8
1980-07-26;9.99;15.04;20.08;-0.01;19.702;3.2;56.01
1980-07-27;8.25;14.65;21.06;3.56;18.996;1.2;40.67
1980-07-28;8.75;16.21;23.68;-0.01;21.49;0.29;47.76
1980-07-29;11.19;17.34;23.48;1.42;23.106;1.69;44.42
1980-07-30;11.8;17.75;23.7;-0.01;25.011;2.3;43.02
1980-07-31;13.08;20.39;27.69;-0.01;23.401;2.8;33.52
1980-08-01;15.2;22.2;29.2;0.0;23.004;3.2;32.84
1980-08-02;14.06;17.25;20.44;21.19;3.556;3.87;78.04
1980-08-03;13.9;17.92;21.94;0.0;17.065;3.21;51.11
1980-08-04;11.55;18.84;26.12;-0.01;22.344;0.17;45.37
1980-08-05;12.37;20.59;28.82;0.62;18.173;0.69;44.56
1980-08-06;16.63;23.36;30.09;3.02;18.073;2.3;38.1
1980-08-07;14.8;21.5;28.2;4.07;8.303;0.49;59.54
1980-08-08;16.12;20.44;24.76;-0.01;15.061;2.51;64.24
1980-08-09;16.2;20.48;24.77;-0.01;14.095;2.3;57.5
1980-08-10;14.9;20.45;26.0;-0.01;16.097;1.1;58.01
1980-08-11;15.02;21.52;28.01;-0.01;17.004;0.48;51.23
1980-08-12;14.97;22.59;30.2;-0.01;23.507;0.7;41.38
1980-08-13;15.7;23.0;30.31;-0.01;22.427;0.99;42.75
1980-08-14;16.53;21.71;26.89;-0.01;12.588;2.7;55.61
1980-08-15;12.88;20.14;27.4;-0.01;22.897;0.7;41.65
1980-08-16;11.39;20.08;28.77;-0.01;22.297;0.5;35.3
1980-08-17;13.86;21.95;30.03;0.01;22.013;1.0;32.63
1980-08-18;14.3;20.11;25.91;2.01;13.599;2.2;59.18
1980-08-19;13.69;18.59;23.49;-0.02;19.306;2.4;47.73
1980-08-20;11.69;16.63;21.57;-0.01;19.82;1.7;42.75
1980-08-21;11.2;15.57;19.95;-0.01;17.844;3.2;45.15
1980-08-22;8.46;15.71;22.97;-0.01;20.282;1.6;40.26
1980-08-23;11.17;16.41;21.64;-0.01;17.321;2.5;45.96
1980-08-24;8.46;15.43;22.4;-0.01;21.317;0.89;32.83
1980-08-25;7.76;15.73;23.7;-0.01;21.419;1.29;29.49
1980-08-26;9.19;16.54;23.9;-0.01;21.041;2.4;29.29
1980-08-27;10.57;17.94;25.3;-0.01;20.124;2.3;31.15
1980-08-28;13.4;20.75;28.1;-0.01;19.939;2.41;32.03
1980-08-29;16.34;22.21;28.09;-0.01;18.71;2.2;37.36
1980-08-30;14.7;21.3;27.9;-0.01;19.507;1.6;33.39
1980-08-31;15.22;21.51;27.8;2.52;13.079;0.99;40.74
1980-09-01;12.58;21.31;30.04;3.68;9.257;0.29;35.81
1980-09-02;13.13;20.37;27.6;-0.01;19.427;1.09;38.84
1980-09-03;12.41;19.86;27.3;2.19;10.064;1.3;43.41
1980-09-04;10.94;16.81;22.68;5.36;19.862;3.42;44.71
1980-09-05;7.88;15.09;22.3;-0.01;19.517;1.19;29.99
1980-09-06;7.89;16.5;25.1;-0.01;18.605;0.46;32.16
1980-09-07;10.2;18.56;26.93;-0.01;18.604;0.99;29.98
1980-09-08;13.23;21.45;29.68;-0.02;18.033;1.2;29.63
1980-09-09;15.2;22.02;28.84;2.38;17.3;0.8;40.5
1980-09-10;16.4;22.5;28.61;-0.01;15.899;0.58;42.64
1980-09-11;15.3;21.55;27.81;-0.01;17.461;2.2;33.25
1980-09-12;11.93;18.21;24.5;-0.01;18.098;2.8;22.73
1980-09-13;9.58;15.64;21.71;-0.01;18.402;3.11;21.59
1980-09-14;8.47;14.62;20.76;-0.01;16.2;1.6;29.03
1980-09-15;8.29;15.39;22.5;2.48;15.053;2.9;26.81
1980-09-16;10.8;13.94;17.08;4.61;5.659;2.9;73.84
1980-09-17;9.01;13.9;18.79;-0.01;11.378;3.4;45.21
1980-09-18;9.59;15.04;20.5;-0.01;11.661;2.9;38.04
1980-09-19;7.3;12.51;17.71;-0.01;8.492;1.88;47.75
1980-09-20;9.31;14.86;20.4;-0.01;9.183;1.8;42.01
1980-09-21;8.7;16.55;24.41;-0.01;16.198;2.7;27.85
1980-09-22;9.79;15.45;21.1;8.13;4.173;3.0;54.33
1980-09-23;8.09;16.19;24.29;-0.01;17.223;1.9;31.77
1980-09-24;11.91;17.68;23.44;1.14;8.997;2.8;41.9
1980-09-25;11.38;17.36;23.33;-0.01;13.78;2.1;41.24
1980-09-26;11.49;17.64;23.8;0.0;10.093;2.2;39.26
1980-09-27;11.04;18.13;25.22;3.49;8.758;2.5;43.42
1980-09-28;14.79;20.0;25.22;6.43;7.392;2.9;59.54
1980-09-29;14.02;18.26;22.5;14.99;6.657;2.3;74.39
1980-09-30;9.25;14.35;19.45;1.01;5.931;3.92;59.31
1980-10-01;7.4;14.25;21.1;1.19;12.425;2.71;40.2
1980-10-02;8.71;13.8;18.9;-0.01;11.346;2.4;44.33
1980-10-03;9.01;14.07;19.14;6.74;3.256;4.42;50.66
1980-10-04;5.3;8.74;12.19;-0.01;11.801;4.21;33.89
1980-10-05;2.19;7.19;12.19;-0.01;13.406;1.59;34.2
1980-10-06;4.9;8.18;11.46;1.59;3.65;2.2;63.08
1980-10-07;1.37;8.63;15.88;9.58;3.159;2.9;47.37
1980-10-08;1.37;7.46;13.55;-0.01;12.703;5.34;27.66
1980-10-09;0.38;6.04;11.69;-0.01;12.308;4.05;27.64
1980-10-10;3.89;7.94;11.98;-0.01;6.9;3.5;38.36
1980-10-11;2.53;9.21;15.9;-0.01;12.338;2.69;33.8
1980-10-12;10.7;15.21;19.71;1.09;7.493;3.8;51.59
1980-10-13;11.93;17.78;23.63;0.92;5.384;3.32;49.55
1980-10-14;9.31;15.13;20.94;1.21;6.804;2.69;53.97
1980-10-15;6.13;8.8;11.48;12.86;3.312;2.5;66.65
1980-10-16;4.18;7.88;11.57;3.44;4.622;4.12;53.74
1980-10-17;5.87;9.34;12.8;3.69;2.99;2.26;74.57
1980-10-18;5.7;11.5;17.3;1.19;4.758;2.1;53.73
1980-10-19;5.19;10.55;15.92;-0.01;9.176;1.2;52.12
1980-10-20;10.23;14.27;18.31;4.9;3.773;4.75;64.43
1980-10-21;11.83;16.32;20.8;4.54;5.09;4.1;63.71
1980-10-22;10.0;14.71;19.41;1.09;10.296;2.9;51.18
1980-10-23;8.22;12.27;16.31;0.52;9.31;1.8;59.26
1980-10-24;4.71;8.81;12.91;0.01;8.999;2.4;55.29
1980-10-25;5.53;9.82;14.11;-0.01;8.999;2.3;47.2
1980-10-26;5.43;10.71;15.98;6.42;3.681;3.64;48.64
1980-10-27;1.87;7.19;12.5;-0.01;9.2;2.69;30.39
1980-10-28;6.53;11.62;16.71;-0.01;9.805;3.3;41.97
1980-10-29;7.44;12.48;17.51;-0.01;8.591;2.71;52.21
1980-10-30;7.23;13.13;19.02;-0.01;8.408;2.1;48.7
1980-10-31;5.5;11.6;17.7;-0.01;5.263;0.36;53.04
1980-11-01;7.34;13.08;18.82;-0.01;3.885;0.12;56.99
1980-11-02;5.91;11.56;17.21;-0.01;6.489;0.7;56.69
1980-11-03;4.22;9.18;14.13;-0.01;7.506;1.59;58.9
1980-11-04;2.8;7.3;11.8;0.98;3.083;0.86;75.27
1980-11-05;1.5;6.25;11.01;-0.01;7.497;0.87;58.4
1980-11-06;2.4;8.25;14.1;-0.01;5.497;2.2;41.29
1980-11-07;3.2;8.26;13.31;-0.01;5.5;1.9;52.7
1980-11-08;3.4;7.75;12.1;-0.01;6.804;1.8;58.02
1980-11-09;2.01;6.64;11.28;-0.01;5.744;1.68;53.99
1980-11-10;5.32;8.26;11.2;-0.01;2.994;1.58;66.21
1980-11-11;3.2;7.32;11.44;-0.01;3.896;1.29;60.61
1980-11-12;0.4;5.37;10.34;-0.01;5.603;0.58;54.16
1980-11-13;1.35;5.65;9.95;-0.01;3.101;0.49;76.05
1980-11-14;6.72;9.96;13.2;-0.01;4.704;0.99;74.0
1980-11-15;4.22;7.38;10.53;-0.01;2.657;0.49;78.67
1980-11-16;2.34;6.13;9.91;2.29;3.497;2.81;69.31
1980-11-17;0.4;3.93;7.45;-0.01;5.7;1.8;61.73
1980-11-18;-1.02;2.38;5.77;-0.01;3.102;2.3;63.99
1980-11-19;-2.41;0.38;3.17;-0.01;5.505;2.8;44.06
1980-11-20;-4.73;-1.73;1.27;-0.01;4.097;4.05;36.0
1980-11-21;-5.61;-2.81;-0.02;-0.01;5.899;3.2;32.28
1980-11-22;-5.62;-2.67;0.29;-0.01;5.497;2.71;35.26
1980-11-23;-6.7;-3.16;0.39;-0.01;5.399;1.6;40.05
1980-11-24;-8.35;-3.84;0.67;-0.01;5.295;0.68;40.87
1980-11-25;-8.63;-3.92;0.79;-0.01;5.419;1.2;38.41
1980-11-26;-6.49;-2.57;1.35;0.79;2.0;1.9;50.86
1980-11-27;-1.29;0.64;2.56;0.61;1.865;1.28;90.98
1980-11-28;-5.1;-1.36;2.37;-0.01;4.7;3.2;62.55
1980-11-29;-6.69;-3.86;-1.03;-0.01;5.801;3.42;32.32
1980-11-30;-6.6;-3.56;-0.53;1.89;2.292;3.6;42.32
1980-12-01;-7.22;-3.63;-0.03;-0.01;4.202;1.2;71.44
1980-12-02;-6.89;-3.21;0.48;-0.01;4.501;3.51;56.49
1980-12-03;-5.35;-1.88;1.59;3.45;3.701;4.71;68.48
1980-12-04;-1.51;0.24;1.99;1.9;1.979;0.79;94.41
1980-12-05;-3.4;-0.56;2.27;2.7;3.7;1.19;81.77
1980-12-06;-4.61;-1.41;1.8;5.29;1.495;1.7;89.44
1980-12-07;-6.36;-3.13;0.1;0.82;3.701;1.29;80.22
1980-12-08;-7.3;-2.75;1.79;0.59;5.504;1.2;76.6
1980-12-09;-8.14;-4.2;-0.26;-0.01;3.698;1.9;72.44
1980-12-10;-4.6;-2.15;0.29;-0.01;5.913;5.51;72.25
1980-12-11;-4.96;-1.98;0.99;-0.01;1.782;3.4;72.24
1980-12-12;-4.15;-1.37;1.41;-0.01;5.102;2.49;79.11
1980-12-13;-4.65;-1.88;0.89;-0.01;2.693;1.7;83.56
1980-12-14;-7.11;-3.96;-0.81;-0.01;3.798;2.21;75.65
1980-12-15;-7.0;-2.81;1.39;0.8;2.001;1.4;80.34
1980-12-16;-0.39;1.0;2.39;-0.01;1.772;2.4;93.28
1980-12-17;-0.6;1.6;3.8;0.39;2.7;4.62;65.38
1980-12-18;-3.41;-0.2;3.02;-0.01;3.698;4.71;66.23
1980-12-19;-3.41;-0.39;2.63;-0.01;1.458;2.61;80.23
1980-12-20;-1.6;0.98;3.56;-0.01;5.703;1.9;74.63
1980-12-21;-1.39;1.17;3.72;0.0;5.824;2.7;75.94
1980-12-22;1.44;3.2;4.96;0.8;3.002;5.13;62.59
1980-12-23;-0.29;2.21;4.72;-0.01;3.6;3.85;61.43
1980-12-24;-1.2;1.65;4.5;-0.01;4.999;2.7;58.17
1980-12-25;-3.98;-0.33;3.31;0.39;2.997;0.47;76.4
1980-12-26;0.9;3.58;6.27;3.17;1.927;3.0;70.49
1980-12-27;1.01;3.21;5.4;0.38;3.898;3.31;71.81
1980-12-28;-2.0;0.86;3.73;0.49;2.997;2.4;77.72
1980-12-29;-6.06;-3.08;-0.11;-0.01;4.752;4.5;58.09
1980-12-30;-7.84;-5.93;-4.02;-0.01;2.587;6.82;46.83
1980-12-31;-7.21;-4.56;-1.91;-0.01;2.14;5.01;51.76
1981-01-01;-6.22;-3.86;-1.51;-0.01;2.595;0.9;63.65
1981-01-02;-7.17;-4.34;-1.51;-0.01;4.1;0.4;65.31
1981-01-03;-9.03;-5.49;-1.96;-0.01;3.701;1.29;66.42
1981-01-04;-7.54;-3.07;1.4;-0.01;3.796;2.1;67.51
1981-01-05;-5.81;-2.05;1.71;-0.01;4.094;0.79;80.45
1981-01-06;-1.0;2.17;5.35;-0.01;5.798;1.29;74.59
1981-01-07;-1.8;1.22;4.24;0.0;5.706;0.87;74.84
1981-01-08;-1.73;1.21;4.15;-0.01;4.799;1.3;77.13
1981-01-09;-1.3;1.25;3.81;-0.01;4.199;2.0;77.76
1981-01-10;-2.07;-0.03;2.0;-0.01;4.196;3.91;71.39
1981-01-11;-4.9;-1.94;1.03;-0.01;4.7;3.33;59.98
1981-01-12;-8.3;-5.48;-2.66;-0.01;4.706;1.99;48.71
1981-01-13;-9.03;-5.33;-1.63;-0.01;6.129;1.2;43.38
1981-01-14;-8.87;-4.99;-1.11;-0.01;5.314;2.3;43.43
1981-01-15;-10.81;-7.35;-3.89;-0.01;5.897;2.03;32.6
1981-01-16;-9.63;-6.07;-2.5;1.19;3.004;1.28;43.89
1981-01-17;-12.37;-8.0;-3.63;-0.01;4.496;1.19;70.69
1981-01-18;-12.8;-5.96;0.88;1.16;5.907;1.99;57.71
1981-01-19;-0.99;0.48;1.96;2.09;2.574;0.9;89.35
1981-01-20;-4.76;-1.69;1.39;1.25;6.504;3.9;80.9
1981-01-21;-4.78;-2.2;0.38;-0.01;3.491;4.4;71.68
1981-01-22;-9.5;-5.71;-1.92;-0.01;5.904;2.4;57.96
1981-01-23;-7.02;-2.83;1.35;5.01;2.394;3.2;72.33
1981-01-24;-3.81;-0.76;2.29;5.53;3.388;4.4;80.85
1981-01-25;-9.32;-3.95;1.42;-0.01;5.397;2.5;55.78
1981-01-26;-3.2;-0.15;2.91;-0.01;5.501;2.95;79.37
1981-01-27;-6.22;-1.83;2.55;-0.01;6.306;1.6;77.81
1981-01-28;-9.03;-4.07;0.88;0.6;7.498;1.4;60.83
1981-01-29;-11.03;-6.21;-1.39;-0.01;6.927;1.4;60.6
1981-01-30;-14.07;-8.29;-2.5;0.02;7.304;0.37;63.28
1981-01-31;-13.45;-7.71;-1.97;0.0;7.199;0.98;58.84
1981-02-01;-12.0;-7.63;-3.27;-0.01;8.815;2.5;70.89
1981-02-02;-14.15;-8.47;-2.79;0.72;7.306;2.1;45.65
1981-02-03;-8.34;-5.23;-2.13;0.49;8.025;4.2;76.96
1981-02-04;-10.86;-7.01;-3.17;1.0;7.727;5.41;68.72
1981-02-05;-11.84;-7.88;-3.93;-0.01;8.699;4.91;64.59
1981-02-06;-15.27;-9.78;-4.29;0.0;8.999;5.62;47.86
1981-02-07;-13.79;-8.72;-3.66;-0.01;8.713;5.22;70.0
1981-02-08;-15.37;-11.25;-7.14;-0.01;9.11;3.91;66.79
1981-02-09;-15.48;-10.81;-6.14;-0.01;9.62;3.65;61.31
1981-02-10;-15.93;-10.71;-5.48;-0.01;8.903;4.0;62.1
1981-02-11;-20.52;-14.37;-8.21;-0.01;9.509;2.2;63.97
1981-02-12;-20.74;-13.93;-7.13;-0.01;9.3;1.19;64.53
1981-02-13;-15.93;-10.1;-4.27;-0.01;8.702;2.0;65.04
1981-02-14;-16.9;-10.15;-3.41;1.22;9.125;1.5;53.79
1981-02-15;-14.9;-8.72;-2.54;-0.01;9.597;1.89;65.59
1981-02-16;-15.33;-7.63;0.07;1.21;6.504;2.0;45.82
1981-02-17;-11.73;-6.67;-1.61;-0.01;9.704;3.7;65.43
1981-02-18;-14.35;-7.3;-0.26;0.0;9.508;1.9;52.42
1981-02-19;-8.6;-3.97;0.65;-0.01;9.319;2.1;80.98
1981-02-20;-12.78;-5.8;1.17;-0.01;11.538;3.1;70.47
1981-02-21;-6.4;-2.65;1.1;1.11;9.101;3.61;81.61
1981-02-22;-6.8;-2.85;1.1;-0.01;9.214;3.0;73.55
1981-02-23;-2.9;-0.36;2.18;-0.01;7.711;3.01;80.93
1981-02-24;-4.02;-0.81;2.4;-0.01;10.0;4.6;66.94
1981-02-25;-6.25;-1.66;2.93;-0.01;6.34;2.4;57.89
1981-02-26;-4.84;0.14;5.11;-0.01;11.858;2.4;46.59
1981-02-27;0.1;4.8;9.5;0.5;11.606;3.9;51.03
1981-02-28;-1.9;1.36;4.62;0.0;11.426;2.4;63.21
1981-03-01;-1.6;2.75;7.1;1.44;6.7;3.7;52.9
1981-03-02;-1.6;1.49;4.59;-0.01;12.008;3.1;47.31
1981-03-03;-1.9;1.84;5.59;0.71;13.337;3.1;47.62
1981-03-04;-1.3;2.2;5.69;0.0;12.911;5.16;43.19
1981-03-05;-2.6;1.89;6.38;-0.01;12.604;2.6;34.64
1981-03-06;1.0;4.38;7.76;8.32;3.655;4.2;76.77
1981-03-07;0.97;5.56;10.14;0.39;11.54;2.8;48.05
1981-03-08;0.13;3.92;7.71;-0.01;13.731;3.1;37.39
1981-03-09;-1.01;2.4;5.8;6.31;3.885;3.1;75.97
1981-03-10;-1.7;2.25;6.2;-0.01;8.301;1.8;52.97
1981-03-11;0.96;4.71;8.47;2.51;13.308;4.21;48.15
1981-03-12;-2.64;1.32;5.29;0.0;13.195;1.89;49.3
1981-03-13;-4.61;-0.23;4.16;-0.01;14.2;1.28;37.0
1981-03-14;-5.3;0.14;5.57;-0.01;14.413;2.0;35.31
1981-03-15;-1.51;2.42;6.34;0.0;7.846;1.7;41.59
1981-03-16;0.01;4.66;9.31;0.39;15.007;2.09;44.88
1981-03-17;0.61;3.94;7.27;0.49;6.869;3.81;73.15
1981-03-18;-1.29;3.0;7.3;-0.01;15.2;1.87;42.88
1981-03-19;-1.81;2.42;6.66;-0.01;13.306;4.2;37.15
1981-03-20;-7.5;-2.84;1.82;-0.01;16.94;2.3;25.12
1981-03-21;-7.58;-1.34;4.9;0.41;17.34;2.4;27.91
1981-03-22;1.94;8.27;14.6;0.29;6.701;4.01;47.05
1981-03-23;1.3;4.53;7.75;0.5;14.617;3.5;47.99
1981-03-24;-2.5;0.49;3.48;1.45;17.099;4.8;36.5
1981-03-25;-5.01;-1.83;1.35;-0.01;16.82;5.22;27.88
1981-03-26;-8.83;-3.77;1.29;0.0;15.002;5.98;27.57
1981-03-27;-7.79;-2.56;2.67;-0.01;15.901;6.21;28.33
1981-03-28;-9.4;-3.33;2.73;-0.01;15.5;4.54;27.77
1981-03-29;-7.97;-2.25;3.48;-0.01;15.192;3.33;30.68
1981-03-30;-5.05;-0.42;4.21;-0.01;17.615;3.1;25.45
1981-03-31;-5.31;-0.7;3.9;-0.01;17.912;3.4;21.31
1981-04-01;-5.98;-1.83;2.32;-0.01;18.414;2.6;23.34
1981-04-02;-5.23;-1.3;2.64;-0.01;19.467;0.67;23.15
1981-04-03;-3.94;0.9;5.73;-0.01;16.34;0.49;28.5
1981-04-04;-3.61;1.25;6.11;-0.01;17.704;0.7;37.14
1981-04-05;-3.1;2.04;7.19;-0.01;17.796;0.98;38.89
1981-04-06;-1.53;3.41;8.36;4.07;17.501;3.5;42.96
1981-04-07;0.39;3.04;5.7;0.48;7.538;2.1;73.18
1981-04-08;-1.51;3.34;8.19;-0.01;15.814;1.5;44.86
1981-04-09;-2.73;3.92;10.58;0.0;15.839;0.37;32.49
1981-04-10;1.08;6.43;11.78;-0.01;12.897;2.6;47.41
1981-04-11;-1.22;5.38;11.97;-0.01;20.949;2.7;29.81
1981-04-12;-1.32;6.18;13.69;-0.01;16.142;0.9;28.35
1981-04-13;-0.43;6.72;13.87;-0.01;18.296;2.9;30.07
1981-04-14;1.07;5.74;10.4;-0.01;15.302;4.21;31.97
1981-04-15;-1.11;4.58;10.26;-0.01;20.25;2.6;26.8
1981-04-16;-0.36;6.03;12.41;0.0;15.698;3.3;33.25
1981-04-17;-0.96;6.95;14.86;0.0;19.803;1.59;39.01
1981-04-18;5.3;13.05;20.81;1.19;15.546;2.2;42.97
1981-04-19;2.56;9.57;16.58;-0.01;20.317;1.9;38.62
1981-04-20;2.55;10.34;18.12;-0.01;15.391;0.49;41.74
1981-04-21;5.9;14.32;22.74;0.69;14.157;2.5;40.13
1981-04-22;4.1;10.84;17.59;-0.01;22.5;1.99;37.52
1981-04-23;2.58;10.71;18.84;-0.01;24.113;1.8;34.86
1981-04-24;2.38;11.09;19.8;-0.01;22.508;0.89;33.1
1981-04-25;2.38;12.76;23.15;-0.01;23.656;1.3;30.59
1981-04-26;5.9;14.57;23.24;-0.01;23.204;1.99;32.37
1981-04-27;7.72;15.42;23.13;-0.01;22.616;1.9;34.97
1981-04-28;8.5;15.21;21.93;-0.01;18.246;2.7;46.8
1981-04-29;7.81;12.96;18.11;-0.01;18.085;3.72;47.48
1981-04-30;6.99;14.96;22.92;-0.01;20.805;2.7;31.8
1981-05-01;8.1;13.29;18.49;0.29;19.693;4.11;41.8
1981-05-02;5.48;11.34;17.2;-0.01;24.12;2.3;31.35
1981-05-03;5.91;14.76;23.61;-0.01;23.335;3.11;27.53
1981-05-04;12.72;19.57;26.41;-0.01;19.382;3.4;37.77
1981-05-05;13.29;17.95;22.61;4.41;10.893;3.41;56.03
1981-05-06;9.09;12.73;16.37;4.75;13.411;3.72;73.21
1981-05-07;6.81;11.8;16.79;-0.01;18.597;4.43;40.95
1981-05-08;4.2;11.95;19.7;4.82;22.397;2.5;35.8
1981-05-09;6.26;11.28;16.3;-0.01;19.412;4.04;32.42
1981-05-10;5.49;10.29;15.09;-0.01;19.022;3.61;37.45
1981-05-11;4.78;10.44;16.09;-0.01;19.709;2.8;29.85
1981-05-12;4.34;10.99;17.64;-0.01;26.209;2.4;23.3
1981-05-13;2.95;11.88;20.8;-0.01;25.807;1.09;25.7
1981-05-14;7.48;13.22;18.97;0.03;23.013;2.9;40.48
1981-05-15;6.74;12.55;18.37;1.24;11.449;2.9;49.71
1981-05-16;5.06;10.06;15.06;-0.01;22.78;2.7;32.11
1981-05-17;4.63;9.4;14.17;-0.01;24.411;2.9;24.22
1981-05-18;3.36;8.48;13.6;-0.01;23.725;2.92;23.47
1981-05-19;3.59;8.88;14.18;1.02;18.472;2.9;32.77
1981-05-20;4.96;10.27;15.58;0.0;21.297;3.0;29.9
1981-05-21;4.04;9.66;15.28;-0.01;22.016;1.49;27.7
1981-05-22;3.72;10.79;17.87;-0.01;20.873;1.5;25.01
1981-05-23;11.33;15.64;19.95;1.16;19.109;3.21;35.4
1981-05-24;8.5;12.23;15.97;14.54;8.572;3.12;75.93
1981-05-25;9.8;13.08;16.35;6.13;11.374;2.5;77.59
1981-05-26;11.43;15.71;19.98;-0.01;9.29;3.89;55.19
1981-05-27;10.67;16.64;22.6;-0.01;20.857;1.29;47.5
1981-05-28;9.79;16.49;23.2;16.45;8.669;1.5;46.48
1981-05-29;9.39;16.89;24.4;3.81;21.543;1.6;40.62
1981-05-30;8.47;15.64;22.82;3.17;19.617;1.1;49.99
1981-05-31;6.94;15.53;24.12;1.21;22.599;0.4;41.77
1981-06-01;9.96;16.95;23.94;12.03;13.864;1.1;49.9
1981-06-02;11.9;18.15;24.4;1.78;19.774;2.5;43.27
1981-06-03;11.91;17.46;23.01;3.3;19.352;2.1;48.53
1981-06-04;10.4;17.05;23.7;2.19;20.739;1.3;44.22
1981-06-05;8.79;15.95;23.1;2.41;16.314;0.99;52.51
1981-06-06;11.89;17.24;22.59;0.0;22.568;3.2;45.88
1981-06-07;12.32;17.34;22.35;-0.01;14.59;2.8;55.76
1981-06-08;12.1;18.75;25.41;2.49;22.916;2.2;37.89
1981-06-09;11.17;18.61;26.04;2.54;23.28;0.7;43.58
1981-06-10;15.52;19.51;23.5;13.82;8.028;3.12;60.83
1981-06-11;14.62;19.86;25.1;2.5;13.598;2.91;56.24
1981-06-12;12.61;18.7;24.79;1.72;14.539;1.5;57.02
1981-06-13;12.1;19.35;26.6;-0.01;20.704;1.6;44.16
1981-06-14;13.8;20.61;27.42;1.45;19.896;1.9;41.72
1981-06-15;13.23;18.96;24.69;7.44;8.546;1.1;57.06
1981-06-16;11.4;17.8;24.19;-0.01;26.899;1.3;43.74
1981-06-17;9.76;18.18;26.6;-0.02;20.174;0.47;34.5
1981-06-18;11.3;19.66;28.01;0.69;17.881;0.09;36.86
1981-06-19;12.09;19.06;26.04;2.19;22.318;0.39;52.89
1981-06-20;12.2;18.73;25.26;17.01;13.957;0.6;59.23
1981-06-21;11.8;15.54;19.28;5.62;5.056;3.41;65.88
1981-06-22;10.49;14.03;17.57;-0.01;15.091;2.8;55.76
1981-06-23;9.97;14.78;19.59;-0.01;19.248;2.3;50.02
1981-06-24;12.5;15.94;19.37;-0.01;13.282;3.5;51.21
1981-06-25;10.87;16.13;21.39;-0.01;24.62;3.71;32.07
1981-06-26;11.19;15.75;20.3;-0.01;20.732;3.6;38.07
1981-06-27;8.88;15.48;22.09;0.69;20.761;1.6;38.7
1981-06-28;12.11;17.05;21.99;4.48;29.201;2.5;49.34
1981-06-29;14.1;19.85;25.6;38.76;12.548;3.63;51.43
1981-06-30;8.78;13.04;17.29;0.69;7.987;4.41;64.76
1981-07-01;7.44;12.41;17.37;-0.01;16.752;1.0;44.91
1981-07-02;9.26;15.08;20.9;6.5;25.5;1.08;34.8
1981-07-03;11.5;14.13;16.75;10.33;11.086;3.2;69.69
1981-07-04;10.2;15.83;21.47;0.01;23.352;2.5;37.11
1981-07-05;9.1;16.75;24.4;0.59;22.289;0.01;51.72
1981-07-06;12.36;17.79;23.21;-0.01;21.899;2.7;41.52
1981-07-07;13.89;18.0;22.1;-0.01;15.8;3.91;48.38
1981-07-08;12.77;17.52;22.27;-0.01;19.704;3.0;51.38
1981-07-09;12.27;19.04;25.81;-0.01;24.499;1.79;44.47
1981-07-10;11.29;19.35;27.41;1.81;16.717;0.07;48.53
1981-07-11;12.67;20.52;28.38;-0.01;24.815;1.1;36.75
1981-07-12;15.0;21.75;28.5;-0.01;23.129;1.86;44.93
1981-07-13;16.0;22.3;28.59;1.06;21.61;1.6;47.44
1981-07-14;15.14;21.98;28.83;3.01;20.427;1.7;44.92
1981-07-15;13.49;20.61;27.72;-0.01;24.536;2.1;41.82
1981-07-16;12.0;20.4;28.8;-0.01;24.803;1.0;32.77
1981-07-17;17.11;23.37;29.63;5.13;22.421;2.71;35.98
1981-07-18;13.81;20.05;26.29;-0.01;19.404;2.5;44.74
1981-07-19;11.09;18.24;25.4;0.41;21.005;0.49;37.56
1981-07-20;13.87;20.16;26.45;-0.01;17.217;1.7;48.02
1981-07-21;17.85;20.62;23.39;17.64;7.777;1.9;75.44
1981-07-22;15.8;21.18;26.55;-0.01;24.503;2.0;45.84
1981-07-23;13.71;20.41;27.1;-0.01;24.828;1.3;37.76
1981-07-24;12.37;20.54;28.7;-0.01;24.198;0.57;33.86
1981-07-25;14.11;21.97;29.83;-0.01;24.598;0.99;31.14
1981-07-26;14.32;22.11;29.89;-0.01;25.005;1.8;28.69
1981-07-27;16.24;22.55;28.86;21.12;12.487;2.33;45.58
1981-07-28;13.8;21.6;29.4;-0.01;24.903;1.0;36.27
1981-07-29;17.39;23.77;30.14;6.15;21.292;0.89;36.61
1981-07-30;17.4;23.65;29.9;10.06;19.497;0.59;51.22
1981-07-31;16.9;23.96;31.03;3.45;17.906;1.7;35.2
1981-08-01;17.45;23.07;28.69;-0.01;20.534;3.02;49.26
1981-08-02;17.2;22.99;28.79;-0.01;20.457;1.7;46.03
1981-08-03;15.49;22.1;28.71;0.59;19.202;1.2;42.72
1981-08-04;17.2;22.29;27.38;-0.01;19.458;2.9;38.98
1981-08-05;16.78;21.63;26.49;-0.01;17.503;2.61;38.55
1981-08-06;16.53;19.11;21.69;22.03;4.107;1.4;76.1
1981-08-07;16.3;19.7;23.1;13.91;5.435;1.91;73.88
1981-08-08;16.9;22.7;28.51;1.41;15.628;0.5;55.76
1981-08-09;15.42;22.68;29.95;-0.01;22.435;0.5;43.47
1981-08-10;17.81;23.88;29.96;-0.01;13.795;1.7;40.76
1981-08-11;18.51;24.31;30.11;3.92;19.054;2.93;48.42
1981-08-12;17.21;23.61;30.0;3.53;21.493;1.91;48.39
1981-08-13;16.96;23.66;30.35;-0.01;21.898;0.9;47.26
1981-08-14;16.91;23.81;30.71;0.01;17.203;1.19;41.2
1981-08-15;17.01;23.93;30.85;7.89;20.383;1.6;39.47
1981-08-16;17.01;23.15;29.29;-0.01;21.003;1.7;47.41
1981-08-17;16.6;22.3;27.99;1.41;19.56;1.95;48.23
1981-08-18;15.31;21.61;27.9;1.79;20.003;2.0;49.67
1981-08-19;12.56;18.22;23.88;-0.01;20.502;3.2;45.9
1981-08-20;11.69;14.18;16.68;24.7;3.037;1.9;87.75
1981-08-21;11.5;16.13;20.77;-0.01;19.405;1.91;45.32
1981-08-22;9.26;15.51;21.76;-0.01;20.311;0.49;36.65
1981-08-23;12.69;19.39;26.1;2.39;8.725;1.8;37.76
1981-08-24;13.3;20.2;27.1;3.15;13.686;2.3;53.0
1981-08-25;14.43;20.02;25.61;2.81;18.408;1.3;54.33
1981-08-26;13.9;19.16;24.41;0.89;13.471;0.37;49.62
1981-08-27;13.7;20.24;26.79;4.66;18.204;1.81;49.05
1981-08-28;10.01;15.45;20.88;-0.01;21.024;2.8;45.08
1981-08-29;7.47;14.54;21.6;-0.01;21.427;0.99;32.19
1981-08-30;8.3;16.44;24.58;1.13;20.523;1.8;33.83
1981-08-31;9.7;14.88;20.07;0.0;14.81;3.0;49.78
1981-09-01;7.51;16.82;26.14;4.68;17.048;2.3;30.65
1981-09-02;12.41;18.3;24.18;-0.01;15.359;2.29;46.88
1981-09-03;10.7;16.35;22.0;-0.01;18.397;2.29;35.8
1981-09-04;9.89;15.67;21.45;-0.01;17.906;2.79;33.71
1981-09-05;7.79;14.79;21.8;-0.01;16.3;2.0;41.85
1981-09-06;10.4;17.05;23.7;-0.01;18.506;1.3;38.04
1981-09-07;11.7;16.74;21.79;0.03;15.461;3.95;38.76
1981-09-08;10.71;14.61;18.5;-0.01;13.572;4.21;37.93
1981-09-09;8.7;13.04;17.38;-0.01;15.803;4.04;34.33
1981-09-10;5.45;11.52;17.59;-0.01;18.717;2.3;29.31
1981-09-11;4.15;11.61;19.06;10.2;14.202;1.09;32.53
1981-09-12;8.89;11.44;13.99;0.59;3.856;2.4;53.61
1981-09-13;9.86;13.78;17.7;0.0;9.164;2.5;52.46
1981-09-14;8.8;15.26;21.71;-0.01;17.819;2.1;33.38
1981-09-15;10.29;17.36;24.42;2.02;10.108;3.39;39.26
1981-09-16;10.9;16.96;23.01;-0.01;16.501;2.4;40.04
1981-09-17;8.38;14.64;20.9;1.98;7.874;2.4;49.83
1981-09-18;6.68;11.66;16.64;0.06;7.453;0.99;51.63
1981-09-19;7.05;13.08;19.1;-0.01;17.668;1.89;35.57
1981-09-20;9.39;15.95;22.5;13.12;6.879;2.5;50.14
1981-09-21;9.94;15.17;20.4;3.06;9.764;1.7;62.67
1981-09-22;7.79;14.17;20.56;0.0;15.417;1.1;38.98
1981-09-23;6.2;14.12;22.03;-0.01;14.607;1.8;36.65
1981-09-24;12.87;18.5;24.12;2.46;9.186;2.6;46.36
1981-09-25;12.43;16.06;19.69;11.89;2.559;1.5;76.42
1981-09-26;13.01;20.47;27.93;-0.01;15.102;2.5;35.91
1981-09-27;12.51;19.07;25.63;-0.01;14.823;1.3;43.4
1981-09-28;11.51;16.55;21.59;0.01;13.001;3.62;52.92
1981-09-29;9.06;15.39;21.73;-0.01;13.647;1.4;41.72
1981-09-30;8.76;15.79;22.83;-0.01;15.2;1.2;37.79
1981-10-01;10.41;17.17;23.93;3.25;7.173;1.3;43.75
1981-10-02;11.23;16.01;20.79;1.58;5.171;0.9;76.22
1981-10-03;8.39;14.0;19.6;-0.01;13.406;1.2;48.12
1981-10-04;7.39;13.84;20.29;-0.01;10.88;0.99;41.77
1981-10-05;8.9;15.57;22.25;-0.02;11.801;2.6;39.79
1981-10-06;10.81;15.62;20.43;3.45;4.914;3.0;59.93
1981-10-07;7.78;12.04;16.31;1.09;12.589;2.6;54.72
1981-10-08;6.49;11.84;17.2;-0.01;11.302;2.5;35.08
1981-10-09;4.79;11.14;17.5;-0.01;12.306;1.9;31.95
1981-10-10;8.5;15.45;22.4;-0.01;8.086;2.3;42.99
1981-10-11;10.71;16.72;22.73;0.44;10.298;2.4;48.13
1981-10-12;9.52;14.37;19.22;-0.01;6.496;2.6;54.61
1981-10-13;7.2;12.18;17.16;-0.01;11.406;2.3;34.15
1981-10-14;6.18;13.55;20.93;-0.01;10.436;2.29;31.68
1981-10-15;10.01;16.16;22.31;-0.01;11.5;2.1;37.55
1981-10-16;10.01;14.36;18.71;0.39;3.291;1.5;66.44
1981-10-17;11.21;17.01;22.8;-0.01;10.002;2.7;51.59
1981-10-18;9.64;16.65;23.66;-0.01;9.456;1.5;47.51
1981-10-19;9.51;15.11;20.71;-0.01;10.006;1.6;53.08
1981-10-20;8.29;14.13;19.98;2.57;5.763;1.18;54.58
1981-10-21;0.5;6.76;13.02;-0.01;9.996;2.1;46.88
1981-10-22;-0.9;5.89;12.69;-0.01;10.34;1.79;29.15
1981-10-23;4.29;11.71;19.13;1.02;7.212;1.18;44.8
1981-10-24;7.37;10.41;13.45;-0.01;7.897;4.38;50.21
1981-10-25;4.1;8.48;12.87;-0.01;7.913;2.7;53.91
1981-10-26;9.43;14.53;19.62;-0.01;9.637;3.61;47.4
1981-10-27;7.7;11.68;15.65;0.01;9.62;4.4;38.62
1981-10-28;-0.41;5.03;10.47;-0.01;9.107;2.59;41.99
1981-10-29;-1.35;4.37;10.09;-0.01;9.507;1.8;28.42
1981-10-30;0.9;6.15;11.4;32.85;1.37;4.03;46.74
1981-10-31;2.0;6.08;10.16;-0.01;8.513;3.0;56.33
1981-11-01;2.12;7.47;12.83;-0.01;7.595;4.03;37.89
1981-11-02;1.91;5.99;10.06;-0.01;7.499;3.9;46.57
1981-11-03;-1.3;4.5;10.3;-0.01;8.522;1.8;44.19
1981-11-04;4.73;8.57;12.4;-0.01;4.598;1.6;67.29
1981-11-05;5.49;9.3;13.11;0.4;3.698;2.8;67.32
1981-11-06;1.38;5.54;9.7;-0.01;7.205;3.3;45.58
1981-11-07;-1.02;3.58;8.19;-0.01;7.428;2.2;48.21
1981-11-08;-1.82;3.16;8.14;-0.01;7.3;1.4;44.28
1981-11-09;-2.11;2.79;7.7;-0.01;6.997;0.87;48.86
1981-11-10;-2.6;2.45;7.5;-0.01;6.304;1.39;49.98
1981-11-11;-1.8;2.6;7.0;-0.01;6.814;2.0;59.15
1981-11-12;0.1;4.55;9.0;-0.01;6.291;1.79;55.04
1981-11-13;0.4;5.1;9.8;-0.01;5.299;2.51;64.39
1981-11-14;6.2;10.28;14.36;-0.01;5.897;2.39;61.0
1981-11-15;5.85;8.22;10.6;-0.01;6.114;4.3;70.35
1981-11-16;0.09;4.05;8.01;1.86;0.893;2.8;85.81
1981-11-17;-0.34;4.55;9.44;-0.01;6.107;2.1;48.89
1981-11-18;2.7;7.07;11.45;4.0;6.405;4.06;60.61
1981-11-19;3.39;6.55;9.71;-0.01;6.804;2.09;71.03
1981-11-20;2.73;8.27;13.81;1.5;6.096;2.7;53.7
1981-11-21;10.57;14.39;18.22;-0.01;4.101;2.75;72.4
1981-11-22;9.94;13.78;17.62;-0.01;6.122;2.7;68.06
1981-11-23;8.37;12.75;17.14;-0.01;6.121;3.2;68.73
1981-11-24;8.0;11.71;15.42;-0.01;4.35;4.0;65.83
1981-11-25;6.61;10.45;14.29;2.58;4.095;3.31;72.74
1981-11-26;5.61;9.78;13.94;0.3;5.099;3.4;63.75
1981-11-27;-0.11;3.66;7.43;-0.01;3.953;2.2;57.31
1981-11-28;-1.33;1.38;4.1;-0.01;5.549;0.89;66.82
1981-11-29;-1.3;1.35;4.01;0.59;2.693;2.4;66.89
1981-11-30;0.43;2.04;3.66;23.82;1.067;5.68;86.65
1981-12-01;-3.21;-0.26;2.69;-0.01;2.479;5.84;60.47
1981-12-02;-4.02;-1.42;1.17;-0.01;4.999;1.39;55.08
1981-12-03;-4.2;-1.2;1.8;-0.01;5.104;1.2;59.83
1981-12-04;-4.91;-1.13;2.65;-0.01;5.101;2.55;54.99
1981-12-05;-0.31;3.7;7.71;2.2;4.9;5.54;54.81
1981-12-06;5.4;6.67;7.93;12.25;1.499;4.0;84.99
1981-12-07;7.41;11.28;15.14;2.52;4.602;5.65;66.12
1981-12-08;7.52;10.71;13.9;-0.01;5.003;5.2;55.94
1981-12-09;5.81;9.45;13.08;-0.01;4.799;3.3;60.58
1981-12-10;5.36;9.14;12.92;0.6;4.502;3.3;64.38
1981-12-11;-0.09;3.12;6.33;-0.01;4.7;1.2;73.41
1981-12-12;-1.7;1.35;4.4;1.09;4.503;1.9;71.59
1981-12-13;3.53;5.52;7.51;-0.01;1.996;2.7;66.54
1981-12-14;1.31;3.83;6.34;0.0;4.999;2.7;63.25
1981-12-15;2.59;6.29;9.98;0.79;3.845;4.71;62.57
1981-12-16;0.3;3.85;7.4;5.98;3.602;3.73;67.88
1981-12-17;-4.0;-0.95;2.1;0.49;2.7;3.01;53.87
1981-12-18;-9.89;-6.08;-2.27;-0.01;5.2;6.04;31.37
1981-12-19;-12.39;-8.7;-5.01;1.9;5.304;4.15;25.94
1981-12-20;-6.64;-1.86;2.92;3.8;3.099;4.01;76.1
1981-12-21;-3.8;-0.13;3.55;-0.01;1.788;3.5;78.5
1981-12-22;0.6;3.05;5.51;-0.01;5.099;2.5;68.7
1981-12-23;-1.09;1.1;3.29;-0.01;1.989;1.6;76.38
1981-12-24;-3.21;-1.63;-0.04;10.3;2.089;1.58;75.81
1981-12-25;-14.87;-6.44;1.99;5.09;3.091;2.2;51.78
1981-12-26;-10.89;-4.0;2.9;1.9;3.599;4.71;56.76
1981-12-27;-13.61;-6.67;0.27;2.02;2.097;3.5;54.49
1981-12-28;-14.43;-5.31;3.81;12.3;2.598;3.91;45.87
1981-12-29;0.01;2.85;5.69;0.61;2.7;2.8;77.52
1981-12-30;0.81;4.56;8.3;1.63;1.569;3.91;65.22
1981-12-31;-3.0;2.66;8.31;1.19;3.898;3.9;48.95
1982-01-01;-4.7;-1.1;2.5;1.9;3.599;0.99;65.55
1982-01-02;-2.2;0.43;3.07;6.73;2.991;2.6;79.35
1982-01-03;-8.4;-4.75;-1.11;-0.01;4.998;2.91;42.92
1982-01-04;-12.34;-9.17;-6.0;-0.01;5.206;3.3;27.64
1982-01-05;-13.09;-8.95;-4.81;-0.01;6.0;3.4;16.48
1982-01-06;-6.7;-3.56;-0.42;7.56;1.276;3.6;63.42
1982-01-07;-8.95;-4.86;-0.78;-0.01;4.898;4.21;68.29
1982-01-08;-5.49;-1.15;3.2;0.0;3.798;6.06;62.18
1982-01-09;-4.71;-0.75;3.21;-0.01;3.392;1.7;80.63
1982-01-10;-8.22;-3.42;1.39;0.29;2.798;3.9;72.45
1982-01-11;-9.53;-3.51;2.5;0.27;5.204;3.71;42.27
1982-01-12;1.03;3.18;5.32;1.59;2.379;5.2;75.27
1982-01-13;-5.9;-1.25;3.4;0.51;4.389;4.6;49.78
1982-01-14;-5.92;-2.47;0.98;-0.01;4.898;2.2;50.2
1982-01-15;-4.21;-1.19;1.82;-0.01;4.596;1.8;74.61
1982-01-16;-6.22;-3.31;-0.41;-0.01;5.035;2.4;59.81
1982-01-17;-7.92;-3.46;1.0;-0.01;5.417;2.3;50.62
1982-01-18;-5.0;-1.55;1.9;5.45;1.203;3.9;73.73
1982-01-19;-5.51;-2.16;1.19;1.81;3.497;2.9;74.65
1982-01-20;-0.89;0.8;2.49;6.76;2.184;6.98;82.27
1982-01-21;-0.48;1.11;2.7;-0.01;2.248;4.45;89.34
1982-01-22;-3.02;-0.91;1.21;-0.02;2.297;5.11;67.14
1982-01-23;-5.5;-2.95;-0.4;-0.01;6.899;5.71;50.46
1982-01-24;-7.79;-4.91;-2.03;-0.01;6.103;4.5;37.37
1982-01-25;-8.64;-5.37;-2.1;-0.01;6.513;3.0;35.39
1982-01-26;-9.05;-5.2;-1.35;-0.01;6.198;2.1;37.93
1982-01-27;-7.2;-2.87;1.46;9.3;2.226;3.1;70.15
1982-01-28;-0.6;0.95;2.5;4.77;3.689;2.75;88.58
1982-01-29;-0.8;0.68;2.16;8.64;1.252;2.8;91.72
1982-01-30;-8.05;-2.88;2.3;-0.01;8.307;1.3;72.63
1982-01-31;-0.89;1.25;3.4;-0.01;4.299;3.0;84.93
1982-02-01;-6.7;-1.97;2.76;-0.01;4.295;1.49;79.43
1982-02-02;-7.92;-2.96;1.99;-0.01;6.199;0.27;62.42
1982-02-03;-7.47;-2.65;2.16;0.0;4.295;2.1;71.11
1982-02-04;-7.53;-3.58;0.38;-0.01;7.633;2.9;58.14
1982-02-05;-8.33;-3.96;0.4;-0.01;7.3;2.1;51.98
1982-02-06;-9.34;-5.22;-1.1;-0.01;8.503;2.19;39.81
1982-02-07;-9.94;-5.63;-1.31;-0.01;8.434;2.2;33.97
1982-02-08;-9.9;-5.35;-0.8;-0.01;8.304;3.0;33.55
1982-02-09;-11.73;-6.54;-1.35;-0.01;8.609;1.38;37.41
1982-02-10;-13.33;-7.51;-1.7;-0.01;8.641;0.51;45.01
1982-02-11;-12.36;-7.02;-1.69;-0.01;8.413;3.0;48.69
1982-02-12;-12.66;-7.63;-2.61;-0.01;9.3;2.2;44.83
1982-02-13;-14.19;-8.4;-2.61;-0.01;9.602;3.24;36.56
1982-02-14;-14.25;-8.44;-2.62;-0.01;9.602;2.8;33.48
1982-02-15;-14.22;-7.75;-1.27;-0.01;9.499;1.19;33.88
1982-02-16;-9.33;-4.61;0.11;-0.01;5.383;0.39;64.76
1982-02-17;-11.1;-4.99;1.12;-0.01;9.607;1.28;49.05
1982-02-18;-10.48;-5.04;0.4;-0.01;10.464;2.1;54.55
1982-02-19;-11.4;-6.11;-0.81;-0.01;11.521;3.4;44.49
1982-02-20;-13.7;-7.64;-1.59;-0.01;10.599;1.1;42.78
1982-02-21;-12.09;-6.3;-0.52;-0.01;6.999;2.19;43.5
1982-02-22;-13.52;-7.36;-1.2;-0.01;11.512;0.89;47.61
1982-02-23;-15.7;-9.25;-2.8;-0.01;11.401;0.24;43.22
1982-02-24;-15.09;-8.82;-2.55;-0.01;11.517;1.49;42.58
1982-02-25;-8.72;-4.77;-0.81;0.8;6.898;1.69;62.24
1982-02-26;-7.44;-3.67;0.11;2.34;8.779;2.5;76.7
1982-02-27;-11.88;-7.2;-2.52;0.5;12.193;4.81;68.82
1982-02-28;-14.1;-8.81;-3.52;-0.01;10.995;5.4;54.5
1982-03-01;-13.84;-6.37;1.1;1.46;5.692;3.69;72.06
1982-03-02;-10.6;-4.25;2.09;-0.01;11.917;2.6;73.85
1982-03-03;-11.02;-3.91;3.2;-0.01;13.044;2.0;65.77
1982-03-04;-3.52;0.88;5.28;-0.01;12.436;2.64;66.53
1982-03-05;0.9;5.66;10.41;-0.01;11.306;2.4;57.57
1982-03-06;0.91;7.62;14.32;-0.01;12.9;3.83;49.98
1982-03-07;-0.51;3.33;7.18;3.34;6.296;4.6;69.19
1982-03-08;-2.2;0.84;3.89;-0.01;13.61;3.2;44.29
1982-03-09;-0.12;5.0;10.11;0.49;7.324;4.21;45.01
1982-03-10;-1.4;1.55;4.49;-0.01;10.2;5.58;47.11
1982-03-11;-4.3;-0.81;2.67;-0.01;10.101;4.5;37.42
1982-03-12;-8.55;-2.34;3.87;-0.01;14.909;1.18;29.59
1982-03-13;-1.89;3.94;9.76;-0.01;15.187;1.2;39.64
1982-03-14;-2.4;1.69;5.78;-0.01;7.384;3.92;56.19
1982-03-15;-6.76;-1.04;4.67;-0.01;14.817;1.6;25.65
1982-03-16;-4.56;1.22;7.0;-0.01;14.43;0.5;37.08
1982-03-17;-2.8;3.18;9.16;-0.01;14.605;0.59;37.12
1982-03-18;-2.61;4.44;11.49;-0.01;15.011;0.48;35.42
1982-03-19;-2.02;4.99;12.0;-0.01;15.022;1.3;37.19
1982-03-20;-0.7;6.27;13.24;-0.01;16.502;2.4;34.81
1982-03-21;-0.4;6.84;14.09;0.0;15.0;2.6;37.09
1982-03-22;4.2;6.29;8.38;0.48;4.276;2.1;79.94
1982-03-23;5.69;9.09;12.49;1.88;5.807;1.69;72.55
1982-03-24;4.5;9.91;15.31;-0.02;14.897;1.6;53.22
1982-03-25;6.46;11.6;16.73;6.74;4.595;3.5;67.91
1982-03-26;3.4;9.65;15.9;1.58;15.506;3.5;49.73
1982-03-27;0.7;6.35;12.0;0.3;9.9;1.3;50.39
1982-03-28;0.69;7.65;14.61;-0.01;17.719;1.38;35.31
1982-03-29;2.09;10.26;18.42;1.61;11.702;3.7;43.72
1982-03-30;5.41;11.62;17.83;0.71;10.289;3.2;57.1
1982-03-31;2.6;9.45;16.29;-0.01;17.193;2.51;37.81
1982-04-01;-0.2;8.43;17.05;0.01;17.326;0.48;36.68
1982-04-02;4.3;10.96;17.61;-0.01;15.191;0.42;46.41
1982-04-03;2.87;10.84;18.81;-0.01;16.698;2.8;36.71
1982-04-04;5.71;12.91;20.1;-0.01;18.205;3.3;40.92
1982-04-05;5.78;11.65;17.51;1.01;6.7;1.3;61.11
1982-04-06;3.6;10.76;17.92;-0.01;18.001;2.21;38.7
1982-04-07;5.52;12.42;19.33;0.3;11.014;3.1;51.96
1982-04-08;9.08;12.94;16.8;4.88;6.236;1.8;79.34
1982-04-09;11.01;15.61;20.2;-0.01;10.473;2.5;54.02
1982-04-10;8.05;14.63;21.21;-0.01;11.804;1.89;42.98
1982-04-11;5.99;12.77;19.54;-0.01;14.288;1.5;47.24
1982-04-12;8.2;14.78;21.36;0.0;19.704;1.39;44.07
1982-04-13;7.7;12.46;17.23;-0.01;11.378;2.84;55.34
1982-04-14;8.22;12.79;17.35;3.71;5.651;3.31;57.01
1982-04-15;6.02;11.28;16.54;-0.01;20.198;3.42;37.09
1982-04-16;6.92;13.21;19.5;-0.02;13.522;2.31;42.9
1982-04-17;8.32;14.92;21.52;0.39;16.296;2.7;46.2
1982-04-18;8.01;13.46;18.92;2.77;9.654;0.9;55.57
1982-04-19;5.39;13.86;22.33;-0.01;20.803;2.6;41.79
1982-04-20;11.64;16.98;22.31;0.9;9.621;3.5;46.19
1982-04-21;8.4;15.36;22.31;2.7;12.974;2.1;53.71
1982-04-22;8.6;13.85;19.1;5.81;12.271;3.4;55.37
1982-04-23;5.7;11.25;16.8;0.07;21.005;2.8;46.19
1982-04-24;6.21;9.24;12.28;0.69;16.438;3.61;48.69
1982-04-25;3.49;6.67;9.86;-0.01;16.236;4.91;34.58
1982-04-26;2.0;7.64;13.29;-0.01;19.403;2.81;34.48
1982-04-27;4.19;11.3;18.41;0.36;13.859;2.2;43.91
1982-04-28;7.05;14.59;22.13;-0.01;15.38;2.0;46.79
1982-04-29;11.31;17.32;23.33;6.13;12.377;0.5;57.51
1982-04-30;10.41;17.01;23.61;0.32;13.407;1.4;53.82
1982-05-01;12.0;19.13;26.26;-0.01;22.937;2.2;41.0
1982-05-02;12.51;19.57;26.63;-0.01;23.537;2.5;38.95
1982-05-03;11.8;19.37;26.93;-0.01;26.408;1.8;33.7
1982-05-04;10.04;18.95;27.87;-0.01;24.913;0.35;35.59
1982-05-05;12.3;16.16;20.01;4.62;3.742;1.99;73.61
1982-05-06;9.0;12.98;16.97;-0.01;10.877;3.0;62.72
1982-05-07;7.8;13.35;18.89;-0.01;18.198;3.21;41.8
1982-05-08;8.9;13.44;17.98;-0.01;17.377;3.5;41.94
1982-05-09;7.5;12.88;18.27;-0.04;16.981;3.0;50.74
1982-05-10;9.12;12.4;15.69;3.7;4.897;4.11;70.17
1982-05-11;9.82;13.04;16.27;4.61;4.094;2.3;78.46
1982-05-12;11.4;15.8;20.2;4.7;12.182;2.6;60.02
1982-05-13;11.49;16.84;22.2;1.51;16.214;2.21;52.33
1982-05-14;11.41;16.86;22.3;6.01;12.963;2.5;54.6
1982-05-15;11.7;16.98;22.25;2.68;17.753;3.3;51.73
1982-05-16;12.62;16.56;20.5;10.09;8.193;3.32;65.65
1982-05-17;11.9;16.6;21.3;1.4;13.286;2.71;60.41
1982-05-18;10.4;16.25;22.1;0.39;17.804;1.7;52.38
1982-05-19;10.2;16.19;22.18;5.12;16.165;1.9;53.38
1982-05-20;9.9;14.39;18.87;1.11;13.28;2.1;65.93
1982-05-21;8.39;13.77;19.15;1.14;15.513;2.6;53.63
1982-05-22;6.75;11.55;16.36;-0.01;22.009;2.7;29.09
1982-05-23;5.47;12.18;18.89;-0.01;27.117;1.6;30.89
1982-05-24;6.5;13.3;20.1;1.82;13.558;2.81;48.55
1982-05-25;6.18;14.54;22.9;-0.01;21.933;2.0;37.29
1982-05-26;12.8;18.97;25.14;1.47;17.594;2.31;38.91
1982-05-27;12.91;18.61;24.3;-0.01;19.507;3.12;44.17
1982-05-28;14.6;17.14;19.69;11.99;8.715;2.83;80.82
1982-05-29;12.31;15.7;19.09;25.63;7.859;1.6;81.3
1982-05-30;12.01;14.91;17.81;22.52;8.372;3.52;82.52
1982-05-31;10.71;16.85;22.99;0.02;25.316;1.29;46.83
1982-06-01;12.9;15.46;18.01;0.54;10.841;3.2;79.6
1982-06-02;9.57;13.68;17.78;-0.01;22.013;4.75;44.37
1982-06-03;7.97;13.68;19.4;-0.01;22.505;2.3;41.03
1982-06-04;10.79;12.58;14.37;8.27;2.716;2.2;79.14
1982-06-05;9.41;13.79;18.16;0.54;18.622;3.6;51.12
1982-06-06;7.31;14.49;21.67;-0.01;28.015;0.69;37.62
1982-06-07;10.8;15.2;19.59;2.51;7.46;2.1;61.44
1982-06-08;8.48;13.13;17.77;0.75;18.763;3.35;39.79
1982-06-09;6.82;12.94;19.05;-0.01;22.801;1.9;38.53
1982-06-10;7.49;12.5;17.51;-0.01;22.398;3.0;36.05
1982-06-11;7.58;12.46;17.34;-0.01;19.257;3.22;43.4
1982-06-12;11.17;16.18;21.2;-0.01;15.36;2.39;51.48
1982-06-13;11.37;16.82;22.28;-0.01;21.057;1.8;49.0
1982-06-14;10.7;17.9;25.1;-0.01;20.604;1.4;40.68
1982-06-15;15.53;21.63;27.74;0.38;24.799;2.91;36.68
1982-06-16;9.0;15.04;21.08;0.61;20.376;3.12;50.71
1982-06-17;8.89;12.72;16.55;-0.01;22.474;3.11;36.19
1982-06-18;7.67;11.95;16.23;-0.02;18.986;3.0;41.54
1982-06-19;7.96;13.38;18.79;-0.01;20.873;2.6;40.2
1982-06-20;9.88;14.03;18.18;2.51;20.574;3.93;48.43
1982-06-21;8.17;12.16;16.16;-0.01;18.452;3.62;45.07
1982-06-22;8.16;13.93;19.7;-0.01;24.31;2.8;31.01
1982-06-23;8.68;15.91;23.15;-0.01;25.822;2.61;27.54
1982-06-24;10.25;17.07;23.9;-0.01;25.396;2.89;26.21
1982-06-25;11.26;16.82;22.37;-0.01;23.398;2.5;33.07
1982-06-26;8.4;14.74;21.08;-0.01;21.849;2.0;35.97
1982-06-27;7.97;15.58;23.19;0.49;10.844;2.4;40.09
1982-06-28;13.11;18.2;23.28;0.38;16.779;2.7;57.35
1982-06-29;11.3;16.77;22.25;-0.01;30.635;2.62;35.96
1982-06-30;9.55;16.88;24.2;-0.01;29.219;1.8;27.5
1982-07-01;9.97;18.89;27.81;-0.01;28.508;1.29;24.61
1982-07-02;13.8;20.41;27.03;-0.01;25.502;2.65;31.46
1982-07-03;12.6;20.8;29.0;-0.01;25.315;0.99;30.9
1982-07-04;15.3;22.71;30.12;3.03;18.514;1.79;33.7
1982-07-05;14.51;20.3;26.09;-0.01;28.505;2.5;29.5
1982-07-06;12.5;18.08;23.66;1.45;17.003;1.8;48.36
1982-07-07;14.14;18.3;22.46;1.99;12.69;3.51;56.64
1982-07-08;12.9;19.14;25.39;-0.01;27.109;3.2;32.46
1982-07-09;12.37;18.79;25.2;5.63;10.781;2.2;51.76
1982-07-10;11.06;17.93;24.79;-0.01;25.502;2.3;32.89
1982-07-11;12.2;19.14;26.08;-0.01;26.997;1.0;29.8
1982-07-12;13.69;19.18;24.66;-0.01;11.208;2.0;40.49
1982-07-13;13.11;17.86;22.6;-0.01;18.801;3.82;38.03
1982-07-14;12.29;18.18;24.07;-0.01;26.134;2.7;29.53
1982-07-15;14.89;19.77;24.65;7.91;17.475;2.2;45.2
1982-07-16;11.8;16.04;20.28;1.74;19.61;4.07;46.2
1982-07-17;10.9;16.55;22.19;0.0;20.397;3.14;35.34
1982-07-18;11.19;18.03;24.87;-0.01;27.512;2.3;26.89
1982-07-19;9.8;17.4;25.0;-0.01;25.502;1.69;25.33
1982-07-20;15.01;21.05;27.1;12.29;16.09;4.1;25.33
1982-07-21;14.94;17.03;19.12;25.65;3.009;4.0;75.67
1982-07-22;14.5;17.89;21.29;2.81;7.336;3.72;62.04
1982-07-23;15.4;18.84;22.29;-0.01;9.107;3.96;56.37
1982-07-24;15.3;19.95;24.6;-0.01;20.165;3.42;34.9
1982-07-25;14.99;20.03;25.07;-0.01;17.08;2.19;45.46
1982-07-26;13.9;20.09;26.27;-0.01;18.179;0.8;47.08
1982-07-27;13.69;19.93;26.17;0.03;20.262;2.1;37.58
1982-07-28;10.46;16.71;22.96;-0.01;26.104;2.3;28.7
1982-07-29;8.29;16.54;24.78;-0.01;26.113;0.38;31.16
1982-07-30;14.9;19.68;24.47;9.2;9.326;2.7;47.92
1982-07-31;15.8;22.0;28.19;2.43;20.413;2.2;46.05
1982-08-01;12.66;18.38;24.1;-0.01;21.297;2.0;37.21
1982-08-02;11.09;18.09;25.09;-0.01;25.019;1.8;28.28
1982-08-03;13.0;16.05;19.09;-0.02;5.492;3.32;61.67
1982-08-04;12.88;18.44;24.0;-0.01;21.895;2.2;36.31
1982-08-05;15.2;20.7;26.2;3.39;10.351;1.7;46.14
1982-08-06;15.3;19.2;23.1;11.91;5.877;3.2;74.35
1982-08-07;13.89;19.45;25.0;-0.01;24.898;3.21;36.78
1982-08-08;12.99;19.32;25.64;-0.01;24.994;1.89;42.25
1982-08-09;13.28;17.59;21.89;5.15;6.157;1.6;59.19
1982-08-10;13.4;17.99;22.58;0.29;22.698;3.82;44.65
1982-08-11;9.7;14.44;19.17;-0.01;18.809;3.3;46.25
1982-08-12;9.59;16.91;24.24;0.01;9.525;1.09;42.53
1982-08-13;12.16;21.14;30.13;1.95;20.807;2.1;32.29
1982-08-14;17.04;22.47;27.9;0.0;8.075;1.7;59.61
1982-08-15;17.43;23.86;30.29;3.03;18.871;2.2;43.93
1982-08-16;15.3;20.75;26.19;1.39;16.922;2.44;58.64
1982-08-17;12.98;15.33;17.68;2.51;6.191;3.7;68.97
1982-08-18;12.3;15.69;19.08;-0.01;17.819;3.13;42.12
1982-08-19;10.9;16.36;21.82;1.83;12.157;2.5;51.92
1982-08-20;10.71;18.8;26.89;2.5;21.6;2.1;32.13
1982-08-21;16.37;22.64;28.91;0.78;21.918;3.21;38.03
1982-08-22;17.12;20.8;24.49;12.81;5.582;2.93;64.95
1982-08-23;11.3;15.69;20.07;11.95;3.993;4.07;65.82
1982-08-24;10.38;13.73;17.08;-0.01;14.087;3.91;50.12
1982-08-25;10.0;14.45;18.9;4.16;15.495;2.91;53.73
1982-08-26;8.17;12.88;17.58;-0.01;16.527;3.13;44.13
1982-08-27;8.1;15.95;23.8;3.8;19.593;1.6;40.47
1982-08-28;11.68;17.43;23.17;2.51;11.389;1.3;55.91
1982-08-29;9.07;16.69;24.3;-0.01;20.318;1.0;35.93
1982-08-30;10.7;18.46;26.23;-0.01;17.213;2.8;42.39
1982-08-31;13.1;18.59;24.09;2.85;13.673;2.3;55.67
1982-09-01;12.0;16.64;21.28;0.29;19.411;1.86;39.46
1982-09-02;8.89;15.69;22.49;0.0;18.436;1.5;35.66
1982-09-03;14.79;20.2;25.61;0.32;12.703;3.81;33.39
1982-09-04;16.31;20.1;23.9;10.84;6.43;1.27;70.49
1982-09-05;12.2;16.59;20.99;0.29;11.464;2.9;55.17
1982-09-06;9.16;13.02;16.88;-0.01;20.316;4.1;30.66
1982-09-07;7.89;12.93;17.97;-0.01;19.589;3.32;30.64
1982-09-08;8.3;12.2;16.09;2.03;11.891;3.11;50.13
1982-09-09;10.42;15.55;20.67;-0.02;15.39;2.9;42.8
1982-09-10;8.57;13.69;18.8;-0.01;16.449;3.91;37.55
1982-09-11;7.09;13.58;20.07;-0.01;17.198;1.91;33.11
1982-09-12;8.49;13.55;18.6;-0.01;16.203;2.25;35.71
1982-09-13;6.4;11.73;17.06;-0.01;15.105;2.4;34.44
1982-09-14;6.12;11.41;16.69;-0.01;15.511;3.62;33.91
1982-09-15;5.04;9.52;14.0;0.93;6.885;1.1;56.36
1982-09-16;11.81;17.54;23.26;-0.01;10.201;2.61;49.9
1982-09-17;6.46;12.22;17.98;-0.01;18.114;3.6;38.37
1982-09-18;4.48;11.09;17.69;-0.01;17.658;0.49;29.1
1982-09-19;6.54;10.01;13.47;-0.01;6.78;1.9;52.32
1982-09-20;5.25;9.06;12.87;0.01;15.315;3.53;33.12
1982-09-21;6.09;9.17;12.25;0.0;8.43;4.9;43.31
1982-09-22;4.58;8.33;12.08;-0.01;12.051;3.81;32.47
1982-09-23;3.1;9.05;15.0;0.45;14.478;2.09;34.62
1982-09-24;9.91;14.54;19.16;0.01;8.127;1.1;65.65
1982-09-25;12.39;19.05;25.72;-0.01;13.835;3.83;32.35
1982-09-26;10.92;15.98;21.05;0.73;13.536;3.2;44.12
1982-09-27;11.0;18.01;25.01;0.29;7.493;2.9;35.36
1982-09-28;14.79;21.21;27.64;0.0;14.901;3.52;38.77
1982-09-29;14.81;21.23;27.65;-0.01;14.852;3.5;37.44
1982-09-30;14.23;19.02;23.81;2.96;8.376;2.6;66.67
1982-10-01;14.07;19.54;25.01;0.59;7.792;2.69;59.58
1982-10-02;12.91;18.7;24.5;2.21;7.798;2.5;59.5
1982-10-03;13.76;17.27;20.78;6.94;3.154;3.5;84.24
1982-10-04;13.54;17.88;22.21;1.6;3.633;1.51;77.73
1982-10-05;13.33;16.82;20.3;1.11;3.139;2.6;80.88
1982-10-06;11.58;14.71;17.84;6.6;2.562;2.1;84.13
1982-10-07;8.82;14.41;20.0;-0.01;12.398;1.3;46.53
1982-10-08;9.5;15.26;21.02;1.61;9.456;2.79;49.53
1982-10-09;8.48;13.39;18.3;-0.01;12.101;1.81;47.57
1982-10-10;7.01;13.41;19.8;-0.01;12.906;1.5;38.7
1982-10-11;7.78;13.89;20.0;-0.01;11.389;2.1;44.05
1982-10-12;9.42;15.92;22.42;-0.01;10.819;3.0;44.4
1982-10-13;11.0;17.14;23.29;-0.01;10.6;2.81;48.07
1982-10-14;11.21;17.37;23.53;-0.01;9.966;3.2;44.85
1982-10-15;11.06;17.55;24.05;-0.01;11.108;2.7;42.22
1982-10-16;11.0;17.05;23.1;-0.01;10.314;2.5;48.16
1982-10-17;9.21;15.21;21.2;-0.01;8.593;1.6;50.56
1982-10-18;8.62;14.66;20.69;-0.01;10.303;2.4;45.16
1982-10-19;6.39;10.53;14.66;-0.01;2.822;2.2;75.73
1982-10-20;2.18;10.54;18.89;-0.01;10.706;1.9;40.28
1982-10-21;10.6;16.87;23.14;-0.01;10.397;3.1;34.82
1982-10-22;6.9;13.05;19.2;-0.01;5.926;3.3;47.11
1982-10-23;1.09;6.7;12.3;-0.01;9.698;1.5;38.05
1982-10-24;-1.2;5.71;12.62;-0.01;9.936;0.89;33.1
1982-10-25;1.38;7.09;12.8;-0.01;5.892;2.7;37.67
1982-10-26;4.6;8.89;13.19;1.77;2.093;2.2;72.37
1982-10-27;9.6;11.35;13.1;0.02;2.468;3.05;83.09
1982-10-28;8.86;11.63;14.41;-0.01;4.186;1.18;64.98
1982-10-29;4.84;9.82;14.81;-0.01;5.703;0.99;54.42
1982-10-30;4.26;9.5;14.74;-0.01;5.261;1.08;50.15
1982-10-31;8.4;12.05;15.71;-0.01;7.608;2.64;57.38
1982-11-01;7.62;11.31;15.01;-0.01;7.196;1.99;58.46
1982-11-02;-0.2;5.9;12.0;-0.01;6.609;2.8;36.5
1982-11-03;-1.2;4.33;9.87;-0.01;7.599;3.3;29.56
1982-11-04;3.4;6.54;9.67;0.44;6.7;4.41;42.0
1982-11-05;5.32;8.16;11.01;-0.01;2.858;2.35;71.54
1982-11-06;4.56;8.69;12.81;3.45;4.501;2.91;71.03
1982-11-07;3.0;6.61;10.21;3.08;3.293;1.08;72.45
1982-11-08;1.8;5.25;8.7;1.08;5.193;1.99;69.08
1982-11-09;-1.01;3.35;7.7;-0.01;7.201;1.6;49.75
1982-11-10;-1.0;3.61;8.21;-0.01;3.075;2.11;42.81
1982-11-11;-0.91;3.46;7.83;-0.01;7.508;2.1;41.32
1982-11-12;-1.44;3.01;7.46;-0.01;6.298;2.9;48.8
1982-11-13;-2.5;1.95;6.4;-0.01;4.199;1.8;56.6
1982-11-14;-2.8;1.25;5.3;3.14;5.098;2.5;62.89
1982-11-15;1.1;4.92;8.74;-0.01;3.199;2.7;65.38
1982-11-16;-1.02;3.44;7.9;-0.01;6.801;2.16;50.24
1982-11-17;-1.5;1.44;4.39;2.67;3.697;0.79;82.15
1982-11-18;-0.42;2.46;5.33;-0.01;4.501;2.0;73.61
1982-11-19;-1.51;1.29;4.09;-0.01;4.095;1.2;74.65
1982-11-20;0.91;2.31;3.7;6.92;1.8;4.62;86.61
1982-11-21;-2.31;0.25;2.82;0.3;2.807;4.4;60.81
1982-11-22;-4.14;-1.27;1.6;-0.01;5.199;1.7;45.1
1982-11-23;-4.05;-1.18;1.69;4.62;1.292;3.1;77.65
1982-11-24;-1.71;2.87;7.44;1.42;2.799;1.2;62.47
1982-11-25;4.23;7.82;11.41;0.77;4.698;1.6;78.47
1982-11-26;5.35;8.44;11.53;3.09;1.389;2.5;75.01
1982-11-27;-0.6;3.05;6.7;-0.01;4.605;2.3;67.42
1982-11-28;-2.8;0.81;4.42;-0.01;4.502;1.29;67.32
1982-11-29;-1.5;1.25;4.0;-0.01;4.201;2.7;71.98
1982-11-30;-4.61;-0.86;2.9;-0.01;3.399;0.77;78.3
1982-12-01;-2.51;0.44;3.39;-0.01;5.302;2.31;66.6
1982-12-02;-2.2;0.4;3.0;-0.01;2.195;3.4;78.09
1982-12-03;0.83;2.91;4.99;2.99;1.792;4.63;74.3
1982-12-04;1.02;3.01;5.0;3.49;1.078;3.0;84.2
1982-12-05;0.72;2.48;4.23;-0.01;1.896;1.3;78.82
1982-12-06;-0.3;2.15;4.6;2.33;3.004;3.61;78.73
1982-12-07;-0.5;2.04;4.59;-0.01;4.299;2.7;70.31
1982-12-08;0.74;3.18;5.61;3.58;1.375;4.01;76.6
1982-12-09;-1.09;1.31;3.7;0.19;1.604;2.6;79.29
1982-12-10;-2.1;0.52;3.14;-0.01;3.803;2.6;59.15
1982-12-11;-3.71;-0.21;3.3;3.96;5.2;2.9;57.46
1982-12-12;1.61;6.36;11.12;10.05;1.801;4.75;68.08
1982-12-13;-0.8;1.6;4.0;-0.01;3.7;1.5;67.29
1982-12-14;-0.6;2.21;5.02;-0.01;3.699;2.91;62.96
1982-12-15;-0.06;2.79;5.63;-0.01;5.099;2.21;67.83
1982-12-16;-0.38;2.23;4.83;-0.01;2.569;2.1;78.29
1982-12-17;3.21;5.76;8.3;-0.01;4.502;3.1;71.77
1982-12-18;1.42;4.5;7.59;-0.01;3.599;3.3;65.19
1982-12-19;2.67;6.29;9.91;-0.01;5.41;3.9;61.85
1982-12-20;3.83;6.08;8.33;1.89;1.155;4.26;78.97
1982-12-21;4.18;5.8;7.42;4.9;1.397;2.2;92.24
1982-12-22;2.73;5.58;8.42;-0.01;4.303;2.8;71.28
1982-12-23;1.03;3.25;5.46;-0.01;2.802;2.6;72.97
1982-12-24;1.74;4.22;6.71;0.67;3.0;3.19;73.68
1982-12-25;0.69;4.25;7.82;2.43;2.9;2.6;72.79
1982-12-26;-1.7;1.57;4.85;-0.01;5.599;2.0;63.82
1982-12-27;-3.23;-0.06;3.1;-0.01;5.002;1.27;65.03
1982-12-28;-4.19;-1.7;0.79;-0.01;5.038;0.97;70.01
1982-12-29;-4.67;-2.34;-0.02;-0.01;2.983;0.38;82.59
1982-12-30;-4.53;-1.67;1.2;0.79;3.495;1.4;76.61
1982-12-31;-4.7;-1.9;0.9;-0.01;1.5;0.89;92.73
1983-01-01;-6.23;-2.67;0.9;-0.01;3.296;1.47;78.72
1983-01-02;-2.0;0.3;2.6;2.49;2.895;2.0;82.1
1983-01-03;-0.99;1.0;2.99;3.34;1.258;1.78;88.83
1983-01-04;-4.0;0.32;4.64;1.88;5.204;3.1;73.8
1983-01-05;1.48;3.05;4.63;4.38;1.087;2.4;85.9
1983-01-06;0.53;2.06;3.6;0.02;1.478;1.0;83.17
1983-01-07;0.0;1.99;3.97;0.58;1.852;3.0;81.53
1983-01-08;-2.1;0.6;3.3;-0.01;4.574;0.87;76.11
1983-01-09;-1.92;0.24;2.39;1.71;2.898;2.09;81.98
1983-01-10;-0.29;1.56;3.42;0.74;2.199;1.6;81.89
1983-01-11;-1.89;0.31;2.5;-0.02;4.701;3.1;77.08
1983-01-12;-3.21;-0.8;1.6;-0.01;4.702;2.3;66.85
1983-01-13;-4.19;-1.51;1.18;-0.01;3.599;1.3;69.33
1983-01-14;-4.82;-2.11;0.6;-0.01;4.597;1.39;58.6
1983-01-15;-5.4;-2.51;0.39;-0.01;5.2;0.04;53.35
1983-01-16;-7.05;-3.32;0.4;-0.01;5.298;0.99;52.97
1983-01-17;-6.19;-2.81;0.58;-0.01;5.799;1.0;60.48
1983-01-18;-3.5;-1.1;1.3;-0.01;3.382;0.6;78.12
1983-01-19;-4.74;-1.83;1.08;-0.01;5.404;1.2;66.12
1983-01-20;-6.31;-3.31;-0.31;-0.01;5.498;1.09;60.8
1983-01-21;-7.92;-4.46;-1.01;-0.01;5.608;0.34;55.17
1983-01-22;-8.38;-4.56;-0.73;-0.01;5.9;0.5;50.56
1983-01-23;-8.13;-4.07;-0.01;-0.01;5.9;1.29;49.78
1983-01-24;-5.2;-2.6;0.01;0.08;2.167;2.71;63.77
1983-01-25;-4.57;-1.24;2.09;-0.01;5.501;2.6;75.33
1983-01-26;-3.08;-0.19;2.7;0.81;2.191;2.0;83.55
1983-01-27;-3.08;-0.29;2.5;4.48;2.075;1.2;82.84
1983-01-28;0.21;2.06;3.91;1.97;3.599;1.7;83.59
1983-01-29;-1.21;2.64;6.49;1.61;4.202;4.01;70.44
1983-01-30;-3.2;-0.48;2.25;-0.01;6.996;4.0;58.99
1983-01-31;-3.9;-1.1;1.7;-0.01;6.098;1.1;57.39
1983-02-01;-4.71;-1.95;0.81;-0.01;6.509;0.88;49.07
1983-02-02;-5.14;-1.76;1.61;-0.01;6.145;0.87;65.8
1983-02-03;-5.11;-1.26;2.6;-0.01;5.498;0.45;71.69
1983-02-04;-4.3;-0.65;3.0;0.0;4.499;0.59;74.25
1983-02-05;-0.8;0.95;2.7;1.51;2.591;2.5;86.34
1983-02-06;-1.1;2.35;5.8;5.3;8.405;1.19;71.82
1983-02-07;1.79;5.8;9.81;0.99;4.91;2.4;65.89
1983-02-08;-0.8;3.12;7.03;1.01;5.199;4.13;62.72
1983-02-09;0.81;4.97;9.13;2.52;6.096;4.0;58.41
1983-02-10;1.0;4.6;8.2;18.42;3.329;1.49;69.66
1983-02-11;6.61;11.24;15.87;1.08;2.935;5.95;68.45
1983-02-12;-7.0;0.16;7.32;0.99;4.802;5.2;44.02
1983-02-13;-8.91;-5.71;-2.52;-0.01;9.0;3.8;35.93
1983-02-14;-8.45;-4.06;0.32;2.22;7.195;3.7;36.86
1983-02-15;-1.26;2.27;5.8;3.73;2.114;3.7;72.36
1983-02-16;1.21;7.53;13.84;0.9;8.687;2.3;65.21
1983-02-17;-2.3;1.18;4.66;6.23;5.79;2.39;68.46
1983-02-18;-2.98;0.41;3.8;0.59;7.398;1.9;62.5
1983-02-19;-6.8;-3.13;0.54;-0.01;7.703;6.51;46.6
1983-02-20;-6.6;-2.38;1.85;0.0;9.913;4.81;55.46
1983-02-21;-0.29;3.32;6.93;-0.01;6.381;3.4;64.97
1983-02-22;-3.3;2.25;7.81;-0.01;10.403;1.47;52.49
1983-02-23;-3.48;-0.36;2.75;-0.01;8.504;2.19;55.92
1983-02-24;-6.41;-3.23;-0.04;1.5;6.397;1.89;50.41
1983-02-25;-4.1;-1.94;0.21;4.11;5.003;3.01;76.31
1983-02-26;-4.83;-2.35;0.13;8.78;4.253;3.9;80.32
1983-02-27;-8.64;-3.89;0.87;-0.01;10.844;2.79;56.22
1983-02-28;-7.42;-1.94;3.55;-0.01;7.329;2.39;54.62
1983-03-01;-0.6;4.77;10.13;15.58;2.683;5.54;59.47
1983-03-02;1.33;3.52;5.72;0.38;12.294;3.9;59.4
1983-03-03;1.09;4.79;8.5;-0.01;8.3;1.49;57.2
1983-03-04;2.6;5.47;8.34;4.99;3.154;2.64;80.83
1983-03-05;-4.5;0.59;5.68;0.56;10.399;5.3;51.1
1983-03-06;-8.75;-3.08;2.59;-0.01;11.9;4.3;29.42
1983-03-07;0.6;6.8;13.0;-0.01;14.21;3.6;45.84
1983-03-08;3.55;8.93;14.31;-0.02;7.182;2.2;58.67
1983-03-09;1.91;8.15;14.4;-0.01;12.599;2.19;49.92
1983-03-10;1.38;6.89;12.41;-0.01;7.286;0.88;65.7
1983-03-11;4.42;7.37;10.32;0.01;6.176;1.9;64.17
1983-03-12;1.22;6.04;10.87;-0.01;13.682;1.9;44.91
1983-03-13;0.1;5.25;10.4;-0.01;13.673;4.21;37.56
1983-03-14;-1.2;2.75;6.69;-0.01;14.62;4.22;34.78
1983-03-15;-3.05;1.76;6.57;-0.01;14.918;1.23;30.9
1983-03-16;-5.41;0.69;6.78;-0.01;15.004;0.15;34.74
1983-03-17;-2.7;2.02;6.74;-0.01;13.238;1.4;43.24
1983-03-18;-0.9;2.0;4.9;1.92;6.995;4.3;69.0
1983-03-19;-1.3;2.68;6.65;-0.01;8.178;5.34;47.3
1983-03-20;-9.67;-4.17;1.32;-0.01;15.801;4.21;27.61
1983-03-21;-11.89;-5.04;1.8;-0.01;14.825;2.4;27.99
1983-03-22;-1.6;1.84;5.28;0.23;9.473;2.3;54.81
1983-03-23;-8.87;-3.0;2.87;0.0;16.704;3.61;36.88
1983-03-24;-12.03;-4.24;3.55;-0.01;17.112;1.37;27.69
1983-03-25;-2.2;1.9;6.0;-0.01;16.995;2.6;29.61
1983-03-26;-2.5;1.98;6.47;-0.01;17.31;4.71;26.68
1983-03-27;-8.42;-2.68;3.06;-0.01;9.87;6.08;27.91
1983-03-28;-4.61;-0.01;4.6;-0.01;13.001;5.26;31.77
1983-03-29;-1.41;2.54;6.49;0.0;9.489;1.4;55.05
1983-03-30;-2.46;2.65;7.75;-0.01;13.446;0.38;48.54
1983-03-31;-1.9;3.08;8.05;-0.01;12.42;1.41;53.75
1983-04-01;1.0;6.58;12.17;-0.01;13.611;4.52;43.3
1983-04-02;1.5;6.04;10.57;-0.01;18.003;4.44;36.07
1983-04-03;-1.01;4.54;10.1;-0.01;18.318;2.7;29.0
1983-04-04;0.38;5.4;10.42;-0.01;16.718;2.1;33.18
1983-04-05;0.08;5.33;10.58;1.29;13.391;1.89;52.68
1983-04-06;1.26;7.13;13.01;-0.01;13.604;2.51;44.3
1983-04-07;2.39;8.19;13.99;-0.01;15.864;3.71;42.75
1983-04-08;2.8;7.85;12.9;-0.01;14.421;4.03;43.57
1983-04-09;3.81;7.65;11.48;-0.01;12.9;3.9;36.77
1983-04-10;2.46;6.54;10.61;-0.01;17.105;4.01;29.76
1983-04-11;-1.21;3.06;7.33;-0.01;20.499;3.5;24.73
1983-04-12;-2.81;1.8;6.42;-0.01;20.602;1.9;21.87
1983-04-13;-3.08;2.88;8.85;-0.01;20.101;1.97;26.19
1983-04-14;1.06;5.16;9.25;0.83;7.263;1.9;55.5
1983-04-15;1.08;8.16;15.25;-0.03;11.628;2.2;44.9
1983-04-16;4.1;11.5;18.91;-0.01;19.817;2.8;36.81
1983-04-17;6.32;11.41;16.5;4.9;11.842;3.41;57.4
1983-04-18;4.9;11.05;17.2;4.01;9.39;2.1;49.29
1983-04-19;1.9;9.9;17.9;-0.01;15.839;2.1;41.61
1983-04-20;7.2;10.55;13.9;1.08;8.499;4.84;63.71
1983-04-21;7.85;11.22;14.6;-0.01;12.26;3.11;44.48
1983-04-22;7.52;11.11;14.69;4.3;10.286;0.89;59.28
1983-04-23;4.37;9.34;14.31;-0.02;11.12;1.8;56.97
1983-04-24;2.71;8.6;14.49;-0.01;15.401;0.59;41.81
1983-04-25;5.2;10.34;15.48;0.0;12.163;2.2;46.21
1983-04-26;7.0;10.81;14.62;6.12;5.659;3.5;65.54
1983-04-27;7.0;12.1;17.2;1.49;12.906;2.81;53.71
1983-04-28;2.95;9.17;15.39;-0.01;19.205;3.71;42.22
1983-04-29;1.86;8.17;14.48;3.57;8.917;1.29;50.45
1983-04-30;3.19;10.2;17.2;-0.01;23.41;2.2;32.68
1983-05-01;0.54;11.67;22.81;0.33;20.139;2.0;32.68
1983-05-02;10.2;16.21;22.22;-0.01;20.301;2.3;49.6
1983-05-03;10.09;16.8;23.52;6.36;13.395;1.7;50.39
1983-05-04;9.82;14.01;18.2;7.44;11.852;2.6;69.61
1983-05-05;6.5;13.69;20.88;0.81;14.767;2.4;50.25
1983-05-06;10.4;16.05;21.7;-0.01;22.909;2.79;44.97
1983-05-07;7.58;14.34;21.11;-0.01;22.801;2.0;43.21
1983-05-08;5.88;14.24;22.6;7.13;12.959;1.4;49.51
1983-05-09;11.11;16.91;22.71;2.9;16.358;3.0;56.11
1983-05-10;5.91;11.01;16.1;-0.01;19.166;3.1;53.59
1983-05-11;5.29;12.76;20.24;-0.01;21.43;2.3;33.67
1983-05-12;9.69;16.7;23.71;0.78;21.996;1.91;37.69
1983-05-13;10.34;17.02;23.71;-0.01;28.502;2.4;37.3
1983-05-14;13.11;18.31;23.51;8.33;13.531;3.6;41.61
1983-05-15;11.81;17.02;22.22;9.18;15.873;3.0;56.05
1983-05-16;9.3;14.86;20.41;1.99;12.177;1.39;63.06
1983-05-17;8.98;15.63;22.29;-0.01;22.97;1.5;43.79
1983-05-18;11.5;16.49;21.49;12.18;10.391;2.0;59.7
1983-05-19;12.5;16.95;21.4;6.17;14.807;1.7;62.92
1983-05-20;7.4;13.0;18.6;-0.01;20.291;3.2;52.38
1983-05-21;6.9;11.6;16.3;4.31;11.684;1.7;63.5
1983-05-22;7.67;14.11;20.56;-0.01;26.506;1.7;39.77
1983-05-23;12.3;17.96;23.63;-0.01;14.867;2.3;39.58
1983-05-24;11.0;18.51;26.01;-0.01;26.054;2.7;36.97
1983-05-25;15.11;20.31;25.52;3.73;20.49;3.42;44.22
1983-05-26;12.91;17.97;23.03;6.44;11.895;2.3;62.41
1983-05-27;11.1;17.02;22.94;-0.01;27.227;2.2;40.46
1983-05-28;9.3;16.14;22.99;1.41;20.896;2.09;38.41
1983-05-29;13.13;18.07;23.0;11.7;11.975;2.4;55.81
1983-05-30;10.71;16.3;21.89;-0.01;23.093;0.99;55.23
1983-05-31;8.4;15.65;22.9;-0.01;22.854;1.0;41.79
1983-06-01;15.32;19.06;22.8;11.32;9.198;1.6;65.89
1983-06-02;12.8;18.1;23.4;-0.01;22.845;2.4;43.44
1983-06-03;13.4;18.09;22.79;-0.01;18.092;1.38;42.98
1983-06-04;11.59;17.29;22.99;-0.01;20.939;1.0;55.52
1983-06-05;9.29;15.2;21.1;-0.01;23.805;2.5;34.73
1983-06-06;7.57;14.18;20.78;-0.01;28.81;1.1;34.28
1983-06-07;6.4;14.55;22.69;-0.01;27.91;0.97;30.18
1983-06-08;11.09;18.45;25.82;-0.01;27.797;2.52;30.06
1983-06-09;12.64;19.99;27.34;-0.01;27.499;2.0;32.25
1983-06-10;12.83;19.41;26.0;-0.01;21.813;1.9;41.49
1983-06-11;11.77;18.44;25.11;-0.01;25.92;1.7;45.59
1983-06-12;10.1;18.82;27.53;-0.01;25.404;0.49;33.91
1983-06-13;12.8;20.36;27.92;-0.01;24.706;1.59;35.58
1983-06-14;13.8;21.01;28.21;-0.01;26.893;1.2;35.58
1983-06-15;12.44;20.98;29.52;-0.01;26.117;1.3;27.68
1983-06-16;16.32;22.96;29.6;-0.01;22.197;2.1;29.88
1983-06-17;16.31;22.51;28.71;-0.01;23.601;2.2;27.71
1983-06-18;16.31;22.0;27.7;-0.01;26.202;2.3;25.54
1983-06-19;13.69;20.54;27.4;-0.01;24.726;2.0;25.06
1983-06-20;14.9;20.55;26.21;2.35;16.213;3.62;30.91
1983-06-21;12.35;17.97;23.59;-0.01;29.824;3.68;21.19
1983-06-22;9.7;16.5;23.31;-0.01;29.419;2.1;22.43
1983-06-23;11.4;16.45;21.5;-0.01;28.306;3.42;24.08
1983-06-24;11.69;15.79;19.89;-0.01;16.976;4.11;29.37
1983-06-25;10.16;15.68;21.19;-0.01;19.157;3.72;36.69
1983-06-26;11.2;15.82;20.44;0.0;27.919;2.2;24.48
1983-06-27;12.09;18.64;25.2;3.74;13.961;2.62;36.65
1983-06-28;10.8;17.42;24.04;6.87;11.151;3.01;48.97
1983-06-29;10.69;18.84;27.0;2.2;18.912;1.89;36.73
1983-06-30;13.6;19.8;26.0;6.65;11.479;1.6;63.18
1983-07-01;12.17;19.98;27.8;1.38;23.519;1.2;36.19
1983-07-02;13.1;19.4;25.7;0.29;24.9;2.8;34.39
1983-07-03;11.8;16.26;20.71;1.19;18.795;1.8;51.3
1983-07-04;8.68;15.53;22.38;-0.01;29.512;1.88;26.9
1983-07-05;13.1;19.55;26.01;0.0;10.848;3.8;24.86
1983-07-06;13.17;17.73;22.29;4.81;13.811;3.1;48.46
1983-07-07;12.21;17.54;22.86;-0.01;22.287;3.9;32.51
1983-07-08;11.0;16.05;21.09;-0.01;27.827;3.64;25.07
1983-07-09;9.77;16.58;23.39;-0.01;28.014;2.8;23.67
1983-07-10;10.29;17.39;24.5;-0.01;24.596;1.9;28.76
1983-07-11;12.67;20.73;28.8;0.0;22.006;2.05;28.07
1983-07-12;15.7;23.17;30.65;-0.01;26.536;2.7;27.04
1983-07-13;16.9;23.56;30.22;-0.01;25.315;2.7;25.3
1983-07-14;15.7;22.25;28.8;-0.01;16.853;1.79;25.52
1983-07-15;13.09;21.6;30.11;0.61;20.442;2.1;24.5
1983-07-16;12.39;17.87;23.35;-0.01;26.739;3.52;25.23
1983-07-17;10.37;16.88;23.38;-0.01;25.6;2.21;23.17
1983-07-18;8.3;17.69;27.08;-0.01;26.526;0.29;23.25
1983-07-19;12.8;20.71;28.62;-0.01;15.854;1.4;20.61
1983-07-20;14.8;19.95;25.09;0.78;12.097;2.5;29.1
1983-07-21;11.79;20.06;28.33;-0.01;25.397;1.49;21.59
1983-07-22;11.89;22.11;32.32;-0.01;23.7;2.0;19.67
1983-07-23;15.32;24.16;33.0;9.1;21.006;2.91;18.08
1983-07-24;16.63;20.45;24.28;0.0;6.202;3.6;52.17
1983-07-25;15.7;22.09;28.48;0.0;18.374;0.67;41.81
1983-07-26;15.1;22.7;30.31;-0.01;20.081;0.9;28.6
1983-07-27;15.73;24.12;32.5;-0.01;24.509;1.0;22.58
1983-07-28;16.43;24.82;33.22;1.01;23.699;1.19;22.75
1983-07-29;17.23;25.17;33.11;2.07;21.84;1.8;24.37
1983-07-30;17.2;23.0;28.8;-0.01;23.635;3.61;25.2
1983-07-31;14.48;22.06;29.65;-0.01;25.131;1.3;20.82
1983-08-01;15.3;23.51;31.72;3.32;13.571;2.0;22.97
1983-08-02;17.23;23.67;30.11;3.91;17.061;1.1;37.15
1983-08-03;17.1;19.34;21.58;25.29;4.116;3.0;77.18
1983-08-04;17.0;19.11;21.21;0.29;5.622;3.41;76.75
1983-08-05;16.11;19.84;23.58;-0.01;9.921;3.32;51.02
1983-08-06;14.29;19.69;25.09;-0.01;20.7;2.72;35.41
1983-08-07;13.16;19.13;25.1;-0.01;20.475;2.0;30.47
1983-08-08;12.38;18.84;25.3;-0.01;21.414;1.2;27.69
1983-08-09;13.59;19.45;25.3;-0.01;23.413;2.21;27.48
1983-08-10;10.29;19.59;28.89;-0.01;22.296;1.5;23.94
1983-08-11;14.91;22.74;30.58;-0.01;25.834;2.31;20.28
1983-08-12;15.2;23.49;31.79;-0.01;23.516;2.3;18.23
1983-08-13;16.89;24.2;31.52;-0.01;25.305;2.49;18.59
1983-08-14;15.8;23.86;31.91;-0.01;25.026;1.3;16.25
1983-08-15;15.8;24.27;32.74;0.84;23.698;1.4;16.84
1983-08-16;17.31;24.42;31.54;2.31;19.729;2.8;24.82
1983-08-17;16.92;23.92;30.92;-0.02;21.11;2.5;24.02
1983-08-18;18.1;24.95;31.81;0.01;20.729;2.24;21.12
1983-08-19;18.34;25.57;32.8;0.46;18.605;1.9;19.87
1983-08-20;17.84;23.95;30.06;-0.01;13.251;1.5;23.64
1983-08-21;18.26;23.39;28.51;3.12;5.559;2.0;33.27
1983-08-22;16.5;23.36;30.21;-0.01;18.815;2.8;24.55
1983-08-23;12.49;17.98;23.48;-0.01;21.007;4.24;21.39
1983-08-24;9.98;17.43;24.87;-0.01;21.507;1.8;18.19
1983-08-25;8.24;17.57;26.91;-0.01;21.205;1.4;17.31
1983-08-26;10.99;20.5;30.0;-0.01;20.818;1.39;17.56
1983-08-27;15.31;22.2;29.09;-0.01;20.218;1.91;23.05
1983-08-28;16.22;21.92;27.63;0.07;16.198;2.0;32.87
1983-08-29;11.3;16.98;22.65;0.39;11.369;0.59;47.12
1983-08-30;8.88;18.14;27.4;-0.01;20.326;0.99;20.32
1983-08-31;11.51;18.95;26.4;-0.01;19.1;2.3;26.62
1983-09-01;11.36;18.09;24.83;-0.02;16.806;1.8;24.37
1983-09-02;11.1;16.79;22.48;-0.01;18.305;3.11;22.75
1983-09-03;8.89;14.69;20.48;-0.02;14.502;3.95;28.88
1983-09-04;9.36;15.13;20.91;-0.01;16.502;3.93;22.77
1983-09-05;7.8;16.85;25.9;-0.01;19.434;2.3;21.25
1983-09-06;13.2;20.9;28.6;0.0;19.444;1.6;23.91
1983-09-07;13.33;21.69;30.05;-0.02;18.598;2.7;20.39
1983-09-08;14.11;19.16;24.2;1.15;7.052;1.1;43.71
1983-09-09;13.5;19.9;26.3;-0.01;10.379;2.7;31.81
1983-09-10;9.39;16.1;22.81;-0.01;11.892;1.1;24.48
1983-09-11;12.69;21.16;29.62;-0.01;17.941;2.3;19.98
1983-09-12;15.31;19.8;24.3;29.79;5.975;2.0;50.53
1983-09-13;9.91;14.04;18.17;2.02;4.653;5.44;52.2
1983-09-14;8.38;12.73;17.09;-0.01;17.118;4.47;27.34
1983-09-15;6.5;11.96;17.41;-0.01;18.23;2.7;25.27
1983-09-16;6.17;13.25;20.32;-0.01;20.0;1.08;27.83
1983-09-17;5.87;13.94;22.01;-0.01;17.619;0.44;28.51
1983-09-18;7.9;14.5;21.1;0.0;7.698;0.98;39.07
1983-09-19;12.62;18.82;25.02;-0.01;8.243;0.79;44.11
1983-09-20;11.2;19.27;27.35;0.01;15.23;2.81;28.15
1983-09-21;8.1;13.55;19.0;-0.01;17.197;2.6;26.58
1983-09-22;7.09;14.61;22.12;-0.01;15.789;1.1;27.29
1983-09-23;6.94;15.52;24.1;-0.01;17.019;0.44;27.77
1983-09-24;7.2;15.9;24.6;-0.01;16.896;1.5;25.68
1983-09-25;6.27;13.49;20.71;-0.01;10.865;2.1;29.29
1983-09-26;4.78;13.36;21.94;-0.01;15.739;1.79;16.62
1983-09-27;7.77;14.19;20.6;0.01;9.689;3.2;26.96
1983-09-28;5.37;9.05;12.74;-0.01;12.81;3.82;25.19
1983-09-29;4.9;10.14;15.38;-0.03;5.035;4.21;28.86
1983-09-30;4.2;7.49;10.79;0.0;8.022;3.5;37.15
1983-10-01;2.8;6.71;10.61;-0.01;12.303;2.81;27.08
1983-10-02;0.71;6.5;12.29;-0.01;14.329;0.79;23.05
1983-10-03;2.5;11.0;19.5;-0.01;15.0;0.84;23.31
1983-10-04;5.17;15.2;25.22;4.58;13.812;2.79;26.43
1983-10-05;12.93;18.82;24.71;2.97;11.697;3.62;45.06
1983-10-06;3.99;11.35;18.71;-0.01;13.524;2.99;33.33
1983-10-07;3.28;12.19;21.1;-0.01;13.398;2.0;24.71
1983-10-08;8.61;13.15;17.7;0.41;3.26;1.09;63.08
1983-10-09;10.44;17.37;24.3;-0.01;12.399;2.5;35.22
1983-10-10;9.2;14.57;19.94;1.6;8.599;3.82;48.12
1983-10-11;10.22;17.12;24.02;1.16;8.096;3.7;40.62
1983-10-12;11.41;16.11;20.81;-0.02;8.918;3.3;36.27
1983-10-13;6.31;10.36;14.41;1.21;4.934;1.77;54.63
1983-10-14;4.19;9.09;13.99;-0.01;10.994;1.9;32.01
1983-10-15;2.96;9.43;15.9;-0.01;12.424;2.9;29.48
1983-10-16;3.9;11.9;19.91;-0.01;11.098;3.82;30.33
1983-10-17;11.96;15.58;19.2;-0.01;3.838;4.35;47.33
1983-10-18;10.01;14.66;19.3;2.48;3.287;5.0;48.94
1983-10-19;6.92;10.21;13.49;-0.01;11.102;3.4;29.09
1983-10-20;4.3;8.57;12.85;-0.01;10.511;1.6;39.61
1983-10-21;1.49;6.03;10.56;-0.01;9.397;3.01;39.12
1983-10-22;0.37;5.08;9.79;-0.01;9.499;4.11;29.63
1983-10-23;-0.2;3.28;6.77;-0.01;7.897;4.0;35.58
1983-10-24;-1.86;3.15;8.17;-0.01;9.094;2.8;34.36
1983-10-25;-1.93;2.41;6.74;-0.01;9.503;1.2;37.85
1983-10-26;-3.83;1.42;6.66;-0.01;10.3;1.0;29.54
1983-10-27;-2.41;2.27;6.94;-0.01;9.109;1.5;34.36
1983-10-28;0.4;4.23;8.06;0.05;4.37;2.0;52.82
1983-10-29;0.5;3.9;7.29;1.21;3.404;2.7;60.59
1983-10-30;0.3;3.86;7.43;-0.01;6.8;2.2;30.5
1983-10-31;-2.1;2.19;6.48;-0.01;8.809;2.3;30.99
1983-11-01;-2.21;1.08;4.37;3.36;3.977;2.4;71.33
1983-11-02;-4.84;-0.58;3.68;-0.01;8.606;5.53;32.29
1983-11-03;-6.83;-2.56;1.7;-0.01;8.436;1.19;29.06
1983-11-04;-6.84;-2.03;2.78;-0.01;9.216;2.51;30.09
1983-11-05;-5.51;-1.79;1.93;0.01;2.772;2.7;59.17
1983-11-06;0.47;2.92;5.36;0.39;3.687;2.91;75.21
1983-11-07;-2.72;1.72;6.15;-0.01;7.733;2.89;51.6
1983-11-08;-3.22;1.56;6.35;-0.01;6.694;0.97;53.68
1983-11-09;-1.6;4.04;9.69;-0.01;6.796;1.6;51.78
1983-11-10;-1.02;4.62;10.25;0.8;4.898;2.5;57.6
1983-11-11;1.21;5.63;10.04;-0.01;5.104;1.6;65.59
1983-11-12;-0.42;3.89;8.2;-0.01;3.196;1.0;59.62
1983-11-13;3.69;7.9;12.11;-0.01;6.098;2.2;58.96
1983-11-14;4.32;9.32;14.31;-0.01;6.117;3.01;57.75
1983-11-15;7.23;11.26;15.29;1.66;6.799;3.4;58.4
1983-11-16;1.3;5.7;10.1;1.9;3.194;3.9;58.8
1983-11-17;-1.93;1.79;5.5;-0.01;6.103;2.7;35.47
1983-11-18;-2.0;1.19;4.38;-0.01;2.801;1.19;42.71
1983-11-19;-4.4;-0.46;3.49;-0.01;4.484;1.6;51.17
1983-11-20;1.43;6.13;10.82;21.33;2.395;1.1;80.32
1983-11-21;6.12;9.02;11.92;3.5;2.299;2.0;85.45
1983-11-22;0.9;4.2;7.49;-0.01;4.5;0.79;74.27
1983-11-23;-0.39;3.03;6.45;0.49;3.942;0.9;69.21
1983-11-24;-0.47;4.42;9.3;3.07;1.967;3.82;63.6
1983-11-25;4.61;7.52;10.42;6.73;5.801;2.1;76.04
1983-11-26;-0.11;3.1;6.31;11.5;1.087;2.81;84.24
1983-11-27;-1.3;1.89;5.08;-0.01;4.199;1.58;67.4
1983-11-28;-1.21;1.24;3.68;-0.01;6.097;5.9;59.08
1983-11-29;-2.0;0.84;3.69;-0.01;4.609;2.5;60.49
1983-11-30;-0.5;3.52;7.53;3.37;1.7;4.2;63.75
1983-12-01;0.9;3.46;6.01;0.71;4.396;2.4;68.09
1983-12-02;-0.3;2.39;5.08;1.11;4.698;2.29;72.71
1983-12-03;-0.1;2.45;4.99;0.39;2.496;2.81;71.16
1983-12-04;-0.8;1.44;3.68;0.49;2.189;2.29;80.66
1983-12-05;-3.1;-0.05;3.0;3.68;5.106;1.3;75.24
1983-12-06;-0.81;1.19;3.19;0.29;2.292;0.79;82.15
1983-12-07;-1.0;1.56;4.12;-0.01;2.895;2.1;65.58
1983-12-08;-0.89;1.3;3.5;3.66;1.367;1.6;86.67
1983-12-09;-1.7;0.99;3.69;13.6;2.289;1.6;81.64
1983-12-10;0.32;2.18;4.03;3.21;1.47;2.1;87.65
1983-12-11;-7.55;-2.73;2.09;0.51;5.708;3.92;44.04
1983-12-12;-12.53;-9.27;-6.0;-0.01;5.826;4.43;15.18
1983-12-13;-13.38;-9.91;-6.44;-0.01;5.515;5.51;28.6
1983-12-14;-13.12;-9.38;-5.64;-0.01;5.802;4.7;20.07
1983-12-15;-11.45;-8.55;-5.65;-0.01;5.1;4.52;15.81
1983-12-16;-9.95;-6.18;-2.41;-0.01;4.098;2.7;35.82
1983-12-17;-10.87;-6.84;-2.81;-0.01;4.201;1.2;52.33
1983-12-18;-10.91;-6.66;-2.41;-0.01;3.499;0.88;56.79
1983-12-19;-11.75;-6.43;-1.11;4.14;1.583;2.3;62.66
1983-12-20;-4.22;-1.88;0.46;5.15;1.994;2.8;85.27
1983-12-21;-1.61;-0.12;1.38;3.71;2.189;2.7;92.34
1983-12-22;-8.51;-3.69;1.12;2.9;5.914;3.23;85.52
1983-12-23;-1.68;-0.59;0.5;0.75;2.604;0.99;97.51
1983-12-24;-6.27;-2.38;1.5;-0.01;6.018;1.6;86.86
1983-12-25;-6.46;-2.73;1.01;2.23;2.403;2.1;84.8
1983-12-26;-1.31;-0.31;0.7;2.34;2.06;0.87;96.49
1983-12-27;-6.37;-2.46;1.46;1.47;2.081;1.7;83.4
1983-12-28;-7.67;-5.0;-2.34;-0.01;3.5;1.27;57.74
1983-12-29;-9.63;-6.39;-3.15;-0.01;4.299;2.8;39.12
1983-12-30;-6.77;-3.79;-0.81;-0.01;2.502;3.29;42.01
1983-12-31;-4.09;-1.82;0.44;2.91;2.5;2.39;59.89
1984-01-01;-7.1;-2.65;1.8;-0.01;2.392;1.29;84.81
1984-01-02;-8.51;-5.14;-1.77;-0.01;3.501;0.5;78.34
1984-01-03;-6.24;-2.53;1.19;-0.01;3.096;1.25;80.41
1984-01-04;-0.99;0.61;2.21;-0.01;3.9;2.0;85.86
1984-01-05;-2.82;0.04;2.89;0.63;3.693;3.81;82.78
1984-01-06;-13.27;-7.43;-1.6;-0.01;3.201;5.38;46.38
1984-01-07;-19.95;-15.3;-10.65;-0.01;3.694;4.8;40.87
1984-01-08;-22.41;-18.02;-13.62;-0.01;5.702;2.1;37.74
1984-01-09;-23.75;-18.75;-13.76;-0.01;5.601;0.87;39.06
1984-01-10;-22.5;-14.76;-7.02;0.0;4.202;3.37;46.18
1984-01-11;-15.3;-12.29;-9.27;-0.01;5.401;4.21;56.09
1984-01-12;-18.99;-11.54;-4.1;-0.01;4.101;3.85;49.91
1984-01-13;-10.93;-6.75;-2.56;-0.01;3.245;1.19;61.33
1984-01-14;-7.21;-3.25;0.72;-0.01;3.397;1.26;70.3
1984-01-15;-7.59;-5.16;-2.72;-0.01;3.9;1.09;83.16
1984-01-16;-6.45;-1.78;2.9;-0.01;5.403;2.2;73.73
1984-01-17;0.35;1.81;3.28;0.49;2.392;3.9;86.08
1984-01-18;-0.4;1.86;4.11;-0.01;4.196;2.5;80.91
1984-01-19;-0.69;1.91;4.5;-0.01;6.297;2.5;78.22
1984-01-20;-1.69;0.85;3.4;-0.01;6.401;1.98;75.95
1984-01-21;0.21;1.71;3.2;0.0;3.286;2.95;82.2
1984-01-22;-1.2;0.88;2.95;-0.01;3.193;1.29;78.5
1984-01-23;-2.82;0.11;3.04;-0.01;4.547;0.79;71.78
1984-01-24;-4.1;-0.99;2.11;-0.01;3.497;0.88;74.3
1984-01-25;-2.59;-0.25;2.09;2.35;2.32;0.89;85.27
1984-01-26;-1.7;1.13;3.95;0.0;4.488;3.0;77.13
1984-01-27;-3.21;-0.25;2.7;-0.01;3.764;4.6;72.88
1984-01-28;-4.71;-0.27;4.16;-0.01;4.589;3.4;57.57
1984-01-29;-4.22;-0.21;3.8;0.49;2.268;3.2;72.7
1984-01-30;-0.08;3.21;6.51;1.11;3.795;4.23;69.62
1984-01-31;-2.06;0.86;3.79;-0.01;6.096;3.74;59.95
1984-02-01;1.2;3.75;6.3;-0.01;2.395;4.1;74.16
1984-02-02;-1.18;2.48;6.13;-0.01;7.598;1.39;62.46
1984-02-03;-1.69;0.24;2.16;20.33;1.875;3.22;84.03
1984-02-04;-4.31;-1.93;0.44;1.25;4.382;6.82;68.65
1984-02-05;-8.46;-4.73;-1.0;-0.02;9.514;4.31;48.4
1984-02-06;-9.62;-6.06;-2.51;-0.01;8.322;3.8;48.23
1984-02-07;-11.7;-7.21;-2.71;-0.01;9.505;3.7;34.08
1984-02-08;-13.53;-8.56;-3.59;-0.01;8.815;2.7;28.56
1984-02-09;-14.97;-9.54;-4.12;-0.01;9.2;0.88;37.21
1984-02-10;-14.1;-8.73;-3.37;-0.01;8.703;1.6;42.27
1984-02-11;-13.95;-8.87;-3.79;-0.01;8.995;2.4;41.22
1984-02-12;-15.85;-10.34;-4.82;-0.01;9.501;3.1;40.92
1984-02-13;-19.17;-13.05;-6.92;-0.01;9.501;3.3;39.87
1984-02-14;-15.81;-10.26;-4.7;1.25;6.399;4.7;42.25
1984-02-15;-16.43;-11.35;-6.27;-0.01;10.717;4.5;43.55
1984-02-16;-19.85;-13.95;-8.04;-0.01;10.436;1.8;40.96
1984-02-17;-19.87;-13.1;-6.32;-0.01;10.333;1.2;38.18
1984-02-18;-18.18;-11.63;-5.08;-0.01;10.82;3.0;36.82
1984-02-19;-14.49;-8.88;-3.26;-0.01;11.921;3.01;44.5
1984-02-20;-15.17;-7.65;-0.13;0.61;11.512;3.0;47.11
1984-02-21;-10.97;-4.81;1.35;-0.01;9.594;2.1;75.52
1984-02-22;-11.53;-5.51;0.5;-0.01;11.503;1.9;69.83
1984-02-23;-7.9;-3.2;1.5;0.01;12.112;4.1;72.28
1984-02-24;-0.71;-0.27;0.17;6.14;3.228;3.0;88.9
1984-02-25;-5.77;-2.23;1.3;0.83;4.158;3.61;77.13
1984-02-26;-10.84;-5.37;0.1;-0.01;11.811;1.3;53.01
1984-02-27;-11.45;-5.5;0.44;-0.01;11.514;1.9;43.28
1984-02-28;-12.12;-5.51;1.09;-0.01;11.596;1.2;37.79
1984-02-29;0.0;0.0;0.0;0.0;0.0;0.0;0.0
1984-03-01;-3.3;-0.25;2.8;0.0;6.048;2.8;75.12
1984-03-02;1.78;7.0;12.21;-0.01;8.202;4.3;48.99
1984-03-03;1.84;7.72;13.61;1.2;6.402;4.51;54.87
1984-03-04;-1.2;1.9;4.99;1.01;4.94;1.9;75.52
1984-03-05;-0.91;0.63;2.16;1.39;4.171;5.11;72.96
1984-03-06;1.13;3.11;5.1;0.69;3.871;5.21;79.47
1984-03-07;2.71;5.07;7.43;0.0;4.778;1.9;75.75
1984-03-08;0.41;4.62;8.82;-0.01;9.501;1.6;60.35
1984-03-09;0.7;3.71;6.72;-0.01;9.801;1.7;53.3
1984-03-10;-2.67;1.91;6.49;-0.01;14.203;2.29;34.66
1984-03-11;-4.53;1.94;8.4;-0.01;14.104;1.9;32.88
1984-03-12;-4.82;2.68;10.18;-0.01;14.408;1.3;32.5
1984-03-13;-2.4;4.96;12.33;-0.01;14.278;1.43;34.69
1984-03-14;-1.93;6.08;14.1;-0.01;14.566;1.39;34.49
1984-03-15;-2.99;5.3;13.6;-0.01;12.801;0.18;36.15
1984-03-16;-2.14;6.31;14.76;-0.01;14.598;0.13;36.74
1984-03-17;-0.84;7.49;15.82;-0.01;14.335;0.69;37.07
1984-03-18;0.49;7.15;13.8;-0.01;11.455;1.91;47.03
1984-03-19;0.49;6.2;11.9;-0.01;15.027;2.59;44.8
1984-03-20;-1.2;5.5;12.19;-0.01;17.202;1.8;37.09
1984-03-21;1.91;6.93;11.95;-0.01;8.681;1.9;54.55
1984-03-22;4.34;9.48;14.62;-0.01;13.205;2.9;51.55
1984-03-23;3.9;9.45;14.99;1.45;4.368;5.4;67.02
1984-03-24;2.5;9.21;15.91;-0.01;8.891;1.79;49.95
1984-03-25;1.4;9.2;17.0;-0.02;11.49;2.4;41.14
1984-03-26;-0.44;6.75;13.93;-0.01;15.002;1.2;37.28
1984-03-27;-0.29;5.0;10.29;-0.01;13.389;1.5;45.23
1984-03-28;-1.11;4.73;10.57;-0.01;17.303;1.2;34.35
1984-03-29;-1.46;6.27;14.0;-0.01;16.711;1.77;32.91
1984-03-30;0.16;8.29;16.42;-0.01;16.607;1.89;37.35
1984-03-31;2.45;9.97;17.49;-0.01;11.15;1.69;43.45
1984-04-01;2.7;9.88;17.06;-0.01;17.104;3.01;37.7
1984-04-02;3.71;8.01;12.3;0.41;8.899;3.41;60.7
1984-04-03;3.91;9.25;14.6;2.23;10.758;1.28;53.08
1984-04-04;4.2;8.69;13.18;1.73;15.954;2.2;50.89
1984-04-05;2.59;6.96;11.32;1.18;7.12;1.9;60.3
1984-04-06;1.3;7.24;13.18;0.0;11.174;1.4;52.09
1984-04-07;2.27;6.96;11.66;2.05;4.949;3.43;52.7
1984-04-08;1.31;5.86;10.4;0.39;6.922;1.19;52.14
1984-04-09;-1.1;5.89;12.88;3.43;11.715;2.94;49.49
1984-04-10;2.59;7.45;12.31;-0.01;15.607;2.8;43.62
1984-04-11;1.2;7.64;14.09;0.01;19.0;3.31;29.92
1984-04-12;3.39;8.68;13.96;1.09;7.701;4.12;50.99
1984-04-13;0.28;6.64;13.0;2.22;11.377;2.3;55.9
1984-04-14;4.9;11.16;17.42;0.89;11.459;1.29;57.29
1984-04-15;5.01;10.56;16.11;0.04;11.086;2.29;55.44
1984-04-16;1.4;7.95;14.5;-0.01;18.691;3.23;33.28
1984-04-17;0.29;6.71;13.14;-0.01;16.777;2.0;33.37
1984-04-18;0.68;6.92;13.15;-0.01;21.527;2.6;29.96
1984-04-19;0.6;7.45;14.3;-0.01;15.194;2.1;32.78
1984-04-20;0.48;10.14;19.8;-0.01;23.611;1.19;30.4
1984-04-21;5.41;10.29;15.18;1.6;8.478;3.4;53.64
1984-04-22;3.3;8.58;13.86;-0.01;15.88;3.41;41.1
1984-04-23;4.39;9.89;15.4;-0.01;23.517;3.01;37.95
1984-04-24;4.58;11.35;18.12;-0.01;10.941;1.7;51.2
1984-04-25;5.78;11.84;17.9;5.11;11.474;1.28;55.37
1984-04-26;7.14;10.98;14.83;3.78;5.911;1.2;64.16
1984-04-27;5.49;9.09;12.68;-0.01;8.198;3.7;60.48
1984-04-28;2.0;7.59;13.19;-0.01;13.414;2.93;44.64
1984-04-29;0.3;7.99;15.67;5.25;17.406;1.5;41.0
1984-04-30;5.99;10.5;15.01;-0.01;24.12;3.91;41.39
1984-05-01;5.2;8.14;11.08;2.32;7.724;2.81;70.75
1984-05-02;5.88;10.63;15.37;0.0;10.495;1.3;55.22
1984-05-03;4.9;11.69;18.48;0.41;19.445;3.1;42.19
1984-05-04;8.84;12.92;17.0;6.18;11.378;4.01;58.06
1984-05-05;8.94;13.68;18.41;-0.01;15.593;3.53;51.3
1984-05-06;6.7;11.88;17.07;0.86;14.499;2.0;56.04
1984-05-07;4.28;10.83;17.38;5.2;18.498;1.1;59.42
1984-05-08;8.16;13.29;18.43;-0.03;20.691;3.13;45.25
1984-05-09;5.48;12.19;18.89;0.01;23.024;0.99;41.45
1984-05-10;9.59;14.89;20.19;6.34;13.431;2.1;69.35
1984-05-11;15.61;18.95;22.3;6.41;8.562;3.3;73.7
1984-05-12;9.0;15.35;21.7;-0.02;18.389;2.19;59.09
1984-05-13;8.31;15.62;22.92;-0.01;25.005;2.71;40.88
1984-05-14;14.42;21.05;27.69;0.82;18.038;4.33;43.23
1984-05-15;10.1;16.51;22.92;4.14;19.703;3.8;57.65
1984-05-16;7.9;15.71;23.51;-0.01;23.706;0.44;37.84
1984-05-17;11.65;16.85;22.05;0.5;14.507;2.2;57.77
1984-05-18;10.89;17.15;23.41;-0.01;23.121;1.79;41.29
1984-05-19;11.19;16.7;22.21;-0.01;17.995;2.1;43.15
1984-05-20;9.4;16.16;22.91;-0.01;24.094;1.99;35.57
1984-05-21;13.42;18.25;23.08;-0.01;18.556;2.3;42.76
1984-05-22;13.44;18.37;23.3;0.39;20.153;2.7;44.57
1984-05-23;12.79;18.25;23.71;1.11;20.231;3.12;52.13
1984-05-24;13.59;17.55;21.5;0.0;13.776;2.91;65.86
1984-05-25;13.34;18.52;23.7;2.31;14.731;2.5;53.28
1984-05-26;13.29;18.77;24.25;0.64;25.611;2.7;42.95
1984-05-27;12.89;19.02;25.16;0.56;21.189;3.11;40.07
1984-05-28;11.85;17.62;23.39;0.01;18.585;3.1;42.5
1984-05-29;9.18;15.93;22.68;-0.01;27.857;1.7;30.89
1984-05-30;7.49;15.05;22.6;-0.01;19.859;1.0;37.41
1984-05-31;11.38;17.89;24.4;0.7;19.596;1.91;38.16
1984-06-01;11.4;17.59;23.79;12.56;14.762;2.0;51.48
1984-06-02;8.89;15.95;23.0;4.04;14.669;1.69;50.45
1984-06-03;12.2;17.09;21.99;-0.02;15.949;3.8;51.12
1984-06-04;10.61;15.9;21.2;-0.01;21.505;2.41;38.52
1984-06-05;9.67;16.03;22.39;-0.01;20.508;1.8;37.67
1984-06-06;7.59;15.72;23.85;-0.01;27.401;0.39;33.79
1984-06-07;7.99;16.71;25.43;-0.01;24.685;0.38;32.59
1984-06-08;9.59;17.69;25.79;-0.02;23.987;1.5;29.53
1984-06-09;12.92;18.91;24.91;12.15;12.406;1.39;57.46
1984-06-10;10.5;18.5;26.5;-0.01;25.738;0.48;41.7
1984-06-11;12.01;20.11;28.21;-0.01;26.501;0.7;33.19
1984-06-12;12.6;20.98;29.35;-0.01;24.811;0.89;31.78
1984-06-13;13.7;22.11;30.52;-0.01;24.599;1.1;30.08
1984-06-14;13.72;22.17;30.62;-0.01;25.701;1.09;31.24
1984-06-15;15.0;23.02;31.04;-0.01;29.813;1.2;28.78
1984-06-16;13.39;24.74;36.09;2.31;14.361;0.13;26.53
1984-06-17;16.61;22.91;29.21;14.83;14.866;2.2;48.34
1984-06-18;12.58;17.98;23.39;-0.01;28.405;3.71;33.73
1984-06-19;11.31;17.34;23.38;-0.01;25.501;1.9;29.48
1984-06-20;11.0;19.02;27.03;-0.01;24.189;0.59;30.16
1984-06-21;15.8;23.16;30.51;-0.05;25.698;2.3;27.07
1984-06-22;16.91;24.38;31.86;-0.01;26.507;1.6;26.95
1984-06-23;13.3;22.84;32.39;-0.01;29.426;1.1;23.69
1984-06-24;16.12;24.26;32.39;-0.01;26.624;1.79;22.7
1984-06-25;17.61;23.61;29.61;-0.01;18.763;2.5;24.62
1984-06-26;17.81;21.98;26.15;1.19;10.937;1.19;56.12
1984-06-27;15.55;21.58;27.6;-0.01;24.504;2.3;24.25
1984-06-28;15.03;20.13;25.23;-0.01;18.077;2.4;27.7
1984-06-29;16.61;21.2;25.8;-0.01;16.673;2.5;25.21
1984-06-30;14.1;20.1;26.1;0.41;18.394;1.99;32.32
1984-07-01;12.52;20.34;28.16;-0.01;21.899;0.49;32.47
1984-07-02;18.13;21.05;23.97;-0.01;11.087;2.59;41.76
1984-07-03;14.69;20.95;27.2;-0.01;30.62;2.5;21.91
1984-07-04;13.7;20.39;27.09;-0.01;29.541;2.1;21.28
1984-07-05;11.19;20.1;29.01;-0.01;27.807;0.58;21.18
1984-07-06;13.0;21.66;30.31;-0.01;19.388;2.1;20.37
1984-07-07;16.6;19.59;22.57;16.08;5.179;3.02;73.02
1984-07-08;13.19;15.75;18.32;15.07;7.135;7.36;70.97
1984-07-09;12.49;14.55;16.6;3.03;4.833;5.73;73.26
1984-07-10;13.61;16.4;19.19;-0.02;12.05;5.26;55.97
1984-07-11;11.38;16.99;22.6;-0.01;20.814;4.19;27.13
1984-07-12;9.24;16.32;23.41;0.28;22.999;2.2;24.79
1984-07-13;8.55;13.38;18.21;-0.01;22.543;3.21;27.91
1984-07-14;8.22;13.84;19.47;0.57;14.368;2.5;29.91
1984-07-15;7.68;16.22;24.76;-0.01;23.325;2.4;23.77
1984-07-16;14.0;21.27;28.54;5.92;21.929;3.98;24.9
1984-07-17;11.99;16.46;20.92;1.04;13.948;2.61;60.94
1984-07-18;10.76;17.47;24.18;-0.01;25.118;2.31;28.52
1984-07-19;13.51;19.36;25.2;-0.01;23.005;3.13;31.86
1984-07-20;10.97;17.53;24.09;-0.01;27.204;1.8;24.92
1984-07-21;13.4;21.81;30.22;-0.01;24.021;3.21;21.8
1984-07-22;15.41;22.02;28.63;8.68;16.778;2.7;41.03
1984-07-23;14.09;19.23;24.37;-0.02;14.83;1.7;53.91
1984-07-24;13.09;20.05;27.0;-0.01;25.201;2.53;25.57
1984-07-25;12.1;17.55;23.0;3.3;16.0;3.61;31.65
1984-07-26;8.91;13.9;18.89;-0.01;22.098;3.5;25.14
1984-07-27;7.88;14.63;21.39;-0.01;16.197;1.4;30.46
1984-07-28;13.5;19.04;24.58;0.59;16.963;3.11;34.9
1984-07-29;11.03;17.36;23.7;-0.01;20.397;3.2;28.43
1984-07-30;8.27;18.13;28.0;-0.01;25.803;0.89;22.37
1984-07-31;15.3;23.2;31.11;0.99;21.154;1.6;24.02
1984-08-01;16.9;23.39;29.89;-0.01;22.302;1.3;29.82
1984-08-02;17.1;23.66;30.22;1.49;17.935;3.1;32.48
1984-08-03;12.46;17.9;23.34;-0.01;25.101;3.88;24.8
1984-08-04;9.61;17.79;25.97;-0.01;22.199;1.8;23.68
1984-08-05;15.51;23.36;31.21;-0.01;22.893;2.1;23.44
1984-08-06;15.41;23.2;31.0;1.52;20.694;0.48;31.46
1984-08-07;16.0;23.05;30.09;-0.01;23.735;2.0;27.8
1984-08-08;13.48;22.11;30.74;-0.01;24.007;0.6;21.79
1984-08-09;17.0;25.02;33.03;-0.01;21.902;0.48;20.47
1984-08-10;20.57;26.64;32.7;-0.01;18.199;2.2;21.32
1984-08-11;19.32;25.52;31.72;7.35;14.939;1.1;33.49
1984-08-12;18.42;24.41;30.4;-0.01;18.381;2.92;36.15
1984-08-13;15.4;21.31;27.22;-0.01;24.121;3.3;22.09
1984-08-14;15.29;21.45;27.6;-0.01;12.645;2.3;35.02
1984-08-15;15.3;21.8;28.31;-0.01;17.309;1.6;27.43
1984-08-16;14.6;21.64;28.67;-0.01;17.397;1.79;23.76
1984-08-17;15.21;20.95;26.69;-0.01;11.729;1.7;33.11
1984-08-18;13.47;19.82;26.16;-0.01;22.616;2.41;18.98
1984-08-19;10.76;18.62;26.48;-0.01;22.122;1.4;18.13
1984-08-20;9.98;19.14;28.31;-0.01;21.804;0.68;17.49
1984-08-21;11.17;20.68;30.18;-0.01;21.94;0.8;15.66
1984-08-22;15.2;22.32;29.45;0.76;17.876;2.6;21.1
1984-08-23;13.67;21.09;28.52;-0.01;21.121;2.74;21.4
1984-08-24;12.7;20.9;29.1;-0.01;21.118;1.0;18.98
1984-08-25;11.61;21.44;31.26;-0.01;21.018;1.8;15.79
1984-08-26;12.1;18.96;25.83;-0.01;21.321;2.4;16.95
1984-08-27;8.19;17.59;26.99;-0.01;21.04;0.67;14.97
1984-08-28;9.69;20.45;31.2;-0.01;20.725;1.09;13.05
1984-08-29;13.2;22.22;31.24;-0.01;20.011;1.09;17.35
1984-08-30;14.44;23.52;32.61;-0.01;19.344;0.79;17.03
1984-08-31;18.87;25.99;33.11;0.69;15.562;0.8;21.33
1984-09-01;15.14;25.0;34.86;0.72;19.301;0.18;19.26
1984-09-02;18.68;24.71;30.75;3.56;14.47;1.7;29.71
1984-09-03;16.42;22.8;29.17;-0.01;18.503;2.0;29.78
1984-09-04;17.24;21.52;25.81;3.11;9.204;1.7;41.88
1984-09-05;13.81;20.21;26.6;-0.01;10.365;2.1;37.19
1984-09-06;10.39;19.21;28.03;-0.01;18.621;0.8;23.74
1984-09-07;16.91;22.62;28.33;-0.01;15.689;2.32;28.02
1984-09-08;15.02;22.51;30.0;-0.01;18.197;1.9;22.56
1984-09-09;13.51;22.22;30.93;0.0;18.023;1.1;19.63
1984-09-10;13.93;22.29;30.65;0.29;16.993;1.1;27.03
1984-09-11;10.39;19.25;28.11;2.53;10.587;4.02;27.79
1984-09-12;6.54;13.41;20.28;-0.01;18.601;2.3;19.68
1984-09-13;6.2;16.25;26.3;-0.01;19.31;2.6;15.38
1984-09-14;13.81;21.77;29.73;0.53;14.99;2.7;24.74
1984-09-15;8.9;17.96;27.02;2.52;16.901;1.09;28.02
1984-09-16;12.73;18.62;24.5;1.2;17.599;2.7;29.98
1984-09-17;11.99;20.25;28.51;-0.01;17.627;2.9;19.9
1984-09-18;13.24;18.45;23.65;13.45;3.625;1.8;65.38
1984-09-19;9.78;15.44;21.1;-0.01;14.196;2.9;39.48
1984-09-20;9.94;14.97;20.0;0.79;6.491;2.6;57.2
1984-09-21;11.11;18.27;25.42;-0.01;12.4;1.87;37.72
1984-09-22;9.6;17.3;25.0;-0.01;17.017;1.09;28.42
1984-09-23;12.12;19.38;26.64;0.0;16.629;3.0;29.2
1984-09-24;8.69;15.71;22.74;-0.01;15.899;2.9;32.93
1984-09-25;8.7;17.16;25.62;-0.01;15.893;2.5;25.02
1984-09-26;11.6;19.29;26.97;-0.01;15.501;2.8;26.47
1984-09-27;11.1;18.8;26.51;9.52;9.065;4.44;30.05
1984-09-28;7.19;12.59;17.99;-0.01;9.27;3.3;31.98
1984-09-29;6.7;13.6;20.5;-0.01;10.492;1.9;28.7
1984-09-30;7.99;15.25;22.51;2.47;14.4;2.7;30.64
1984-10-01;12.2;19.39;26.59;2.68;13.598;3.83;34.61
1984-10-02;14.77;20.74;26.71;0.89;10.611;2.8;50.61
1984-10-03;13.5;19.32;25.15;0.0;13.3;2.2;41.87
1984-10-04;14.19;21.07;27.96;1.74;14.222;2.7;36.5
1984-10-05;14.06;20.61;27.15;2.85;11.8;2.8;38.3
1984-10-06;8.6;14.2;19.81;0.0;11.706;2.51;49.05
1984-10-07;7.5;15.03;22.55;-0.01;11.661;0.98;34.35
1984-10-08;11.53;18.66;25.8;-0.01;11.5;1.87;36.51
1984-10-09;8.83;13.73;18.63;-0.01;10.296;4.41;38.26
1984-10-10;6.49;10.75;15.0;-0.01;10.501;3.71;33.01
1984-10-11;4.8;9.58;14.37;-0.01;5.769;2.8;40.45
1984-10-12;3.3;8.2;13.09;-0.01;11.129;2.51;33.73
1984-10-13;3.4;8.9;14.4;-0.01;10.503;2.4;33.39
1984-10-14;3.69;8.25;12.81;-0.01;8.097;1.8;37.09
1984-10-15;6.09;9.38;12.68;-0.01;9.394;1.08;37.42
1984-10-16;2.41;7.74;13.07;-0.01;9.697;1.39;31.79
1984-10-17;2.59;7.75;12.91;6.41;3.563;3.81;42.54
1984-10-18;9.81;14.76;19.71;-0.01;10.831;2.3;51.2
1984-10-19;9.11;15.5;21.9;2.01;10.498;2.4;40.83
1984-10-20;12.84;17.68;22.52;2.49;8.81;2.5;53.73
1984-10-21;11.71;17.21;22.72;0.03;9.701;1.5;55.7
1984-10-22;9.61;16.54;23.46;-0.01;10.037;1.5;41.51
1984-10-23;9.61;16.23;22.85;0.68;9.331;1.6;47.22
1984-10-24;9.43;16.09;22.74;-0.01;9.598;1.6;48.08
1984-10-25;9.39;15.64;21.9;-0.01;8.797;1.2;50.37
1984-10-26;8.96;15.34;21.71;-0.01;8.93;1.7;44.71
1984-10-27;7.82;14.55;21.28;-0.01;8.798;1.5;42.75
1984-10-28;6.29;12.97;19.66;0.0;8.189;1.9;46.26
1984-10-29;3.68;8.64;13.6;-0.01;10.2;1.2;45.3
1984-10-30;4.64;7.96;11.29;28.4;2.883;4.02;72.12
1984-10-31;8.41;10.34;12.27;8.53;0.323;3.4;91.31
1984-11-01;4.1;8.32;12.54;-0.01;3.801;3.51;56.22
1984-11-02;1.27;6.27;11.27;-0.01;8.205;1.69;41.78
1984-11-03;2.8;5.83;8.87;7.06;1.788;2.2;77.67
1984-11-04;-1.6;2.24;6.08;-0.01;8.101;5.85;32.26
1984-11-05;-3.46;0.42;4.3;-0.02;4.704;1.8;49.02
1984-11-06;-1.3;3.45;8.2;-0.02;3.012;1.3;63.36
1984-11-07;3.7;7.6;11.49;10.33;5.404;3.91;68.01
1984-11-08;1.71;6.45;11.18;3.07;8.104;4.11;41.97
1984-11-09;3.84;7.09;10.35;1.42;5.297;2.6;73.83
1984-11-10;0.29;5.05;9.81;-0.01;5.697;4.2;35.57
1984-11-11;-0.33;4.89;10.12;-0.01;6.794;3.6;36.4
1984-11-12;3.93;8.02;12.11;-0.01;6.313;3.51;45.53
1984-11-13;1.29;5.67;10.05;-0.01;6.998;2.71;45.91
1984-11-14;0.9;4.84;8.79;-0.01;6.699;3.42;42.42
1984-11-15;2.9;6.25;9.59;-0.01;6.302;4.0;48.79
1984-11-16;2.2;5.95;9.7;-0.01;4.101;3.51;57.39
1984-11-17;4.0;7.71;11.41;0.33;4.706;4.01;61.8
1984-11-18;8.44;10.62;12.8;10.08;0.697;4.9;83.15
1984-11-19;0.32;5.2;10.08;-0.01;3.161;3.1;62.54
1984-11-20;0.4;4.15;7.9;-0.01;3.206;3.21;70.1
1984-11-21;3.46;7.29;11.13;3.42;1.972;2.28;78.52
1984-11-22;7.44;11.63;15.82;-0.01;4.2;2.6;74.22
1984-11-23;6.79;11.89;17.0;-0.01;5.703;2.25;68.8
1984-11-24;3.72;8.18;12.64;0.69;4.701;0.78;71.59
1984-11-25;0.41;3.8;7.19;3.92;4.933;2.8;74.63
1984-11-26;-0.3;2.97;6.24;-0.01;4.998;2.3;48.61
1984-11-27;-0.29;2.9;6.09;0.91;4.901;3.7;54.79
1984-11-28;-1.0;1.63;4.26;1.92;5.102;3.81;48.9
1984-11-29;4.69;6.64;8.6;0.29;1.981;5.02;70.28
1984-11-30;1.6;4.3;7.0;-0.01;4.398;3.1;58.4
1984-12-01;1.31;4.36;7.4;0.28;4.101;3.43;57.57
1984-12-02;-1.21;1.7;4.61;-0.01;3.397;3.7;58.8
1984-12-03;-3.81;-0.42;2.97;-0.01;4.202;0.9;68.61
1984-12-04;-3.23;-0.24;2.74;-0.01;5.106;2.1;65.89
1984-12-05;-1.1;2.0;5.11;-0.01;4.002;3.63;57.41
1984-12-06;0.91;4.31;7.71;-0.01;3.899;3.92;55.31
1984-12-07;4.6;8.07;11.55;2.5;2.995;5.23;59.21
1984-12-08;3.3;5.5;7.7;-0.01;5.302;3.7;65.38
1984-12-09;0.7;4.34;7.98;2.14;2.0;3.11;68.82
1984-12-10;-3.6;-0.23;3.15;-0.01;4.201;3.61;58.81
1984-12-11;-5.39;-1.9;1.58;-0.01;5.703;1.49;52.7
1984-12-12;-4.1;-1.22;1.65;0.61;1.377;1.4;76.34
1984-12-13;-4.02;-0.92;2.18;-0.01;4.201;2.0;70.87
1984-12-14;-3.21;-0.07;3.06;0.0;5.803;4.21;54.81
1984-12-15;-0.18;2.53;5.23;2.7;1.788;3.62;69.33
1984-12-16;-2.99;-0.1;2.8;-0.01;3.399;3.61;63.0
1984-12-17;-3.91;-0.76;2.4;-0.01;3.499;2.9;55.48
1984-12-18;-0.68;1.41;3.49;5.64;1.661;2.3;76.39
1984-12-19;-3.7;-0.79;2.12;-0.01;3.504;1.2;81.67
1984-12-20;-5.25;-2.18;0.89;-0.01;5.208;1.29;70.65
1984-12-21;-4.9;-2.06;0.79;-0.01;3.588;4.01;57.65
1984-12-22;-8.03;-4.32;-0.61;3.82;1.797;3.1;69.0
1984-12-23;-10.83;-6.26;-1.7;-0.01;4.901;3.2;55.86
1984-12-24;-9.04;-6.73;-4.43;-0.01;4.999;3.4;65.48
1984-12-25;-10.87;-8.82;-6.77;-0.01;5.1;4.64;60.39
1984-12-26;-10.03;-7.97;-5.92;-0.01;4.698;5.13;63.78
1984-12-27;-10.45;-8.16;-5.88;-0.01;6.408;4.91;61.9
1984-12-28;-10.37;-7.81;-5.25;-0.01;6.205;5.52;64.45
1984-12-29;-12.22;-9.63;-7.04;-0.01;4.899;3.7;63.83
1984-12-30;-10.81;-6.66;-2.51;-0.01;5.402;3.4;51.5
1984-12-31;-11.31;-8.47;-5.64;-0.01;4.699;3.3;65.2
