iso-date;tmin;tavg;tmax;precip;globrad;wind;relhumid
1980-01-01;6.5;8.05;9.6;1.5;4.026;4.1;63.3
1980-01-02;6.4;9.0;11.6;0.0;11.2;4.3;44.33
1980-01-03;5.6;9.5;13.4;0.0;5.9;4.1;59.0
1980-01-04;11.7;14.35;17.0;1.4;11.3;4.2;45.1
1980-01-05;3.3;7.3;11.3;2.89;6.2;3.9;48.26
1980-01-06;2.3;4.7;7.1;0.0;10.1;2.6;38.3
1980-01-07;1.9;4.4;6.9;0.0;8.5;3.0;45.2
1980-01-08;1.5;4.1;6.7;0.0;8.0;2.6;41.0
1980-01-09;0.1;3.4;6.7;0.0;12.7;1.8;34.5
1980-01-10;-0.2;4.7;9.6;0.0;9.9;1.2;34.9
1980-01-11;0.12;5.41;10.7;0.0;12.7;0.9;40.5
1980-01-12;3.2;6.95;10.7;0.0;8.5;0.9;57.9
1980-01-13;2.4;6.0;9.6;0.0;11.8;2.1;42.5
1980-01-14;5.4;8.5;11.6;2.8;5.2;4.0;68.1
1980-01-15;12.2;14.25;16.3;6.1;5.8;3.4;67.0
1980-01-16;8.6;11.45;14.3;9.3;8.4;2.1;64.22
1980-01-17;1.22;5.51;9.8;0.0;12.8;2.8;40.3
1980-01-18;-0.2;5.3;10.8;0.0;12.8;1.7;39.2
1980-01-19;8.67;12.59;16.5;0.0;10.4;2.9;46.8
1980-01-20;8.7;12.75;16.8;0.0;12.8;3.2;43.0
1980-01-21;7.9;13.65;19.4;0.0;13.3;2.1;33.5
1980-01-22;11.3;14.95;18.6;0.0;7.4;2.7;44.4
1980-01-23;13.4;16.1;18.8;0.0;11.793;3.8;56.8
1980-01-24;6.8;10.3;13.8;0.0;7.7;2.6;63.8
1980-01-25;6.88;11.89;16.9;0.0;11.5;3.6;44.8
1980-01-26;5.3;10.7;16.1;1.4;11.2;2.4;52.0
1980-01-27;4.0;9.2;14.4;3.3;10.0;2.2;49.0
1980-01-28;8.2;12.4;16.6;0.0;14.0;2.2;47.7
1980-01-29;8.7;11.7;14.7;1.58;3.379;3.4;72.4
1980-01-30;13.6;16.2;18.8;1.2;7.4;2.5;53.6
1980-01-31;9.6;13.95;18.3;0.0;13.4;3.3;42.0
1980-02-01;8.4;10.6;12.8;1.9;9.1;5.0;51.2
1980-02-02;2.08;5.39;8.7;0.0;13.7;3.3;36.3
1980-02-03;1.3;4.45;7.6;0.0;10.0;3.5;40.06
1980-02-04;2.6;5.4;8.2;0.0;14.3;4.6;29.6
1980-02-05;6.6;8.3;10.0;3.0;6.8;4.1;64.1
1980-02-06;2.0;4.95;7.9;0.0;13.3;5.2;30.7
1980-02-07;0.8;4.25;7.7;0.0;14.6;2.6;30.1
1980-02-08;0.8;5.1;9.4;0.0;11.2;1.6;39.1
1980-02-09;5.1;7.85;10.6;0.0;8.4;0.5;51.2
1980-02-10;6.5;8.5;10.5;0.0;5.2;0.2;80.0
1980-02-11;4.6;8.45;12.3;0.0;13.6;1.0;48.6
1980-02-12;3.2;7.85;12.5;0.0;12.7;1.8;43.57
1980-02-13;6.5;11.2;15.9;0.0;12.1;2.1;45.9
1980-02-14;8.9;10.95;13.0;5.8;5.9;2.2;79.58
1980-02-15;9.0;11.15;13.3;0.0;10.3;4.0;60.2
1980-02-16;5.9;10.75;15.6;0.0;6.5;2.6;60.6
1980-02-17;5.1;10.58;16.06;0.0;15.9;1.1;43.2
1980-02-18;5.0;8.4;11.8;8.3;2.4;1.1;76.63
1980-02-19;8.2;10.25;12.3;0.0;7.6;3.1;62.7
1980-02-20;8.0;12.05;16.1;0.0;15.4;2.1;44.8
1980-02-21;12.9;17.15;21.4;0.0;16.7;2.8;31.8
1980-02-22;12.8;16.15;19.5;0.0;13.2;0.5;49.0
1980-02-23;10.0;13.0;16.0;3.4;5.2;0.6;74.2
1980-02-24;8.1;13.4;18.7;0.0;16.6;2.06;46.69
1980-02-25;12.8;16.1;19.4;0.0;14.7;2.9;43.7
1980-02-26;12.3;15.1;17.9;0.0;15.6;4.2;47.3
1980-02-27;10.9;13.75;16.6;0.0;16.6;4.4;42.2
1980-02-28;10.9;13.4;15.9;0.0;16.2;4.4;49.21
1980-02-29;0.0;0.0;0.0;0.0;0.0;0.0;0.0
1980-03-01;11.2;13.15;15.1;0.0;14.5;4.2;49.1
1980-03-02;6.8;11.3;15.8;0.0;17.7;2.3;43.1
1980-03-03;5.5;10.9;16.3;0.0;14.4;0.5;45.2
1980-03-04;6.4;11.95;17.5;0.0;18.5;0.9;41.2
1980-03-05;4.7;10.35;16.0;0.0;18.5;1.8;38.1
1980-03-06;4.9;10.45;16.0;0.0;18.7;1.9;32.96
1980-03-07;4.8;10.64;16.48;0.0;18.952;2.1;33.8
1980-03-08;8.0;12.4;16.8;0.0;18.1;2.3;41.2
1980-03-09;7.9;12.7;17.5;0.0;19.0;2.9;38.3
1980-03-10;12.8;15.65;18.5;0.0;14.9;2.8;39.2
1980-03-11;6.7;13.25;19.8;0.0;18.9;1.4;36.2
1980-03-12;5.0;9.7;14.4;40.57;6.1;0.7;70.4
1980-03-13;6.8;10.25;13.7;14.9;4.234;2.7;65.6
1980-03-14;0.8;4.05;7.3;0.0;19.7;4.1;27.1
1980-03-15;-0.9;3.95;8.8;0.0;19.7;0.9;25.9
1980-03-16;1.4;7.3;13.2;0.0;18.7;2.7;31.2
1980-03-17;6.5;10.65;14.8;0.0;12.974;3.1;43.04
1980-03-18;8.3;10.65;13.0;0.0;11.9;2.5;56.9
1980-03-19;8.2;10.4;12.6;12.2;10.1;1.9;69.3
1980-03-20;3.9;7.3;10.7;2.0;17.9;3.0;41.2
1980-03-21;2.0;5.05;8.1;0.0;10.4;2.7;39.6
1980-03-22;0.4;4.0;7.6;0.0;20.3;2.5;27.6
1980-03-23;0.5;3.5;6.5;0.0;21.0;2.5;27.7
1980-03-24;-0.2;3.08;6.36;0.0;21.2;3.1;25.2
1980-03-25;-0.1;4.3;8.7;0.0;21.2;1.9;26.43
1980-03-26;1.0;5.35;9.7;0.0;11.3;2.1;43.0
1980-03-27;3.1;7.95;12.8;0.0;18.2;2.3;33.84
1980-03-28;1.3;8.9;16.5;0.0;19.8;2.2;30.7
1980-03-29;8.3;12.8;17.3;0.0;10.0;2.9;39.0
1980-03-30;8.3;10.85;13.4;1.1;12.064;4.3;52.38
1980-03-31;2.5;5.6;8.7;0.0;13.8;5.1;35.6
1980-04-01;0.4;3.8;7.2;0.0;21.5;4.1;25.41
1980-04-02;-0.2;5.3;10.8;0.0;21.7;1.0;26.7
1980-04-03;0.09;6.64;13.2;0.0;22.0;1.2;27.0
1980-04-04;5.4;9.8;14.2;3.0;18.7;3.8;39.8
1980-04-05;5.7;7.95;10.2;4.68;14.1;5.0;54.0
1980-04-06;6.2;8.05;9.9;9.8;6.1;4.8;71.5
1980-04-07;6.3;9.65;13.0;0.0;11.6;2.1;53.2
1980-04-08;5.26;8.58;11.9;3.7;8.6;1.4;66.5
1980-04-09;2.2;9.3;16.4;0.0;23.1;1.8;30.4
1980-04-10;8.5;11.75;15.0;1.2;8.8;4.5;50.2
1980-04-11;8.2;10.8;13.4;2.5;11.2;4.7;64.2
1980-04-12;5.0;11.6;18.2;2.4;18.6;2.8;31.4
1980-04-13;6.0;8.85;11.7;0.0;19.929;4.3;32.6
1980-04-14;5.6;8.25;10.9;0.0;14.2;3.3;40.9
1980-04-15;3.5;8.55;13.6;0.0;20.7;0.9;30.48
1980-04-16;4.37;9.73;15.1;6.6;14.2;2.4;46.4
1980-04-17;8.2;13.55;18.9;0.0;23.1;1.3;38.7
1980-04-18;5.9;11.65;17.4;0.0;23.7;1.4;32.3
1980-04-19;6.3;12.15;18.0;0.0;24.0;2.6;31.7
1980-04-20;9.0;11.4;13.8;0.0;5.0;4.5;47.0
1980-04-21;8.0;12.1;16.2;2.3;8.5;2.5;57.5
1980-04-22;6.3;9.65;13.0;7.5;4.5;0.9;66.53
1980-04-23;6.6;11.5;16.4;0.0;20.6;2.3;42.2
1980-04-24;3.8;11.1;18.4;0.0;24.1;0.7;30.7
1980-04-25;7.8;12.85;17.9;2.3;12.7;2.5;41.8
1980-04-26;7.4;11.05;14.7;0.0;12.5;1.7;58.7
1980-04-27;8.0;10.8;13.6;8.8;7.7;1.4;69.2
1980-04-28;8.5;10.95;13.4;5.02;5.5;3.1;66.25
1980-04-29;8.5;13.4;18.3;0.0;24.8;2.8;34.2
1980-04-30;7.1;13.45;19.8;0.0;22.1;1.1;33.6
1980-05-01;7.3;13.6;19.9;0.0;19.5;1.5;30.9
1980-05-02;12.8;15.95;19.1;1.5;16.6;3.9;38.12
1980-05-03;13.7;15.4;17.1;2.9;8.6;3.5;59.72
1980-05-04;14.2;16.15;18.1;0.0;17.2;4.5;49.1
1980-05-05;10.8;13.75;16.7;0.0;21.0;4.2;40.6
1980-05-06;8.3;13.3;18.3;0.0;24.7;3.7;30.4
1980-05-07;5.2;11.4;17.6;0.0;26.003;2.5;30.4
1980-05-08;4.4;10.6;16.8;0.0;14.3;1.6;33.6
1980-05-09;7.7;13.55;19.4;0.0;26.1;2.9;28.7
1980-05-10;5.2;12.85;20.5;0.0;27.11;0.8;30.5
1980-05-11;9.4;14.4;19.4;0.0;21.4;1.0;39.53
1980-05-12;7.7;13.7;19.7;0.0;29.2;1.9;31.2
1980-05-13;8.0;14.34;20.67;0.0;25.1;1.1;34.0
1980-05-14;8.48;16.29;24.1;0.0;26.2;1.6;25.3
1980-05-15;12.7;17.5;22.3;0.0;26.4;2.8;26.9
1980-05-16;12.4;17.05;21.7;0.0;20.6;2.8;30.5
1980-05-17;14.8;18.25;21.7;0.0;19.7;2.2;27.3
1980-05-18;10.1;15.25;20.4;0.0;27.2;3.2;31.8
1980-05-19;8.1;14.35;20.6;0.0;28.3;2.2;26.9
1980-05-20;6.1;13.85;21.6;0.0;30.3;0.9;23.6
1980-05-21;5.1;14.7;24.3;0.0;30.7;1.4;19.7
1980-05-22;8.7;16.05;23.4;0.0;28.3;3.6;21.5
1980-05-23;14.9;18.15;21.4;1.2;8.0;3.1;38.8
1980-05-24;12.3;16.5;20.69;0.0;29.0;3.9;27.6
1980-05-25;10.7;16.5;22.3;0.0;27.2;2.9;23.9
1980-05-26;12.5;18.55;24.6;1.3;15.4;1.9;28.3
1980-05-27;16.1;20.1;24.1;0.0;17.2;2.6;28.8
1980-05-28;15.5;18.62;21.73;0.0;18.2;4.0;37.1
1980-05-29;15.5;19.75;24.0;0.0;27.1;3.9;28.4
1980-05-30;14.6;19.8;25.0;0.0;28.5;2.1;24.59
1980-05-31;12.5;18.95;25.4;0.0;31.5;1.0;20.78
1980-06-01;14.9;19.95;25.0;0.0;28.1;1.3;23.2
1980-06-02;12.9;19.15;25.4;0.0;28.3;0.7;24.8
1980-06-03;12.8;19.38;25.95;0.0;30.7;0.8;18.6
1980-06-04;15.0;20.4;25.8;0.0;28.1;1.8;23.3
1980-06-05;15.6;20.85;26.1;0.0;23.6;2.3;24.77
1980-06-06;14.7;20.4;26.1;0.0;23.9;1.8;22.1
1980-06-07;15.9;21.2;26.5;0.0;28.4;1.6;21.3
1980-06-08;14.8;20.65;26.5;0.0;29.3;1.2;18.9
1980-06-09;14.4;20.3;26.2;0.0;22.8;0.3;18.8
1980-06-10;17.7;22.0;26.3;0.0;21.4;0.3;21.6
1980-06-11;15.6;21.35;27.1;0.0;28.21;0.5;18.9
1980-06-12;15.5;21.8;28.1;0.0;29.4;0.7;15.8
1980-06-13;15.4;22.15;28.9;0.0;30.4;1.0;13.3
1980-06-14;16.2;22.25;28.3;0.0;30.2;0.9;16.0
1980-06-15;17.7;23.45;29.2;0.0;28.1;1.4;15.5
1980-06-16;18.3;24.05;29.8;0.0;23.1;1.2;16.2
1980-06-17;17.9;23.55;29.2;0.0;25.0;0.8;17.5
1980-06-18;18.2;23.91;29.63;0.0;28.9;0.9;15.8
1980-06-19;18.3;24.3;30.3;0.0;30.2;0.8;14.9
1980-06-20;19.5;25.75;32.0;0.0;29.7;1.4;13.1
1980-06-21;19.9;26.7;33.5;0.0;31.9;0.7;11.0
1980-06-22;20.5;26.85;33.2;0.0;28.9;1.1;10.52
1980-06-23;20.0;25.9;31.8;0.0;30.0;0.8;13.0
1980-06-24;18.6;27.05;35.5;0.0;29.1;1.4;9.74
1980-06-25;20.7;26.8;32.9;0.0;28.3;2.3;12.6
1980-06-26;19.6;25.3;31.0;0.0;28.3;2.0;13.7
1980-06-27;18.7;25.2;31.7;0.0;29.0;1.1;12.1
1980-06-28;18.5;24.95;31.4;0.0;29.204;1.7;13.7
1980-06-29;17.7;24.65;31.6;0.0;29.8;0.9;13.2
1980-06-30;19.5;25.9;32.3;0.0;29.1;1.7;12.1
1980-07-01;20.2;27.4;34.6;0.0;29.1;1.4;9.6
1980-07-02;20.3;27.85;35.4;0.0;29.1;0.8;7.5
1980-07-03;20.7;27.25;33.8;0.0;28.4;1.8;9.4
1980-07-04;19.2;23.2;27.2;0.0;30.0;3.7;17.3
1980-07-05;18.6;22.2;25.8;0.0;30.2;3.3;19.0
1980-07-06;17.8;21.75;25.7;0.0;28.7;3.2;19.6
1980-07-07;18.0;22.35;26.7;0.0;28.7;2.7;18.4
1980-07-08;15.3;21.5;27.7;0.0;29.6;0.6;14.4
1980-07-09;17.5;24.3;31.1;0.0;27.7;1.5;13.7
1980-07-10;19.2;25.1;31.0;0.0;27.2;2.3;15.02
1980-07-11;18.8;23.45;28.1;0.0;27.9;2.2;16.29
1980-07-12;17.9;22.4;26.9;0.0;28.95;1.3;21.5
1980-07-13;16.3;23.2;30.1;0.0;27.8;0.4;15.7
1980-07-14;19.1;25.7;32.3;0.0;26.4;1.8;13.8
1980-07-15;19.9;25.75;31.6;0.0;26.4;1.2;16.5
1980-07-16;19.9;26.13;32.35;0.0;26.508;1.3;13.9
1980-07-17;18.5;26.05;33.6;0.0;27.4;1.4;12.5
1980-07-18;18.7;26.75;34.8;0.0;26.8;1.4;11.1
1980-07-19;20.4;27.9;35.4;0.0;26.302;1.4;8.5
1980-07-20;22.3;28.35;34.4;0.0;26.4;2.2;9.24
1980-07-21;21.0;26.86;32.73;0.0;25.9;2.1;12.6
1980-07-22;20.3;26.35;32.4;0.0;26.2;1.4;11.8
1980-07-23;20.2;26.95;33.7;0.0;25.2;0.4;12.1
1980-07-24;23.4;28.85;34.3;0.0;22.9;1.6;12.2
1980-07-25;20.7;25.75;30.8;0.0;25.3;2.1;16.7
1980-07-26;20.3;25.9;31.5;0.0;25.1;1.0;17.1
1980-07-27;19.2;25.6;32.0;0.0;25.3;1.4;16.1
1980-07-28;20.6;26.25;31.9;0.0;25.1;1.6;16.7
1980-07-29;20.6;26.45;32.3;0.0;25.0;2.1;16.7
1980-07-30;20.8;26.4;32.0;0.0;24.9;1.3;17.2
1980-07-31;21.1;26.55;32.0;0.0;24.9;0.7;16.2
1980-08-01;21.3;26.9;32.5;0.0;25.0;1.2;13.8
1980-08-02;20.7;26.65;32.6;0.0;25.0;1.0;13.6
1980-08-03;20.8;26.95;33.1;0.0;24.9;2.5;13.1
1980-08-04;19.6;23.5;27.4;0.0;25.0;3.8;19.18
1980-08-05;18.1;22.7;27.3;0.0;24.7;1.5;17.4
1980-08-06;17.6;22.95;28.3;0.0;24.6;0.6;17.3
1980-08-07;19.2;23.9;28.6;0.0;24.2;1.0;20.8
1980-08-08;19.5;24.95;30.4;0.0;24.3;1.0;19.0
1980-08-09;18.2;24.8;31.4;0.0;24.6;0.6;14.8
1980-08-10;19.5;25.5;31.5;0.0;24.3;1.0;14.5
1980-08-11;20.1;26.0;31.9;0.0;24.2;1.0;14.7
1980-08-12;19.4;25.35;31.3;0.0;24.1;0.6;17.8
1980-08-13;20.1;24.9;29.7;0.0;23.6;2.5;20.8
1980-08-14;18.5;22.35;26.2;0.0;24.3;2.6;18.9
1980-08-15;17.7;21.75;25.8;0.0;23.8;1.8;20.9
1980-08-16;17.6;22.05;26.5;0.0;23.6;0.9;22.85
1980-08-17;17.4;23.1;28.8;0.0;23.6;1.0;18.1
1980-08-18;18.8;24.1;29.4;0.0;23.2;1.9;18.2
1980-08-19;19.2;24.0;28.8;0.0;23.3;2.5;19.0
1980-08-20;19.6;23.4;27.2;0.0;23.5;3.1;20.1
1980-08-21;18.4;22.6;26.8;0.0;23.6;1.9;18.5
1980-08-22;18.1;22.36;26.62;6.4;13.0;0.8;30.7
1980-08-23;16.8;22.2;27.6;0.0;22.8;0.3;25.0
1980-08-24;16.7;23.3;29.9;0.0;23.1;1.7;16.2
1980-08-25;20.6;25.7;30.8;0.0;20.9;2.6;18.1
1980-08-26;17.7;23.1;28.5;0.0;23.0;2.2;19.5
1980-08-27;18.4;22.16;25.91;0.0;23.0;2.9;22.0
1980-08-28;17.0;21.25;25.5;0.0;23.1;2.5;16.4
1980-08-29;15.5;20.85;26.2;0.0;22.8;1.6;20.1
1980-08-30;15.0;20.6;26.2;0.0;22.4;0.6;23.1
1980-08-31;15.2;21.1;27.0;0.0;22.3;0.7;21.2
1980-09-01;16.9;22.25;27.6;0.0;22.1;1.0;19.4
1980-09-02;17.1;22.65;28.2;0.0;22.0;0.6;18.5
1980-09-03;18.0;23.2;28.4;0.0;21.7;1.8;20.7
1980-09-04;19.2;23.6;28.0;0.0;19.606;1.6;23.3
1980-09-05;19.8;23.99;28.18;0.0;21.3;1.5;20.68
1980-09-06;18.3;23.3;28.3;0.0;21.2;1.4;19.0
1980-09-07;17.1;22.35;27.6;0.0;21.5;1.2;20.3
1980-09-08;16.8;22.1;27.4;0.0;21.5;0.9;19.6
1980-09-09;16.9;22.1;27.3;0.0;21.2;1.2;19.0
1980-09-10;17.7;22.8;27.9;0.0;21.3;1.8;19.4
1980-09-11;18.8;21.75;24.7;0.0;13.4;2.0;30.9
1980-09-12;17.0;21.15;25.3;0.0;21.3;1.9;18.2
1980-09-13;15.3;20.05;24.8;0.0;20.8;2.2;25.0
1980-09-14;13.1;19.1;25.1;0.0;21.2;2.1;19.98
1980-09-15;11.9;18.7;25.5;0.0;21.1;1.4;17.4
1980-09-16;15.5;21.1;26.7;0.0;20.8;1.8;18.0
1980-09-17;16.2;21.65;27.1;0.0;20.5;1.4;19.8
1980-09-18;14.9;20.65;26.4;0.0;19.4;0.5;19.6
1980-09-19;18.6;22.4;26.2;0.0;13.1;1.0;21.3
1980-09-20;15.9;21.05;26.2;0.0;16.7;1.6;22.5
1980-09-21;18.4;21.65;24.9;0.0;10.6;2.8;33.87
1980-09-22;15.1;20.85;26.6;0.0;19.2;0.5;24.8
1980-09-23;18.0;23.05;28.1;0.0;19.4;2.2;25.3
1980-09-24;19.3;23.6;27.9;0.0;13.3;3.5;23.8
1980-09-25;21.0;24.2;27.4;0.0;14.2;4.1;22.6
1980-09-26;20.2;23.35;26.5;0.0;15.2;3.6;24.1
1980-09-27;19.1;20.65;22.2;3.9;3.8;2.9;56.9
1980-09-28;17.2;20.6;24.0;1.8;13.4;2.0;42.2
1980-09-29;15.5;18.95;22.4;5.3;13.1;2.5;35.1
1980-09-30;17.1;19.8;22.5;3.2;11.5;1.7;43.43
1980-10-01;14.0;18.55;23.1;0.0;17.2;1.2;31.5
1980-10-02;14.8;17.4;20.0;0.0;10.1;2.6;46.7
1980-10-03;16.5;18.35;20.2;0.0;9.2;1.6;38.1
1980-10-04;17.5;18.75;20.0;0.0;6.6;0.7;43.83
1980-10-05;17.0;18.9;20.8;0.0;9.4;0.7;49.62
1980-10-06;16.7;18.35;20.0;0.0;4.1;1.0;74.2
1980-10-07;14.9;18.79;22.67;0.0;17.4;1.6;33.66
1980-10-08;12.1;17.25;22.4;0.0;18.2;1.3;29.3
1980-10-09;9.4;15.65;21.9;0.0;16.2;1.0;29.0
1980-10-10;13.6;17.95;22.3;0.0;17.3;2.2;29.7
1980-10-11;10.5;14.3;18.1;0.0;17.6;3.6;29.53
1980-10-12;8.8;10.85;12.9;0.0;14.8;4.57;27.5
1980-10-13;9.0;13.7;18.4;0.0;16.1;2.5;28.3
1980-10-14;6.0;11.97;17.95;0.0;16.6;1.3;27.6
1980-10-15;13.6;15.35;17.1;0.0;9.3;0.6;29.4
1980-10-16;9.4;13.25;17.1;1.2;9.0;2.1;37.0
1980-10-17;14.0;14.75;15.5;0.0;3.9;0.6;69.9
1980-10-18;15.0;15.0;15.0;6.01;3.798;0.2;83.4
1980-10-19;14.8;15.7;16.6;2.3;3.9;1.5;66.8
1980-10-20;11.9;14.15;16.4;0.0;6.362;1.2;55.1
1980-10-21;15.0;15.65;16.3;3.3;4.3;3.9;71.8
1980-10-22;15.3;17.9;20.5;32.92;7.2;5.1;60.8
1980-10-23;15.1;16.2;17.3;0.0;12.7;5.94;43.0
1980-10-24;10.4;12.0;13.6;4.6;5.6;4.8;68.4
1980-10-25;10.3;12.3;14.3;3.0;7.1;3.9;47.9
1980-10-26;7.2;9.2;11.2;12.3;8.9;4.9;65.2
1980-10-27;6.6;8.19;9.78;1.2;8.5;4.5;48.3
1980-10-28;7.2;9.85;12.5;0.0;9.2;2.4;39.6
1980-10-29;11.3;12.82;14.35;0.0;8.7;2.4;56.0
1980-10-30;8.9;13.05;17.2;0.0;13.3;1.3;44.1
1980-10-31;8.9;13.45;18.0;0.0;10.6;1.6;44.1
1980-11-01;14.8;16.65;18.5;0.0;11.7;2.5;46.6
1980-11-02;14.37;15.93;17.5;0.0;8.7;3.2;55.1
1980-11-03;13.5;16.15;18.8;5.8;11.72;2.8;52.0
1980-11-04;8.5;12.25;16.0;0.0;12.6;2.4;47.42
1980-11-05;4.9;10.5;16.1;0.0;14.8;1.5;37.1
1980-11-06;3.0;9.7;16.4;0.0;14.8;1.2;31.1
1980-11-07;7.4;12.8;18.2;0.0;15.0;2.1;35.41
1980-11-08;9.7;14.7;19.7;0.0;14.1;2.0;39.3
1980-11-09;13.1;16.5;19.9;0.0;13.2;2.1;47.3
1980-11-10;12.2;16.35;20.5;0.0;13.7;1.8;45.0
1980-11-11;11.3;15.7;20.1;0.0;14.0;1.2;43.0
1980-11-12;11.8;17.2;22.6;0.0;14.7;1.6;31.6
1980-11-13;9.9;16.35;22.8;0.0;14.4;1.2;30.9
1980-11-14;5.9;11.87;17.84;0.0;13.8;2.1;46.2
1980-11-15;3.3;10.1;16.9;0.0;12.167;0.6;32.8
1980-11-16;5.1;12.35;19.6;0.0;12.3;1.3;36.5
1980-11-17;11.7;16.0;20.3;0.0;13.4;2.1;42.4
1980-11-18;9.59;13.95;18.3;0.0;13.4;2.4;46.2
1980-11-19;6.8;12.6;18.4;0.0;11.9;2.1;37.6
1980-11-20;10.3;12.35;14.4;0.0;6.6;4.1;55.6
1980-11-21;9.7;11.35;13.0;0.0;7.7;3.3;47.61
1980-11-22;8.9;11.15;13.4;0.0;8.1;3.5;48.1
1980-11-23;10.2;12.5;14.8;17.7;4.0;2.6;67.2
1980-11-24;10.4;12.25;14.1;1.1;6.2;2.6;70.4
1980-11-25;14.0;15.65;17.3;3.5;3.6;4.5;66.71
1980-11-26;11.4;13.05;14.7;0.0;9.6;3.8;43.9
1980-11-27;9.5;13.55;17.6;0.0;6.6;3.6;49.2
1980-11-28;11.6;12.65;13.7;0.0;7.4;3.9;57.4
1980-11-29;11.3;13.53;15.75;1.9;3.4;3.0;67.5
1980-11-30;11.1;14.55;18.0;0.0;11.5;2.6;49.62
1980-12-01;7.4;13.2;19.0;0.0;12.7;1.3;40.4
1980-12-02;8.9;14.2;19.5;0.0;12.601;2.4;37.5
1980-12-03;13.4;16.05;18.7;0.0;9.8;4.3;43.2
1980-12-04;12.2;12.95;13.69;0.0;7.2;3.5;60.7
1980-12-05;12.3;12.8;13.3;6.57;6.0;4.8;64.9
1980-12-06;10.2;11.65;13.1;0.0;8.0;5.9;41.55
1980-12-07;9.7;12.05;14.4;0.0;6.7;2.6;62.7
1980-12-08;9.21;13.26;17.3;0.0;12.0;2.3;47.7
1980-12-09;8.9;12.15;15.4;2.0;8.3;2.6;57.4
1980-12-10;5.3;8.15;11.0;0.0;8.8;1.1;54.5
1980-12-11;7.7;9.05;10.4;15.98;5.0;2.3;81.4
1980-12-12;10.3;11.45;12.6;3.2;4.5;2.5;68.1
1980-12-13;10.2;10.85;11.5;2.0;2.7;2.1;79.56
1980-12-14;8.7;9.7;10.7;0.0;5.5;2.3;67.0
1980-12-15;8.1;9.35;10.6;0.0;4.4;1.7;67.1
1980-12-16;6.1;8.25;10.4;0.0;5.2;1.0;66.51
1980-12-17;4.4;8.4;12.4;0.0;9.0;1.6;47.2
1980-12-18;9.9;12.15;14.4;2.46;5.0;3.5;63.8
1980-12-19;11.1;14.0;16.9;0.0;11.293;3.7;49.6
1980-12-20;10.5;12.6;14.7;0.0;11.3;4.6;49.1
1980-12-21;11.1;13.26;15.42;0.0;8.8;4.4;47.62
1980-12-22;7.4;11.9;16.4;0.0;9.7;1.6;48.4
1980-12-23;6.6;10.75;14.9;0.0;6.5;1.2;59.0
1980-12-24;10.8;14.25;17.7;0.0;10.0;2.8;54.0
1980-12-25;11.0;14.5;18.0;0.0;10.3;1.4;58.0
1980-12-26;11.09;13.25;15.4;0.0;4.3;2.4;73.55
1980-12-27;9.8;11.6;13.4;0.0;8.5;3.5;54.5
1980-12-28;6.4;8.9;11.4;0.0;7.3;4.3;55.9
1980-12-29;4.1;7.65;11.2;0.0;10.8;2.2;37.04
1980-12-30;6.1;11.55;17.0;0.0;9.482;3.6;46.1
1980-12-31;6.9;11.1;15.3;0.0;11.8;3.1;51.3
1981-01-01;5.4;9.75;14.1;3.0;5.7;2.1;69.6
1981-01-02;4.0;9.3;14.6;0.0;11.6;2.9;50.4
1981-01-03;3.3;9.6;15.9;0.0;9.2;2.5;52.5
1981-01-04;8.5;11.8;15.1;0.0;11.6;2.5;50.4
1981-01-05;7.9;12.1;16.3;0.0;7.0;1.8;58.3
1981-01-06;6.5;12.55;18.6;0.0;12.1;2.0;42.07
1981-01-07;5.7;11.95;18.2;0.0;11.2;1.7;39.7
1981-01-08;11.7;15.15;18.6;1.2;10.0;2.9;45.5
1981-01-09;3.8;7.35;10.9;3.2;7.1;5.9;42.5
1981-01-10;2.1;4.3;6.5;0.0;10.2;4.7;33.4
1981-01-11;0.8;4.65;8.5;0.0;9.8;1.6;33.0
1981-01-12;0.8;6.0;11.2;0.0;10.1;1.4;38.6
1981-01-13;1.5;6.95;12.4;0.0;11.4;1.7;37.7
1981-01-14;5.8;8.95;12.1;0.0;7.1;3.1;48.6
1981-01-15;8.3;11.45;14.6;0.0;8.6;2.6;45.8
1981-01-16;8.2;12.05;15.9;0.0;9.6;3.3;48.42
1981-01-17;10.8;15.1;19.4;0.0;12.7;2.3;37.8
1981-01-18;9.5;13.3;17.1;0.0;13.3;3.5;39.1
1981-01-19;8.9;12.3;15.7;0.0;13.1;3.7;46.1
1981-01-20;8.7;12.7;16.7;0.0;12.8;3.0;45.2
1981-01-21;9.9;13.85;17.8;0.0;13.7;3.6;38.2
1981-01-22;8.7;13.1;17.5;0.0;13.563;3.3;39.8
1981-01-23;9.8;13.6;17.4;0.0;12.9;3.3;44.94
1981-01-24;8.3;12.35;16.4;0.0;12.1;1.0;51.23
1981-01-25;6.7;11.45;16.2;0.0;12.8;1.6;48.7
1981-01-26;11.9;12.6;13.3;1.5;3.7;2.3;72.2
1981-01-27;11.8;12.4;13.0;1.9;3.9;1.3;79.0
1981-01-28;10.9;11.95;13.0;0.0;6.1;0.7;73.4
1981-01-29;6.7;10.4;14.1;6.6;13.7;2.7;47.6
1981-01-30;9.6;11.15;12.7;0.0;11.3;2.0;52.72
1981-01-31;3.6;8.15;12.7;0.0;10.5;1.6;40.8
1981-02-01;3.29;8.74;14.2;0.0;11.7;1.4;44.1
1981-02-02;7.2;9.65;12.1;0.0;8.9;2.1;51.1
1981-02-03;7.5;8.6;9.7;2.4;5.1;1.2;78.46
1981-02-04;7.4;8.65;9.9;12.3;6.4;0.6;82.47
1981-02-05;6.1;8.35;10.6;5.4;4.0;2.0;72.3
1981-02-06;6.3;9.05;11.8;3.0;4.0;1.9;76.5
1981-02-07;7.7;11.4;15.1;0.0;11.8;4.1;49.2
1981-02-08;7.4;10.25;13.1;0.0;7.7;2.6;68.9
1981-02-09;8.4;10.95;13.5;1.6;12.1;4.2;51.7
1981-02-10;4.2;7.45;10.7;5.0;4.1;2.9;56.6
1981-02-11;4.2;6.35;8.5;4.6;1.1;1.7;75.5
1981-02-12;6.5;7.85;9.2;4.1;1.567;2.9;73.9
1981-02-13;6.0;8.05;10.1;4.1;7.2;3.6;61.7
1981-02-14;5.2;7.45;9.7;0.0;8.3;1.5;59.4
1981-02-15;4.1;7.25;10.4;4.3;10.4;1.0;60.8
1981-02-16;7.7;10.35;13.0;10.76;4.5;3.4;67.1
1981-02-17;9.5;10.15;10.8;25.97;2.2;4.8;83.7
1981-02-18;7.7;8.95;10.2;50.12;6.9;5.5;88.77
1981-02-19;7.3;8.2;9.1;13.8;2.8;4.6;88.39
1981-02-20;8.1;9.7;11.3;11.3;6.6;3.1;76.3
1981-02-21;7.2;10.25;13.3;18.37;5.4;5.4;56.4
1981-02-22;6.3;7.8;9.3;3.3;1.763;3.7;70.98
1981-02-23;4.1;6.16;8.22;12.1;6.3;3.3;61.0
1981-02-24;5.8;7.95;10.1;0.0;10.5;3.7;50.3
1981-02-25;7.3;9.8;12.3;4.6;6.7;4.5;67.6
1981-02-26;9.4;10.6;11.8;2.9;7.5;4.3;71.55
1981-02-27;3.9;6.65;9.4;1.8;11.8;4.8;43.6
1981-02-28;4.3;6.8;9.3;0.0;12.5;3.6;38.2
1981-03-01;7.0;9.6;12.2;0.0;10.5;4.4;41.8
1981-03-02;5.3;8.35;11.4;3.3;6.6;1.9;62.8
1981-03-03;3.8;8.0;12.2;2.0;9.7;2.5;57.84
1981-03-04;7.4;11.65;15.9;0.0;17.9;3.0;39.1
1981-03-05;8.3;13.55;18.81;0.0;17.761;2.3;38.8
1981-03-06;8.2;14.0;19.8;0.0;18.0;3.2;32.0
1981-03-07;11.3;14.35;17.4;0.0;19.0;5.4;45.7
1981-03-08;3.6;8.4;13.2;14.69;8.0;2.9;66.41
1981-03-09;3.5;5.25;7.0;2.19;0.8;0.8;89.5
1981-03-10;4.8;8.35;11.9;9.63;8.7;2.6;62.0
1981-03-11;6.5;9.5;12.5;2.7;5.3;1.7;64.7
1981-03-12;7.2;10.55;13.9;0.0;15.7;2.4;54.1
1981-03-13;6.2;10.0;13.8;0.0;13.1;2.5;50.1
1981-03-14;3.5;8.3;13.1;0.0;19.2;2.1;36.5
1981-03-15;1.89;7.0;12.1;0.0;14.3;1.3;44.9
1981-03-16;5.2;8.8;12.4;0.0;14.8;1.8;46.2
1981-03-17;5.3;9.83;14.37;0.0;17.3;2.9;41.0
1981-03-18;9.4;10.3;11.2;18.8;6.8;2.8;82.79
1981-03-19;9.3;9.65;10.0;26.09;1.0;2.4;90.92
1981-03-20;7.4;9.35;11.3;16.7;9.5;1.4;79.3
1981-03-21;6.5;9.0;11.5;3.2;8.8;2.5;62.91
1981-03-22;3.1;8.26;13.41;0.0;20.587;0.9;33.6
1981-03-23;3.5;10.0;16.5;0.0;20.9;2.3;32.3
1981-03-24;7.7;13.45;19.2;0.0;21.1;2.9;33.2
1981-03-25;8.5;12.95;17.4;0.0;19.9;4.5;36.9
1981-03-26;11.2;16.45;21.7;0.0;21.2;2.4;29.8
1981-03-27;7.6;12.8;18.0;2.0;17.9;1.9;41.7
1981-03-28;6.4;9.8;13.2;0.0;17.8;3.2;36.8
1981-03-29;6.6;8.45;10.3;0.0;13.11;3.2;47.9
1981-03-30;6.8;10.0;13.2;0.0;17.6;2.8;39.1
1981-03-31;11.0;14.75;18.5;0.0;17.1;3.6;43.1
1981-04-01;7.8;12.85;17.9;0.0;22.3;2.3;31.8
1981-04-02;6.3;11.35;16.4;0.0;21.7;2.4;33.5
1981-04-03;4.9;11.35;17.8;0.0;22.3;1.4;31.5
1981-04-04;8.6;12.6;16.6;0.0;11.5;3.3;44.3
1981-04-05;7.3;12.4;17.5;0.0;22.3;2.7;33.8
1981-04-06;5.9;10.7;15.5;0.0;21.2;2.4;35.0
1981-04-07;5.5;11.4;17.3;0.0;19.6;3.3;34.9
1981-04-08;8.9;10.1;11.3;7.3;8.0;2.6;76.2
1981-04-09;5.6;7.8;10.0;0.0;16.5;4.3;35.0
1981-04-10;4.2;7.75;11.3;0.0;13.3;3.4;37.4
1981-04-11;2.0;7.85;13.7;0.0;23.0;1.2;29.9
1981-04-12;3.1;9.65;16.2;0.0;17.8;2.2;30.9
1981-04-13;8.26;14.63;21.0;0.0;23.619;2.5;32.8
1981-04-14;8.5;15.4;22.3;0.0;14.5;0.8;33.9
1981-04-15;11.1;15.3;19.5;0.0;22.9;3.8;44.6
1981-04-16;6.5;10.15;13.8;0.0;15.8;3.2;35.82
1981-04-17;5.1;10.7;16.3;0.0;23.6;1.8;27.5
1981-04-18;5.6;12.75;19.9;0.0;24.1;3.3;25.6
1981-04-19;7.5;14.75;22.0;0.0;24.0;2.9;26.3
1981-04-20;11.7;17.2;22.7;0.0;24.3;3.3;26.78
1981-04-21;9.7;15.5;21.3;0.0;23.7;2.3;31.4
1981-04-22;7.0;10.4;13.8;0.0;18.1;3.6;40.8
1981-04-23;6.4;10.9;15.4;0.0;21.2;5.0;27.9
1981-04-24;9.2;15.45;21.7;0.0;20.6;2.6;26.2
1981-04-25;9.9;16.2;22.5;0.0;24.421;3.6;22.58
1981-04-26;11.0;17.3;23.6;0.0;25.1;3.5;22.3
1981-04-27;10.6;17.0;23.4;0.0;25.0;2.6;25.7
1981-04-28;12.5;17.4;22.3;0.0;21.3;3.8;26.5
1981-04-29;16.2;17.9;19.6;14.2;7.4;3.4;69.6
1981-04-30;7.1;11.2;15.3;15.8;5.5;1.5;79.6
1981-05-01;7.1;10.6;14.1;5.5;17.9;3.7;43.7
1981-05-02;11.5;12.8;14.1;3.5;8.6;5.0;61.7
1981-05-03;10.5;14.1;17.7;0.0;20.3;3.0;36.0
1981-05-04;10.72;13.91;17.1;0.0;14.4;2.4;44.1
1981-05-05;11.3;14.8;18.3;0.0;16.6;1.7;40.3
1981-05-06;9.1;13.4;17.7;0.0;17.2;0.8;46.2
1981-05-07;7.4;13.7;20.0;0.0;24.4;1.1;35.1
1981-05-08;8.5;14.15;19.8;0.0;19.703;2.8;34.8
1981-05-09;9.5;14.55;19.6;0.0;11.9;3.1;42.9
1981-05-10;8.9;15.4;21.9;0.0;26.3;1.5;29.0
1981-05-11;6.6;15.3;24.0;0.0;27.8;1.2;25.5
1981-05-12;13.4;17.55;21.7;0.0;18.7;4.1;33.7
1981-05-13;14.6;19.95;25.3;0.0;23.2;1.1;23.6
1981-05-14;10.8;16.85;22.9;0.0;26.1;2.2;26.7
1981-05-15;7.1;15.25;23.4;0.0;30.9;1.2;23.4
1981-05-16;6.7;15.37;24.03;0.0;30.1;0.6;23.08
1981-05-17;7.0;16.25;25.5;0.0;28.254;1.5;18.4
1981-05-18;11.53;18.71;25.9;0.0;25.0;2.7;16.5
1981-05-19;16.5;21.35;26.2;0.0;23.9;3.4;16.0
1981-05-20;17.3;21.2;25.1;0.0;17.678;3.1;19.9
1981-05-21;14.9;20.25;25.6;0.0;24.1;1.6;23.9
1981-05-22;14.6;19.6;24.6;0.0;19.4;2.5;26.3
1981-05-23;15.2;20.5;25.8;0.0;26.9;2.8;20.24
1981-05-24;13.6;17.4;21.2;0.0;28.5;4.4;22.4
1981-05-25;13.2;17.55;21.9;0.0;24.7;3.9;23.1
1981-05-26;8.87;15.91;22.94;0.0;26.7;0.8;25.8
1981-05-27;12.4;18.5;24.6;0.0;29.8;2.5;24.7
1981-05-28;15.5;20.55;25.6;0.0;30.773;3.8;19.6
1981-05-29;15.1;21.2;27.3;0.0;27.603;1.7;17.8
1981-05-30;16.3;21.35;26.4;0.0;27.0;2.2;21.7
1981-05-31;16.3;21.45;26.6;0.0;23.1;2.9;19.4
1981-06-01;16.9;21.0;25.1;0.0;15.6;3.1;27.0
1981-06-02;14.2;19.1;24.0;0.0;30.1;3.1;19.2
1981-06-03;11.2;16.05;20.9;3.69;15.1;1.2;31.4
1981-06-04;13.4;15.9;18.4;0.0;13.1;3.0;33.7
1981-06-05;14.1;19.0;23.9;0.0;28.6;1.8;22.1
1981-06-06;14.4;19.75;25.1;0.0;26.0;3.4;22.5
1981-06-07;15.2;20.6;26.0;0.0;27.509;1.3;23.6
1981-06-08;14.1;20.35;26.6;0.0;30.3;1.3;17.3
1981-06-09;14.9;20.85;26.8;0.0;16.6;1.1;19.6
1981-06-10;16.4;21.05;25.7;0.0;28.403;2.7;20.1
1981-06-11;15.3;18.65;22.0;0.0;25.2;4.0;24.7
1981-06-12;13.5;19.1;24.7;0.0;30.4;2.3;21.7
1981-06-13;13.19;19.64;26.1;0.0;28.4;0.8;21.1
1981-06-14;16.3;22.6;28.9;0.0;30.7;2.6;15.5
1981-06-15;16.2;23.0;29.8;0.0;27.6;0.7;15.8
1981-06-16;17.39;24.39;31.4;0.0;28.5;2.1;13.9
1981-06-17;17.8;24.9;32.0;0.0;29.6;2.3;10.9
1981-06-18;16.5;25.1;33.7;0.0;30.833;1.4;7.9
1981-06-19;19.0;27.0;35.0;0.0;31.7;1.6;7.6
1981-06-20;20.7;26.25;31.8;0.0;31.0;1.7;9.8
1981-06-21;18.9;23.7;28.5;0.0;22.4;1.6;15.7
1981-06-22;17.9;22.93;27.96;0.0;22.8;2.3;21.2
1981-06-23;16.3;19.95;23.6;0.0;30.6;3.9;19.8
1981-06-24;15.9;19.9;23.9;0.0;28.9;2.6;18.6
1981-06-25;12.6;19.1;25.6;0.0;29.8;0.5;18.0
1981-06-26;16.2;22.05;27.9;0.0;28.6;1.1;16.4
1981-06-27;17.6;22.35;27.1;0.0;23.0;0.7;20.8
1981-06-28;19.38;23.95;28.52;1.2;19.9;1.6;21.0
1981-06-29;19.0;23.9;28.8;0.0;26.1;1.6;21.3
1981-06-30;16.1;23.15;30.2;0.0;29.3;0.7;14.0
1981-07-01;18.3;23.05;27.8;0.0;24.2;2.2;19.5
1981-07-02;18.4;22.1;25.8;0.0;26.4;3.6;27.8
1981-07-03;18.3;23.1;27.9;0.0;27.2;2.7;20.2
1981-07-04;17.4;22.1;26.8;0.0;22.9;1.2;24.4
1981-07-05;18.8;22.7;26.6;0.0;17.5;0.8;26.0
1981-07-06;16.9;21.95;27.0;0.0;22.7;1.8;22.9
1981-07-07;18.4;22.2;26.0;0.0;26.8;3.0;23.8
1981-07-08;17.7;21.35;25.0;0.0;29.1;3.2;21.0
1981-07-09;17.3;21.4;25.5;0.0;28.5;3.3;21.5
1981-07-10;18.5;22.65;26.8;0.0;26.1;3.3;21.9
1981-07-11;19.6;23.65;27.7;0.0;22.8;2.6;19.4
1981-07-12;18.0;23.3;28.6;0.0;27.6;1.8;17.1
1981-07-13;18.7;24.4;30.1;0.0;27.4;1.5;15.8
1981-07-14;19.8;25.5;31.2;0.0;25.9;1.7;17.2
1981-07-15;20.3;25.9;31.5;0.0;26.0;1.6;15.8
1981-07-16;19.2;25.5;31.8;0.0;26.2;1.3;14.8
1981-07-17;20.3;26.25;32.2;0.0;26.1;1.8;14.3
1981-07-18;20.5;26.55;32.6;0.0;26.3;1.7;13.5
1981-07-19;18.6;24.95;31.3;0.0;26.6;0.5;15.37
1981-07-20;18.8;25.05;31.3;0.0;26.7;1.0;16.5
1981-07-21;19.0;24.75;30.5;0.0;26.3;0.5;18.1
1981-07-22;19.3;24.95;30.6;0.0;26.2;0.9;18.7
1981-07-23;19.8;25.9;32.0;0.0;26.2;1.4;14.8
1981-07-24;21.0;27.4;33.8;0.0;26.0;1.9;12.7
1981-07-25;21.6;28.39;35.18;0.0;26.2;2.3;10.7
1981-07-26;22.6;29.15;35.7;0.0;26.0;2.7;9.7
1981-07-27;22.5;28.45;34.4;0.0;25.4;2.3;12.9
1981-07-28;20.7;27.0;33.3;0.0;25.3;1.6;14.4
1981-07-29;20.0;26.3;32.6;0.0;25.0;0.6;14.9
1981-07-30;21.6;27.05;32.5;0.0;24.809;1.0;14.9
1981-07-31;21.0;26.9;32.8;0.0;24.9;1.1;14.1
1981-08-01;20.9;26.2;31.5;0.0;25.017;2.5;15.5
1981-08-02;20.0;24.6;29.2;0.0;25.0;2.8;19.0
1981-08-03;18.6;23.25;27.9;0.0;24.9;2.2;21.5
1981-08-04;17.6;21.95;26.3;1.1;17.3;1.6;26.7
1981-08-05;19.1;23.15;27.2;0.0;19.215;1.78;27.3
1981-08-06;19.3;24.65;30.0;0.0;24.4;1.6;21.28
1981-08-07;17.9;24.65;31.4;0.0;24.7;0.4;17.0
1981-08-08;18.6;24.65;30.7;0.0;23.841;0.6;17.3
1981-08-09;21.1;26.2;31.3;0.0;23.9;1.7;15.5
1981-08-10;20.8;26.5;32.2;0.0;24.4;1.5;15.8
1981-08-11;20.3;26.25;32.2;0.0;23.9;1.7;16.0
1981-08-12;20.4;26.3;32.2;0.0;23.9;1.1;14.2
1981-08-13;20.5;26.2;31.9;0.0;23.7;1.3;13.4
1981-08-14;20.21;25.76;31.3;0.0;21.6;1.0;13.8
1981-08-15;19.0;25.7;32.4;0.0;24.0;0.7;12.4
1981-08-16;18.7;26.1;33.5;0.0;24.2;0.6;10.9
1981-08-17;20.6;27.2;33.8;0.0;23.7;1.6;10.3
1981-08-18;20.3;25.65;31.0;0.0;24.2;2.8;14.37
1981-08-19;17.8;24.65;31.5;0.0;24.0;1.2;15.2
1981-08-20;18.9;26.05;33.2;0.0;23.1;1.5;14.7
1981-08-21;20.0;24.07;28.15;0.0;23.8;3.3;18.1
1981-08-22;18.4;22.9;27.4;0.0;23.5;1.7;19.91
1981-08-23;17.1;22.1;27.1;0.0;23.4;1.2;19.0
1981-08-24;18.2;21.55;24.9;1.2;13.8;0.9;30.2
1981-08-25;16.8;20.95;25.1;0.0;23.1;2.5;22.2
1981-08-26;17.6;21.0;24.4;0.0;23.1;3.3;19.9
1981-08-27;15.8;20.55;25.3;0.0;19.4;0.9;24.6
1981-08-28;18.9;23.5;28.1;0.0;22.1;3.2;19.9
1981-08-29;19.2;24.55;29.9;0.0;22.0;2.1;22.0
1981-08-30;18.9;24.15;29.4;0.0;22.0;0.7;24.0
1981-08-31;18.8;24.0;29.2;0.0;21.3;0.6;23.2
1981-09-01;18.9;23.7;28.5;0.0;22.0;1.4;21.9
1981-09-02;19.1;23.3;27.5;0.0;21.7;1.2;24.8
1981-09-03;17.6;23.1;28.6;0.0;21.9;0.8;23.1
1981-09-04;20.0;25.3;30.6;0.0;22.3;3.1;22.2
1981-09-05;19.0;22.8;26.6;0.0;22.0;3.2;18.6
1981-09-06;17.2;21.6;26.0;0.0;21.7;1.9;21.2
1981-09-07;15.8;20.85;25.9;0.0;21.5;1.0;22.0
1981-09-08;15.9;21.15;26.4;0.0;21.3;0.7;25.34
1981-09-09;15.8;21.45;27.1;0.0;21.4;1.4;22.5
1981-09-10;17.3;22.6;27.9;0.0;21.1;2.2;20.98
1981-09-11;19.5;22.85;26.2;0.0;14.0;1.8;30.9
1981-09-12;18.6;22.35;26.1;0.0;18.1;1.6;26.9
1981-09-13;15.9;21.02;26.13;0.0;20.9;1.4;21.7
1981-09-14;15.9;19.9;23.9;4.1;13.1;1.5;33.5
1981-09-15;14.8;18.3;21.8;1.2;14.0;2.4;35.6
1981-09-16;18.2;20.3;22.4;0.0;12.2;2.7;35.0
1981-09-17;15.2;19.3;23.39;0.0;14.4;1.9;28.58
1981-09-18;12.7;18.65;24.6;0.0;20.6;1.1;25.2
1981-09-19;14.4;19.75;25.1;0.0;20.2;1.2;24.5
1981-09-20;14.1;19.75;25.4;0.0;19.964;1.0;24.9
1981-09-21;15.0;20.3;25.6;0.0;19.8;0.9;25.3
1981-09-22;14.9;20.35;25.8;0.0;19.3;0.7;25.6
1981-09-23;14.6;20.65;26.7;0.0;18.5;0.3;25.2
1981-09-24;15.4;20.45;25.5;0.0;19.4;0.4;27.7
1981-09-25;13.8;20.75;27.7;0.0;19.6;1.1;17.6
1981-09-26;17.1;21.5;25.9;0.0;13.4;1.6;31.3
1981-09-27;19.5;22.25;25.0;0.0;16.8;2.0;38.4
1981-09-28;16.8;20.45;24.1;0.0;18.8;2.1;27.6
1981-09-29;14.3;19.2;24.1;0.0;18.5;2.8;25.6
1981-09-30;16.4;20.0;23.6;0.0;18.7;2.6;24.1
1981-10-01;13.1;17.75;22.4;0.0;18.844;1.9;21.2
1981-10-02;9.9;15.85;21.8;0.0;18.789;1.5;20.8
1981-10-03;9.2;15.45;21.7;0.0;18.6;1.7;22.3
1981-10-04;10.8;15.35;19.9;0.0;14.3;1.5;26.0
1981-10-05;7.7;13.7;19.7;0.0;17.1;0.8;23.3
1981-10-06;7.7;14.05;20.4;0.0;18.0;0.6;23.1
1981-10-07;7.2;14.4;21.6;0.0;18.0;0.4;24.1
1981-10-08;14.4;17.35;20.3;1.2;8.5;2.7;42.1
1981-10-09;17.2;19.3;21.4;1.7;8.1;3.5;47.3
1981-10-10;17.1;20.05;23.0;1.2;13.9;2.9;40.51
1981-10-11;14.8;18.15;21.5;0.0;17.3;2.7;27.72
1981-10-12;10.3;15.85;21.4;0.0;17.1;1.4;28.3
1981-10-13;10.9;16.7;22.5;0.0;17.1;1.5;27.0
1981-10-14;10.4;16.05;21.7;0.0;17.2;1.4;29.1
1981-10-15;16.8;18.45;20.11;0.0;8.0;2.6;43.8
1981-10-16;14.1;17.4;20.7;0.0;14.3;2.0;29.5
1981-10-17;9.17;15.43;21.7;0.0;17.0;1.5;25.7
1981-10-18;11.5;17.0;22.5;0.0;16.8;1.8;25.7
1981-10-19;13.3;18.05;22.8;0.0;16.4;2.3;32.3
1981-10-20;14.4;18.9;23.4;0.0;15.3;2.0;33.7
1981-10-21;9.7;16.3;22.9;0.0;16.4;1.2;26.3
1981-10-22;7.89;15.39;22.9;0.0;16.7;0.9;26.0
1981-10-23;11.9;17.05;22.2;0.0;15.0;2.1;31.4
1981-10-24;16.32;19.55;22.79;1.7;14.5;2.5;29.5
1981-10-25;15.6;18.12;20.64;6.8;14.3;2.3;41.7
1981-10-26;14.2;17.0;19.8;0.0;13.1;2.0;34.5
1981-10-27;12.8;17.05;21.3;0.0;15.2;0.89;35.0
1981-10-28;12.3;17.6;22.9;0.0;15.1;1.1;36.9
1981-10-29;15.0;19.5;24.0;0.0;15.258;1.3;36.3
1981-10-30;12.5;17.7;22.9;0.0;14.8;1.2;34.9
1981-10-31;10.1;16.2;22.3;0.0;15.8;0.17;37.2
1981-11-01;14.54;17.52;20.5;2.2;10.9;0.4;49.4
1981-11-02;13.4;16.15;18.9;0.0;8.9;2.0;53.7
1981-11-03;12.9;15.0;17.1;19.0;7.9;1.7;65.2
1981-11-04;12.7;14.7;16.69;2.9;7.6;1.1;65.0
1981-11-05;9.9;13.9;17.9;0.0;12.8;0.8;41.0
1981-11-06;10.9;13.8;16.7;0.0;8.189;1.2;46.0
1981-11-07;12.9;14.7;16.5;0.0;6.8;1.3;55.1
1981-11-08;11.4;14.45;17.5;0.0;7.7;0.9;52.0
1981-11-09;10.3;14.4;18.5;0.0;9.3;0.7;42.2
1981-11-10;14.4;16.0;17.6;0.0;5.5;2.1;57.2
1981-11-11;13.1;17.1;21.1;0.0;14.3;2.1;40.8
1981-11-12;11.5;16.85;22.2;0.0;14.0;1.1;37.8
1981-11-13;9.8;15.65;21.5;0.0;13.5;1.3;39.5
1981-11-14;16.3;18.45;20.6;0.0;7.0;3.2;53.2
1981-11-15;13.5;15.6;17.7;11.5;6.6;3.8;67.1
1981-11-16;12.7;13.8;14.9;2.0;7.8;3.1;52.0
1981-11-17;13.5;15.1;16.7;0.0;7.9;2.7;66.41
1981-11-18;16.2;17.35;18.5;0.0;7.5;2.8;59.15
1981-11-19;11.0;15.3;19.6;0.0;12.0;2.1;44.9
1981-11-20;9.0;14.55;20.1;0.0;13.1;2.1;45.8
1981-11-21;15.6;17.4;19.2;0.0;6.3;3.3;63.4
1981-11-22;16.3;18.5;20.7;5.1;10.3;3.1;53.3
1981-11-23;9.5;12.47;15.44;6.7;6.7;2.2;66.01
1981-11-24;7.5;10.3;13.1;0.0;9.5;2.4;39.1
1981-11-25;9.89;12.75;15.6;2.0;3.8;2.9;72.41
1981-11-26;13.8;16.35;18.9;0.0;10.0;3.9;49.39
1981-11-27;13.4;15.7;18.0;1.1;9.9;4.3;50.9
1981-11-28;5.4;10.9;16.4;0.0;7.1;2.3;47.1
1981-11-29;3.0;9.1;15.2;0.0;11.9;0.9;34.7
1981-11-30;6.3;9.75;13.2;7.5;8.0;1.5;59.4
1981-12-01;9.7;11.9;14.1;0.0;7.8;2.1;53.54
1981-12-02;11.7;13.0;14.3;2.7;3.9;2.18;78.3
1981-12-03;10.4;12.0;13.6;1.9;9.1;3.7;52.2
1981-12-04;13.9;14.8;15.7;0.0;3.516;4.2;72.2
1981-12-05;15.3;15.85;16.4;5.56;3.698;2.7;82.77
1981-12-06;8.9;12.6;16.3;5.3;6.458;2.8;67.8
1981-12-07;8.5;10.75;13.0;0.0;7.6;3.1;48.4
1981-12-08;9.2;11.95;14.7;0.0;8.7;2.1;43.0
1981-12-09;8.1;11.95;15.8;0.0;11.055;2.8;41.9
1981-12-10;11.7;12.8;13.9;0.0;5.2;3.3;61.2
1981-12-11;12.4;13.05;13.7;0.0;4.1;3.9;57.4
1981-12-12;9.1;11.5;13.9;1.5;8.8;1.9;60.7
1981-12-13;7.9;10.1;12.3;8.1;5.2;2.3;63.63
1981-12-14;5.3;9.65;14.0;0.0;10.3;2.1;51.8
1981-12-15;11.0;12.24;13.48;0.0;5.2;2.2;67.4
1981-12-16;9.7;10.85;12.0;9.6;3.823;1.5;81.08
1981-12-17;9.4;11.15;12.9;1.8;7.9;2.2;70.0
1981-12-18;7.6;10.41;13.22;0.0;8.4;1.4;55.1
1981-12-19;7.2;9.8;12.4;11.0;2.4;2.2;80.94
1981-12-20;13.4;13.2;13.0;4.4;1.711;2.6;83.4
1981-12-21;5.5;10.3;15.1;0.0;10.8;1.2;47.67
1981-12-22;3.5;9.2;14.9;0.0;10.7;0.2;45.5
1981-12-23;10.8;12.15;13.5;10.3;5.6;1.6;74.9
1981-12-24;8.6;11.25;13.9;0.0;9.358;1.6;58.5
1981-12-25;4.2;8.8;13.4;0.0;9.6;0.4;55.5
1981-12-26;9.6;10.6;11.6;3.9;3.4;1.1;82.1
1981-12-27;5.0;7.6;10.2;2.0;9.2;3.3;49.1
1981-12-28;3.39;6.45;9.5;0.0;9.8;2.1;37.7
1981-12-29;1.4;5.9;10.4;0.0;10.689;1.3;39.2
1981-12-30;0.7;5.95;11.2;0.0;10.6;1.0;38.76
1981-12-31;3.6;7.4;11.2;0.0;7.9;1.0;40.4
1982-01-01;6.1;8.25;10.4;9.3;4.352;2.9;76.1
1982-01-02;8.9;10.2;11.5;0.0;4.9;4.3;62.6
1982-01-03;7.6;10.75;13.9;6.1;8.3;5.9;53.7
1982-01-04;5.4;6.95;8.5;7.23;0.3;2.4;75.8
1982-01-05;4.1;7.4;10.7;16.62;6.4;2.0;73.6
1982-01-06;2.6;6.4;10.2;1.1;1.5;0.5;55.5
1982-01-07;6.7;9.0;11.3;0.0;6.0;3.0;68.87
1982-01-08;6.0;7.7;9.4;0.0;5.5;3.0;70.2
1982-01-09;4.5;6.3;8.1;0.0;7.2;2.4;42.3
1982-01-10;1.0;4.15;7.3;0.0;11.2;1.2;34.66
1982-01-11;1.22;5.16;9.1;0.0;7.2;1.3;50.5
1982-01-12;5.9;8.6;11.3;1.2;8.3;1.9;46.3
1982-01-13;6.3;8.6;10.89;1.2;8.7;1.8;61.5
1982-01-14;7.2;9.95;12.7;0.0;8.6;3.3;46.5
1982-01-15;6.7;10.2;13.7;0.0;11.212;3.7;38.5
1982-01-16;5.9;8.75;11.6;0.0;7.3;3.3;47.2
1982-01-17;10.4;11.85;13.3;1.7;7.7;5.1;52.1
1982-01-18;7.5;10.35;13.2;1.7;9.1;4.3;45.0
1982-01-19;8.4;11.0;13.6;3.0;8.3;5.1;44.4
1982-01-20;5.2;7.3;9.4;0.0;9.2;4.6;39.01
1982-01-21;2.9;6.35;9.8;0.0;10.6;2.98;37.1
1982-01-22;2.7;6.25;9.8;1.8;7.729;3.6;46.2
1982-01-23;6.0;8.05;10.1;0.0;8.5;3.8;54.7
1982-01-24;5.8;7.9;10.0;0.0;10.6;5.3;35.1
1982-01-25;4.1;6.1;8.1;0.0;11.534;4.5;36.2
1982-01-26;2.9;6.5;10.1;0.0;13.3;2.9;33.9
1982-01-27;1.8;6.6;11.4;0.0;13.1;1.2;39.1
1982-01-28;2.0;7.7;13.4;0.0;13.9;2.1;32.9
1982-01-29;4.5;9.25;14.0;0.0;10.4;3.0;43.6
1982-01-30;6.9;10.95;15.0;0.0;13.8;2.7;44.6
1982-01-31;6.3;9.7;13.1;0.0;3.122;1.8;72.6
1982-02-01;6.3;10.1;13.9;0.0;6.0;2.4;61.6
1982-02-02;6.5;9.25;12.0;0.0;11.8;1.7;52.21
1982-02-03;4.1;7.2;10.3;1.9;9.4;0.4;61.3
1982-02-04;6.0;7.55;9.1;6.44;2.7;1.0;83.5
1982-02-05;4.0;7.05;10.1;4.0;6.5;2.9;59.4
1982-02-06;7.1;8.8;10.5;1.2;6.5;2.9;65.5
1982-02-07;8.1;9.9;11.7;9.03;4.9;3.9;66.8
1982-02-08;5.2;9.35;13.5;0.0;14.7;3.1;38.0
1982-02-09;6.1;10.5;14.9;0.0;14.8;2.5;40.8
1982-02-10;6.9;11.2;15.5;0.0;11.9;2.7;48.03
1982-02-11;7.4;11.75;16.1;0.0;14.5;3.2;42.9
1982-02-12;7.4;9.6;11.8;1.6;13.833;3.3;55.4
1982-02-13;5.6;8.05;10.5;0.0;8.3;4.5;49.61
1982-02-14;2.0;5.25;8.5;1.58;12.2;2.6;52.0
1982-02-15;1.8;5.1;8.4;4.1;7.7;0.9;47.5
1982-02-16;0.31;4.31;8.3;1.8;12.4;2.0;51.9
1982-02-17;4.5;6.35;8.2;13.6;7.9;3.1;67.52
1982-02-18;5.4;7.6;9.8;3.2;10.6;2.9;54.1
1982-02-19;5.6;7.3;9.0;0.0;7.8;3.2;54.7
1982-02-20;1.3;5.75;10.2;0.0;13.9;1.7;38.9
1982-02-21;0.0;5.7;11.4;9.65;14.9;2.0;38.3
1982-02-22;7.5;9.75;12.0;6.3;7.684;3.6;66.5
1982-02-23;7.4;9.55;11.7;0.0;8.899;2.6;59.9
1982-02-24;7.7;9.95;12.2;2.2;11.9;4.7;53.5
1982-02-25;7.4;9.45;11.5;0.0;9.2;4.4;50.1
1982-02-26;8.6;10.8;13.0;12.5;6.3;2.6;71.0
1982-02-27;6.4;9.55;12.7;5.3;10.9;2.4;58.7
1982-02-28;7.9;10.9;13.9;0.0;17.0;3.5;43.8
1982-03-01;10.52;12.76;15.0;0.0;8.7;3.2;65.2
1982-03-02;4.9;9.05;13.2;3.8;8.5;3.1;66.9
1982-03-03;3.2;9.35;15.5;0.0;18.2;1.8;35.9
1982-03-04;5.9;12.25;18.6;0.0;17.2;2.8;38.1
1982-03-05;4.2;8.4;12.6;0.0;16.5;3.5;40.2
1982-03-06;6.3;8.6;10.9;2.9;10.2;3.7;45.4
1982-03-07;7.2;9.25;11.3;5.36;9.4;5.1;53.3
1982-03-08;5.9;8.2;10.5;0.0;11.8;5.8;32.25
1982-03-09;4.6;8.45;12.3;0.0;16.7;2.4;34.4
1982-03-10;8.5;11.65;14.8;5.0;11.4;4.0;53.0
1982-03-11;7.37;9.23;11.1;4.1;8.7;3.3;63.0
1982-03-12;6.5;9.35;12.2;0.0;13.2;3.6;41.9
1982-03-13;6.5;11.1;15.7;0.0;17.9;3.2;39.7
1982-03-14;10.9;14.05;17.2;0.0;13.4;3.6;48.5
1982-03-15;12.3;16.15;20.0;0.0;19.9;2.6;41.2
1982-03-16;8.5;14.55;20.6;0.0;19.8;1.3;39.6
1982-03-17;6.4;14.0;21.6;0.0;20.0;1.0;32.5
1982-03-18;10.4;16.1;21.8;0.0;21.0;2.7;30.57
1982-03-19;9.8;15.7;21.6;0.0;21.2;2.6;27.96
1982-03-20;9.8;15.0;20.2;0.0;20.6;4.1;29.5
1982-03-21;7.9;14.35;20.8;0.0;20.0;4.2;29.0
1982-03-22;6.1;13.01;19.92;0.0;18.1;1.9;34.8
1982-03-23;9.0;11.2;13.4;0.0;6.3;4.5;64.7
1982-03-24;5.9;10.87;15.83;0.0;19.1;3.4;35.51
1982-03-25;4.9;12.25;19.6;0.0;21.5;2.7;28.4
1982-03-26;6.1;12.05;18.0;0.0;20.9;2.7;30.2
1982-03-27;6.2;13.2;20.2;0.0;19.9;4.2;28.6
1982-03-28;9.2;12.2;15.2;0.0;20.8;4.3;36.0
1982-03-29;6.8;10.25;13.7;1.2;17.613;3.8;30.64
1982-03-30;5.0;8.2;11.4;0.0;21.1;4.6;27.0
1982-03-31;3.8;9.75;15.7;0.0;20.3;2.2;30.29
1982-04-01;5.2;10.95;16.7;0.0;18.8;1.6;37.9
1982-04-02;3.5;10.5;17.5;0.0;17.7;1.0;35.7
1982-04-03;7.5;12.5;17.5;0.0;21.9;2.7;37.27
1982-04-04;9.37;13.68;18.0;0.0;22.3;4.9;35.7
1982-04-05;11.19;15.25;19.3;0.0;19.7;5.1;29.2
1982-04-06;5.1;11.35;17.6;0.0;22.041;2.3;32.1
1982-04-07;2.4;11.55;20.7;0.0;22.5;1.0;23.4
1982-04-08;5.7;12.85;20.0;0.0;23.5;2.8;26.3
1982-04-09;9.7;14.95;20.2;0.0;18.2;4.4;29.7
1982-04-10;12.9;18.6;24.3;0.0;20.2;3.0;22.89
1982-04-11;6.5;12.7;18.9;0.0;22.888;2.6;26.7
1982-04-12;6.2;11.7;17.2;0.0;14.2;2.2;32.5
1982-04-13;6.3;10.1;13.9;1.9;15.6;2.4;39.8
1982-04-14;6.6;8.95;11.3;1.5;13.0;3.4;56.6
1982-04-15;6.4;10.5;14.6;0.0;16.0;2.8;36.97
1982-04-16;6.0;13.35;20.7;0.0;23.6;3.2;24.0
1982-04-17;10.4;17.95;25.5;0.0;24.6;2.4;17.8
1982-04-18;8.5;17.75;27.0;0.0;24.9;2.6;13.1
1982-04-19;13.6;19.9;26.2;0.0;24.9;3.3;14.9
1982-04-20;13.2;18.8;24.4;0.0;24.9;3.5;20.3
1982-04-21;12.0;18.15;24.3;0.0;25.2;3.2;23.0
1982-04-22;11.4;17.75;24.1;0.0;23.8;1.9;22.2
1982-04-23;10.71;15.76;20.8;0.0;23.9;2.5;27.5
1982-04-24;10.2;12.8;15.4;1.4;13.6;3.3;47.2
1982-04-25;8.9;12.85;16.8;0.0;8.2;2.4;44.6
1982-04-26;6.1;12.55;19.0;0.0;24.5;1.2;27.6
1982-04-27;4.7;12.9;21.1;0.0;24.7;0.4;25.3
1982-04-28;8.5;15.25;22.0;0.0;19.6;1.4;25.7
1982-04-29;8.7;14.61;20.52;0.0;15.2;1.6;34.49
1982-04-30;8.5;12.4;16.3;11.8;5.6;1.4;71.48
1982-05-01;11.0;14.2;17.4;1.5;18.6;2.4;35.5
1982-05-02;8.5;11.8;15.1;2.5;15.2;2.1;38.3
1982-05-03;8.9;12.5;16.1;1.17;17.6;3.2;39.5
1982-05-04;8.3;14.25;20.2;0.0;25.4;3.0;27.3
1982-05-05;7.9;14.85;21.8;0.0;25.4;1.7;26.6
1982-05-06;5.6;14.45;23.3;0.0;20.0;1.4;22.6
1982-05-07;15.0;19.5;24.0;0.0;25.9;2.9;25.3
1982-05-08;10.7;15.2;19.7;0.0;20.4;3.0;33.4
1982-05-09;8.7;14.3;19.9;0.0;16.8;2.7;30.7
1982-05-10;7.0;15.65;24.3;0.0;25.5;1.4;20.1
1982-05-11;11.2;18.2;25.2;0.0;21.9;1.4;23.4
1982-05-12;13.0;18.05;23.1;0.0;21.6;2.3;28.1
1982-05-13;9.9;15.85;21.8;0.0;26.7;2.2;25.5
1982-05-14;8.0;15.05;22.1;0.0;24.7;1.6;23.8
1982-05-15;9.5;15.8;22.1;0.0;26.4;1.3;26.1
1982-05-16;10.4;16.95;23.5;0.0;26.8;2.1;23.1
1982-05-17;12.8;18.35;23.9;0.0;29.8;3.0;23.1
1982-05-18;10.5;17.6;24.7;0.0;30.1;2.1;18.72
1982-05-19;10.39;17.75;25.1;0.0;27.5;1.4;16.9
1982-05-20;10.2;17.75;25.3;0.0;31.087;2.3;16.0
1982-05-21;10.5;18.7;26.9;0.0;30.7;1.2;14.3
1982-05-22;13.8;20.3;26.8;0.0;30.8;0.7;14.7
1982-05-23;15.3;22.45;29.6;0.0;30.9;0.6;10.9
1982-05-24;15.7;22.9;30.1;0.0;29.2;1.1;9.6
1982-05-25;16.8;24.25;31.7;0.0;31.4;1.3;8.7
1982-05-26;17.0;24.75;32.5;0.0;29.5;1.0;8.5
1982-05-27;17.76;25.88;34.0;0.0;31.5;1.6;7.97
1982-05-28;18.4;25.8;33.2;0.0;29.8;1.8;8.7
1982-05-29;18.6;25.4;32.2;0.0;27.5;1.6;10.8
1982-05-30;18.9;25.4;31.9;0.0;27.8;1.4;11.3
1982-05-31;18.1;24.8;31.5;0.0;31.4;1.6;10.0
1982-06-01;18.3;24.9;31.5;0.0;31.201;1.4;11.7
1982-06-02;20.2;25.84;31.49;0.0;32.009;1.6;13.01
1982-06-03;18.9;25.0;31.1;0.0;30.7;2.2;12.1
1982-06-04;18.9;24.86;30.83;0.0;32.0;2.9;14.2
1982-06-05;19.3;24.75;30.2;0.0;31.9;1.9;13.6
1982-06-06;17.3;23.2;29.1;0.0;28.4;0.6;15.7
1982-06-07;18.3;23.85;29.4;0.0;29.1;0.9;13.4
1982-06-08;18.8;23.0;27.2;0.0;23.8;1.0;16.2
1982-06-09;18.6;22.75;26.9;0.0;26.1;1.3;16.5
1982-06-10;16.8;21.7;26.6;0.0;29.2;1.2;15.8
1982-06-11;16.9;21.75;26.6;0.0;28.3;0.7;15.4
1982-06-12;16.3;21.85;27.4;0.0;29.0;0.6;14.9
1982-06-13;16.7;22.5;28.3;0.0;28.4;1.6;15.3
1982-06-14;18.5;22.46;26.43;1.1;18.0;2.6;18.9
1982-06-15;17.3;19.55;21.8;5.1;9.5;1.7;53.6
1982-06-16;17.3;18.85;20.4;26.0;7.1;1.4;73.6
1982-06-17;16.8;19.4;22.0;17.07;13.6;1.9;60.6
1982-06-18;15.5;20.0;24.5;0.0;27.4;1.3;38.1
1982-06-19;16.9;21.55;26.2;0.0;21.1;1.7;28.6
1982-06-20;16.5;22.05;27.6;0.0;27.0;0.9;25.6
1982-06-21;17.9;21.9;25.9;0.0;14.5;0.8;33.4
1982-06-22;16.8;22.58;28.36;0.0;29.1;0.9;24.7
1982-06-23;17.4;23.05;28.7;0.0;28.7;1.6;20.3
1982-06-24;17.9;24.0;30.1;0.0;30.8;1.5;18.1
1982-06-25;17.7;23.9;30.1;0.0;28.3;1.0;16.5
1982-06-26;18.6;24.65;30.7;0.0;28.3;1.3;15.4
1982-06-27;18.0;24.35;30.7;0.0;29.9;1.7;14.6
1982-06-28;18.1;24.2;30.3;0.0;30.0;2.1;15.24
1982-06-29;18.2;24.3;30.4;0.0;29.1;1.8;15.3
1982-06-30;18.9;24.65;30.4;0.0;27.2;1.4;17.3
1982-07-01;18.9;24.6;30.3;0.0;28.2;1.2;16.7
1982-07-02;18.7;23.75;28.81;0.0;30.3;1.9;20.7
1982-07-03;17.6;23.55;29.5;0.0;28.1;1.6;16.0
1982-07-04;18.3;23.5;28.7;0.0;18.9;1.5;16.0
1982-07-05;18.5;24.15;29.8;0.0;26.7;1.7;19.1
1982-07-06;18.6;24.0;29.4;0.0;27.11;1.0;21.7
1982-07-07;20.9;26.0;31.1;0.0;23.6;2.5;17.1
1982-07-08;19.2;23.55;27.9;0.0;28.547;2.9;19.5
1982-07-09;17.2;22.55;27.9;0.0;27.8;1.0;17.6
1982-07-10;17.3;22.75;28.2;0.0;27.1;0.6;18.7
1982-07-11;19.0;23.5;28.0;0.0;26.7;1.4;18.9
1982-07-12;19.1;23.7;28.3;0.0;23.4;0.8;19.9
1982-07-13;21.7;25.05;28.4;0.0;20.5;0.5;20.4
1982-07-14;20.3;25.05;29.8;0.0;26.1;1.4;19.0
1982-07-15;20.0;25.7;31.4;0.0;26.2;1.6;15.39
1982-07-16;19.2;25.7;32.2;0.0;26.5;1.3;13.6
1982-07-17;19.7;25.95;32.2;0.0;26.4;1.0;12.1
1982-07-18;21.1;26.7;32.3;0.0;26.1;2.3;14.8
1982-07-19;21.5;27.9;34.3;0.0;26.7;1.4;12.8
1982-07-20;21.1;27.9;34.7;0.0;26.3;0.9;12.1
1982-07-21;20.8;28.25;35.7;0.0;27.6;1.4;9.1
1982-07-22;20.0;28.3;36.6;0.0;27.2;1.1;8.9
1982-07-23;20.0;27.89;35.78;0.0;30.4;0.5;9.2
1982-07-24;22.2;26.8;31.4;0.0;19.4;2.6;17.2
1982-07-25;20.7;25.6;30.5;0.0;24.7;2.8;18.4
1982-07-26;22.0;25.82;29.65;0.0;21.1;1.7;22.3
1982-07-27;20.7;25.65;30.6;0.0;24.9;1.1;16.9
1982-07-28;20.31;26.2;32.1;0.0;24.8;0.6;14.6
1982-07-29;21.5;26.4;31.3;0.0;25.1;2.4;16.2
1982-07-30;20.5;25.2;29.9;0.0;25.5;3.2;14.3
1982-07-31;19.7;24.25;28.8;0.0;26.0;2.9;15.0
1982-08-01;19.0;24.65;30.3;0.0;26.1;2.5;14.1
1982-08-02;19.0;25.15;31.3;0.0;25.5;1.8;13.8
1982-08-03;19.8;26.25;32.7;0.0;24.6;1.5;12.6
1982-08-04;21.1;27.45;33.8;0.0;24.4;1.4;12.0
1982-08-05;20.9;27.9;34.9;0.0;24.4;1.0;10.0
1982-08-06;21.61;27.0;32.4;0.0;24.2;1.2;14.41
1982-08-07;21.8;26.65;31.5;0.0;20.6;1.2;16.8
1982-08-08;20.0;24.1;28.2;0.0;24.5;2.8;21.8
1982-08-09;19.7;23.09;26.49;0.0;24.3;3.2;23.3
1982-08-10;19.4;22.25;25.1;17.1;17.9;3.5;31.95
1982-08-11;19.4;22.15;24.9;15.27;13.1;2.7;43.8
1982-08-12;18.1;22.15;26.2;0.0;22.9;1.5;34.8
1982-08-13;18.9;22.05;25.2;12.3;13.7;1.5;49.1
1982-08-14;18.2;22.35;26.5;6.1;16.9;1.4;39.1
1982-08-15;18.5;22.3;26.1;3.2;15.0;1.8;35.9
1982-08-16;18.2;22.5;26.8;0.0;19.8;1.6;31.4
1982-08-17;18.4;23.4;28.4;0.0;23.238;1.1;27.8
1982-08-18;17.8;23.7;29.6;0.0;21.9;0.4;26.0
1982-08-19;19.9;23.2;26.5;6.9;11.8;1.0;45.2
1982-08-20;19.8;22.4;25.0;8.8;10.8;1.6;55.71
1982-08-21;19.0;22.05;25.1;0.0;16.3;2.2;45.0
1982-08-22;18.8;21.95;25.1;0.0;17.3;1.9;43.4
1982-08-23;18.5;22.3;26.11;0.0;22.5;1.8;32.86
1982-08-24;17.6;22.3;27.0;0.0;23.0;1.3;26.3
1982-08-25;17.7;22.75;27.8;0.0;22.7;1.8;25.6
1982-08-26;18.3;23.65;29.0;0.0;22.6;1.9;24.2
1982-08-27;18.8;23.6;28.4;0.0;22.3;1.7;24.29
1982-08-28;17.4;22.0;26.6;0.0;22.3;2.2;24.6
1982-08-29;15.6;20.7;25.8;0.0;22.4;1.6;21.98
1982-08-30;16.4;21.77;27.14;0.0;21.9;1.0;24.3
1982-08-31;18.6;23.4;28.2;0.0;22.0;2.7;22.6
1982-09-01;19.3;23.75;28.19;0.0;22.0;3.6;23.9
1982-09-02;17.82;22.01;26.2;4.1;9.1;2.7;37.1
1982-09-03;15.5;19.8;24.1;0.0;15.9;2.3;37.4
1982-09-04;16.6;20.11;23.62;0.0;22.3;3.4;25.1
1982-09-05;14.0;19.2;24.4;0.0;18.0;1.1;26.3
1982-09-06;18.0;21.5;25.0;1.1;12.167;2.8;34.9
1982-09-07;18.91;22.16;25.4;2.3;7.1;2.5;46.2
1982-09-08;20.3;23.55;26.8;3.2;10.5;3.3;31.0
1982-09-09;20.0;24.25;28.5;0.0;17.9;4.0;23.0
1982-09-10;19.1;23.6;28.1;0.0;19.5;2.0;26.13
1982-09-11;20.0;23.75;27.5;0.0;16.7;0.9;28.4
1982-09-12;18.9;23.5;28.1;0.0;21.1;2.8;25.0
1982-09-13;20.2;23.2;26.2;0.0;10.0;3.6;30.8
1982-09-14;17.6;21.05;24.5;0.0;20.8;2.5;29.99
1982-09-15;15.9;18.95;22.0;0.0;13.7;1.8;29.8
1982-09-16;15.8;18.85;21.9;0.0;13.0;1.3;29.6
1982-09-17;16.4;19.2;22.0;0.0;12.9;1.5;30.19
1982-09-18;14.4;18.4;22.4;0.0;15.4;2.1;25.6
1982-09-19;16.9;19.35;21.8;0.0;10.6;1.8;35.6
1982-09-20;16.7;19.3;21.91;0.0;10.2;1.0;31.3
1982-09-21;13.6;18.6;23.6;0.0;16.9;0.7;30.6
1982-09-22;18.3;19.8;21.3;14.99;4.1;2.9;68.11
1982-09-23;17.6;19.0;20.4;3.0;5.5;3.8;75.56
1982-09-24;16.7;20.39;24.09;0.0;16.8;2.8;34.6
1982-09-25;15.9;19.95;24.0;0.0;16.4;1.8;31.1
1982-09-26;16.6;19.87;23.14;0.0;16.8;0.9;33.67
1982-09-27;15.3;19.55;23.8;0.0;17.7;0.7;31.4
1982-09-28;13.5;18.95;24.4;0.0;19.5;0.7;27.6
1982-09-29;16.3;19.75;23.2;2.5;13.4;0.4;46.8
1982-09-30;14.6;19.68;24.76;0.0;15.6;0.5;39.6
1982-10-01;18.8;22.4;26.0;0.0;18.6;2.7;34.5
1982-10-02;18.4;21.0;23.6;12.2;11.4;2.0;54.8
1982-10-03;15.7;18.8;21.9;0.0;16.5;2.7;32.9
1982-10-04;12.8;16.3;19.8;0.0;12.7;1.7;35.5
1982-10-05;8.3;15.45;22.6;11.5;18.9;1.5;27.73
1982-10-06;14.4;18.0;21.6;3.6;15.4;1.5;44.1
1982-10-07;10.3;16.15;22.0;0.0;17.9;0.6;32.5
1982-10-08;16.93;20.06;23.2;1.17;15.5;2.2;41.9
1982-10-09;17.5;18.95;20.4;9.8;5.8;1.8;74.5
1982-10-10;17.8;18.45;19.1;49.37;1.0;1.8;90.03
1982-10-11;16.9;18.5;20.1;2.55;10.0;2.6;65.2
1982-10-12;15.6;17.35;19.1;5.0;5.2;1.7;68.3
1982-10-13;15.2;17.65;20.1;0.0;11.8;1.5;54.5
1982-10-14;15.2;17.95;20.7;6.5;13.5;3.4;44.39
1982-10-15;12.9;13.8;14.7;2.0;11.4;3.7;59.8
1982-10-16;13.6;15.45;17.3;0.0;10.3;3.6;46.4
1982-10-17;13.7;18.0;22.3;0.0;17.2;3.8;35.5
1982-10-18;14.9;19.15;23.4;0.0;16.0;2.5;38.7
1982-10-19;11.1;14.4;17.7;0.0;11.8;2.6;40.9
1982-10-20;9.2;14.5;19.8;0.0;15.2;1.5;37.9
1982-10-21;14.9;18.35;21.8;0.0;12.8;2.4;50.7
1982-10-22;16.6;18.8;21.0;0.0;6.3;1.2;70.2
1982-10-23;16.4;19.23;22.05;0.0;15.924;3.6;49.8
1982-10-24;17.0;19.7;22.4;0.0;9.6;3.6;53.5
1982-10-25;14.8;18.36;21.91;0.0;15.8;0.9;42.7
1982-10-26;14.7;18.46;22.23;0.0;13.845;1.2;52.2
1982-10-27;14.3;16.35;18.4;0.0;15.4;3.1;46.2
1982-10-28;13.9;16.52;19.15;0.0;11.7;2.1;43.2
1982-10-29;12.74;15.77;18.8;0.0;12.6;0.7;46.4
1982-10-30;13.5;16.7;19.9;0.0;10.9;2.9;49.2
1982-10-31;11.3;14.0;16.7;0.0;8.3;3.4;52.0
1982-11-01;6.9;10.3;13.7;0.0;9.1;1.8;38.5
1982-11-02;4.5;9.7;14.9;1.2;9.7;1.4;45.1
1982-11-03;10.2;12.2;14.2;0.0;7.729;2.5;47.65
1982-11-04;4.5;9.85;15.2;0.0;14.7;1.5;33.5
1982-11-05;3.4;10.05;16.7;0.0;14.7;1.4;30.7
1982-11-06;8.8;13.7;18.6;0.0;13.128;3.1;38.1
1982-11-07;8.2;11.1;14.0;5.1;7.6;2.8;55.1
1982-11-08;5.0;8.3;11.6;2.0;6.7;3.0;49.4
1982-11-09;8.9;11.35;13.8;0.0;8.4;2.9;44.9
1982-11-10;11.4;13.34;15.29;1.5;7.5;3.4;49.76
1982-11-11;10.0;11.35;12.7;0.0;8.851;3.3;53.6
1982-11-12;11.4;12.5;13.6;1.9;6.7;2.0;78.5
1982-11-13;8.0;12.55;17.1;0.0;11.2;0.5;48.6
1982-11-14;6.3;11.8;17.3;0.0;10.9;0.5;46.61
1982-11-15;13.1;14.95;16.8;0.0;7.257;1.3;51.3
1982-11-16;10.6;13.35;16.1;6.6;5.3;3.3;54.7
1982-11-17;8.6;10.15;11.7;0.0;7.3;4.3;40.4
1982-11-18;6.1;8.0;9.9;2.0;6.7;2.7;57.4
1982-11-19;5.4;7.4;9.4;0.0;8.7;3.5;44.5
1982-11-20;5.6;8.0;10.4;0.0;7.792;3.2;36.5
1982-11-21;5.2;9.15;13.1;0.0;7.0;2.4;48.3
1982-11-22;11.7;14.55;17.4;0.0;12.8;4.2;46.1
1982-11-23;14.7;17.05;19.4;0.0;10.0;4.0;45.3
1982-11-24;7.7;12.1;16.5;0.0;12.4;1.5;40.5
1982-11-25;7.6;13.3;19.0;0.0;11.8;2.2;42.4
1982-11-26;14.8;16.7;18.6;0.0;6.107;2.6;62.6
1982-11-27;15.1;17.6;20.1;0.0;11.7;4.3;43.99
1982-11-28;9.8;13.25;16.7;6.14;6.495;4.6;63.3
1982-11-29;9.1;10.8;12.5;0.0;8.7;3.7;53.8
1982-11-30;8.8;10.5;12.2;0.0;6.0;4.5;48.4
1982-12-01;5.5;9.15;12.8;0.0;13.1;3.3;32.9
1982-12-02;5.1;9.4;13.7;0.0;7.2;2.3;53.3
1982-12-03;11.4;14.35;17.3;0.0;9.9;2.9;51.8
1982-12-04;9.8;13.9;18.0;0.0;11.3;2.5;43.9
1982-12-05;10.6;14.45;18.3;1.9;10.1;3.6;47.93
1982-12-06;12.7;13.65;14.6;20.05;7.2;4.1;72.61
1982-12-07;6.6;9.2;11.8;1.47;6.4;3.9;62.6
1982-12-08;5.9;7.8;9.7;0.0;8.3;3.9;39.4
1982-12-09;7.5;10.55;13.6;12.7;3.4;3.0;72.1
1982-12-10;4.8;9.2;13.6;0.0;10.6;4.1;48.81
1982-12-11;2.2;7.65;13.1;0.0;8.9;2.0;42.79
1982-12-12;11.31;13.61;15.9;0.0;10.4;3.2;60.9
1982-12-13;13.6;14.55;15.5;0.0;5.3;2.8;69.9
1982-12-14;13.4;14.75;16.1;0.0;4.9;1.6;72.0
1982-12-15;11.3;14.4;17.5;0.0;11.1;1.5;60.9
1982-12-16;9.6;13.35;17.1;0.0;12.2;1.6;52.7
1982-12-17;6.7;10.75;14.8;0.0;8.3;1.4;63.1
1982-12-18;7.6;11.35;15.1;0.0;9.1;0.8;64.5
1982-12-19;11.73;13.02;14.3;0.0;5.294;1.1;68.3
1982-12-20;7.4;9.5;11.6;4.3;7.1;3.9;59.01
1982-12-21;2.54;5.92;9.3;1.5;9.1;3.4;47.3
1982-12-22;1.9;7.05;12.2;0.0;11.2;2.7;37.4
1982-12-23;9.88;12.84;15.8;0.0;10.8;3.5;42.4
1982-12-24;10.7;12.05;13.4;1.2;7.576;3.7;62.5
1982-12-25;2.6;6.5;10.4;0.0;8.697;3.7;51.5
1982-12-26;2.4;7.6;12.8;0.0;6.2;2.5;52.21
1982-12-27;11.1;12.85;14.6;2.89;6.0;4.1;65.81
1982-12-28;6.8;9.05;11.3;1.6;6.4;4.7;44.77
1982-12-29;3.4;6.2;9.0;4.5;5.2;5.0;59.4
1982-12-30;2.8;4.85;6.9;3.69;6.4;4.6;53.7
1982-12-31;2.7;4.11;5.52;1.1;6.6;2.5;61.3
1983-01-01;3.7;7.05;10.4;4.4;5.1;3.8;57.3
1983-01-02;6.5;8.4;10.3;2.0;4.1;4.0;56.95
1983-01-03;5.1;6.85;8.6;0.0;7.8;3.8;45.62
1983-01-04;3.5;6.1;8.7;9.0;7.5;4.6;63.7
1983-01-05;3.2;4.35;5.5;6.44;5.7;4.2;71.44
1983-01-06;3.2;5.8;8.4;0.0;8.083;3.4;39.7
1983-01-07;6.83;8.41;10.0;1.5;3.899;2.9;76.2
1983-01-08;7.6;9.05;10.5;1.8;2.2;2.3;81.4
1983-01-09;2.7;5.8;8.9;0.0;7.7;3.2;48.8
1983-01-10;1.7;4.25;6.8;2.3;9.2;3.3;43.8
1983-01-11;2.6;5.5;8.4;0.0;10.1;3.71;38.3
1983-01-12;7.6;9.1;10.6;1.4;5.4;4.5;64.5
1983-01-13;8.4;9.2;10.0;2.0;2.0;2.4;83.7
1983-01-14;7.9;10.9;13.9;1.2;4.7;2.3;67.0
1983-01-15;9.5;14.25;19.0;2.3;10.9;3.2;48.43
1983-01-16;7.7;13.05;18.4;0.0;11.6;0.8;44.9
1983-01-17;10.7;13.05;15.4;18.75;1.8;2.2;81.09
1983-01-18;11.4;12.71;14.01;23.2;2.2;1.8;88.8
1983-01-19;2.2;7.65;13.1;0.0;12.7;2.3;40.5
1983-01-20;1.3;7.85;14.4;0.0;12.6;1.8;39.5
1983-01-21;9.5;11.75;14.0;0.0;4.0;1.3;79.5
1983-01-22;11.2;14.6;18.0;0.0;13.1;2.5;46.4
1983-01-23;6.2;11.06;15.92;1.7;9.6;0.7;58.0
1983-01-24;6.4;11.95;17.5;0.0;10.7;2.7;41.8
1983-01-25;9.6;14.65;19.7;0.0;13.4;2.4;36.4
1983-01-26;9.7;14.9;20.1;1.2;9.3;3.4;41.6
1983-01-27;10.7;14.55;18.4;0.0;14.3;4.3;47.4
1983-01-28;9.0;10.65;12.3;0.0;9.6;3.9;54.8
1983-01-29;2.9;6.1;9.3;2.8;7.0;5.1;50.1
1983-01-30;0.1;2.1;4.1;0.0;9.8;5.5;39.7
1983-01-31;-0.2;3.5;7.2;0.0;10.8;2.6;37.7
1983-02-01;1.5;6.25;11.0;0.0;9.1;2.9;47.0
1983-02-02;-0.2;5.25;10.7;0.0;14.5;0.9;33.4
1983-02-03;5.3;9.25;13.2;0.0;10.742;2.5;45.8
1983-02-04;4.1;9.0;13.9;0.0;14.9;1.2;44.3
1983-02-05;4.2;8.7;13.2;0.0;9.9;0.6;54.8
1983-02-06;7.7;10.5;13.3;0.0;7.5;1.2;64.9
1983-02-07;5.0;10.0;15.0;0.0;13.7;0.5;49.1
1983-02-08;5.1;10.15;15.2;0.0;14.1;0.7;47.5
1983-02-09;6.6;9.95;13.3;0.0;9.5;2.5;60.9
1983-02-10;9.3;11.1;12.9;0.0;6.0;2.3;66.6
1983-02-11;5.9;10.05;14.2;0.0;13.4;1.2;49.3
1983-02-12;7.9;11.55;15.2;0.0;10.6;2.7;51.9
1983-02-13;9.5;13.4;17.3;0.0;13.753;3.4;45.82
1983-02-14;9.5;11.35;13.2;5.4;8.1;2.6;62.6
1983-02-15;11.1;12.85;14.6;8.5;4.9;3.9;77.23
1983-02-16;12.2;13.55;14.9;0.0;8.1;4.5;60.9
1983-02-17;1.5;6.3;11.1;3.0;5.2;5.1;44.7
1983-02-18;1.5;4.45;7.4;0.0;16.1;3.6;28.6
1983-02-19;-0.1;4.35;8.8;0.0;16.0;1.7;30.8
1983-02-20;6.2;9.25;12.3;4.9;9.4;2.8;47.1
1983-02-21;10.4;11.7;13.0;9.1;3.9;3.2;83.7
1983-02-22;11.8;16.0;20.2;0.0;15.1;4.0;32.9
1983-02-23;8.6;13.85;19.1;0.0;15.9;3.6;32.3
1983-02-24;4.51;11.2;17.9;0.0;15.3;1.3;34.1
1983-02-25;7.7;9.56;11.43;3.4;9.9;4.1;64.38
1983-02-26;2.4;5.45;8.5;0.0;17.2;2.9;37.6
1983-02-27;3.02;6.51;10.0;5.02;6.3;3.1;53.54
1983-02-28;6.5;10.85;15.2;4.6;10.4;3.6;56.3
1983-03-01;5.9;8.65;11.4;0.0;9.8;3.7;54.72
1983-03-02;9.1;11.9;14.7;0.0;11.4;3.1;44.6
1983-03-03;11.6;14.3;17.0;0.0;11.1;3.0;41.0
1983-03-04;10.7;13.35;16.0;3.2;12.1;1.5;54.9
1983-03-05;7.31;8.8;10.3;9.8;10.5;4.2;72.1
1983-03-06;5.5;7.75;10.0;0.0;12.4;4.5;43.7
1983-03-07;0.2;4.6;9.0;0.0;17.9;3.7;31.2
1983-03-08;-0.2;6.0;12.2;0.0;18.9;2.1;28.7
1983-03-09;6.8;9.75;12.7;0.0;9.2;3.0;53.6
1983-03-10;10.2;14.05;17.9;0.0;15.3;3.2;42.2
1983-03-11;11.5;14.85;18.2;0.0;15.4;3.5;47.2
1983-03-12;11.5;15.4;19.3;0.0;18.4;2.8;44.1
1983-03-13;9.9;15.5;21.1;0.0;19.9;2.3;32.4
1983-03-14;9.5;13.7;17.9;0.0;16.6;3.3;39.3
1983-03-15;4.39;6.99;9.6;3.0;8.1;4.8;52.2
1983-03-16;4.1;7.1;10.1;0.0;13.4;4.8;41.8
1983-03-17;3.5;6.35;9.2;0.0;15.1;4.9;31.4
1983-03-18;3.04;5.78;8.51;0.0;15.5;3.9;35.1
1983-03-19;6.0;10.6;15.2;5.8;5.728;4.2;45.0
1983-03-20;3.4;9.5;15.6;4.1;14.9;4.4;30.4
1983-03-21;3.4;5.85;8.3;0.0;14.3;4.2;45.1
1983-03-22;4.57;6.54;8.5;8.6;15.3;2.9;52.3
1983-03-23;2.6;5.35;8.1;4.1;16.62;2.0;52.2
1983-03-24;1.8;5.0;8.2;2.0;13.0;3.0;46.5
1983-03-25;4.44;7.42;10.4;2.8;12.0;2.7;49.5
1983-03-26;6.3;7.8;9.3;6.8;9.5;5.6;72.1
1983-03-27;4.3;7.65;11.0;3.9;13.4;3.4;44.9
1983-03-28;4.4;7.15;9.9;0.0;13.7;5.0;45.4
1983-03-29;6.3;9.55;12.8;0.0;16.0;3.4;45.4
1983-03-30;7.1;12.75;18.4;0.0;21.2;3.1;35.1
1983-03-31;10.2;13.85;17.5;0.0;22.1;5.7;42.7
1983-04-01;6.6;10.5;14.4;1.47;20.2;3.3;50.7
1983-04-02;6.1;8.85;11.6;0.0;15.1;5.0;36.6
1983-04-03;7.1;11.95;16.8;0.0;21.4;2.3;33.6
1983-04-04;6.6;12.07;17.53;1.2;17.4;2.9;33.8
1983-04-05;6.5;8.55;10.6;0.0;13.9;4.5;39.6
1983-04-06;6.0;9.2;12.4;0.0;15.1;2.6;41.58
1983-04-07;5.6;9.05;12.5;0.0;13.897;1.8;44.3
1983-04-08;4.94;9.84;14.74;0.0;19.9;2.4;39.3
1983-04-09;6.8;10.75;14.7;0.0;21.5;2.4;38.1
1983-04-10;4.5;9.3;14.1;0.0;19.9;1.7;34.9
1983-04-11;6.1;9.95;13.8;0.0;14.682;0.3;45.2
1983-04-12;9.2;11.95;14.7;0.0;14.6;2.5;38.4
1983-04-13;10.3;14.2;18.1;0.0;19.0;3.6;38.34
1983-04-14;11.1;14.85;18.6;0.0;13.3;3.4;39.1
1983-04-15;9.6;14.45;19.3;1.47;20.9;3.0;42.2
1983-04-16;4.3;7.25;10.2;0.0;21.5;5.3;30.6
1983-04-17;4.1;5.85;7.6;2.3;11.7;5.5;54.29
1983-04-18;5.5;7.75;10.0;0.0;14.7;3.8;37.8
1983-04-19;5.5;8.05;10.6;2.55;10.1;2.2;69.1
1983-04-20;1.8;7.6;13.4;0.0;22.541;1.3;30.0
1983-04-21;3.0;8.35;13.7;0.0;24.2;1.9;25.0
1983-04-22;2.5;9.35;16.2;0.0;24.4;2.1;27.6
1983-04-23;7.3;12.15;17.0;0.0;20.6;4.5;31.2
1983-04-24;9.5;14.0;18.5;0.0;17.3;5.3;36.04
1983-04-25;8.4;12.75;17.1;0.0;16.7;3.0;42.0
1983-04-26;8.0;10.55;13.1;0.0;14.7;3.5;38.87
1983-04-27;8.4;13.25;18.1;0.0;20.8;4.0;30.6
1983-04-28;5.8;13.6;21.4;0.0;25.1;1.8;24.5
1983-04-29;11.6;16.15;20.7;0.0;14.3;2.9;30.8
1983-04-30;9.4;14.85;20.3;0.0;15.6;1.8;33.7
1983-05-01;8.8;13.55;18.3;0.0;25.0;3.4;30.7
1983-05-02;7.0;13.73;20.47;0.0;26.3;1.7;26.3
1983-05-03;4.8;13.55;22.3;0.0;25.6;1.2;21.7
1983-05-04;8.3;15.45;22.6;0.0;19.6;2.4;23.6
1983-05-05;11.3;16.0;20.7;0.0;26.6;3.3;29.2
1983-05-06;9.2;14.2;19.2;0.0;26.3;3.5;25.2
1983-05-07;8.5;15.15;21.8;0.0;26.1;1.8;27.0
1983-05-08;6.99;14.79;22.58;0.0;25.359;0.4;27.9
1983-05-09;7.6;15.35;23.1;4.6;21.4;0.5;28.8
1983-05-10;12.7;17.7;22.7;0.0;24.6;0.8;31.6
1983-05-11;9.2;15.6;22.0;0.0;26.3;2.3;27.1
1983-05-12;7.1;15.25;23.4;0.0;26.8;1.9;22.03
1983-05-13;8.2;16.35;24.5;0.0;26.1;1.4;24.54
1983-05-14;11.25;17.43;23.6;0.0;20.9;1.5;28.27
1983-05-15;15.7;18.8;21.9;0.0;20.9;1.2;29.2
1983-05-16;12.1;16.5;20.9;0.0;15.271;1.2;35.7
1983-05-17;9.9;15.7;21.5;0.0;20.5;1.7;25.5
1983-05-18;9.6;14.2;18.8;0.0;20.9;1.9;29.0
1983-05-19;6.4;13.35;20.3;0.0;20.0;1.3;27.5
1983-05-20;7.29;14.29;21.3;0.0;24.6;1.1;25.5
1983-05-21;9.5;16.01;22.52;0.0;27.2;2.0;25.3
1983-05-22;13.2;18.62;24.03;0.0;23.1;2.0;25.0
1983-05-23;9.8;17.3;24.8;0.0;28.4;0.7;21.3
1983-05-24;14.0;18.45;22.9;0.0;14.9;0.9;28.38
1983-05-25;13.4;18.7;24.0;0.0;19.3;0.3;27.24
1983-05-26;11.4;16.85;22.3;3.4;13.4;0.9;35.9
1983-05-27;8.8;16.3;23.8;0.0;11.5;0.4;30.6
1983-05-28;12.7;18.9;25.1;0.0;22.6;2.2;25.4
1983-05-29;16.7;20.45;24.2;0.0;16.2;2.0;29.6
1983-05-30;15.0;19.23;23.45;0.0;26.3;3.8;25.3
1983-05-31;13.5;19.3;25.1;0.0;29.2;1.4;21.2
1983-06-01;14.0;19.45;24.9;0.0;21.2;3.7;23.4
1983-06-02;17.1;21.4;25.7;2.5;15.6;2.3;28.3
1983-06-03;15.2;20.35;25.5;0.0;29.1;2.9;20.7
1983-06-04;14.5;18.6;22.7;0.0;20.2;4.1;26.5
1983-06-05;14.2;19.3;24.4;0.0;30.5;3.4;22.6
1983-06-06;14.9;19.9;24.9;0.0;30.6;2.5;22.88
1983-06-07;12.9;19.15;25.4;0.0;28.5;2.5;19.8
1983-06-08;14.5;19.9;25.3;0.0;31.2;2.5;17.9
1983-06-09;14.0;20.35;26.7;0.0;27.1;1.2;19.7
1983-06-10;14.8;21.8;28.8;0.0;24.6;2.2;16.4
1983-06-11;16.1;21.55;27.0;0.0;23.8;3.2;17.5
1983-06-12;12.9;20.34;27.77;0.0;30.5;0.9;13.0
1983-06-13;16.0;20.5;25.0;4.09;13.0;1.5;22.2
1983-06-14;16.2;19.15;22.1;5.1;31.4;3.3;29.2
1983-06-15;14.2;18.1;22.0;0.0;25.7;3.6;25.0
1983-06-16;13.4;19.55;25.7;0.0;28.9;2.2;21.89
1983-06-17;14.2;18.0;21.8;3.7;15.663;1.8;36.2
1983-06-18;11.6;16.8;22.0;0.0;30.1;2.6;23.9
1983-06-19;13.2;17.8;22.4;0.0;30.5;2.74;24.57
1983-06-20;8.4;16.15;23.9;0.0;30.7;0.7;20.6
1983-06-21;9.2;17.1;25.0;0.0;30.6;0.7;18.7
1983-06-22;10.9;18.2;25.5;0.0;30.6;0.8;15.3
1983-06-23;11.7;19.6;27.5;0.0;31.6;1.3;14.6
1983-06-24;14.3;19.95;25.6;0.0;21.2;2.5;20.17
1983-06-25;17.8;21.45;25.1;0.0;14.8;3.7;26.1
1983-06-26;17.5;21.2;24.9;2.19;12.867;2.9;30.8
1983-06-27;17.4;21.7;26.0;0.0;26.1;3.2;24.4
1983-06-28;16.9;19.65;22.4;0.0;14.3;3.7;34.9
1983-06-29;15.6;19.95;24.3;0.0;30.6;3.2;21.3
1983-06-30;13.9;20.2;26.5;0.0;29.7;1.6;16.1
1983-07-01;15.7;21.25;26.8;0.0;27.9;1.6;21.7
1983-07-02;17.4;21.91;26.42;0.0;23.8;1.4;24.1
1983-07-03;17.0;22.0;27.0;0.0;27.509;1.9;18.7
1983-07-04;16.7;21.55;26.4;0.0;24.2;0.9;22.5
1983-07-05;17.1;21.85;26.6;0.0;22.4;1.2;22.1
1983-07-06;17.6;20.7;23.8;12.5;13.1;1.6;44.7
1983-07-07;14.7;17.85;21.0;10.8;10.0;1.5;63.41
1983-07-08;12.2;17.0;21.8;2.19;13.8;0.5;47.43
1983-07-09;12.8;18.3;23.8;0.0;24.4;1.3;31.2
1983-07-10;15.5;20.25;25.0;0.0;27.3;2.2;28.7
1983-07-11;16.9;21.2;25.5;0.0;27.6;2.6;26.2
1983-07-12;17.9;21.45;25.0;0.0;22.0;2.5;29.7
1983-07-13;18.6;21.65;24.7;0.0;19.8;2.4;31.4
1983-07-14;17.8;20.85;23.9;0.0;14.4;2.2;39.73
1983-07-15;17.1;21.85;26.6;0.0;26.4;2.1;24.2
1983-07-16;17.3;21.9;26.5;0.0;20.6;2.4;25.3
1983-07-17;17.4;21.2;25.0;0.0;25.5;2.7;26.0
1983-07-18;16.2;20.65;25.1;0.0;27.6;2.3;22.3
1983-07-19;14.1;20.3;26.5;0.0;27.5;1.4;19.3
1983-07-20;15.4;21.65;27.9;0.0;25.7;1.4;19.2
1983-07-21;17.8;23.75;29.7;0.0;25.3;1.2;15.9
1983-07-22;17.9;24.85;31.8;0.0;26.0;1.2;14.3
1983-07-23;19.7;26.55;33.4;0.0;26.1;1.9;12.7
1983-07-24;20.7;28.05;35.4;0.0;25.5;1.9;10.6
1983-07-25;20.0;26.9;33.8;0.0;25.3;1.0;12.3
1983-07-26;20.6;26.35;32.1;0.0;25.1;1.5;14.3
1983-07-27;19.1;25.1;31.1;0.0;25.6;1.4;17.3
1983-07-28;18.6;24.35;30.1;0.0;25.2;0.9;19.2
1983-07-29;19.7;25.32;30.95;0.0;25.359;1.61;16.95
1983-07-30;19.3;25.95;32.6;0.0;25.3;1.9;14.2
1983-07-31;19.3;26.25;33.2;0.0;25.272;0.8;12.3
1983-08-01;20.6;27.5;34.4;0.0;24.9;0.7;9.23
1983-08-02;21.1;27.02;32.94;0.0;24.9;1.8;11.2
1983-08-03;19.6;25.25;30.9;0.0;25.0;2.2;15.69
1983-08-04;18.4;24.39;30.38;0.0;24.8;2.1;20.3
1983-08-05;18.1;23.65;29.2;0.0;25.0;2.3;19.1
1983-08-06;14.51;22.16;29.81;0.0;25.6;1.0;14.8
1983-08-07;17.6;23.85;30.1;0.0;24.9;1.6;16.4
1983-08-08;19.1;24.95;30.8;0.0;24.4;1.9;16.1
1983-08-09;19.7;25.55;31.4;0.0;24.383;1.7;16.2
1983-08-10;20.4;26.05;31.7;0.0;23.8;1.9;15.8
1983-08-11;20.3;26.15;32.0;0.0;23.9;2.2;15.3
1983-08-12;19.5;25.55;31.6;0.0;21.9;1.5;16.2
1983-08-13;18.68;25.09;31.5;0.0;23.9;0.9;14.8
1983-08-14;19.7;25.34;30.99;0.0;21.2;1.6;16.4
1983-08-15;20.5;25.15;29.8;0.0;21.1;1.8;22.6
1983-08-16;19.2;24.2;29.2;0.0;23.6;1.3;21.75
1983-08-17;18.7;23.55;28.4;0.0;22.5;1.1;24.76
1983-08-18;20.8;24.5;28.19;0.0;20.3;0.7;25.3
1983-08-19;19.3;23.7;28.1;0.0;22.4;1.2;20.8
1983-08-20;18.5;20.9;23.3;39.08;6.0;1.8;57.26
1983-08-21;18.6;20.5;22.4;9.45;5.7;1.8;59.7
1983-08-22;18.6;20.45;22.3;15.19;9.3;1.6;72.3
1983-08-23;16.5;20.4;24.3;0.0;18.8;1.1;44.3
1983-08-24;15.8;20.56;25.33;0.0;22.8;0.9;31.4
1983-08-25;17.3;21.7;26.1;0.0;20.1;1.2;34.0
1983-08-26;17.7;21.8;25.9;1.5;14.7;1.2;37.3
1983-08-27;17.3;22.0;26.7;0.0;18.2;1.4;29.6
1983-08-28;16.1;20.4;24.7;9.5;11.6;1.2;51.06
1983-08-29;14.9;20.2;25.5;0.0;20.3;0.7;33.5
1983-08-30;14.9;20.4;25.9;0.0;22.0;0.6;29.3
1983-08-31;16.1;21.15;26.2;0.0;21.2;0.8;28.1
1983-09-01;15.4;21.15;26.9;0.0;23.2;1.0;25.2
1983-09-02;16.2;21.5;26.8;0.0;16.318;0.9;28.6
1983-09-03;17.4;21.2;25.0;6.6;11.3;0.5;56.8
1983-09-04;16.8;21.6;26.4;0.0;19.1;1.1;31.3
1983-09-05;17.9;22.0;26.1;6.6;15.0;1.2;37.5
1983-09-06;16.1;20.3;24.5;7.8;12.4;0.5;48.47
1983-09-07;15.1;19.7;24.3;0.0;19.0;1.2;37.6
1983-09-08;17.1;21.1;25.1;0.0;21.2;2.0;31.3
1983-09-09;15.0;19.05;23.1;0.0;21.9;2.2;25.45
1983-09-10;14.8;18.55;22.3;0.0;12.7;1.2;44.14
1983-09-11;18.0;20.84;23.67;0.0;11.6;1.0;43.73
1983-09-12;17.4;21.25;25.1;0.0;13.7;2.2;31.3
1983-09-13;18.3;22.05;25.8;0.0;17.4;2.7;32.3
1983-09-14;16.8;20.4;24.0;0.0;20.9;1.4;32.5
1983-09-15;16.6;19.6;22.6;0.0;10.1;1.4;47.4
1983-09-16;19.0;21.85;24.7;3.8;11.3;2.6;42.7
1983-09-17;17.4;21.35;25.3;0.0;19.87;1.8;34.7
1983-09-18;17.0;21.1;25.2;12.7;13.3;1.9;39.8
1983-09-19;19.0;20.88;22.76;8.0;17.8;4.6;47.3
1983-09-20;17.7;19.3;20.9;0.0;9.7;3.2;58.5
1983-09-21;16.8;18.9;21.0;0.0;7.7;1.59;50.41
1983-09-22;14.7;17.6;20.5;0.0;10.7;3.1;39.42
1983-09-23;13.5;15.5;17.5;0.0;16.718;3.8;28.37
1983-09-24;13.4;14.9;16.4;0.0;10.3;3.5;40.0
1983-09-25;14.6;16.6;18.6;0.0;9.7;2.5;49.4
1983-09-26;16.3;18.85;21.4;0.0;11.3;1.0;43.0
1983-09-27;16.6;19.65;22.7;0.0;14.0;2.9;38.3
1983-09-28;17.9;21.0;24.1;2.4;11.262;2.7;48.4
1983-09-29;14.4;17.5;20.6;6.4;3.898;1.3;79.04
1983-09-30;13.1;17.05;21.0;6.6;13.1;1.3;45.3
1983-10-01;12.4;15.65;18.9;9.3;8.2;1.4;59.0
1983-10-02;13.1;16.5;19.9;4.68;7.792;2.1;49.5
1983-10-03;15.0;17.05;19.1;10.64;8.7;3.2;57.0
1983-10-04;15.3;17.5;19.7;11.49;10.0;3.7;54.9
1983-10-05;14.4;17.25;20.1;7.5;9.1;2.1;51.8
1983-10-06;11.1;16.05;21.0;0.0;17.1;1.0;39.5
1983-10-07;14.9;17.35;19.8;3.3;7.9;3.3;62.39
1983-10-08;16.53;18.41;20.3;20.61;3.8;3.2;79.3
1983-10-09;16.9;18.9;20.9;3.0;8.6;1.0;66.5
1983-10-10;14.4;16.85;19.3;2.19;15.4;3.0;55.1
1983-10-11;9.4;14.6;19.8;6.7;11.9;1.0;51.7
1983-10-12;13.7;15.85;18.0;11.3;7.8;2.3;72.19
1983-10-13;15.0;17.0;19.0;2.9;10.2;2.9;57.0
1983-10-14;13.64;15.37;17.1;1.6;9.898;2.7;57.0
1983-10-15;15.1;16.15;17.2;0.0;6.8;3.1;61.33
1983-10-16;14.3;15.9;17.5;0.0;10.0;2.1;54.7
1983-10-17;15.4;15.9;16.4;0.0;4.9;1.2;75.3
1983-10-18;14.4;15.0;15.6;1.74;5.565;1.5;78.79
1983-10-19;12.9;15.1;17.3;0.0;15.8;1.6;44.3
1983-10-20;12.6;14.5;16.4;0.0;7.7;1.1;58.4
1983-10-21;9.8;13.45;17.1;0.0;10.6;0.7;47.53
1983-10-22;10.6;15.25;19.9;0.0;16.4;2.8;36.5
1983-10-23;13.9;16.15;18.4;11.0;9.2;3.0;57.5
1983-10-24;9.9;13.2;16.5;0.0;11.4;4.3;45.92
1983-10-25;5.0;9.1;13.2;0.0;13.0;2.3;33.5
1983-10-26;8.2;11.55;14.9;0.0;9.3;2.7;39.6
1983-10-27;9.1;12.3;15.5;6.0;11.502;4.1;46.5
1983-10-28;8.2;9.75;11.3;2.0;6.9;3.7;69.6
1983-10-29;5.8;9.7;13.6;0.0;12.4;3.3;47.5
1983-10-30;3.6;8.95;14.3;0.0;15.1;0.7;36.7
1983-10-31;5.9;10.15;14.4;7.4;8.8;2.5;48.98
1983-11-01;12.6;14.7;16.8;20.5;7.5;2.8;66.06
1983-11-02;8.3;11.87;15.43;0.0;9.4;0.8;58.4
1983-11-03;8.1;13.0;17.9;0.0;15.211;2.3;41.2
1983-11-04;13.4;17.2;21.0;0.0;15.4;3.8;42.4
1983-11-05;15.4;16.9;18.4;4.0;4.4;6.0;59.4
1983-11-06;9.9;11.9;13.9;0.0;9.433;4.6;43.2
1983-11-07;8.3;11.4;14.5;0.0;9.0;4.5;45.4
1983-11-08;9.7;11.05;12.4;0.0;8.4;6.2;39.6
1983-11-09;9.7;10.9;12.1;1.4;7.9;5.0;54.3
1983-11-10;12.1;13.3;14.5;1.3;1.743;1.9;79.1
1983-11-11;14.3;15.8;17.3;0.0;5.2;1.4;70.2
1983-11-12;13.5;15.55;17.6;0.0;8.9;0.8;66.0
1983-11-13;13.4;15.15;16.9;5.3;6.2;3.4;67.3
1983-11-14;9.9;11.75;13.6;2.34;7.6;3.1;61.0
1983-11-15;6.9;10.65;14.4;0.0;11.0;2.6;44.47
1983-11-16;11.6;12.85;14.1;0.0;7.8;5.0;50.7
1983-11-17;11.7;12.8;13.9;1.3;7.5;3.7;63.7
1983-11-18;13.4;14.95;16.5;0.0;10.4;2.3;55.6
1983-11-19;12.5;14.3;16.1;0.0;8.6;2.1;51.9
1983-11-20;9.4;12.8;16.2;0.0;10.1;1.7;49.5
1983-11-21;7.5;12.2;16.9;0.0;12.7;1.8;46.8
1983-11-22;9.6;13.45;17.3;0.0;10.4;1.9;55.7
1983-11-23;8.3;12.1;15.9;0.0;7.8;0.7;65.2
1983-11-24;13.1;13.7;14.3;0.0;4.697;1.6;73.7
1983-11-25;9.3;10.9;12.5;4.6;2.7;2.8;78.6
1983-11-26;2.9;6.15;9.4;0.0;13.2;3.1;38.4
1983-11-27;0.4;4.8;9.2;0.0;12.6;1.7;33.5
1983-11-28;5.1;8.8;12.5;6.8;2.886;4.3;70.7
1983-11-29;12.1;12.6;13.1;1.2;4.9;4.1;69.08
1983-11-30;11.0;11.75;12.5;2.4;2.58;2.9;79.6
1983-12-01;10.5;11.2;11.9;0.0;3.7;0.4;77.82
1983-12-02;5.0;8.65;12.3;0.0;6.1;0.7;64.01
1983-12-03;2.3;7.2;12.1;0.0;9.7;0.8;45.5
1983-12-04;10.0;10.95;11.9;2.0;4.0;3.6;74.0
1983-12-05;6.5;8.6;10.7;0.0;11.5;3.6;44.5
1983-12-06;7.5;10.7;13.9;0.0;5.9;3.6;52.5
1983-12-07;10.4;12.65;14.9;0.0;10.2;4.2;58.81
1983-12-08;12.4;14.2;16.0;0.0;10.8;5.0;51.2
1983-12-09;5.3;8.55;11.8;5.3;3.9;4.7;54.1
1983-12-10;1.3;5.3;9.3;0.0;11.2;2.6;33.8
1983-12-11;1.3;7.95;14.6;0.0;11.1;2.7;40.6
1983-12-12;9.8;13.7;17.6;0.0;8.48;3.2;49.83
1983-12-13;9.45;14.17;18.9;0.0;11.6;3.0;36.8
1983-12-14;11.1;14.95;18.8;0.0;11.8;3.5;37.3
1983-12-15;12.2;14.95;17.7;0.0;8.2;4.0;46.3
1983-12-16;5.6;8.2;10.8;0.0;6.8;5.1;45.0
1983-12-17;5.4;7.35;9.3;0.0;7.2;4.9;35.2
1983-12-18;3.4;7.05;10.7;0.0;9.9;2.1;38.81
1983-12-19;3.2;7.4;11.6;0.0;6.7;2.4;52.0
1983-12-20;6.4;9.95;13.5;0.0;9.8;2.0;51.7
1983-12-21;6.7;10.65;14.6;0.0;11.6;2.4;47.3
1983-12-22;10.6;13.4;16.2;0.0;9.5;2.5;55.1
1983-12-23;11.3;13.55;15.8;4.4;7.5;3.6;67.0
1983-12-24;10.1;12.25;14.4;2.7;6.7;3.3;66.07
1983-12-25;9.6;11.3;13.0;1.2;8.7;3.6;60.32
1983-12-26;5.1;7.8;10.5;0.0;10.7;2.1;45.1
1983-12-27;7.5;10.09;12.68;2.5;3.098;2.4;69.7
1983-12-28;4.1;8.9;13.7;0.0;9.1;1.4;60.6
1983-12-29;7.8;12.45;17.1;0.0;11.9;2.6;47.9
1983-12-30;7.5;10.4;13.3;0.0;3.9;1.4;70.19
1983-12-31;6.3;8.6;10.9;1.1;5.2;3.0;63.4
1984-01-01;6.0;7.95;9.9;0.0;8.1;4.5;43.8
1984-01-02;5.2;7.05;8.9;0.0;6.7;3.8;42.5
1984-01-03;4.6;7.4;10.2;0.0;6.998;2.0;46.3
1984-01-04;4.5;8.8;13.1;0.0;6.4;2.8;50.44
1984-01-05;9.0;10.65;12.3;6.1;8.3;2.9;67.01
1984-01-06;4.8;8.0;11.2;0.0;6.9;2.5;63.1
1984-01-07;4.8;8.7;12.6;11.5;2.5;3.2;71.82
1984-01-08;7.5;9.2;10.9;1.5;5.5;4.2;67.8
1984-01-09;1.6;5.05;8.5;1.8;5.4;4.6;43.0
1984-01-10;1.0;4.25;7.5;0.0;7.9;2.4;47.2
1984-01-11;4.0;6.65;9.3;4.0;7.7;2.2;46.81
1984-01-12;6.5;9.8;13.1;12.1;4.396;3.2;69.5
1984-01-13;9.9;11.1;12.3;1.2;6.1;2.5;71.1
1984-01-14;11.2;12.95;14.7;12.8;2.5;1.6;82.93
1984-01-15;11.9;13.3;14.7;0.0;7.5;2.4;67.71
1984-01-16;9.2;12.55;15.9;3.3;7.3;1.7;63.0
1984-01-17;10.2;14.15;18.1;0.0;7.747;2.7;50.7
1984-01-18;3.8;7.95;12.1;0.0;8.5;2.1;55.1
1984-01-19;3.3;7.7;12.1;2.0;9.4;2.5;50.71
1984-01-20;6.2;8.35;10.5;0.0;8.4;2.9;49.34
1984-01-21;5.3;8.75;12.2;0.0;6.6;1.9;59.8
1984-01-22;2.11;7.48;12.86;0.0;13.1;0.5;47.6
1984-01-23;4.9;9.15;13.4;0.0;9.8;1.0;60.4
1984-01-24;7.1;9.85;12.6;2.3;6.1;2.0;70.8
1984-01-25;3.14;6.42;9.7;0.0;12.7;2.9;38.8
1984-01-26;2.6;6.95;11.3;0.0;9.5;2.5;42.9
1984-01-27;6.6;10.05;13.5;0.0;10.1;3.5;44.1
1984-01-28;3.7;5.79;7.88;0.0;8.3;3.8;40.8
1984-01-29;2.5;4.03;5.56;3.59;9.5;3.1;54.9
1984-01-30;1.3;5.05;8.8;20.6;7.2;3.1;55.7
1984-01-31;7.1;9.4;11.7;4.1;9.4;1.6;63.9
1984-02-01;8.4;9.5;10.6;2.2;5.0;2.8;81.4
1984-02-02;7.7;9.55;11.4;1.9;7.7;1.6;66.2
1984-02-03;6.7;8.5;10.3;6.5;5.294;2.7;68.2
1984-02-04;7.2;8.6;10.0;6.1;7.5;5.1;71.5
1984-02-05;5.0;7.55;10.1;0.0;5.3;4.7;60.7
1984-02-06;0.1;3.1;6.1;2.9;10.1;4.4;45.7
1984-02-07;-0.8;3.05;6.9;0.0;13.0;5.4;31.7
1984-02-08;6.2;8.1;10.0;3.6;4.8;4.6;74.7
1984-02-09;5.4;8.15;10.9;2.5;7.1;2.7;65.6
1984-02-10;5.3;8.35;11.4;0.0;7.8;1.6;60.0
1984-02-11;5.1;7.85;10.6;0.0;8.3;2.8;59.4
1984-02-12;6.3;9.55;12.8;0.0;11.5;2.1;44.6
1984-02-13;5.7;9.8;13.9;0.0;14.4;2.5;42.6
1984-02-14;6.4;9.9;13.4;0.0;14.7;2.3;46.4
1984-02-15;7.8;10.37;12.94;0.0;13.1;1.3;49.9
1984-02-16;6.81;9.65;12.5;0.0;10.8;0.5;56.3
1984-02-17;4.9;9.1;13.3;0.0;14.5;0.9;50.3
1984-02-18;3.7;8.55;13.4;0.0;13.4;0.7;49.1
1984-02-19;5.7;9.3;12.9;0.0;10.4;0.5;60.3
1984-02-20;8.2;10.75;13.3;3.0;10.858;4.3;63.44
1984-02-21;10.3;12.8;15.3;9.3;9.0;2.85;60.01
1984-02-22;5.5;8.2;10.9;0.0;15.572;4.3;44.41
1984-02-23;3.4;7.35;11.3;0.0;16.6;2.7;35.7
1984-02-24;6.1;8.3;10.5;5.8;6.4;4.26;73.41
1984-02-25;3.2;5.0;6.8;0.0;11.248;5.0;42.9
1984-02-26;2.9;5.7;8.5;1.5;8.4;3.0;59.2
1984-02-27;5.2;8.2;11.2;0.0;13.3;3.0;44.54
1984-02-28;4.9;10.05;15.2;0.0;12.9;3.1;36.3
1984-02-29;0.0;0.0;0.0;0.0;0.0;0.0;0.0
1984-03-01;2.1;6.2;10.3;0.0;16.8;3.3;39.7
1984-03-02;2.5;7.15;11.8;0.0;12.9;3.3;35.9
1984-03-03;2.8;6.7;10.6;2.9;6.0;1.5;63.1
1984-03-04;9.5;12.45;15.4;0.0;6.7;2.8;58.7
1984-03-05;6.6;9.8;13.0;5.8;9.6;2.3;66.89
1984-03-06;3.9;6.5;9.1;2.5;12.7;4.5;48.41
1984-03-07;3.9;6.55;9.2;0.0;13.3;4.6;35.5
1984-03-08;8.7;10.6;12.5;7.1;15.3;4.6;50.3
1984-03-09;5.4;7.2;9.0;0.0;14.4;5.6;42.8
1984-03-10;5.2;7.65;10.1;0.0;17.1;4.6;30.3
1984-03-11;2.9;5.5;8.1;0.0;17.7;5.3;33.1
1984-03-12;2.2;6.45;10.7;0.0;17.8;2.4;30.5
1984-03-13;4.5;12.0;19.5;0.0;19.8;3.2;30.5
1984-03-14;6.6;15.41;24.23;0.0;19.9;0.8;25.2
1984-03-15;8.2;15.0;21.8;0.0;18.027;1.7;31.0
1984-03-16;8.2;10.4;12.6;0.0;18.6;5.1;37.8
1984-03-17;7.1;11.45;15.8;0.0;20.3;3.5;32.3
1984-03-18;6.7;12.0;17.3;0.0;19.703;2.7;33.9
1984-03-19;5.3;11.85;18.4;0.0;19.9;1.0;35.1
1984-03-20;5.6;11.95;18.3;0.0;20.7;2.4;32.0
1984-03-21;8.2;13.3;18.4;0.0;20.7;2.9;36.1
1984-03-22;9.2;14.69;20.18;0.0;14.6;3.0;36.1
1984-03-23;10.9;16.3;21.7;0.0;16.8;1.8;32.3
1984-03-24;13.9;19.03;24.16;0.0;17.9;2.6;28.02
1984-03-25;12.1;16.9;21.7;0.0;20.3;2.4;33.09
1984-03-26;9.9;14.85;19.8;0.0;19.6;1.1;33.9
1984-03-27;12.1;14.5;16.9;6.4;8.7;3.0;45.1
1984-03-28;6.1;8.7;11.3;0.0;17.22;6.1;32.49
1984-03-29;5.5;8.3;11.1;0.0;21.7;5.1;25.4
1984-03-30;6.4;12.75;19.1;0.0;14.4;2.7;29.2
1984-03-31;8.9;13.6;18.3;0.0;22.021;3.8;31.32
1984-04-01;6.1;9.25;12.4;0.0;19.9;4.0;32.4
1984-04-02;5.1;9.95;14.8;0.0;20.9;2.3;29.7
1984-04-03;6.4;9.45;12.5;0.0;13.7;3.5;44.1
1984-04-04;6.5;8.89;11.29;0.0;11.7;4.4;38.8
1984-04-05;5.1;10.2;15.3;0.0;22.1;1.4;28.0
1984-04-06;4.5;11.75;19.0;0.0;19.85;2.2;27.9
1984-04-07;7.7;13.1;18.5;0.0;22.7;3.8;31.54
1984-04-08;9.5;15.45;21.4;2.0;14.4;3.8;30.9
1984-04-09;9.3;10.35;11.4;13.34;5.5;5.7;78.9
1984-04-10;11.7;13.65;15.6;0.0;18.6;4.9;48.6
1984-04-11;7.1;12.5;17.9;0.0;20.3;2.2;42.38
1984-04-12;4.9;12.5;20.1;0.0;22.8;1.5;29.0
1984-04-13;12.9;15.7;18.5;3.0;16.3;3.8;41.1
1984-04-14;11.16;13.53;15.9;0.0;15.8;3.1;51.0
1984-04-15;8.6;11.95;15.3;0.0;9.6;2.5;43.47
1984-04-16;8.2;13.2;18.2;0.0;23.6;2.6;33.3
1984-04-17;6.9;13.8;20.7;0.0;23.8;1.1;28.3
1984-04-18;14.0;16.15;18.3;1.9;11.2;1.0;43.81
1984-04-19;5.9;11.65;17.4;0.0;23.9;2.3;30.9
1984-04-20;2.9;10.9;18.9;0.0;25.0;0.9;25.8
1984-04-21;8.2;12.15;16.1;0.0;18.0;2.7;37.12
1984-04-22;5.9;12.35;18.8;0.0;24.3;1.0;29.2
1984-04-23;5.7;13.4;21.1;0.0;25.2;2.0;26.2
1984-04-24;6.8;13.95;21.1;0.0;25.1;2.2;28.69
1984-04-25;8.2;14.55;20.9;0.0;24.4;2.1;28.83
1984-04-26;6.1;13.5;20.9;0.0;21.7;1.0;30.3
1984-04-27;11.1;15.7;20.3;0.0;17.5;0.7;37.9
1984-04-28;10.5;12.7;14.9;2.0;6.6;1.2;73.44
1984-04-29;7.4;13.05;18.7;0.0;23.4;1.7;28.7
1984-04-30;11.6;15.8;20.0;0.0;16.9;2.0;32.4
1984-05-01;11.5;15.65;19.8;4.1;16.761;3.4;34.1
1984-05-02;10.3;14.06;17.82;0.0;24.7;5.0;26.7
1984-05-03;8.9;13.45;18.0;0.0;19.3;3.0;37.5
1984-05-04;8.3;13.85;19.4;0.0;26.2;2.6;28.6
1984-05-05;6.0;12.5;19.0;0.0;26.501;2.0;25.3
1984-05-06;3.3;12.55;21.8;0.0;25.4;0.6;20.78
1984-05-07;6.2;15.15;24.1;0.0;27.8;0.9;21.1
1984-05-08;9.2;14.8;20.4;0.0;26.2;2.6;25.6
1984-05-09;7.0;13.95;20.9;0.0;26.4;1.9;23.5
1984-05-10;5.8;14.09;22.37;0.0;26.2;1.2;20.8
1984-05-11;6.6;14.45;22.3;0.0;28.2;2.1;21.3
1984-05-12;6.4;14.75;23.1;0.0;28.6;2.2;20.3
1984-05-13;6.1;15.05;24.0;0.0;28.5;1.3;18.6
1984-05-14;10.8;14.9;19.0;0.0;15.9;2.2;37.1
1984-05-15;7.7;14.9;22.1;0.0;27.4;1.4;22.8
1984-05-16;10.2;17.55;24.9;0.0;27.8;2.2;19.7
1984-05-17;11.0;16.9;22.8;0.0;27.7;2.2;20.5
1984-05-18;7.2;15.6;24.0;0.0;27.2;1.1;19.48
1984-05-19;9.89;17.64;25.4;0.0;28.5;2.1;17.5
1984-05-20;14.7;20.15;25.6;0.0;24.3;2.5;15.7
1984-05-21;15.2;20.45;25.7;0.0;27.2;2.2;17.9
1984-05-22;13.4;19.5;25.6;0.0;27.602;3.2;21.26
1984-05-23;14.28;19.84;25.4;0.0;17.2;3.0;23.4
1984-05-24;15.3;19.65;24.0;0.0;27.7;2.2;24.1
1984-05-25;14.5;18.2;21.9;0.0;16.8;2.7;32.5
1984-05-26;9.7;14.7;19.7;9.3;14.3;1.6;50.82
1984-05-27;8.0;14.15;20.3;4.1;13.5;0.2;47.0
1984-05-28;12.54;16.42;20.3;6.3;7.3;0.7;49.5
1984-05-29;13.8;18.85;23.9;1.2;21.172;2.5;33.5
1984-05-30;15.3;20.15;25.0;0.0;27.6;2.3;28.6
1984-05-31;13.4;19.45;25.5;0.0;24.7;0.5;24.9
1984-06-01;14.5;20.0;25.5;0.0;27.2;1.6;25.7
1984-06-02;13.2;19.65;26.1;0.0;28.3;1.4;21.9
1984-06-03;13.6;20.2;26.8;0.0;28.7;0.7;19.6
1984-06-04;14.21;20.91;27.6;0.0;28.1;1.4;17.1
1984-06-05;16.8;22.7;28.6;0.0;27.3;1.7;16.4
1984-06-06;17.1;22.9;28.7;0.0;23.9;2.9;14.9
1984-06-07;15.1;20.25;25.39;0.0;30.0;2.7;20.0
1984-06-08;15.2;19.3;23.4;2.9;16.07;2.6;31.3
1984-06-09;15.1;19.8;24.5;0.0;20.1;2.2;28.2
1984-06-10;15.79;21.2;26.6;0.0;28.2;2.5;23.5
1984-06-11;17.0;21.9;26.8;0.0;28.1;2.3;22.7
1984-06-12;16.9;21.15;25.4;0.0;26.1;2.7;25.3
1984-06-13;18.7;21.3;23.9;0.0;14.3;1.8;28.15
1984-06-14;16.4;19.3;22.2;5.8;8.4;1.0;42.2
1984-06-15;13.8;19.1;24.4;0.0;22.0;1.1;26.5
1984-06-16;13.3;19.1;24.9;0.0;24.6;0.6;25.34
1984-06-17;14.5;20.25;26.0;0.0;23.3;0.3;21.9
1984-06-18;17.8;21.9;26.0;0.0;27.4;0.5;22.5
1984-06-19;15.7;21.6;27.5;0.0;31.344;1.4;17.9
1984-06-20;17.6;22.65;27.7;0.0;23.1;0.6;18.61
1984-06-21;18.4;22.8;27.2;7.4;17.5;0.6;27.41
1984-06-22;16.9;21.8;26.7;0.0;18.1;1.1;22.55
1984-06-23;17.9;23.2;28.5;0.0;26.6;2.4;15.5
1984-06-24;17.4;22.3;27.2;0.0;26.0;1.3;23.5
1984-06-25;17.7;22.85;28.0;0.0;31.1;1.6;21.8
1984-06-26;17.6;23.25;28.9;0.0;27.4;1.4;17.9
1984-06-27;17.9;24.3;30.7;0.0;28.3;1.6;16.0
1984-06-28;18.5;25.35;32.2;0.0;29.3;2.6;13.5
1984-06-29;19.75;25.02;30.3;0.0;18.2;2.0;14.6
1984-06-30;19.5;25.9;32.3;0.0;32.0;2.5;13.2
1984-07-01;19.0;24.95;30.9;0.0;27.8;1.5;15.8
1984-07-02;19.8;23.45;27.1;0.0;30.3;4.0;20.5
1984-07-03;19.0;22.05;25.1;0.0;29.7;4.4;23.5
1984-07-04;18.0;21.7;25.4;0.0;29.3;3.4;21.3
1984-07-05;17.6;22.6;27.6;0.0;28.2;2.5;19.2
1984-07-06;17.0;23.3;29.6;0.0;27.5;2.0;16.93
1984-07-07;18.6;22.26;25.92;0.0;23.7;2.8;25.79
1984-07-08;17.6;21.2;24.8;0.0;28.2;3.7;20.8
1984-07-09;17.2;21.5;25.8;0.0;28.403;3.3;20.1
1984-07-10;16.8;21.95;27.1;0.0;27.6;1.6;19.8
1984-07-11;15.9;22.1;28.3;0.0;26.4;0.4;17.8
1984-07-12;17.9;23.5;29.1;0.0;26.3;1.2;19.29
1984-07-13;18.8;22.75;26.7;0.0;23.3;2.3;25.9
1984-07-14;18.28;22.04;25.8;0.0;27.0;1.9;22.1
1984-07-15;15.8;20.65;25.5;0.0;27.4;1.3;21.0
1984-07-16;16.8;21.19;25.58;0.0;25.3;1.8;22.5
1984-07-17;17.3;21.34;25.39;0.0;23.6;1.7;22.5
1984-07-18;16.4;21.45;26.5;0.0;24.8;1.2;20.8
1984-07-19;17.4;21.99;26.58;0.0;21.7;1.2;23.0
1984-07-20;17.0;22.2;27.4;0.0;20.4;1.1;19.6
1984-07-21;17.8;22.85;27.9;0.0;23.3;1.4;18.6
1984-07-22;17.1;22.65;28.2;0.0;26.5;0.8;16.6
1984-07-23;16.9;23.45;30.0;0.0;24.6;0.5;15.1
1984-07-24;19.1;25.13;31.15;0.0;22.7;0.6;13.5
1984-07-25;20.9;26.3;31.7;0.0;17.2;2.0;15.9
1984-07-26;18.8;24.95;31.1;0.0;25.0;1.0;20.0
1984-07-27;19.0;23.95;28.9;0.0;25.3;1.5;22.8
1984-07-28;19.1;23.75;28.4;0.0;24.737;1.0;23.6
1984-07-29;18.83;22.66;26.5;10.8;13.9;0.8;41.4
1984-07-30;18.2;23.35;28.5;0.0;24.8;0.8;24.0
1984-07-31;19.5;24.15;28.8;0.0;17.8;1.7;22.9
1984-08-01;17.9;24.0;30.1;0.0;25.0;1.3;17.2
1984-08-02;18.8;24.7;30.6;0.0;23.5;1.2;18.4
1984-08-03;19.7;24.65;29.6;0.0;21.7;1.5;19.29
1984-08-04;18.7;24.0;29.3;0.0;24.7;1.3;17.2
1984-08-05;18.7;25.3;31.9;0.0;24.2;1.5;16.1
1984-08-06;21.3;25.66;30.01;0.0;14.6;3.36;21.1
1984-08-07;19.8;26.0;32.2;0.0;23.4;1.9;18.4
1984-08-08;19.8;25.2;30.6;0.0;24.0;1.5;20.7
1984-08-09;18.9;24.7;30.5;0.0;23.8;1.1;19.5
1984-08-10;20.5;26.35;32.2;0.0;22.8;2.1;15.8
1984-08-11;20.4;25.35;30.3;0.0;23.8;2.6;21.4
1984-08-12;18.52;23.61;28.7;0.0;23.8;1.6;18.5
1984-08-13;20.1;24.05;28.0;0.0;18.588;1.7;26.3
1984-08-14;20.0;25.65;31.3;0.0;23.5;3.7;19.1
1984-08-15;21.35;26.23;31.1;0.0;9.8;4.0;19.5
1984-08-16;19.9;26.55;33.2;0.0;23.5;2.1;15.8
1984-08-17;19.3;25.75;32.2;0.0;18.0;2.6;17.2
1984-08-18;19.9;26.55;33.2;0.0;23.7;2.9;14.9
1984-08-19;18.3;26.85;35.4;0.0;23.6;1.6;12.1
1984-08-20;19.0;27.32;35.65;0.0;23.5;0.8;10.0
1984-08-21;21.4;26.95;32.5;0.0;23.0;2.1;15.6
1984-08-22;20.0;25.65;31.3;0.0;22.8;1.1;19.4
1984-08-23;20.6;26.7;32.8;0.0;22.8;2.4;16.9
1984-08-24;20.9;27.9;34.9;0.0;22.4;2.3;13.6
1984-08-25;21.8;28.25;34.7;0.0;15.6;2.2;13.4
1984-08-26;20.6;26.7;32.8;0.0;19.4;2.79;15.8
1984-08-27;20.6;25.35;30.1;0.0;22.7;1.8;17.1
1984-08-28;18.08;24.09;30.1;0.0;22.4;0.8;17.4
1984-08-29;18.8;24.55;30.3;0.0;22.1;1.7;21.56
1984-08-30;18.8;23.04;27.28;0.0;22.1;2.3;25.16
1984-08-31;17.9;22.35;26.8;0.0;21.9;0.9;24.0
1984-09-01;18.9;23.2;27.5;0.0;17.3;0.8;26.9
1984-09-02;20.1;24.4;28.7;0.0;21.1;2.2;25.35
1984-09-03;19.8;24.7;29.6;0.0;21.5;2.8;21.4
1984-09-04;19.5;24.6;29.7;0.0;21.5;2.3;20.6
1984-09-05;19.1;22.85;26.6;3.2;15.6;2.4;30.4
1984-09-06;17.4;21.4;25.4;0.0;21.7;2.5;22.5
1984-09-07;16.1;20.95;25.8;0.0;21.3;1.3;23.0
1984-09-08;16.7;21.65;26.6;0.0;20.8;0.6;25.7
1984-09-09;18.7;23.5;28.3;0.0;21.0;1.6;23.1
1984-09-10;17.9;21.8;25.7;1.3;16.4;2.17;33.6
1984-09-11;15.9;20.1;24.3;0.0;20.1;2.0;25.3
1984-09-12;16.1;19.85;23.6;0.0;21.4;2.4;21.3
1984-09-13;13.5;19.05;24.6;0.0;21.0;1.1;21.0
1984-09-14;13.9;19.6;25.3;0.0;20.8;0.9;22.6
1984-09-15;15.2;20.8;26.4;0.0;20.435;1.6;23.3
1984-09-16;14.3;20.3;26.3;0.0;20.9;1.2;22.5
1984-09-17;15.6;20.98;26.36;0.0;20.2;0.4;23.4
1984-09-18;15.6;21.15;26.7;0.0;20.2;0.6;23.4
1984-09-19;15.3;21.5;27.7;0.0;19.2;0.4;22.6
1984-09-20;16.7;22.2;27.7;0.0;19.5;0.6;23.2
1984-09-21;17.0;22.1;27.2;0.0;20.2;0.9;21.7
1984-09-22;19.1;22.7;26.31;7.3;11.3;1.6;27.9
1984-09-23;17.6;20.5;23.4;0.0;19.8;3.1;29.6
1984-09-24;17.4;19.9;22.4;1.5;7.7;2.5;48.6
1984-09-25;13.6;18.9;24.2;0.0;19.7;1.7;24.7
1984-09-26;10.7;17.36;24.01;0.0;19.6;1.6;22.6
1984-09-27;10.8;17.24;23.68;0.0;18.1;1.2;25.3
1984-09-28;11.9;17.75;23.6;0.0;17.5;0.7;26.7
1984-09-29;13.9;18.5;23.1;1.5;14.844;0.8;33.0
1984-09-30;15.9;18.95;22.0;1.2;11.1;0.4;46.5
1984-10-01;14.2;18.45;22.7;0.0;15.6;1.5;31.6
1984-10-02;14.1;18.8;23.5;0.0;17.3;2.2;25.6
1984-10-03;16.0;18.7;21.4;0.0;13.3;2.2;29.3
1984-10-04;14.6;17.95;21.3;0.0;16.3;1.9;26.6
1984-10-05;12.6;17.35;22.1;0.0;18.2;2.4;24.0
1984-10-06;13.9;18.15;22.4;0.0;17.4;1.8;27.41
1984-10-07;9.4;15.65;21.9;0.0;18.1;1.4;22.8
1984-10-08;7.0;14.4;21.8;0.0;17.9;0.5;24.7
1984-10-09;9.1;15.75;22.4;0.0;17.6;0.7;28.4
1984-10-10;14.98;18.19;21.4;0.0;9.2;0.7;39.7
1984-10-11;17.0;18.5;20.0;0.0;7.4;1.5;40.8
1984-10-12;16.5;17.55;18.6;0.0;7.4;1.4;31.8
1984-10-13;14.0;16.8;19.6;0.0;10.4;0.9;29.6
1984-10-14;13.9;17.65;21.4;0.0;17.8;2.5;25.4
1984-10-15;14.4;17.6;20.8;0.0;11.3;2.9;32.6
1984-10-16;15.3;18.5;21.7;7.4;8.8;2.5;46.5
1984-10-17;14.5;16.75;19.0;0.0;10.6;2.9;49.4
1984-10-18;14.0;16.9;19.8;0.0;15.6;4.3;30.0
1984-10-19;10.2;13.65;17.1;0.0;16.7;3.5;25.8
1984-10-20;7.2;13.65;20.1;0.0;16.5;1.1;27.6
1984-10-21;9.64;15.62;21.6;0.0;16.7;2.4;28.7
1984-10-22;14.68;15.44;16.2;11.3;7.1;2.1;78.3
1984-10-23;9.6;13.59;17.59;0.0;15.9;1.2;38.2
1984-10-24;8.19;13.76;19.33;0.0;16.75;1.5;32.8
1984-10-25;9.9;15.2;20.5;0.0;15.3;1.3;35.1
1984-10-26;14.7;17.05;19.4;0.0;8.8;1.6;53.7
1984-10-27;13.35;16.68;20.0;0.0;13.0;2.9;36.6
1984-10-28;14.6;17.65;20.7;1.5;13.1;2.5;36.2
1984-10-29;15.7;16.35;17.0;4.8;3.898;1.4;77.4
1984-10-30;15.8;17.35;18.9;0.0;8.3;2.4;56.05
1984-10-31;11.1;15.7;20.3;0.0;15.0;2.1;36.1
1984-11-01;8.4;14.2;20.0;0.0;15.1;0.9;36.2
1984-11-02;7.1;13.45;19.8;0.0;15.7;0.4;37.2
1984-11-03;7.9;14.05;20.2;0.0;14.7;1.3;33.97
1984-11-04;9.1;14.9;20.7;0.0;14.5;1.0;38.6
1984-11-05;7.3;14.3;21.3;0.0;14.8;0.7;34.3
1984-11-06;10.4;15.7;21.0;0.0;15.2;1.8;37.2
1984-11-07;8.2;13.75;19.3;0.0;9.6;1.8;42.9
1984-11-08;5.2;11.35;17.5;0.0;14.3;1.1;26.87
1984-11-09;3.2;10.65;18.1;0.0;14.1;0.2;27.5
1984-11-10;3.42;10.81;18.2;0.0;14.8;0.5;30.5
1984-11-11;4.3;11.2;18.1;0.0;14.8;0.6;33.1
1984-11-12;4.9;11.75;18.6;0.0;13.7;0.7;32.9
1984-11-13;4.3;11.75;19.2;0.0;11.5;0.9;31.8
1984-11-14;9.4;14.8;20.2;0.0;10.5;1.2;34.7
1984-11-15;8.7;13.5;18.3;0.0;14.1;1.8;31.1
1984-11-16;6.8;10.9;15.0;0.0;13.9;2.4;29.06
1984-11-17;5.5;10.63;15.77;0.0;13.1;2.1;29.0
1984-11-18;4.1;9.7;15.3;0.0;13.1;1.4;30.5
1984-11-19;5.6;10.25;14.9;0.0;10.4;1.8;40.33
1984-11-20;8.1;12.55;17.0;0.0;12.4;1.9;38.0
1984-11-21;7.7;13.3;18.9;0.0;12.4;2.6;35.7
1984-11-22;11.8;16.2;20.6;0.0;12.6;2.7;33.1
1984-11-23;8.2;14.06;19.92;0.0;12.6;2.5;32.7
1984-11-24;5.3;11.3;17.3;0.0;11.6;1.0;36.28
1984-11-25;3.1;9.65;16.2;0.0;12.3;1.0;28.7
1984-11-26;4.2;10.9;17.6;0.0;12.064;1.8;29.8
1984-11-27;7.8;13.1;18.4;0.0;11.7;1.9;38.2
1984-11-28;7.3;12.7;18.1;0.0;13.0;2.0;35.1
1984-11-29;6.4;10.75;15.1;0.0;5.9;1.6;44.2
1984-11-30;3.5;8.85;14.2;0.0;11.8;1.6;32.3
1984-12-01;2.8;8.5;14.2;0.0;11.3;1.3;33.5
1984-12-02;8.4;11.1;13.8;0.0;6.9;1.1;33.5
1984-12-03;8.9;11.5;14.1;0.0;4.5;0.89;52.7
1984-12-04;10.1;12.0;13.9;0.0;5.7;0.4;63.7
1984-12-05;11.7;12.65;13.6;0.0;5.2;0.4;60.7
1984-12-06;11.9;12.05;12.2;1.4;3.69;0.5;72.7
1984-12-07;10.7;11.35;12.0;1.4;3.5;0.3;78.9
1984-12-08;6.4;9.65;12.9;0.0;5.1;0.8;59.4
1984-12-09;3.2;8.4;13.6;0.0;10.6;1.2;35.7
1984-12-10;2.7;8.25;13.8;1.2;10.1;1.4;39.5
1984-12-11;5.8;8.8;11.8;4.41;6.9;4.6;54.8
1984-12-12;5.7;7.4;9.1;0.0;6.0;5.5;46.0
1984-12-13;4.9;8.5;12.1;0.0;11.1;2.7;34.0
1984-12-14;5.9;9.1;12.3;0.0;4.9;2.0;58.71
1984-12-15;0.3;4.79;9.29;0.0;11.0;2.0;32.9
1984-12-16;-1.07;4.46;10.0;0.0;11.0;0.3;29.5
1984-12-17;0.8;6.3;11.8;0.0;11.3;1.7;29.8
1984-12-18;4.1;8.05;12.0;0.0;8.7;1.8;44.4
1984-12-19;8.4;9.95;11.5;0.0;3.9;2.3;63.3
1984-12-20;5.1;9.1;13.1;0.0;9.3;1.9;42.7
1984-12-21;8.2;10.37;12.54;0.0;7.2;2.7;42.9
1984-12-22;6.3;9.85;13.4;0.0;8.3;3.3;52.7
1984-12-23;13.1;15.15;17.2;0.0;9.7;5.2;41.8
1984-12-24;8.2;12.48;16.77;0.0;8.7;3.5;42.67
1984-12-25;7.2;12.35;17.5;0.0;10.5;3.2;35.3
1984-12-26;8.2;12.75;17.3;0.0;10.3;1.7;46.1
1984-12-27;9.6;12.6;15.6;0.0;5.3;1.7;58.7
1984-12-28;7.4;10.4;13.4;0.0;11.0;3.4;34.71
1984-12-29;7.9;9.85;11.8;0.0;8.0;3.8;40.6
1984-12-30;6.0;8.8;11.6;0.0;9.8;3.1;30.72
1984-12-31;5.3;8.95;12.6;0.0;9.5;3.7;37.7
