iso-date;tmin;tavg;tmax;precip;globrad;wind;relhumid
1980-01-01;1.5;3.75;6.0;0.0;3.3;2.8;79.7
1980-01-02;-3.3;0.25;3.8;0.0;4.2;3.2;45.9
1980-01-03;-4.4;-2.65;-0.89;0.0;3.5;4.6;25.3
1980-01-04;-7.5;-5.21;-2.93;0.0;4.5;4.7;25.83
1980-01-05;-6.74;-2.77;1.2;0.0;3.9;3.7;52.7
1980-01-06;-4.8;-1.8;1.2;2.8;4.0;4.0;70.7
1980-01-07;-0.4;1.5;3.4;3.5;2.4;6.3;82.2
1980-01-08;-5.2;-1.35;2.5;0.0;2.9;3.2;80.6
1980-01-09;-6.8;-3.93;-1.06;0.0;5.3;0.6;56.3
1980-01-10;-7.4;-4.65;-1.9;0.0;4.1;0.5;73.2
1980-01-11;-6.21;-3.5;-0.8;0.0;4.5;2.2;67.0
1980-01-12;-6.64;-3.57;-0.5;0.0;4.5;3.0;63.6
1980-01-13;-6.7;-4.71;-2.72;0.0;6.0;5.3;42.6
1980-01-14;-5.95;-1.73;2.5;0.0;3.1;2.2;70.12
1980-01-15;-2.6;0.3;3.2;0.0;5.3;3.1;83.6
1980-01-16;0.0;1.85;3.7;0.0;4.7;3.6;85.0
1980-01-17;2.1;3.85;5.6;0.0;2.0;3.9;84.3
1980-01-18;3.2;5.15;7.1;0.0;5.0;3.2;73.2
1980-01-19;3.7;5.85;8.0;0.0;1.9;3.5;80.9
1980-01-20;3.6;5.9;8.2;0.0;3.6;1.9;85.62
1980-01-21;5.4;9.3;13.2;5.6;1.7;3.8;65.6
1980-01-22;2.7;8.1;13.5;5.4;2.1;6.2;55.5
1980-01-23;1.4;6.35;11.3;6.1;1.8;4.9;49.4
1980-01-24;11.3;12.15;13.0;7.5;2.7;4.5;88.8
1980-01-25;11.7;12.7;13.7;3.0;0.9;5.9;90.8
1980-01-26;9.2;11.0;12.8;2.4;1.5;6.9;87.8
1980-01-27;-0.8;3.85;8.5;0.0;4.7;7.4;32.3
1980-01-28;-0.9;1.46;3.81;2.3;4.7;6.0;51.1
1980-01-29;1.0;2.6;4.2;0.0;3.4;3.7;71.3
1980-01-30;0.7;3.75;6.8;1.2;1.4;2.7;80.0
1980-01-31;5.7;6.7;7.7;0.0;1.5;3.8;90.3
1980-02-01;5.1;6.7;8.3;0.0;3.8;3.0;79.4
1980-02-02;0.3;3.6;6.9;0.0;3.5;4.0;59.59
1980-02-03;-1.0;3.15;7.29;7.3;3.8;4.1;42.4
1980-02-04;7.7;8.15;8.6;7.1;1.8;6.7;89.0
1980-02-05;8.31;8.5;8.7;0.0;1.3;5.4;88.2
1980-02-06;4.4;7.15;9.9;0.0;5.0;1.7;73.1
1980-02-07;1.3;5.55;9.8;0.0;7.1;0.6;52.2
1980-02-08;1.62;5.16;8.7;0.0;8.2;3.4;49.3
1980-02-09;1.6;3.6;5.6;1.6;4.3;2.7;80.9
1980-02-10;0.2;3.9;7.6;0.0;8.1;0.7;66.83
1980-02-11;-0.8;3.35;7.5;0.0;9.3;1.2;50.3
1980-02-12;2.3;5.1;7.9;0.0;3.3;2.6;82.8
1980-02-13;3.9;7.3;10.7;0.0;8.8;1.7;60.0
1980-02-14;-4.36;-0.38;3.6;0.0;6.3;5.6;47.0
1980-02-15;-6.3;-3.96;-1.61;0.0;9.9;7.2;21.55
1980-02-16;-7.79;-4.35;-0.91;0.0;9.6;3.5;24.95
1980-02-17;-7.39;-3.09;1.2;0.0;9.4;1.4;36.0
1980-02-18;-2.3;0.55;3.4;6.6;3.1;5.1;53.2
1980-02-19;3.7;5.7;7.7;3.31;2.8;4.6;84.6
1980-02-20;2.9;5.45;8.0;2.0;7.2;4.6;73.3
1980-02-21;0.7;3.4;6.09;1.2;9.0;2.1;63.0
1980-02-22;1.4;3.5;5.6;2.7;6.8;1.7;84.1
1980-02-23;2.2;6.5;10.8;1.2;7.3;4.2;55.9
1980-02-24;-0.7;1.55;3.8;0.0;9.9;2.6;51.1
1980-02-25;-2.9;0.3;3.5;0.0;10.9;2.2;50.3
1980-02-26;-0.7;1.3;3.3;0.0;6.5;5.3;54.17
1980-02-27;1.4;2.8;4.2;0.0;2.7;2.6;85.8
1980-02-28;2.3;4.35;6.4;0.0;6.2;1.7;78.7
1980-02-29;0.0;0.0;0.0;0.0;0.0;0.0;0.0
1980-03-01;1.8;3.55;5.3;0.0;7.1;2.6;67.4
1980-03-02;1.6;4.25;6.9;0.0;5.1;1.2;68.0
1980-03-03;0.2;3.25;6.29;0.0;11.8;2.5;49.0
1980-03-04;-1.8;1.4;4.6;0.0;12.5;2.1;44.78
1980-03-05;-1.4;2.05;5.5;0.0;11.3;0.6;48.1
1980-03-06;-0.9;2.05;5.0;0.0;10.3;1.6;61.2
1980-03-07;0.8;4.5;8.2;0.0;10.3;2.5;53.7
1980-03-08;0.7;5.45;10.2;3.8;13.4;3.8;46.6
1980-03-09;5.3;6.8;8.3;1.91;10.3;6.7;53.1
1980-03-10;3.92;5.91;7.9;13.69;9.0;4.9;74.2
1980-03-11;-0.1;3.85;7.8;0.0;14.9;3.0;42.0
1980-03-12;5.4;8.95;12.5;4.0;8.7;7.0;50.0
1980-03-13;7.6;10.3;13.0;0.0;4.8;4.8;61.5
1980-03-14;9.1;12.85;16.6;1.2;4.7;2.5;64.3
1980-03-15;10.1;15.85;21.6;0.0;15.7;3.3;48.3
1980-03-16;13.1;18.3;23.5;0.0;15.9;4.0;41.6
1980-03-17;10.75;13.82;16.9;7.6;3.8;3.0;83.36
1980-03-18;4.7;7.85;11.0;4.9;2.912;2.7;76.8
1980-03-19;1.07;5.74;10.4;0.0;15.324;2.5;39.8
1980-03-20;6.95;10.18;13.4;7.7;3.1;2.6;63.5
1980-03-21;12.3;13.45;14.6;5.9;2.2;5.3;89.6
1980-03-22;11.5;14.1;16.7;0.0;6.1;4.6;55.9
1980-03-23;8.6;10.79;12.98;10.2;7.1;2.9;75.4
1980-03-24;4.1;8.35;12.6;0.0;10.6;2.2;65.1
1980-03-25;3.2;7.92;12.64;0.0;17.4;1.4;46.9
1980-03-26;7.9;10.9;13.9;6.4;2.5;3.5;79.1
1980-03-27;6.0;9.85;13.7;0.0;13.9;3.2;60.5
1980-03-28;6.1;8.9;11.7;0.0;11.7;0.9;64.2
1980-03-29;4.9;8.45;12.0;0.0;10.1;1.8;44.9
1980-03-30;3.1;7.21;11.33;0.0;18.6;2.4;37.77
1980-03-31;0.2;5.3;10.4;0.0;19.191;1.93;34.71
1980-04-01;0.1;5.55;11.0;0.0;19.885;2.9;33.3
1980-04-02;0.7;4.5;8.3;0.0;20.0;4.5;34.9
1980-04-03;-0.2;3.3;6.8;0.0;15.7;2.3;42.9
1980-04-04;-1.0;3.15;7.3;0.0;15.5;0.7;46.85
1980-04-05;0.4;4.95;9.5;0.0;16.7;1.4;44.3
1980-04-06;2.6;4.75;6.9;0.0;10.4;5.0;64.5
1980-04-07;0.1;3.4;6.7;0.0;15.2;3.9;38.3
1980-04-08;-2.0;2.98;7.96;0.0;20.7;1.3;32.6
1980-04-09;0.0;4.35;8.7;0.0;19.7;2.7;35.2
1980-04-10;1.7;5.85;10.0;2.2;11.9;2.6;50.2
1980-04-11;1.6;5.95;10.3;0.0;9.5;1.4;57.7
1980-04-12;0.8;6.8;12.8;0.0;18.027;2.5;42.2
1980-04-13;5.8;8.65;11.5;0.0;11.6;4.8;61.2
1980-04-14;5.3;9.75;14.2;5.0;5.0;4.2;66.1
1980-04-15;7.7;11.0;14.3;12.62;13.1;3.2;84.3
1980-04-16;5.6;9.95;14.3;0.0;15.3;3.1;50.0
1980-04-17;4.5;9.05;13.6;5.9;14.906;2.8;61.15
1980-04-18;8.6;9.5;10.4;8.6;3.0;1.2;88.9
1980-04-19;8.2;9.85;11.5;8.3;6.1;3.8;79.7
1980-04-20;7.8;10.0;12.2;7.2;1.8;5.4;83.3
1980-04-21;7.1;8.1;9.1;1.84;3.3;3.8;88.1
1980-04-22;4.7;11.55;18.4;0.0;21.0;2.9;42.7
1980-04-23;8.9;10.8;12.7;0.0;9.4;3.5;70.7
1980-04-24;9.0;11.35;13.7;0.0;11.7;3.3;57.7
1980-04-25;8.3;14.35;20.4;0.0;23.0;4.9;39.3
1980-04-26;11.2;16.55;21.9;0.0;22.0;5.2;38.2
1980-04-27;12.3;17.1;21.9;0.0;19.5;2.7;50.0
1980-04-28;13.47;15.68;17.9;4.1;3.5;1.6;88.73
1980-04-29;12.8;15.2;17.6;8.3;2.1;1.8;89.1
1980-04-30;5.96;9.68;13.4;0.0;5.2;5.9;65.8
1980-05-01;2.7;6.6;10.5;0.0;25.0;5.0;30.2
1980-05-02;2.8;7.7;12.6;0.0;24.804;3.8;31.3
1980-05-03;4.9;11.65;18.4;0.0;21.7;1.9;38.2
1980-05-04;6.9;11.6;16.3;12.1;7.3;2.2;76.31
1980-05-05;3.3;10.62;17.94;0.0;20.7;0.6;48.4
1980-05-06;7.0;13.8;20.6;0.0;23.2;1.5;39.4
1980-05-07;6.8;14.5;22.2;0.0;24.5;2.3;39.0
1980-05-08;10.6;15.58;20.56;4.0;12.2;2.4;57.4
1980-05-09;7.4;13.05;18.7;0.0;21.4;1.9;55.1
1980-05-10;4.4;12.25;20.1;0.0;22.6;0.8;43.1
1980-05-11;9.5;16.35;23.2;0.0;21.0;1.7;45.1
1980-05-12;12.1;18.0;23.9;2.0;23.6;2.4;46.1
1980-05-13;11.06;17.08;23.1;4.6;17.9;1.0;52.7
1980-05-14;9.2;16.3;23.4;0.0;23.2;1.4;44.49
1980-05-15;10.9;17.15;23.4;2.4;23.7;1.4;49.8
1980-05-16;10.8;14.7;18.6;1.1;15.2;2.3;78.3
1980-05-17;7.3;10.15;13.0;0.0;11.7;3.4;61.2
1980-05-18;5.1;8.25;11.4;0.0;23.2;3.5;40.0
1980-05-19;3.2;8.1;13.0;0.0;24.4;2.3;35.83
1980-05-20;3.3;10.45;17.6;0.0;21.703;1.6;41.7
1980-05-21;10.3;14.35;18.4;2.8;11.9;1.8;73.3
1980-05-22;10.1;15.55;21.0;3.0;9.7;0.68;59.8
1980-05-23;11.1;13.95;16.8;3.8;8.5;1.9;83.8
1980-05-24;7.3;12.85;18.4;0.0;20.6;1.59;54.0
1980-05-25;7.3;11.65;16.0;1.2;6.4;2.0;81.0
1980-05-26;13.4;18.05;22.7;0.0;13.0;1.3;70.2
1980-05-27;10.9;17.8;24.7;0.0;23.2;0.6;49.83
1980-05-28;14.3;20.15;26.0;0.0;17.4;0.5;53.8
1980-05-29;13.5;20.07;26.64;0.0;27.5;1.4;49.4
1980-05-30;13.8;20.7;27.6;7.57;11.1;1.0;50.5
1980-05-31;15.1;19.55;24.0;9.8;15.1;2.6;65.9
1980-06-01;13.6;17.75;21.9;11.51;4.3;2.1;61.2
1980-06-02;7.37;11.34;15.3;5.1;3.0;2.3;84.4
1980-06-03;4.4;9.85;15.3;0.0;19.5;2.0;51.4
1980-06-04;8.7;11.55;14.4;1.2;15.4;2.5;65.6
1980-06-05;5.5;9.3;13.1;0.0;13.7;2.7;65.4
1980-06-06;5.5;8.8;12.1;0.0;16.3;2.1;56.9
1980-06-07;4.6;10.55;16.5;0.0;14.6;2.3;65.0
1980-06-08;9.1;14.4;19.7;0.0;13.6;3.0;73.3
1980-06-09;4.8;10.3;15.8;0.0;23.9;2.0;43.2
1980-06-10;4.66;10.53;16.4;0.0;17.6;2.7;52.8
1980-06-11;11.2;15.9;20.6;0.0;21.8;2.7;55.6
1980-06-12;11.1;14.55;18.0;0.0;22.324;3.3;52.8
1980-06-13;9.1;13.7;18.3;0.0;19.8;2.2;48.3
1980-06-14;8.6;15.6;22.6;0.0;27.81;1.7;42.8
1980-06-15;8.9;17.55;26.2;2.3;29.4;1.8;36.2
1980-06-16;13.3;20.1;26.9;0.0;29.4;2.2;40.1
1980-06-17;14.9;20.45;26.0;3.5;27.2;3.3;41.0
1980-06-18;14.9;19.95;25.0;10.0;21.4;3.0;59.8
1980-06-19;12.4;17.95;23.5;0.0;22.1;1.8;59.1
1980-06-20;10.3;17.3;24.3;12.9;16.7;1.2;52.2
1980-06-21;9.9;14.15;18.4;27.34;3.6;4.8;83.8
1980-06-22;6.2;10.3;14.4;0.0;16.8;4.1;50.4
1980-06-23;6.1;11.8;17.5;0.0;6.7;2.8;56.2
1980-06-24;9.7;13.65;17.6;4.85;10.5;2.4;65.3
1980-06-25;9.7;12.65;15.6;2.5;10.1;2.2;85.3
1980-06-26;7.4;11.45;15.5;0.0;20.1;2.1;54.0
1980-06-27;10.6;13.9;17.2;5.0;5.9;2.1;72.9
1980-06-28;8.3;11.0;13.7;5.1;11.0;4.1;76.4
1980-06-29;7.4;11.6;15.8;0.0;25.1;2.9;45.6
1980-06-30;10.7;13.05;15.4;3.4;10.8;2.8;71.22
1980-07-01;10.0;12.8;15.6;4.5;4.894;2.2;78.93
1980-07-02;8.0;11.8;15.6;0.0;17.6;3.7;59.3
1980-07-03;5.5;11.5;17.5;0.0;20.9;0.9;44.6
1980-07-04;9.4;13.95;18.5;0.0;17.1;1.0;56.0
1980-07-05;7.8;13.85;19.9;0.0;24.3;1.4;47.09
1980-07-06;10.7;15.95;21.2;10.7;15.503;2.0;57.3
1980-07-07;14.1;15.35;16.6;4.9;4.7;2.4;93.83
1980-07-08;12.4;14.15;15.9;42.05;1.6;5.3;92.66
1980-07-09;12.2;15.13;18.07;3.58;4.6;4.0;83.0
1980-07-10;10.1;16.0;21.9;7.29;14.9;1.9;64.2
1980-07-11;15.2;18.75;22.3;0.0;16.7;2.5;67.3
1980-07-12;13.4;18.35;23.3;4.6;11.3;3.2;53.2
1980-07-13;11.7;17.4;23.1;2.9;15.8;1.8;59.1
1980-07-14;12.4;16.85;21.3;4.5;11.8;2.36;70.2
1980-07-15;12.7;17.3;21.9;1.1;17.1;3.2;61.2
1980-07-16;12.3;16.4;20.5;4.96;6.2;3.4;68.6
1980-07-17;13.7;17.65;21.6;1.43;13.9;3.2;68.3
1980-07-18;12.8;16.15;19.5;7.1;11.5;1.0;84.96
1980-07-19;9.1;14.6;20.1;0.0;21.5;1.4;52.7
1980-07-20;6.9;13.7;20.5;0.0;21.905;1.5;47.12
1980-07-21;12.2;14.7;17.2;0.0;13.0;3.1;69.8
1980-07-22;11.5;14.8;18.1;0.0;12.7;2.0;58.1
1980-07-23;10.8;15.65;20.5;0.0;19.7;0.8;49.5
1980-07-24;12.9;17.4;21.9;1.2;15.3;2.5;53.8
1980-07-25;14.2;16.85;19.5;2.46;10.875;3.6;83.84
1980-07-26;14.2;17.45;20.7;3.3;14.7;3.3;67.6
1980-07-27;13.8;17.2;20.6;2.5;11.8;2.6;72.1
1980-07-28;13.1;16.75;20.4;0.0;16.7;3.6;66.6
1980-07-29;13.7;17.85;22.0;2.4;5.8;2.4;72.2
1980-07-30;14.1;20.5;26.9;5.1;18.5;2.3;53.9
1980-07-31;11.8;17.2;22.6;0.0;24.7;1.7;51.4
1980-08-01;10.13;13.86;17.58;0.0;11.8;2.6;68.6
1980-08-02;5.2;12.7;20.2;0.0;24.6;1.4;41.3
1980-08-03;14.3;18.45;22.6;1.9;13.7;3.2;51.8
1980-08-04;13.8;18.65;23.5;0.0;18.1;2.1;56.8
1980-08-05;13.8;18.5;23.2;11.7;10.8;1.3;65.5
1980-08-06;13.1;18.5;23.9;0.0;19.2;1.0;56.22
1980-08-07;14.7;19.05;23.4;0.0;13.5;1.1;61.2
1980-08-08;15.5;20.3;25.1;7.2;9.9;0.9;64.2
1980-08-09;13.89;20.2;26.5;0.0;18.3;0.8;52.5
1980-08-10;14.0;20.2;26.4;0.0;19.818;1.2;48.8
1980-08-11;14.2;20.3;26.4;0.0;22.1;1.9;47.7
1980-08-12;16.5;22.35;28.2;7.4;17.2;1.8;46.9
1980-08-13;13.4;18.2;23.0;0.0;13.4;3.3;71.7
1980-08-14;12.7;18.4;24.1;0.0;15.3;1.7;54.5
1980-08-15;15.4;19.45;23.5;1.1;10.6;1.9;71.6
1980-08-16;13.1;17.95;22.8;0.0;16.8;3.0;57.8
1980-08-17;12.7;17.45;22.2;0.0;19.2;2.7;55.1
1980-08-18;12.3;16.51;20.72;0.0;13.2;2.6;59.8
1980-08-19;11.4;15.61;19.81;0.0;6.2;1.1;80.1
1980-08-20;12.4;17.55;22.7;0.0;13.0;1.4;61.1
1980-08-21;12.2;18.4;24.6;0.0;14.6;1.5;54.0
1980-08-22;12.5;19.35;26.2;0.0;18.408;0.9;49.1
1980-08-23;14.8;21.5;28.2;4.6;20.6;2.3;44.89
1980-08-24;13.8;19.23;24.66;0.0;14.6;2.0;71.7
1980-08-25;12.4;19.55;26.7;0.0;21.6;1.2;44.7
1980-08-26;13.9;20.18;26.46;0.0;21.1;2.3;43.3
1980-08-27;13.4;20.15;26.9;0.0;21.3;2.5;40.2
1980-08-28;15.4;22.31;29.22;0.0;20.5;1.8;45.5
1980-08-29;16.74;22.47;28.2;6.8;16.5;1.2;52.9
1980-08-30;13.9;18.9;23.9;0.0;20.8;2.0;59.7
1980-08-31;13.5;18.5;23.5;0.0;16.3;1.1;59.6
1980-09-01;14.6;19.35;24.1;1.2;10.1;1.5;55.6
1980-09-02;14.3;17.3;20.3;0.0;7.2;2.3;83.6
1980-09-03;8.3;14.31;20.32;0.0;16.8;1.5;55.5
1980-09-04;6.8;13.7;20.6;0.0;16.6;1.7;45.04
1980-09-05;13.8;17.35;20.9;4.0;1.6;3.23;82.3
1980-09-06;17.24;21.62;26.0;0.0;18.4;2.9;54.1
1980-09-07;14.9;20.4;25.9;0.0;18.8;3.3;50.68
1980-09-08;10.5;16.4;22.3;0.0;19.6;1.3;50.75
1980-09-09;13.9;20.75;27.6;4.4;16.8;3.8;40.7
1980-09-10;14.3;16.9;19.5;7.8;3.4;1.5;86.9
1980-09-11;10.9;15.85;20.8;0.0;10.275;0.6;72.31
1980-09-12;9.6;16.55;23.5;0.0;16.0;1.3;47.5
1980-09-13;10.8;16.15;21.5;0.0;13.8;1.4;67.69
1980-09-14;10.7;15.85;21.0;0.0;14.3;0.5;51.4
1980-09-15;11.9;15.8;19.7;0.0;10.4;0.9;63.5
1980-09-16;10.4;14.86;19.31;3.0;12.0;2.7;55.0
1980-09-17;10.7;14.6;18.5;0.0;10.6;2.6;73.6
1980-09-18;12.0;15.85;19.7;13.84;10.4;4.9;54.0
1980-09-19;11.1;15.5;19.9;0.0;10.053;2.5;52.8
1980-09-20;10.7;17.15;23.6;14.63;14.986;3.1;45.2
1980-09-21;12.7;15.75;18.8;0.0;9.4;2.8;73.6
1980-09-22;11.8;14.9;18.0;0.0;5.5;4.3;63.5
1980-09-23;10.7;14.75;18.8;0.0;10.2;4.2;61.3
1980-09-24;10.5;13.95;17.4;1.2;13.4;3.7;61.2
1980-09-25;9.1;13.6;18.1;0.0;12.032;3.6;52.7
1980-09-26;9.0;13.9;18.8;3.0;12.5;3.4;51.7
1980-09-27;7.45;10.57;13.7;5.3;3.7;1.6;84.52
1980-09-28;8.0;13.85;19.7;1.8;14.3;1.8;48.7
1980-09-29;7.6;13.25;18.9;0.0;14.6;1.8;52.3
1980-09-30;6.8;11.85;16.9;0.0;7.7;2.58;53.0
1980-10-01;9.8;11.8;13.8;4.6;7.7;1.9;80.8
1980-10-02;9.1;13.5;17.9;0.0;12.3;2.9;53.0
1980-10-03;4.6;9.15;13.7;0.0;14.0;2.7;52.4
1980-10-04;1.3;6.25;11.2;0.0;12.4;1.3;44.5
1980-10-05;3.1;5.8;8.5;4.1;7.862;3.8;55.0
1980-10-06;5.6;7.85;10.1;0.0;8.8;4.1;55.86
1980-10-07;3.8;5.85;7.9;9.2;6.4;6.9;52.2
1980-10-08;0.1;4.85;9.6;0.0;13.1;2.0;34.6
1980-10-09;2.3;6.35;10.4;0.0;12.7;2.7;37.8
1980-10-10;-0.5;6.0;12.5;0.0;12.968;2.7;38.0
1980-10-11;9.7;13.6;17.5;2.65;2.199;3.6;77.6
1980-10-12;13.9;18.05;22.2;1.6;4.3;2.6;73.3
1980-10-13;8.7;14.4;20.1;0.0;3.9;2.3;82.9
1980-10-14;8.1;12.2;16.3;6.7;4.7;2.7;80.1
1980-10-15;8.7;10.2;11.69;6.6;2.1;4.4;89.2
1980-10-16;5.2;6.95;8.7;0.0;10.6;2.1;66.2
1980-10-17;5.8;8.5;11.2;1.4;2.5;2.3;81.5
1980-10-18;6.3;7.95;9.6;0.0;5.9;2.3;80.0
1980-10-19;6.4;11.15;15.9;4.5;5.9;4.2;55.5
1980-10-20;10.9;13.7;16.5;7.5;4.4;7.6;61.6
1980-10-21;9.6;12.65;15.7;0.0;8.5;6.2;51.83
1980-10-22;8.5;12.05;15.6;0.0;7.9;3.4;57.4
1980-10-23;8.5;10.3;12.1;0.0;6.7;3.5;73.6
1980-10-24;7.6;10.75;13.9;0.0;9.2;3.4;66.8
1980-10-25;6.0;9.5;13.0;2.9;4.7;5.0;68.4
1980-10-26;4.9;7.95;11.0;0.0;4.0;3.7;63.6
1980-10-27;10.7;12.8;14.9;15.7;1.3;5.0;90.1
1980-10-28;6.9;10.9;14.9;0.0;7.7;1.0;75.4
1980-10-29;5.7;9.55;13.4;0.0;8.5;1.3;55.9
1980-10-30;4.1;7.65;11.2;0.0;8.1;0.9;56.0
1980-10-31;3.6;6.7;9.8;0.0;2.0;3.6;57.0
1980-11-01;10.2;12.35;14.5;0.0;1.9;4.1;87.6
1980-11-02;11.4;14.25;17.1;3.3;3.1;4.1;86.1
1980-11-03;5.3;8.15;11.0;0.0;6.2;3.5;64.03
1980-11-04;2.2;5.85;9.5;0.0;7.7;3.2;51.9
1980-11-05;7.9;9.85;11.8;4.6;2.5;3.6;84.5
1980-11-06;11.1;13.8;16.5;13.9;1.2;3.9;87.8
1980-11-07;11.0;12.6;14.2;5.1;2.1;2.8;85.8
1980-11-08;10.94;14.87;18.8;0.0;5.5;2.8;62.4
1980-11-09;12.09;15.2;18.3;0.0;5.8;4.3;62.22
1980-11-10;10.1;13.85;17.6;0.0;6.8;3.1;72.5
1980-11-11;13.0;14.8;16.6;7.2;1.3;3.9;89.1
1980-11-12;11.9;15.55;19.2;0.0;5.9;2.2;79.3
1980-11-13;12.0;14.1;16.2;6.4;1.7;1.8;88.7
1980-11-14;11.7;13.8;15.9;0.0;2.1;3.6;85.1
1980-11-15;6.7;9.25;11.8;0.0;5.9;2.8;76.1
1980-11-16;5.4;9.09;12.79;0.0;3.4;0.9;72.1
1980-11-17;4.0;7.5;11.0;0.0;6.4;1.7;57.5
1980-11-18;1.5;4.95;8.4;0.0;6.6;1.7;59.4
1980-11-19;4.1;7.7;11.3;0.0;4.1;2.7;70.44
1980-11-20;9.2;9.6;10.0;0.0;1.9;2.1;91.4
1980-11-21;3.68;6.34;9.0;0.0;3.7;1.6;74.3
1980-11-22;-2.0;0.6;3.2;0.0;5.9;2.1;55.1
1980-11-23;-3.48;-1.04;1.4;0.0;5.9;2.5;29.4
1980-11-24;-2.6;-0.02;2.57;0.0;5.4;2.8;42.2
1980-11-25;-2.3;0.2;2.7;0.0;3.9;2.0;56.7
1980-11-26;2.4;3.75;5.1;7.6;0.8;1.4;88.2
1980-11-27;0.7;2.95;5.2;0.0;4.6;3.5;75.1
1980-11-28;-1.6;1.75;5.1;0.0;2.7;2.7;60.4
1980-11-29;4.1;5.31;6.53;0.0;2.0;1.0;90.7
1980-11-30;0.1;1.95;3.8;0.0;4.7;3.9;68.9
1980-12-01;0.1;2.9;5.7;6.4;4.7;4.7;77.5
1980-12-02;0.9;2.25;3.6;0.0;4.3;4.2;74.1
1980-12-03;0.8;2.65;4.5;0.0;2.8;3.2;82.1
1980-12-04;0.3;2.7;5.1;2.8;1.3;2.7;79.8
1980-12-05;-0.3;2.08;4.45;0.0;4.3;2.4;78.91
1980-12-06;-0.4;1.75;3.9;0.0;3.6;2.9;75.51
1980-12-07;2.1;3.35;4.6;6.0;2.2;3.9;79.9
1980-12-08;0.0;1.7;3.4;0.0;4.2;3.0;80.4
1980-12-09;-1.0;1.3;3.6;0.0;2.8;1.4;87.4
1980-12-10;-3.5;-1.15;1.2;0.0;4.2;1.3;73.6
1980-12-11;-2.2;-0.1;2.0;0.0;2.9;3.6;62.9
1980-12-12;0.6;1.65;2.7;3.3;2.7;2.2;89.0
1980-12-13;1.1;5.5;9.9;4.4;1.8;3.6;57.5
1980-12-14;10.4;12.35;14.3;0.0;1.5;4.7;86.8
1980-12-15;12.0;13.65;15.3;0.0;2.2;5.1;77.6
1980-12-16;7.9;11.39;14.88;2.3;3.8;5.3;73.11
1980-12-17;3.5;6.05;8.6;0.0;4.2;2.3;72.9
1980-12-18;7.0;9.9;12.8;0.0;1.9;3.1;84.2
1980-12-19;7.8;9.35;10.9;1.1;2.6;4.4;84.1
1980-12-20;7.9;9.1;10.3;4.8;1.5;4.8;82.2
1980-12-21;6.0;9.55;13.1;2.5;1.5;6.7;51.7
1980-12-22;9.0;9.8;10.6;0.0;2.1;5.0;77.6
1980-12-23;6.8;8.55;10.3;0.0;2.8;5.1;73.2
1980-12-24;4.1;6.35;8.6;0.0;2.1;4.3;62.3
1980-12-25;0.3;3.05;5.8;0.0;4.6;1.6;69.3
1980-12-26;0.1;4.1;8.1;3.0;3.8;3.1;56.9
1980-12-27;6.3;7.55;8.8;0.0;2.2;5.0;82.2
1980-12-28;6.5;7.05;7.6;2.4;0.9;4.4;88.9
1980-12-29;-2.9;1.4;5.7;0.0;2.2;3.2;49.7
1980-12-30;-3.8;-1.85;0.1;0.0;4.4;2.2;30.9
1980-12-31;-1.7;0.25;2.2;1.5;1.5;5.0;62.1
1981-01-01;2.2;3.3;4.4;0.0;4.3;3.9;87.9
1981-01-02;3.9;6.55;9.2;1.1;1.5;4.5;71.6
1981-01-03;9.5;10.85;12.2;2.5;2.4;6.0;83.2
1981-01-04;10.4;12.35;14.3;3.89;2.0;5.9;79.4
1981-01-05;8.3;11.4;14.5;0.0;4.4;3.7;73.2
1981-01-06;10.9;12.7;14.5;10.5;1.8;3.8;90.13
1981-01-07;3.0;6.85;10.7;0.0;3.7;1.3;84.0
1981-01-08;1.4;5.25;9.1;0.0;3.8;0.4;60.6
1981-01-09;2.2;5.95;9.7;0.0;4.6;0.9;64.8
1981-01-10;2.2;4.75;7.3;0.0;2.8;0.7;83.2
1981-01-11;-0.5;3.45;7.4;0.0;4.4;2.2;68.1
1981-01-12;-2.05;-0.07;1.9;0.0;5.1;3.3;49.2
1981-01-13;-1.1;0.65;2.4;3.5;1.4;2.7;75.8
1981-01-14;-0.8;1.4;3.6;0.0;3.6;1.5;88.0
1981-01-15;-1.6;1.1;3.8;0.0;3.4;0.9;88.0
1981-01-16;-0.7;1.6;3.9;0.0;4.9;3.0;76.8
1981-01-17;0.1;1.7;3.3;0.0;1.8;1.9;89.9
1981-01-18;-1.6;1.45;4.5;0.0;3.7;0.2;81.7
1981-01-19;-3.0;0.45;3.9;0.0;5.8;1.2;77.5
1981-01-20;1.0;3.05;5.1;3.6;3.7;4.1;73.3
1981-01-21;-0.2;3.35;6.9;6.8;4.6;4.3;60.0
1981-01-22;2.3;5.95;9.6;5.1;3.7;3.6;80.0
1981-01-23;1.6;4.7;7.8;0.0;3.2;1.5;66.7
1981-01-24;3.9;6.4;8.9;0.0;3.5;3.0;74.2
1981-01-25;7.2;9.55;11.9;8.2;1.8;5.6;81.31
1981-01-26;4.3;6.15;8.0;1.7;2.988;4.3;69.79
1981-01-27;1.6;3.2;4.8;0.0;3.9;3.5;75.8
1981-01-28;1.4;2.7;4.0;0.0;2.6;4.6;71.0
1981-01-29;-0.4;1.6;3.6;0.0;3.5;4.5;60.9
1981-01-30;-4.5;-1.15;2.2;6.3;6.3;4.5;71.7
1981-01-31;-7.8;-2.55;2.7;0.0;6.6;2.6;67.1
1981-02-01;-0.5;2.6;5.7;5.1;1.4;3.5;84.8
1981-02-02;4.5;6.3;8.1;0.0;3.7;4.3;75.5
1981-02-03;-1.1;1.5;4.1;0.0;5.2;5.5;42.2
1981-02-04;-3.8;-2.05;-0.3;0.0;7.5;4.3;30.3
1981-02-05;-4.5;-2.5;-0.5;0.0;7.7;1.9;30.95
1981-02-06;-3.1;0.5;4.1;0.0;6.0;1.7;49.1
1981-02-07;-0.7;2.1;4.9;3.8;1.8;4.5;85.31
1981-02-08;-4.7;-2.5;-0.3;0.0;8.25;4.9;24.7
1981-02-09;-6.15;-4.03;-1.9;0.0;8.4;2.6;25.3
1981-02-10;-8.7;-3.85;1.0;1.1;8.5;1.8;29.4
1981-02-11;-1.9;-0.01;1.88;0.0;2.9;5.2;69.94
1981-02-12;-2.1;0.1;2.3;1.39;6.7;3.3;73.3
1981-02-13;-0.1;1.95;4.0;1.2;6.6;2.7;88.7
1981-02-14;3.5;5.42;7.34;6.1;1.3;3.5;86.5
1981-02-15;4.2;6.35;8.5;0.0;3.4;4.0;71.2
1981-02-16;2.6;5.45;8.3;0.0;7.5;3.21;55.0
1981-02-17;2.4;5.55;8.7;0.0;2.0;1.6;80.7
1981-02-18;5.3;8.5;11.7;0.0;6.6;3.2;61.2
1981-02-19;5.0;8.05;11.1;0.0;8.9;3.8;73.1
1981-02-20;8.1;10.15;12.2;3.5;3.9;7.4;55.6
1981-02-21;6.0;7.45;8.9;0.0;5.6;5.2;60.5
1981-02-22;6.2;9.9;13.6;12.03;1.3;5.0;84.3
1981-02-23;6.7;9.45;12.2;0.0;6.6;6.9;54.9
1981-02-24;3.1;8.6;14.1;0.0;9.3;3.4;45.0
1981-02-25;6.6;12.05;17.5;0.0;11.8;4.1;48.7
1981-02-26;7.1;9.05;11.0;2.5;3.1;3.7;81.9
1981-02-27;4.4;6.4;8.4;0.0;7.4;3.4;60.5
1981-02-28;5.5;8.75;12.0;2.0;2.3;5.5;79.0
1981-03-01;6.8;8.49;10.18;1.8;3.6;5.0;84.3
1981-03-02;5.3;7.3;9.3;6.4;7.0;3.7;72.9
1981-03-03;5.6;7.95;10.3;5.6;2.9;7.5;76.2
1981-03-04;3.2;5.95;8.7;1.1;7.0;5.6;44.5
1981-03-05;5.11;7.55;10.0;7.1;4.0;6.1;62.4
1981-03-06;2.0;4.85;7.7;3.8;6.2;3.8;56.4
1981-03-07;1.6;4.29;6.99;0.0;11.0;5.5;52.3
1981-03-08;1.7;3.5;5.3;11.67;4.2;4.1;70.3
1981-03-09;0.3;3.05;5.8;2.7;9.3;3.7;63.17
1981-03-10;-1.4;1.1;3.6;0.0;9.5;2.6;61.8
1981-03-11;-0.3;1.45;3.2;0.0;6.0;2.8;67.7
1981-03-12;-0.6;2.1;4.8;0.0;9.767;2.4;56.0
1981-03-13;-2.6;1.5;5.6;0.0;16.7;3.4;34.9
1981-03-14;-1.5;1.75;5.0;0.0;15.877;5.3;30.65
1981-03-15;-1.1;2.2;5.5;0.0;11.6;2.6;38.0
1981-03-16;1.7;3.85;6.0;1.8;6.0;2.2;76.81
1981-03-17;1.3;4.6;7.9;1.66;10.1;3.3;53.4
1981-03-18;-0.7;1.9;4.5;0.0;13.4;3.8;45.8
1981-03-19;-2.4;1.55;5.5;0.0;17.0;2.6;31.7
1981-03-20;0.3;5.0;9.7;3.4;3.9;4.8;41.9
1981-03-21;9.2;11.55;13.9;7.5;1.9;4.4;86.6
1981-03-22;7.6;10.2;12.8;0.0;10.1;6.2;54.9
1981-03-23;0.1;4.5;8.9;2.3;5.5;4.9;54.2
1981-03-24;-2.0;1.4;4.8;0.0;15.4;2.7;35.21
1981-03-25;-0.96;2.67;6.3;0.0;12.8;3.3;38.7
1981-03-26;-2.4;1.45;5.3;0.0;18.4;2.3;32.15
1981-03-27;-2.5;0.7;3.89;0.0;19.4;3.9;27.08
1981-03-28;-3.88;-0.99;1.9;0.0;19.5;4.1;23.9
1981-03-29;-3.5;1.05;5.6;0.0;18.9;2.5;29.3
1981-03-30;1.7;4.85;8.0;0.0;13.9;2.7;47.6
1981-03-31;-0.7;3.35;7.4;0.0;17.2;1.6;40.7
1981-04-01;0.0;3.85;7.7;2.4;8.1;3.3;48.1
1981-04-02;3.1;5.05;7.0;0.0;11.8;4.6;53.1
1981-04-03;5.0;6.4;7.8;1.7;3.4;4.2;84.4
1981-04-04;6.1;8.45;10.8;3.7;6.7;4.3;67.2
1981-04-05;1.2;3.85;6.5;0.0;10.3;5.8;39.2
1981-04-06;1.2;3.9;6.6;0.0;13.7;5.0;52.7
1981-04-07;1.8;4.09;6.39;0.0;12.0;4.0;55.5
1981-04-08;0.1;3.0;5.9;0.0;11.3;4.0;61.2
1981-04-09;0.7;3.75;6.8;0.0;10.0;2.6;52.5
1981-04-10;0.0;3.15;6.3;1.9;5.0;1.5;70.2
1981-04-11;3.9;5.73;7.56;2.9;6.9;2.1;82.9
1981-04-12;2.5;5.6;8.7;0.0;13.7;3.1;62.2
1981-04-13;0.1;5.1;10.1;0.0;21.4;1.7;40.99
1981-04-14;0.5;6.85;13.2;1.1;14.0;1.9;43.9
1981-04-15;6.3;11.45;16.6;1.1;14.9;2.7;52.74
1981-04-16;7.8;12.35;16.9;8.6;6.1;3.1;66.8
1981-04-17;8.5;15.35;22.2;1.1;20.8;4.2;40.0
1981-04-18;4.8;10.45;16.1;0.0;21.8;2.1;42.7
1981-04-19;9.1;15.8;22.5;0.0;20.1;2.8;43.8
1981-04-20;10.0;15.75;21.5;1.1;17.6;3.6;51.2
1981-04-21;4.7;11.5;18.3;0.0;23.3;0.9;42.1
1981-04-22;7.1;13.65;20.2;0.0;21.0;1.8;37.7
1981-04-23;6.2;14.0;21.8;0.0;22.8;1.3;38.46
1981-04-24;5.8;14.3;22.8;0.0;22.6;1.2;38.1
1981-04-25;12.1;17.15;22.2;1.1;22.1;2.8;46.74
1981-04-26;7.2;12.9;18.6;4.6;9.8;2.3;76.6
1981-04-27;5.3;10.85;16.4;0.0;18.7;2.1;47.7
1981-04-28;9.4;12.85;16.3;0.0;5.6;4.2;61.0
1981-04-29;6.4;12.6;18.8;0.0;19.6;3.0;49.21
1981-04-30;8.0;11.8;15.6;0.0;16.5;5.1;61.1
1981-05-01;5.3;9.6;13.9;0.0;21.946;1.2;45.1
1981-05-02;4.0;12.35;20.7;0.0;24.703;1.6;36.2
1981-05-03;12.3;16.4;20.5;0.0;15.7;2.6;57.0
1981-05-04;8.9;12.54;16.17;0.0;21.9;3.0;49.7
1981-05-05;6.7;9.85;13.0;0.0;17.0;3.4;54.98
1981-05-06;7.8;12.2;16.6;2.0;22.5;2.6;49.1
1981-05-07;12.5;15.3;18.1;0.0;7.5;3.8;80.2
1981-05-08;7.0;10.4;13.8;0.0;25.7;3.9;48.6
1981-05-09;5.4;9.85;14.3;0.0;19.6;2.6;45.2
1981-05-10;5.6;12.2;18.8;0.0;24.801;1.6;40.7
1981-05-11;3.4;12.65;21.9;0.0;24.9;1.3;38.0
1981-05-12;10.4;16.9;23.4;2.9;13.2;2.3;45.4
1981-05-13;5.0;9.85;14.7;0.0;25.6;3.0;51.7
1981-05-14;4.9;9.7;14.5;0.0;8.6;3.4;60.9
1981-05-15;6.9;10.0;13.1;0.0;18.4;4.9;49.1
1981-05-16;4.8;7.2;9.6;4.0;20.3;3.9;42.7
1981-05-17;5.3;7.2;9.1;0.0;17.6;3.3;61.5
1981-05-18;2.3;5.6;8.9;3.8;10.3;2.2;76.5
1981-05-19;5.2;8.2;11.2;0.0;14.4;4.2;63.7
1981-05-20;2.5;7.9;13.3;0.0;24.69;1.5;41.95
1981-05-21;8.5;11.15;13.8;3.31;6.2;3.5;69.98
1981-05-22;6.7;8.4;10.1;0.0;14.6;4.5;55.4
1981-05-23;6.5;8.25;10.0;0.0;14.8;3.8;66.0
1981-05-24;4.2;8.25;12.3;0.0;15.1;2.4;55.8
1981-05-25;1.1;8.55;16.0;0.0;24.3;0.8;38.2
1981-05-26;7.4;14.1;20.8;0.0;21.1;2.7;42.31
1981-05-27;11.0;16.8;22.6;0.0;21.5;3.1;44.89
1981-05-28;10.71;16.86;23.0;7.8;22.0;2.3;44.9
1981-05-29;10.0;11.55;13.1;0.0;9.7;4.0;89.0
1981-05-30;8.9;10.8;12.7;0.0;9.9;4.2;60.4
1981-05-31;6.4;10.55;14.7;0.0;16.1;2.0;55.3
1981-06-01;10.9;13.35;15.8;2.02;8.9;1.9;86.0
1981-06-02;8.1;12.35;16.6;0.0;18.1;4.1;55.0
1981-06-03;5.6;8.3;11.0;0.0;20.9;4.1;41.5
1981-06-04;4.7;7.3;9.9;4.4;11.0;2.8;78.8
1981-06-05;8.5;9.9;11.3;2.4;5.9;2.2;88.58
1981-06-06;7.3;13.35;19.4;0.0;22.8;1.5;49.6
1981-06-07;6.1;14.45;22.8;0.0;26.209;1.8;37.53
1981-06-08;12.7;17.45;22.2;10.8;7.0;1.4;64.4
1981-06-09;13.0;17.6;22.2;0.0;16.4;1.2;62.3
1981-06-10;13.3;17.2;21.1;1.5;8.2;0.7;79.0
1981-06-11;14.5;18.35;22.2;3.5;9.9;1.6;82.3
1981-06-12;12.8;16.5;20.2;13.4;7.6;1.3;86.6
1981-06-13;11.1;16.45;21.8;0.0;19.7;0.8;61.2
1981-06-14;12.3;15.05;17.8;1.7;11.6;1.8;87.4
1981-06-15;11.5;15.95;20.4;0.0;15.2;2.2;58.7
1981-06-16;8.5;15.95;23.4;0.0;25.603;1.4;46.6
1981-06-17;7.2;15.95;24.7;0.0;24.7;0.3;46.1
1981-06-18;12.3;15.9;19.5;12.9;9.5;2.5;88.3
1981-06-19;10.8;13.75;16.7;9.0;14.2;3.6;79.2
1981-06-20;13.1;15.95;18.8;0.0;10.3;2.9;84.3
1981-06-21;12.7;16.65;20.6;0.0;28.6;3.8;52.3
1981-06-22;10.3;14.7;19.1;0.0;25.887;3.8;44.0
1981-06-23;8.7;14.2;19.7;0.0;26.002;2.9;43.7
1981-06-24;7.4;14.15;20.9;0.0;23.6;1.1;44.3
1981-06-25;7.4;14.8;22.2;0.0;23.6;1.1;44.8
1981-06-26;6.4;15.05;23.7;0.0;25.7;0.6;41.0
1981-06-27;8.9;13.25;17.6;0.0;15.7;2.7;65.5
1981-06-28;5.57;12.38;19.2;0.0;29.3;2.7;39.4
1981-06-29;8.0;12.15;16.3;0.0;21.313;2.2;48.6
1981-06-30;6.2;9.47;12.74;3.5;6.4;2.5;83.35
1981-07-01;6.1;11.6;17.1;0.0;20.866;2.1;46.8
1981-07-02;7.6;12.6;17.6;1.5;15.986;2.0;52.1
1981-07-03;8.9;11.7;14.5;4.9;10.2;3.1;81.8
1981-07-04;9.6;12.85;16.1;0.0;20.8;3.2;54.1
1981-07-05;9.1;11.85;14.6;0.0;16.6;3.5;55.8
1981-07-06;6.7;12.75;18.8;0.0;25.1;1.4;46.3
1981-07-07;11.7;13.35;15.0;0.0;2.912;1.0;87.09
1981-07-08;12.2;15.5;18.8;0.0;10.4;0.9;72.7
1981-07-09;9.6;15.7;21.8;0.0;25.6;1.5;46.1
1981-07-10;7.8;14.9;22.0;0.0;18.9;1.0;45.09
1981-07-11;12.7;17.9;23.1;4.5;11.6;1.8;50.0
1981-07-12;13.7;18.75;23.8;0.0;25.7;2.1;46.1
1981-07-13;11.59;18.39;25.2;0.0;23.6;1.4;41.0
1981-07-14;12.0;17.87;23.73;0.0;21.4;1.6;51.0
1981-07-15;17.1;22.65;28.2;0.0;29.4;2.5;39.0
1981-07-16;15.6;19.7;23.8;0.0;18.2;2.2;57.1
1981-07-17;13.2;17.65;22.1;0.0;16.2;2.6;50.7
1981-07-18;11.1;17.0;22.9;0.0;19.6;2.2;47.4
1981-07-19;12.9;18.5;24.1;6.1;8.1;2.9;60.88
1981-07-20;15.0;19.1;23.2;2.8;18.1;4.7;56.8
1981-07-21;13.7;18.4;23.1;0.0;20.4;5.3;48.3
1981-07-22;15.1;18.7;22.3;9.1;7.6;3.9;78.2
1981-07-23;15.3;21.75;28.2;0.0;25.8;2.7;46.8
1981-07-24;14.0;17.9;21.8;3.8;6.1;0.8;88.76
1981-07-25;14.1;17.75;21.4;0.0;8.7;0.6;84.6
1981-07-26;13.4;17.35;21.3;0.0;16.2;2.4;61.4
1981-07-27;10.1;15.6;21.1;0.0;19.9;2.4;48.98
1981-07-28;6.3;14.1;21.9;0.0;21.9;0.8;51.7
1981-07-29;12.9;17.86;22.82;0.0;14.9;2.5;69.0
1981-07-30;11.3;16.61;21.91;0.0;7.7;1.7;78.03
1981-07-31;16.1;19.3;22.5;11.0;3.7;2.2;88.0
1981-08-01;13.1;16.9;20.7;0.0;17.2;2.6;64.9
1981-08-02;12.3;15.3;18.3;1.7;6.7;3.5;72.01
1981-08-03;11.3;15.05;18.8;1.5;10.8;1.8;75.7
1981-08-04;14.6;18.8;23.0;2.0;7.0;2.5;67.2
1981-08-05;13.9;18.2;22.5;0.0;8.2;1.7;67.2
1981-08-06;11.5;16.3;21.1;0.0;11.0;2.3;65.6
1981-08-07;8.8;15.1;21.4;0.0;18.6;1.1;47.5
1981-08-08;15.6;19.0;22.4;0.0;3.4;1.4;79.4
1981-08-09;15.8;20.4;25.0;0.0;9.0;0.6;71.0
1981-08-10;16.5;21.0;25.5;0.0;16.1;3.1;61.5
1981-08-11;15.0;17.75;20.5;0.0;8.9;3.4;68.6
1981-08-12;15.1;19.6;24.1;0.0;15.3;2.8;47.7
1981-08-13;15.2;19.8;24.4;4.6;14.9;3.4;59.61
1981-08-14;14.0;18.25;22.5;12.9;3.0;3.9;86.54
1981-08-15;11.5;17.4;23.3;0.0;18.0;1.7;64.5
1981-08-16;15.7;17.1;18.5;2.9;2.2;3.7;93.88
1981-08-17;15.2;17.05;18.9;4.4;2.6;3.2;91.4
1981-08-18;15.1;18.05;21.0;0.0;9.8;2.3;70.12
1981-08-19;13.4;17.15;20.9;0.0;13.1;3.0;54.2
1981-08-20;12.3;14.6;16.9;8.6;2.8;2.2;87.8
1981-08-21;12.5;16.4;20.3;0.0;13.5;1.2;63.5
1981-08-22;11.6;16.55;21.5;0.0;17.9;1.7;61.8
1981-08-23;12.7;16.8;20.9;0.0;8.8;0.8;76.41
1981-08-24;12.6;17.25;21.9;0.0;13.4;2.0;54.9
1981-08-25;13.6;17.65;21.7;2.0;12.8;1.6;53.4
1981-08-26;13.4;16.75;20.1;3.0;12.0;2.5;70.7
1981-08-27;10.1;13.85;17.6;0.0;10.1;2.8;59.4
1981-08-28;7.3;12.15;17.0;0.0;10.5;2.3;58.39
1981-08-29;13.9;17.35;20.8;13.71;8.9;2.6;77.61
1981-08-30;13.7;16.85;20.0;0.0;10.6;5.0;61.0
1981-08-31;12.6;16.4;20.2;10.6;4.6;3.8;70.7
1981-09-01;12.5;16.1;19.7;1.66;14.0;5.6;74.3
1981-09-02;11.5;15.0;18.5;2.8;9.5;3.8;67.3
1981-09-03;13.5;16.9;20.3;0.0;8.1;3.4;72.6
1981-09-04;10.8;15.8;20.8;0.0;5.2;2.4;66.7
1981-09-05;8.4;15.35;22.3;0.0;19.4;1.6;45.8
1981-09-06;13.5;17.55;21.6;0.0;9.3;4.6;55.7
1981-09-07;13.8;16.95;20.1;0.0;17.5;4.7;45.78
1981-09-08;13.9;15.5;17.1;2.0;2.9;2.2;90.25
1981-09-09;14.7;18.85;23.0;0.0;9.4;1.8;64.5
1981-09-10;12.8;18.55;24.3;6.1;12.2;4.6;53.1
1981-09-11;10.9;12.6;14.3;3.5;8.6;4.1;72.6
1981-09-12;10.3;12.85;15.4;0.0;9.9;3.1;58.8
1981-09-13;11.9;13.25;14.6;3.0;2.4;3.2;89.31
1981-09-14;11.5;14.45;17.4;5.3;6.5;2.8;70.6
1981-09-15;10.7;14.3;17.9;6.4;11.6;3.9;63.3
1981-09-16;9.0;12.85;16.7;2.31;10.3;4.6;60.4
1981-09-17;8.1;12.15;16.2;0.0;11.9;2.6;64.6
1981-09-18;10.5;13.05;15.6;1.1;10.0;3.8;74.0
1981-09-19;11.2;13.99;16.79;1.7;7.1;2.3;87.5
1981-09-20;10.4;13.35;16.3;1.2;10.6;4.7;62.3
1981-09-21;10.1;12.79;15.48;1.1;11.8;4.5;57.0
1981-09-22;9.2;12.05;14.9;0.0;8.8;3.7;69.6
1981-09-23;8.3;12.4;16.5;0.0;10.8;2.4;61.9
1981-09-24;4.3;8.3;12.3;2.9;5.2;1.6;78.7
1981-09-25;3.8;8.1;12.4;0.0;7.3;1.4;63.15
1981-09-26;4.7;7.9;11.1;0.0;11.9;1.4;49.7
1981-09-27;2.9;7.85;12.8;0.0;16.6;2.1;38.6
1981-09-28;5.5;10.15;14.8;4.0;6.4;3.4;60.4
1981-09-29;7.9;12.0;16.1;1.2;9.4;2.3;66.2
1981-09-30;5.6;11.75;17.9;0.0;11.4;1.0;50.4
1981-10-01;6.5;12.3;18.1;0.0;10.089;1.1;53.2
1981-10-02;7.2;11.4;15.6;0.0;9.1;2.1;66.6
1981-10-03;8.7;11.4;14.1;2.4;2.0;3.2;74.9
1981-10-04;8.4;12.35;16.3;0.0;13.4;4.6;51.1
1981-10-05;9.4;11.85;14.3;5.4;5.7;4.4;75.0
1981-10-06;6.9;9.15;11.4;0.0;7.6;4.0;68.4
1981-10-07;8.4;11.3;14.2;0.0;5.961;5.1;61.39
1981-10-08;6.9;10.9;14.9;0.0;13.7;3.9;48.2
1981-10-09;6.8;11.4;16.0;15.2;1.5;2.8;71.8
1981-10-10;11.9;14.16;16.42;0.0;7.1;3.5;82.2
1981-10-11;9.0;12.35;15.7;0.0;7.3;2.3;68.5
1981-10-12;10.0;14.55;19.1;0.0;6.8;2.1;64.2
1981-10-13;8.5;14.2;19.9;0.0;12.1;3.6;50.1
1981-10-14;10.7;14.25;17.8;1.2;5.8;3.5;84.5
1981-10-15;12.1;15.85;19.6;3.5;6.0;1.8;86.81
1981-10-16;17.3;20.0;22.7;0.0;6.2;3.8;79.5
1981-10-17;17.09;20.89;24.7;0.0;11.1;4.4;63.1
1981-10-18;15.1;18.75;22.4;0.0;10.5;4.1;61.7
1981-10-19;11.7;15.2;18.7;10.3;1.7;2.0;84.7
1981-10-20;10.3;14.45;18.6;0.0;10.1;3.0;59.2
1981-10-21;13.8;17.15;20.5;1.2;3.1;2.6;83.78
1981-10-22;13.0;16.75;20.5;0.0;4.3;3.0;81.0
1981-10-23;12.1;14.45;16.8;0.0;5.4;3.5;65.4
1981-10-24;9.6;13.15;16.7;0.0;7.0;3.2;58.0
1981-10-25;12.0;16.2;20.4;0.0;8.9;4.7;62.3
1981-10-26;10.0;14.05;18.1;9.3;2.9;6.1;63.6
1981-10-27;8.3;10.05;11.8;3.2;4.0;3.0;86.8
1981-10-28;3.3;6.72;10.15;0.0;8.7;2.1;54.5
1981-10-29;0.6;4.05;7.5;0.0;9.0;2.1;44.1
1981-10-30;-2.0;2.4;6.8;0.0;9.0;1.4;48.8
1981-10-31;7.2;10.3;13.4;1.6;3.6;3.2;74.9
1981-11-01;2.9;7.1;11.3;0.0;8.6;1.6;46.9
1981-11-02;4.4;11.25;18.1;4.6;3.0;4.1;46.1
1981-11-03;12.4;14.85;17.3;7.9;2.7;4.1;84.63
1981-11-04;6.8;9.8;12.8;0.0;4.0;4.4;57.2
1981-11-05;4.5;6.2;7.9;0.0;5.9;3.2;57.5
1981-11-06;5.2;8.75;12.3;0.0;5.489;4.5;61.5
1981-11-07;8.2;10.55;12.9;0.0;8.6;4.8;58.5
1981-11-08;5.8;9.24;12.68;0.0;7.6;4.7;49.6
1981-11-09;10.4;11.7;13.0;13.4;1.5;2.8;90.04
1981-11-10;8.7;10.05;11.4;3.2;4.5;2.6;87.9
1981-11-11;8.9;9.22;9.54;3.31;1.1;4.0;91.4
1981-11-12;5.3;8.05;10.8;0.0;4.9;1.6;77.9
1981-11-13;4.9;7.15;9.4;3.8;2.7;3.1;82.1
1981-11-14;6.1;8.6;11.1;2.5;4.7;4.1;66.9
1981-11-15;2.7;5.2;7.7;0.0;6.5;2.3;67.7
1981-11-16;2.7;5.25;7.8;1.6;1.9;4.3;66.9
1981-11-17;4.1;7.1;10.1;0.0;6.8;2.4;70.5
1981-11-18;1.8;5.05;8.3;0.0;5.8;3.0;63.19
1981-11-19;6.2;8.0;9.8;1.84;4.3;3.5;76.5
1981-11-20;9.5;11.65;13.8;0.0;5.4;5.7;57.1
1981-11-21;7.9;10.95;14.0;0.0;6.4;3.9;53.6
1981-11-22;8.0;11.9;15.8;0.0;4.6;3.0;68.2
1981-11-23;6.1;9.0;11.9;0.0;5.6;3.1;78.9
1981-11-24;10.9;12.65;14.4;0.0;3.5;6.0;77.8
1981-11-25;11.3;12.53;13.76;0.0;1.7;5.2;85.6
1981-11-26;9.3;10.55;11.8;2.0;2.0;3.6;86.73
1981-11-27;6.9;8.5;10.1;0.0;3.5;3.8;81.2
1981-11-28;4.8;7.2;9.6;1.2;5.5;2.9;73.9
1981-11-29;5.4;6.55;7.7;0.0;3.4;3.8;71.6
1981-11-30;1.5;3.65;5.8;2.0;4.8;3.7;59.3
1981-12-01;0.1;3.1;6.1;0.0;4.1;4.8;46.5
1981-12-02;-1.1;1.5;4.1;0.0;5.4;1.9;64.4
1981-12-03;0.6;5.05;9.5;3.3;1.5;3.1;57.4
1981-12-04;10.2;11.5;12.8;1.8;3.3;7.0;80.0
1981-12-05;8.6;10.55;12.5;0.0;2.7;7.8;47.3
1981-12-06;7.2;9.65;12.1;6.0;4.1;4.4;71.01
1981-12-07;10.8;13.05;15.3;1.4;1.4;5.6;67.6
1981-12-08;10.1;11.7;13.3;0.0;3.9;5.8;58.5
1981-12-09;6.0;7.9;9.8;0.0;2.9;3.1;77.0
1981-12-10;5.8;7.35;8.9;0.0;4.4;4.3;65.5
1981-12-11;4.1;6.75;9.4;0.0;3.9;3.5;74.3
1981-12-12;9.8;12.35;14.9;2.8;1.0;5.0;87.7
1981-12-13;9.4;10.8;12.2;0.0;2.9;3.6;84.8
1981-12-14;7.1;10.7;14.3;12.7;1.0;3.6;76.0
1981-12-15;9.4;11.3;13.2;0.0;2.7;5.1;68.8
1981-12-16;-0.31;4.25;8.8;0.0;1.8;4.2;59.8
1981-12-17;-3.38;-1.64;0.1;0.0;3.3;6.9;42.3
1981-12-18;-6.43;-3.76;-1.1;0.0;4.1;3.0;36.2
1981-12-19;-3.89;0.35;4.6;8.99;1.9;5.7;55.9
1981-12-20;4.9;8.7;12.5;2.9;1.7;5.7;60.1
1981-12-21;11.1;12.25;13.4;0.0;2.4;5.2;80.9
1981-12-22;8.39;9.89;11.4;2.0;1.7;1.8;86.36
1981-12-23;0.9;4.35;7.8;6.1;2.2;3.9;68.2
1981-12-24;-3.0;-0.8;1.4;3.6;2.1;5.0;65.9
1981-12-25;-6.72;-4.31;-1.9;0.0;4.7;4.0;39.0
1981-12-26;-7.6;-6.34;-5.09;0.0;4.3;1.4;54.68
1981-12-27;-9.53;-5.91;-2.3;0.0;4.2;1.9;51.2
1981-12-28;-3.1;-0.3;2.5;7.5;2.1;2.6;89.6
1981-12-29;2.2;3.3;4.4;1.4;3.3;2.9;86.5
1981-12-30;0.4;2.45;4.5;0.0;2.2;4.9;86.1
1981-12-31;-1.5;0.75;3.0;0.0;3.8;2.7;61.1
1982-01-01;-2.6;-0.3;2.0;0.0;4.6;3.58;65.7
1982-01-02;-3.5;-1.7;0.1;0.0;4.9;4.0;33.43
1982-01-03;-3.4;-0.75;1.9;1.1;3.2;5.2;34.2
1982-01-04;-0.2;2.15;4.5;9.1;1.5;6.7;60.7
1982-01-05;4.2;5.35;6.5;0.0;2.9;3.2;88.0
1982-01-06;-0.4;1.8;4.0;0.0;3.929;2.8;75.5
1982-01-07;-0.4;2.45;5.3;5.1;2.8;5.4;57.2
1982-01-08;4.7;7.15;9.6;9.8;1.4;3.7;74.1
1982-01-09;-0.4;2.1;4.6;8.73;4.6;3.5;78.3
1982-01-10;-2.6;-0.35;1.9;0.0;4.7;0.5;74.3
1982-01-11;-3.9;-1.9;0.1;0.0;3.3;4.1;49.7
1982-01-12;-4.8;-2.85;-0.9;0.0;4.7;2.7;53.3
1982-01-13;-6.7;-1.85;3.0;1.2;2.5;4.1;41.6
1982-01-14;-2.6;0.4;3.4;0.0;2.7;3.7;88.1
1982-01-15;-4.42;-1.36;1.7;0.0;5.0;2.7;66.7
1982-01-16;-2.8;-0.05;2.7;0.0;4.3;3.3;83.7
1982-01-17;-3.8;-0.95;1.9;0.0;4.8;2.2;84.3
1982-01-18;-5.6;-2.05;1.5;0.0;5.2;1.8;81.7
1982-01-19;-6.8;-3.85;-0.9;0.0;6.1;1.7;70.4
1982-01-20;-8.8;-5.55;-2.3;0.0;5.5;2.3;54.9
1982-01-21;-6.14;-3.46;-0.79;0.0;3.6;2.9;62.8
1982-01-22;-5.96;-2.98;0.0;0.0;4.2;3.3;69.3
1982-01-23;-5.11;-2.56;0.0;0.0;5.8;2.2;77.78
1982-01-24;-4.99;-2.27;0.45;0.0;5.9;1.6;75.9
1982-01-25;-5.8;-2.67;0.45;0.0;6.1;2.3;66.6
1982-01-26;-3.8;-1.7;0.4;0.0;3.7;4.1;63.1
1982-01-27;-6.2;-3.05;0.1;0.0;4.3;3.1;76.21
1982-01-28;-6.8;-4.93;-3.07;1.2;5.8;4.1;62.1
1982-01-29;-6.41;-3.66;-0.9;0.0;5.9;1.8;62.2
1982-01-30;-9.96;-7.08;-4.2;0.0;7.0;2.4;79.4
1982-01-31;-10.8;-5.65;-0.5;0.0;5.74;2.2;48.1
1982-02-01;-2.7;-0.2;2.3;1.5;6.8;4.8;83.0
1982-02-02;-0.4;1.5;3.4;0.0;7.0;5.1;80.6
1982-02-03;-3.5;-0.18;3.14;0.0;7.1;3.9;73.3
1982-02-04;1.4;3.0;4.6;0.0;8.7;7.2;68.3
1982-02-05;4.9;6.25;7.6;5.1;1.6;4.0;87.0
1982-02-06;0.6;3.9;7.2;0.0;7.2;1.2;73.7
1982-02-07;2.4;3.75;5.1;0.0;2.2;2.2;87.6
1982-02-08;-1.4;1.85;5.1;0.0;5.8;2.6;67.8
1982-02-09;-3.9;-0.85;2.2;0.0;8.5;0.7;49.8
1982-02-10;-3.35;0.18;3.7;0.0;5.5;2.1;61.1
1982-02-11;-3.8;-0.7;2.4;0.0;7.18;0.9;51.69
1982-02-12;-2.8;-0.8;1.2;0.0;2.2;2.3;68.1
1982-02-13;-3.86;-0.23;3.4;0.0;8.5;1.1;66.6
1982-02-14;-6.2;-2.65;0.9;0.0;9.5;2.2;34.6
1982-02-15;-7.15;-3.13;0.9;0.0;9.6;1.8;34.0
1982-02-16;-3.0;0.31;3.62;4.0;2.7;4.5;70.6
1982-02-17;-4.22;-0.31;3.6;0.0;9.9;1.7;42.9
1982-02-18;-4.0;-0.25;3.5;0.0;10.3;3.8;30.34
1982-02-19;-2.8;0.3;3.4;7.34;1.7;3.5;76.5
1982-02-20;-3.9;0.5;4.9;0.0;8.7;2.4;64.82
1982-02-21;4.3;7.8;11.3;0.0;8.1;3.4;59.3
1982-02-22;5.5;9.6;13.7;2.0;9.3;3.7;63.5
1982-02-23;5.0;9.0;13.0;12.1;6.9;1.8;70.6
1982-02-24;0.9;5.3;9.7;0.0;9.5;2.0;55.0
1982-02-25;-0.1;2.3;4.7;0.0;10.1;2.8;63.4
1982-02-26;0.0;2.35;4.7;0.0;9.0;3.3;51.7
1982-02-27;-0.4;2.8;6.0;0.0;2.8;3.0;69.6
1982-02-28;0.1;3.95;7.8;0.0;9.2;2.6;63.4
1982-03-01;2.9;6.55;10.2;0.0;8.2;1.0;53.8
1982-03-02;3.0;7.35;11.7;0.0;11.6;1.5;48.0
1982-03-03;1.5;5.35;9.2;0.0;7.0;2.4;66.7
1982-03-04;7.8;9.75;11.7;0.0;4.5;3.2;78.3
1982-03-05;10.2;12.55;14.9;6.1;4.2;3.6;81.5
1982-03-06;4.7;7.75;10.8;1.66;13.1;3.0;63.1
1982-03-07;2.4;5.59;8.79;0.0;13.2;2.6;44.9
1982-03-08;5.2;8.4;11.6;5.3;1.9;5.2;81.5
1982-03-09;8.2;10.45;12.7;0.0;10.2;4.2;62.2
1982-03-10;4.9;8.55;12.2;0.0;2.7;3.0;67.0
1982-03-11;4.6;8.8;13.0;0.0;6.5;2.4;63.4
1982-03-12;3.9;10.85;17.8;0.0;15.4;3.0;40.19
1982-03-13;4.0;9.65;15.3;0.0;8.2;3.7;54.8
1982-03-14;0.0;3.5;7.0;0.0;16.0;5.2;32.91
1982-03-15;-0.7;4.7;10.1;0.0;16.0;3.9;25.6
1982-03-16;3.2;9.88;16.57;0.0;15.0;3.2;31.51
1982-03-17;4.3;9.8;15.3;0.0;14.7;3.7;36.3
1982-03-18;9.4;13.0;16.6;0.0;16.4;5.0;38.0
1982-03-19;9.0;12.65;16.3;8.8;2.7;5.3;59.8
1982-03-20;11.1;13.45;15.8;12.9;2.4;3.5;83.6
1982-03-21;1.4;6.13;10.85;4.5;9.7;4.46;44.74
1982-03-22;-0.5;2.5;5.5;0.0;16.9;1.9;40.0
1982-03-23;-2.6;1.15;4.9;0.0;11.8;2.6;44.48
1982-03-24;-2.8;2.25;7.3;0.0;13.7;2.4;44.4
1982-03-25;0.7;4.25;7.8;0.0;8.6;1.9;68.5
1982-03-26;-0.4;5.55;11.5;0.0;17.918;2.4;34.4
1982-03-27;2.3;5.15;8.0;0.0;4.3;3.0;61.7
1982-03-28;1.4;6.15;10.9;0.0;12.6;1.8;46.6
1982-03-29;4.45;7.22;10.0;4.4;3.2;2.8;72.3
1982-03-30;4.6;6.35;8.1;3.0;3.0;2.7;87.7
1982-03-31;3.3;4.75;6.2;1.2;6.7;2.9;71.3
1982-04-01;1.9;8.1;14.3;0.0;18.6;4.0;35.8
1982-04-02;4.2;8.0;11.8;1.1;12.5;3.0;52.7
1982-04-03;3.4;4.65;5.9;1.1;3.3;3.3;79.5
1982-04-04;5.8;8.75;11.7;3.71;9.6;2.5;66.6
1982-04-05;5.4;7.9;10.4;0.0;14.1;2.2;50.0
1982-04-06;7.1;11.5;15.9;1.66;9.0;4.4;45.5
1982-04-07;7.1;10.85;14.6;0.0;13.9;4.1;48.8
1982-04-08;8.0;14.2;20.4;0.0;21.0;3.0;38.3
1982-04-09;7.5;14.3;21.1;1.6;16.6;2.2;44.9
1982-04-10;5.4;12.9;20.4;1.9;15.0;1.0;52.3
1982-04-11;8.43;13.37;18.3;0.0;10.8;1.8;66.8
1982-04-12;7.4;14.95;22.5;1.91;19.0;3.0;40.09
1982-04-13;13.1;15.75;18.4;6.4;9.569;3.3;78.8
1982-04-14;11.8;16.15;20.5;0.0;19.811;1.4;53.9
1982-04-15;9.9;13.45;17.0;0.0;4.6;2.9;78.2
1982-04-16;10.9;15.4;19.9;0.0;11.4;2.8;58.19
1982-04-17;9.7;13.45;17.2;0.0;11.1;3.8;62.0
1982-04-18;10.8;16.55;22.3;1.2;20.8;2.7;46.3
1982-04-19;9.9;14.25;18.6;0.0;10.3;3.2;77.9
1982-04-20;9.7;13.0;16.3;4.9;9.4;3.6;65.5
1982-04-21;8.2;11.75;15.3;0.0;10.8;4.1;55.9
1982-04-22;4.8;6.85;8.9;2.4;12.1;5.9;55.62
1982-04-23;2.7;4.8;6.9;0.0;19.6;4.0;49.2
1982-04-24;6.1;7.9;9.7;3.6;11.1;6.3;66.6
1982-04-25;4.2;9.0;13.8;0.0;16.9;1.4;46.0
1982-04-26;7.7;12.4;17.1;0.0;9.9;3.1;55.9
1982-04-27;9.6;14.15;18.7;13.5;10.3;3.3;78.3
1982-04-28;13.1;15.9;18.7;6.6;10.8;1.5;80.9
1982-04-29;13.8;17.3;20.8;1.2;10.8;1.9;80.7
1982-04-30;8.7;15.2;21.7;9.6;13.1;2.9;62.4
1982-05-01;5.9;10.9;15.9;0.0;23.6;1.7;45.9
1982-05-02;4.6;11.15;17.7;0.0;18.56;1.9;44.09
1982-05-03;7.0;9.96;12.93;0.0;10.9;3.3;74.53
1982-05-04;3.3;7.95;12.6;0.0;21.6;2.4;46.02
1982-05-05;2.5;8.9;15.3;0.0;26.22;1.8;34.6
1982-05-06;4.1;9.9;15.7;0.0;23.3;2.38;40.1
1982-05-07;5.1;7.84;10.58;0.0;18.7;3.6;53.0
1982-05-08;3.6;8.4;13.2;0.0;25.0;3.1;39.5
1982-05-09;1.8;7.4;13.0;0.0;25.5;2.5;38.6
1982-05-10;5.0;7.65;10.3;0.0;9.8;2.4;68.4
1982-05-11;4.9;9.65;14.4;0.0;21.5;1.9;48.3
1982-05-12;6.2;10.45;14.7;0.0;20.2;1.6;53.0
1982-05-13;7.2;9.65;12.1;1.5;8.8;3.7;57.5
1982-05-14;4.2;7.65;11.1;0.0;19.8;3.2;44.7
1982-05-15;1.5;8.1;14.7;0.0;21.6;0.6;35.5
1982-05-16;4.2;10.5;16.8;0.0;28.1;2.3;34.4
1982-05-17;4.7;10.7;16.7;0.0;17.5;2.3;49.1
1982-05-18;10.2;11.1;12.0;8.8;3.1;3.4;89.3
1982-05-19;7.1;11.0;14.9;0.0;24.7;3.2;50.3
1982-05-20;3.8;7.2;10.6;0.0;14.9;2.8;52.27
1982-05-21;1.5;7.3;13.1;0.0;22.8;1.1;37.92
1982-05-22;1.9;8.9;15.9;8.8;16.0;2.0;46.0
1982-05-23;10.7;13.6;16.5;3.45;16.2;4.1;62.5
1982-05-24;10.4;13.45;16.5;0.0;14.6;4.1;67.3
1982-05-25;10.3;14.4;18.5;1.6;12.6;3.7;62.0
1982-05-26;8.7;13.3;17.9;2.7;17.715;3.2;56.6
1982-05-27;6.0;10.25;14.5;2.3;18.6;2.5;68.0
1982-05-28;4.2;10.05;15.9;0.0;12.188;2.4;57.5
1982-05-29;11.4;14.2;17.0;3.58;16.2;2.8;66.9
1982-05-30;10.1;12.65;15.2;7.5;3.8;3.2;90.11
1982-05-31;8.3;11.7;15.1;2.0;16.1;3.9;62.1
1982-06-01;6.3;9.9;13.5;2.5;7.7;2.3;69.1
1982-06-02;8.9;12.9;16.9;0.0;15.291;3.8;54.0
1982-06-03;7.5;10.95;14.4;0.0;14.6;2.9;64.2
1982-06-04;6.9;11.68;16.47;1.1;21.4;2.7;55.1
1982-06-05;11.81;17.5;23.2;4.3;24.4;3.9;46.53
1982-06-06;9.8;14.25;18.7;2.0;14.144;4.2;60.62
1982-06-07;9.0;12.4;15.8;0.0;18.4;3.8;52.09
1982-06-08;8.9;12.1;15.3;3.5;3.6;1.7;83.6
1982-06-09;7.5;12.85;18.2;0.0;14.8;2.34;64.3
1982-06-10;4.3;12.0;19.7;0.0;15.7;1.4;48.3
1982-06-11;13.1;16.8;20.5;0.0;8.7;2.4;80.7
1982-06-12;15.1;18.35;21.6;0.0;6.1;1.1;83.2
1982-06-13;14.6;20.2;25.8;0.0;22.4;1.9;52.72
1982-06-14;12.5;18.05;23.6;5.6;13.5;2.6;63.6
1982-06-15;9.7;13.9;18.1;0.0;22.207;2.7;49.8
1982-06-16;6.6;11.65;16.7;0.0;21.3;2.5;50.3
1982-06-17;5.4;11.3;17.2;0.0;17.4;2.5;52.4
1982-06-18;6.0;12.75;19.5;0.0;18.1;1.4;50.0
1982-06-19;6.4;14.45;22.5;0.0;26.203;1.8;42.7
1982-06-20;10.1;16.35;22.6;0.0;29.6;2.5;42.2
1982-06-21;9.5;16.45;23.4;0.0;30.478;2.7;36.6
1982-06-22;9.8;17.2;24.6;0.0;30.8;2.3;35.5
1982-06-23;9.6;18.4;27.2;0.0;29.4;0.7;37.18
1982-06-24;10.5;18.45;26.4;0.0;28.1;1.3;39.4
1982-06-25;10.8;17.55;24.3;0.0;32.41;1.8;40.0
1982-06-26;11.0;18.7;26.4;0.0;31.107;1.0;37.07
1982-06-27;10.4;14.95;19.5;0.0;14.111;3.4;66.5
1982-06-28;7.6;14.55;21.5;0.0;29.722;1.7;36.6
1982-06-29;5.4;14.65;23.9;0.0;30.4;1.5;34.9
1982-06-30;12.4;17.75;23.11;0.0;16.4;3.3;57.1
1982-07-01;12.3;16.92;21.54;0.0;17.6;3.4;47.1
1982-07-02;11.7;16.95;22.21;0.0;10.3;2.9;53.5
1982-07-03;10.3;15.25;20.2;0.0;18.6;1.9;50.3
1982-07-04;8.5;13.17;17.84;0.0;18.546;2.6;49.5
1982-07-05;6.2;10.65;15.1;0.0;18.7;2.1;44.3
1982-07-06;8.0;12.2;16.4;0.0;11.8;0.9;50.7
1982-07-07;11.2;15.15;19.1;4.4;7.5;2.8;68.0
1982-07-08;12.0;15.4;18.8;3.7;9.475;3.6;77.6
1982-07-09;12.3;15.5;18.7;0.0;14.2;3.23;58.5
1982-07-10;11.2;15.4;19.6;3.3;8.5;3.0;78.3
1982-07-11;13.5;16.05;18.6;4.5;9.6;3.7;83.8
1982-07-12;11.8;16.15;20.5;0.0;17.0;2.9;56.2
1982-07-13;10.6;16.7;22.8;0.0;20.7;1.7;47.5
1982-07-14;15.0;17.85;20.7;1.5;6.7;2.4;84.4
1982-07-15;10.2;15.7;21.2;7.7;12.473;1.9;66.8
1982-07-16;7.3;13.75;20.2;2.4;8.816;2.0;65.2
1982-07-17;14.9;18.05;21.2;0.0;24.7;4.7;59.6
1982-07-18;10.8;14.05;17.3;10.2;9.3;2.6;79.8
1982-07-19;8.4;14.05;19.7;0.0;16.9;2.55;49.6
1982-07-20;7.2;14.85;22.5;0.0;24.4;1.6;42.3
1982-07-21;9.0;16.3;23.6;0.0;20.9;1.1;47.19
1982-07-22;10.1;17.7;25.3;0.0;25.1;0.7;43.5
1982-07-23;10.9;18.8;26.7;0.0;23.888;0.3;41.78
1982-07-24;13.7;20.35;27.0;0.0;18.0;0.4;42.8
1982-07-25;15.0;21.35;27.7;0.0;23.4;1.1;41.8
1982-07-26;14.8;21.86;28.92;0.0;25.902;1.8;37.15
1982-07-27;15.8;23.0;30.2;1.2;25.4;1.9;36.3
1982-07-28;17.3;22.7;28.1;5.5;15.2;1.9;50.4
1982-07-29;16.0;20.8;25.6;4.5;16.8;3.2;45.4
1982-07-30;13.4;17.6;21.8;0.0;21.6;4.0;40.1
1982-07-31;11.3;15.15;19.0;0.0;11.8;2.6;53.0
1982-08-01;10.4;15.3;20.2;0.0;16.6;2.6;49.9
1982-08-02;9.8;15.15;20.5;0.0;18.5;2.2;44.0
1982-08-03;9.3;15.7;22.1;0.0;14.3;2.2;43.9
1982-08-04;13.6;17.6;21.6;13.21;6.6;2.3;70.9
1982-08-05;12.0;15.8;19.6;0.0;16.3;3.2;52.2
1982-08-06;12.4;17.0;21.6;2.0;12.2;2.9;56.9
1982-08-07;11.2;15.2;19.2;2.0;11.3;2.7;70.7
1982-08-08;9.3;13.8;18.3;4.1;10.8;1.4;70.7
1982-08-09;9.7;14.2;18.7;0.0;6.9;2.2;63.0
1982-08-10;13.0;17.35;21.7;1.4;10.6;1.8;70.9
1982-08-11;16.4;19.55;22.7;0.0;13.2;4.6;62.5
1982-08-12;15.4;20.65;25.9;0.0;21.4;2.7;44.5
1982-08-13;12.4;18.35;24.3;1.2;14.9;3.2;51.3
1982-08-14;12.3;16.7;21.1;0.0;8.4;4.7;52.62
1982-08-15;11.3;15.0;18.7;3.7;13.0;3.5;56.2
1982-08-16;9.7;12.85;16.0;0.0;14.0;3.3;58.0
1982-08-17;7.6;13.2;18.8;8.2;7.0;3.1;58.4
1982-08-18;13.9;17.75;21.6;2.5;10.1;3.4;84.5
1982-08-19;13.0;17.35;21.7;0.0;16.4;3.6;54.99
1982-08-20;11.0;16.8;22.6;0.0;17.163;1.3;50.4
1982-08-21;13.7;17.4;21.1;0.0;15.4;2.5;52.94
1982-08-22;8.6;12.45;16.3;0.0;16.3;3.0;44.0
1982-08-23;8.6;13.55;18.5;1.8;6.8;3.5;54.2
1982-08-24;13.48;16.55;19.61;0.0;12.8;4.4;46.4
1982-08-25;10.4;14.55;18.7;0.0;12.473;3.5;45.5
1982-08-26;10.3;15.25;20.2;0.0;14.7;2.2;51.9
1982-08-27;7.5;14.1;20.7;0.0;20.1;1.3;42.3
1982-08-28;6.7;14.5;22.3;0.0;14.9;0.8;38.2
1982-08-29;12.5;18.05;23.6;7.1;13.1;4.0;49.6
1982-08-30;10.7;14.75;18.8;3.0;10.1;4.0;56.21
1982-08-31;9.2;12.55;15.9;2.0;10.3;4.7;63.0
1982-09-01;8.7;11.95;15.2;0.0;13.6;4.5;48.5
1982-09-02;7.6;12.4;17.2;11.7;3.8;2.4;67.4
1982-09-03;8.3;13.05;17.8;0.0;20.2;3.4;48.5
1982-09-04;9.6;13.15;16.7;0.0;15.4;4.1;51.39
1982-09-05;6.8;12.15;17.5;0.0;16.6;1.3;48.7
1982-09-06;6.6;12.95;19.3;0.0;14.5;2.0;41.2
1982-09-07;12.4;16.8;21.21;0.0;11.8;2.3;51.5
1982-09-08;13.4;16.5;19.6;4.6;6.6;3.9;66.6
1982-09-09;12.5;15.18;17.85;0.0;7.8;3.6;57.78
1982-09-10;12.5;15.65;18.8;0.0;9.0;1.3;73.8
1982-09-11;11.5;14.95;18.4;0.0;14.4;2.8;51.1
1982-09-12;11.5;14.1;16.7;0.0;9.4;3.0;48.3
1982-09-13;6.4;11.0;15.6;0.0;17.2;1.2;41.3
1982-09-14;10.2;15.8;21.4;4.1;3.7;4.5;58.7
1982-09-15;15.0;19.6;24.2;5.55;7.6;4.8;61.31
1982-09-16;9.2;12.75;16.3;0.0;18.374;3.2;55.9
1982-09-17;5.9;10.75;15.6;0.0;13.1;1.1;48.4
1982-09-18;3.3;8.55;13.8;0.0;10.9;2.1;46.8
1982-09-19;5.4;8.35;11.3;0.0;10.1;3.2;50.1
1982-09-20;4.6;8.35;12.1;0.0;9.4;1.8;52.3
1982-09-21;1.6;8.25;14.9;0.0;15.4;0.6;41.6
1982-09-22;6.5;12.9;19.3;0.0;16.1;3.5;33.9
1982-09-23;12.2;15.95;19.7;1.1;6.7;3.1;77.9
1982-09-24;9.8;13.45;17.1;3.0;2.7;2.2;84.6
1982-09-25;7.4;12.35;17.3;0.0;8.2;2.9;53.5
1982-09-26;10.1;13.95;17.8;3.9;5.7;4.0;72.9
1982-09-27;14.3;16.85;19.4;8.99;5.4;1.9;88.73
1982-09-28;13.5;16.55;19.6;4.0;5.9;1.0;83.7
1982-09-29;6.4;11.95;17.5;0.0;11.9;2.1;70.5
1982-09-30;6.3;14.35;22.4;2.0;14.4;4.0;40.1
1982-10-01;10.3;14.3;18.3;18.2;10.9;3.0;66.1
1982-10-02;8.3;12.1;15.9;0.0;11.1;4.0;51.6
1982-10-03;10.1;14.45;18.8;5.1;3.1;5.2;66.7
1982-10-04;12.9;16.1;19.3;7.5;5.9;3.4;80.5
1982-10-05;7.8;11.45;15.1;0.0;9.2;2.3;62.08
1982-10-06;8.9;12.7;16.5;5.6;10.1;3.7;55.9
1982-10-07;10.1;12.8;15.5;0.0;3.7;7.7;62.8
1982-10-08;7.9;10.55;13.2;3.66;5.92;5.7;57.5
1982-10-09;9.8;13.75;17.7;0.0;3.3;5.2;63.7
1982-10-10;10.1;13.8;17.5;7.0;2.8;2.8;75.01
1982-10-11;10.0;14.4;18.8;3.6;10.6;3.6;65.8
1982-10-12;9.7;12.79;15.88;1.6;5.9;2.5;84.0
1982-10-13;9.2;13.55;17.9;0.0;10.7;3.5;54.9
1982-10-14;8.4;12.55;16.7;0.0;10.625;2.4;57.8
1982-10-15;8.4;12.45;16.5;0.0;8.7;3.5;57.3
1982-10-16;8.0;11.55;15.1;3.2;7.3;4.0;58.5
1982-10-17;10.4;14.0;17.6;0.0;5.2;5.7;60.0
1982-10-18;7.9;10.65;13.4;0.0;9.4;5.29;44.3
1982-10-19;7.1;10.55;14.0;0.0;10.3;2.8;50.9
1982-10-20;8.6;12.0;15.4;24.96;1.2;2.1;86.4
1982-10-21;13.0;15.25;17.5;6.9;3.3;1.4;87.7
1982-10-22;12.2;14.25;16.3;3.45;3.0;2.1;88.07
1982-10-23;11.1;16.65;22.2;0.0;9.6;1.3;59.1
1982-10-24;11.7;16.5;21.3;7.3;8.6;4.1;61.8
1982-10-25;12.1;16.1;20.1;8.3;6.9;4.7;80.6
1982-10-26;6.8;9.3;11.8;0.0;5.0;3.8;56.2
1982-10-27;6.8;10.3;13.8;0.0;7.1;2.3;48.6
1982-10-28;6.8;11.05;15.3;2.8;2.0;4.4;53.6
1982-10-29;7.2;11.25;15.3;0.0;6.6;2.4;53.7
1982-10-30;6.5;12.5;18.5;1.8;8.6;4.51;54.4
1982-10-31;11.5;14.4;17.3;12.75;1.4;2.9;87.0
1982-11-01;8.5;12.2;15.9;0.0;8.6;1.9;62.6
1982-11-02;4.3;9.7;15.1;0.0;7.8;0.7;47.5
1982-11-03;1.68;7.09;12.5;0.0;7.9;1.1;45.5
1982-11-04;0.7;5.6;10.5;3.7;8.4;2.3;49.6
1982-11-05;4.6;7.6;10.6;0.0;6.1;3.2;79.7
1982-11-06;1.7;5.6;9.5;0.0;7.4;1.7;61.4
1982-11-07;4.9;7.55;10.2;0.0;6.1;1.8;71.7
1982-11-08;5.33;7.42;9.5;3.6;4.5;1.8;84.1
1982-11-09;8.7;9.8;10.9;0.0;2.4;1.8;87.9
1982-11-10;6.6;7.65;8.7;0.0;3.3;2.6;84.0
1982-11-11;2.4;5.4;8.4;0.0;2.8;1.5;81.47
1982-11-12;1.6;5.2;8.8;0.0;4.7;1.7;63.6
1982-11-13;5.8;11.0;16.2;5.5;1.1;4.2;59.3
1982-11-14;10.3;13.2;16.1;0.0;4.7;6.3;59.1
1982-11-15;7.5;9.05;10.6;2.8;2.1;1.7;86.4
1982-11-16;6.7;9.6;12.5;0.0;3.5;4.8;61.6
1982-11-17;5.2;6.6;8.0;0.0;3.4;4.8;66.0
1982-11-18;3.0;5.15;7.3;0.0;6.5;2.3;59.2
1982-11-19;1.8;4.15;6.5;3.8;4.5;3.3;72.6
1982-11-20;1.0;3.05;5.1;0.0;2.5;2.7;82.8
1982-11-21;-0.5;1.8;4.1;0.0;2.8;2.7;87.4
1982-11-22;3.3;7.35;11.4;6.1;1.2;3.9;61.8
1982-11-23;8.1;10.95;13.8;3.4;5.2;3.1;78.5
1982-11-24;9.3;12.5;15.7;8.8;3.0;3.9;78.6
1982-11-25;8.7;10.65;12.61;2.02;3.5;3.7;80.0
1982-11-26;6.8;9.1;11.4;0.0;5.1;4.3;62.4
1982-11-27;4.9;7.05;9.2;0.0;4.9;3.6;64.6
1982-11-28;5.6;8.0;10.4;0.0;5.779;3.2;72.3
1982-11-29;4.7;7.65;10.6;0.0;5.5;5.9;54.94
1982-11-30;5.8;8.95;12.1;3.3;1.7;4.1;85.9
1982-12-01;5.1;6.95;8.8;0.0;2.8;3.0;81.1
1982-12-02;2.2;5.75;9.3;3.9;4.4;2.8;73.3
1982-12-03;1.4;4.34;7.28;0.0;4.2;1.7;68.4
1982-12-04;-0.6;2.8;6.2;0.0;4.3;3.0;72.8
1982-12-05;6.6;8.15;9.7;0.0;4.0;4.1;76.2
1982-12-06;7.2;7.65;8.1;0.0;1.699;5.4;85.9
1982-12-07;5.1;6.4;7.7;0.0;2.3;3.7;81.15
1982-12-08;4.2;5.8;7.4;0.0;3.2;1.1;81.3
1982-12-09;0.7;3.7;6.7;0.0;3.6;1.2;79.6
1982-12-10;0.1;2.95;5.8;0.0;3.7;3.0;71.01
1982-12-11;3.22;4.66;6.1;0.0;3.6;2.5;86.1
1982-12-12;2.1;4.2;6.3;0.0;3.2;4.2;76.2
1982-12-13;1.9;4.05;6.2;10.5;2.6;3.0;83.91
1982-12-14;4.4;6.3;8.2;1.4;3.7;3.6;81.3
1982-12-15;8.7;10.5;12.3;10.7;1.9;5.6;86.4
1982-12-16;7.2;9.9;12.6;3.4;1.7;2.3;88.04
1982-12-17;9.5;11.25;13.0;0.0;2.2;4.2;84.8
1982-12-18;1.7;5.25;8.8;0.0;4.1;1.7;62.6
1982-12-19;0.5;3.4;6.3;0.0;4.2;2.2;66.9
1982-12-20;0.1;2.55;5.0;0.0;4.2;3.2;73.7
1982-12-21;4.7;6.7;8.7;0.0;3.5;3.9;76.2
1982-12-22;3.5;5.9;8.3;0.0;3.4;2.5;80.71
1982-12-23;6.9;8.05;9.2;1.5;1.2;1.0;91.4
1982-12-24;6.7;7.25;7.8;5.0;0.9;4.6;88.8
1982-12-25;4.6;5.55;6.5;4.1;1.2;4.7;87.8
1982-12-26;0.4;2.45;4.5;0.0;3.251;3.1;63.7
1982-12-27;0.4;3.19;5.97;2.0;2.3;2.7;78.6
1982-12-28;-0.9;1.3;3.5;3.31;4.5;3.5;84.4
1982-12-29;0.7;3.15;5.6;2.8;0.5;3.6;86.69
1982-12-30;-0.32;1.59;3.5;0.0;2.3;3.1;84.21
1982-12-31;-0.6;1.1;2.8;0.0;3.8;2.3;86.6
1983-01-01;0.3;4.0;7.7;4.0;2.5;3.9;62.4
1983-01-02;-0.2;2.25;4.7;0.0;3.4;3.0;80.6
1983-01-03;1.7;4.5;7.3;1.6;2.6;3.9;66.5
1983-01-04;2.4;5.0;7.6;8.3;2.7;7.0;73.0
1983-01-05;6.1;6.45;6.8;2.3;1.6;7.0;86.3
1983-01-06;2.7;4.7;6.7;0.0;3.3;2.6;83.6
1983-01-07;3.5;5.75;8.0;1.2;2.2;3.5;81.0
1983-01-08;-0.4;2.25;4.9;0.0;4.1;2.7;66.9
1983-01-09;-0.4;1.9;4.2;4.6;2.1;4.2;67.3
1983-01-10;0.4;2.7;5.0;0.0;4.0;2.4;84.2
1983-01-11;-1.1;2.0;5.1;0.0;4.4;2.5;73.7
1983-01-12;-1.9;0.7;3.3;0.0;4.2;1.7;81.9
1983-01-13;-1.2;1.15;3.5;3.0;3.3;3.8;81.1
1983-01-14;0.6;2.6;4.6;0.0;4.7;2.4;84.87
1983-01-15;0.3;2.25;4.2;0.0;1.5;3.0;86.76
1983-01-16;-1.5;1.35;4.2;3.0;4.2;2.6;83.6
1983-01-17;4.2;7.1;10.0;4.6;2.5;2.2;75.42
1983-01-18;6.8;8.95;11.1;0.0;4.1;1.4;81.0
1983-01-19;7.9;9.85;11.8;0.0;3.0;3.4;81.3
1983-01-20;6.7;9.4;12.1;0.0;5.9;3.2;66.68
1983-01-21;6.5;9.55;12.6;0.0;6.1;3.3;60.6
1983-01-22;7.0;8.9;10.8;0.0;3.7;2.9;79.9
1983-01-23;8.5;9.8;11.1;0.0;2.7;3.0;85.7
1983-01-24;5.1;7.85;10.6;0.0;2.7;3.4;80.3
1983-01-25;-0.2;3.05;6.3;0.0;2.9;2.1;79.7
1983-01-26;-0.5;2.15;4.8;0.0;6.3;2.3;68.71
1983-01-27;3.3;3.8;4.3;6.4;2.0;3.1;89.6
1983-01-28;-0.8;1.1;3.0;0.0;5.499;5.7;52.0
1983-01-29;-2.32;0.04;2.4;0.0;6.4;0.6;67.51
1983-01-30;-3.5;-1.29;0.91;0.0;7.4;2.2;30.7
1983-01-31;-2.0;0.25;2.5;0.0;6.6;3.1;50.73
1983-02-01;0.7;3.45;6.2;1.6;2.6;4.2;72.4
1983-02-02;5.1;6.95;8.8;0.0;3.2;4.6;64.0
1983-02-03;6.4;8.4;10.4;1.4;6.7;2.7;76.86
1983-02-04;2.8;6.6;10.4;0.0;7.8;2.7;62.2
1983-02-05;1.1;5.25;9.4;2.0;5.8;1.1;68.2
1983-02-06;3.3;6.35;9.4;7.0;5.3;2.0;74.9
1983-02-07;4.6;5.75;6.9;0.0;2.5;1.0;88.6
1983-02-08;-0.5;2.05;4.6;1.2;4.5;3.6;84.3
1983-02-09;-2.5;0.25;3.0;0.0;8.3;1.1;57.1
1983-02-10;-3.7;-0.6;2.5;0.0;9.0;2.5;40.4
1983-02-11;-3.9;-0.7;2.5;1.2;6.8;2.8;51.2
1983-02-12;-6.99;-3.5;0.0;0.0;9.0;1.1;67.9
1983-02-13;-4.8;-0.75;3.3;0.0;9.6;3.0;48.1
1983-02-14;-5.1;-0.6;3.9;0.0;8.6;1.9;65.8
1983-02-15;-5.9;-1.9;2.1;0.0;10.6;0.9;53.9
1983-02-16;-5.6;-1.05;3.5;1.39;9.5;2.3;55.6
1983-02-17;-2.5;0.3;3.1;0.0;6.055;3.8;67.7
1983-02-18;-0.5;1.5;3.5;0.0;5.0;4.2;82.24
1983-02-19;-1.4;1.55;4.5;0.0;2.9;3.2;84.4
1983-02-20;3.82;7.31;10.8;0.0;9.5;3.3;56.1
1983-02-21;2.7;6.6;10.5;0.0;10.0;4.5;51.5
1983-02-22;4.8;7.05;9.3;9.3;1.8;3.6;88.2
1983-02-23;0.8;5.3;9.8;0.0;10.6;1.8;46.8
1983-02-24;4.9;7.45;10.0;0.0;8.368;1.4;63.1
1983-02-25;3.91;6.86;9.8;4.0;8.4;3.6;67.4
1983-02-26;5.4;7.1;8.8;4.3;3.6;2.6;88.74
1983-02-27;4.2;7.9;11.6;0.0;7.3;3.4;60.63
1983-02-28;2.2;7.15;12.1;0.0;11.4;2.2;48.9
1983-03-01;3.4;5.8;8.2;1.2;4.4;3.0;78.3
1983-03-02;4.1;6.45;8.8;0.0;10.4;1.67;66.4
1983-03-03;3.2;5.2;7.2;0.0;5.1;2.3;75.55
1983-03-04;0.8;2.8;4.8;0.0;9.3;5.7;45.8
1983-03-05;-1.5;0.95;3.4;0.0;13.7;6.4;29.6
1983-03-06;-2.8;0.85;4.5;0.0;14.2;4.5;23.9
1983-03-07;-1.9;1.85;5.6;0.0;12.1;3.6;30.2
1983-03-08;0.4;4.5;8.6;0.0;11.0;1.4;51.6
1983-03-09;-0.2;4.45;9.1;0.0;11.0;1.0;48.1
1983-03-10;2.7;5.6;8.5;0.0;8.151;1.2;61.8
1983-03-11;1.7;6.35;11.0;0.0;8.9;2.5;48.8
1983-03-12;4.2;7.4;10.6;0.0;2.8;3.0;77.6
1983-03-13;0.81;5.75;10.7;0.0;10.8;1.2;48.8
1983-03-14;4.7;6.75;8.8;0.0;8.2;3.6;63.1
1983-03-15;2.8;5.6;8.4;0.0;8.7;3.1;55.0
1983-03-16;0.0;3.8;7.6;0.0;11.8;3.3;47.3
1983-03-17;-2.1;0.7;3.5;0.0;13.5;5.0;33.9
1983-03-18;-4.2;-1.5;1.2;0.0;16.7;4.1;25.3
1983-03-19;-3.8;-0.8;2.2;0.0;16.5;3.22;27.51
1983-03-20;-3.5;0.4;4.3;0.0;14.546;1.9;41.9
1983-03-21;0.8;3.5;6.2;0.0;9.0;3.0;68.4
1983-03-22;1.6;4.4;7.2;0.0;9.4;3.6;49.5
1983-03-23;-0.7;2.8;6.3;1.2;10.4;2.8;64.1
1983-03-24;0.7;2.9;5.1;2.7;12.0;6.1;64.48
1983-03-25;-1.1;1.9;4.9;0.0;12.0;4.5;48.5
1983-03-26;-2.6;1.5;5.6;0.0;12.7;1.9;50.7
1983-03-27;2.8;5.7;8.6;0.0;10.9;0.9;66.2
1983-03-28;1.9;5.95;10.0;0.0;13.1;1.8;47.57
1983-03-29;1.6;6.55;11.5;0.0;18.6;3.4;34.8
1983-03-30;1.1;5.4;9.7;0.0;18.8;3.3;37.8
1983-03-31;0.8;6.11;11.42;0.0;19.2;3.0;33.8
1983-04-01;1.0;7.5;14.0;0.0;16.3;1.1;40.7
1983-04-02;5.0;10.35;15.7;0.0;15.7;1.7;47.4
1983-04-03;6.5;11.7;16.9;0.0;15.5;2.9;44.5
1983-04-04;3.8;9.45;15.1;0.0;15.8;1.5;49.2
1983-04-05;7.1;11.3;15.5;4.78;11.9;4.5;56.77
1983-04-06;10.4;12.6;14.8;0.0;6.8;2.7;83.6
1983-04-07;9.9;14.85;19.8;1.8;16.2;1.8;49.4
1983-04-08;6.7;11.7;16.7;8.2;7.74;0.9;72.8
1983-04-09;10.5;12.9;15.3;3.5;6.4;2.1;83.7
1983-04-10;8.8;13.15;17.5;4.1;8.7;1.0;65.6
1983-04-11;8.6;12.5;16.4;0.0;17.9;3.2;45.8
1983-04-12;8.7;11.85;15.0;0.0;10.1;2.9;52.2
1983-04-13;8.4;10.25;12.1;3.8;4.9;2.6;81.51
1983-04-14;6.5;9.5;12.5;4.4;6.7;2.6;77.0
1983-04-15;8.0;11.15;14.3;0.0;13.1;2.3;68.6
1983-04-16;8.8;13.2;17.6;9.0;10.8;2.3;60.7
1983-04-17;6.0;10.95;15.9;2.22;15.4;1.7;56.0
1983-04-18;7.2;9.4;11.6;0.0;8.8;1.5;77.3
1983-04-19;4.0;7.85;11.7;0.0;12.0;0.8;64.1
1983-04-20;3.3;7.4;11.5;0.0;12.7;2.6;53.62
1983-04-21;4.5;9.15;13.8;0.0;17.5;2.7;52.7
1983-04-22;4.4;11.6;18.8;0.0;22.2;2.4;39.5
1983-04-23;9.0;13.85;18.7;6.0;11.012;3.2;61.8
1983-04-24;7.4;13.55;19.7;6.4;13.4;1.7;57.0
1983-04-25;7.8;10.3;12.8;10.8;12.8;4.6;71.7
1983-04-26;6.2;9.25;12.3;0.0;10.4;2.2;69.5
1983-04-27;3.3;9.75;16.2;0.0;13.05;1.0;52.6
1983-04-28;11.5;15.25;19.0;0.0;13.4;1.3;57.5
1983-04-29;8.9;15.15;21.4;0.0;23.3;2.7;43.7
1983-04-30;9.9;15.05;20.2;0.0;12.1;3.5;56.3
1983-05-01;6.1;12.95;19.8;0.0;24.4;2.4;44.5
1983-05-02;11.7;15.85;20.0;3.3;9.6;3.1;67.4
1983-05-03;9.4;13.85;18.3;0.0;12.0;2.6;59.6
1983-05-04;8.3;12.25;16.2;5.6;10.9;3.7;73.3
1983-05-05;12.3;13.95;15.6;0.0;11.3;6.4;55.1
1983-05-06;9.1;12.55;16.0;0.0;15.7;4.0;49.16
1983-05-07;7.3;12.59;17.87;2.0;18.0;2.1;52.72
1983-05-08;8.9;11.1;13.3;3.71;7.9;2.4;84.0
1983-05-09;5.4;10.35;15.3;0.0;16.6;1.1;53.4
1983-05-10;5.3;10.13;14.96;0.0;14.0;2.3;57.6
1983-05-11;10.3;12.85;15.4;3.9;7.873;2.4;83.4
1983-05-12;7.9;11.4;14.9;1.2;19.0;2.9;56.8
1983-05-13;5.01;9.86;14.7;0.0;18.861;0.9;57.2
1983-05-14;3.9;8.81;13.73;0.0;15.5;1.9;54.1
1983-05-15;1.87;8.19;14.5;0.0;18.8;0.7;48.8
1983-05-16;3.3;9.45;15.6;0.0;22.2;1.1;44.4
1983-05-17;2.6;10.0;17.4;0.0;21.0;1.0;47.2
1983-05-18;5.8;10.05;14.3;4.5;5.714;3.2;85.1
1983-05-19;4.9;9.65;14.4;1.39;10.5;1.6;74.1
1983-05-20;7.9;10.7;13.5;0.0;16.0;3.8;62.3
1983-05-21;7.7;12.65;17.6;0.0;16.546;1.4;45.2
1983-05-22;7.6;13.05;18.5;5.4;17.297;3.2;47.9
1983-05-23;8.6;14.6;20.6;0.0;27.801;2.0;46.5
1983-05-24;10.3;12.95;15.6;2.31;5.2;3.4;70.1
1983-05-25;8.8;11.85;14.9;3.5;8.8;1.4;73.61
1983-05-26;7.5;12.55;17.6;10.7;12.8;1.7;65.1
1983-05-27;5.0;8.5;12.0;1.4;10.0;3.6;76.9
1983-05-28;3.86;8.98;14.1;0.0;19.2;1.6;46.0
1983-05-29;3.2;8.95;14.7;2.46;18.1;1.3;56.71
1983-05-30;8.2;12.3;16.4;1.4;13.7;0.9;69.6
1983-05-31;6.1;11.87;17.64;0.0;24.0;0.9;45.4
1983-06-01;8.2;14.4;20.6;0.0;19.0;1.2;48.6
1983-06-02;12.6;16.55;20.5;1.1;20.8;1.6;72.1
1983-06-03;8.3;13.0;17.7;3.9;7.5;1.5;82.9
1983-06-04;6.3;14.05;21.8;0.0;20.9;0.7;47.6
1983-06-05;10.7;17.75;24.8;0.0;30.8;2.7;40.4
1983-06-06;13.8;20.6;27.4;1.2;27.301;3.2;38.2
1983-06-07;16.0;20.55;25.1;0.0;18.5;1.5;65.0
1983-06-08;12.69;17.64;22.6;9.3;10.6;0.7;79.7
1983-06-09;13.3;16.55;19.8;0.0;10.644;2.2;80.7
1983-06-10;11.5;17.25;23.0;4.1;21.9;3.1;48.1
1983-06-11;15.2;19.95;24.7;4.1;19.4;3.42;56.0
1983-06-12;13.3;18.15;23.0;1.2;19.6;3.2;55.3
1983-06-13;11.5;18.2;24.9;3.8;20.6;1.7;51.4
1983-06-14;16.4;21.3;26.2;2.5;20.9;3.0;53.5
1983-06-15;14.1;18.2;22.3;0.0;17.4;3.3;64.1
1983-06-16;12.6;16.55;20.5;0.0;16.9;2.3;63.6
1983-06-17;10.8;15.95;21.1;0.0;23.0;2.3;52.4
1983-06-18;7.8;15.35;22.9;0.0;29.4;1.2;39.41
1983-06-19;10.4;16.7;23.0;0.0;22.3;1.4;50.9
1983-06-20;13.4;19.7;26.0;0.0;26.003;2.3;44.9
1983-06-21;15.1;21.65;28.2;0.0;27.9;3.1;39.1
1983-06-22;16.3;21.85;27.4;1.7;24.7;2.3;50.6
1983-06-23;14.2;21.7;29.2;0.0;29.7;1.8;36.4
1983-06-24;15.21;21.61;28.0;0.0;28.6;2.3;39.5
1983-06-25;15.0;20.15;25.3;0.0;27.702;3.4;38.6
1983-06-26;11.3;15.85;20.4;0.0;30.848;4.3;34.1
1983-06-27;7.8;13.5;19.2;0.0;23.3;1.4;40.7
1983-06-28;5.5;13.4;21.3;0.0;19.7;1.0;41.4
1983-06-29;8.3;13.65;19.0;0.0;20.0;1.9;48.8
1983-06-30;5.9;12.4;18.9;0.0;22.3;1.6;47.19
1983-07-01;10.1;11.0;11.9;18.76;5.0;3.6;90.8
1983-07-02;8.9;10.77;12.63;6.66;15.2;4.5;82.59
1983-07-03;7.6;10.95;14.3;0.0;15.4;3.2;52.0
1983-07-04;6.9;12.65;18.4;0.0;17.1;0.9;47.0
1983-07-05;9.9;15.4;20.9;0.0;27.87;3.0;38.2
1983-07-06;11.6;14.4;17.2;1.5;13.9;3.9;53.2
1983-07-07;10.1;14.55;19.0;0.0;21.1;1.1;39.4
1983-07-08;9.0;17.65;26.3;0.0;28.636;3.2;32.7
1983-07-09;15.5;20.2;24.9;0.0;20.8;2.3;56.4
1983-07-10;12.9;17.7;22.5;0.0;21.7;1.0;49.0
1983-07-11;10.8;17.1;23.4;0.0;21.5;1.6;38.6
1983-07-12;12.4;18.15;23.9;0.0;25.7;2.5;38.5
1983-07-13;14.1;19.1;24.1;0.0;22.7;4.1;36.0
1983-07-14;14.0;19.35;24.7;0.0;22.82;4.6;41.8
1983-07-15;12.2;17.0;21.8;0.0;28.699;5.0;36.6
1983-07-16;9.46;15.53;21.6;0.0;27.8;3.6;34.6
1983-07-17;9.6;16.45;23.3;0.0;28.8;2.7;35.6
1983-07-18;9.1;16.05;23.0;0.0;23.2;2.0;39.5
1983-07-19;8.5;15.6;22.7;0.0;13.3;0.8;46.08
1983-07-20;10.5;16.35;22.2;0.0;13.5;2.1;51.8
1983-07-21;12.9;19.35;25.8;0.0;14.9;2.1;42.5
1983-07-22;13.8;18.15;22.5;0.0;17.1;2.5;50.7
1983-07-23;13.7;17.8;21.9;0.0;11.489;3.6;52.2
1983-07-24;16.2;21.55;26.9;0.0;24.9;4.5;36.0
1983-07-25;18.1;21.4;24.7;0.0;19.5;2.7;46.14
1983-07-26;11.1;17.46;23.83;0.0;23.0;1.7;36.8
1983-07-27;7.0;15.2;23.4;0.0;20.8;0.6;36.74
1983-07-28;12.0;17.1;22.2;0.0;15.7;1.7;41.3
1983-07-29;10.1;15.35;20.6;0.0;19.7;2.5;39.94
1983-07-30;12.4;16.75;21.1;1.4;9.1;3.1;54.5
1983-07-31;12.5;16.4;20.3;0.0;14.2;3.5;50.0
1983-08-01;8.42;14.01;19.6;0.0;16.9;2.7;39.5
1983-08-02;4.8;13.45;22.1;4.6;20.2;0.9;39.9
1983-08-03;11.2;16.45;21.69;0.0;8.7;2.5;63.1
1983-08-04;10.3;15.15;20.0;0.0;15.2;1.5;59.1
1983-08-05;10.7;15.55;20.4;0.0;14.7;1.8;55.0
1983-08-06;14.4;17.25;20.1;0.0;11.2;3.9;60.0
1983-08-07;11.5;15.85;20.2;4.1;9.2;4.1;57.1
1983-08-08;10.8;15.55;20.3;0.0;10.8;3.2;56.2
1983-08-09;12.3;15.8;19.3;4.6;6.6;2.4;80.6
1983-08-10;12.3;17.35;22.4;0.0;10.803;2.3;75.6
1983-08-11;14.8;17.95;21.1;0.0;14.8;3.7;62.2
1983-08-12;12.2;16.45;20.7;0.0;11.8;1.5;50.0
1983-08-13;8.5;15.25;22.0;0.0;21.0;1.5;39.5
1983-08-14;10.6;16.5;22.4;0.0;20.6;2.9;37.7
1983-08-15;9.6;15.9;22.2;0.0;23.5;3.6;34.2
1983-08-16;9.7;17.0;24.3;0.0;23.2;3.3;31.64
1983-08-17;11.3;19.15;27.0;0.0;22.5;2.0;32.7
1983-08-18;12.37;19.93;27.5;0.0;22.135;2.3;35.8
1983-08-19;13.5;20.5;27.5;0.0;21.8;3.1;36.6
1983-08-20;17.7;23.0;28.3;0.0;19.4;2.8;39.9
1983-08-21;12.8;18.8;24.8;0.0;19.6;3.8;44.9
1983-08-22;8.8;15.5;22.2;0.0;21.7;2.3;33.6
1983-08-23;7.1;16.2;25.3;0.0;22.3;1.8;25.78
1983-08-24;10.1;19.72;29.34;1.2;21.8;2.5;25.6
1983-08-25;14.0;17.85;21.7;0.0;11.3;2.9;53.18
1983-08-26;9.9;16.0;22.1;0.0;14.4;3.1;36.6
1983-08-27;12.6;16.25;19.9;1.6;12.8;7.0;47.6
1983-08-28;10.9;14.2;17.5;6.9;8.3;5.0;53.8
1983-08-29;12.4;16.65;20.9;1.39;8.2;3.3;52.5
1983-08-30;12.7;16.55;20.4;0.0;9.5;1.9;51.8
1983-08-31;10.3;13.85;17.4;5.1;8.2;4.8;53.5
1983-09-01;9.8;13.35;16.9;0.0;9.05;4.1;56.0
1983-09-02;8.1;12.7;17.3;5.6;6.8;3.0;71.0
1983-09-03;8.2;14.25;20.3;0.0;20.453;1.9;47.5
1983-09-04;7.3;13.5;19.7;0.0;3.1;2.2;54.4
1983-09-05;11.3;17.35;23.4;0.0;15.3;2.1;54.3
1983-09-06;8.7;17.55;26.4;0.0;18.4;0.14;38.6
1983-09-07;10.35;15.88;21.4;0.0;19.553;2.3;49.0
1983-09-08;7.8;14.6;21.4;0.0;20.5;1.6;34.5
1983-09-09;6.0;13.65;21.3;0.0;19.4;2.4;34.9
1983-09-10;10.9;13.25;15.6;0.0;3.8;5.2;47.3
1983-09-11;11.5;16.0;20.5;0.0;20.2;5.7;33.2
1983-09-12;8.9;14.75;20.6;0.0;18.4;3.6;37.14
1983-09-13;8.6;14.55;20.5;0.0;17.5;2.1;37.5
1983-09-14;5.8;13.7;21.6;0.0;18.1;1.5;31.4
1983-09-15;10.5;15.15;19.8;0.0;4.7;1.3;47.6
1983-09-16;8.6;16.15;23.7;0.0;18.2;2.8;29.6
1983-09-17;15.0;19.15;23.3;0.0;5.3;2.4;58.2
1983-09-18;16.8;21.5;26.2;0.0;15.8;3.1;45.03
1983-09-19;13.4;18.3;23.2;0.0;9.4;2.4;50.3
1983-09-20;6.9;13.4;19.9;0.0;17.4;1.5;32.1
1983-09-21;3.3;13.0;22.7;0.0;17.0;1.4;25.94
1983-09-22;6.1;15.9;25.7;0.0;16.7;1.4;28.21
1983-09-23;9.7;18.15;26.6;0.0;15.8;1.3;31.6
1983-09-24;7.9;15.8;23.7;0.0;11.4;2.1;38.9
1983-09-25;4.7;13.3;21.9;0.0;16.2;1.4;31.4
1983-09-26;2.6;12.4;22.2;0.0;16.4;2.1;30.36
1983-09-27;7.9;12.1;16.3;0.0;12.4;3.4;53.6
1983-09-28;5.2;11.15;17.1;0.0;14.3;1.8;32.43
1983-09-29;9.5;14.2;18.9;0.0;10.227;3.3;47.3
1983-09-30;11.7;14.0;16.3;0.0;6.8;1.3;52.8
1983-10-01;6.1;11.9;17.7;0.0;13.4;1.4;31.7
1983-10-02;2.5;11.35;20.2;0.0;14.629;1.5;25.91
1983-10-03;8.3;16.95;25.6;6.4;11.3;2.5;37.0
1983-10-04;11.8;16.85;21.9;4.9;6.5;2.6;75.02
1983-10-05;10.4;13.35;16.3;0.0;10.1;3.7;51.1
1983-10-06;10.7;14.75;18.8;6.1;4.9;6.0;55.6
1983-10-07;11.7;15.25;18.8;0.0;10.4;4.1;52.9
1983-10-08;13.4;17.05;20.7;0.0;3.0;2.4;74.2
1983-10-09;15.5;17.95;20.4;5.3;2.5;5.5;82.21
1983-10-10;14.1;17.3;20.5;8.6;1.7;5.3;82.2
1983-10-11;13.4;16.5;19.6;2.9;5.8;6.6;77.1
1983-10-12;10.2;12.9;15.6;1.8;6.8;3.1;52.2
1983-10-13;7.1;10.1;13.1;0.0;10.3;2.8;55.0
1983-10-14;10.4;13.75;17.1;1.1;7.828;5.6;53.7
1983-10-15;10.8;13.65;16.5;0.0;7.8;3.5;63.8
1983-10-16;6.7;10.7;14.7;2.4;9.8;3.9;50.9
1983-10-17;12.4;15.55;18.7;12.75;1.6;4.8;88.18
1983-10-18;7.4;11.05;14.7;0.0;9.501;5.6;56.6
1983-10-19;7.4;9.4;11.4;19.11;1.5;1.4;80.1
1983-10-20;6.4;10.2;14.0;19.88;1.701;1.6;88.8
1983-10-21;3.1;6.9;10.7;0.0;7.6;1.2;55.9
1983-10-22;2.8;6.6;10.4;0.0;6.8;0.5;53.1
1983-10-23;0.8;5.75;10.7;0.0;10.5;0.6;42.5
1983-10-24;2.5;7.1;11.7;0.0;9.1;2.8;39.6
1983-10-25;5.0;8.75;12.5;5.1;2.5;2.7;60.4
1983-10-26;6.8;8.75;10.7;3.8;2.4;1.1;87.08
1983-10-27;4.8;6.55;8.3;0.0;3.3;3.8;83.6
1983-10-28;1.6;4.05;6.5;0.0;9.2;3.9;43.1
1983-10-29;0.0;4.0;8.0;0.0;3.7;2.2;61.7
1983-10-30;0.5;3.35;6.2;3.5;2.094;2.4;85.2
1983-10-31;-2.4;0.35;3.1;0.0;8.9;2.7;46.1
1983-11-01;-3.1;-0.05;3.0;0.0;7.0;1.1;59.3
1983-11-02;-0.8;1.55;3.9;0.0;2.4;2.5;83.2
1983-11-03;0.8;3.1;5.4;0.0;5.1;3.3;74.3
1983-11-04;1.4;4.65;7.9;0.0;6.2;4.1;48.1
1983-11-05;3.5;5.7;7.9;9.6;2.6;3.9;73.7
1983-11-06;3.7;7.9;12.1;0.0;3.0;4.6;56.5
1983-11-07;9.7;12.3;14.9;0.0;8.4;5.2;45.4
1983-11-08;10.3;12.95;15.6;0.0;4.1;5.2;55.23
1983-11-09;8.2;11.1;14.0;3.71;6.2;5.1;57.5
1983-11-10;9.4;13.3;17.2;13.7;4.9;4.7;69.6
1983-11-11;12.4;16.05;19.7;0.0;7.2;4.9;70.9
1983-11-12;12.2;13.95;15.7;3.8;1.7;3.7;88.5
1983-11-13;10.2;13.05;15.9;0.0;3.4;4.2;73.6
1983-11-14;7.5;11.2;14.9;0.0;7.197;2.7;64.7
1983-11-15;5.3;8.45;11.6;1.4;1.9;3.9;83.8
1983-11-16;0.1;2.7;5.3;0.0;7.0;1.4;52.0
1983-11-17;0.1;2.15;4.2;4.9;1.5;1.8;76.3
1983-11-18;0.7;6.0;11.3;0.0;5.2;2.5;50.6
1983-11-19;9.5;12.55;15.6;0.0;5.6;3.8;74.5
1983-11-20;7.6;10.0;12.4;0.0;5.4;3.4;67.6
1983-11-21;9.1;9.9;10.7;1.1;2.4;5.5;85.3
1983-11-22;6.0;8.25;10.5;0.0;5.1;2.9;72.5
1983-11-23;6.3;10.8;15.3;13.9;1.1;3.8;79.0
1983-11-24;6.3;10.05;13.8;1.2;3.5;4.4;69.15
1983-11-25;2.99;4.79;6.6;0.0;2.5;3.0;67.4
1983-11-26;3.3;5.65;8.0;0.0;1.7;1.7;84.3
1983-11-27;1.2;4.45;7.7;0.0;4.1;1.6;69.1
1983-11-28;4.5;6.7;8.9;2.4;4.0;3.48;71.4
1983-11-29;6.9;9.35;11.8;7.0;2.0;6.5;62.1
1983-11-30;3.8;5.65;7.5;0.0;4.1;4.1;66.5
1983-12-01;0.6;3.2;5.8;0.0;4.6;2.8;72.8
1983-12-02;-2.1;0.7;3.5;0.0;3.7;1.1;83.2
1983-12-03;-1.9;0.45;2.8;0.0;2.5;1.1;88.7
1983-12-04;0.7;2.45;4.2;0.0;3.2;2.4;84.1
1983-12-05;-0.5;1.1;2.7;0.0;5.3;4.2;65.8
1983-12-06;-0.5;1.1;2.7;0.0;4.9;4.0;64.4
1983-12-07;-0.2;1.8;3.8;0.0;3.0;3.8;76.5
1983-12-08;0.7;2.0;3.3;0.0;2.1;3.5;84.87
1983-12-09;2.3;4.04;5.79;9.33;0.319;3.6;88.9
1983-12-10;2.8;4.1;5.4;2.3;1.2;4.2;88.2
1983-12-11;-0.8;0.9;2.6;0.0;2.6;6.2;51.8
1983-12-12;-4.82;-2.48;-0.13;0.0;4.768;6.6;18.53
1983-12-13;-6.63;-4.25;-1.86;0.0;4.6;4.8;19.92
1983-12-14;-6.61;-3.67;-0.73;0.0;4.4;5.1;19.09
1983-12-15;-6.6;-4.19;-1.78;0.0;4.4;4.6;15.42
1983-12-16;-6.8;-3.4;0.0;0.0;4.9;4.5;22.36
1983-12-17;-1.5;0.0;1.5;0.0;3.4;1.9;87.6
1983-12-18;-0.9;2.59;6.09;3.0;2.9;3.9;78.9
1983-12-19;6.2;7.4;8.6;0.0;3.0;5.9;74.47
1983-12-20;4.7;6.45;8.2;0.0;2.9;3.8;85.2
1983-12-21;0.8;2.85;4.9;0.0;3.283;0.9;87.48
1983-12-22;-0.9;1.6;4.1;0.0;3.7;2.2;86.32
1983-12-23;0.9;1.95;3.0;2.0;2.655;3.6;87.9
1983-12-24;0.3;1.5;2.7;4.1;1.7;4.2;86.7
1983-12-25;0.2;2.5;4.8;0.0;2.4;3.9;75.4
1983-12-26;-1.0;0.85;2.7;0.0;3.7;3.2;76.2
1983-12-27;3.2;6.15;9.1;2.0;1.6;5.7;73.54
1983-12-28;8.8;10.1;11.4;6.0;0.9;4.3;84.4
1983-12-29;5.1;7.95;10.8;2.3;1.0;3.3;88.2
1983-12-30;0.8;3.65;6.5;0.0;3.7;2.2;72.3
1983-12-31;-2.2;-0.1;2.0;0.0;3.6;1.2;88.0
1984-01-01;-0.6;1.7;4.0;0.0;3.7;3.1;81.2
1984-01-02;2.1;4.75;7.4;0.0;3.6;2.5;74.9
1984-01-03;3.0;5.5;8.0;0.0;4.2;2.6;71.6
1984-01-04;2.7;5.45;8.2;0.0;4.5;2.4;70.3
1984-01-05;2.8;5.55;8.3;0.0;4.5;2.0;70.81
1984-01-06;-3.9;0.7;5.3;0.0;3.288;4.0;53.9
1984-01-07;-10.46;-6.72;-2.97;0.0;4.8;6.4;20.73
1984-01-08;-11.08;-9.16;-7.23;0.0;4.8;4.0;19.91
1984-01-09;-9.51;-5.81;-2.12;0.0;4.8;1.7;20.45
1984-01-10;-6.49;-3.79;-1.1;0.0;4.11;1.4;76.2
1984-01-11;-3.4;-1.1;1.2;1.1;5.1;2.9;77.71
1984-01-12;-0.7;1.3;3.3;0.0;1.9;2.6;90.1
1984-01-13;-1.4;0.8;3.0;0.0;4.7;4.1;79.8
1984-01-14;0.7;2.45;4.2;0.0;3.4;6.9;56.0
1984-01-15;3.2;5.0;6.8;0.0;4.3;4.8;77.1
1984-01-16;1.9;3.55;5.2;0.0;4.1;3.2;84.61
1984-01-17;2.3;4.5;6.7;1.56;3.1;4.2;77.0
1984-01-18;0.2;3.4;6.6;0.0;3.2;3.5;72.3
1984-01-19;-2.7;0.05;2.8;0.0;4.9;1.0;83.4
1984-01-20;-3.8;-0.95;1.9;0.0;4.6;1.3;82.8
1984-01-21;-3.5;-1.05;1.4;0.0;5.4;1.0;72.9
1984-01-22;-4.93;-1.51;1.9;0.0;5.9;0.4;73.3
1984-01-23;-4.12;-0.21;3.7;4.5;4.3;2.6;69.1
1984-01-24;2.9;4.25;5.6;0.0;2.3;3.1;84.5
1984-01-25;0.6;2.45;4.3;1.4;3.1;2.7;88.9
1984-01-26;-1.1;1.66;4.43;0.0;5.9;1.4;78.41
1984-01-27;2.8;6.6;10.4;0.0;2.1;3.8;79.17
1984-01-28;9.9;11.1;12.3;0.0;3.0;5.7;82.4
1984-01-29;8.01;9.66;11.3;6.5;1.2;5.5;89.0
1984-01-30;5.3;7.25;9.2;0.0;6.2;3.8;67.5
1984-01-31;5.3;7.85;10.4;1.2;2.5;4.8;75.3
1984-02-01;5.1;7.65;10.2;0.0;6.0;3.5;76.2
1984-02-02;3.3;5.2;7.1;0.0;5.6;3.7;74.5
1984-02-03;0.0;2.1;4.2;0.0;4.8;3.9;55.1
1984-02-04;-2.3;0.25;2.8;0.0;6.8;2.1;48.73
1984-02-05;-3.5;-0.91;1.69;0.0;7.4;0.6;42.3
1984-02-06;-3.2;-1.2;0.8;0.0;3.5;1.5;51.1
1984-02-07;-4.9;-2.9;-0.89;0.0;8.1;3.3;38.0
1984-02-08;-6.72;-3.81;-0.9;0.0;8.2;3.4;29.3
1984-02-09;-6.49;-1.95;2.6;0.0;8.0;2.3;41.1
1984-02-10;-1.9;1.0;3.9;0.0;7.0;2.2;60.5
1984-02-11;-3.5;-1.0;1.5;0.0;8.5;3.4;38.2
1984-02-12;-7.18;-4.87;-2.56;0.0;9.0;3.8;30.2
1984-02-13;-10.44;-7.28;-4.11;0.0;9.4;4.1;25.3
1984-02-14;-9.58;-7.16;-4.73;0.0;9.5;3.9;27.0
1984-02-15;-11.34;-8.43;-5.52;0.0;9.4;2.9;24.7
1984-02-16;-11.07;-7.21;-3.34;0.0;10.1;3.1;20.39
1984-02-17;-10.7;-5.7;-0.7;0.0;10.5;2.3;24.59
1984-02-18;-5.4;-0.65;4.1;0.0;8.4;2.9;53.0
1984-02-19;-1.4;1.82;5.04;1.7;8.7;3.7;60.5
1984-02-20;1.7;3.4;5.1;4.3;5.9;2.5;79.2
1984-02-21;2.1;4.4;6.7;0.0;8.5;4.7;65.3
1984-02-22;-0.4;2.8;6.0;0.0;8.7;2.7;61.68
1984-02-23;-2.2;1.55;5.3;0.0;10.3;0.8;56.9
1984-02-24;-2.8;1.29;5.39;0.0;11.5;1.7;46.6
1984-02-25;-1.7;1.7;5.1;0.0;12.1;2.4;36.99
1984-02-26;-2.6;1.0;4.6;0.0;11.1;0.7;45.8
1984-02-27;-1.8;1.55;4.9;0.0;4.2;1.9;63.4
1984-02-28;0.3;4.35;8.4;1.2;6.2;1.9;60.7
1984-02-29;0.0;0.0;0.0;0.0;0.0;0.0;0.0
1984-03-01;-0.3;3.15;6.59;4.4;7.0;2.01;74.3
1984-03-02;4.6;7.5;10.4;0.0;5.4;1.2;72.3
1984-03-03;-0.7;2.44;5.59;0.0;6.9;3.2;63.6
1984-03-04;-2.8;1.0;4.8;0.0;13.1;1.6;34.4
1984-03-05;-1.5;1.65;4.8;0.0;14.2;4.0;33.4
1984-03-06;-2.0;2.65;7.3;0.0;7.5;1.6;52.3
1984-03-07;1.9;4.25;6.6;0.0;9.2;2.8;65.5
1984-03-08;0.0;3.45;6.9;0.0;14.318;4.6;37.1
1984-03-09;0.0;4.75;9.5;0.0;13.8;3.9;40.1
1984-03-10;4.7;8.75;12.8;4.1;6.4;3.9;64.2
1984-03-11;10.8;14.9;19.0;3.9;7.9;4.6;53.0
1984-03-12;10.0;14.3;18.6;0.0;12.7;3.6;50.8
1984-03-13;8.7;12.65;16.6;0.0;11.5;2.5;57.8
1984-03-14;8.3;13.35;18.4;0.0;14.8;2.6;46.6
1984-03-15;6.85;12.68;18.5;0.0;16.0;2.8;43.0
1984-03-16;5.5;12.16;18.83;0.0;14.2;2.2;38.9
1984-03-17;5.2;12.2;19.2;0.0;16.8;3.0;38.8
1984-03-18;6.4;12.35;18.3;3.0;14.906;3.1;46.8
1984-03-19;8.6;10.13;11.67;4.4;5.5;0.5;88.8
1984-03-20;7.4;9.4;11.4;0.0;9.2;2.1;82.4
1984-03-21;7.93;11.62;15.3;3.4;8.6;2.9;59.4
1984-03-22;6.5;7.9;9.3;3.3;5.9;2.6;80.7
1984-03-23;4.7;6.6;8.5;1.2;14.0;2.1;54.6
1984-03-24;1.1;4.5;7.9;0.0;14.6;2.6;50.6
1984-03-25;1.7;3.85;6.0;0.0;8.5;2.3;62.0
1984-03-26;-0.4;3.05;6.5;0.0;14.9;1.8;50.93
1984-03-27;2.8;6.05;9.3;0.0;14.0;2.3;51.5
1984-03-28;6.5;9.0;11.5;8.2;12.0;2.5;62.5
1984-03-29;4.6;8.2;11.8;2.22;11.9;1.4;54.0
1984-03-30;7.2;9.25;11.3;3.2;9.0;1.9;81.5
1984-03-31;4.4;6.54;8.68;0.0;8.2;2.7;65.2
1984-04-01;3.3;5.8;8.3;0.0;5.3;4.9;60.8
1984-04-02;2.0;5.95;9.9;0.0;18.2;3.5;42.4
1984-04-03;2.0;5.15;8.3;0.0;12.4;2.8;51.2
1984-04-04;3.1;4.8;6.5;2.4;10.8;3.3;63.3
1984-04-05;2.3;4.46;6.63;0.0;13.7;2.2;54.2
1984-04-06;0.6;3.8;7.0;0.0;15.1;2.2;48.6
1984-04-07;-1.9;3.05;8.0;0.0;18.4;0.8;40.0
1984-04-08;-1.7;3.5;8.7;0.0;18.6;0.9;37.4
1984-04-09;0.9;4.8;8.7;1.8;10.9;2.6;50.1
1984-04-10;-0.8;4.85;10.5;0.0;16.2;2.0;44.3
1984-04-11;0.0;5.2;10.4;2.0;14.6;1.6;52.8
1984-04-12;4.5;7.6;10.7;0.0;12.3;2.8;61.0
1984-04-13;5.3;8.9;12.5;3.2;4.1;2.9;70.9
1984-04-14;4.1;7.8;11.5;0.0;14.906;3.2;47.1
1984-04-15;4.0;8.1;12.2;0.0;13.1;3.8;49.5
1984-04-16;2.3;9.4;16.5;0.0;18.9;0.7;40.5
1984-04-17;3.6;11.35;19.1;0.0;22.2;1.8;38.6
1984-04-18;7.3;14.4;21.5;0.0;18.6;2.8;40.0
1984-04-19;10.0;13.9;17.8;0.0;12.1;3.1;66.0
1984-04-20;5.3;8.85;12.4;6.1;11.9;2.8;72.2
1984-04-21;2.2;8.25;14.3;0.0;21.7;1.3;39.18
1984-04-22;3.3;10.5;17.7;0.0;22.21;1.0;41.3
1984-04-23;9.4;12.2;15.0;6.7;2.3;3.3;76.2
1984-04-24;7.4;10.65;13.9;0.0;19.7;4.2;52.01
1984-04-25;6.8;9.65;12.5;0.0;17.3;2.6;45.4
1984-04-26;0.7;4.35;8.0;0.0;19.1;2.8;42.4
1984-04-27;-0.2;5.0;10.2;0.0;19.8;1.9;44.9
1984-04-28;4.8;7.4;10.0;2.65;9.8;3.1;78.23
1984-04-29;4.4;7.5;10.6;0.0;10.3;2.8;61.4
1984-04-30;3.8;6.6;9.4;0.0;8.6;3.2;59.9
1984-05-01;3.6;6.09;8.59;0.0;16.9;3.3;44.8
1984-05-02;4.1;6.59;9.08;0.0;7.2;3.2;73.8
1984-05-03;6.4;9.75;13.1;0.0;19.4;3.1;49.8
1984-05-04;4.7;9.5;14.3;0.0;13.1;1.5;53.3
1984-05-05;3.1;10.35;17.6;0.0;20.3;0.9;49.3
1984-05-06;8.2;12.1;16.0;1.7;4.708;2.6;85.12
1984-05-07;5.4;8.6;11.8;0.0;14.4;3.4;54.8
1984-05-08;5.6;9.2;12.8;0.0;16.8;1.5;45.3
1984-05-09;4.7;11.35;18.0;0.0;23.4;1.49;39.6
1984-05-10;6.9;13.25;19.6;0.0;22.3;2.4;42.7
1984-05-11;6.9;11.5;16.1;1.6;16.2;1.5;54.3
1984-05-12;7.0;13.55;20.1;0.0;25.6;2.1;37.5
1984-05-13;12.3;14.3;16.3;3.5;7.0;2.3;84.6
1984-05-14;7.2;11.2;15.2;8.7;10.4;2.7;79.2
1984-05-15;6.9;11.55;16.2;0.0;13.1;2.2;55.7
1984-05-16;7.9;13.7;19.5;0.0;10.1;3.2;59.71
1984-05-17;13.3;19.55;25.8;5.1;22.2;3.8;47.3
1984-05-18;14.2;17.2;20.2;2.2;10.4;1.8;84.6
1984-05-19;14.0;17.31;20.62;0.0;8.3;1.3;85.0
1984-05-20;15.0;20.05;25.1;1.6;26.2;3.1;49.71
1984-05-21;13.7;18.24;22.78;1.1;16.2;1.9;64.9
1984-05-22;12.1;18.45;24.8;4.5;17.0;1.4;50.03
1984-05-23;11.7;17.75;23.8;0.0;23.6;1.8;52.6
1984-05-24;12.6;17.7;22.8;0.0;20.9;2.8;57.7
1984-05-25;11.3;16.4;21.5;0.0;23.3;4.1;54.7
1984-05-26;8.3;14.6;20.9;0.0;27.7;2.7;41.5
1984-05-27;8.6;13.4;18.2;0.0;23.858;4.0;44.7
1984-05-28;7.0;13.1;19.2;0.0;28.1;3.2;39.0
1984-05-29;6.2;13.3;20.4;0.0;27.707;1.4;41.6
1984-05-30;7.5;11.4;15.3;4.6;14.4;2.4;76.2
1984-05-31;4.4;8.4;12.4;0.0;12.9;2.2;69.2
1984-06-01;6.3;10.2;14.1;2.2;15.302;1.8;61.3
1984-06-02;4.0;8.07;12.13;0.0;11.489;2.2;74.5
1984-06-03;3.0;9.75;16.5;0.0;18.4;0.5;48.8
1984-06-04;7.6;11.17;14.74;0.0;14.4;2.7;62.2
1984-06-05;9.0;13.4;17.8;6.5;16.5;3.7;58.7
1984-06-06;12.6;15.65;18.7;9.7;5.1;2.2;84.3
1984-06-07;12.8;17.21;21.63;1.4;15.7;2.0;60.6
1984-06-08;10.9;15.05;19.2;2.0;14.9;2.4;59.3
1984-06-09;10.8;14.8;18.8;1.2;16.4;2.4;80.41
1984-06-10;15.0;17.55;20.1;4.1;6.1;2.5;88.0
1984-06-11;15.3;20.05;24.8;12.1;18.9;2.0;67.8
1984-06-12;13.4;20.25;27.1;5.4;21.0;0.5;51.5
1984-06-13;16.1;22.2;28.3;3.0;26.702;2.3;49.11
1984-06-14;12.2;17.5;22.8;0.0;12.7;1.7;71.9
1984-06-15;11.3;18.35;25.4;0.0;28.376;1.7;43.9
1984-06-16;10.98;16.79;22.6;0.0;24.0;1.8;56.8
1984-06-17;9.2;16.2;23.2;0.0;29.6;1.0;44.5
1984-06-18;8.5;17.2;25.9;0.0;31.107;0.5;39.7
1984-06-19;11.9;20.1;28.3;0.0;30.133;1.9;37.7
1984-06-20;18.1;22.8;27.5;1.8;23.9;2.5;56.7
1984-06-21;15.4;18.85;22.3;11.67;12.0;1.7;87.4
1984-06-22;13.9;17.75;21.6;0.0;4.2;1.2;85.39
1984-06-23;14.7;19.9;25.1;0.0;22.687;0.6;60.8
1984-06-24;11.9;17.2;22.5;0.0;18.0;2.1;60.5
1984-06-25;9.9;16.05;22.2;0.0;23.3;1.2;50.6
1984-06-26;14.2;19.77;25.35;0.0;21.1;1.3;49.9
1984-06-27;12.3;19.4;26.5;0.0;14.6;2.5;45.1
1984-06-28;9.5;14.85;20.2;0.0;20.0;2.1;47.3
1984-06-29;7.8;14.6;21.4;0.0;20.6;1.5;49.9
1984-06-30;13.6;17.2;20.8;2.31;5.8;2.9;76.6
1984-07-01;12.7;17.45;22.2;0.0;18.2;1.9;54.86
1984-07-02;12.3;17.15;22.0;3.6;19.5;1.2;61.4
1984-07-03;10.8;16.5;22.19;0.0;21.0;1.6;54.2
1984-07-04;12.6;17.2;21.8;3.89;9.6;2.7;67.3
1984-07-05;9.8;14.4;19.0;0.0;15.4;2.7;68.4
1984-07-06;6.6;11.75;16.9;0.0;20.0;2.0;46.6
1984-07-07;6.0;11.6;17.2;0.0;15.1;1.7;52.0
1984-07-08;5.8;12.55;19.3;0.0;21.7;1.4;44.5
1984-07-09;7.5;14.15;20.8;0.0;19.2;1.1;52.0
1984-07-10;9.33;15.27;21.2;2.4;12.1;2.5;69.75
1984-07-11;7.7;13.9;20.1;0.0;12.3;2.0;51.6
1984-07-12;12.4;16.05;19.7;0.0;19.5;2.0;52.6
1984-07-13;11.9;16.15;20.4;0.0;16.8;2.6;53.3
1984-07-14;9.9;16.3;22.7;1.4;12.6;2.3;47.3
1984-07-15;12.3;16.45;20.6;1.7;19.8;2.9;62.7
1984-07-16;11.1;15.3;19.5;2.9;13.2;3.0;56.4
1984-07-17;11.3;15.65;20.0;0.0;14.4;2.6;57.5
1984-07-18;11.8;16.55;21.3;0.0;14.6;1.8;64.5
1984-07-19;7.3;14.3;21.3;0.0;23.123;0.6;46.29
1984-07-20;12.8;17.4;22.0;4.3;10.5;3.0;60.0
1984-07-21;14.2;17.75;21.3;2.9;17.0;3.8;66.6
1984-07-22;12.8;16.6;20.4;3.8;14.0;3.0;76.1
1984-07-23;12.4;15.75;19.1;8.6;12.3;3.0;68.2
1984-07-24;10.8;14.79;18.77;2.2;14.9;5.3;66.4
1984-07-25;7.1;13.2;19.3;0.0;26.2;1.8;42.6
1984-07-26;10.3;15.7;21.1;3.8;10.238;2.9;66.0
1984-07-27;17.24;20.07;22.9;13.7;10.6;4.0;82.8
1984-07-28;12.8;17.45;22.1;0.0;12.144;2.1;65.1
1984-07-29;11.3;18.4;25.5;0.0;21.9;1.5;46.7
1984-07-30;13.3;18.4;23.5;0.0;14.5;2.4;70.0
1984-07-31;10.3;16.75;23.2;0.0;24.9;2.2;45.2
1984-08-01;16.1;18.85;21.6;3.8;3.8;5.2;86.2
1984-08-02;14.8;18.4;22.0;0.0;13.5;5.0;66.8
1984-08-03;9.5;16.1;22.7;0.0;23.0;1.5;45.9
1984-08-04;14.2;19.9;25.6;0.0;13.1;2.4;48.4
1984-08-05;13.5;20.6;27.7;0.0;21.7;0.7;45.08
1984-08-06;14.6;22.7;30.8;8.1;13.6;0.5;42.3
1984-08-07;18.2;22.35;26.5;5.0;8.289;1.7;73.02
1984-08-08;17.9;23.95;30.0;8.2;20.9;1.4;51.8
1984-08-09;19.16;23.08;27.0;10.3;15.5;2.2;75.22
1984-08-10;18.55;21.73;24.9;9.5;8.5;3.0;87.43
1984-08-11;17.05;20.83;24.6;0.0;10.605;2.8;79.7
1984-08-12;12.3;17.6;22.9;0.0;23.601;1.7;49.6
1984-08-13;9.6;16.75;23.9;0.0;22.7;1.2;44.8
1984-08-14;12.9;19.25;25.61;0.0;20.8;2.0;47.4
1984-08-15;17.26;22.18;27.1;0.0;19.7;1.9;49.8
1984-08-16;16.9;22.55;28.2;0.0;21.0;1.0;46.8
1984-08-17;15.0;21.85;28.7;0.0;22.468;1.2;42.3
1984-08-18;16.6;22.45;28.3;5.1;21.3;1.5;46.6
1984-08-19;18.1;22.55;27.0;0.0;15.2;2.1;59.9
1984-08-20;16.5;22.05;27.6;0.0;21.1;2.4;49.3
1984-08-21;16.0;21.84;27.67;0.0;20.4;2.5;48.2
1984-08-22;15.7;22.0;28.3;0.0;21.5;2.4;42.3
1984-08-23;14.7;21.15;27.6;0.0;21.8;2.3;38.8
1984-08-24;12.2;20.2;28.2;0.0;21.6;0.9;35.9
1984-08-25;12.8;20.55;28.3;0.0;21.0;0.7;38.2
1984-08-26;13.5;21.2;28.9;0.0;21.0;0.6;37.8
1984-08-27;11.5;19.85;28.2;0.0;21.0;0.4;39.1
1984-08-28;14.1;21.25;28.4;0.0;19.7;0.5;42.8
1984-08-29;14.3;22.0;29.7;0.0;20.7;0.9;35.28
1984-08-30;14.1;21.8;29.5;0.0;20.1;1.3;37.7
1984-08-31;15.5;21.05;26.6;5.8;13.5;1.0;57.5
1984-09-01;14.3;18.75;23.2;0.0;16.5;2.9;61.3
1984-09-02;11.9;16.15;20.4;8.7;9.3;2.5;74.9
1984-09-03;16.1;20.65;25.2;1.2;8.9;3.1;61.0
1984-09-04;18.3;21.9;25.5;0.0;8.7;0.4;79.7
1984-09-05;15.1;19.65;24.2;0.0;19.2;1.8;57.06
1984-09-06;14.1;19.3;24.5;0.0;13.1;3.0;56.0
1984-09-07;17.8;21.25;24.7;0.0;8.5;3.2;63.0
1984-09-08;14.5;20.85;27.2;0.0;18.56;1.9;44.3
1984-09-09;12.4;19.6;26.8;0.0;16.4;1.3;44.5
1984-09-10;11.4;15.55;19.7;3.58;1.8;3.8;87.96
1984-09-11;8.9;13.05;17.2;0.0;19.1;3.4;43.7
1984-09-12;8.5;15.0;21.5;0.0;19.5;3.1;35.9
1984-09-13;13.3;19.75;26.2;5.1;11.9;3.0;45.1
1984-09-14;13.2;18.25;23.3;2.4;15.4;4.7;49.9
1984-09-15;13.1;16.85;20.6;0.0;15.1;5.6;52.5
1984-09-16;13.9;17.35;20.8;13.6;3.9;3.8;86.4
1984-09-17;12.9;16.3;19.7;0.0;11.9;3.8;56.5
1984-09-18;11.1;15.1;19.1;0.0;8.8;3.4;55.0
1984-09-19;9.9;14.3;18.7;7.34;3.6;3.1;71.72
1984-09-20;15.3;18.55;21.8;0.0;6.8;6.2;55.4
1984-09-21;15.1;17.35;19.6;0.0;5.5;5.1;69.42
1984-09-22;14.4;18.45;22.5;0.0;10.1;4.9;45.1
1984-09-23;10.8;14.45;18.1;4.0;7.4;3.7;65.1
1984-09-24;9.46;13.93;18.4;1.8;3.2;4.7;69.43
1984-09-25;15.5;18.4;21.3;15.4;2.8;4.3;85.2
1984-09-26;11.8;15.65;19.5;13.92;5.0;3.8;89.45
1984-09-27;10.6;13.0;15.4;0.0;8.4;4.5;49.5
1984-09-28;9.8;13.65;17.5;0.0;8.4;2.5;55.0
1984-09-29;9.6;15.3;21.0;0.0;15.9;2.8;44.8
1984-09-30;13.2;17.25;21.3;4.8;7.9;4.4;64.9
1984-10-01;11.8;16.15;20.5;1.2;11.0;4.1;52.5
1984-10-02;9.3;13.0;16.7;0.0;9.3;3.7;60.3
1984-10-03;9.3;13.8;18.3;0.0;9.5;4.3;50.2
1984-10-04;7.4;12.15;16.9;0.0;10.1;2.4;53.1
1984-10-05;6.1;11.1;16.1;0.0;11.8;3.1;50.4
1984-10-06;12.2;16.15;20.1;1.1;3.7;4.4;78.9
1984-10-07;16.6;20.95;25.3;0.0;11.8;5.4;54.6
1984-10-08;12.09;16.99;21.9;2.5;11.6;4.0;54.3
1984-10-09;5.8;11.6;17.4;0.0;12.3;1.0;44.6
1984-10-10;5.0;11.09;17.17;0.0;12.5;2.0;41.6
1984-10-11;3.1;11.8;20.5;0.0;12.1;1.7;41.9
1984-10-12;9.8;16.9;24.0;2.3;11.1;0.9;50.1
1984-10-13;11.8;17.4;23.0;0.0;11.0;2.0;52.4
1984-10-14;10.3;16.5;22.7;0.0;11.4;2.7;49.8
1984-10-15;12.9;15.5;18.1;6.7;2.4;2.5;88.8
1984-10-16;9.7;13.8;17.9;4.4;3.5;5.0;72.5
1984-10-17;7.5;10.9;14.3;0.0;10.1;3.5;48.6
1984-10-18;5.1;9.7;14.3;0.0;10.1;2.0;51.5
1984-10-19;5.3;9.95;14.6;0.0;7.3;0.9;53.2
1984-10-20;8.3;12.0;15.7;0.0;6.9;1.7;62.5
1984-10-21;7.0;11.7;16.4;0.0;10.4;1.5;57.4
1984-10-22;7.4;11.95;16.5;8.2;6.2;1.9;74.42
1984-10-23;7.74;11.97;16.2;0.0;9.7;2.7;59.28
1984-10-24;4.7;11.05;17.4;0.0;9.9;2.1;46.9
1984-10-25;9.2;14.65;20.1;0.0;9.2;3.8;50.5
1984-10-26;13.8;15.9;18.0;10.1;2.7;3.9;88.5
1984-10-27;6.8;12.0;17.2;0.0;5.9;2.4;74.5
1984-10-28;4.3;10.55;16.8;0.0;9.7;1.0;42.3
1984-10-29;5.3;9.2;13.1;8.99;3.6;2.0;76.1
1984-10-30;10.1;12.55;15.0;0.0;4.7;2.4;77.9
1984-10-31;6.0;10.1;14.2;1.8;1.9;3.2;71.7
1984-11-01;4.2;8.2;12.2;0.0;7.2;2.47;59.2
1984-11-02;9.2;10.05;10.9;3.0;2.1;3.5;91.15
1984-11-03;2.8;6.1;9.4;0.0;6.8;2.3;63.0
1984-11-04;2.8;6.6;10.4;1.4;2.5;3.4;51.4
1984-11-05;8.4;11.6;14.8;4.9;4.2;2.6;81.4
1984-11-06;9.4;11.05;12.7;5.8;2.3;3.4;88.5
1984-11-07;6.8;9.5;12.2;5.6;5.5;5.1;62.2
1984-11-08;7.1;10.25;13.4;4.3;4.8;8.22;51.8
1984-11-09;4.9;6.9;8.9;1.1;2.5;7.1;69.6
1984-11-10;4.2;7.29;10.38;4.6;1.6;3.2;77.32
1984-11-11;9.3;10.7;12.1;5.3;4.3;2.3;86.0
1984-11-12;0.9;5.0;9.1;0.0;7.6;1.5;69.6
1984-11-13;-0.6;3.81;8.22;0.0;6.7;1.1;52.6
1984-11-14;3.4;5.95;8.5;0.0;1.3;5.1;72.4
1984-11-15;6.0;8.35;10.7;0.0;6.4;4.5;57.0
1984-11-16;6.0;7.7;9.4;3.2;1.499;4.2;82.3
1984-11-17;6.0;8.1;10.2;0.0;6.0;3.8;70.4
1984-11-18;4.1;6.45;8.8;0.0;6.1;4.1;53.1
1984-11-19;4.4;9.25;14.1;6.1;4.4;5.8;42.3
1984-11-20;6.1;10.15;14.2;0.0;4.3;6.1;52.0
1984-11-21;4.6;6.95;9.3;8.8;2.9;2.1;83.1
1984-11-22;8.0;11.7;15.4;12.68;2.2;3.3;75.5
1984-11-23;3.74;7.07;10.4;0.0;5.4;3.0;64.3
1984-11-24;2.2;5.65;9.1;0.0;3.6;3.1;59.69
1984-11-25;7.1;10.25;13.4;0.0;5.622;6.3;60.4
1984-11-26;8.4;10.1;11.8;2.0;3.4;4.0;71.8
1984-11-27;3.7;6.75;9.8;0.0;5.4;2.7;67.2
1984-11-28;7.8;10.75;13.7;0.0;1.9;4.4;76.0
1984-11-29;10.7;12.8;14.9;0.0;4.8;5.0;73.4
1984-11-30;9.2;10.25;11.3;4.1;1.3;5.3;86.4
1984-12-01;3.3;6.25;9.2;0.0;4.6;2.0;77.4
1984-12-02;2.1;4.6;7.1;0.0;4.9;2.8;61.8
1984-12-03;2.8;6.55;10.3;0.0;5.1;4.1;56.0
1984-12-04;8.7;10.95;13.2;6.9;3.2;4.6;79.7
1984-12-05;6.5;8.9;11.3;0.0;4.2;4.0;72.1
1984-12-06;6.1;7.9;9.7;0.0;4.1;6.0;65.41
1984-12-07;8.4;9.5;10.6;2.4;2.4;5.9;76.9
1984-12-08;7.6;8.8;10.0;0.0;3.9;6.7;54.1
1984-12-09;1.0;4.6;8.2;4.4;2.5;6.3;61.1
1984-12-10;-1.4;2.75;6.9;6.6;3.5;5.1;41.7
1984-12-11;7.8;9.45;11.1;1.2;3.5;6.8;61.3
1984-12-12;5.4;7.0;8.6;2.4;2.9;4.9;69.18
1984-12-13;8.0;9.65;11.3;5.6;1.7;6.3;83.0
1984-12-14;7.3;8.35;9.4;3.9;3.1;5.7;68.19
1984-12-15;-0.3;3.3;6.9;0.0;3.4;4.9;51.7
1984-12-16;-0.9;4.05;9.0;0.0;1.9;4.8;45.3
1984-12-17;6.5;8.45;10.4;4.8;3.0;6.4;72.1
1984-12-18;4.7;5.6;6.5;0.0;2.7;5.9;68.4
1984-12-19;0.2;2.7;5.2;0.0;3.4;3.6;59.0
1984-12-20;-0.2;1.2;2.6;0.0;3.8;4.5;52.02
1984-12-21;0.5;2.3;4.1;5.1;1.5;5.2;82.8
1984-12-22;0.8;2.45;4.1;2.0;3.4;4.7;77.6
1984-12-23;0.7;2.15;3.6;0.0;3.2;4.9;76.2
1984-12-24;-0.9;0.95;2.8;0.0;4.4;3.3;63.5
1984-12-25;-3.8;-0.65;2.5;0.0;2.9;1.0;83.2
1984-12-26;-5.1;-3.4;-1.7;0.0;3.9;1.0;48.6
1984-12-27;-6.75;-3.48;-0.2;0.0;3.6;1.4;53.31
1984-12-28;-3.9;-1.73;0.44;0.0;2.8;0.5;89.1
1984-12-29;-5.1;-2.8;-0.5;0.0;3.8;1.2;75.1
1984-12-30;-7.26;-3.98;-0.7;0.0;3.8;0.6;63.3
1984-12-31;-7.2;-4.53;-1.85;0.0;3.6;0.9;79.6
