iso-date;tmin;tavg;tmax;precip;globrad;wind;relhumid
1980-01-01;13.2;19.49;25.78;0.0;14.4;3.7;14.63
1980-01-02;11.1;16.0;20.9;0.0;15.5;3.8;19.4
1980-01-03;8.5;15.05;21.6;0.0;14.6;3.0;21.6
1980-01-04;8.6;15.1;21.6;0.0;13.6;2.7;28.9
1980-01-05;9.4;14.85;20.3;0.0;13.8;3.6;23.5
1980-01-06;9.2;14.5;19.8;0.0;14.2;3.4;19.6
1980-01-07;9.1;13.65;18.2;0.0;14.6;4.0;17.2
1980-01-08;7.9;12.55;17.2;0.0;14.6;3.9;23.0
1980-01-09;6.8;12.2;17.6;0.0;14.499;3.7;25.1
1980-01-10;5.7;11.8;17.9;0.0;14.5;3.7;25.0
1980-01-11;6.4;12.1;17.8;0.0;14.9;3.8;19.1
1980-01-12;5.41;11.55;17.7;0.0;15.3;3.4;20.2
1980-01-13;4.6;13.2;21.8;0.0;16.3;3.4;15.45
1980-01-14;5.1;14.5;23.9;0.0;15.1;1.5;14.9
1980-01-15;5.2;15.0;24.8;0.0;15.0;1.2;16.1
1980-01-16;7.9;16.8;25.7;0.0;14.5;2.5;19.4
1980-01-17;10.0;17.55;25.1;0.0;15.6;3.0;12.3
1980-01-18;9.7;16.48;23.25;0.0;15.447;3.0;14.1
1980-01-19;8.0;16.25;24.5;0.0;15.4;1.8;20.0
1980-01-20;7.9;16.7;25.5;0.0;15.8;2.1;14.18
1980-01-21;8.4;16.75;25.1;0.0;15.6;3.1;12.9
1980-01-22;7.9;15.8;23.7;0.0;15.8;3.4;17.5
1980-01-23;9.7;17.1;24.5;0.0;15.7;3.3;27.7
1980-01-24;10.3;17.05;23.8;0.0;16.0;3.5;25.8
1980-01-25;11.6;16.8;22.0;0.0;15.9;3.9;28.43
1980-01-26;11.7;16.7;21.7;0.0;16.0;3.6;35.4
1980-01-27;8.5;15.9;23.3;0.0;17.7;2.4;20.0
1980-01-28;7.6;16.25;24.9;0.0;17.1;1.7;14.8
1980-01-29;8.5;17.2;25.9;0.0;17.0;2.8;14.67
1980-01-30;13.44;18.77;24.1;0.0;17.0;4.3;16.5
1980-01-31;11.5;16.7;21.9;0.0;17.1;4.3;14.0
1980-02-01;9.2;16.65;24.1;0.0;16.4;3.4;20.5
1980-02-02;9.1;17.1;25.1;0.0;16.7;3.4;15.5
1980-02-03;11.6;18.1;24.6;0.0;18.2;4.2;12.1
1980-02-04;11.4;15.35;19.3;0.0;18.4;4.8;18.8
1980-02-05;8.7;12.6;16.5;0.0;19.0;4.0;17.6
1980-02-06;5.8;12.35;18.9;0.0;17.9;2.1;19.0
1980-02-07;4.73;13.52;22.3;0.0;18.9;1.2;15.1
1980-02-08;5.2;14.5;23.8;0.0;17.6;1.8;12.7
1980-02-09;5.14;14.52;23.9;0.0;19.0;2.0;12.7
1980-02-10;6.6;15.7;24.8;0.0;18.9;0.8;14.4
1980-02-11;8.2;17.65;27.1;0.0;19.3;1.0;11.3
1980-02-12;9.3;19.05;28.8;0.0;18.9;0.9;10.8
1980-02-13;12.1;21.8;31.5;0.0;19.4;1.4;10.0
1980-02-14;14.2;23.6;33.0;0.0;18.1;3.1;8.6
1980-02-15;13.2;21.2;29.2;0.0;18.2;3.9;10.7
1980-02-16;13.6;19.1;24.6;0.0;18.7;4.3;8.4
1980-02-17;10.1;18.0;25.9;0.0;18.8;3.0;12.0
1980-02-18;8.9;18.7;28.5;0.0;20.4;1.7;10.2
1980-02-19;10.7;20.29;29.88;0.0;18.6;1.7;10.7
1980-02-20;11.7;19.6;27.5;0.0;19.2;3.4;9.57
1980-02-21;11.9;18.75;25.6;0.0;19.2;3.4;11.2
1980-02-22;9.5;17.8;26.1;0.0;20.1;2.8;12.3
1980-02-23;9.6;18.9;28.2;0.0;20.4;2.1;11.3
1980-02-24;12.8;22.4;32.0;0.0;20.9;2.5;9.4
1980-02-25;15.2;25.15;35.1;0.0;21.5;3.2;6.3
1980-02-26;16.3;26.2;36.1;0.0;20.3;3.5;6.5
1980-02-27;18.3;27.8;37.3;0.0;20.3;3.6;7.9
1980-02-28;21.0;29.9;38.8;0.0;21.1;4.4;9.8
1980-02-29;0.0;0.0;0.0;0.0;0.0;0.0;0.0
1980-03-01;21.4;30.75;40.1;0.0;20.6;4.3;9.5
1980-03-02;18.3;27.35;36.4;0.0;21.9;3.1;4.7
1980-03-03;19.2;25.4;31.6;0.0;21.7;4.1;6.9
1980-03-04;15.9;21.5;27.1;0.0;20.6;4.0;13.5
1980-03-05;11.8;17.66;23.53;0.0;21.1;3.6;12.7
1980-03-06;8.2;16.9;25.6;0.0;23.0;2.4;10.5
1980-03-07;12.5;21.2;29.9;0.0;22.2;2.2;9.8
1980-03-08;17.7;26.85;36.0;0.0;22.8;4.0;7.5
1980-03-09;17.4;26.05;34.7;0.0;22.5;3.2;6.4
1980-03-10;18.0;26.35;34.7;0.0;22.0;3.2;10.4
1980-03-11;20.6;28.85;37.1;0.0;22.626;4.1;8.0
1980-03-12;22.1;30.0;37.9;0.0;22.2;4.2;4.2
1980-03-13;21.76;30.03;38.3;0.0;22.0;4.6;4.3
1980-03-14;21.5;29.57;37.63;0.0;22.1;4.6;8.8
1980-03-15;20.8;28.75;36.7;0.0;22.5;4.6;9.7
1980-03-16;20.3;28.05;35.8;0.0;22.2;4.6;8.4
1980-03-17;20.8;28.45;36.1;0.0;23.0;4.5;7.9
1980-03-18;20.5;28.2;35.9;0.0;23.7;3.9;8.6
1980-03-19;20.7;28.23;35.77;0.0;24.1;4.0;9.8
1980-03-20;21.6;29.85;38.1;0.0;23.8;4.4;8.2
1980-03-21;23.7;29.33;34.96;0.0;9.5;2.6;15.0
1980-03-22;22.2;28.7;35.2;0.0;19.8;2.5;21.3
1980-03-23;22.3;27.3;32.3;0.0;23.1;4.0;37.42
1980-03-24;21.5;25.85;30.2;0.0;23.8;4.2;49.52
1980-03-25;19.7;26.65;33.6;0.0;22.5;3.2;29.61
1980-03-26;19.8;27.25;34.7;0.0;22.663;2.7;20.1
1980-03-27;18.6;26.7;34.8;0.0;23.3;3.1;14.2
1980-03-28;19.2;26.45;33.7;0.0;23.7;3.4;10.7
1980-03-29;16.2;25.35;34.5;0.0;23.9;2.8;8.3
1980-03-30;15.9;25.75;35.6;0.0;24.0;1.9;6.7
1980-03-31;20.5;29.6;38.7;0.0;24.0;3.7;6.0
1980-04-01;18.9;28.95;39.0;0.0;23.8;3.3;6.2
1980-04-02;24.6;30.85;37.09;0.0;18.684;4.19;10.4
1980-04-03;21.7;27.65;33.6;0.0;25.2;4.5;8.3
1980-04-04;18.1;25.2;32.3;0.0;24.8;3.4;8.6
1980-04-05;14.4;23.75;33.1;0.0;25.2;2.1;7.7
1980-04-06;13.7;24.01;34.31;0.0;25.2;2.5;6.0
1980-04-07;14.8;24.8;34.8;0.0;25.1;2.3;6.5
1980-04-08;14.9;26.0;37.1;0.0;25.5;0.29;7.6
1980-04-09;16.9;27.95;39.0;0.0;27.4;1.4;4.2
1980-04-10;19.8;29.6;39.4;0.0;25.2;3.1;6.3
1980-04-11;21.92;31.11;40.3;0.0;25.5;4.1;7.3
1980-04-12;23.78;31.64;39.5;0.0;24.8;4.0;8.8
1980-04-13;23.3;29.65;36.0;0.0;25.4;4.3;5.1
1980-04-14;20.1;27.5;34.9;0.0;25.8;3.7;6.1
1980-04-15;19.0;26.4;33.8;0.0;25.6;3.7;8.1
1980-04-16;18.1;25.6;33.1;0.0;27.3;3.4;9.3
1980-04-17;15.9;25.05;34.2;0.0;26.5;2.5;7.4
1980-04-18;17.5;27.2;36.9;0.0;27.3;2.4;7.4
1980-04-19;23.3;31.75;40.2;0.0;24.7;3.5;9.4
1980-04-20;24.5;32.05;39.6;0.0;23.3;2.5;13.0
1980-04-21;22.3;30.75;39.2;0.0;26.801;4.0;6.5
1980-04-22;20.6;29.15;37.7;0.0;27.2;2.0;7.2
1980-04-23;23.1;32.0;40.9;0.0;24.3;5.1;7.5
1980-04-24;21.0;27.0;33.0;0.0;27.9;4.5;6.7
1980-04-25;17.1;24.75;32.4;0.0;26.4;3.0;8.7
1980-04-26;17.4;25.7;34.0;0.0;26.4;2.3;9.3
1980-04-27;20.15;29.02;37.9;0.0;26.4;3.4;6.7
1980-04-28;19.1;29.05;39.0;0.0;26.3;2.4;5.3
1980-04-29;22.1;30.5;38.9;0.0;25.8;2.8;7.6
1980-04-30;21.8;30.25;38.7;0.0;26.3;3.2;6.9
1980-05-01;20.5;28.95;37.4;0.0;26.7;2.9;7.4
1980-05-02;19.9;29.2;38.5;0.0;28.8;2.2;5.1
1980-05-03;21.3;30.55;39.8;0.0;26.9;3.0;3.8
1980-05-04;22.6;31.7;40.8;0.0;29.0;3.1;3.7
1980-05-05;23.1;31.75;40.4;0.0;27.7;3.7;7.0
1980-05-06;23.0;31.15;39.3;0.0;25.8;3.2;12.7
1980-05-07;23.6;31.05;38.5;0.0;25.6;3.3;13.1
1980-05-08;23.6;31.15;38.7;0.0;25.3;3.0;11.7
1980-05-09;23.8;31.1;38.4;0.0;25.6;2.6;11.3
1980-05-10;23.6;30.3;37.0;1.2;23.5;3.6;16.3
1980-05-11;22.4;30.4;38.4;0.0;27.2;2.1;17.25
1980-05-12;24.4;32.4;40.4;0.0;26.5;3.2;9.6
1980-05-13;25.3;33.25;41.2;0.0;26.1;3.2;7.4
1980-05-14;24.7;33.15;41.6;0.0;26.4;3.4;7.1
1980-05-15;25.7;33.8;41.9;0.0;26.7;4.0;6.0
1980-05-16;26.2;34.6;43.0;0.0;28.9;4.0;4.7
1980-05-17;26.8;35.1;43.4;0.0;25.9;4.6;6.1
1980-05-18;26.5;33.75;41.0;0.0;19.921;4.2;12.5
1980-05-19;25.2;32.15;39.1;0.0;25.4;3.4;17.7
1980-05-20;24.8;32.1;39.4;0.0;26.4;2.8;12.0
1980-05-21;24.6;32.6;40.6;0.0;27.8;3.1;7.7
1980-05-22;24.9;32.75;40.6;0.0;20.9;3.4;5.9
1980-05-23;26.1;33.75;41.4;0.0;28.6;3.7;8.4
1980-05-24;26.5;33.75;41.0;0.0;26.0;3.5;11.2
1980-05-25;26.7;34.01;41.31;0.0;25.2;3.3;10.6
1980-05-26;26.9;34.45;42.0;0.0;26.0;3.0;10.9
1980-05-27;26.2;34.25;42.3;0.0;24.2;3.3;13.7
1980-05-28;25.1;33.6;42.1;0.0;25.4;3.6;13.5
1980-05-29;26.2;34.65;43.1;0.0;26.3;3.6;8.1
1980-05-30;25.7;34.5;43.3;0.0;26.4;2.2;9.1
1980-05-31;26.8;34.65;42.5;0.0;26.1;3.7;13.9
1980-06-01;25.4;33.55;41.7;0.0;25.7;2.5;13.6
1980-06-02;24.5;32.95;41.4;0.0;26.8;2.8;12.3
1980-06-03;25.0;33.3;41.6;0.0;26.9;1.6;9.6
1980-06-04;25.0;32.55;40.1;0.0;24.1;2.8;13.5
1980-06-05;24.9;31.85;38.8;0.0;24.6;2.4;15.0
1980-06-06;24.0;31.95;39.9;0.0;26.0;1.7;15.0
1980-06-07;23.7;32.4;41.1;0.0;26.2;1.2;12.5
1980-06-08;28.5;35.3;42.1;0.0;22.663;3.3;7.5
1980-06-09;26.6;34.85;43.1;0.0;26.4;3.4;6.5
1980-06-10;26.7;35.15;43.6;0.0;26.7;3.6;7.6
1980-06-11;26.1;34.75;43.4;0.0;26.8;3.5;6.6
1980-06-12;25.2;34.25;43.3;0.0;27.79;3.3;5.6
1980-06-13;24.8;33.45;42.1;0.0;27.5;3.5;6.1
1980-06-14;25.3;33.2;41.1;0.0;28.2;4.1;5.4
1980-06-15;25.3;32.95;40.6;0.0;26.7;4.1;8.3
1980-06-16;23.4;32.1;40.8;0.0;28.1;3.3;6.0
1980-06-17;22.7;32.5;42.3;0.0;28.6;3.4;6.1
1980-06-18;24.2;33.4;42.6;0.0;27.9;2.4;6.2
1980-06-19;24.4;34.45;44.5;0.0;27.6;3.2;4.2
1980-06-20;25.3;35.93;46.56;0.0;27.6;3.9;3.1
1980-06-21;26.9;36.9;46.9;0.0;27.6;4.2;3.1
1980-06-22;27.3;36.3;45.3;0.0;26.5;4.2;7.1
1980-06-23;27.3;35.3;43.3;0.0;26.3;4.2;7.8
1980-06-24;26.3;34.55;42.8;0.0;27.3;3.8;5.7
1980-06-25;25.9;34.2;42.5;0.0;28.6;3.8;5.4
1980-06-26;25.0;33.3;41.6;0.0;28.8;4.0;6.5
1980-06-27;25.4;32.85;40.3;0.0;28.4;4.1;7.2
1980-06-28;25.1;31.85;38.6;0.0;28.2;4.1;9.1
1980-06-29;24.2;31.3;38.4;0.0;27.6;3.0;9.56
1980-06-30;22.8;31.7;40.6;0.0;28.3;1.1;8.1
1980-07-01;24.7;33.15;41.6;0.0;28.201;3.3;7.9
1980-07-02;26.0;34.35;42.7;0.0;27.3;4.1;6.3
1980-07-03;26.7;34.9;43.1;0.0;27.1;4.3;5.4
1980-07-04;26.5;34.59;42.67;0.0;27.1;3.9;5.75
1980-07-05;25.4;34.2;43.0;0.0;28.4;2.9;5.3
1980-07-06;25.4;34.65;43.9;0.0;27.0;2.5;5.1
1980-07-07;27.3;36.1;44.9;0.0;28.3;3.3;3.9
1980-07-08;28.4;36.95;45.5;0.0;28.4;4.6;3.6
1980-07-09;28.6;36.65;44.7;0.0;28.7;4.7;4.4
1980-07-10;28.1;36.0;43.9;0.0;26.0;4.0;5.6
1980-07-11;28.7;36.1;43.5;0.0;25.9;3.8;6.5
1980-07-12;28.3;35.95;43.6;0.0;27.79;4.0;6.6
1980-07-13;27.6;35.6;43.6;0.0;29.1;4.4;5.3
1980-07-14;27.3;34.9;42.5;0.0;27.9;4.6;7.2
1980-07-15;27.0;34.25;41.5;0.0;26.3;4.6;8.3
1980-07-16;26.5;34.55;42.6;0.0;25.9;4.0;8.4
1980-07-17;28.0;36.05;44.1;0.0;28.2;4.5;8.5
1980-07-18;28.7;36.5;44.3;0.0;27.6;4.7;7.5
1980-07-19;28.3;36.35;44.4;0.0;26.9;4.2;7.5
1980-07-20;26.91;35.51;44.1;0.0;25.776;2.97;8.4
1980-07-21;26.4;35.45;44.5;0.0;25.8;3.2;7.7
1980-07-22;28.2;36.35;44.5;0.0;25.938;4.6;6.3
1980-07-23;28.8;36.45;44.1;0.0;26.4;5.24;6.5
1980-07-24;28.5;35.9;43.3;0.0;26.9;5.3;6.1
1980-07-25;27.4;34.75;42.1;0.0;27.9;4.8;5.6
1980-07-26;26.1;34.0;41.9;0.0;26.4;4.0;5.7
1980-07-27;24.9;33.8;42.7;0.0;26.1;3.5;5.6
1980-07-28;25.8;34.7;43.6;0.0;26.3;4.0;4.9
1980-07-29;26.9;35.35;43.8;0.0;26.7;4.6;5.2
1980-07-30;27.9;35.6;43.3;0.0;26.1;4.91;7.5
1980-07-31;27.8;35.45;43.1;0.0;25.9;4.7;5.9
1980-08-01;27.5;35.65;43.8;0.0;25.8;4.6;5.8
1980-08-02;28.2;36.4;44.6;0.0;26.3;5.1;6.3
1980-08-03;29.3;37.15;45.0;0.0;28.4;5.66;7.3
1980-08-04;29.1;37.0;44.9;0.0;26.3;5.16;7.4
1980-08-05;29.2;37.1;45.0;0.0;26.1;5.0;7.0
1980-08-06;29.1;37.3;45.5;0.0;28.4;4.9;5.9
1980-08-07;29.2;37.25;45.3;0.0;26.4;5.0;5.2
1980-08-08;28.7;36.95;45.2;0.0;26.6;4.9;5.7
1980-08-09;29.0;37.5;46.0;0.0;28.6;4.9;5.1
1980-08-10;29.88;38.09;46.3;0.0;24.7;4.6;5.6
1980-08-11;27.6;36.9;46.2;0.0;27.6;3.2;5.8
1980-08-12;26.1;36.16;46.21;0.0;25.8;1.8;6.1
1980-08-13;26.6;36.2;45.8;0.0;26.0;1.9;7.2
1980-08-14;27.7;36.8;45.9;0.0;25.6;3.7;6.1
1980-08-15;30.19;37.55;44.9;0.0;25.2;5.0;6.6
1980-08-16;28.6;35.85;43.1;0.0;24.8;5.02;7.5
1980-08-17;27.5;34.7;41.9;0.0;25.1;4.6;7.3
1980-08-18;26.2;33.9;41.6;0.0;27.0;4.2;6.4
1980-08-19;25.1;33.3;41.5;0.0;26.5;3.9;6.5
1980-08-20;24.8;33.25;41.7;0.0;27.0;3.6;6.5
1980-08-21;24.9;33.6;42.3;0.0;27.614;3.6;6.1
1980-08-22;25.4;34.05;42.7;0.0;25.6;3.6;6.9
1980-08-23;26.4;34.9;43.4;0.0;25.4;3.9;7.0
1980-08-24;26.8;35.35;43.9;0.0;25.1;4.1;7.2
1980-08-25;27.3;35.3;43.3;0.0;24.1;4.1;7.67
1980-08-26;27.2;35.45;43.7;0.0;24.1;4.0;7.1
1980-08-27;27.3;35.7;44.1;0.0;24.2;4.1;6.8
1980-08-28;27.2;35.55;43.9;0.0;24.0;4.1;7.1
1980-08-29;27.5;35.65;43.8;0.0;24.4;4.4;6.8
1980-08-30;28.0;35.95;43.9;0.0;25.067;4.9;7.1
1980-08-31;28.5;36.35;44.2;0.0;24.6;4.7;8.3
1980-09-01;25.3;34.7;44.1;0.0;24.9;3.3;5.9
1980-09-02;23.6;33.4;43.2;0.0;25.1;1.8;6.0
1980-09-03;25.3;34.1;42.9;0.0;25.8;3.5;6.7
1980-09-04;27.2;34.8;42.4;0.0;24.4;4.6;8.2
1980-09-05;27.3;34.45;41.6;0.0;23.301;4.8;9.6
1980-09-06;27.0;34.25;41.5;0.0;23.5;4.4;9.8
1980-09-07;25.9;34.0;42.1;0.0;24.6;3.8;7.9
1980-09-08;25.0;33.8;42.6;0.0;24.3;3.7;6.7
1980-09-09;25.3;33.9;42.5;0.0;24.0;4.1;7.6
1980-09-10;26.1;34.2;42.3;0.0;23.8;4.3;8.4
1980-09-11;27.9;35.2;42.5;0.0;19.6;4.1;8.1
1980-09-12;28.6;35.7;42.8;0.0;23.8;4.5;8.0
1980-09-13;27.4;34.7;42.0;0.0;23.1;4.6;8.4
1980-09-14;27.3;34.1;40.9;0.0;21.7;4.6;9.2
1980-09-15;26.5;33.35;40.2;0.0;22.3;4.2;9.0
1980-09-16;25.6;32.8;40.0;0.0;22.6;3.7;8.4
1980-09-17;24.4;32.35;40.3;0.0;23.3;3.1;8.1
1980-09-18;24.17;32.48;40.8;0.0;23.1;3.1;8.1
1980-09-19;24.4;32.4;40.4;0.0;22.8;3.4;8.4
1980-09-20;24.5;32.1;39.7;0.0;22.3;3.4;8.0
1980-09-21;23.4;31.15;38.9;0.0;22.6;3.2;7.5
1980-09-22;22.2;30.25;38.3;0.0;22.5;3.0;8.3
1980-09-23;21.9;30.0;38.1;0.0;22.3;2.8;9.7
1980-09-24;21.5;29.7;37.9;0.0;22.7;3.1;9.3
1980-09-25;22.7;30.8;38.9;0.0;22.2;3.6;6.9
1980-09-26;23.4;31.6;39.8;0.0;22.1;3.4;6.6
1980-09-27;23.9;31.95;40.0;0.0;21.5;3.6;8.0
1980-09-28;25.9;33.15;40.4;0.0;21.1;4.0;7.9
1980-09-29;26.5;33.45;40.4;0.0;21.0;3.6;8.6
1980-09-30;25.4;32.55;39.7;0.0;21.275;3.3;9.3
1980-10-01;24.0;31.2;38.4;0.0;20.8;3.0;10.0
1980-10-02;22.7;30.0;37.3;0.0;20.9;3.0;9.9
1980-10-03;22.1;28.8;35.5;0.0;20.9;3.1;10.0
1980-10-04;20.7;27.66;34.63;0.0;20.5;2.2;12.2
1980-10-05;19.7;27.25;34.8;0.0;20.4;1.7;13.0
1980-10-06;20.0;27.15;34.3;0.0;20.4;2.9;11.0
1980-10-07;20.55;26.88;33.2;0.0;20.4;3.5;13.1
1980-10-08;19.9;26.2;32.5;0.0;20.5;3.4;12.7
1980-10-09;18.3;25.4;32.5;0.0;21.8;3.2;9.0
1980-10-10;18.8;25.75;32.7;0.0;20.4;3.5;9.81
1980-10-11;18.4;25.6;32.8;0.0;20.3;3.3;10.4
1980-10-12;17.3;25.15;33.0;0.0;20.3;2.9;8.8
1980-10-13;16.3;25.05;33.8;0.0;20.2;2.3;8.8
1980-10-14;16.0;25.8;35.6;0.0;20.0;2.2;8.7
1980-10-15;18.6;27.42;36.24;0.0;19.7;3.1;10.9
1980-10-16;19.3;27.05;34.8;0.0;19.7;3.3;10.4
1980-10-17;16.7;25.3;33.9;0.0;19.7;2.1;9.0
1980-10-18;15.2;25.2;35.2;0.0;19.5;1.4;8.3
1980-10-19;17.5;26.7;35.9;0.0;18.7;1.09;11.6
1980-10-20;23.6;29.3;35.0;0.0;9.5;2.9;14.6
1980-10-21;23.6;29.5;35.4;0.0;17.8;3.8;14.6
1980-10-22;22.3;27.97;33.64;0.0;18.3;3.5;14.4
1980-10-23;18.9;25.62;32.34;0.0;18.7;2.7;12.0
1980-10-24;16.5;24.6;32.7;0.0;18.6;2.0;11.2
1980-10-25;16.4;24.9;33.4;0.0;18.4;1.9;12.3
1980-10-26;17.6;25.15;32.7;0.0;18.0;2.7;16.87
1980-10-27;18.6;25.5;32.4;0.0;17.8;2.2;17.6
1980-10-28;17.6;25.5;33.4;0.0;17.8;2.2;13.19
1980-10-29;18.4;25.95;33.5;0.0;17.7;2.8;11.7
1980-10-30;19.6;26.35;33.1;0.0;18.2;3.4;12.82
1980-10-31;19.5;25.95;32.4;0.0;17.3;3.3;15.3
1980-11-01;18.3;25.0;31.7;0.0;18.3;3.3;14.4
1980-11-02;18.6;24.65;30.7;0.0;18.1;3.5;13.3
1980-11-03;17.9;24.2;30.5;0.0;17.1;3.2;14.9
1980-11-04;17.2;24.0;30.8;0.0;17.2;2.9;15.0
1980-11-05;14.0;22.2;30.4;0.0;17.6;1.8;10.4
1980-11-06;12.6;22.49;32.38;0.0;17.3;0.3;9.6
1980-11-07;14.6;23.9;33.2;0.0;17.2;1.4;11.9
1980-11-08;17.6;25.85;34.1;0.0;17.2;2.5;13.3
1980-11-09;17.99;25.99;34.0;0.0;18.071;3.4;12.8
1980-11-10;18.2;25.5;32.8;0.0;17.2;3.1;11.6
1980-11-11;17.9;25.65;33.4;0.0;17.4;2.4;11.4
1980-11-12;18.3;25.85;33.4;0.0;17.7;2.6;11.72
1980-11-13;18.5;24.9;31.3;0.0;16.9;3.6;9.8
1980-11-14;15.19;23.0;30.8;0.0;17.0;2.4;11.2
1980-11-15;13.4;22.2;31.0;0.0;17.4;2.2;10.3
1980-11-16;13.4;22.0;30.6;0.0;16.8;2.6;10.3
1980-11-17;15.2;19.85;24.5;0.0;16.5;3.8;13.8
1980-11-18;12.0;17.4;22.8;0.0;15.979;3.16;16.1
1980-11-19;12.0;17.4;22.8;0.0;15.9;3.1;20.0
1980-11-20;9.3;16.4;23.5;0.0;17.0;2.5;15.6
1980-11-21;8.8;17.05;25.3;0.0;15.8;0.55;18.3
1980-11-22;9.8;18.25;26.7;0.0;15.6;0.1;19.5
1980-11-23;12.6;20.86;29.13;0.0;15.4;2.0;13.2
1980-11-24;14.7;20.85;27.0;0.0;15.6;3.2;20.2
1980-11-25;13.8;20.3;26.8;0.0;15.6;1.8;25.37
1980-11-26;12.3;20.75;29.2;0.0;16.2;1.3;14.7
1980-11-27;11.6;20.9;30.2;0.0;15.5;2.3;12.4
1980-11-28;13.4;20.7;28.0;0.0;15.1;3.1;16.2
1980-11-29;13.3;19.35;25.4;0.0;14.9;3.3;19.0
1980-11-30;12.5;18.35;24.2;0.0;14.7;2.7;23.1
1980-12-01;9.4;17.15;24.9;0.0;14.8;1.3;18.0
1980-12-02;7.5;16.7;25.9;0.0;14.6;0.8;15.5
1980-12-03;10.34;18.22;26.1;0.0;14.0;1.7;19.8
1980-12-04;13.5;20.15;26.8;0.0;12.7;2.3;24.2
1980-12-05;13.9;21.0;28.1;0.0;13.9;2.7;21.7
1980-12-06;13.5;20.7;27.9;0.0;13.9;3.4;23.1
1980-12-07;12.6;19.65;26.7;0.0;14.0;3.8;20.4
1980-12-08;10.4;17.75;25.1;0.0;14.1;3.1;18.8
1980-12-09;9.2;16.35;23.5;0.0;14.3;2.0;18.4
1980-12-10;7.8;15.54;23.28;0.0;13.9;0.8;17.68
1980-12-11;8.7;16.9;25.1;0.0;13.361;2.4;16.7
1980-12-12;8.3;15.15;22.0;0.0;13.8;3.1;18.6
1980-12-13;10.5;14.05;17.6;0.0;13.4;4.2;29.4
1980-12-14;7.6;10.84;14.08;0.0;14.1;3.5;22.7
1980-12-15;5.7;11.65;17.6;0.0;13.6;3.4;24.2
1980-12-16;8.6;14.45;20.3;0.0;15.3;4.1;22.0
1980-12-17;10.1;15.4;20.7;0.0;13.465;3.8;27.7
1980-12-18;8.3;15.15;22.0;0.0;13.5;3.3;20.54
1980-12-19;6.1;14.05;22.0;0.0;13.4;2.1;21.2
1980-12-20;6.4;14.05;21.7;0.0;13.6;2.6;19.5
1980-12-21;8.0;14.25;20.5;0.0;12.886;2.7;22.4
1980-12-22;5.4;13.0;20.6;0.0;13.5;2.0;18.7
1980-12-23;6.0;14.1;22.2;0.0;15.5;2.2;17.6
1980-12-24;7.45;15.42;23.4;0.0;14.0;2.5;19.7
1980-12-25;7.9;15.5;23.1;0.0;14.5;2.6;20.0
1980-12-26;6.1;14.45;22.8;0.0;13.4;1.1;15.7
1980-12-27;5.1;14.5;23.9;0.0;13.286;1.8;14.6
1980-12-28;8.5;13.8;19.1;0.0;15.6;3.4;13.0
1980-12-29;4.93;9.86;14.78;0.0;14.4;3.1;19.1
1980-12-30;2.55;9.91;17.26;0.0;14.7;1.7;16.2
1980-12-31;2.22;10.06;17.9;0.0;15.0;1.7;23.8
1981-01-01;4.9;11.83;18.76;0.0;15.1;2.5;18.8
1981-01-02;7.0;13.9;20.8;0.0;15.5;2.8;17.2
1981-01-03;6.7;14.1;21.5;0.0;14.1;2.5;19.6
1981-01-04;4.5;13.15;21.8;0.0;14.0;1.0;16.9
1981-01-05;3.46;13.22;22.99;0.0;14.6;1.0;13.5
1981-01-06;3.43;13.52;23.6;0.0;16.1;1.5;13.6
1981-01-07;7.0;12.45;17.9;0.0;16.3;3.4;15.8
1981-01-08;3.7;10.09;16.48;0.0;16.3;2.7;15.96
1981-01-09;5.3;11.08;16.86;0.0;15.4;3.5;15.0
1981-01-10;5.5;12.25;19.0;0.0;16.2;3.9;13.72
1981-01-11;7.3;13.8;20.3;0.0;15.6;3.8;19.7
1981-01-12;6.8;14.4;22.0;0.0;15.4;2.9;22.2
1981-01-13;8.0;17.0;26.0;0.0;15.0;3.0;17.5
1981-01-14;10.3;20.25;30.2;0.0;14.998;3.1;12.4
1981-01-15;10.6;20.0;29.4;0.0;15.4;1.9;16.3
1981-01-16;12.2;20.3;28.4;0.0;15.3;2.7;20.2
1981-01-17;11.02;19.66;28.3;0.0;15.7;2.9;14.3
1981-01-18;11.1;20.35;29.6;0.0;15.5;2.4;12.1
1981-01-19;12.2;21.25;30.3;0.0;16.1;2.1;14.0
1981-01-20;13.2;21.3;29.4;0.0;16.0;3.1;18.9
1981-01-21;11.6;19.75;27.9;0.0;15.6;2.8;17.1
1981-01-22;11.1;18.0;24.9;0.0;15.784;3.4;16.8
1981-01-23;12.0;17.05;22.1;0.0;15.7;4.1;18.21
1981-01-24;9.7;13.75;17.8;0.0;16.1;4.5;17.6
1981-01-25;6.8;12.35;17.9;0.0;16.1;4.0;18.9
1981-01-26;5.2;13.1;21.0;0.0;16.0;3.1;21.7
1981-01-27;6.5;15.85;25.2;0.0;16.7;3.4;19.8
1981-01-28;9.1;18.35;27.6;0.0;16.254;3.7;14.5
1981-01-29;10.4;19.5;28.6;0.0;16.3;3.3;13.19
1981-01-30;10.2;19.5;28.8;0.0;16.3;3.2;12.8
1981-01-31;12.3;20.05;27.8;0.0;16.3;3.8;14.9
1981-02-01;13.2;19.6;26.0;0.0;16.4;3.9;13.9
1981-02-02;11.7;19.0;26.3;0.0;16.6;3.9;11.6
1981-02-03;11.0;19.5;28.0;0.0;17.0;3.9;11.1
1981-02-04;11.0;19.85;28.7;0.0;16.9;3.7;11.2
1981-02-05;11.7;20.65;29.6;0.0;17.0;3.8;11.0
1981-02-06;12.61;21.3;30.0;0.0;17.056;4.0;11.3
1981-02-07;12.7;21.45;30.2;0.0;17.4;4.0;11.3
1981-02-08;11.9;21.3;30.7;0.0;17.3;3.3;11.2
1981-02-09;14.1;22.75;31.4;0.0;17.2;3.2;14.1
1981-02-10;16.2;24.85;33.5;0.0;19.0;2.9;15.1
1981-02-11;14.8;24.25;33.7;0.0;17.9;2.9;9.8
1981-02-12;17.6;23.25;28.9;0.0;18.2;4.3;10.8
1981-02-13;15.23;20.27;25.3;0.0;18.8;3.9;15.4
1981-02-14;12.9;17.95;22.99;0.0;18.6;4.1;16.4
1981-02-15;10.9;15.6;20.3;0.0;19.3;4.1;13.6
1981-02-16;7.3;14.5;21.7;0.0;19.2;3.8;10.4
1981-02-17;10.4;16.35;22.3;0.0;20.1;4.2;12.7
1981-02-18;9.8;15.9;22.0;0.0;19.0;3.8;14.4
1981-02-19;8.0;15.55;23.1;0.0;19.0;2.7;13.0
1981-02-20;7.8;16.65;25.5;0.0;19.7;1.4;12.4
1981-02-21;12.9;20.6;28.3;0.0;18.8;1.9;15.0
1981-02-22;11.1;19.8;28.5;0.0;19.2;2.5;11.4
1981-02-23;13.32;19.36;25.4;0.0;19.3;3.8;14.0
1981-02-24;9.9;17.45;25.0;0.0;20.665;3.3;10.2
1981-02-25;9.0;17.75;26.5;0.0;21.2;2.9;10.0
1981-02-26;8.9;18.0;27.1;0.0;20.2;2.0;9.5
1981-02-27;7.7;17.5;27.3;0.0;20.5;2.7;8.5
1981-02-28;9.69;18.2;26.7;0.0;20.5;3.8;12.9
1981-03-01;11.6;16.55;21.5;0.0;21.2;4.4;14.5
1981-03-02;8.7;14.85;21.0;0.0;21.1;3.8;14.5
1981-03-03;7.2;13.65;20.1;0.0;20.8;3.5;16.2
1981-03-04;8.2;15.1;22.0;0.0;20.7;3.4;18.1
1981-03-05;7.3;16.0;24.7;0.0;20.8;2.8;18.1
1981-03-06;8.8;17.55;26.3;0.0;21.2;2.6;13.9
1981-03-07;9.1;18.35;27.6;0.0;21.5;3.0;10.0
1981-03-08;11.7;20.0;28.3;0.0;22.1;3.6;10.6
1981-03-09;10.7;20.35;30.0;0.0;23.0;3.0;8.4
1981-03-10;12.5;22.2;31.9;0.0;23.1;2.8;5.8
1981-03-11;13.2;23.2;33.2;0.0;22.9;2.6;6.4
1981-03-12;16.7;25.35;34.0;0.0;22.6;2.6;11.5
1981-03-13;18.5;26.55;34.6;0.0;21.4;3.1;13.9
1981-03-14;18.9;27.25;35.6;0.0;22.9;2.7;13.0
1981-03-15;18.4;25.5;32.6;0.0;23.8;4.4;9.8
1981-03-16;18.3;23.15;28.0;0.0;24.3;4.6;11.3
1981-03-17;15.3;20.55;25.79;0.0;24.3;4.1;11.6
1981-03-18;12.6;18.95;25.3;0.0;22.7;3.3;12.7
1981-03-19;11.3;18.8;26.3;0.0;22.6;2.5;13.9
1981-03-20;11.1;19.2;27.3;0.0;23.0;2.7;11.0
1981-03-21;10.4;19.9;29.4;0.0;22.9;2.2;10.58
1981-03-22;15.5;22.0;28.5;0.0;23.586;3.5;10.8
1981-03-23;11.9;20.5;29.1;0.0;23.2;2.5;11.5
1981-03-24;14.7;23.8;32.9;0.0;24.5;2.5;9.8
1981-03-25;18.9;28.25;37.6;0.0;25.4;3.6;5.9
1981-03-26;21.8;30.45;39.1;0.0;24.4;4.1;4.7
1981-03-27;21.0;26.9;32.8;0.0;23.6;4.7;8.9
1981-03-28;17.7;24.65;31.6;0.0;23.9;3.9;10.4
1981-03-29;15.0;23.8;32.6;0.0;24.4;3.4;7.7
1981-03-30;14.5;24.0;33.5;0.0;24.2;2.6;7.4
1981-03-31;13.7;24.2;34.7;0.0;25.0;2.0;7.3
1981-04-01;15.5;24.75;34.0;0.0;24.6;2.2;6.6
1981-04-02;14.7;24.95;35.2;0.0;26.9;1.7;7.3
1981-04-03;16.8;26.85;36.9;0.0;25.3;1.8;6.0
1981-04-04;20.6;28.65;36.7;0.0;25.1;4.6;6.5
1981-04-05;15.5;21.9;28.3;0.0;25.0;4.0;9.4
1981-04-06;12.2;21.65;31.1;0.0;25.0;2.1;8.5
1981-04-07;14.1;22.95;31.8;0.0;24.8;3.7;8.7
1981-04-08;17.5;23.04;28.57;0.0;27.2;4.5;8.2
1981-04-09;15.5;22.5;29.5;0.0;26.9;3.5;9.0
1981-04-10;14.1;22.75;31.4;0.0;28.401;3.0;8.2
1981-04-11;12.6;22.5;32.4;0.0;25.7;2.4;6.7
1981-04-12;10.6;22.1;33.6;0.0;26.3;1.0;4.4
1981-04-13;12.0;24.0;36.0;0.0;25.9;1.5;3.4
1981-04-14;19.4;29.2;39.0;0.0;25.559;3.9;7.3
1981-04-15;21.8;30.8;39.8;0.0;25.4;2.8;9.0
1981-04-16;21.7;29.7;37.7;0.0;25.2;3.3;9.5
1981-04-17;20.7;29.1;37.5;0.0;25.1;3.2;12.1
1981-04-18;21.9;29.95;38.0;0.0;25.1;4.0;12.2
1981-04-19;23.0;31.5;40.0;0.0;25.3;4.4;9.2
1981-04-20;23.2;31.9;40.6;0.0;25.6;3.5;9.2
1981-04-21;22.6;31.85;41.1;0.0;27.0;2.9;7.2
1981-04-22;23.3;32.1;40.9;0.0;28.1;2.5;5.6
1981-04-23;23.8;31.85;39.9;0.0;25.4;3.5;8.2
1981-04-24;24.5;31.2;37.9;0.0;25.3;4.5;8.8
1981-04-25;23.1;29.45;35.8;0.0;25.7;4.5;8.0
1981-04-26;22.1;27.75;33.4;0.0;25.7;4.0;7.9
1981-04-27;18.5;25.85;33.2;0.0;26.4;3.2;6.2
1981-04-28;14.8;24.2;33.6;0.0;26.5;2.2;8.7
1981-04-29;18.11;25.8;33.5;0.0;27.8;2.7;9.0
1981-04-30;18.4;26.46;34.52;0.0;26.4;2.2;9.9
1981-05-01;18.9;27.46;36.02;0.0;26.7;2.0;7.9
1981-05-02;19.8;29.15;38.5;0.0;26.7;2.1;6.1
1981-05-03;21.4;30.7;39.99;0.0;26.9;2.2;5.6
1981-05-04;23.5;32.3;41.1;0.0;26.7;2.7;4.8
1981-05-05;25.3;33.25;41.2;0.0;25.6;3.3;4.7
1981-05-06;23.7;32.45;41.2;0.0;26.7;2.9;5.0
1981-05-07;22.6;31.35;40.1;0.0;26.8;2.3;6.2
1981-05-08;23.7;32.55;41.4;0.0;28.0;2.6;5.9
1981-05-09;24.7;33.15;41.6;0.0;23.8;3.5;7.2
1981-05-10;24.8;32.0;39.2;0.0;21.9;3.7;11.09
1981-05-11;23.2;30.85;38.5;0.0;26.7;3.1;10.2
1981-05-12;20.4;29.1;37.8;0.0;27.5;2.4;8.0
1981-05-13;19.0;29.0;39.0;0.0;28.5;1.2;7.3
1981-05-14;23.9;32.2;40.5;0.0;27.0;2.8;8.1
1981-05-15;23.6;31.95;40.3;0.0;26.8;3.4;10.8
1981-05-16;24.0;31.95;39.9;0.0;26.2;2.8;14.1
1981-05-17;24.4;32.2;40.0;0.0;26.4;3.1;13.1
1981-05-18;24.4;32.5;40.6;0.0;28.5;3.0;13.3
1981-05-19;23.6;30.55;37.5;1.26;23.5;1.3;29.7
1981-05-20;22.4;29.75;37.1;0.0;25.7;1.9;20.1
1981-05-21;23.3;30.5;37.7;0.0;20.6;2.5;16.5
1981-05-22;22.9;31.44;39.98;0.0;23.7;2.4;12.5
1981-05-23;23.9;32.45;41.0;0.0;24.7;2.6;9.7
1981-05-24;24.5;32.7;40.9;0.0;28.7;2.5;10.6
1981-05-25;24.9;32.86;40.83;0.0;25.5;2.4;12.2
1981-05-26;23.4;32.15;40.9;0.0;27.0;2.4;10.3
1981-05-27;22.3;31.6;40.9;0.0;28.401;1.4;8.4
1981-05-28;24.8;33.6;42.4;0.0;28.7;3.3;10.1
1981-05-29;25.7;33.65;41.6;0.0;28.6;3.3;9.7
1981-05-30;25.3;33.7;42.1;0.0;27.4;3.2;6.96
1981-05-31;25.6;33.4;41.2;0.0;29.2;3.6;7.7
1981-06-01;26.9;34.1;41.3;0.0;20.4;3.0;10.8
1981-06-02;25.7;33.4;41.1;0.0;18.5;2.8;11.4
1981-06-03;24.8;33.15;41.5;0.0;21.4;2.6;12.9
1981-06-04;23.9;32.35;40.8;0.0;20.3;3.1;15.47
1981-06-05;25.9;33.55;41.2;0.0;22.9;4.0;13.9
1981-06-06;26.9;33.85;40.8;0.0;20.953;3.6;11.6
1981-06-07;25.7;33.8;41.9;0.0;26.0;3.3;9.5
1981-06-08;26.7;35.1;43.5;0.0;28.3;4.1;7.24
1981-06-09;26.0;34.25;42.5;0.0;28.0;3.3;10.2
1981-06-10;26.1;34.15;42.2;1.5;26.9;4.1;13.5
1981-06-11;25.0;33.05;41.1;0.0;25.533;3.4;20.5
1981-06-12;24.6;32.8;41.0;0.0;23.8;2.3;18.2
1981-06-13;24.4;32.5;40.6;0.0;25.6;2.9;17.9
1981-06-14;25.6;33.2;40.8;0.0;25.6;3.2;15.0
1981-06-15;25.0;32.65;40.3;0.0;25.2;2.4;16.9
1981-06-16;24.9;32.7;40.5;0.0;26.285;2.9;10.7
1981-06-17;24.6;32.8;41.0;0.0;26.7;3.2;8.8
1981-06-18;24.1;32.55;41.0;0.0;27.0;3.4;8.0
1981-06-19;24.2;32.5;40.8;0.0;28.0;4.1;6.4
1981-06-20;24.9;32.9;40.9;0.0;27.6;4.5;6.8
1981-06-21;25.3;33.45;41.6;0.0;27.6;4.3;4.8
1981-06-22;25.4;34.65;43.9;0.0;27.1;4.3;5.8
1981-06-23;27.3;36.25;45.2;0.0;25.6;4.6;6.1
1981-06-24;28.2;37.0;45.8;0.0;28.2;4.7;4.2
1981-06-25;27.1;36.6;46.1;0.0;28.351;4.0;3.1
1981-06-26;29.1;37.3;45.5;0.0;25.7;3.7;3.8
1981-06-27;26.8;36.4;46.0;0.0;25.8;2.7;4.4
1981-06-28;25.9;36.05;46.2;0.0;27.0;1.6;4.8
1981-06-29;26.9;36.85;46.8;0.0;27.2;3.6;3.1
1981-06-30;32.29;39.39;46.5;0.0;26.9;5.3;3.4
1981-07-01;29.1;36.9;44.7;0.0;27.2;4.7;5.1
1981-07-02;27.9;35.7;43.5;0.0;27.4;4.4;5.8
1981-07-03;26.7;34.7;42.7;0.0;26.9;3.9;5.8
1981-07-04;25.5;34.2;42.9;0.0;26.9;3.4;5.7
1981-07-05;25.6;34.35;43.1;0.0;27.1;3.8;5.8
1981-07-06;26.18;34.34;42.5;0.0;27.1;4.2;5.6
1981-07-07;26.0;33.85;41.7;0.0;28.8;4.2;4.7
1981-07-08;25.0;33.65;42.3;0.0;28.6;3.7;4.7
1981-07-09;25.2;34.5;43.8;0.0;28.7;3.6;4.8
1981-07-10;25.84;35.32;44.8;0.0;27.557;3.6;4.3
1981-07-11;26.3;35.9;45.5;0.0;26.8;3.8;4.1
1981-07-12;26.8;36.3;45.8;0.0;26.7;3.9;3.9
1981-07-13;27.3;36.3;45.3;0.0;26.8;4.3;3.7
1981-07-14;26.7;35.55;44.4;0.0;26.9;4.0;4.0
1981-07-15;26.2;34.95;43.7;0.0;27.4;4.0;4.1
1981-07-16;26.3;34.6;42.9;0.0;27.5;4.2;4.4
1981-07-17;27.3;34.5;41.7;0.0;27.7;4.6;7.2
1981-07-18;26.5;34.0;41.5;0.0;27.6;3.9;7.8
1981-07-19;26.2;34.35;42.5;0.0;26.0;3.0;9.4
1981-07-20;26.2;35.05;43.9;0.0;28.8;3.3;8.2
1981-07-21;28.0;36.55;45.1;0.0;25.7;4.6;5.9
1981-07-22;32.05;38.77;45.5;0.0;21.8;4.7;5.8
1981-07-23;28.3;37.7;47.1;0.0;30.1;3.8;4.1
1981-07-24;32.44;39.47;46.5;0.0;28.9;4.5;3.8
1981-07-25;29.2;37.6;46.0;0.0;27.0;4.5;3.9
1981-07-26;28.5;36.75;45.0;0.0;25.8;4.6;5.6
1981-07-27;28.56;36.33;44.1;0.0;26.2;5.0;5.8
1981-07-28;27.9;34.95;42.0;0.0;27.0;5.1;6.4
1981-07-29;26.1;33.2;40.3;0.0;28.8;4.5;6.3
1981-07-30;24.5;32.4;40.3;0.0;28.9;3.9;6.6
1981-07-31;24.2;32.45;40.7;0.0;29.1;3.8;7.3
1981-08-01;23.3;32.15;41.0;0.0;27.1;3.3;6.5
1981-08-02;23.0;32.3;41.6;0.0;28.2;2.7;6.8
1981-08-03;23.6;32.7;41.8;0.0;28.4;3.1;7.1
1981-08-04;23.8;32.45;41.1;0.0;26.4;3.1;6.6
1981-08-05;23.5;32.1;40.7;0.0;26.3;2.2;7.8
1981-08-06;23.8;32.6;41.4;0.0;26.5;2.7;8.8
1981-08-07;26.1;33.85;41.6;0.0;25.6;4.0;9.2
1981-08-08;26.7;34.35;42.0;0.0;28.8;4.0;8.0
1981-08-09;25.8;34.3;42.8;0.0;28.0;3.5;6.3
1981-08-10;25.0;34.2;43.4;0.0;26.7;3.2;5.5
1981-08-11;25.5;34.1;42.7;0.0;26.6;3.6;6.7
1981-08-12;25.1;33.35;41.6;0.0;25.938;3.5;6.1
1981-08-13;24.5;32.9;41.3;0.0;25.776;3.3;7.1
1981-08-14;24.5;32.91;41.31;0.0;25.5;3.3;8.0
1981-08-15;25.6;33.1;40.6;0.0;26.5;4.4;9.17
1981-08-16;25.2;31.9;38.6;0.0;25.8;4.3;8.4
1981-08-17;23.5;31.25;39.0;0.0;26.6;3.4;8.3
1981-08-18;22.9;31.5;40.1;0.0;26.7;3.4;8.4
1981-08-19;22.5;31.75;41.0;0.0;26.5;3.0;6.9
1981-08-20;22.1;31.85;41.6;0.0;26.1;1.4;8.1
1981-08-21;23.4;32.6;41.8;0.0;25.9;2.1;8.0
1981-08-22;24.3;33.4;42.49;0.0;27.2;3.7;6.0
1981-08-23;26.1;34.5;42.9;0.0;24.7;4.3;5.3
1981-08-24;27.2;35.85;44.5;0.0;24.825;4.7;6.1
1981-08-25;26.4;34.65;42.9;3.07;20.1;3.7;16.4
1981-08-26;26.1;34.35;42.6;0.0;24.2;2.4;25.5
1981-08-27;25.6;34.15;42.7;0.0;23.1;1.7;22.2
1981-08-28;26.6;34.2;41.8;0.0;23.1;1.0;25.6
1981-08-29;25.6;33.5;41.4;0.0;23.1;1.4;21.7
1981-08-30;25.5;34.1;42.7;0.0;24.2;1.6;12.2
1981-08-31;26.1;34.65;43.2;0.0;23.8;3.3;10.8
1981-09-01;27.9;34.85;41.8;0.0;23.8;5.0;10.4
1981-09-02;26.5;32.8;39.1;0.0;23.6;5.1;10.5
1981-09-03;24.9;31.4;37.9;0.0;24.1;4.6;8.8
1981-09-04;24.1;31.3;38.5;0.0;24.2;4.2;8.0
1981-09-05;24.6;32.35;40.1;0.0;23.4;4.4;8.3
1981-09-06;25.6;33.3;41.0;0.0;23.4;4.6;7.7
1981-09-07;25.8;33.7;41.6;0.0;23.654;4.8;7.3
1981-09-08;26.0;33.8;41.6;0.0;23.8;5.1;6.6
1981-09-09;25.7;33.75;41.8;0.0;23.8;5.0;6.6
1981-09-10;25.9;34.05;42.2;0.0;23.6;4.7;7.5
1981-09-11;25.7;34.05;42.4;0.0;23.5;4.4;6.8
1981-09-12;25.8;34.1;42.4;0.0;23.3;4.4;6.3
1981-09-13;25.8;34.05;42.3;0.0;23.2;4.4;6.3
1981-09-14;25.7;33.6;41.5;0.0;23.1;4.3;7.3
1981-09-15;25.6;33.0;40.4;0.0;22.9;4.2;8.0
1981-09-16;25.1;31.95;38.8;0.0;23.4;4.4;9.2
1981-09-17;25.1;31.0;36.9;0.0;23.2;4.7;11.4
1981-09-18;24.2;30.1;36.0;0.0;23.1;4.6;10.1
1981-09-19;23.6;29.35;35.1;0.0;22.9;4.8;10.7
1981-09-20;22.7;28.05;33.4;0.0;22.9;4.7;11.1
1981-09-21;21.9;27.5;33.1;0.0;22.8;4.2;10.9
1981-09-22;21.2;27.95;34.7;0.0;24.1;3.7;10.3
1981-09-23;21.4;28.9;36.4;0.0;23.0;3.3;9.71
1981-09-24;21.7;29.6;37.5;0.0;23.1;3.0;10.0
1981-09-25;21.9;29.85;37.8;0.0;22.5;3.0;9.1
1981-09-26;21.7;29.9;38.1;0.0;22.1;3.1;8.4
1981-09-27;22.2;30.5;38.8;0.0;21.5;3.6;8.6
1981-09-28;23.9;31.25;38.6;0.0;21.4;4.2;9.2
1981-09-29;24.2;30.7;37.2;0.0;21.2;4.6;10.9
1981-09-30;23.5;29.7;35.9;0.0;21.2;4.2;10.9
1981-10-01;22.1;29.36;36.61;0.0;21.2;2.9;10.3
1981-10-02;22.8;29.85;36.9;0.0;21.0;3.3;9.9
1981-10-03;23.1;29.5;35.9;0.0;20.6;3.9;11.4
1981-10-04;22.72;28.61;34.5;0.0;20.6;3.8;12.0
1981-10-05;20.3;27.25;34.2;0.0;20.9;3.2;9.9
1981-10-06;18.5;26.6;34.7;0.0;20.8;2.9;10.5
1981-10-07;17.9;26.75;35.6;0.0;20.6;2.7;10.3
1981-10-08;17.55;27.02;36.5;0.0;20.5;2.5;9.8
1981-10-09;18.2;27.55;36.9;0.0;20.5;3.2;10.8
1981-10-10;18.5;28.61;38.72;0.0;20.8;3.1;8.9
1981-10-11;18.7;28.85;39.0;0.0;20.4;3.1;8.4
1981-10-12;18.5;28.3;38.1;0.0;20.3;2.7;8.8
1981-10-13;19.3;28.35;37.4;0.0;21.1;1.9;7.9
1981-10-14;19.9;28.55;37.2;0.0;19.9;1.3;7.9
1981-10-15;19.5;27.6;35.7;0.0;19.521;2.4;10.3
1981-10-16;21.7;28.1;34.5;0.0;19.2;3.3;12.9
1981-10-17;21.7;27.4;33.1;0.0;19.2;3.6;11.2
1981-10-18;20.1;26.4;32.7;0.0;19.0;2.9;14.9
1981-10-19;20.0;26.5;33.0;0.0;19.6;2.7;16.9
1981-10-20;20.1;26.6;33.1;0.0;18.6;2.5;15.8
1981-10-21;19.3;26.5;33.7;0.0;18.684;2.5;13.8
1981-10-22;19.7;26.85;34.0;0.0;19.1;3.2;14.2
1981-10-23;19.5;26.6;33.7;0.0;18.8;3.5;12.7
1981-10-24;18.3;25.7;33.1;0.0;19.7;3.7;12.0
1981-10-25;17.77;25.41;33.04;0.0;18.5;2.5;11.7
1981-10-26;17.2;25.7;34.2;0.0;18.2;2.7;11.9
1981-10-27;21.0;27.15;33.3;0.0;17.8;4.3;17.5
1981-10-28;20.4;26.35;32.3;0.0;18.0;3.9;13.5
1981-10-29;17.6;24.95;32.3;0.0;18.0;3.1;10.9
1981-10-30;16.0;24.0;32.0;0.0;17.9;3.1;11.3
1981-10-31;17.3;24.3;31.3;0.0;17.4;3.0;15.6
1981-11-01;16.0;24.15;32.3;0.0;17.6;2.5;13.3
1981-11-02;16.6;25.0;33.4;0.0;17.7;2.2;11.8
1981-11-03;16.8;25.1;33.4;0.0;17.3;2.5;11.2
1981-11-04;17.1;24.45;31.8;0.0;17.3;2.9;12.9
1981-11-05;14.7;23.3;31.9;0.0;18.1;1.2;11.6
1981-11-06;16.2;25.25;34.3;0.0;18.4;2.7;12.0
1981-11-07;18.0;25.85;33.7;0.0;16.8;2.2;13.5
1981-11-08;16.7;24.78;32.87;0.0;16.7;1.9;16.7
1981-11-09;19.3;25.2;31.1;0.0;16.231;3.9;18.9
1981-11-10;18.7;23.35;28.0;0.0;16.4;4.5;16.3
1981-11-11;16.3;21.75;27.19;0.0;16.4;4.1;16.5
1981-11-12;14.8;21.91;29.03;0.0;17.3;3.2;13.0
1981-11-13;15.7;22.95;30.2;0.0;16.3;3.4;12.7
1981-11-14;16.59;22.89;29.2;0.0;16.2;3.9;14.5
1981-11-15;16.0;21.8;27.6;0.0;16.1;3.8;18.4
1981-11-16;15.2;20.65;26.1;0.0;16.4;3.6;15.12
1981-11-17;13.7;20.1;26.5;0.0;16.4;3.0;16.2
1981-11-18;12.9;20.25;27.6;0.0;16.3;2.8;17.4
1981-11-19;12.8;20.45;28.1;0.0;16.4;2.5;18.6
1981-11-20;13.4;20.8;28.2;0.0;16.2;2.7;15.1
1981-11-21;13.2;21.4;29.6;0.0;16.0;2.3;16.4
1981-11-22;13.9;22.0;30.1;0.0;15.7;2.1;16.9
1981-11-23;12.3;21.35;30.4;0.0;15.5;1.1;15.5
1981-11-24;14.9;20.15;25.4;0.0;15.6;4.1;8.6
1981-11-25;11.1;17.05;23.0;0.0;15.6;3.1;10.8
1981-11-26;7.6;14.8;22.0;0.0;15.4;2.6;17.25
1981-11-27;9.67;15.39;21.1;0.0;15.2;2.7;19.8
1981-11-28;6.12;14.06;22.0;0.0;15.2;1.7;18.1
1981-11-29;8.1;15.4;22.7;0.0;15.0;3.2;16.6
1981-11-30;10.2;16.15;22.1;0.0;15.0;3.6;16.2
1981-12-01;10.4;16.6;22.8;0.0;14.7;3.5;22.3
1981-12-02;9.3;16.65;24.0;0.0;14.6;2.8;23.5
1981-12-03;9.1;17.05;25.0;0.0;15.0;2.5;17.7
1981-12-04;8.4;16.84;25.29;0.0;14.5;1.7;17.3
1981-12-05;7.46;16.83;26.2;0.0;15.3;1.0;14.8
1981-12-06;7.9;16.7;25.5;0.0;15.0;3.0;13.9
1981-12-07;10.2;17.85;25.5;0.0;14.9;3.0;23.2
1981-12-08;10.0;19.05;28.1;0.0;14.0;3.0;19.7
1981-12-09;12.2;20.5;28.8;0.0;13.9;3.4;19.8
1981-12-10;11.8;19.95;28.1;0.0;13.7;3.2;21.3
1981-12-11;10.6;18.95;27.3;0.0;13.6;3.0;20.7
1981-12-12;9.6;18.35;27.1;0.0;15.3;2.6;18.2
1981-12-13;9.8;17.9;26.0;0.0;13.549;2.1;17.7
1981-12-14;9.6;17.1;24.6;0.0;13.286;2.4;18.7
1981-12-15;9.44;16.67;23.9;0.0;13.8;2.7;14.5
1981-12-16;6.9;15.45;23.99;0.0;14.0;2.2;13.0
1981-12-17;7.9;15.45;23.0;0.0;14.0;2.4;12.7
1981-12-18;5.4;14.35;23.3;0.0;14.1;0.5;14.3
1981-12-19;3.7;13.2;22.7;0.0;13.8;0.7;15.0
1981-12-20;5.2;13.15;21.1;0.0;13.5;2.1;16.8
1981-12-21;8.53;15.46;22.4;0.0;15.388;3.3;15.7
1981-12-22;9.7;16.45;23.2;0.0;15.4;3.3;18.3
1981-12-23;9.3;15.8;22.3;0.0;15.9;3.3;17.3
1981-12-24;8.3;14.9;21.5;0.0;12.499;2.2;20.7
1981-12-25;5.1;13.45;21.8;0.0;13.549;1.3;15.8
1981-12-26;4.5;12.2;19.9;0.0;14.4;1.8;17.5
1981-12-27;5.3;12.9;20.5;0.0;11.699;1.7;27.0
1981-12-28;6.3;13.85;21.4;0.0;14.6;1.7;25.8
1981-12-29;6.4;13.6;20.8;0.0;15.1;2.2;22.0
1981-12-30;6.6;13.7;20.8;0.0;14.7;1.8;25.84
1981-12-31;6.3;14.1;21.9;0.0;15.2;0.9;23.45
1982-01-01;8.7;16.55;24.4;0.0;12.9;0.9;22.1
1982-01-02;12.6;20.2;27.8;0.0;14.998;3.2;16.2
1982-01-03;13.3;21.85;30.4;0.0;15.4;3.1;12.0
1982-01-04;13.5;22.52;31.53;0.0;14.7;3.6;10.0
1982-01-05;11.2;16.75;22.3;0.0;16.0;4.1;9.4
1982-01-06;8.3;14.1;19.9;0.0;16.1;2.7;15.1
1982-01-07;6.03;13.37;20.7;0.0;15.0;2.2;21.2
1982-01-08;5.2;12.98;20.77;0.0;14.6;2.3;17.9
1982-01-09;4.6;13.15;21.7;0.0;14.5;2.2;19.3
1982-01-10;6.1;14.3;22.5;0.0;14.5;2.4;21.61
1982-01-11;6.4;14.82;23.23;0.0;14.9;2.7;19.7
1982-01-12;7.0;15.5;24.0;0.0;15.4;2.3;17.0
1982-01-13;7.5;14.85;22.2;0.0;14.8;2.6;17.7
1982-01-14;6.5;14.6;22.7;0.0;16.3;1.3;16.21
1982-01-15;6.4;15.3;24.2;0.0;16.6;1.9;13.0
1982-01-16;9.3;16.95;24.6;0.0;16.4;2.9;17.31
1982-01-17;10.89;18.0;25.1;0.0;16.7;3.0;22.3
1982-01-18;10.5;17.7;24.9;0.0;15.7;2.8;16.8
1982-01-19;9.2;16.8;24.4;0.0;15.7;2.5;18.1
1982-01-20;9.2;17.25;25.3;0.0;16.1;1.2;18.9
1982-01-21;11.4;19.35;27.3;0.0;16.0;2.0;16.4
1982-01-22;10.5;18.65;26.8;0.0;15.8;1.6;15.7
1982-01-23;10.2;18.05;25.89;0.0;15.7;2.9;16.2
1982-01-24;10.5;16.2;21.9;0.0;15.9;3.7;19.4
1982-01-25;8.3;14.9;21.5;0.0;16.6;3.2;19.7
1982-01-26;6.4;14.9;23.4;0.0;17.676;2.3;15.02
1982-01-27;6.9;15.15;23.4;0.0;16.1;2.7;14.5
1982-01-28;9.7;15.55;21.4;0.0;16.4;4.3;14.21
1982-01-29;8.8;14.9;21.0;0.0;16.6;4.3;14.9
1982-01-30;6.8;14.45;22.1;0.0;16.6;3.8;14.8
1982-01-31;7.4;15.9;24.4;0.0;16.5;3.7;15.6
1982-02-01;8.1;17.15;26.2;0.0;17.8;3.7;12.2
1982-02-02;10.0;18.6;27.2;0.0;17.2;3.9;12.7
1982-02-03;10.3;18.7;27.1;0.0;16.5;3.0;11.5
1982-02-04;12.8;20.65;28.5;0.0;16.4;3.3;14.3
1982-02-05;13.9;21.45;29.0;0.0;16.6;3.3;15.3
1982-02-06;12.8;20.95;29.1;0.0;16.9;2.8;12.4
1982-02-07;11.3;20.75;30.2;0.0;17.7;2.4;10.3
1982-02-08;12.2;20.8;29.4;0.0;17.5;3.2;10.5
1982-02-09;12.6;20.45;28.3;0.0;17.387;3.4;11.2
1982-02-10;12.3;19.3;26.3;0.0;17.6;3.4;9.44
1982-02-11;8.7;17.35;26.0;0.0;18.1;1.7;11.4
1982-02-12;8.2;17.3;26.4;0.0;19.4;2.2;10.5
1982-02-13;12.4;18.5;24.61;0.0;20.054;2.7;11.7
1982-02-14;10.6;19.7;28.8;0.0;19.5;1.5;15.5
1982-02-15;13.2;21.0;28.8;0.0;19.7;3.8;11.3
1982-02-16;11.7;17.85;24.0;0.0;19.4;3.3;11.0
1982-02-17;9.2;17.65;26.1;0.0;20.3;3.1;10.5
1982-02-18;11.8;20.6;29.4;0.0;19.7;3.4;12.1
1982-02-19;15.1;23.8;32.5;0.0;19.7;3.4;8.5
1982-02-20;16.67;25.34;34.0;0.0;20.2;3.1;8.2
1982-02-21;19.6;27.1;34.6;0.0;20.4;3.4;12.6
1982-02-22;20.0;27.35;34.7;0.0;18.3;2.4;16.21
1982-02-23;18.2;25.15;32.1;0.0;19.8;3.9;12.5
1982-02-24;14.5;19.65;24.8;0.0;19.7;4.2;11.1
1982-02-25;11.2;16.95;22.7;0.0;19.8;2.8;13.7
1982-02-26;7.7;16.4;25.1;0.0;19.8;1.7;13.2
1982-02-27;9.88;18.34;26.8;0.0;21.3;2.0;14.5
1982-02-28;11.7;19.25;26.8;0.0;20.9;3.3;15.7
1982-03-01;14.4;19.8;25.2;0.0;21.6;3.7;8.2
1982-03-02;10.7;18.55;26.4;0.0;20.6;2.6;9.6
1982-03-03;9.4;18.6;27.8;0.0;20.6;1.7;10.3
1982-03-04;12.5;19.6;26.7;0.0;21.3;4.1;10.5
1982-03-05;10.4;16.7;23.0;0.0;21.5;3.4;10.1
1982-03-06;7.9;16.6;25.3;0.0;21.2;2.7;11.6
1982-03-07;9.7;19.1;28.5;0.0;22.6;2.4;12.1
1982-03-08;11.3;21.8;32.3;0.0;22.6;1.5;9.1
1982-03-09;13.2;24.4;35.6;0.0;22.0;3.1;5.4
1982-03-10;15.2;21.05;26.9;0.0;23.5;4.8;10.3
1982-03-11;11.6;19.45;27.3;0.0;21.8;2.7;11.2
1982-03-12;12.2;21.15;30.1;0.0;22.0;1.9;12.4
1982-03-13;16.0;25.35;34.7;0.0;23.2;2.5;9.2
1982-03-14;15.8;26.1;36.4;0.0;24.0;2.1;5.4
1982-03-15;17.3;26.55;35.8;0.0;23.7;3.1;4.8
1982-03-16;21.2;26.85;32.5;0.0;23.7;4.4;8.0
1982-03-17;17.2;22.8;28.4;0.0;24.8;4.5;10.0
1982-03-18;13.5;21.0;28.5;0.0;23.2;3.4;10.5
1982-03-19;13.0;21.44;29.87;0.0;23.036;3.3;10.7
1982-03-20;12.0;21.45;30.9;0.0;23.1;2.6;10.3
1982-03-21;13.6;22.95;32.3;0.0;22.9;2.7;10.0
1982-03-22;14.7;24.1;33.5;0.0;23.1;2.59;9.2
1982-03-23;15.4;24.73;34.07;0.0;24.3;1.1;9.1
1982-03-24;16.2;25.9;35.6;0.0;24.6;1.6;7.4
1982-03-25;17.8;27.9;38.0;0.0;25.3;1.7;10.3
1982-03-26;17.3;27.1;36.9;0.0;25.1;3.6;6.6
1982-03-27;19.1;27.25;35.4;0.0;26.0;3.5;8.5
1982-03-28;19.3;26.4;33.5;0.0;23.6;3.5;10.4
1982-03-29;17.47;25.38;33.3;0.0;25.3;3.6;8.4
1982-03-30;15.1;24.85;34.6;0.0;24.2;3.3;8.2
1982-03-31;15.39;25.09;34.8;0.0;24.6;3.5;6.0
1982-04-01;13.6;24.45;35.3;0.0;24.825;3.0;4.7
1982-04-02;14.9;25.1;35.3;0.0;25.2;2.8;3.9
1982-04-03;14.4;25.0;35.6;0.0;25.2;2.6;4.8
1982-04-04;17.0;26.0;35.0;0.0;24.3;2.3;9.71
1982-04-05;19.2;27.3;35.4;0.0;24.5;2.9;9.9
1982-04-06;19.3;27.35;35.4;0.0;24.5;3.5;12.2
1982-04-07;18.5;26.35;34.2;0.0;24.6;3.1;13.2
1982-04-08;16.7;25.1;33.5;0.0;25.1;2.9;9.2
1982-04-09;17.1;25.5;33.9;0.0;25.3;1.9;10.9
1982-04-10;18.6;27.0;35.4;0.0;25.3;2.4;9.5
1982-04-11;20.3;28.85;37.4;0.0;26.2;3.3;7.1
1982-04-12;18.5;28.05;37.6;0.0;25.9;3.3;7.9
1982-04-13;20.14;29.47;38.8;0.0;26.9;3.5;9.2
1982-04-14;23.6;31.95;40.3;0.0;27.0;4.0;9.0
1982-04-15;24.6;32.75;40.9;0.0;26.8;4.4;9.9
1982-04-16;25.8;33.4;41.0;0.0;25.4;4.6;9.5
1982-04-17;25.7;33.4;41.1;0.0;26.2;4.3;8.3
1982-04-18;25.7;33.05;40.4;0.0;25.5;3.6;8.4
1982-04-19;24.9;32.4;39.9;0.0;25.7;3.7;10.1
1982-04-20;24.3;31.35;38.4;0.0;25.6;3.5;10.3
1982-04-21;23.2;30.55;37.9;0.0;26.5;4.0;8.4
1982-04-22;21.5;27.23;32.95;0.0;25.6;4.8;10.3
1982-04-23;17.3;24.3;31.3;0.0;26.6;3.4;8.1
1982-04-24;17.2;24.0;30.8;0.0;28.09;3.7;9.2
1982-04-25;15.95;24.13;32.3;0.0;24.8;1.8;9.2
1982-04-26;20.9;26.98;33.06;0.0;18.6;4.0;15.6
1982-04-27;21.1;27.25;33.4;0.0;23.8;3.5;21.8
1982-04-28;17.9;24.55;31.2;0.0;26.285;4.0;12.0
1982-04-29;16.5;24.0;31.5;0.0;26.3;3.2;11.7
1982-04-30;16.0;24.2;32.4;0.0;26.4;1.6;11.6
1982-05-01;19.2;26.6;34.0;0.0;27.1;2.6;10.7
1982-05-02;21.4;29.55;37.7;0.0;28.9;3.1;10.4
1982-05-03;23.1;31.6;40.1;0.0;27.2;4.1;4.7
1982-05-04;20.5;30.25;40.0;0.0;28.3;2.9;5.1
1982-05-05;23.4;31.75;40.1;0.0;26.3;3.5;6.1
1982-05-06;23.2;31.35;39.5;0.0;24.2;3.8;8.3
1982-05-07;25.0;30.65;36.3;0.0;17.2;2.9;10.9
1982-05-08;24.6;31.8;39.0;0.0;25.6;2.8;9.3
1982-05-09;24.6;32.65;40.7;0.0;26.8;3.5;8.0
1982-05-10;27.2;34.65;42.1;0.0;15.4;4.2;6.5
1982-05-11;27.4;34.1;40.8;0.0;22.6;4.9;10.3
1982-05-12;25.1;30.45;35.8;0.0;7.884;2.4;21.6
1982-05-13;24.2;31.15;38.1;0.0;28.1;3.0;10.2
1982-05-14;21.9;29.85;37.8;0.0;29.0;3.7;8.8
1982-05-15;21.4;28.95;36.5;0.0;29.1;3.6;8.7
1982-05-16;21.44;30.02;38.6;0.0;27.1;3.4;6.9
1982-05-17;25.6;32.05;38.5;0.0;18.6;3.6;7.8
1982-05-18;24.8;30.55;36.3;0.0;19.0;5.1;17.6
1982-05-19;23.4;29.1;34.8;0.0;28.4;4.5;14.1
1982-05-20;20.3;27.3;34.3;0.0;28.0;3.7;9.3
1982-05-21;18.5;27.23;35.96;0.0;28.4;2.1;8.3
1982-05-22;20.0;29.05;38.1;0.0;28.2;2.1;8.2
1982-05-23;25.4;32.65;39.9;0.0;19.4;2.9;7.3
1982-05-24;26.5;33.35;40.2;0.0;6.493;3.3;6.6
1982-05-25;25.6;33.75;41.9;0.0;21.9;4.1;7.6
1982-05-26;26.1;33.7;41.3;0.0;16.0;3.2;7.8
1982-05-27;24.6;33.35;42.1;1.2;19.8;1.8;14.3
1982-05-28;23.4;32.6;41.8;0.0;24.8;1.9;14.3
1982-05-29;22.65;32.42;42.2;0.0;28.6;2.0;10.6
1982-05-30;24.4;33.25;42.1;0.0;22.6;2.9;10.1
1982-05-31;25.4;34.25;43.1;0.0;28.4;3.6;8.2
1982-06-01;24.9;34.2;43.5;0.0;27.0;2.7;9.1
1982-06-02;24.2;34.3;44.4;0.0;28.7;1.9;6.3
1982-06-03;25.5;35.0;44.5;0.0;27.3;0.5;11.3
1982-06-04;27.5;36.25;45.0;0.0;24.8;1.1;5.9
1982-06-05;27.2;35.95;44.7;0.0;26.6;3.9;6.9
1982-06-06;26.0;34.3;42.6;0.0;25.4;3.9;10.3
1982-06-07;24.0;32.85;41.7;0.0;28.2;2.7;6.3
1982-06-08;22.9;32.5;42.1;0.0;28.0;1.9;6.5
1982-06-09;24.4;33.25;42.1;0.0;28.2;4.06;4.9
1982-06-10;24.3;34.0;43.7;0.0;27.5;4.2;5.5
1982-06-11;24.7;34.25;43.8;0.0;28.2;2.8;3.2
1982-06-12;25.4;33.95;42.5;0.0;28.0;4.4;4.1
1982-06-13;23.5;32.6;41.7;0.0;27.1;3.0;6.3
1982-06-14;25.0;33.7;42.4;0.0;27.0;2.6;6.4
1982-06-15;24.6;33.5;42.4;0.0;27.818;3.5;5.9
1982-06-16;24.5;33.7;42.9;0.0;28.0;4.4;4.3
1982-06-17;23.6;33.55;43.5;0.0;28.6;3.8;2.1
1982-06-18;23.05;33.08;43.1;0.0;28.7;3.4;4.3
1982-06-19;25.6;33.65;41.7;0.0;28.56;4.4;7.3
1982-06-20;25.2;32.55;39.9;0.0;28.5;4.2;6.2
1982-06-21;24.4;32.5;40.6;0.0;28.4;3.9;7.6
1982-06-22;23.9;32.15;40.4;0.0;27.6;3.6;8.3
1982-06-23;24.5;32.15;39.8;0.0;27.4;3.2;9.0
1982-06-24;24.8;32.65;40.5;0.0;27.2;3.2;8.2
1982-06-25;24.9;32.9;40.9;0.0;27.6;3.4;7.6
1982-06-26;25.3;32.9;40.5;0.0;27.402;3.6;8.0
1982-06-27;25.2;32.4;39.6;0.0;27.4;4.0;7.5
1982-06-28;24.3;31.1;37.9;0.0;28.2;4.2;5.6
1982-06-29;23.0;29.9;36.8;0.0;28.5;4.2;7.1
1982-06-30;23.1;30.54;37.98;0.0;28.3;4.0;7.5
1982-07-01;23.5;31.1;38.7;0.0;28.0;3.7;8.3
1982-07-02;23.1;31.4;39.7;0.0;28.6;3.3;7.2
1982-07-03;22.2;31.45;40.7;0.0;28.7;2.9;5.8
1982-07-04;23.2;32.3;41.4;0.0;28.3;3.3;6.5
1982-07-05;24.5;33.3;42.1;0.0;27.4;3.4;5.7
1982-07-06;25.3;34.25;43.2;0.0;27.3;3.6;6.1
1982-07-07;26.2;35.35;44.5;0.0;27.5;3.9;5.9
1982-07-08;27.4;36.45;45.5;0.0;27.5;4.2;4.9
1982-07-09;29.0;37.5;46.0;0.0;27.402;4.8;4.8
1982-07-10;28.8;37.5;46.2;0.0;28.4;4.7;4.5
1982-07-11;28.5;37.45;46.4;0.0;28.4;4.1;4.1
1982-07-12;27.7;36.55;45.4;0.0;27.0;3.6;4.3
1982-07-13;26.2;35.35;44.5;0.0;27.3;4.4;6.5
1982-07-14;27.9;35.6;43.3;0.0;28.0;5.4;5.8
1982-07-15;27.3;35.1;42.9;0.0;28.5;4.9;5.55
1982-07-16;26.6;34.5;42.4;0.0;26.8;4.3;5.6
1982-07-17;26.1;34.25;42.4;0.0;27.4;4.2;5.5
1982-07-18;26.3;34.45;42.6;0.0;28.6;4.3;4.8
1982-07-19;26.3;34.45;42.6;0.0;28.6;4.3;4.8
1982-07-20;26.6;34.35;42.1;0.0;29.0;4.6;6.9
1982-07-21;26.9;34.7;42.5;0.0;28.4;4.6;6.8
1982-07-22;27.3;35.65;44.0;0.0;26.553;4.6;7.2
1982-07-23;28.0;36.7;45.4;0.0;26.1;4.6;5.9
1982-07-24;29.0;37.6;46.2;0.0;27.6;4.7;4.2
1982-07-25;28.4;37.1;45.8;0.0;29.0;4.4;3.9
1982-07-26;27.7;36.4;45.1;0.0;26.7;3.9;4.6
1982-07-27;27.2;36.15;45.1;0.0;26.0;3.8;5.2
1982-07-28;27.8;36.45;45.1;0.0;26.0;4.0;5.0
1982-07-29;27.9;36.25;44.6;0.0;26.009;4.3;5.7
1982-07-30;28.3;35.95;43.6;0.0;27.1;4.5;7.4
1982-07-31;27.8;35.85;43.9;0.0;26.9;4.0;6.5
1982-08-01;30.0;36.7;43.4;0.0;24.8;4.2;7.9
1982-08-02;29.5;36.2;42.9;0.0;21.8;4.0;8.4
1982-08-03;28.5;36.0;43.5;0.0;24.6;3.3;7.1
1982-08-04;29.3;36.65;44.0;0.0;25.5;3.6;6.8
1982-08-05;29.2;36.6;44.0;0.0;23.3;3.8;7.3
1982-08-06;28.1;35.7;43.3;0.0;23.9;3.3;8.5
1982-08-07;27.9;35.5;43.1;0.0;24.9;3.4;9.0
1982-08-08;31.92;37.86;43.8;0.0;25.5;4.6;7.3
1982-08-09;28.6;36.0;43.4;0.0;26.5;5.0;7.3
1982-08-10;28.2;35.2;42.2;0.0;28.8;4.9;7.1
1982-08-11;26.3;33.75;41.2;0.0;28.0;4.1;6.2
1982-08-12;24.7;32.85;41.0;0.0;26.1;3.2;7.9
1982-08-13;25.4;33.3;41.2;0.0;25.938;2.9;9.3
1982-08-14;25.8;33.75;41.7;0.0;25.7;2.7;9.8
1982-08-15;30.0;36.05;42.1;0.0;21.724;4.0;9.9
1982-08-16;28.53;35.12;41.7;0.0;17.896;3.7;9.9
1982-08-17;29.0;35.7;42.4;0.0;23.1;4.0;9.0
1982-08-18;29.0;35.95;42.9;0.0;25.0;4.5;8.4
1982-08-19;28.8;35.55;42.3;0.0;23.1;4.7;8.9
1982-08-20;27.9;35.1;42.3;0.0;25.1;4.6;8.9
1982-08-21;27.6;34.85;42.1;0.0;24.7;4.6;9.2
1982-08-22;27.3;34.95;42.6;0.0;25.212;4.4;9.1
1982-08-23;27.3;35.55;43.8;0.0;25.9;4.3;8.0
1982-08-24;28.0;36.6;45.2;0.0;24.6;4.6;7.3
1982-08-25;29.0;37.55;46.1;0.0;25.2;4.4;6.1
1982-08-26;29.1;37.3;45.49;0.0;25.3;4.2;6.1
1982-08-27;29.9;37.2;44.5;0.0;21.3;3.9;6.1
1982-08-28;27.3;35.85;44.4;0.0;24.3;3.5;6.0
1982-08-29;27.9;36.27;44.65;0.0;23.4;4.1;6.7
1982-08-30;28.4;36.25;44.1;0.0;24.4;4.6;7.0
1982-08-31;28.1;35.75;43.4;0.0;26.3;4.6;7.3
1982-09-01;27.3;34.85;42.4;0.0;25.0;4.2;7.21
1982-09-02;26.8;34.3;41.8;0.0;25.6;4.3;6.4
1982-09-03;26.3;33.7;41.1;0.0;23.9;4.4;7.5
1982-09-04;26.1;33.15;40.2;0.0;23.8;4.3;8.2
1982-09-05;25.4;32.35;39.3;0.0;24.4;4.4;6.9
1982-09-06;24.5;31.55;38.6;0.0;24.4;4.3;6.6
1982-09-07;23.9;31.6;39.3;0.0;24.5;4.1;6.8
1982-09-08;24.6;32.0;39.4;0.0;25.5;4.4;8.7
1982-09-09;24.8;31.45;38.1;0.0;23.5;4.5;8.9
1982-09-10;24.2;30.8;37.4;0.0;23.5;4.3;9.2
1982-09-11;24.0;30.3;36.6;0.0;23.4;4.2;9.2
1982-09-12;23.6;30.5;37.4;0.0;24.6;3.8;9.2
1982-09-13;23.1;31.2;39.3;0.0;23.1;3.3;8.0
1982-09-14;23.8;31.9;40.0;0.0;22.8;3.9;9.7
1982-09-15;25.5;31.7;37.9;0.0;22.5;5.0;11.4
1982-09-16;24.1;29.45;34.8;0.0;23.2;4.9;10.9
1982-09-17;23.4;28.25;33.1;0.0;23.1;4.8;13.5
1982-09-18;21.5;27.1;32.7;0.0;23.2;4.0;10.0
1982-09-19;20.6;27.1;33.6;0.0;23.1;3.6;9.2
1982-09-20;20.4;27.85;35.3;0.0;22.9;3.5;8.9
1982-09-21;21.4;28.75;36.1;0.0;22.8;3.8;8.2
1982-09-22;22.3;29.5;36.7;0.0;22.6;4.1;7.8
1982-09-23;22.9;30.2;37.5;0.0;22.8;4.2;7.9
1982-09-24;23.2;30.58;37.96;0.0;22.2;3.9;8.3
1982-09-25;23.3;30.75;38.2;0.0;21.8;4.0;9.1
1982-09-26;24.0;30.2;36.4;0.0;21.4;4.8;10.2
1982-09-27;23.0;28.75;34.5;0.0;22.8;4.7;9.0
1982-09-28;21.4;26.9;32.4;0.0;22.0;4.6;9.6
1982-09-29;19.3;25.3;31.3;0.0;21.8;4.0;11.32
1982-09-30;19.0;25.22;31.44;0.0;22.0;3.8;9.2
1982-10-01;16.9;24.45;32.0;0.0;22.2;3.9;6.2
1982-10-02;16.8;24.95;33.1;0.0;22.0;3.6;7.4
1982-10-03;16.6;25.55;34.5;0.0;21.7;2.7;7.1
1982-10-04;17.7;27.9;38.1;0.0;21.1;2.8;7.2
1982-10-05;19.0;28.9;38.8;0.0;20.9;3.9;9.2
1982-10-06;18.7;28.1;37.5;0.0;20.9;4.0;8.5
1982-10-07;16.3;26.65;37.0;0.0;21.0;3.4;7.9
1982-10-08;16.6;26.5;36.4;0.0;21.0;2.6;7.9
1982-10-09;17.5;27.11;36.71;0.0;20.5;2.5;8.9
1982-10-10;18.7;27.55;36.4;0.0;20.2;2.5;10.9
1982-10-11;20.3;28.6;36.9;0.0;20.3;3.8;11.9
1982-10-12;21.6;29.1;36.6;0.0;20.2;3.9;10.9
1982-10-13;21.1;28.64;36.17;0.0;20.0;3.2;10.7
1982-10-14;18.5;27.15;35.8;0.0;20.2;3.2;10.4
1982-10-15;20.3;27.45;34.6;0.0;19.7;4.0;13.1
1982-10-16;21.2;26.9;32.6;0.0;19.5;4.3;11.9
1982-10-17;19.3;25.6;31.9;0.0;20.3;4.2;8.8
1982-10-18;17.8;25.0;32.2;0.0;19.5;3.9;9.4
1982-10-19;17.4;25.35;33.3;0.0;19.3;3.0;10.8
1982-10-20;17.0;26.05;35.1;0.0;19.2;2.7;11.3
1982-10-21;18.1;26.95;35.8;0.0;19.0;3.2;12.0
1982-10-22;17.1;26.55;36.0;0.0;19.0;3.4;11.0
1982-10-23;16.2;26.15;36.1;0.0;18.9;3.4;10.4
1982-10-24;14.6;24.85;35.1;0.0;19.1;2.4;9.7
1982-10-25;16.0;25.4;34.8;0.0;18.6;1.9;10.0
1982-10-26;17.4;24.4;31.4;0.0;18.2;4.0;11.6
1982-10-27;18.2;23.35;28.5;0.0;18.2;4.0;11.9
1982-10-28;16.6;22.95;29.3;0.0;17.9;3.7;15.2
1982-10-29;17.0;23.75;30.5;0.0;17.5;3.3;13.1
1982-10-30;17.7;24.35;31.0;0.0;17.4;3.2;11.7
1982-10-31;17.6;24.2;30.8;0.0;17.4;3.3;11.5
1982-11-01;17.7;24.25;30.8;0.0;18.1;3.5;11.6
1982-11-02;17.5;24.2;30.9;0.0;17.1;3.3;12.0
1982-11-03;17.6;24.0;30.4;0.0;17.7;3.7;10.7
1982-11-04;16.6;23.6;30.6;0.0;17.7;3.0;12.37
1982-11-05;16.5;24.5;32.5;0.0;18.4;2.3;10.6
1982-11-06;18.2;25.95;33.7;0.0;16.4;2.4;14.0
1982-11-07;20.3;27.4;34.5;0.0;16.8;2.1;15.0
1982-11-08;18.4;26.75;35.1;0.0;17.0;1.5;14.6
1982-11-09;20.8;27.1;33.4;0.0;16.3;3.2;19.0
1982-11-10;20.3;26.25;32.2;0.0;16.2;3.9;14.9
1982-11-11;18.6;24.25;29.9;0.0;16.3;3.9;14.9
1982-11-12;16.8;22.4;28.0;0.0;16.5;3.3;15.3
1982-11-13;14.7;22.0;29.3;0.0;18.1;2.5;13.4
1982-11-14;15.5;23.1;30.7;0.0;16.7;2.5;15.5
1982-11-15;17.4;24.4;31.4;0.0;16.1;3.0;16.8
1982-11-16;17.8;25.0;32.2;0.0;16.1;3.1;12.5
1982-11-17;16.8;24.63;32.45;0.0;17.0;2.9;13.2
1982-11-18;15.8;23.85;31.9;0.0;16.38;2.8;11.9
1982-11-19;14.3;22.4;30.5;0.0;16.0;2.7;11.2
1982-11-20;12.8;21.55;30.3;0.0;16.4;2.2;11.7
1982-11-21;12.6;21.5;30.4;0.0;15.7;1.6;12.7
1982-11-22;13.1;21.9;30.7;0.0;15.9;2.3;12.3
1982-11-23;13.4;22.1;30.8;0.0;16.4;2.5;12.38
1982-11-24;13.2;21.4;29.6;0.0;15.6;2.4;12.5
1982-11-25;13.7;19.9;26.1;0.0;15.371;3.3;12.4
1982-11-26;10.6;16.95;23.3;0.0;15.5;2.8;13.6
1982-11-27;11.5;16.85;22.2;0.0;14.8;3.7;23.5
1982-11-28;13.1;17.34;21.57;0.0;14.865;3.9;29.4
1982-11-29;12.0;17.3;22.6;0.0;14.998;3.6;21.6
1982-11-30;8.9;15.87;22.84;0.0;14.8;2.7;20.4
1982-12-01;9.8;16.4;23.0;0.0;14.2;2.7;29.7
1982-12-02;10.1;16.5;22.9;0.0;14.5;2.2;24.6
1982-12-03;11.3;16.8;22.3;0.0;14.2;3.6;27.4
1982-12-04;10.2;16.3;22.4;0.0;14.3;3.8;26.09
1982-12-05;9.2;16.1;23.0;0.0;14.3;3.2;23.3
1982-12-06;8.4;15.6;22.8;0.0;14.4;2.7;19.6
1982-12-07;9.85;16.02;22.2;0.0;14.1;3.1;19.4
1982-12-08;10.4;16.15;21.9;0.0;13.9;3.2;22.2
1982-12-09;9.1;16.05;23.0;0.0;14.1;2.1;21.4
1982-12-10;8.3;16.55;24.8;0.0;15.3;1.0;20.7
1982-12-11;8.0;17.15;26.3;0.0;14.8;0.7;15.2
1982-12-12;9.6;17.85;26.1;0.0;13.4;2.0;14.9
1982-12-13;9.4;17.05;24.7;0.0;15.6;2.4;12.8
1982-12-14;7.5;15.7;23.9;0.0;14.7;2.2;12.7
1982-12-15;7.3;15.65;24.0;0.0;13.7;1.8;14.3
1982-12-16;6.6;15.15;23.7;0.0;13.8;2.8;15.9
1982-12-17;10.2;16.45;22.7;0.0;14.6;3.3;21.4
1982-12-18;7.6;16.15;24.7;0.0;13.3;2.8;22.0
1982-12-19;9.1;17.75;26.4;0.0;13.1;3.4;19.8
1982-12-20;9.5;17.8;26.1;0.0;13.9;3.3;18.4
1982-12-21;8.0;16.8;25.6;0.0;15.4;3.0;17.0
1982-12-22;8.4;16.65;24.9;0.0;14.6;2.7;17.5
1982-12-23;9.4;17.2;25.0;0.0;14.5;3.0;22.1
1982-12-24;11.0;17.55;24.1;0.0;10.8;2.8;28.6
1982-12-25;10.1;16.6;23.1;0.0;10.88;2.2;24.2
1982-12-26;8.8;15.4;22.0;0.0;12.099;2.4;18.0
1982-12-27;7.9;14.09;20.29;0.0;13.7;3.0;17.8
1982-12-28;6.3;13.4;20.5;0.0;13.7;3.0;20.0
1982-12-29;6.8;14.6;22.4;0.0;13.8;3.6;19.5
1982-12-30;7.4;15.45;23.5;0.0;15.8;3.7;15.3
1982-12-31;8.5;16.15;23.8;0.0;15.5;2.1;18.6
1983-01-01;9.2;16.75;24.3;0.0;13.6;3.9;16.4
1983-01-02;4.13;10.87;17.61;0.0;14.5;2.4;16.0
1983-01-03;5.71;13.01;20.3;0.0;15.8;2.6;21.7
1983-01-04;7.8;14.1;20.4;0.0;15.7;3.0;20.2
1983-01-05;5.0;11.3;17.6;0.0;13.8;1.5;22.9
1983-01-06;3.68;12.14;20.6;0.0;14.9;0.8;20.8
1983-01-07;7.5;16.28;25.06;0.0;15.784;2.1;11.6
1983-01-08;11.6;17.45;23.3;0.0;14.865;2.9;11.73
1983-01-09;7.8;13.6;19.4;0.0;14.5;3.3;22.68
1983-01-10;7.6;13.6;19.6;0.0;14.5;3.3;26.3
1983-01-11;6.23;13.02;19.8;0.0;14.6;2.5;23.8
1983-01-12;4.9;12.4;19.9;0.0;14.8;2.7;20.7
1983-01-13;6.0;12.45;18.9;0.0;16.2;2.8;29.9
1983-01-14;3.7;10.75;17.8;0.0;14.9;1.8;26.3
1983-01-15;4.3;11.7;19.1;0.0;14.884;1.4;28.91
1983-01-16;4.9;12.5;20.1;0.0;14.9;0.8;29.29
1983-01-17;5.7;14.1;22.5;0.0;15.3;0.7;23.37
1983-01-18;8.6;17.35;26.1;0.0;16.7;2.0;14.1
1983-01-19;6.8;15.85;24.9;0.0;15.5;1.5;14.0
1983-01-20;8.04;15.27;22.5;0.0;15.7;2.9;13.0
1983-01-21;7.2;15.45;23.7;0.0;16.254;2.6;11.9
1983-01-22;7.9;17.15;26.4;0.0;15.9;1.6;16.1
1983-01-23;9.6;18.3;27.0;0.0;16.2;2.1;13.1
1983-01-24;8.5;16.9;25.3;0.0;16.2;1.9;11.7
1983-01-25;11.4;20.25;29.1;0.0;16.29;2.0;25.3
1983-01-26;16.9;24.5;32.1;0.0;15.5;3.0;23.1
1983-01-27;14.8;22.85;30.9;0.0;15.9;2.7;18.1
1983-01-28;16.1;22.55;29.0;0.0;17.0;3.8;6.0
1983-01-29;12.6;20.2;27.8;0.0;16.6;3.0;11.7
1983-01-30;12.2;18.65;25.1;0.0;16.6;3.9;13.7
1983-01-31;10.64;13.57;16.5;0.0;16.7;4.6;15.13
1983-02-01;8.7;13.05;17.4;0.0;16.6;4.1;21.4
1983-02-02;6.7;14.25;21.8;0.0;16.6;3.4;20.2
1983-02-03;6.1;14.3;22.5;0.0;17.2;2.9;16.1
1983-02-04;7.94;14.97;22.0;0.0;17.1;3.6;13.4
1983-02-05;8.7;15.0;21.3;0.0;17.7;3.5;19.6
1983-02-06;7.6;14.75;21.9;0.0;17.9;2.8;19.5
1983-02-07;6.8;14.65;22.5;0.0;18.4;1.6;19.0
1983-02-08;6.7;15.35;24.0;0.0;17.2;1.2;14.3
1983-02-09;8.5;15.25;22.0;0.0;17.438;3.2;13.2
1983-02-10;6.0;13.65;21.3;0.0;17.6;2.5;19.4
1983-02-11;6.5;14.0;21.5;0.0;17.7;2.3;19.4
1983-02-12;6.3;14.2;22.1;0.0;17.8;2.0;18.1
1983-02-13;5.9;14.35;22.8;0.0;17.9;1.8;16.4
1983-02-14;7.9;15.5;23.1;0.0;18.2;2.3;17.15
1983-02-15;5.9;15.75;25.6;0.0;19.6;1.1;11.6
1983-02-16;11.7;20.95;30.2;0.0;18.6;2.9;10.8
1983-02-17;10.2;20.35;30.5;0.0;19.9;3.5;8.1
1983-02-18;13.0;19.5;26.0;0.0;19.7;3.8;12.7
1983-02-19;10.0;17.85;25.7;0.0;20.0;3.8;13.5
1983-02-20;12.6;17.45;22.3;0.0;18.8;3.7;21.2
1983-02-21;8.7;16.7;24.7;0.0;19.2;2.9;18.1
1983-02-22;9.2;18.2;27.2;0.0;20.4;2.48;13.25
1983-02-23;10.0;19.9;29.8;0.0;20.59;2.0;10.3
1983-02-24;10.8;20.9;31.0;0.0;20.9;2.0;9.0
1983-02-25;13.2;22.75;32.3;0.0;21.3;2.1;7.6
1983-02-26;14.5;21.65;28.8;0.0;19.7;4.0;11.1
1983-02-27;12.8;18.7;24.6;0.0;19.7;3.6;20.2
1983-02-28;12.1;18.8;25.5;0.0;19.8;3.1;16.6
1983-03-01;9.7;19.05;28.4;0.0;20.2;2.5;13.7
1983-03-02;11.9;20.55;29.2;0.0;20.59;2.4;11.2
1983-03-03;11.7;20.9;30.1;0.0;20.6;2.2;10.1
1983-03-04;10.4;20.5;30.6;0.0;21.4;1.4;8.9
1983-03-05;10.7;21.15;31.6;0.0;22.2;1.6;7.9
1983-03-06;11.58;21.84;32.1;0.0;21.5;2.0;8.0
1983-03-07;12.9;23.15;33.4;0.0;22.8;2.1;7.63
1983-03-08;14.9;25.2;35.5;0.0;21.1;2.3;11.1
1983-03-09;18.2;27.15;36.1;0.0;20.953;2.3;13.4
1983-03-10;18.1;27.05;36.0;0.0;20.9;2.8;12.5
1983-03-11;20.5;27.25;34.0;0.0;21.0;3.8;15.1
1983-03-12;18.5;24.6;30.7;0.0;21.2;4.4;12.1
1983-03-13;14.8;20.95;27.1;0.0;22.3;3.7;10.8
1983-03-14;11.3;19.45;27.6;0.0;22.2;2.6;11.4
1983-03-15;11.5;20.25;29.0;0.0;22.1;1.2;11.0
1983-03-16;14.67;23.48;32.3;0.0;22.4;1.8;9.8
1983-03-17;19.69;27.65;35.6;0.0;22.3;4.5;7.4
1983-03-18;19.0;25.0;31.0;0.0;22.3;3.9;15.1
1983-03-19;16.0;23.3;30.6;0.0;22.9;3.0;10.8
1983-03-20;14.3;23.55;32.8;0.0;24.6;2.6;8.5
1983-03-21;16.9;24.8;32.7;0.0;22.8;3.4;9.3
1983-03-22;15.5;22.9;30.3;0.0;23.7;3.4;8.36
1983-03-23;11.4;20.95;30.5;0.0;23.7;1.6;7.5
1983-03-24;12.8;23.35;33.9;0.0;24.4;2.5;7.7
1983-03-25;20.8;30.75;40.7;0.0;24.8;4.5;5.5
1983-03-26;21.4;29.95;38.5;0.0;24.7;3.5;5.7
1983-03-27;17.9;27.65;37.4;0.0;25.6;3.2;3.6
1983-03-28;18.0;26.7;35.4;0.0;25.3;3.1;5.0
1983-03-29;19.3;29.2;39.1;0.0;24.7;3.8;6.6
1983-03-30;23.6;31.65;39.7;0.0;25.6;4.5;4.8
1983-03-31;20.3;26.5;32.7;0.0;24.0;4.6;9.4
1983-04-01;16.3;23.4;30.5;0.0;24.3;3.3;8.8
1983-04-02;12.9;22.2;31.5;0.0;24.6;1.5;9.7
1983-04-03;14.53;23.77;33.0;0.0;25.8;1.4;9.0
1983-04-04;15.8;25.2;34.6;0.0;25.6;2.0;8.5
1983-04-05;19.2;26.3;33.4;0.0;26.8;3.8;8.2
1983-04-06;17.6;24.65;31.7;0.0;25.0;3.6;8.8
1983-04-07;14.3;23.1;31.9;0.0;25.2;2.9;8.8
1983-04-08;14.0;23.7;33.4;0.0;25.4;2.4;7.7
1983-04-09;14.19;24.45;34.7;0.0;25.2;1.7;6.8
1983-04-10;13.7;24.9;36.1;0.0;25.2;0.7;6.5
1983-04-11;15.7;25.95;36.2;0.0;25.1;1.7;7.09
1983-04-12;18.5;26.7;34.9;0.0;25.0;2.7;9.4
1983-04-13;18.3;25.95;33.6;0.0;25.2;2.9;9.3
1983-04-14;16.8;25.1;33.4;0.0;25.3;2.4;9.9
1983-04-15;16.4;25.25;34.1;0.0;25.3;2.2;9.7
1983-04-16;16.6;25.55;34.5;0.0;25.6;2.7;7.9
1983-04-17;16.0;25.84;35.69;0.0;26.1;3.2;6.3
1983-04-18;17.4;27.4;37.4;0.0;25.8;3.3;5.6
1983-04-19;18.3;27.65;37.0;0.0;25.6;3.1;6.9
1983-04-20;17.62;27.31;37.0;0.0;25.9;2.8;6.4
1983-04-21;18.6;28.15;37.7;0.0;26.1;3.3;6.0
1983-04-22;19.5;29.25;39.0;0.0;26.7;3.1;4.1
1983-04-23;20.1;30.2;40.29;0.0;28.6;2.2;4.4
1983-04-24;22.2;31.95;41.7;0.0;25.8;2.6;7.7
1983-04-25;25.1;33.05;41.0;0.0;25.5;3.9;7.4
1983-04-26;24.0;31.0;38.0;0.0;25.3;3.8;10.9
1983-04-27;21.9;29.75;37.6;0.0;26.2;3.5;8.1
1983-04-28;20.3;28.35;36.4;0.0;26.3;3.6;7.5
1983-04-29;20.0;27.7;35.4;0.0;26.4;3.2;8.0
1983-04-30;17.0;26.7;36.4;0.0;26.8;1.6;6.6
1983-05-01;16.5;27.2;37.9;0.0;26.9;1.4;5.1
1983-05-02;17.29;28.04;38.8;0.0;27.4;1.0;7.2
1983-05-03;19.0;29.3;39.6;0.0;28.101;3.2;6.55
1983-05-04;23.3;30.5;37.7;0.0;28.3;3.9;8.5
1983-05-05;23.2;30.6;38.0;0.0;26.9;3.0;9.9
1983-05-06;23.5;30.3;37.1;0.0;24.5;3.6;16.8
1983-05-07;21.5;28.95;36.4;0.0;24.7;1.7;15.3
1983-05-08;22.7;29.75;36.8;0.0;25.6;1.9;13.5
1983-05-09;22.8;29.95;37.1;0.0;25.9;1.8;12.2
1983-05-10;21.94;29.97;38.0;0.0;27.1;2.8;7.6
1983-05-11;18.2;28.05;37.9;0.0;28.4;2.6;4.9
1983-05-12;17.65;27.88;38.1;0.0;27.8;2.5;4.8
1983-05-13;19.6;29.55;39.5;0.0;27.6;2.7;6.1
1983-05-14;22.3;31.5;40.7;0.0;26.9;2.7;5.1
1983-05-15;22.0;31.65;41.3;0.0;27.79;1.6;4.7
1983-05-16;22.4;32.2;42.0;0.0;28.0;2.9;5.6
1983-05-17;25.3;33.16;41.01;0.0;26.4;4.2;7.6
1983-05-18;22.6;30.74;38.88;0.0;27.5;3.7;5.3
1983-05-19;19.6;29.15;38.7;0.0;28.1;2.2;5.5
1983-05-20;19.9;30.05;40.2;0.0;27.7;2.3;7.0
1983-05-21;20.3;30.55;40.81;0.0;27.7;2.6;6.4
1983-05-22;23.1;31.4;39.7;0.0;26.7;2.7;9.5
1983-05-23;23.4;32.1;40.8;0.0;27.0;2.6;9.2
1983-05-24;23.3;32.2;41.1;0.0;27.79;2.4;8.3
1983-05-25;23.3;32.8;42.3;0.0;27.8;2.7;6.4
1983-05-26;22.9;33.1;43.3;0.0;27.7;2.8;5.3
1983-05-27;23.7;33.4;43.1;0.0;28.5;2.5;3.9
1983-05-28;23.8;33.4;43.0;0.0;28.0;2.5;6.1
1983-05-29;24.4;33.65;42.9;0.0;27.869;2.5;7.1
1983-05-30;23.9;33.5;43.1;0.0;27.8;2.5;7.4
1983-05-31;24.1;33.55;43.0;0.0;27.4;2.5;9.0
1983-06-01;24.3;33.7;43.1;0.0;26.801;2.59;9.1
1983-06-02;24.7;33.9;43.1;0.0;26.7;2.5;8.4
1983-06-03;24.2;34.0;43.8;0.0;25.2;1.4;7.5
1983-06-04;24.3;34.3;44.3;0.0;27.4;0.96;5.3
1983-06-05;24.3;34.7;45.1;0.0;27.7;1.4;4.7
1983-06-06;25.1;35.05;45.0;0.0;28.8;3.2;5.6
1983-06-07;26.4;35.1;43.8;0.0;27.9;3.9;6.6
1983-06-08;25.1;33.8;42.5;0.0;26.9;3.1;6.7
1983-06-09;24.5;33.2;41.9;0.0;27.5;2.7;6.7
1983-06-10;23.8;33.1;42.4;0.0;28.2;3.3;4.3
1983-06-11;23.2;33.0;42.8;0.0;28.8;3.2;2.3
1983-06-12;23.5;34.15;44.8;0.0;28.1;3.1;2.0
1983-06-13;24.5;35.58;46.66;0.0;27.8;3.8;2.3
1983-06-14;25.5;35.75;46.0;0.0;27.7;3.2;3.7
1983-06-15;25.5;35.5;45.5;0.0;27.7;3.6;3.9
1983-06-16;26.1;35.65;45.2;0.0;27.7;3.9;3.9
1983-06-17;24.8;34.75;44.7;0.0;28.1;3.05;3.5
1983-06-18;27.9;36.65;45.4;0.0;27.4;4.9;4.3
1983-06-19;27.6;36.8;46.0;0.0;28.3;4.8;1.6
1983-06-20;26.7;36.1;45.5;0.0;28.6;4.6;1.6
1983-06-21;25.5;34.05;42.6;0.0;28.56;4.8;3.8
1983-06-22;24.1;34.05;44.0;0.0;28.2;3.9;3.0
1983-06-23;23.5;34.1;44.7;0.0;28.0;3.6;2.7
1983-06-24;25.5;35.15;44.8;0.0;27.32;4.7;4.4
1983-06-25;26.4;35.1;43.8;0.0;28.1;5.3;4.1
1983-06-26;26.1;34.8;43.5;0.0;28.6;4.8;4.4
1983-06-27;25.2;34.75;44.3;0.0;27.5;4.1;4.2
1983-06-28;26.7;34.35;42.0;0.0;27.9;4.6;5.2
1983-06-29;24.5;32.1;39.7;0.0;29.0;4.1;7.0
1983-06-30;23.6;32.35;41.1;0.0;28.6;3.4;6.4
1983-07-01;22.1;32.25;42.4;0.0;28.7;2.6;5.4
1983-07-02;24.0;32.95;41.9;0.0;27.7;3.8;6.7
1983-07-03;25.8;33.1;40.4;0.0;28.6;4.2;7.0
1983-07-04;24.6;32.1;39.6;0.0;28.661;3.6;7.3
1983-07-05;23.8;32.1;40.4;0.0;27.9;2.9;7.6
1983-07-06;23.72;32.61;41.5;0.0;27.4;3.3;7.6
1983-07-07;26.0;33.9;41.8;0.0;28.3;4.2;6.9
1983-07-08;26.1;33.75;41.4;0.0;28.8;4.0;7.3
1983-07-09;26.1;34.3;42.5;0.0;26.9;4.0;6.2
1983-07-10;26.4;34.65;42.9;0.0;27.8;4.4;5.9
1983-07-11;26.7;34.85;43.0;0.0;28.0;4.6;6.1
1983-07-12;26.8;34.85;42.9;0.0;28.3;4.6;6.0
1983-07-13;26.6;34.6;42.6;0.0;26.7;3.9;5.8
1983-07-14;25.6;34.05;42.5;0.0;26.3;3.6;7.6
1983-07-15;25.6;33.85;42.1;0.0;26.4;3.8;6.5
1983-07-16;24.5;32.85;41.2;0.0;27.5;3.6;6.1
1983-07-17;24.0;32.45;40.9;0.0;27.7;3.6;6.6
1983-07-18;24.9;32.9;40.9;0.0;28.0;4.0;7.6
1983-07-19;25.7;33.7;41.7;0.0;28.8;4.1;7.0
1983-07-20;26.0;34.3;42.6;0.0;26.7;4.2;5.8
1983-07-21;26.6;35.05;43.5;0.0;26.9;4.6;6.7
1983-07-22;27.4;35.85;44.3;0.0;28.5;4.9;6.3
1983-07-23;28.4;36.85;45.3;0.0;28.4;5.3;5.12
1983-07-24;28.8;36.9;45.0;0.0;29.1;5.3;4.8
1983-07-25;28.0;35.95;43.9;0.0;26.5;5.0;5.2
1983-07-26;27.2;35.45;43.7;0.0;26.4;4.6;5.0
1983-07-27;27.2;35.25;43.3;0.0;26.1;4.6;6.2
1983-07-28;26.9;34.55;42.2;0.0;26.1;4.6;6.5
1983-07-29;26.0;33.55;41.1;0.0;27.0;4.3;6.9
1983-07-30;25.4;33.0;40.6;0.0;28.5;3.9;7.6
1983-07-31;24.9;32.8;40.7;0.0;27.124;3.5;7.3
1983-08-01;24.8;33.05;41.3;0.0;26.7;3.5;6.5
1983-08-02;24.9;33.3;41.7;0.0;27.5;3.7;5.6
1983-08-03;25.12;33.56;42.0;0.0;28.0;3.8;6.2
1983-08-04;25.5;33.95;42.4;0.0;26.4;3.8;6.5
1983-08-05;26.1;34.35;42.6;0.0;26.0;4.2;6.3
1983-08-06;26.3;34.1;41.9;0.0;25.9;4.3;6.6
1983-08-07;25.8;33.6;41.4;0.0;25.8;4.0;7.7
1983-08-08;25.2;33.0;40.8;0.0;26.6;3.9;7.2
1983-08-09;24.3;32.45;40.6;0.0;28.9;3.6;7.2
1983-08-10;23.6;32.0;40.4;0.0;26.3;3.1;8.2
1983-08-11;23.6;32.15;40.7;0.0;26.1;3.3;6.9
1983-08-12;23.4;31.85;40.3;0.0;26.2;3.5;5.4
1983-08-13;23.8;32.2;40.6;0.0;26.6;3.6;7.0
1983-08-14;25.1;33.2;41.3;0.0;25.4;3.6;8.07
1983-08-15;25.4;33.7;42.0;0.0;25.3;3.3;8.3
1983-08-16;25.5;34.15;42.8;0.0;25.5;3.1;7.9
1983-08-17;25.8;34.55;43.3;0.0;24.8;3.0;7.9
1983-08-18;27.1;35.4;43.7;0.0;24.7;4.2;7.7
1983-08-19;27.7;35.6;43.5;0.0;25.1;4.5;7.3
1983-08-20;27.2;35.35;43.5;0.0;25.4;4.1;6.6
1983-08-21;26.7;35.15;43.6;0.0;25.2;3.4;6.6
1983-08-22;27.0;35.2;43.4;0.0;22.5;3.1;8.0
1983-08-23;25.9;34.55;43.2;0.0;24.1;2.7;10.0
1983-08-24;26.5;35.05;43.6;0.0;24.4;4.0;7.5
1983-08-25;27.5;34.95;42.4;0.0;24.6;4.9;7.1
1983-08-26;26.4;33.35;40.3;0.0;24.8;4.4;9.6
1983-08-27;25.8;32.4;39.0;0.0;24.3;3.8;11.01
1983-08-28;24.9;31.95;39.0;0.0;24.2;3.2;11.0
1983-08-29;24.2;32.0;39.8;0.0;24.4;2.8;9.3
1983-08-30;23.06;31.88;40.7;0.0;24.6;2.6;7.5
1983-08-31;22.7;31.8;40.9;0.0;24.4;1.8;8.4
1983-09-01;22.8;31.85;40.9;0.0;24.3;2.0;8.8
1983-09-02;23.0;31.9;40.8;0.0;24.0;2.0;8.4
1983-09-03;23.2;32.4;41.6;0.0;24.0;2.2;7.7
1983-09-04;23.84;33.27;42.7;0.0;24.6;3.8;6.3
1983-09-05;26.1;34.6;43.1;0.0;24.3;4.2;5.2
1983-09-06;25.6;34.1;42.6;0.0;24.0;3.8;6.3
1983-09-07;25.1;33.5;41.9;0.0;23.8;3.8;7.7
1983-09-08;25.3;33.25;41.2;0.0;23.7;4.0;7.3
1983-09-09;24.6;32.7;40.8;0.0;23.5;4.0;7.8
1983-09-10;24.4;32.5;40.6;0.0;23.7;4.0;8.0
1983-09-11;24.7;32.15;39.6;0.0;23.7;4.3;8.2
1983-09-12;24.3;31.26;38.22;0.0;23.6;4.2;7.6
1983-09-13;23.0;30.15;37.3;0.0;23.9;3.7;6.7
1983-09-14;21.4;29.6;37.8;0.0;24.9;3.2;6.5
1983-09-15;22.1;30.25;38.4;0.0;22.9;3.6;9.8
1983-09-16;24.1;30.8;37.5;0.0;22.6;4.6;10.4
1983-09-17;23.3;29.3;35.3;0.0;23.1;4.5;8.0
1983-09-18;21.3;28.45;35.6;0.0;23.2;3.8;8.7
1983-09-19;22.0;29.4;36.8;0.0;23.0;3.9;8.3
1983-09-20;23.0;29.75;36.5;0.0;22.4;4.4;11.0
1983-09-21;23.5;30.06;36.62;0.0;22.2;4.5;9.9
1983-09-22;23.4;29.7;36.0;0.0;22.4;5.0;7.9
1983-09-23;22.9;29.05;35.2;0.0;22.3;4.8;8.7
1983-09-24;22.2;29.1;36.0;0.0;22.3;4.4;8.5
1983-09-25;22.4;29.8;37.2;0.0;22.3;4.2;8.4
1983-09-26;22.8;30.6;38.4;0.0;22.375;4.3;7.6
1983-09-27;23.4;30.85;38.3;0.0;21.8;4.4;7.73
1983-09-28;23.5;30.6;37.7;0.0;21.7;4.3;8.3
1983-09-29;23.2;30.1;37.0;0.0;21.7;4.2;7.5
1983-09-30;22.5;29.5;36.5;0.0;21.6;4.07;6.8
1983-10-01;22.1;28.85;35.6;0.0;21.4;4.3;8.8
1983-10-02;21.9;28.05;34.2;0.0;21.3;4.1;10.0
1983-10-03;20.4;27.4;34.4;0.0;21.1;3.5;11.0
1983-10-04;20.2;27.65;35.1;0.0;20.9;3.2;9.1
1983-10-05;18.5;27.15;35.8;0.0;20.6;2.3;9.0
1983-10-06;19.3;28.62;37.93;0.0;21.8;0.8;10.1
1983-10-07;22.8;30.1;37.4;0.0;19.8;2.3;12.0
1983-10-08;25.1;31.5;37.9;0.0;19.0;3.9;10.8
1983-10-09;24.5;31.0;37.5;0.0;19.7;3.9;11.0
1983-10-10;24.1;30.55;37.0;0.0;19.6;3.5;10.8
1983-10-11;22.5;29.45;36.4;0.0;19.7;3.5;10.9
1983-10-12;22.01;28.3;34.6;0.0;20.1;3.7;11.4
1983-10-13;20.7;26.8;32.89;0.0;19.7;3.1;13.0
1983-10-14;18.5;25.75;33.0;0.0;19.8;2.4;12.7
1983-10-15;18.1;26.35;34.6;0.0;19.5;2.2;11.0
1983-10-16;20.0;27.8;35.6;0.0;19.0;2.34;12.3
1983-10-17;20.9;28.05;35.2;0.0;19.0;3.2;12.9
1983-10-18;20.1;26.65;33.2;0.0;19.2;3.4;12.0
1983-10-19;18.3;25.5;32.7;0.0;19.2;2.8;8.7
1983-10-20;16.4;25.05;33.7;0.0;19.9;2.5;9.1
1983-10-21;17.5;25.8;34.1;0.0;19.2;3.0;9.7
1983-10-22;17.9;25.75;33.6;0.0;18.8;3.3;9.56
1983-10-23;16.8;24.55;32.3;0.0;18.9;3.2;9.0
1983-10-24;16.0;23.45;30.9;0.0;19.0;3.3;9.2
1983-10-25;15.9;23.15;30.4;0.0;18.8;3.2;9.3
1983-10-26;13.8;22.22;30.64;0.0;19.1;2.9;8.0
1983-10-27;12.0;21.75;31.5;0.0;19.5;2.5;8.94
1983-10-28;12.33;22.36;32.4;0.0;19.8;2.5;7.3
1983-10-29;14.8;23.05;31.29;0.0;18.6;3.6;5.58
1983-10-30;12.19;21.5;30.8;0.0;18.8;3.1;7.8
1983-10-31;13.6;22.2;30.8;0.0;18.2;3.2;10.4
1983-11-01;12.5;21.95;31.4;0.0;18.1;2.0;11.1
1983-11-02;11.3;21.8;32.3;0.0;18.4;1.1;8.8
1983-11-03;11.6;22.25;32.9;0.0;17.8;1.7;6.6
1983-11-04;13.0;23.0;33.0;0.0;17.5;2.6;8.4
1983-11-05;16.2;24.1;32.0;0.0;17.1;3.1;11.1
1983-11-06;14.2;23.35;32.5;0.0;17.0;1.8;11.0
1983-11-07;15.2;24.5;33.8;0.0;16.8;3.4;14.4
1983-11-08;16.6;24.95;33.3;0.0;16.78;3.5;12.9
1983-11-09;15.48;23.89;32.3;0.0;16.9;2.4;10.9
1983-11-10;14.1;23.2;32.3;0.0;16.7;2.4;10.4
1983-11-11;18.6;23.4;28.2;0.0;16.231;4.8;17.9
1983-11-12;16.6;20.35;24.1;0.0;16.3;4.6;20.42
1983-11-13;14.3;19.15;24.0;0.0;16.3;3.6;17.4
1983-11-14;11.5;17.9;24.3;0.0;16.4;3.3;13.6
1983-11-15;12.3;17.55;22.8;0.0;16.3;3.6;17.6
1983-11-16;12.4;17.6;22.8;0.0;16.2;3.2;20.6
1983-11-17;9.2;16.8;24.4;0.0;16.0;2.7;23.2
1983-11-18;10.2;17.9;25.6;0.0;16.4;2.4;18.5
1983-11-19;9.3;17.9;26.5;0.0;16.0;1.3;12.5
1983-11-20;9.07;18.38;27.7;0.0;15.8;1.6;13.1
1983-11-21;10.9;19.65;28.4;0.0;15.9;2.5;13.66
1983-11-22;13.7;19.9;26.1;0.0;15.7;4.0;15.16
1983-11-23;13.6;19.35;25.1;0.0;16.0;3.6;18.4
1983-11-24;9.9;17.8;25.7;0.0;16.3;2.1;15.8
1983-11-25;9.43;18.21;27.0;0.0;16.1;2.0;11.4
1983-11-26;11.1;17.75;24.4;0.0;15.371;3.2;13.5
1983-11-27;12.6;17.5;22.4;0.0;15.097;3.7;23.47
1983-11-28;9.9;16.65;23.4;0.0;14.9;2.8;26.4
1983-11-29;10.2;16.85;23.5;0.0;14.8;2.5;24.3
1983-11-30;10.3;17.15;24.0;0.0;14.649;2.4;22.1
1983-12-01;11.1;17.5;23.9;0.0;14.4;2.5;26.3
1983-12-02;10.1;17.4;24.7;0.0;16.3;2.1;21.3
1983-12-03;10.8;17.15;23.5;0.0;14.8;3.1;17.8
1983-12-04;10.3;16.76;23.21;0.0;14.8;3.0;17.8
1983-12-05;9.0;17.05;25.1;0.0;14.4;2.5;19.7
1983-12-06;8.8;16.55;24.3;0.0;14.4;2.7;18.3
1983-12-07;10.7;16.5;22.3;0.0;14.6;3.5;13.6
1983-12-08;9.6;16.45;23.3;0.0;14.3;3.2;20.4
1983-12-09;6.8;15.65;24.5;0.0;14.7;1.0;19.9
1983-12-10;7.6;17.2;26.81;0.0;15.2;1.2;16.4
1983-12-11;9.1;18.45;27.8;0.0;14.1;1.1;14.33
1983-12-12;11.3;19.6;27.9;0.0;12.099;1.8;18.8
1983-12-13;13.6;20.95;28.3;0.0;12.58;1.8;27.0
1983-12-14;16.6;23.45;30.3;0.0;14.723;3.2;20.65
1983-12-15;17.0;24.0;31.0;0.0;13.6;3.6;16.9
1983-12-16;16.6;23.55;30.5;0.0;14.2;3.4;20.0
1983-12-17;15.3;23.05;30.8;0.0;15.6;3.2;18.18
1983-12-18;14.9;22.8;30.7;0.0;14.8;3.7;17.0
1983-12-19;15.9;23.5;31.1;0.0;15.8;4.0;17.62
1983-12-20;17.0;24.05;31.1;0.0;15.8;3.1;17.1
1983-12-21;15.8;23.2;30.6;0.0;15.4;2.8;19.7
1983-12-22;15.5;22.05;28.6;0.0;15.8;3.9;20.81
1983-12-23;15.5;20.91;26.32;0.0;15.4;4.2;16.6
1983-12-24;13.1;20.15;27.2;0.0;13.9;3.7;14.0
1983-12-25;12.4;20.3;28.2;0.0;13.7;3.6;14.1
1983-12-26;11.5;20.35;29.2;0.0;14.8;3.4;15.1
1983-12-27;12.0;20.5;29.0;0.0;13.7;3.0;17.1
1983-12-28;11.1;19.85;28.6;0.0;14.4;3.2;17.2
1983-12-29;10.1;18.9;27.7;0.0;15.0;2.6;17.46
1983-12-30;11.39;18.89;26.4;0.0;14.0;3.0;16.4
1983-12-31;9.8;17.45;25.1;0.0;14.5;3.3;15.1
1984-01-01;12.5;18.2;23.9;0.0;14.9;3.3;20.2
1984-01-02;9.85;16.77;23.7;0.0;14.7;2.2;18.7
1984-01-03;8.7;15.75;22.8;0.0;15.7;2.5;14.31
1984-01-04;9.9;14.8;19.7;0.0;15.8;4.1;15.7
1984-01-05;7.8;10.22;12.65;0.0;14.4;4.4;26.6
1984-01-06;6.69;12.04;17.38;0.0;14.0;3.9;28.2
1984-01-07;5.6;12.2;18.8;0.0;14.2;3.2;29.8
1984-01-08;6.3;12.93;19.55;0.0;15.3;3.0;22.9
1984-01-09;6.8;12.85;18.9;0.0;14.7;2.9;19.96
1984-01-10;4.5;12.05;19.6;0.0;14.7;2.5;20.2
1984-01-11;5.7;13.4;21.1;0.0;14.5;2.1;23.1
1984-01-12;6.7;14.75;22.8;0.0;15.9;1.5;24.5
1984-01-13;7.0;16.0;25.0;0.0;15.9;1.9;18.1
1984-01-14;7.9;16.6;25.3;0.0;15.928;2.0;15.8
1984-01-15;6.7;16.5;26.3;0.0;15.8;0.7;12.5
1984-01-16;6.5;16.13;25.76;0.0;15.3;1.8;14.3
1984-01-17;9.2;15.7;22.2;0.0;16.1;3.1;20.03
1984-01-18;8.0;15.15;22.3;0.0;16.4;2.6;18.7
1984-01-19;8.0;16.5;25.0;0.0;16.5;2.6;18.49
1984-01-20;10.1;19.2;28.3;0.0;16.2;2.3;14.2
1984-01-21;11.0;20.48;29.97;0.0;17.0;2.7;13.4
1984-01-22;12.8;21.15;29.5;0.0;16.7;3.5;16.4
1984-01-23;14.6;21.45;28.3;0.0;17.0;4.1;15.3
1984-01-24;14.4;22.15;29.9;0.0;17.5;4.3;11.1
1984-01-25;13.7;23.0;32.3;0.0;17.2;3.7;10.5
1984-01-26;16.6;24.2;31.8;0.0;16.0;4.2;16.2
1984-01-27;16.9;24.1;31.3;0.0;15.9;4.4;15.4
1984-01-28;16.9;24.3;31.7;0.0;17.0;4.3;13.1
1984-01-29;17.9;24.8;31.7;0.0;16.2;3.6;15.8
1984-01-30;14.8;22.2;29.6;0.0;16.4;3.8;15.5
1984-01-31;11.1;15.7;20.3;0.0;16.5;4.2;18.0
1984-02-01;9.7;15.5;21.3;0.0;16.3;2.6;28.3
1984-02-02;8.9;15.97;23.04;0.0;16.4;2.1;25.8
1984-02-03;10.39;17.25;24.1;0.0;16.4;3.0;27.7
1984-02-04;10.4;17.75;25.1;0.0;16.7;1.4;23.6
1984-02-05;9.7;18.35;27.0;0.0;18.0;0.7;20.2
1984-02-06;12.9;21.8;30.7;0.0;18.2;2.5;11.9
1984-02-07;12.41;21.26;30.1;0.0;18.5;2.8;9.7
1984-02-08;13.6;22.05;30.5;0.0;18.2;2.2;12.4
1984-02-09;16.7;24.35;32.0;0.0;17.2;1.8;18.1
1984-02-10;15.9;24.45;33.0;0.0;17.558;1.5;14.1
1984-02-11;14.5;23.15;31.8;0.0;18.0;2.7;10.0
1984-02-12;12.4;21.4;30.4;0.0;18.8;2.7;10.1
1984-02-13;15.6;23.65;31.7;0.0;18.6;1.9;19.87
1984-02-14;17.0;25.55;34.1;0.0;19.4;2.7;10.8
1984-02-15;14.6;24.85;35.1;0.0;19.3;1.73;8.6
1984-02-16;18.2;24.3;30.4;0.0;19.3;4.2;5.9
1984-02-17;14.6;19.75;24.9;0.0;20.1;3.9;6.86
1984-02-18;10.9;17.65;24.4;0.0;19.5;3.1;9.3
1984-02-19;8.8;17.55;26.3;0.0;20.2;3.0;8.9
1984-02-20;9.79;19.3;28.8;0.0;20.6;3.0;7.5
1984-02-21;11.4;20.9;30.4;0.0;20.3;3.5;7.1
1984-02-22;11.69;20.34;29.0;0.0;19.7;3.6;7.5
1984-02-23;9.2;19.55;29.9;0.0;19.5;2.8;8.4
1984-02-24;11.3;21.45;31.59;0.0;20.0;1.5;8.3
1984-02-25;13.1;23.23;33.36;0.0;20.953;1.8;6.8
1984-02-26;14.8;24.0;33.2;0.0;20.3;2.2;8.9
1984-02-27;17.6;25.05;32.5;0.0;20.4;2.6;12.0
1984-02-28;17.5;24.95;32.4;0.0;19.6;2.5;11.8
1984-02-29;0.0;0.0;0.0;0.0;0.0;0.0;0.0
1984-03-01;17.8;23.52;29.24;0.0;20.3;4.0;10.6
1984-03-02;14.6;20.25;25.9;0.0;20.4;3.7;12.8
1984-03-03;11.3;18.1;24.9;0.0;20.6;3.5;12.2
1984-03-04;11.34;17.82;24.3;0.0;20.9;3.8;13.1
1984-03-05;10.7;18.5;26.3;0.0;20.9;3.9;13.5
1984-03-06;9.3;18.88;28.46;0.0;21.1;3.7;10.7
1984-03-07;10.19;20.2;30.2;0.0;21.6;3.9;9.0
1984-03-08;11.4;21.5;31.6;0.0;22.1;3.3;8.3
1984-03-09;12.6;22.85;33.1;0.0;22.4;1.0;7.2
1984-03-10;12.6;22.8;33.0;0.0;22.4;3.1;8.7
1984-03-11;16.5;23.45;30.4;0.0;21.5;2.9;12.1
1984-03-12;12.5;21.45;30.4;0.0;22.1;2.3;9.5
1984-03-13;11.7;21.6;31.5;0.0;21.9;2.6;7.7
1984-03-14;12.5;22.2;31.9;0.0;23.0;2.1;8.3
1984-03-15;16.1;25.85;35.6;0.0;24.3;2.7;5.3
1984-03-16;18.3;27.95;37.6;0.0;24.7;3.0;4.99
1984-03-17;20.4;29.55;38.7;0.0;22.8;3.8;10.7
1984-03-18;22.6;32.1;41.6;0.0;23.7;4.6;8.2
1984-03-19;23.9;30.8;37.7;0.0;21.6;4.1;14.8
1984-03-20;22.2;30.35;38.5;0.0;22.8;2.0;12.4
1984-03-21;22.7;31.35;40.0;0.0;23.5;1.9;9.9
1984-03-22;23.8;32.05;40.3;0.0;24.1;3.4;8.2
1984-03-23;25.2;32.35;39.5;0.0;20.4;3.9;8.0
1984-03-24;22.9;30.0;37.1;0.0;22.8;3.4;10.1
1984-03-25;19.7;27.8;35.9;0.0;23.4;2.8;8.5
1984-03-26;16.9;26.45;36.0;0.0;24.6;1.8;7.3
1984-03-27;16.3;26.1;35.9;0.0;25.4;4.0;8.04
1984-03-28;17.7;23.65;29.6;0.0;24.1;4.4;9.6
1984-03-29;14.2;22.5;30.8;0.0;24.2;3.0;9.46
1984-03-30;13.0;22.5;32.0;0.0;24.1;2.6;8.4
1984-03-31;14.7;23.75;32.8;0.0;23.9;0.9;10.9
1984-04-01;20.6;28.95;37.3;0.0;23.7;3.0;9.1
1984-04-02;22.2;29.1;36.0;0.0;24.7;4.6;9.9
1984-04-03;18.5;23.95;29.4;0.0;24.8;3.9;11.0
1984-04-04;16.1;23.05;30.0;0.0;25.8;4.2;10.5
1984-04-05;15.0;21.0;27.0;0.0;25.2;3.8;9.7
1984-04-06;13.5;21.3;29.1;0.0;26.4;2.6;9.4
1984-04-07;15.7;23.6;31.5;0.0;25.2;1.8;11.9
1984-04-08;18.9;28.45;38.0;0.0;25.0;3.9;6.0
1984-04-09;21.2;31.0;40.8;0.0;25.4;3.9;3.6
1984-04-10;19.1;30.5;41.9;0.0;26.9;2.6;2.31
1984-04-11;24.6;34.25;43.9;0.0;23.7;3.9;4.5
1984-04-12;27.0;35.2;43.4;0.0;23.9;3.6;2.08
1984-04-13;26.6;35.45;44.3;0.0;23.8;4.1;4.4
1984-04-14;26.4;34.4;42.4;0.0;22.8;3.0;7.6
1984-04-15;26.0;35.35;44.7;0.0;26.3;4.3;5.1
1984-04-16;25.1;32.95;40.8;0.0;24.9;5.3;11.3
1984-04-17;24.6;33.2;41.8;0.0;25.6;4.8;9.4
1984-04-18;26.9;36.05;45.2;0.0;25.8;5.6;4.4
1984-04-19;26.4;32.5;38.6;0.0;26.0;5.73;6.0
1984-04-20;20.3;25.9;31.5;0.0;24.2;5.73;6.9
1984-04-21;17.3;22.4;27.5;0.0;26.7;4.4;8.9
1984-04-22;14.12;22.26;30.4;0.0;28.1;2.5;9.5
1984-04-23;17.33;25.36;33.4;0.0;28.6;2.7;10.1
1984-04-24;20.5;29.45;38.4;0.0;28.7;3.1;6.9
1984-04-25;20.1;29.35;38.6;0.0;28.6;3.5;5.6
1984-04-26;22.1;29.85;37.6;0.0;28.2;3.7;5.8
1984-04-27;23.1;29.45;35.8;0.0;24.7;4.4;7.9
1984-04-28;21.2;26.55;31.9;0.0;27.1;4.3;5.7
1984-04-29;18.1;26.6;35.1;0.0;28.6;2.8;7.8
1984-04-30;20.3;29.45;38.6;0.0;26.1;2.6;7.0
1984-05-01;22.9;31.85;40.8;0.0;27.557;3.4;4.8
1984-05-02;24.7;32.9;41.1;0.0;28.8;4.4;4.0
1984-05-03;24.9;32.5;40.1;0.0;25.4;4.3;6.6
1984-05-04;24.6;31.95;39.3;0.0;25.2;4.0;7.0
1984-05-05;23.3;30.95;38.6;0.0;26.5;3.8;6.3
1984-05-06;22.4;30.4;38.4;0.0;29.55;4.0;6.1
1984-05-07;21.9;29.95;38.0;0.0;29.65;4.0;4.7
1984-05-08;22.0;30.2;38.4;0.0;29.3;3.8;3.8
1984-05-09;20.3;29.6;38.9;0.0;27.4;3.0;4.7
1984-05-10;20.5;30.5;40.5;0.0;27.1;2.8;5.1
1984-05-11;22.0;31.6;41.2;0.0;27.2;2.9;4.7
1984-05-12;24.0;33.0;42.0;0.0;26.7;3.2;5.1
1984-05-13;26.6;34.5;42.4;0.0;24.5;3.4;5.1
1984-05-14;24.4;33.6;42.8;0.0;27.3;2.6;4.8
1984-05-15;23.9;33.35;42.8;0.0;28.0;2.5;4.3
1984-05-16;24.0;33.4;42.8;0.0;28.6;2.4;6.2
1984-05-17;23.9;32.65;41.4;0.0;27.0;2.7;6.9
1984-05-18;22.8;31.85;40.9;0.0;26.6;1.5;9.1
1984-05-19;22.2;31.35;40.5;0.0;26.8;1.8;10.8
1984-05-20;22.5;31.3;40.1;0.0;28.2;2.1;11.7
1984-05-21;23.8;32.05;40.3;0.0;29.0;2.4;10.7
1984-05-22;24.7;31.85;39.0;0.0;26.5;1.2;15.8
1984-05-23;26.5;30.7;34.9;0.0;3.165;2.1;17.8
1984-05-24;24.7;32.45;40.2;0.0;26.7;2.6;12.0
1984-05-25;24.52;32.81;41.1;0.0;28.0;4.0;4.1
1984-05-26;22.3;31.95;41.6;0.0;27.8;2.8;4.9
1984-05-27;22.7;32.3;41.9;0.0;27.8;0.8;5.1
1984-05-28;23.5;33.4;43.3;0.0;27.8;1.9;5.12
1984-05-29;26.4;35.15;43.9;0.0;27.0;3.0;10.7
1984-05-30;28.2;36.35;44.5;0.0;26.5;3.7;4.8
1984-05-31;27.4;36.3;45.2;0.0;27.402;3.5;3.6
1984-06-01;25.0;35.1;45.2;0.0;27.9;2.9;3.5
1984-06-02;24.6;34.85;45.1;0.0;28.09;2.2;3.5
1984-06-03;25.0;34.9;44.8;0.0;28.0;2.6;4.2
1984-06-04;27.8;36.5;45.2;0.0;27.7;3.9;4.1
1984-06-05;28.4;36.65;44.9;0.0;27.7;4.6;3.4
1984-06-06;26.9;35.25;43.6;0.0;27.7;4.6;4.1
1984-06-07;25.2;33.85;42.5;0.0;27.5;3.7;5.4
1984-06-08;24.3;32.9;41.5;0.0;27.2;3.2;7.0
1984-06-09;24.0;32.45;40.9;0.0;27.4;3.2;7.4
1984-06-10;23.4;32.2;41.0;0.0;27.124;2.6;7.7
1984-06-11;23.2;32.15;41.1;0.0;27.557;2.5;7.1
1984-06-12;22.2;31.75;41.3;0.0;27.869;2.2;6.5
1984-06-13;22.7;32.15;41.6;0.0;27.79;2.8;6.9
1984-06-14;24.2;33.35;42.5;0.0;27.4;3.6;7.0
1984-06-15;26.3;35.05;43.8;0.0;28.2;4.4;3.8
1984-06-16;26.4;35.8;45.2;0.0;28.9;4.6;3.1
1984-06-17;27.5;36.4;45.3;0.0;27.5;4.8;3.7
1984-06-18;27.5;36.25;45.0;0.0;28.0;4.41;4.3
1984-06-19;27.2;36.05;44.9;0.0;28.6;4.5;5.0
1984-06-20;27.6;35.45;43.3;0.0;27.6;4.9;4.6
1984-06-21;26.7;33.95;41.2;0.0;28.2;4.9;5.62
1984-06-22;25.2;32.5;39.8;0.0;28.3;4.4;6.6
1984-06-23;24.2;32.15;40.1;0.0;28.0;3.6;7.2
1984-06-24;24.0;32.45;40.9;0.0;28.2;3.5;7.4
1984-06-25;24.3;32.65;41.0;0.0;28.09;3.5;6.1
1984-06-26;23.1;32.15;41.2;0.0;28.7;2.9;6.0
1984-06-27;23.2;32.2;41.21;0.0;28.8;3.0;6.3
1984-06-28;24.0;32.6;41.2;0.0;28.325;3.7;5.9
1984-06-29;24.9;33.3;41.7;0.0;28.4;4.0;4.9
1984-06-30;24.9;33.85;42.8;0.0;27.4;3.5;4.3
1984-07-01;25.6;35.05;44.5;0.0;26.2;4.0;3.9
1984-07-02;27.79;37.0;46.2;0.0;26.4;4.8;4.4
1984-07-03;28.3;37.84;47.38;0.0;24.9;4.8;4.2
1984-07-04;27.0;36.56;46.13;0.0;27.3;2.1;5.6
1984-07-05;31.69;38.8;45.9;0.0;26.3;3.7;5.0
1984-07-06;28.4;37.08;45.76;0.0;26.4;3.8;5.9
1984-07-07;26.8;36.05;45.3;0.0;26.7;3.9;4.8
1984-07-08;27.7;36.45;45.2;0.0;26.8;4.2;3.9
1984-07-09;27.2;35.85;44.5;0.0;26.9;4.4;4.4
1984-07-10;26.4;34.9;43.4;0.0;26.8;4.1;4.8
1984-07-11;25.9;33.4;40.9;0.0;27.4;4.3;6.7
1984-07-12;24.2;32.3;40.4;0.0;27.4;3.0;7.3
1984-07-13;23.1;31.85;40.6;0.0;27.3;2.3;8.5
1984-07-14;23.8;32.2;40.6;0.0;27.0;2.6;8.8
1984-07-15;24.6;32.8;41.0;0.0;26.6;3.2;9.7
1984-07-16;25.6;33.25;40.9;0.0;27.3;3.6;8.7
1984-07-17;24.8;32.8;40.8;0.0;28.4;3.4;6.9
1984-07-18;23.8;32.5;41.2;0.0;28.6;3.5;5.3
1984-07-19;24.4;33.2;42.0;0.0;27.113;3.6;4.9
1984-07-20;25.5;34.65;43.8;0.0;28.2;3.6;4.99
1984-07-21;27.1;36.0;44.9;0.0;26.5;4.3;6.8
1984-07-22;28.6;36.8;45.0;0.0;27.1;4.8;6.0
1984-07-23;29.2;36.8;44.4;0.0;27.6;4.7;6.7
1984-07-24;28.4;36.0;43.6;0.0;28.0;4.5;6.8
1984-07-25;28.2;35.7;43.2;0.0;26.8;4.5;7.4
1984-07-26;28.6;36.1;43.6;0.0;25.8;4.4;8.4
1984-07-27;29.4;37.15;44.9;0.0;26.1;4.4;8.1
1984-07-28;29.7;37.4;45.1;0.0;28.9;4.8;7.0
1984-07-29;28.8;37.15;45.5;0.0;28.9;4.1;5.6
1984-07-30;28.9;37.55;46.2;0.0;27.2;4.1;5.0
1984-07-31;30.03;38.02;46.0;0.0;28.2;4.6;5.7
1984-08-01;30.0;37.65;45.3;0.0;24.4;5.1;6.3
1984-08-02;30.7;38.5;46.3;0.0;25.8;4.7;6.0
1984-08-03;28.7;37.3;45.9;0.0;25.9;3.7;7.3
1984-08-04;27.8;35.8;43.8;0.0;26.0;2.7;13.1
1984-08-05;26.4;34.7;43.0;0.0;27.0;2.2;14.6
1984-08-06;25.7;35.0;44.3;0.0;26.009;2.9;8.2
1984-08-07;28.3;36.25;44.2;0.0;26.3;4.1;8.2
1984-08-08;29.0;36.1;43.2;0.0;25.2;4.1;10.4
1984-08-09;28.4;35.0;41.6;0.0;25.1;4.0;14.0
1984-08-10;26.6;34.35;42.1;0.0;20.4;1.2;14.4
1984-08-11;26.9;34.65;42.4;0.0;26.6;1.2;19.6
1984-08-12;27.09;34.99;42.9;0.0;25.0;1.8;14.5
1984-08-13;26.9;35.1;43.3;0.0;24.7;2.7;12.1
1984-08-14;27.0;35.15;43.3;0.0;25.5;3.2;11.5
1984-08-15;27.2;35.25;43.3;0.0;24.437;3.5;11.7
1984-08-16;26.3;34.83;43.35;0.0;24.3;3.6;10.7
1984-08-17;27.8;36.15;44.5;0.0;26.5;4.6;7.2
1984-08-18;28.77;36.98;45.2;0.0;24.3;5.2;6.5
1984-08-19;29.0;36.8;44.6;0.0;24.8;5.2;7.1
1984-08-20;28.0;35.45;42.9;0.0;24.9;5.1;6.5
1984-08-21;26.8;34.45;42.1;0.0;25.5;4.4;3.8
1984-08-22;25.7;34.3;42.9;0.0;25.2;3.4;4.6
1984-08-23;25.1;34.45;43.8;0.0;25.1;3.7;4.9
1984-08-24;25.8;34.55;43.3;0.0;25.2;4.3;4.9
1984-08-25;25.8;33.6;41.4;0.0;24.8;4.4;6.1
1984-08-26;25.3;32.75;40.2;0.0;25.0;4.0;8.52
1984-08-27;24.6;32.35;40.1;0.0;24.876;3.7;9.3
1984-08-28;25.1;32.75;40.4;0.0;25.0;3.6;9.4
1984-08-29;25.3;33.0;40.7;0.0;24.6;3.4;8.9
1984-08-30;25.2;33.2;41.2;0.0;24.2;3.6;8.5
1984-08-31;25.8;33.45;41.1;0.0;24.0;4.0;8.5
1984-09-01;25.9;33.2;40.5;0.0;24.4;4.3;8.5
1984-09-02;25.8;33.0;40.2;0.0;24.3;4.1;8.2
1984-09-03;25.7;33.2;40.7;0.0;24.8;4.3;7.78
1984-09-04;25.9;33.25;40.6;0.0;25.7;4.6;8.0
1984-09-05;25.6;32.3;39.0;0.0;25.1;4.6;9.0
1984-09-06;24.5;30.95;37.4;0.0;25.1;4.1;8.6
1984-09-07;23.1;30.0;36.9;0.0;24.1;3.5;8.5
1984-09-08;22.43;30.11;37.8;0.0;24.8;3.1;7.52
1984-09-09;22.4;30.65;38.9;0.0;23.893;3.1;7.6
1984-09-10;23.7;31.65;39.6;0.0;23.6;3.6;8.2
1984-09-11;24.8;32.8;40.8;0.0;24.1;4.1;9.3
1984-09-12;26.1;33.95;41.8;0.0;23.5;4.7;8.7
1984-09-13;26.6;34.5;42.4;0.0;23.8;4.8;8.0
1984-09-14;26.6;34.55;42.5;0.0;24.0;4.7;7.7
1984-09-15;26.9;34.55;42.2;0.0;22.7;4.4;8.1
1984-09-16;26.8;34.85;42.9;0.0;23.8;4.3;7.5
1984-09-17;26.7;34.45;42.2;0.0;22.9;4.4;7.7
1984-09-18;25.9;33.75;41.6;0.0;22.6;4.0;7.5
1984-09-19;25.4;33.4;41.4;0.0;22.5;3.9;7.0
1984-09-20;25.4;33.05;40.7;0.0;22.3;4.2;6.9
1984-09-21;24.9;32.55;40.2;0.0;22.1;4.2;6.2
1984-09-22;24.7;32.6;40.5;0.0;21.9;4.0;7.0
1984-09-23;25.2;33.1;41.0;0.0;21.8;4.2;7.8
1984-09-24;25.6;33.35;41.1;0.0;21.6;4.6;7.8
1984-09-25;25.5;33.4;41.3;0.0;21.7;4.1;7.9
1984-09-26;24.1;32.61;41.11;0.0;21.9;3.2;7.0
1984-09-27;22.1;31.25;40.4;0.0;22.1;1.3;5.9
1984-09-28;22.1;30.95;39.8;0.0;18.2;2.7;11.7
1984-09-29;25.9;32.25;38.6;0.0;16.3;3.2;15.3
1984-09-30;24.8;32.16;39.53;0.0;20.6;3.41;10.7
1984-10-01;25.0;32.35;39.7;0.0;20.9;3.9;9.8
1984-10-02;24.3;31.95;39.6;0.0;21.1;3.9;8.9
1984-10-03;23.9;30.6;37.3;0.0;17.4;3.1;12.4
1984-10-04;26.2;32.25;38.3;0.0;20.1;4.1;11.5
1984-10-05;26.1;31.94;37.77;0.0;19.5;4.3;11.8
1984-10-06;25.4;31.2;37.0;0.0;14.9;4.5;11.1
1984-10-07;24.7;30.75;36.8;0.0;20.0;4.8;9.3
1984-10-08;23.73;29.47;35.2;0.0;20.2;4.7;9.5
1984-10-09;22.71;28.46;34.2;0.0;20.3;4.5;10.7
1984-10-10;21.9;27.65;33.4;0.0;20.3;4.3;10.6
1984-10-11;21.1;26.85;32.6;0.0;20.3;4.5;10.5
1984-10-12;20.6;26.2;31.8;0.0;20.2;4.4;11.9
1984-10-13;19.4;25.0;30.6;0.0;20.2;4.0;11.3
1984-10-14;18.92;25.26;31.6;0.0;20.1;4.3;10.4
1984-10-15;18.3;24.15;30.0;0.0;19.8;4.2;14.3
1984-10-16;14.2;22.75;31.3;0.0;19.7;2.1;11.3
1984-10-17;15.91;24.26;32.6;0.0;19.7;2.7;8.3
1984-10-18;14.5;23.8;33.1;0.0;19.9;2.9;7.5
1984-10-19;16.3;24.9;33.5;0.0;20.1;2.6;10.0
1984-10-20;17.0;25.3;33.6;0.0;19.2;2.0;10.6
1984-10-21;17.5;25.7;33.9;0.0;19.0;2.2;11.4
1984-10-22;17.48;25.79;34.1;0.0;18.9;2.6;11.1
1984-10-23;16.9;25.6;34.3;0.0;19.0;2.9;10.4
1984-10-24;16.0;25.17;34.34;0.0;19.0;2.9;10.5
1984-10-25;16.1;25.25;34.4;0.0;18.756;3.1;10.7
1984-10-26;15.8;25.09;34.38;0.0;18.7;3.2;10.4
1984-10-27;15.3;24.6;33.9;0.0;18.5;3.2;10.8
1984-10-28;17.28;24.94;32.6;0.0;18.2;3.6;11.1
1984-10-29;19.3;24.25;29.2;0.0;17.9;4.5;13.8
1984-10-30;17.0;21.85;26.7;0.0;18.4;3.9;14.1
1984-10-31;15.2;21.3;27.4;0.0;17.8;3.3;13.6
1984-11-01;14.9;21.4;27.9;0.0;17.7;3.2;15.2
1984-11-02;15.6;21.85;28.1;0.0;17.6;3.5;15.0
1984-11-03;16.1;22.5;28.9;0.0;18.0;3.7;14.7
1984-11-04;17.2;23.45;29.7;0.0;16.8;4.0;13.5
1984-11-05;19.2;23.8;28.39;0.0;8.923;4.3;14.7
1984-11-06;18.8;23.35;27.9;0.0;16.6;4.5;14.4
1984-11-07;16.7;21.45;26.2;0.0;16.8;4.0;15.3
1984-11-08;14.6;20.35;26.1;0.0;16.8;3.3;15.1
1984-11-09;13.4;19.85;26.3;0.0;16.6;2.8;14.9
1984-11-10;12.9;19.5;26.1;0.0;16.6;2.8;13.94
1984-11-11;12.7;19.45;26.19;0.0;16.7;2.8;13.8
1984-11-12;11.2;18.73;26.27;0.0;16.4;2.8;13.1
1984-11-13;10.4;18.55;26.7;0.0;16.3;2.8;13.5
1984-11-14;13.8;18.9;24.0;0.0;16.6;3.9;15.7
1984-11-15;12.5;17.4;22.3;0.0;16.6;3.6;20.8
1984-11-16;11.2;16.95;22.7;0.0;16.1;2.9;20.0
1984-11-17;9.9;17.1;24.3;0.0;16.3;2.6;16.6
1984-11-18;11.9;17.6;23.3;0.0;15.986;3.6;14.7
1984-11-19;11.8;17.55;23.3;0.0;15.8;3.2;22.9
1984-11-20;10.9;17.8;24.7;0.0;15.9;3.0;15.5
1984-11-21;10.9;18.85;26.8;0.0;15.7;3.0;13.4
1984-11-22;12.1;19.82;27.54;0.0;15.4;3.0;15.2
1984-11-23;13.7;20.55;27.4;0.0;15.2;2.8;17.7
1984-11-24;12.1;20.3;28.5;0.0;15.2;1.7;15.8
1984-11-25;13.2;21.36;29.52;0.0;14.599;2.3;17.8
1984-11-26;16.6;21.9;27.2;0.0;14.9;4.1;17.0
1984-11-27;14.6;19.3;24.0;0.0;15.0;4.0;25.0
1984-11-28;12.3;18.4;24.5;0.0;15.8;3.5;22.2
1984-11-29;12.9;18.55;24.2;0.0;15.6;3.9;18.6
1984-11-30;12.8;17.5;22.2;0.0;14.8;3.7;21.8
1984-12-01;11.3;17.6;23.9;0.0;14.9;3.7;16.3
1984-12-02;8.4;16.9;25.4;0.0;14.7;2.8;17.8
1984-12-03;8.7;17.16;25.61;0.0;14.6;2.2;18.8
1984-12-04;9.9;17.55;25.2;0.0;14.6;3.0;16.1
1984-12-05;10.2;16.8;23.4;0.0;14.8;3.7;13.31
1984-12-06;12.6;17.65;22.7;0.0;13.9;4.3;26.3
1984-12-07;11.8;15.9;20.0;0.0;14.4;4.0;19.8
1984-12-08;9.7;14.5;19.3;0.0;14.2;4.0;18.9
1984-12-09;9.2;14.66;20.13;0.0;14.0;4.0;22.4
1984-12-10;8.0;14.6;21.2;0.0;14.9;3.5;22.0
1984-12-11;5.79;13.29;20.8;0.0;14.3;3.4;19.9
1984-12-12;8.1;14.55;21.01;0.0;14.6;4.3;17.5
1984-12-13;8.0;15.0;22.0;0.0;15.6;4.4;15.2
1984-12-14;7.1;15.15;23.2;0.0;14.5;3.7;16.6
1984-12-15;6.8;15.4;24.0;0.0;15.1;3.1;17.2
1984-12-16;6.9;15.5;24.1;0.0;14.5;3.0;18.0
1984-12-17;6.5;15.6;24.7;0.0;15.9;3.1;15.5
1984-12-18;8.4;16.3;24.2;0.0;15.3;3.3;16.6
1984-12-19;10.8;17.05;23.3;0.0;15.6;3.4;18.2
1984-12-20;11.74;17.37;23.0;0.0;15.4;3.6;16.9
1984-12-21;9.8;16.15;22.5;0.0;11.699;2.9;22.4
1984-12-22;7.7;15.45;23.2;0.0;13.6;1.6;21.8
1984-12-23;8.0;16.5;25.0;0.0;12.58;2.2;17.9
1984-12-24;9.0;17.6;26.2;0.0;13.7;1.7;18.6
1984-12-25;9.3;18.15;27.0;0.0;11.05;1.4;19.7
1984-12-26;11.2;18.85;26.5;0.0;11.4;3.3;18.9
1984-12-27;12.9;18.75;24.6;0.0;14.8;3.9;18.4
1984-12-28;11.7;17.4;23.1;0.0;14.5;3.4;19.8
1984-12-29;8.68;15.59;22.5;0.0;13.8;2.7;17.2
1984-12-30;8.5;15.2;21.9;0.0;14.6;2.8;16.6
1984-12-31;7.94;15.02;22.1;0.0;15.1;2.4;18.2
