iso-date;tmin;tavg;tmax;precip;globrad;wind;relhumid
1980-01-01;-7.6;-3.8;0.0;0.0;3.4;2.0;74.83
1980-01-02;-4.1;-1.65;0.8;0.0;2.5;1.6;82.1
1980-01-03;-2.1;-0.1;1.9;0.0;3.2;0.5;82.6
1980-01-04;-0.4;1.35;3.1;0.0;3.1;2.3;82.3
1980-01-05;2.6;4.55;6.5;0.0;2.801;2.2;75.1
1980-01-06;2.3;6.0;9.7;0.0;5.2;2.7;67.0
1980-01-07;4.3;8.05;11.8;0.0;4.5;2.6;64.2
1980-01-08;1.2;4.5;7.8;0.0;4.2;1.7;68.9
1980-01-09;0.5;4.2;7.9;0.0;5.0;1.8;68.48
1980-01-10;3.8;5.65;7.5;0.0;2.8;1.9;80.91
1980-01-11;2.3;5.1;7.9;0.0;2.7;1.1;80.5
1980-01-12;2.5;4.3;6.1;0.0;2.1;1.0;82.46
1980-01-13;-3.4;-0.2;3.0;0.0;4.8;3.3;69.0
1980-01-14;-6.5;-2.75;1.0;0.0;5.1;0.5;66.9
1980-01-15;-7.0;-2.95;1.1;0.0;5.2;1.8;61.1
1980-01-16;-5.3;-1.65;2.0;0.0;5.9;3.5;54.8
1980-01-17;-2.9;0.0;2.9;8.5;1.2;2.5;79.3
1980-01-18;-5.51;-1.8;1.9;0.0;5.2;1.3;71.6
1980-01-19;-2.8;1.3;5.4;1.4;5.5;4.3;59.8
1980-01-20;6.2;9.55;12.9;0.0;6.0;3.8;60.25
1980-01-21;5.52;9.66;13.8;0.0;2.8;2.8;62.5
1980-01-22;2.7;6.45;10.2;0.0;5.5;2.6;62.3
1980-01-23;-0.2;3.7;7.6;0.0;5.5;2.7;58.8
1980-01-24;0.3;5.6;10.9;0.0;3.4;4.3;64.4
1980-01-25;3.9;6.75;9.6;3.72;1.8;3.2;83.8
1980-01-26;-1.6;0.85;3.3;0.0;6.1;5.2;40.21
1980-01-27;-3.8;-1.25;1.3;0.0;6.1;4.2;41.3
1980-01-28;-5.3;-2.6;0.1;0.0;6.0;3.9;44.32
1980-01-29;-5.0;-0.85;3.3;1.2;2.9;4.7;51.9
1980-01-30;-0.3;2.45;5.2;1.6;6.8;3.5;53.6
1980-01-31;-2.52;1.24;5.0;0.0;6.7;3.6;55.3
1980-02-01;-4.9;-1.9;1.1;0.0;6.4;3.7;37.8
1980-02-02;-7.0;-4.79;-2.57;0.0;6.4;4.2;33.28
1980-02-03;-7.1;-3.14;0.82;0.0;3.0;1.9;67.5
1980-02-04;-1.4;0.5;2.4;1.6;2.1;2.3;82.0
1980-02-05;2.5;5.25;8.0;2.29;3.0;4.81;64.3
1980-02-06;-2.6;0.2;3.0;0.0;6.2;5.0;51.8
1980-02-07;-6.01;-2.71;0.58;0.0;7.0;3.2;42.6
1980-02-08;-6.81;-3.96;-1.1;0.0;8.1;1.8;36.2
1980-02-09;-9.0;-3.65;1.7;4.5;6.8;3.2;73.51
1980-02-10;-9.5;-4.25;1.0;0.0;6.622;2.1;60.0
1980-02-11;-10.6;-7.4;-4.2;0.0;7.7;4.9;47.1
1980-02-12;-11.1;-7.6;-4.1;0.0;8.5;3.3;42.6
1980-02-13;-11.3;-7.75;-4.2;0.0;8.5;3.7;43.4
1980-02-14;-11.5;-8.0;-4.5;0.0;8.2;2.6;43.0
1980-02-15;-12.8;-7.35;-1.9;0.0;8.9;3.1;44.3
1980-02-16;-4.2;-1.35;1.5;6.1;7.9;2.4;80.26
1980-02-17;-4.0;-0.3;3.4;0.0;8.8;2.2;72.7
1980-02-18;-5.1;-0.9;3.3;0.0;6.3;3.3;60.39
1980-02-19;-7.5;-2.9;1.7;0.0;9.3;0.5;62.1
1980-02-20;-8.2;-2.9;2.4;0.0;9.8;0.2;60.5
1980-02-21;-7.9;-2.6;2.7;0.0;9.8;0.4;54.8
1980-02-22;-4.4;0.1;4.6;2.0;7.7;2.0;62.1
1980-02-23;2.8;5.6;8.4;9.44;3.0;4.2;72.9
1980-02-24;1.1;6.25;11.4;0.0;9.1;2.7;59.2
1980-02-25;-1.8;3.19;8.17;0.0;9.4;1.8;54.1
1980-02-26;-1.7;3.45;8.6;0.0;10.3;2.0;50.0
1980-02-27;-0.9;4.7;10.3;0.0;10.1;1.1;52.4
1980-02-28;4.3;5.9;7.5;0.0;4.5;1.9;75.3
1980-02-29;0.0;0.0;0.0;0.0;0.0;0.0;0.0
1980-03-01;-0.8;2.9;6.6;0.0;11.4;1.9;43.42
1980-03-02;-2.2;3.35;8.9;0.0;8.8;2.3;44.1
1980-03-03;-0.3;1.85;4.0;7.3;2.3;2.0;80.7
1980-03-04;-3.2;1.6;6.4;0.0;11.9;1.6;47.0
1980-03-05;2.1;5.65;9.2;0.0;6.9;2.1;60.3
1980-03-06;4.0;6.65;9.3;3.6;6.1;1.9;69.8
1980-03-07;-0.8;2.95;6.7;0.0;12.7;1.9;48.32
1980-03-08;-1.0;1.4;3.8;3.2;3.2;1.8;76.5
1980-03-09;-0.3;3.95;8.2;1.6;12.0;1.8;46.5
1980-03-10;0.6;5.85;11.1;0.0;10.3;3.1;46.4
1980-03-11;-1.1;3.25;7.6;1.2;8.2;4.5;56.4
1980-03-12;7.7;11.1;14.5;0.0;4.2;5.4;59.0
1980-03-13;7.3;12.2;17.1;1.2;7.3;5.2;46.5
1980-03-14;2.3;9.2;16.1;0.0;13.4;2.5;43.4
1980-03-15;0.7;7.45;14.2;1.9;11.4;2.5;49.7
1980-03-16;7.1;8.4;9.7;5.0;2.2;2.4;85.0
1980-03-17;5.45;6.72;8.0;6.0;1.5;4.1;84.66
1980-03-18;0.2;3.6;7.0;0.0;10.3;5.2;45.7
1980-03-19;-2.11;1.84;5.8;0.0;16.0;1.2;35.4
1980-03-20;-2.3;4.05;10.4;0.0;16.7;4.0;32.0
1980-03-21;2.9;5.15;7.4;16.9;2.3;3.0;76.7
1980-03-22;-0.1;5.35;10.8;0.0;16.125;2.2;48.3
1980-03-23;-2.59;5.42;13.42;1.2;15.3;2.7;40.4
1980-03-24;5.2;10.1;15.0;0.0;14.8;3.4;51.2
1980-03-25;1.0;4.8;8.6;0.0;17.1;2.1;42.6
1980-03-26;1.8;3.3;4.8;6.6;2.6;4.7;78.6
1980-03-27;-0.6;3.4;7.4;0.0;18.1;2.5;34.4
1980-03-28;2.6;4.3;6.0;1.2;8.3;3.6;62.7
1980-03-29;1.8;4.1;6.4;0.0;12.2;6.19;37.7
1980-03-30;2.8;4.3;5.8;0.0;4.2;6.0;55.6
1980-03-31;5.9;9.55;13.2;0.0;7.9;5.0;47.5
1980-04-01;7.0;8.55;10.1;0.0;3.1;3.0;68.6
1980-04-02;3.2;9.55;15.9;0.0;18.7;1.7;38.2
1980-04-03;3.0;11.3;19.6;0.0;18.6;3.2;36.68
1980-04-04;9.23;11.82;14.4;1.8;8.4;3.8;74.5
1980-04-05;7.5;12.2;16.9;5.8;8.9;4.4;56.4
1980-04-06;5.2;9.85;14.5;0.0;18.363;3.4;42.8
1980-04-07;2.1;5.6;9.1;0.0;12.6;3.3;53.4
1980-04-08;-0.71;4.39;9.5;0.0;20.116;2.9;31.0
1980-04-09;1.99;9.74;17.5;0.0;20.0;2.6;32.7
1980-04-10;0.2;9.25;18.3;9.3;16.7;0.5;44.7
1980-04-11;8.2;10.11;12.03;8.7;2.3;4.1;83.2
1980-04-12;9.6;14.7;19.81;1.1;8.7;2.7;59.5
1980-04-13;11.3;16.05;20.8;0.0;15.9;4.1;47.3
1980-04-14;10.4;15.05;19.7;0.0;14.8;3.2;50.1
1980-04-15;5.9;12.1;18.3;0.0;20.404;2.5;37.3
1980-04-16;4.2;11.35;18.5;0.0;19.0;1.8;39.4
1980-04-17;9.7;14.1;18.5;0.0;12.8;1.9;41.1
1980-04-18;9.3;13.95;18.6;0.0;14.3;2.1;43.5
1980-04-19;7.47;12.93;18.4;0.0;18.328;2.2;44.3
1980-04-20;9.7;13.2;16.7;0.0;11.0;1.4;50.4
1980-04-21;6.7;12.3;17.9;0.0;16.9;0.6;42.9
1980-04-22;4.4;9.6;14.8;0.0;13.7;1.6;51.3
1980-04-23;1.8;8.6;15.4;0.0;21.737;0.9;36.8
1980-04-24;3.6;10.95;18.3;0.0;17.8;1.2;39.2
1980-04-25;4.4;11.1;17.8;0.0;12.741;1.4;49.8
1980-04-26;8.8;12.9;17.0;0.0;17.3;4.9;51.2
1980-04-27;7.4;10.75;14.1;0.0;8.6;2.5;52.1
1980-04-28;5.5;11.05;16.6;0.0;21.0;1.5;35.8
1980-04-29;4.9;13.15;21.4;0.0;21.2;2.6;37.4
1980-04-30;12.0;16.9;21.8;2.3;12.6;3.7;50.5
1980-05-01;10.8;15.4;20.0;1.5;12.9;4.0;51.3
1980-05-02;8.6;14.35;20.1;2.03;15.2;2.4;47.2
1980-05-03;7.9;10.15;12.4;0.0;4.1;3.1;74.6
1980-05-04;6.83;10.46;14.1;0.0;13.2;2.3;50.3
1980-05-05;4.0;11.4;18.8;0.0;21.1;2.2;41.9
1980-05-06;8.6;12.85;17.1;0.0;10.953;4.5;52.6
1980-05-07;9.9;15.8;21.7;0.0;19.8;2.9;42.6
1980-05-08;9.7;15.85;22.0;0.0;22.9;3.2;39.26
1980-05-09;10.5;14.85;19.2;0.0;19.3;3.5;47.0
1980-05-10;7.0;12.25;17.5;0.0;19.7;2.7;39.4
1980-05-11;8.6;10.05;11.5;4.6;4.9;4.0;76.0
1980-05-12;8.7;13.65;18.6;0.0;10.7;2.8;57.2
1980-05-13;5.6;13.0;20.4;0.0;14.7;1.0;52.8
1980-05-14;11.2;15.2;19.2;12.29;11.9;2.9;74.8
1980-05-15;10.5;16.45;22.4;4.5;19.0;1.7;52.8
1980-05-16;11.6;14.75;17.9;7.7;5.8;3.6;76.0
1980-05-17;8.9;13.15;17.4;0.0;17.6;3.0;50.2
1980-05-18;5.9;12.25;18.6;0.0;18.516;1.6;46.1
1980-05-19;10.5;15.85;21.2;5.9;11.5;2.4;48.9
1980-05-20;6.8;13.5;20.2;3.2;17.2;1.5;65.5
1980-05-21;12.4;17.15;21.9;23.63;5.8;1.9;62.3
1980-05-22;10.6;14.9;19.2;7.39;7.6;3.5;67.32
1980-05-23;8.3;14.65;21.0;0.0;26.7;1.9;42.4
1980-05-24;9.0;15.5;22.0;2.3;17.2;1.8;55.0
1980-05-25;11.7;17.2;22.7;0.0;22.3;0.5;53.2
1980-05-26;13.3;18.25;23.2;1.9;15.9;2.1;54.6
1980-05-27;8.0;13.55;19.1;0.0;17.1;3.1;66.6
1980-05-28;5.9;13.45;21.0;4.5;10.9;2.0;52.9
1980-05-29;12.5;18.05;23.6;4.4;16.508;3.3;49.7
1980-05-30;14.41;19.7;25.0;12.0;17.1;2.3;52.8
1980-05-31;14.0;20.35;26.7;8.8;25.7;2.8;46.5
1980-06-01;15.1;20.7;26.3;12.2;21.3;3.0;47.0
1980-06-02;12.1;17.1;22.1;0.0;27.3;2.5;53.2
1980-06-03;11.25;15.57;19.9;0.0;16.5;2.3;54.3
1980-06-04;9.5;16.85;24.2;1.2;27.628;2.9;39.0
1980-06-05;11.7;18.45;25.2;4.6;16.0;1.4;50.4
1980-06-06;14.5;18.45;22.4;5.5;3.4;1.7;72.9
1980-06-07;9.0;14.4;19.8;0.0;17.5;2.9;64.66
1980-06-08;5.6;13.8;22.0;0.0;30.257;0.7;38.7
1980-06-09;11.8;17.9;24.0;0.0;27.0;1.1;39.4
1980-06-10;11.5;18.6;25.7;0.0;23.547;1.7;37.84
1980-06-11;12.5;19.16;25.81;7.3;21.9;1.0;45.0
1980-06-12;12.2;16.4;20.6;8.7;11.4;3.4;75.3
1980-06-13;10.7;14.6;18.5;0.0;18.5;3.8;51.1
1980-06-14;8.8;14.75;20.7;0.0;29.275;3.0;34.31
1980-06-15;11.1;12.8;14.5;0.0;3.1;3.6;72.9
1980-06-16;10.8;15.2;19.6;0.0;10.6;3.3;59.2
1980-06-17;9.0;14.64;20.28;0.0;30.237;2.0;42.6
1980-06-18;7.0;12.7;18.4;0.0;21.9;2.8;49.8
1980-06-19;6.3;11.7;17.1;1.9;9.9;1.2;70.3
1980-06-20;11.8;15.6;19.4;26.88;7.1;1.5;81.5
1980-06-21;10.12;14.71;19.3;1.6;8.1;0.9;69.5
1980-06-22;10.9;17.7;24.5;7.3;6.1;0.7;59.4
1980-06-23;15.5;21.15;26.8;1.9;22.7;2.9;51.1
1980-06-24;10.2;15.85;21.5;0.0;20.4;2.4;60.3
1980-06-25;8.0;15.5;23.0;0.0;24.504;1.5;42.8
1980-06-26;13.2;19.2;25.2;4.9;17.1;2.3;44.6
1980-06-27;11.5;15.8;20.1;0.0;12.1;2.3;57.9
1980-06-28;10.2;15.35;20.5;0.0;20.4;2.6;45.5
1980-06-29;8.9;14.75;20.6;0.0;15.3;1.4;50.3
1980-06-30;9.2;16.05;22.9;0.0;22.0;0.4;46.2
1980-07-01;8.6;16.75;24.9;3.72;20.8;1.1;42.1
1980-07-02;11.9;18.65;25.4;2.9;23.7;1.1;49.3
1980-07-03;12.0;17.45;22.9;0.0;15.8;1.4;59.0
1980-07-04;12.0;17.75;23.5;0.0;15.8;1.0;54.7
1980-07-05;13.5;20.2;26.9;3.5;21.2;0.6;49.8
1980-07-06;15.8;22.2;28.6;1.7;24.1;0.8;46.5
1980-07-07;17.2;23.85;30.5;5.4;21.727;0.4;44.0
1980-07-08;17.6;22.85;28.1;3.0;23.1;2.7;51.0
1980-07-09;13.4;18.75;24.1;0.0;25.3;3.4;46.8
1980-07-10;11.2;17.4;23.6;0.0;27.4;0.9;42.0
1980-07-11;15.04;18.82;22.6;0.0;12.8;2.0;60.5
1980-07-12;15.5;20.2;24.9;0.0;18.1;1.7;54.8
1980-07-13;14.1;19.25;24.4;0.0;25.1;2.4;39.2
1980-07-14;11.9;18.8;25.7;0.0;25.5;1.3;38.3
1980-07-15;10.2;18.6;27.0;0.0;23.2;1.2;35.5
1980-07-16;12.6;19.95;27.3;0.0;24.8;0.8;36.0
1980-07-17;13.8;19.25;24.7;0.0;15.8;2.1;49.4
1980-07-18;12.51;18.5;24.5;0.0;24.9;2.1;35.7
1980-07-19;11.4;18.55;25.7;0.0;12.4;0.9;35.0
1980-07-20;11.9;20.27;28.63;0.0;24.306;0.9;30.2
1980-07-21;15.7;23.1;30.5;0.0;19.5;1.6;27.1
1980-07-22;16.3;21.35;26.4;0.0;20.5;2.5;45.92
1980-07-23;15.4;20.0;24.6;0.0;9.7;1.9;55.9
1980-07-24;12.9;19.05;25.2;0.0;21.0;2.2;37.7
1980-07-25;15.1;20.45;25.8;0.0;24.1;2.1;32.5
1980-07-26;12.0;18.7;25.4;0.0;25.2;2.0;26.4
1980-07-27;10.7;19.95;29.2;0.0;24.7;1.6;22.4
1980-07-28;14.5;22.85;31.2;1.2;22.8;2.3;23.6
1980-07-29;13.9;19.9;25.9;0.0;24.0;3.3;31.5
1980-07-30;11.5;18.3;25.1;0.0;21.8;1.9;30.3
1980-07-31;9.5;17.25;25.0;0.0;18.9;1.1;35.5
1980-08-01;11.2;18.75;26.3;0.0;19.6;0.8;32.6
1980-08-02;17.6;23.7;29.8;2.4;22.2;2.0;30.59
1980-08-03;15.3;21.75;28.2;3.0;13.7;2.5;37.5
1980-08-04;11.9;17.65;23.4;0.0;22.5;4.3;32.8
1980-08-05;9.0;16.3;23.6;0.0;23.4;2.1;28.6
1980-08-06;7.9;16.1;24.3;0.0;17.9;0.7;29.1
1980-08-07;14.6;19.86;25.12;0.0;16.2;2.7;31.6
1980-08-08;14.3;20.2;26.1;1.2;19.9;1.4;32.5
1980-08-09;12.1;17.85;23.6;0.0;20.8;2.7;34.7
1980-08-10;8.8;17.75;26.7;0.0;22.7;0.8;27.1
1980-08-11;16.7;22.95;29.2;0.0;15.1;3.1;22.8
1980-08-12;15.1;21.46;27.82;0.0;20.811;3.2;29.1
1980-08-13;14.9;20.3;25.7;0.0;18.125;4.0;31.4
1980-08-14;12.6;19.35;26.1;0.0;22.184;1.9;27.6
1980-08-15;12.3;20.15;28.0;3.2;16.0;1.6;29.6
1980-08-16;14.2;19.95;25.71;3.0;13.5;1.1;43.2
1980-08-17;13.6;19.0;24.4;0.0;21.5;2.9;32.6
1980-08-18;11.0;17.15;23.3;0.0;21.8;2.0;27.19
1980-08-19;12.9;19.05;25.2;0.0;14.9;1.9;28.0
1980-08-20;10.5;17.25;24.0;0.0;18.3;1.0;27.4
1980-08-21;15.2;19.85;24.5;0.0;7.5;1.6;42.4
1980-08-22;14.4;23.81;33.22;6.78;14.2;2.8;23.4
1980-08-23;10.4;16.7;23.0;0.0;17.722;3.1;46.5
1980-08-24;10.0;18.36;26.71;0.0;20.6;2.6;24.1
1980-08-25;8.13;12.98;17.83;3.0;4.097;2.2;62.7
1980-08-26;6.4;14.5;22.6;0.0;20.316;1.9;29.09
1980-08-27;14.5;18.65;22.8;0.0;6.2;2.5;41.5
1980-08-28;12.8;14.6;16.4;24.27;2.1;1.9;88.7
1980-08-29;12.76;15.43;18.1;16.84;3.1;2.9;81.6
1980-08-30;13.9;18.6;23.3;0.0;12.6;1.9;58.12
1980-08-31;12.5;15.25;18.0;5.5;2.2;3.3;75.9
1980-09-01;10.11;12.5;14.9;0.0;5.1;4.5;66.5
1980-09-02;10.0;12.2;14.4;0.0;2.9;2.5;75.8
1980-09-03;11.6;13.65;15.7;0.0;4.6;2.5;71.8
1980-09-04;8.1;13.15;18.2;0.0;14.9;2.9;43.6
1980-09-05;8.6;13.4;18.2;0.0;8.9;2.9;40.1
1980-09-06;8.7;14.55;20.4;0.0;16.1;2.5;33.6
1980-09-07;10.6;16.35;22.1;0.0;13.2;2.2;31.1
1980-09-08;8.3;15.7;23.1;0.0;17.9;1.9;29.5
1980-09-09;8.4;15.6;22.8;0.0;18.0;2.2;32.3
1980-09-10;8.4;15.65;22.9;0.0;17.6;1.7;32.8
1980-09-11;7.8;15.35;22.9;0.0;17.6;1.5;32.29
1980-09-12;7.9;16.15;24.4;0.0;17.4;1.2;28.76
1980-09-13;8.6;17.4;26.2;0.0;17.2;1.5;25.5
1980-09-14;9.7;17.9;26.1;0.0;17.2;2.1;23.6
1980-09-15;10.4;18.05;25.7;0.0;12.0;0.9;27.4
1980-09-16;8.9;17.5;26.1;0.0;16.9;1.4;30.9
1980-09-17;10.3;15.05;19.8;0.0;7.0;2.2;67.5
1980-09-18;6.8;14.9;23.0;0.0;16.3;0.9;32.4
1980-09-19;7.4;15.35;23.3;0.0;9.8;1.1;35.0
1980-09-20;8.7;16.75;24.8;0.0;10.313;0.6;38.6
1980-09-21;10.0;18.8;27.6;0.0;15.0;1.3;29.9
1980-09-22;14.3;20.65;27.0;0.0;15.816;2.6;31.2
1980-09-23;13.0;20.2;27.41;0.0;15.3;3.0;26.9
1980-09-24;8.4;14.2;20.0;6.9;10.8;2.8;52.9
1980-09-25;5.4;11.9;18.4;0.0;14.8;1.2;31.2
1980-09-26;7.7;15.4;23.1;0.0;15.8;2.3;25.4
1980-09-27;5.4;15.2;25.0;0.0;14.6;0.5;26.9
1980-09-28;6.7;16.25;25.8;0.0;15.7;0.6;25.8
1980-09-29;7.5;16.65;25.8;0.0;13.7;1.0;26.44
1980-09-30;7.8;16.7;25.6;0.0;13.993;1.2;26.8
1980-10-01;6.1;16.0;25.9;0.0;13.908;0.5;25.5
1980-10-02;5.8;15.0;24.2;0.0;12.9;1.7;27.5
1980-10-03;7.9;14.1;20.3;11.8;7.3;2.6;53.5
1980-10-04;4.2;7.1;10.0;0.0;11.043;6.3;36.9
1980-10-05;0.9;4.9;8.9;0.0;11.8;3.8;31.7
1980-10-06;-1.7;1.95;5.6;0.0;2.7;1.5;68.81
1980-10-07;6.2;11.4;16.6;13.7;11.1;1.1;53.8
1980-10-08;4.1;8.2;12.3;0.0;9.4;4.0;51.2
1980-10-09;4.0;12.6;21.2;0.0;12.2;3.1;34.6
1980-10-10;13.0;17.8;22.6;2.0;12.0;4.89;40.05
1980-10-11;8.0;14.05;20.1;0.0;11.8;2.0;46.8
1980-10-12;11.0;15.95;20.9;0.0;8.9;3.7;40.21
1980-10-13;13.1;19.3;25.5;4.6;11.0;4.1;35.95
1980-10-14;9.0;14.15;19.3;0.0;12.1;3.6;46.5
1980-10-15;7.0;12.8;18.6;1.2;10.9;2.8;44.6
1980-10-16;4.2;11.05;17.9;0.0;10.4;2.5;48.99
1980-10-17;6.9;10.84;14.77;6.4;2.4;2.4;75.8
1980-10-18;5.0;10.75;16.5;0.0;10.7;0.8;50.3
1980-10-19;5.8;9.45;13.1;0.0;1.8;2.7;77.7
1980-10-20;5.56;10.28;15.0;0.0;6.7;2.0;66.6
1980-10-21;3.7;11.35;19.0;9.3;9.8;3.3;44.4
1980-10-22;2.6;7.6;12.6;0.0;8.5;3.9;50.3
1980-10-23;2.5;4.0;5.5;3.4;1.5;2.8;79.7
1980-10-24;0.1;4.9;9.7;0.0;9.7;2.7;40.9
1980-10-25;6.7;11.5;16.3;0.0;9.7;1.9;51.7
1980-10-26;4.9;10.8;16.7;0.0;7.885;1.8;50.2
1980-10-27;3.5;7.5;11.5;1.2;5.3;1.0;72.4
1980-10-28;1.3;6.56;11.81;0.0;8.6;3.0;45.26
1980-10-29;-2.3;4.1;10.5;0.0;8.7;1.5;40.0
1980-10-30;0.59;4.79;8.99;4.1;5.7;2.6;62.0
1980-10-31;0.2;6.0;11.8;0.0;7.9;1.77;53.5
1980-11-01;5.6;8.65;11.7;4.4;3.2;3.9;77.0
1980-11-02;7.7;10.4;13.1;9.8;2.0;4.8;79.1
1980-11-03;5.7;10.9;16.1;1.5;8.7;4.9;52.4
1980-11-04;6.4;9.38;12.36;0.0;7.8;4.4;49.84
1980-11-05;4.4;7.35;10.3;0.0;7.8;2.4;57.2
1980-11-06;2.3;4.8;7.3;2.5;2.5;1.5;79.66
1980-11-07;-0.3;3.15;6.6;0.0;7.0;1.6;62.6
1980-11-08;-2.3;1.9;6.1;0.0;6.7;0.6;59.5
1980-11-09;0.5;3.55;6.6;0.0;4.3;2.2;67.6
1980-11-10;0.0;2.65;5.29;0.0;6.6;2.6;68.0
1980-11-11;-2.1;1.2;4.5;0.0;6.8;2.7;58.9
1980-11-12;0.2;1.45;2.7;12.2;1.9;3.4;81.38
1980-11-13;1.4;2.3;3.2;1.2;1.9;3.2;78.9
1980-11-14;-1.1;0.8;2.7;0.0;2.4;4.1;64.2
1980-11-15;-4.3;-0.55;3.2;0.0;5.7;4.0;41.5
1980-11-16;-5.3;-2.04;1.22;0.0;6.5;3.0;53.0
1980-11-17;-1.2;1.3;3.8;0.0;2.7;2.7;68.41
1980-11-18;-1.6;1.95;5.5;3.3;2.2;3.6;59.3
1980-11-19;-2.1;0.75;3.6;0.0;5.3;2.4;53.28
1980-11-20;-9.1;-4.5;0.1;0.0;3.5;4.2;50.0
1980-11-21;-9.6;-6.15;-2.7;0.0;6.0;3.2;25.9
1980-11-22;-8.2;-5.1;-2.0;0.0;4.6;1.1;69.6
1980-11-23;-8.9;-4.9;-0.9;0.0;6.0;3.2;54.6
1980-11-24;-5.0;-1.05;2.9;7.66;3.8;5.6;56.0
1980-11-25;-4.7;-0.9;2.9;0.0;5.179;4.8;64.11
1980-11-26;-7.1;-4.35;-1.6;0.0;5.6;3.4;42.8
1980-11-27;-8.9;-3.55;1.8;2.0;3.2;2.5;72.6
1980-11-28;-12.4;-6.7;-1.0;13.2;3.2;5.7;61.55
1980-11-29;-14.75;-8.28;-1.8;0.0;5.6;3.2;31.5
1980-11-30;-2.1;1.14;4.39;0.0;2.9;4.5;67.28
1980-12-01;5.6;8.9;12.2;0.0;3.1;4.1;68.7
1980-12-02;5.2;9.3;13.4;0.0;4.7;4.5;62.7
1980-12-03;8.1;10.8;13.5;3.4;2.801;5.9;73.3
1980-12-04;-1.9;5.0;11.9;2.9;2.9;5.05;59.9
1980-12-05;-6.5;-3.05;0.4;0.0;4.8;4.7;36.5
1980-12-06;-6.8;-3.3;0.2;0.0;4.5;3.0;42.6
1980-12-07;-4.2;-0.85;2.5;0.0;4.5;1.2;70.2
1980-12-08;-0.1;3.3;6.7;0.0;1.7;3.4;74.7
1980-12-09;7.4;8.8;10.2;0.0;1.9;2.5;82.6
1980-12-10;5.1;9.2;13.3;0.0;3.2;4.51;54.67
1980-12-11;1.1;3.6;6.1;0.0;2.7;6.3;56.7
1980-12-12;-0.1;2.4;4.9;0.0;2.0;2.9;76.01
1980-12-13;1.1;3.58;6.06;0.0;3.2;2.0;71.3
1980-12-14;-0.4;1.75;3.9;0.0;2.1;3.3;69.8
1980-12-15;4.1;6.75;9.4;0.0;3.6;3.8;61.5
1980-12-16;2.8;5.55;8.3;0.0;3.6;3.2;62.3
1980-12-17;0.4;3.0;5.6;0.0;3.6;2.3;66.8
1980-12-18;-0.6;2.5;5.6;0.0;4.4;3.0;59.1
1980-12-19;-0.6;2.5;5.6;0.0;4.1;2.7;66.9
1980-12-20;6.1;9.55;13.0;0.0;2.1;6.1;51.3
1980-12-21;3.9;7.65;11.4;7.8;3.6;5.7;55.9
1980-12-22;-3.97;-0.44;3.1;0.0;4.3;2.6;54.2
1980-12-23;-6.8;-4.0;-1.2;0.0;4.0;1.8;55.7
1980-12-24;-8.3;-4.75;-1.2;0.0;4.1;1.6;55.6
1980-12-25;-9.5;-6.1;-2.7;0.0;4.1;1.7;51.6
1980-12-26;-12.5;-7.75;-3.0;0.0;4.2;0.9;58.91
1980-12-27;-7.46;-2.88;1.7;3.6;1.4;3.6;75.6
1980-12-28;-1.0;1.1;3.2;0.0;3.8;3.7;68.7
1980-12-29;-4.2;-1.31;1.58;0.0;2.3;4.81;67.64
1980-12-30;-4.32;-0.46;3.4;0.0;2.7;4.0;57.5
1980-12-31;-0.6;3.05;6.7;1.6;2.7;5.9;52.7
1981-01-01;-3.9;-1.4;1.1;0.0;4.1;5.2;45.5
1981-01-02;-3.7;0.2;4.1;0.0;3.2;3.9;50.5
1981-01-03;-7.8;-2.8;2.2;0.0;2.2;5.5;51.2
1981-01-04;-9.3;-6.23;-3.15;0.0;4.6;2.4;37.0
1981-01-05;-9.1;-5.9;-2.7;0.0;3.2;1.3;52.6
1981-01-06;-10.7;-7.1;-3.5;0.0;5.3;1.2;56.4
1981-01-07;-10.8;-5.9;-1.0;0.0;3.6;1.7;62.6
1981-01-08;-8.15;-3.38;1.4;0.0;4.1;2.3;68.5
1981-01-09;-8.4;-4.0;0.4;0.0;2.6;2.2;69.51
1981-01-10;-9.4;-5.85;-2.3;0.0;5.0;1.0;77.61
1981-01-11;-9.9;-5.77;-1.63;0.0;3.5;0.5;75.0
1981-01-12;-5.3;-2.95;-0.6;0.0;3.6;1.9;75.03
1981-01-13;-10.4;-6.67;-2.93;0.0;5.2;2.2;57.9
1981-01-14;-12.1;-7.9;-3.7;0.0;5.2;1.1;53.8
1981-01-15;-11.39;-6.95;-2.5;0.0;5.6;3.0;37.7
1981-01-16;-8.5;-3.85;0.8;0.0;5.1;2.2;68.7
1981-01-17;-5.1;-1.4;2.3;0.0;5.7;2.4;71.5
1981-01-18;-7.32;-3.06;1.2;0.0;2.5;1.3;77.7
1981-01-19;-9.5;-5.55;-1.6;0.0;5.0;0.5;77.48
1981-01-20;-8.8;-3.85;1.1;0.0;5.6;1.6;72.0
1981-01-21;-5.3;-1.75;1.8;0.0;5.0;2.0;76.5
1981-01-22;-7.2;-3.05;1.1;0.0;5.7;1.5;75.7
1981-01-23;-8.8;-4.5;-0.2;0.0;5.1;1.1;75.8
1981-01-24;-8.5;-4.05;0.4;0.0;5.3;1.0;73.0
1981-01-25;-6.9;-2.6;1.7;0.0;6.8;1.5;68.8
1981-01-26;-7.5;-2.65;2.2;0.0;7.0;2.16;66.3
1981-01-27;-4.8;-0.95;2.9;0.0;7.0;1.2;69.2
1981-01-28;-4.8;-1.2;2.4;0.0;5.9;0.3;73.7
1981-01-29;-2.3;0.4;3.1;0.0;6.1;0.8;76.51
1981-01-30;-0.1;1.45;3.0;0.0;2.2;2.0;82.72
1981-01-31;-3.3;-0.93;1.43;0.0;4.5;2.1;78.3
1981-02-01;-0.5;1.25;3.0;0.0;1.9;2.3;81.3
1981-02-02;-0.3;1.55;3.4;0.0;2.7;2.3;77.9
1981-02-03;-2.6;0.4;3.4;4.8;4.4;1.7;75.0
1981-02-04;-4.8;-1.35;2.1;0.0;6.7;1.7;66.53
1981-02-05;-5.2;-1.8;1.6;0.0;7.1;2.9;57.3
1981-02-06;-6.6;-2.75;1.1;0.0;4.9;3.6;60.4
1981-02-07;-5.1;-1.35;2.4;0.0;7.4;2.7;58.2
1981-02-08;-5.4;-1.25;2.9;0.0;7.3;2.5;54.0
1981-02-09;-4.94;-1.62;1.7;0.0;7.7;3.7;52.0
1981-02-10;-7.23;-3.57;0.1;0.0;7.9;2.8;39.1
1981-02-11;-6.6;-2.9;0.8;0.0;8.3;3.0;43.7
1981-02-12;-7.7;-3.3;1.1;0.0;8.2;2.1;39.63
1981-02-13;-7.26;-2.68;1.9;0.0;8.5;2.6;34.1
1981-02-14;-8.2;-3.45;1.3;0.0;8.8;1.8;48.0
1981-02-15;-8.4;-3.0;2.4;0.0;9.3;1.2;39.1
1981-02-16;-8.8;-3.5;1.8;0.0;8.932;0.8;43.5
1981-02-17;-6.4;-2.2;2.0;0.0;9.2;1.6;47.3
1981-02-18;-5.9;-1.65;2.6;0.0;9.1;1.8;55.1
1981-02-19;-3.4;-1.1;1.2;2.85;3.5;1.2;75.8
1981-02-20;-0.7;1.75;4.2;0.0;6.3;1.7;68.8
1981-02-21;-0.3;4.0;8.3;7.3;6.7;3.9;66.6
1981-02-22;5.3;7.1;8.9;5.0;7.2;1.3;78.2
1981-02-23;-0.1;5.0;10.1;0.0;9.9;1.7;57.0
1981-02-24;0.9;5.6;10.3;0.0;9.8;2.6;50.9
1981-02-25;-0.1;4.75;9.6;0.0;9.3;5.2;35.4
1981-02-26;-2.0;1.0;4.0;0.0;10.9;3.3;37.2
1981-02-27;-1.9;0.95;3.8;1.2;2.0;1.1;79.3
1981-02-28;4.7;6.25;7.8;3.7;1.9;2.6;80.8
1981-03-01;1.9;6.9;11.9;0.0;11.4;2.8;52.1
1981-03-02;0.3;6.9;13.49;0.0;10.7;1.7;47.1
1981-03-03;0.6;7.65;14.7;0.0;11.8;2.7;46.1
1981-03-04;4.1;9.3;14.5;0.0;6.7;1.7;61.71
1981-03-05;6.2;10.75;15.3;0.0;7.5;0.8;64.6
1981-03-06;2.6;9.8;17.0;0.0;12.9;0.8;48.0
1981-03-07;0.5;8.5;16.5;0.0;12.1;0.8;44.5
1981-03-08;3.3;8.65;14.0;0.0;11.1;2.3;57.2
1981-03-09;2.0;5.75;9.5;0.0;4.6;2.7;56.0
1981-03-10;0.7;4.75;8.8;0.0;10.6;4.5;47.7
1981-03-11;0.4;3.1;5.8;1.2;8.4;3.9;65.9
1981-03-12;6.7;10.25;13.8;0.0;9.799;5.2;56.4
1981-03-13;1.3;7.65;14.0;0.0;13.8;2.9;45.4
1981-03-14;-1.4;7.25;15.9;0.0;14.78;0.3;41.5
1981-03-15;1.5;9.25;17.0;0.0;13.2;1.3;41.8
1981-03-16;3.8;10.0;16.2;0.0;8.3;2.8;51.3
1981-03-17;0.7;8.8;16.9;1.5;15.0;3.7;38.0
1981-03-18;0.6;4.55;8.5;0.0;15.1;4.4;42.1
1981-03-19;-0.6;2.85;6.3;0.0;12.8;5.0;41.8
1981-03-20;-0.9;3.1;7.1;0.0;5.7;4.2;51.6
1981-03-21;-1.8;3.75;9.3;1.6;8.2;1.3;51.2
1981-03-22;2.5;5.25;8.0;6.5;7.3;4.6;70.8
1981-03-23;-0.9;3.4;7.7;0.0;13.8;3.0;42.8
1981-03-24;-1.7;2.9;7.5;0.0;16.4;2.5;41.4
1981-03-25;-2.61;2.34;7.3;0.0;17.3;1.9;34.5
1981-03-26;-3.6;1.45;6.5;1.1;17.7;2.0;34.6
1981-03-27;1.1;3.09;5.09;2.2;6.0;2.4;73.9
1981-03-28;-0.7;7.55;15.8;0.0;12.6;2.9;41.3
1981-03-29;7.4;12.8;18.2;0.0;18.3;4.5;38.7
1981-03-30;5.6;10.0;14.4;7.4;2.5;3.6;69.41
1981-03-31;0.7;4.56;8.42;0.0;10.3;4.4;51.8
1981-04-01;-0.7;1.6;3.9;10.6;2.3;1.3;76.57
1981-04-02;-0.9;1.99;4.89;0.0;15.4;3.3;43.8
1981-04-03;-2.8;0.65;4.1;0.0;18.581;3.2;34.3
1981-04-04;-3.4;0.74;4.88;0.0;14.8;1.8;37.1
1981-04-05;-4.2;0.4;5.0;0.0;16.9;1.8;36.0
1981-04-06;-3.0;2.0;7.0;0.0;18.8;3.2;36.67
1981-04-07;3.2;9.3;15.4;0.0;12.5;2.9;43.4
1981-04-08;-1.5;6.93;15.37;5.8;14.4;3.4;44.8
1981-04-09;3.7;8.5;13.3;0.0;19.3;2.6;43.88
1981-04-10;0.9;4.8;8.7;0.0;12.1;2.6;53.42
1981-04-11;-0.1;7.15;14.4;0.0;19.4;2.5;33.3
1981-04-12;1.7;7.9;14.1;2.0;9.5;3.3;48.7
1981-04-13;0.23;4.17;8.1;1.7;9.7;1.7;58.7
1981-04-14;0.06;4.83;9.6;12.5;14.9;2.4;65.43
1981-04-15;3.3;9.75;16.2;1.4;20.0;3.0;39.9
1981-04-16;8.3;10.7;13.1;15.68;2.1;3.6;80.8
1981-04-17;8.4;12.7;17.0;0.0;17.3;5.3;43.2
1981-04-18;7.12;14.41;21.7;6.5;17.4;3.5;33.1
1981-04-19;7.2;11.65;16.1;8.2;13.7;3.9;66.4
1981-04-20;2.7;6.2;9.7;0.0;13.7;3.7;51.0
1981-04-21;0.7;4.17;7.64;0.0;15.3;3.7;40.9
1981-04-22;0.3;5.6;10.9;0.0;21.2;2.4;36.5
1981-04-23;5.1;11.29;17.47;0.0;17.785;2.9;40.8
1981-04-24;6.3;13.75;21.2;1.8;19.8;1.6;44.96
1981-04-25;6.5;12.5;18.5;0.0;18.7;3.0;50.0
1981-04-26;2.8;8.6;14.4;0.0;20.2;3.3;39.7
1981-04-27;2.7;10.55;18.4;0.0;14.7;0.5;50.1
1981-04-28;11.5;17.1;22.7;0.0;17.2;2.7;44.1
1981-04-29;11.7;16.2;20.7;0.0;15.5;4.0;41.2
1981-04-30;11.3;15.45;19.6;13.07;8.3;3.4;65.4
1981-05-01;7.1;10.35;13.6;10.8;4.6;2.7;80.5
1981-05-02;4.24;11.02;17.8;1.2;22.0;1.7;42.3
1981-05-03;8.8;13.2;17.6;5.4;17.2;1.6;61.0
1981-05-04;7.6;12.9;18.2;3.3;11.7;2.86;51.5
1981-05-05;3.3;7.1;10.9;1.4;8.4;4.5;64.8
1981-05-06;0.24;9.02;17.8;0.0;24.1;2.2;32.02
1981-05-07;7.9;11.65;15.4;7.6;11.5;2.9;66.4
1981-05-08;7.1;9.8;12.5;5.8;4.4;3.5;77.2
1981-05-09;8.7;14.25;19.8;0.0;19.1;2.2;53.6
1981-05-10;9.5;16.0;22.5;0.0;17.7;2.0;41.1
1981-05-11;11.1;16.95;22.8;1.1;19.8;2.9;42.95
1981-05-12;10.9;15.55;20.2;2.4;10.3;2.4;69.6
1981-05-13;7.9;11.85;15.8;2.5;11.9;3.2;69.9
1981-05-14;4.5;10.75;17.0;1.9;14.5;1.6;63.0
1981-05-15;11.02;16.61;22.2;1.2;21.4;3.1;50.6
1981-05-16;10.6;16.3;22.0;1.1;22.0;2.0;50.2
1981-05-17;8.6;14.95;21.3;4.6;10.0;0.7;59.2
1981-05-18;9.8;14.72;19.64;0.0;18.4;2.7;55.3
1981-05-19;6.92;13.76;20.6;0.0;18.8;0.5;51.7
1981-05-20;9.8;16.3;22.8;0.0;21.276;0.5;51.8
1981-05-21;10.1;17.25;24.4;0.0;20.9;0.6;45.2
1981-05-22;13.2;19.2;25.2;0.0;21.7;1.6;46.1
1981-05-23;12.4;18.7;25.0;0.0;23.6;2.0;47.4
1981-05-24;13.0;18.85;24.7;0.0;24.2;2.3;44.9
1981-05-25;10.9;17.65;24.4;0.0;25.4;1.4;41.3
1981-05-26;9.9;17.0;24.1;0.0;26.0;1.4;38.8
1981-05-27;9.7;17.3;24.9;0.0;23.2;1.8;39.3
1981-05-28;12.9;19.2;25.5;2.3;24.1;2.2;44.2
1981-05-29;13.5;19.6;25.7;1.5;25.4;2.1;48.7
1981-05-30;13.5;19.1;24.7;0.0;21.6;1.9;52.8
1981-05-31;12.0;18.55;25.1;0.0;24.7;1.4;42.6
1981-06-01;11.6;18.05;24.5;0.0;24.8;1.5;42.8
1981-06-02;11.3;17.65;24.0;0.0;26.1;2.1;40.8
1981-06-03;13.1;19.35;25.6;0.0;24.5;2.5;40.9
1981-06-04;14.5;20.05;25.6;0.0;25.9;2.5;43.29
1981-06-05;17.42;22.06;26.7;0.0;23.4;2.0;39.9
1981-06-06;15.8;21.35;26.9;0.0;21.3;2.3;41.8
1981-06-07;14.9;20.95;27.0;0.0;22.9;2.0;37.6
1981-06-08;14.7;20.65;26.6;1.7;15.8;1.5;41.9
1981-06-09;14.2;20.15;26.1;0.0;20.8;2.3;44.1
1981-06-10;13.9;19.75;25.6;0.0;27.002;2.4;36.2
1981-06-11;12.5;19.25;26.0;0.0;21.1;0.6;38.8
1981-06-12;10.5;17.1;23.7;0.0;20.6;2.0;47.8
1981-06-13;8.6;15.8;23.0;2.5;17.2;2.9;38.9
1981-06-14;10.0;14.9;19.8;0.0;21.1;3.8;37.7
1981-06-15;7.2;13.95;20.7;0.0;29.527;2.4;29.1
1981-06-16;6.6;14.85;23.1;0.0;29.1;1.5;30.5
1981-06-17;8.6;16.95;25.3;0.0;30.6;1.1;32.8
1981-06-18;11.1;18.3;25.5;0.0;21.6;1.5;38.5
1981-06-19;13.9;19.4;24.9;3.3;17.6;2.3;49.9
1981-06-20;14.2;20.0;25.8;1.2;18.0;2.2;36.4
1981-06-21;11.7;18.2;24.7;1.7;21.504;2.4;34.4
1981-06-22;10.5;18.3;26.1;0.0;26.901;1.8;31.5
1981-06-23;11.3;20.45;29.6;0.0;26.6;1.7;26.29
1981-06-24;15.3;23.7;32.1;0.0;29.4;1.5;24.3
1981-06-25;17.1;24.54;31.97;2.5;22.6;1.1;28.9
1981-06-26;17.28;22.79;28.3;0.0;26.1;3.3;30.9
1981-06-27;14.7;21.45;28.2;0.0;28.466;1.8;24.6
1981-06-28;14.1;22.0;29.9;0.0;29.987;1.9;21.7
1981-06-29;15.0;23.4;31.8;0.0;27.7;1.3;20.5
1981-06-30;13.1;23.18;33.26;0.0;27.889;1.1;17.94
1981-07-01;18.4;24.7;31.0;0.0;25.1;2.9;26.2
1981-07-02;16.4;23.95;31.5;0.0;23.65;0.7;26.0
1981-07-03;18.6;24.8;31.0;3.5;20.958;2.4;29.6
1981-07-04;18.0;22.7;27.4;0.0;17.2;1.7;27.3
1981-07-05;17.9;22.95;28.0;0.0;26.602;2.2;21.3
1981-07-06;14.3;19.25;24.2;3.72;7.5;1.3;48.0
1981-07-07;17.1;25.25;33.4;0.0;24.227;2.1;25.3
1981-07-08;16.1;25.1;34.1;1.4;21.2;2.4;24.1
1981-07-09;18.0;24.2;30.4;0.0;25.203;1.9;23.86
1981-07-10;17.6;25.8;34.0;0.0;21.2;1.8;19.6
1981-07-11;18.82;26.11;33.4;1.2;25.3;1.9;23.3
1981-07-12;17.1;24.6;32.09;0.0;30.058;1.8;25.29
1981-07-13;15.1;24.45;33.8;1.1;19.7;4.4;19.9
1981-07-14;12.9;17.9;22.9;0.0;18.814;4.4;26.9
1981-07-15;10.7;17.2;23.71;0.0;22.5;3.1;22.6
1981-07-16;9.8;17.8;25.8;0.0;26.5;1.6;20.5
1981-07-17;14.2;20.6;27.0;3.6;11.6;1.8;29.7
1981-07-18;12.3;19.7;27.1;0.0;26.5;2.3;23.5
1981-07-19;14.1;22.8;31.5;0.0;18.2;2.47;17.2
1981-07-20;17.8;26.2;34.6;0.0;25.302;2.3;15.56
1981-07-21;18.4;25.1;31.8;0.0;23.6;1.9;21.3
1981-07-22;17.8;25.5;33.2;3.9;17.6;0.8;25.1
1981-07-23;13.9;20.35;26.8;20.6;12.9;2.7;48.4
1981-07-24;13.0;17.3;21.6;0.0;19.2;6.0;33.2
1981-07-25;10.4;16.6;22.8;0.0;25.1;3.1;26.8
1981-07-26;7.5;16.95;26.4;0.0;24.8;0.6;25.3
1981-07-27;12.4;20.6;28.8;3.07;18.6;0.9;28.09
1981-07-28;16.11;22.05;28.0;0.0;22.5;1.6;33.1
1981-07-29;15.1;22.65;30.2;0.0;19.2;1.0;26.2
1981-07-30;18.5;26.05;33.6;0.0;23.1;2.3;19.12
1981-07-31;19.2;26.4;33.6;0.0;19.5;2.4;19.8
1981-08-01;17.1;22.95;28.8;0.0;23.5;3.1;25.5
1981-08-02;16.4;21.55;26.7;0.0;16.384;2.8;23.6
1981-08-03;17.5;23.2;28.9;0.0;23.1;2.0;19.4
1981-08-04;18.6;23.75;28.9;0.0;15.9;2.6;24.28
1981-08-05;15.8;21.25;26.7;0.0;10.6;1.7;25.1
1981-08-06;17.6;23.3;29.0;0.0;16.032;1.4;28.6
1981-08-07;16.7;22.9;29.1;6.3;11.0;0.5;38.6
1981-08-08;15.4;22.35;29.3;0.0;16.6;1.3;28.6
1981-08-09;14.0;22.3;30.6;0.0;22.0;1.2;20.2
1981-08-10;16.3;23.45;30.6;0.0;20.0;3.3;24.9
1981-08-11;13.9;18.55;23.2;0.0;20.7;5.2;25.5
1981-08-12;13.3;19.15;25.0;0.0;21.1;4.5;27.5
1981-08-13;14.0;21.3;28.6;0.0;22.747;1.8;25.8
1981-08-14;18.1;23.5;28.9;0.0;21.6;3.7;23.1
1981-08-15;15.3;19.15;23.0;0.0;3.1;1.0;32.8
1981-08-16;16.4;21.55;26.7;0.0;17.1;2.5;30.81
1981-08-17;11.1;16.15;21.2;2.7;2.8;2.0;60.61
1981-08-18;10.7;18.25;25.8;0.0;21.1;1.7;27.1
1981-08-19;9.0;18.8;28.6;0.0;21.0;0.5;22.0
1981-08-20;15.8;23.65;31.5;0.0;21.0;1.1;17.1
1981-08-21;17.0;25.15;33.3;0.0;21.3;2.4;17.7
1981-08-22;11.0;16.75;22.5;0.0;7.8;2.4;53.6
1981-08-23;8.6;17.35;26.1;0.0;20.6;0.8;24.8
1981-08-24;12.9;21.45;30.0;0.0;20.7;3.0;17.98
1981-08-25;13.6;19.25;24.9;0.0;19.8;3.1;27.0
1981-08-26;12.3;17.7;23.1;0.0;19.2;4.1;27.7
1981-08-27;11.6;17.4;23.2;0.0;18.6;3.2;26.9
1981-08-28;11.1;16.8;22.5;0.0;13.5;3.0;27.99
1981-08-29;10.2;15.1;20.0;0.0;14.5;3.4;30.5
1981-08-30;7.2;14.3;21.4;0.0;17.2;2.2;27.1
1981-08-31;7.1;14.3;21.5;0.0;15.6;2.4;29.7
1981-09-01;8.4;14.65;20.9;0.0;12.5;2.0;29.1
1981-09-02;6.0;14.45;22.9;0.0;19.3;1.1;23.8
1981-09-03;9.5;16.41;23.31;0.0;7.5;2.4;25.5
1981-09-04;17.9;23.4;28.9;0.0;19.2;2.7;21.1
1981-09-05;11.0;18.55;26.1;2.0;10.7;1.9;37.0
1981-09-06;10.1;15.3;20.5;2.49;5.9;0.9;59.98
1981-09-07;8.9;15.8;22.7;0.0;18.2;1.5;32.7
1981-09-08;6.5;15.45;24.4;0.0;14.9;0.7;26.4
1981-09-09;11.3;17.35;23.4;0.0;15.4;2.2;27.4
1981-09-10;7.9;16.93;25.96;0.0;17.2;0.9;24.3
1981-09-11;11.8;14.8;17.8;3.0;2.9;2.2;66.5
1981-09-12;9.8;13.0;16.2;2.0;3.0;3.1;67.7
1981-09-13;6.4;12.4;18.4;0.0;11.9;3.2;38.4
1981-09-14;6.4;12.7;19.0;0.0;14.3;1.2;32.9
1981-09-15;7.8;13.7;19.6;0.0;14.8;3.3;36.9
1981-09-16;10.1;14.6;19.1;0.0;10.6;3.3;38.7
1981-09-17;6.9;14.0;21.1;0.0;16.4;2.5;30.9
1981-09-18;4.3;13.5;22.7;0.0;14.537;0.5;28.4
1981-09-19;8.4;17.2;26.0;0.0;15.9;1.1;25.02
1981-09-20;8.2;17.35;26.5;0.0;15.5;0.7;23.9
1981-09-21;6.9;16.8;26.7;0.0;15.8;0.2;24.8
1981-09-22;7.4;16.65;25.9;0.0;14.1;0.5;25.4
1981-09-23;17.3;21.2;25.1;0.0;8.9;1.5;28.6
1981-09-24;13.7;17.05;20.4;9.8;2.6;2.2;74.11
1981-09-25;9.0;12.82;16.64;15.3;5.4;3.6;75.9
1981-09-26;5.9;10.7;15.5;0.0;16.7;3.4;30.5
1981-09-27;3.5;8.75;14.0;1.4;10.7;3.1;41.5
1981-09-28;10.4;16.2;22.0;0.0;10.8;3.9;35.9
1981-09-29;11.0;16.7;22.4;0.0;13.5;3.9;34.6
1981-09-30;11.5;13.7;15.9;6.0;3.0;4.0;69.5
1981-10-01;9.1;13.0;16.9;9.7;2.1;3.6;57.0
1981-10-02;11.0;13.0;15.0;6.3;3.7;2.6;79.8
1981-10-03;7.8;13.7;19.6;0.0;13.2;2.0;35.0
1981-10-04;4.96;12.38;19.81;0.0;12.9;1.5;32.2
1981-10-05;3.63;11.76;19.9;0.0;12.6;1.3;32.5
1981-10-06;3.2;11.35;19.5;0.0;12.5;1.6;30.9
1981-10-07;2.77;10.94;19.1;0.0;12.9;2.2;29.64
1981-10-08;5.7;9.33;12.96;0.0;3.0;2.3;59.6
1981-10-09;10.7;12.5;14.3;0.0;3.0;2.7;79.3
1981-10-10;10.8;16.65;22.5;0.0;11.6;2.6;40.9
1981-10-11;8.8;14.8;20.8;0.0;5.1;1.5;44.7
1981-10-12;12.3;17.1;21.9;4.4;8.2;1.4;45.9
1981-10-13;6.0;12.3;18.6;0.0;9.1;2.6;49.7
1981-10-14;3.1;11.7;20.3;0.0;11.7;1.2;35.0
1981-10-15;6.7;14.4;22.1;0.0;11.4;1.2;38.1
1981-10-16;6.1;14.25;22.4;0.0;10.1;0.5;36.0
1981-10-17;6.3;14.35;22.4;0.0;10.4;0.5;35.4
1981-10-18;5.6;13.95;22.3;0.0;9.8;0.5;37.5
1981-10-19;6.5;14.3;22.1;0.0;9.8;1.1;36.0
1981-10-20;5.1;13.15;21.2;0.0;9.8;0.9;35.4
1981-10-21;2.8;11.25;19.7;0.0;9.7;0.7;41.15
1981-10-22;4.0;9.95;15.9;0.0;4.8;1.3;63.8
1981-10-23;4.0;8.65;13.3;0.0;9.9;3.12;38.31
1981-10-24;0.9;6.32;11.74;0.0;9.3;2.9;36.5
1981-10-25;-2.8;1.9;6.6;0.0;9.5;1.7;33.38
1981-10-26;-4.3;1.95;8.2;0.0;9.1;1.3;32.2
1981-10-27;1.3;6.1;10.9;0.0;8.9;2.9;44.8
1981-10-28;2.5;7.8;13.1;0.0;9.4;1.9;49.1
1981-10-29;6.0;11.4;16.8;0.0;8.6;4.0;43.1
1981-10-30;2.2;9.14;16.09;0.0;8.9;1.7;38.6
1981-10-31;-0.6;8.0;16.6;0.0;7.8;0.8;37.6
1981-11-01;2.8;9.43;16.06;0.0;8.6;2.1;43.0
1981-11-02;0.5;6.75;13.0;2.3;6.0;1.2;61.3
1981-11-03;4.2;9.7;15.2;0.0;5.6;2.1;59.2
1981-11-04;2.9;6.6;10.3;0.0;2.3;2.5;71.5
1981-11-05;3.2;6.95;10.7;0.0;6.8;3.3;47.8
1981-11-06;1.7;4.05;6.4;0.0;4.1;2.7;59.8
1981-11-07;0.4;4.0;7.6;0.0;7.6;2.2;43.5
1981-11-08;4.7;7.4;10.1;0.0;2.532;1.6;76.71
1981-11-09;5.4;10.65;15.9;0.0;7.3;2.7;49.0
1981-11-10;4.67;10.18;15.7;0.0;7.4;2.9;41.3
1981-11-11;5.4;11.05;16.7;0.0;7.5;4.0;39.5
1981-11-12;0.2;6.4;12.6;0.0;7.1;3.5;38.0
1981-11-13;-0.5;3.65;7.79;0.0;6.2;2.5;38.9
1981-11-14;1.0;6.5;12.0;0.0;6.5;2.8;41.57
1981-11-15;1.2;5.35;9.5;0.0;5.7;2.5;52.4
1981-11-16;-0.3;2.85;6.0;0.0;7.2;1.5;48.9
1981-11-17;1.3;6.05;10.8;11.0;2.4;3.2;60.3
1981-11-18;-1.3;1.4;4.1;0.0;5.3;5.0;58.2
1981-11-19;-3.1;-1.0;1.1;0.0;6.0;4.7;44.84
1981-11-20;-6.1;-3.1;-0.1;0.0;6.1;4.0;32.0
1981-11-21;-7.3;-3.7;-0.1;0.0;6.2;2.6;49.2
1981-11-22;-8.2;-5.36;-2.53;0.0;6.0;3.3;35.7
1981-11-23;-8.8;-5.0;-1.2;0.0;5.4;2.1;34.0
1981-11-24;-5.3;-1.6;2.1;0.0;5.9;2.9;34.6
1981-11-25;-0.7;2.35;5.4;0.0;2.0;5.0;51.4
1981-11-26;3.2;4.7;6.2;4.6;1.5;3.4;78.4
1981-11-27;-1.2;1.6;4.4;0.0;5.2;3.3;73.0
1981-11-28;-5.5;-1.3;2.9;0.0;3.0;1.6;74.1
1981-11-29;-1.3;3.25;7.8;0.0;4.9;2.9;61.4
1981-11-30;6.5;9.6;12.7;0.0;5.4;4.6;60.5
1981-12-01;1.1;5.21;9.33;1.2;2.0;4.1;69.0
1981-12-02;0.3;2.9;5.5;0.0;4.4;1.8;69.1
1981-12-03;-1.3;1.8;4.9;0.0;3.8;1.2;73.9
1981-12-04;-2.3;0.9;4.1;0.0;5.1;1.3;68.2
1981-12-05;-1.9;2.35;6.6;7.0;3.1;3.0;67.91
1981-12-06;0.3;5.25;10.2;5.1;3.2;1.8;66.4
1981-12-07;0.8;4.88;8.96;0.0;4.7;2.9;61.3
1981-12-08;-0.6;3.3;7.2;1.1;4.1;2.8;77.5
1981-12-09;-4.2;0.7;5.6;3.3;4.5;1.9;66.22
1981-12-10;5.94;10.52;15.1;6.3;1.9;4.2;73.0
1981-12-11;7.3;9.65;12.01;0.0;3.8;3.5;74.7
1981-12-12;7.1;9.95;12.8;0.0;3.2;4.3;68.3
1981-12-13;10.43;13.25;16.07;0.0;5.0;3.2;74.44
1981-12-14;1.3;6.45;11.6;0.0;1.8;2.3;76.79
1981-12-15;-0.9;2.85;6.6;0.0;3.8;1.8;68.6
1981-12-16;3.6;6.9;10.2;0.0;3.7;2.9;66.7
1981-12-17;4.16;5.43;6.7;8.55;1.0;2.7;85.21
1981-12-18;0.1;2.25;4.4;0.0;4.5;3.4;68.5
1981-12-19;-3.6;-0.6;2.4;0.0;3.8;2.9;66.4
1981-12-20;-4.0;-1.35;1.3;0.0;3.6;1.7;73.9
1981-12-21;-4.8;-1.5;1.8;0.0;1.9;3.1;75.0
1981-12-22;-1.3;0.9;3.1;1.5;2.1;3.8;74.3
1981-12-23;-1.6;0.95;3.5;0.0;3.7;2.3;70.0
1981-12-24;-3.4;-0.65;2.1;0.0;3.5;2.2;72.6
1981-12-25;-4.5;0.35;5.2;0.0;1.7;2.7;58.7
1981-12-26;-3.21;0.75;4.7;0.0;3.9;2.3;60.6
1981-12-27;-5.2;-1.8;1.6;0.0;3.4;1.1;74.7
1981-12-28;-5.3;-1.75;1.8;1.92;3.3;2.5;74.3
1981-12-29;-0.6;1.45;3.5;0.0;3.9;3.0;66.45
1981-12-30;-0.6;1.35;3.3;2.5;2.8;3.2;71.33
1981-12-31;-4.1;-1.0;2.1;0.0;4.4;2.2;73.4
1982-01-01;-2.0;0.5;3.0;10.2;0.8;3.1;78.8
1982-01-02;-4.1;-1.45;1.2;0.0;3.9;1.9;79.1
1982-01-03;-5.3;-2.6;0.1;0.0;4.3;5.1;62.2
1982-01-04;-7.74;-4.97;-2.2;0.0;4.4;3.4;60.6
1982-01-05;-4.3;-0.25;3.8;3.2;3.8;4.6;57.1
1982-01-06;-4.5;-1.65;1.2;0.0;4.5;3.3;56.0
1982-01-07;-4.4;-1.65;1.1;0.0;3.7;2.1;73.61
1982-01-08;-5.2;-1.7;1.8;0.0;3.7;2.7;66.9
1982-01-09;-0.2;1.01;2.22;9.3;1.3;1.3;89.63
1982-01-10;-0.7;1.55;3.8;0.0;4.4;2.8;65.2
1982-01-11;-1.5;0.7;2.9;0.0;3.9;4.3;67.25
1982-01-12;-3.1;-0.65;1.8;0.0;4.9;3.1;74.8
1982-01-13;-3.09;0.1;3.3;0.0;4.6;3.8;61.5
1982-01-14;-5.7;-2.0;1.7;1.2;3.5;1.8;68.0
1982-01-15;-2.8;0.3;3.4;0.0;5.7;3.4;67.3
1982-01-16;-5.43;-1.56;2.3;0.0;5.0;0.6;68.5
1982-01-17;-7.4;-3.35;0.7;0.0;3.7;1.7;77.2
1982-01-18;-6.0;-3.1;-0.2;0.0;4.1;2.3;76.31
1982-01-19;-7.2;-3.45;0.3;0.0;5.1;2.6;70.2
1982-01-20;-6.6;-3.04;0.51;0.0;5.5;3.5;63.92
1982-01-21;-5.0;-1.65;1.7;0.0;5.7;3.9;67.3
1982-01-22;-3.2;-0.53;2.14;0.0;4.2;4.3;72.3
1982-01-23;0.0;2.45;4.9;7.4;1.9;5.3;70.6
1982-01-24;5.1;7.45;9.8;1.85;3.5;2.2;74.8
1982-01-25;2.9;5.0;7.1;0.0;3.0;4.7;64.21
1982-01-26;5.1;6.4;7.7;23.76;1.0;5.3;81.7
1982-01-27;-1.9;3.0;7.9;0.0;6.0;2.0;70.2
1982-01-28;-2.7;0.5;3.7;0.0;5.2;1.8;53.0
1982-01-29;-4.61;-1.5;1.62;0.0;6.456;2.3;45.2
1982-01-30;-3.9;0.45;4.8;0.0;6.3;3.6;54.2
1982-01-31;-0.7;2.7;6.1;2.9;3.8;3.4;70.3
1982-02-01;-0.7;2.8;6.3;0.0;2.6;4.0;67.51
1982-02-02;0.0;6.65;13.3;0.0;4.8;3.5;46.8
1982-02-03;-2.2;1.3;4.8;0.0;7.3;1.8;48.7
1982-02-04;-3.7;0.05;3.8;0.0;7.1;2.6;60.6
1982-02-05;-1.2;1.6;4.4;6.5;4.2;2.3;72.11
1982-02-06;-3.9;-0.2;3.5;0.0;7.5;1.8;59.81
1982-02-07;-4.06;-0.48;3.1;0.0;6.8;1.9;66.4
1982-02-08;-3.2;0.2;3.6;0.0;5.6;1.7;69.1
1982-02-09;-3.5;0.0;3.5;1.1;2.8;2.23;67.5
1982-02-10;-5.0;-0.8;3.4;0.0;6.2;2.6;57.7
1982-02-11;-5.5;-1.85;1.8;0.0;8.1;4.6;47.2
1982-02-12;-5.7;-2.1;1.49;0.0;2.8;0.7;75.3
1982-02-13;-4.2;-1.04;2.13;0.0;6.7;1.0;68.0
1982-02-14;-4.2;-0.85;2.5;0.0;2.4;1.6;67.9
1982-02-15;-1.6;0.8;3.2;0.0;8.0;4.0;62.6
1982-02-16;-1.7;0.9;3.5;0.0;7.2;3.2;56.5
1982-02-17;-3.4;-0.25;2.9;0.0;8.2;2.5;52.5
1982-02-18;-6.6;-2.5;1.6;0.0;9.1;0.4;54.6
1982-02-19;-7.0;-2.49;2.03;0.0;8.7;1.2;62.4
1982-02-20;-3.98;-0.34;3.3;0.0;9.8;1.1;60.5
1982-02-21;-3.41;-0.01;3.4;0.0;8.8;1.6;62.4
1982-02-22;-4.1;-0.2;3.7;0.0;8.8;1.1;60.4
1982-02-23;0.6;2.85;5.1;1.2;2.1;2.6;73.5
1982-02-24;-0.8;4.4;9.6;0.0;10.028;4.4;52.6
1982-02-25;-4.4;-0.4;3.6;0.0;11.3;1.4;38.3
1982-02-26;-4.3;-0.2;3.9;0.0;10.5;2.5;40.6
1982-02-27;-1.8;2.55;6.9;0.0;9.5;2.4;44.4
1982-02-28;-1.3;2.5;6.3;0.0;6.5;2.5;57.0
1982-03-01;2.1;3.35;4.6;1.1;3.3;3.2;78.7
1982-03-02;-0.7;1.95;4.6;0.0;5.3;4.7;67.3
1982-03-03;-0.8;2.95;6.7;2.29;2.9;3.9;49.0
1982-03-04;-5.1;-1.05;3.0;0.0;11.5;3.4;37.6
1982-03-05;-5.9;-1.3;3.3;0.0;12.9;2.9;31.87
1982-03-06;-3.6;-0.4;2.8;0.0;10.9;4.3;36.1
1982-03-07;-5.3;-0.9;3.5;0.0;13.2;4.3;28.6
1982-03-08;-5.9;-1.58;2.75;0.0;6.8;2.7;48.1
1982-03-09;0.4;6.3;12.2;1.5;8.5;3.9;45.2
1982-03-10;0.8;4.8;8.8;1.4;8.7;2.3;58.8
1982-03-11;-2.6;2.8;8.2;0.0;12.7;1.5;40.74
1982-03-12;-0.78;3.21;7.2;2.3;4.0;2.6;59.42
1982-03-13;-0.7;3.5;7.7;5.6;5.8;4.9;57.3
1982-03-14;-2.9;1.7;6.29;0.0;8.7;1.7;39.9
1982-03-15;-3.3;2.25;7.8;0.0;14.207;2.6;35.4
1982-03-16;2.7;9.5;16.3;6.37;4.3;4.7;54.3
1982-03-17;10.0;13.35;16.7;9.5;11.424;3.5;58.5
1982-03-18;5.3;8.9;12.5;4.6;7.784;2.5;67.3
1982-03-19;0.1;4.25;8.4;0.0;11.8;5.1;37.0
1982-03-20;-2.3;2.9;8.1;12.5;12.2;2.0;47.26
1982-03-21;4.9;8.4;11.9;5.6;6.0;3.4;74.7
1982-03-22;1.7;6.0;10.3;0.0;11.995;2.5;50.2
1982-03-23;-1.2;2.15;5.5;0.0;8.1;3.0;51.32
1982-03-24;-2.6;2.9;8.4;0.0;15.3;2.2;34.44
1982-03-25;0.5;8.05;15.6;0.0;15.534;2.0;40.9
1982-03-26;8.4;14.15;19.9;1.5;14.6;3.2;49.0
1982-03-27;5.7;11.9;18.1;0.0;7.4;2.8;55.6
1982-03-28;11.17;15.54;19.9;1.2;14.1;4.4;51.2
1982-03-29;10.3;15.9;21.5;0.0;17.7;4.2;44.1
1982-03-30;10.5;15.1;19.7;0.0;10.925;4.8;51.3
1982-03-31;7.8;14.4;21.0;2.0;14.3;2.7;51.0
1982-04-01;9.9;16.25;22.6;0.0;18.6;3.5;36.0
1982-04-02;7.5;9.1;10.7;10.61;3.2;2.7;79.72
1982-04-03;5.6;10.4;15.2;0.0;17.48;1.4;51.5
1982-04-04;4.8;12.4;20.0;0.0;18.2;2.3;43.0
1982-04-05;9.38;16.39;23.4;0.0;19.7;3.0;38.5
1982-04-06;12.3;16.95;21.6;0.0;10.4;2.6;48.7
1982-04-07;12.5;17.6;22.7;0.0;12.0;3.8;44.8
1982-04-08;7.4;10.95;14.5;0.0;17.4;2.6;60.5
1982-04-09;6.9;11.2;15.5;0.0;10.0;2.2;57.1
1982-04-10;4.2;9.35;14.5;0.0;21.0;3.4;37.9
1982-04-11;1.8;9.9;18.0;0.0;20.5;2.2;33.5
1982-04-12;5.6;12.7;19.8;0.0;19.5;1.3;43.2
1982-04-13;7.7;14.9;22.1;0.0;19.4;1.6;40.8
1982-04-14;11.8;17.15;22.5;0.0;18.0;1.9;43.0
1982-04-15;8.6;14.5;20.4;0.0;20.116;3.4;38.8
1982-04-16;8.0;11.1;14.2;6.9;6.7;2.9;69.9
1982-04-17;4.7;6.85;9.0;1.2;7.0;3.5;63.5
1982-04-18;1.4;4.95;8.5;0.0;20.9;4.0;30.2
1982-04-19;-0.4;2.55;5.5;0.0;8.5;3.4;38.3
1982-04-20;-2.1;2.25;6.6;0.0;20.0;2.2;32.5
1982-04-21;-2.8;4.45;11.7;0.0;22.0;0.9;31.0
1982-04-22;6.0;10.5;15.0;0.0;8.5;3.1;65.0
1982-04-23;10.2;15.65;21.1;0.0;17.4;3.1;46.4
1982-04-24;10.4;15.7;21.0;0.0;11.3;2.4;48.0
1982-04-25;8.0;11.55;15.1;0.0;13.1;3.2;62.3
1982-04-26;5.7;11.95;18.2;0.0;22.0;3.0;36.0
1982-04-27;4.8;13.54;22.28;0.0;20.4;1.5;40.7
1982-04-28;11.6;17.45;23.3;0.0;23.5;3.14;36.9
1982-04-29;10.5;13.4;16.3;4.6;5.4;1.9;80.3
1982-04-30;11.5;13.95;16.4;9.8;6.0;1.4;84.18
1982-05-01;12.1;15.7;19.3;16.6;6.9;3.8;70.8
1982-05-02;10.9;16.2;21.5;0.0;17.4;3.6;49.2
1982-05-03;10.4;15.05;19.7;1.2;11.6;3.2;60.3
1982-05-04;9.0;14.65;20.3;0.0;16.5;1.6;55.4
1982-05-05;9.5;15.65;21.8;0.0;19.4;1.2;49.8
1982-05-06;10.4;16.55;22.7;0.0;21.1;1.5;43.6
1982-05-07;11.8;16.95;22.1;11.51;9.5;3.1;53.2
1982-05-08;11.3;15.55;19.8;9.3;5.9;3.0;72.1
1982-05-09;10.7;16.03;21.36;5.4;10.4;3.0;55.4
1982-05-10;11.5;16.0;20.5;0.0;17.1;4.1;53.5
1982-05-11;10.5;13.1;15.7;4.28;6.7;4.7;72.11
1982-05-12;10.5;14.85;19.2;0.0;9.1;3.7;60.86
1982-05-13;9.4;15.23;21.07;0.0;18.6;3.1;57.5
1982-05-14;13.1;16.35;19.6;0.0;6.7;4.5;70.01
1982-05-15;12.4;15.95;19.5;2.7;9.6;3.7;69.9
1982-05-16;12.5;16.8;21.1;0.0;13.7;0.6;63.8
1982-05-17;11.9;15.8;19.7;4.6;5.75;1.8;72.3
1982-05-18;11.9;14.0;16.1;3.8;4.4;1.5;75.3
1982-05-19;11.7;16.35;21.0;0.0;18.3;0.6;61.01
1982-05-20;12.8;17.5;22.19;8.48;9.5;1.1;68.6
1982-05-21;10.5;17.05;23.6;0.0;25.1;1.1;46.5
1982-05-22;10.6;17.7;24.8;0.0;22.5;1.1;42.6
1982-05-23;12.0;18.65;25.3;0.0;24.9;1.8;42.8
1982-05-24;13.1;18.9;24.7;3.7;19.9;1.9;60.3
1982-05-25;14.6;20.2;25.8;0.0;19.1;2.6;51.5
1982-05-26;14.4;20.45;26.5;3.3;21.6;2.3;49.1
1982-05-27;11.3;17.2;23.1;1.2;25.2;1.9;49.5
1982-05-28;9.6;15.1;20.6;0.0;13.5;2.3;57.3
1982-05-29;7.0;14.1;21.2;0.0;16.3;1.1;42.6
1982-05-30;13.5;18.35;23.2;10.6;9.1;3.0;63.91
1982-05-31;12.6;17.75;22.9;0.0;15.4;2.1;62.4
1982-06-01;11.8;17.6;23.4;7.4;16.472;2.5;54.2
1982-06-02;12.0;16.65;21.3;0.0;21.1;3.8;51.8
1982-06-03;11.8;15.95;20.1;9.2;10.9;1.5;77.37
1982-06-04;11.12;16.72;22.33;0.0;26.7;2.4;51.5
1982-06-05;8.7;15.83;22.97;0.0;29.9;1.6;35.84
1982-06-06;11.22;17.46;23.7;2.3;24.8;2.1;41.5
1982-06-07;11.8;17.25;22.7;2.2;17.3;2.5;56.7
1982-06-08;9.8;15.55;21.3;1.9;20.5;2.1;42.8
1982-06-09;9.9;15.45;21.0;4.6;14.0;1.8;52.6
1982-06-10;7.8;14.95;22.1;0.0;24.5;2.3;39.1
1982-06-11;11.3;16.5;21.7;4.9;10.3;2.7;51.4
1982-06-12;9.6;14.8;20.0;3.65;15.8;1.9;58.9
1982-06-13;8.3;15.15;22.0;0.0;21.9;2.2;43.8
1982-06-14;8.2;14.25;20.3;3.3;15.8;0.6;58.0
1982-06-15;11.4;16.15;20.9;0.0;21.2;3.8;51.2
1982-06-16;11.2;16.3;21.4;0.0;22.706;2.3;49.0
1982-06-17;10.0;17.05;24.1;0.0;20.3;2.3;47.1
1982-06-18;14.0;19.39;24.79;3.8;18.5;3.3;49.9
1982-06-19;12.5;18.33;24.16;5.6;18.9;1.5;51.1
1982-06-20;12.0;18.0;24.0;0.0;27.2;1.3;48.4
1982-06-21;13.87;19.09;24.3;3.7;10.5;2.1;57.2
1982-06-22;11.8;17.7;23.6;1.1;15.8;0.5;58.3
1982-06-23;10.4;16.15;21.9;0.0;21.2;2.6;45.3
1982-06-24;8.23;14.92;21.6;0.0;27.1;1.1;39.8
1982-06-25;6.7;14.29;21.87;0.0;19.4;0.7;44.2
1982-06-26;9.5;15.5;21.5;0.0;27.165;2.8;41.3
1982-06-27;7.1;14.8;22.5;0.0;28.2;0.9;37.6
1982-06-28;7.5;16.2;24.9;0.0;24.6;1.2;35.9
1982-06-29;12.6;19.0;25.4;3.4;15.2;1.9;43.9
1982-06-30;11.8;17.95;24.1;2.0;13.5;1.2;54.3
1982-07-01;12.0;17.65;23.3;0.0;10.9;1.1;49.12
1982-07-02;12.8;17.45;22.1;11.3;11.9;0.8;68.3
1982-07-03;11.5;18.45;25.4;0.0;21.8;0.8;49.1
1982-07-04;14.5;21.7;28.9;0.0;25.0;1.5;38.8
1982-07-05;14.7;21.65;28.6;0.0;21.1;4.2;30.3
1982-07-06;11.6;17.21;22.83;0.0;27.8;2.1;31.5
1982-07-07;14.3;19.75;25.2;0.0;18.1;2.9;33.1
1982-07-08;9.3;15.5;21.7;0.0;27.1;3.1;33.1
1982-07-09;9.0;12.5;16.0;9.7;7.0;1.3;71.2
1982-07-10;12.0;16.0;20.0;13.04;5.3;3.3;73.9
1982-07-11;9.8;15.26;20.72;0.0;27.4;4.1;41.4
1982-07-12;8.1;14.2;20.31;0.0;10.277;1.7;66.6
1982-07-13;12.8;19.05;25.3;0.0;23.3;1.9;49.6
1982-07-14;14.4;21.1;27.8;0.0;22.486;2.3;37.55
1982-07-15;9.2;15.35;21.5;0.0;17.2;3.0;49.0
1982-07-16;6.5;15.45;24.4;1.9;21.9;1.3;38.1
1982-07-17;8.3;14.6;20.9;0.0;21.8;2.5;49.3
1982-07-18;5.7;13.53;21.35;1.8;19.103;1.0;41.2
1982-07-19;9.8;14.9;20.0;0.0;20.904;2.8;54.2
1982-07-20;11.9;17.75;23.6;0.0;24.5;1.8;44.9
1982-07-21;11.6;19.2;26.8;0.0;18.5;1.7;34.8
1982-07-22;15.7;22.35;29.0;0.0;24.3;1.7;30.89
1982-07-23;14.5;21.6;28.7;1.1;21.0;1.4;35.9
1982-07-24;15.8;20.8;25.8;1.5;10.0;0.5;53.5
1982-07-25;15.4;17.9;20.4;2.4;3.5;0.6;83.7
1982-07-26;13.9;18.32;22.73;0.0;14.4;1.3;51.5
1982-07-27;11.6;16.9;22.2;0.0;22.5;3.0;33.4
1982-07-28;8.0;15.55;23.1;0.0;21.8;2.3;31.85
1982-07-29;12.4;18.7;25.0;0.0;22.172;1.3;40.7
1982-07-30;14.6;21.65;28.7;0.0;22.5;1.9;29.6
1982-07-31;12.2;16.95;21.7;0.0;11.1;4.4;49.9
1982-08-01;9.0;15.8;22.6;0.0;24.2;2.7;28.6
1982-08-02;10.9;17.55;24.2;0.0;22.8;2.3;32.4
1982-08-03;12.2;18.65;25.1;0.0;17.6;1.1;37.7
1982-08-04;10.2;18.8;27.4;0.0;18.0;0.6;31.9
1982-08-05;14.3;20.6;26.9;1.8;21.0;2.3;33.3
1982-08-06;11.8;17.4;23.0;0.0;23.4;3.0;28.6
1982-08-07;8.8;15.91;23.01;0.0;22.7;1.7;28.4
1982-08-08;7.5;16.31;25.12;0.0;22.2;1.1;27.8
1982-08-09;9.8;18.0;26.2;0.0;22.0;1.9;27.0
1982-08-10;15.5;19.55;23.6;0.0;14.8;2.5;32.39
1982-08-11;13.0;18.8;24.6;0.0;5.4;2.1;30.88
1982-08-12;13.6;20.3;27.0;0.0;21.2;2.4;25.2
1982-08-13;13.5;20.3;27.1;0.0;20.1;1.9;25.3
1982-08-14;15.4;21.7;28.0;0.0;20.3;1.7;24.7
1982-08-15;16.1;21.8;27.5;0.0;15.9;1.5;28.2
1982-08-16;15.1;21.8;28.5;0.0;20.4;1.6;25.2
1982-08-17;13.0;20.45;27.9;0.0;19.3;1.97;26.18
1982-08-18;12.5;19.75;27.0;0.0;21.2;1.5;24.1
1982-08-19;11.9;19.6;27.3;0.0;19.5;0.7;24.97
1982-08-20;11.0;20.45;29.9;0.0;20.7;0.5;21.7
1982-08-21;16.7;23.7;30.7;1.1;8.5;1.0;25.2
1982-08-22;14.8;24.0;33.2;0.0;19.0;2.2;19.4
1982-08-23;15.5;24.65;33.8;0.0;18.9;2.2;17.2
1982-08-24;15.1;22.5;29.9;0.0;18.0;2.1;25.0
1982-08-25;15.7;21.85;28.0;0.0;19.9;2.9;25.2
1982-08-26;13.4;20.2;27.0;0.0;20.0;1.8;24.7
1982-08-27;14.4;21.45;28.5;0.0;18.9;2.3;23.5
1982-08-28;17.6;22.75;27.9;0.0;10.7;2.4;24.1
1982-08-29;13.6;20.15;26.7;1.1;11.9;3.1;29.1
1982-08-30;9.1;15.6;22.1;0.0;20.27;3.1;24.3
1982-08-31;7.7;15.05;22.4;0.0;20.2;2.4;23.0
1982-09-01;6.0;14.15;22.3;0.0;19.5;1.2;25.2
1982-09-02;5.93;15.52;25.1;0.0;19.6;0.6;23.0
1982-09-03;8.2;18.65;29.1;0.0;19.0;0.6;19.3
1982-09-04;11.4;19.58;27.76;0.0;19.4;1.4;26.85
1982-09-05;15.3;19.8;24.3;0.0;6.0;2.7;26.7
1982-09-06;16.5;21.85;27.2;0.0;15.2;2.9;20.1
1982-09-07;12.5;19.55;26.6;0.0;18.3;2.1;20.81
1982-09-08;11.6;18.25;24.9;0.0;12.1;1.3;27.34
1982-09-09;17.4;22.65;27.9;0.0;16.6;1.7;22.1
1982-09-10;15.0;21.65;28.3;1.2;17.1;3.0;24.7
1982-09-11;11.4;15.3;19.2;2.5;6.2;3.6;62.3
1982-09-12;9.5;13.35;17.2;0.0;13.0;3.6;34.6
1982-09-13;10.4;15.7;21.0;0.0;14.2;2.9;31.5
1982-09-14;6.3;13.5;20.7;0.0;17.6;1.9;26.3
1982-09-15;13.6;18.9;24.2;0.0;15.5;3.0;29.2
1982-09-16;12.1;18.1;24.1;0.0;16.3;1.5;30.18
1982-09-17;11.0;15.7;20.4;0.0;6.0;2.0;50.3
1982-09-18;8.4;16.36;24.32;0.0;15.1;1.7;28.5
1982-09-19;9.3;15.8;22.3;0.0;16.6;2.3;26.91
1982-09-20;6.3;14.4;22.5;0.0;17.2;1.5;25.8
1982-09-21;7.0;13.05;19.1;0.0;3.0;2.1;42.6
1982-09-22;1.3;10.25;19.2;0.0;15.9;0.6;24.05
1982-09-23;0.2;11.25;22.3;0.0;17.0;1.0;19.9
1982-09-24;12.1;15.25;18.4;1.9;4.6;2.2;56.5
1982-09-25;13.3;17.65;22.0;0.0;6.3;1.7;58.1
1982-09-26;12.4;19.5;26.6;0.0;14.6;2.3;28.2
1982-09-27;12.4;18.55;24.7;0.0;13.776;3.1;33.6
1982-09-28;10.6;15.85;21.1;0.0;9.8;2.3;39.9
1982-09-29;7.5;10.36;13.22;0.0;3.7;2.0;59.02
1982-09-30;3.0;9.48;15.97;0.0;15.2;1.9;26.4
1982-10-01;1.9;9.15;16.4;0.0;13.6;1.6;25.5
1982-10-02;-0.13;8.13;16.4;0.0;13.6;1.2;22.0
1982-10-03;-1.0;8.5;18.0;0.0;13.5;1.3;18.53
1982-10-04;-0.9;8.45;17.8;0.0;13.5;1.6;17.9
1982-10-05;-0.3;8.94;18.18;0.0;12.4;1.5;24.4
1982-10-06;3.4;12.2;21.0;0.0;12.2;2.4;27.0
1982-10-07;9.7;14.65;19.6;0.0;6.0;4.2;30.7
1982-10-08;10.1;13.8;17.5;0.0;5.7;3.1;41.5
1982-10-09;11.4;13.45;15.5;3.9;2.1;2.0;63.7
1982-10-10;5.5;10.0;14.5;1.5;10.9;3.9;50.9
1982-10-11;2.6;7.25;11.9;0.0;4.7;2.6;63.95
1982-10-12;10.3;11.7;13.1;0.0;2.7;2.0;79.8
1982-10-13;3.9;9.05;14.2;0.0;8.7;2.3;45.4
1982-10-14;-0.9;5.55;12.0;0.0;11.1;1.3;32.4
1982-10-15;-1.0;7.2;15.4;0.0;10.4;2.2;31.29
1982-10-16;5.6;11.85;18.1;0.0;9.7;2.6;37.9
1982-10-17;4.0;6.2;8.4;22.55;1.8;4.2;75.9
1982-10-18;4.0;7.55;11.1;0.0;9.9;0.9;56.4
1982-10-19;5.4;7.5;9.6;0.0;4.1;2.4;71.73
1982-10-20;0.87;3.04;5.2;0.0;3.0;3.6;50.7
1982-10-21;3.9;10.65;17.4;0.0;7.5;2.8;52.8
1982-10-22;1.0;4.3;7.6;0.0;10.3;3.2;42.6
1982-10-23;-1.1;2.45;6.0;0.0;9.4;3.0;46.6
1982-10-24;-4.8;-0.05;4.7;0.0;8.7;2.3;43.2
1982-10-25;2.6;8.05;13.5;1.2;4.5;3.1;61.1
1982-10-26;6.9;12.05;17.2;0.0;6.4;3.0;60.7
1982-10-27;2.7;9.5;16.3;0.0;5.4;1.9;53.5
1982-10-28;8.35;11.27;14.2;10.8;2.0;2.5;80.0
1982-10-29;5.8;10.4;15.0;0.0;7.6;1.7;59.0
1982-10-30;3.2;8.95;14.7;0.0;8.7;2.6;50.9
1982-10-31;8.1;13.32;18.55;0.0;7.817;3.3;46.17
1982-11-01;8.7;12.95;17.2;0.0;8.2;2.6;53.2
1982-11-02;2.5;6.1;9.7;2.5;2.8;3.1;64.85
1982-11-03;0.1;1.95;3.8;1.6;3.7;3.7;74.7
1982-11-04;-3.2;-0.1;3.0;0.0;7.9;1.9;55.4
1982-11-05;-2.8;-0.2;2.4;6.1;3.2;1.4;79.2
1982-11-06;0.32;2.06;3.8;4.6;2.2;3.6;76.98
1982-11-07;-1.8;1.65;5.1;1.2;7.4;2.6;61.8
1982-11-08;1.3;3.85;6.4;0.0;6.2;4.1;61.4
1982-11-09;-1.2;2.15;5.5;0.0;7.1;1.8;53.8
1982-11-10;1.2;5.35;9.5;0.0;5.1;2.8;68.53
1982-11-11;4.2;6.05;7.9;20.4;2.85;2.2;87.6
1982-11-12;-2.7;1.55;5.8;12.9;6.5;6.9;45.0
1982-11-13;-5.7;-2.7;0.3;0.0;6.7;4.2;36.68
1982-11-14;-7.0;-3.3;0.4;0.0;7.383;1.9;44.6
1982-11-15;-3.4;-0.95;1.5;0.0;5.9;3.6;52.1
1982-11-16;-1.8;0.3;2.4;0.0;2.4;3.6;74.9
1982-11-17;-1.0;1.35;3.7;0.0;4.3;3.6;61.5
1982-11-18;-2.5;0.34;3.18;0.0;6.0;2.9;61.5
1982-11-19;-2.8;0.4;3.6;0.0;5.378;2.3;66.6
1982-11-20;-2.0;1.7;5.4;0.0;5.0;1.5;62.2
1982-11-21;-2.5;1.95;6.4;0.0;5.7;2.2;60.0
1982-11-22;-4.8;-0.1;4.6;0.0;5.2;1.0;59.4
1982-11-23;-0.8;2.15;5.1;0.0;5.2;2.5;69.1
1982-11-24;2.4;6.55;10.7;0.0;5.3;3.3;59.1
1982-11-25;4.3;8.9;13.5;0.0;5.9;3.1;59.5
1982-11-26;6.9;11.15;15.4;0.0;5.4;2.4;65.1
1982-11-27;8.0;12.5;17.0;0.0;5.6;2.8;58.2
1982-11-28;6.2;11.04;15.88;0.0;4.0;2.5;53.2
1982-11-29;6.3;9.25;12.2;0.0;2.1;3.8;69.9
1982-11-30;2.7;6.6;10.5;0.0;3.8;3.3;64.5
1982-12-01;4.3;7.1;9.9;0.0;4.8;5.1;43.4
1982-12-02;2.9;8.45;14.0;0.0;3.4;2.7;52.8
1982-12-03;6.1;9.9;13.7;0.0;4.6;2.7;64.8
1982-12-04;4.0;7.8;11.6;0.0;4.1;3.1;63.92
1982-12-05;5.3;9.9;14.5;0.0;5.0;4.1;53.4
1982-12-06;4.5;7.55;10.6;5.3;3.7;4.4;67.8
1982-12-07;-1.1;2.75;6.6;0.0;4.4;3.9;48.2
1982-12-08;-2.7;0.5;3.7;15.3;3.3;3.8;62.0
1982-12-09;2.3;3.1;3.9;13.75;1.2;4.4;85.33
1982-12-10;3.6;4.55;5.5;0.0;1.9;3.4;80.78
1982-12-11;0.1;1.65;3.2;0.0;3.994;4.0;66.3
1982-12-12;0.9;2.3;3.7;1.1;2.0;1.4;82.0
1982-12-13;1.6;2.45;3.3;3.6;1.3;3.0;85.0
1982-12-14;0.0;1.45;2.9;0.0;3.9;2.5;69.78
1982-12-15;-2.1;-0.15;1.8;0.0;3.2;1.1;74.6
1982-12-16;-1.6;0.05;1.7;5.8;2.3;1.9;81.8
1982-12-17;-1.7;0.3;2.3;1.7;2.7;2.3;80.77
1982-12-18;-4.23;-1.67;0.9;0.0;3.7;2.0;79.6
1982-12-19;-4.74;-2.42;-0.1;0.0;4.382;4.3;68.0
1982-12-20;-4.3;-2.2;-0.1;0.0;3.8;5.3;73.58
1982-12-21;-10.8;-5.65;-0.5;0.0;3.5;3.4;67.9
1982-12-22;-11.1;-6.15;-1.2;0.0;3.1;1.2;66.4
1982-12-23;-9.5;-4.55;0.4;0.0;3.1;2.1;72.2
1982-12-24;-6.3;-2.65;1.0;0.0;4.7;1.9;80.0
1982-12-25;-5.7;-2.9;-0.1;0.0;4.7;0.9;82.94
1982-12-26;-3.0;-1.75;-0.5;14.6;1.914;2.4;85.9
1982-12-27;-0.8;0.35;1.5;0.0;2.0;2.3;87.06
1982-12-28;0.9;1.75;2.6;2.5;0.6;2.4;89.16
1982-12-29;2.2;4.4;6.6;4.1;0.6;3.9;82.75
1982-12-30;7.0;7.0;7.0;2.7;1.2;1.4;90.8
1982-12-31;5.5;6.25;7.0;0.0;1.8;0.6;86.66
1983-01-01;3.5;4.25;5.0;0.0;1.5;1.3;84.54
1983-01-02;-4.5;-0.73;3.05;0.0;3.8;0.5;70.18
1983-01-03;-6.5;-2.65;1.2;0.0;4.1;0.2;67.9
1983-01-04;-7.37;-3.33;0.7;0.0;4.2;0.4;67.7
1983-01-05;-7.0;-3.45;0.1;0.0;4.5;2.1;76.1
1983-01-06;-4.1;-0.85;2.4;0.0;2.4;3.0;76.2
1983-01-07;2.4;4.85;7.3;0.0;3.5;4.0;69.1
1983-01-08;3.1;5.35;7.6;0.0;2.2;3.7;65.3
1983-01-09;2.8;4.44;6.08;0.0;2.7;2.6;77.0
1983-01-10;-0.3;2.42;5.13;0.0;4.5;5.1;57.49
1983-01-11;-1.6;0.7;3.0;0.0;4.6;4.2;53.9
1983-01-12;-0.8;1.4;3.6;0.0;2.7;4.1;67.8
1983-01-13;0.8;3.0;5.2;0.0;3.6;4.1;68.2
1983-01-14;-0.9;1.15;3.2;0.0;4.997;3.7;60.65
1983-01-15;0.6;3.35;6.1;0.0;5.1;4.2;58.11
1983-01-16;1.2;4.1;7.0;0.0;2.6;5.3;60.49
1983-01-17;-3.7;-0.35;3.0;0.0;5.1;4.3;42.8
1983-01-18;-6.38;-2.64;1.1;0.0;5.5;0.9;71.5
1983-01-19;-1.1;1.3;3.7;0.0;2.7;1.4;74.4
1983-01-20;-3.1;-0.05;2.99;0.0;3.2;2.0;56.3
1983-01-21;-5.83;-2.02;1.8;0.0;5.6;2.0;54.8
1983-01-22;-1.8;0.8;3.4;5.1;1.2;2.4;81.5
1983-01-23;-3.1;0.35;3.8;0.0;5.7;4.4;61.3
1983-01-24;-4.9;-1.8;1.3;0.0;2.4;1.5;78.5
1983-01-25;-0.3;1.35;3.0;0.0;1.1;1.1;84.91
1983-01-26;0.2;2.0;3.8;4.6;1.4;3.5;79.7
1983-01-27;-2.8;0.1;3.0;1.2;6.3;3.7;66.0
1983-01-28;-1.0;1.5;4.0;0.0;3.4;4.3;57.7
1983-01-29;-3.8;-0.5;2.8;0.0;5.8;3.6;46.8
1983-01-30;-2.54;1.53;5.6;4.4;1.4;2.3;64.8
1983-01-31;5.9;9.1;12.3;0.0;4.7;3.4;63.6
1983-02-01;4.4;7.3;10.2;0.0;3.6;3.6;60.4
1983-02-02;0.1;3.7;7.3;0.0;3.3;4.6;58.2
1983-02-03;-2.0;1.0;4.0;0.0;6.9;2.6;51.0
1983-02-04;-0.9;3.4;7.7;3.65;5.9;5.4;49.5
1983-02-05;-2.3;1.65;5.6;0.0;7.2;3.9;60.6
1983-02-06;-5.0;-0.8;3.4;0.0;7.3;3.0;41.5
1983-02-07;0.8;5.45;10.1;0.0;3.2;4.3;53.2
1983-02-08;6.7;10.4;14.1;2.0;6.1;3.3;62.3
1983-02-09;1.1;3.92;6.74;3.49;6.3;2.5;64.5
1983-02-10;-1.9;1.05;4.0;0.0;7.8;3.1;42.0
1983-02-11;-1.7;2.25;6.2;7.3;7.0;5.5;50.7
1983-02-12;-2.73;0.93;4.6;2.2;7.1;3.8;47.7
1983-02-13;-5.5;-2.65;0.2;0.0;8.8;3.5;31.7
1983-02-14;-2.6;1.45;5.5;0.0;5.1;4.0;51.6
1983-02-15;3.5;4.4;5.3;8.1;2.7;3.0;83.2
1983-02-16;1.7;4.35;7.0;0.0;6.1;2.5;64.9
1983-02-17;-1.3;2.7;6.7;1.9;6.0;4.5;54.2
1983-02-18;-3.5;2.7;8.9;6.8;6.7;3.7;55.4
1983-02-19;1.2;4.91;8.62;0.0;9.3;2.8;50.8
1983-02-20;1.2;4.84;8.49;4.6;2.8;4.9;63.5
1983-02-21;-1.7;3.05;7.8;0.0;9.5;2.0;48.6
1983-02-22;-1.7;1.66;5.02;11.8;6.2;3.4;73.61
1983-02-23;-3.9;0.1;4.1;8.7;3.489;4.1;66.9
1983-02-24;-6.1;-0.85;4.4;0.0;10.4;2.4;37.9
1983-02-25;1.2;6.6;12.0;0.0;8.4;1.8;50.2
1983-02-26;2.13;9.96;17.8;0.0;11.6;2.4;40.1
1983-02-27;5.2;12.0;18.8;0.0;10.962;3.1;38.3
1983-02-28;7.9;12.3;16.7;0.0;11.4;5.4;36.6
1983-03-01;8.71;12.18;15.64;0.0;6.6;4.8;53.03
1983-03-02;6.1;10.25;14.4;0.0;8.4;3.5;55.2
1983-03-03;-0.4;6.35;13.1;0.0;11.4;2.4;45.5
1983-03-04;-0.3;6.5;13.3;0.0;11.4;3.9;36.8
1983-03-05;3.39;8.95;14.5;0.0;12.9;3.7;44.1
1983-03-06;8.9;13.5;18.1;3.0;12.4;4.83;49.2
1983-03-07;3.0;7.8;12.6;1.9;13.7;3.5;48.0
1983-03-08;-0.4;2.9;6.2;0.0;12.9;2.7;43.1
1983-03-09;-0.6;4.35;9.3;0.0;13.7;4.0;31.5
1983-03-10;0.7;6.3;11.9;0.0;13.5;2.2;40.5
1983-03-11;6.7;11.95;17.2;0.0;8.7;4.15;39.6
1983-03-12;5.2;9.7;14.2;0.0;5.8;2.6;61.43
1983-03-13;-0.4;6.05;12.5;1.1;13.5;1.7;42.56
1983-03-14;1.9;5.65;9.39;0.0;14.153;4.0;51.28
1983-03-15;-1.23;1.64;4.5;0.0;11.1;5.5;36.9
1983-03-16;-3.9;-1.05;1.8;0.0;9.4;5.7;35.0
1983-03-17;-4.3;-1.0;2.3;0.0;13.8;4.1;33.2
1983-03-18;-6.81;-2.25;2.3;0.0;16.2;1.4;31.0
1983-03-19;-5.4;-1.2;3.0;0.0;16.4;2.0;29.9
1983-03-20;-5.7;-0.19;5.32;0.0;14.8;1.6;30.69
1983-03-21;-1.3;4.1;9.5;0.0;9.2;2.5;32.5
1983-03-22;4.4;9.07;13.74;0.0;11.251;2.5;39.0
1983-03-23;4.2;9.3;14.4;0.0;14.5;2.7;43.6
1983-03-24;2.7;7.9;13.1;1.1;13.2;4.5;46.5
1983-03-25;4.3;6.6;8.9;1.2;12.4;5.79;45.2
1983-03-26;0.4;4.1;7.8;0.0;17.7;3.7;33.1
1983-03-27;-0.9;3.4;7.7;0.0;14.9;1.66;36.9
1983-03-28;-1.9;3.1;8.1;0.0;14.107;1.1;44.7
1983-03-29;0.8;5.45;10.1;0.0;13.6;0.9;44.9
1983-03-30;-1.5;6.0;13.5;0.0;15.6;1.9;42.3
1983-03-31;3.2;7.15;11.1;7.2;3.5;2.8;64.69
1983-04-01;0.4;4.6;8.8;0.0;14.2;2.9;43.2
1983-04-02;3.2;8.8;14.4;2.4;12.4;2.4;43.4
1983-04-03;1.2;4.4;7.6;0.0;19.0;3.9;35.2
1983-04-04;2.25;10.13;18.0;0.0;19.1;4.5;31.0
1983-04-05;6.5;13.25;20.0;0.0;19.1;4.4;34.3
1983-04-06;11.3;15.25;19.2;0.0;16.9;5.3;42.3
1983-04-07;4.1;8.05;12.0;1.4;14.3;5.7;47.8
1983-04-08;0.0;7.4;14.8;0.0;18.0;3.3;35.4
1983-04-09;6.4;11.15;15.9;0.0;12.442;4.31;47.7
1983-04-10;7.0;11.75;16.5;0.0;12.1;4.5;40.3
1983-04-11;2.5;8.79;15.07;0.0;19.6;2.5;35.0
1983-04-12;5.27;13.58;21.9;0.0;19.4;1.6;38.1
1983-04-13;10.8;16.25;21.7;0.0;11.9;3.4;46.4
1983-04-14;7.5;12.1;16.7;0.0;7.3;0.8;63.6
1983-04-15;7.9;12.3;16.7;1.6;9.7;4.6;54.3
1983-04-16;5.5;10.9;16.3;0.0;20.5;3.4;34.6
1983-04-17;4.06;9.53;15.0;6.0;7.464;3.4;52.8
1983-04-18;2.7;10.15;17.6;0.0;21.1;2.6;34.2
1983-04-19;4.0;9.2;14.4;4.4;13.6;3.3;56.0
1983-04-20;2.6;10.0;17.4;0.0;13.3;1.9;39.7
1983-04-21;8.9;12.15;15.4;15.9;2.4;3.4;76.8
1983-04-22;6.9;13.05;19.2;1.2;19.2;2.9;46.8
1983-04-23;8.3;10.4;12.5;4.6;7.7;3.5;76.4
1983-04-24;5.4;11.05;16.7;3.6;13.7;1.4;60.7
1983-04-25;7.9;11.3;14.7;6.5;5.0;2.0;70.0
1983-04-26;5.6;10.5;15.4;0.0;14.8;4.8;42.6
1983-04-27;1.9;9.0;16.1;1.1;22.3;2.2;35.9
1983-04-28;6.0;11.2;16.4;9.0;10.1;3.2;60.2
1983-04-29;5.4;9.0;12.6;0.0;16.9;3.6;50.9
1983-04-30;3.2;7.5;11.8;0.0;17.6;3.0;41.2
1983-05-01;1.4;6.45;11.5;0.0;20.108;2.9;37.5
1983-05-02;2.7;5.65;8.6;0.0;12.6;5.0;48.7
1983-05-03;1.2;4.94;8.68;0.0;17.6;4.1;39.4
1983-05-04;0.5;4.3;8.1;0.0;18.2;4.0;35.4
1983-05-05;0.2;9.55;18.9;0.0;19.7;2.3;32.4
1983-05-06;7.8;10.55;13.3;9.0;3.4;3.9;71.5
1983-05-07;10.7;13.9;17.1;7.5;3.0;3.4;74.8
1983-05-08;9.8;14.65;19.5;5.0;10.4;1.9;64.61
1983-05-09;7.1;11.95;16.8;1.75;7.6;0.5;80.74
1983-05-10;6.1;14.05;22.0;0.0;23.5;0.7;40.9
1983-05-11;6.6;14.95;23.3;0.0;21.8;1.0;39.7
1983-05-12;13.8;18.7;23.6;2.5;13.823;2.7;51.0
1983-05-13;13.3;18.25;23.2;8.2;9.5;2.5;59.9
1983-05-14;11.6;16.85;22.1;0.0;21.3;3.0;48.9
1983-05-15;11.6;16.35;21.1;0.0;21.0;3.9;42.21
1983-05-16;8.9;15.8;22.7;0.0;24.5;1.7;41.6
1983-05-17;15.2;20.65;26.1;0.0;11.5;3.2;35.9
1983-05-18;14.4;20.1;25.8;0.0;23.928;3.3;45.2
1983-05-19;14.3;19.2;24.1;0.0;23.523;3.6;50.1
1983-05-20;13.2;19.1;25.0;2.5;23.6;1.1;50.6
1983-05-21;16.1;20.8;25.5;2.5;17.4;1.4;59.5
1983-05-22;15.2;21.7;28.2;3.0;23.7;1.9;45.5
1983-05-23;15.0;22.0;29.0;0.0;26.9;1.1;43.2
1983-05-24;16.8;23.45;30.1;0.0;26.3;1.1;38.0
1983-05-25;16.7;24.15;31.6;0.0;25.0;1.1;34.7
1983-05-26;18.3;23.25;28.2;1.38;22.8;2.4;51.2
1983-05-27;15.5;20.35;25.2;0.0;27.7;3.6;39.5
1983-05-28;13.9;20.4;26.9;0.0;25.4;2.3;35.3
1983-05-29;13.4;20.85;28.3;0.0;23.2;1.5;33.6
1983-05-30;14.3;19.95;25.6;0.0;23.8;1.8;44.2
1983-05-31;14.0;18.75;23.5;6.4;7.4;0.4;60.7
1983-06-01;15.8;20.5;25.2;0.0;19.3;0.8;57.8
1983-06-02;14.5;20.7;26.9;0.0;29.871;1.8;37.62
1983-06-03;14.4;21.65;28.9;0.0;26.501;1.7;36.0
1983-06-04;17.58;23.74;29.9;0.0;30.0;2.4;33.6
1983-06-05;16.4;23.55;30.7;0.0;30.236;1.71;30.0
1983-06-06;16.2;24.19;32.17;0.0;26.2;1.0;28.2
1983-06-07;16.0;23.2;30.4;0.0;25.9;1.0;36.2
1983-06-08;16.4;20.05;23.7;0.0;24.5;4.9;45.1
1983-06-09;14.6;18.05;21.5;0.0;12.0;2.9;38.7
1983-06-10;13.1;17.5;21.9;0.0;11.291;2.3;39.4
1983-06-11;11.3;16.6;21.9;0.0;19.4;2.1;39.8
1983-06-12;7.7;16.15;24.6;0.0;25.5;0.5;32.5
1983-06-13;12.0;20.12;28.23;3.5;22.4;2.2;27.9
1983-06-14;16.0;20.2;24.4;6.8;10.5;2.8;62.4
1983-06-15;14.2;18.65;23.1;0.0;10.5;3.5;49.7
1983-06-16;12.3;18.5;24.7;0.0;24.8;2.1;35.9
1983-06-17;13.2;19.61;26.01;0.0;24.6;1.3;36.3
1983-06-18;14.37;20.59;26.8;5.29;25.6;1.5;39.8
1983-06-19;14.6;20.3;26.0;0.0;27.101;3.3;34.31
1983-06-20;14.5;20.05;25.6;0.0;28.6;4.3;26.7
1983-06-21;13.1;17.75;22.4;0.0;14.4;3.6;39.54
1983-06-22;13.0;17.6;22.2;0.0;29.4;5.9;29.2
1983-06-23;11.2;17.05;22.9;0.0;29.5;3.6;25.5
1983-06-24;8.13;16.77;25.4;0.0;28.2;0.8;26.3
1983-06-25;14.5;21.4;28.3;2.2;20.7;1.6;30.8
1983-06-26;13.3;19.5;25.7;0.0;23.4;1.7;31.8
1983-06-27;10.3;18.65;27.0;0.0;28.401;0.7;26.9
1983-06-28;17.2;23.55;29.9;3.6;20.7;2.7;27.2
1983-06-29;15.8;20.95;26.11;0.0;27.0;3.6;29.9
1983-06-30;12.5;18.65;24.8;0.0;18.108;3.2;30.6
1983-07-01;10.1;19.4;28.7;0.0;26.9;0.9;24.4
1983-07-02;18.6;25.85;33.1;1.8;25.3;4.0;19.9
1983-07-03;18.2;23.8;29.4;0.0;22.8;2.3;28.4
1983-07-04;16.6;20.2;23.8;0.0;9.2;1.3;40.4
1983-07-05;14.3;20.9;27.5;0.0;26.4;2.5;26.7
1983-07-06;12.7;18.6;24.5;0.0;22.022;2.6;26.6
1983-07-07;10.9;14.0;17.1;4.6;5.1;1.5;66.3
1983-07-08;10.23;17.56;24.9;0.0;26.9;1.7;27.5
1983-07-09;9.5;18.0;26.5;0.0;27.7;1.2;22.0
1983-07-10;10.0;19.4;28.8;0.0;25.1;0.5;20.7
1983-07-11;18.5;24.55;30.6;0.0;21.1;0.5;20.8
1983-07-12;15.8;24.95;34.1;0.0;24.309;0.7;18.1
1983-07-13;19.2;26.38;33.55;0.0;22.4;2.5;26.73
1983-07-14;18.4;24.0;29.6;0.0;25.3;3.1;24.11
1983-07-15;15.1;22.35;29.6;0.0;27.4;1.6;19.8
1983-07-16;16.0;23.9;31.8;0.0;25.1;0.8;17.73
1983-07-17;17.5;24.1;30.7;0.0;25.693;2.0;17.7
1983-07-18;17.0;24.75;32.5;0.0;22.3;1.3;14.89
1983-07-19;19.8;26.55;33.3;0.0;17.839;1.4;14.3
1983-07-20;20.9;27.4;33.9;0.0;22.0;2.5;16.0
1983-07-21;20.7;27.25;33.8;0.0;24.2;1.8;17.2
1983-07-22;20.7;27.5;34.3;0.0;21.5;2.0;18.4
1983-07-23;17.9;23.9;29.9;0.0;21.8;1.5;24.7
1983-07-24;15.5;22.2;28.9;0.0;25.0;3.2;18.04
1983-07-25;14.7;20.15;25.6;0.0;24.9;3.4;22.0
1983-07-26;11.2;19.25;27.3;0.0;24.5;0.5;20.0
1983-07-27;11.1;20.9;30.7;0.0;24.5;0.8;15.5
1983-07-28;17.0;23.7;30.4;0.0;23.5;2.1;20.0
1983-07-29;16.8;23.65;30.5;0.0;23.816;1.5;17.67
1983-07-30;16.7;25.3;33.9;0.0;16.4;1.3;17.9
1983-07-31;16.7;22.75;28.8;0.0;22.3;4.0;24.8
1983-08-01;14.9;20.3;25.7;0.0;24.1;3.7;21.8
1983-08-02;12.4;19.7;27.0;0.0;23.9;1.9;19.8
1983-08-03;10.8;21.15;31.5;0.0;23.6;0.4;15.41
1983-08-04;13.6;22.7;31.8;0.0;21.2;2.1;17.9
1983-08-05;14.2;21.85;29.5;0.0;23.4;1.8;20.99
1983-08-06;13.9;23.5;33.1;0.0;23.2;1.8;15.5
1983-08-07;21.4;28.2;35.0;0.0;21.8;2.0;16.49
1983-08-08;20.4;27.89;35.38;0.0;21.3;1.5;16.7
1983-08-09;18.1;26.81;35.52;0.0;22.3;2.0;13.79
1983-08-10;20.26;26.13;31.99;0.0;21.8;2.4;18.3
1983-08-11;18.9;25.25;31.6;0.0;21.7;2.6;19.0
1983-08-12;18.8;25.05;31.3;0.0;22.3;2.2;17.66
1983-08-13;18.1;24.05;30.0;0.0;13.9;1.7;22.0
1983-08-14;18.0;24.45;30.89;0.0;19.9;1.8;25.8
1983-08-15;16.3;23.55;30.8;0.0;21.0;2.0;23.9
1983-08-16;18.2;24.85;31.5;0.0;21.1;1.1;24.3
1983-08-17;18.2;25.3;32.39;1.4;18.1;1.8;25.1
1983-08-18;16.9;22.7;28.5;0.0;10.164;0.4;37.97
1983-08-19;14.0;21.25;28.5;0.0;14.5;1.4;27.9
1983-08-20;13.7;20.0;26.3;0.0;20.1;3.4;27.39
1983-08-21;11.5;19.25;27.0;0.0;20.6;1.1;22.4
1983-08-22;14.2;20.75;27.3;0.0;5.9;0.6;25.4
1983-08-23;18.1;23.35;28.6;0.0;19.403;3.4;24.9
1983-08-24;18.2;24.8;31.4;0.0;15.0;2.0;20.7
1983-08-25;15.1;23.04;30.98;0.0;20.1;1.8;21.8
1983-08-26;15.4;22.7;30.0;1.2;19.5;2.5;26.29
1983-08-27;11.6;17.05;22.5;0.0;11.1;4.6;38.74
1983-08-28;8.8;16.7;24.6;0.0;20.4;1.2;23.4
1983-08-29;10.7;19.41;28.11;0.0;17.876;2.4;18.4
1983-08-30;16.9;22.75;28.6;0.0;11.5;1.3;19.9
1983-08-31;14.5;22.55;30.6;0.0;17.4;2.4;18.6
1983-09-01;17.1;22.15;27.2;0.0;14.3;2.6;28.9
1983-09-02;14.7;21.1;27.5;0.0;20.2;3.2;25.8
1983-09-03;12.8;20.85;28.9;0.0;19.166;1.3;23.1
1983-09-04;13.2;21.75;30.3;0.0;18.6;1.3;19.9
1983-09-05;15.1;23.05;31.0;0.0;18.8;1.6;16.0
1983-09-06;13.0;21.75;30.5;0.0;18.533;1.0;14.8
1983-09-07;15.1;22.75;30.4;0.0;15.6;1.2;18.4
1983-09-08;16.0;22.15;28.3;0.0;14.8;0.7;22.3
1983-09-09;18.0;21.35;24.7;0.0;7.3;2.8;30.0
1983-09-10;14.7;22.4;30.1;0.0;19.1;1.3;24.7
1983-09-11;16.4;23.51;30.62;1.5;12.2;1.4;25.47
1983-09-12;13.3;20.6;27.9;0.0;18.3;1.3;32.4
1983-09-13;15.7;21.3;26.9;0.0;18.019;2.2;22.0
1983-09-14;14.5;20.35;26.2;0.0;9.7;2.7;23.1
1983-09-15;14.9;21.2;27.5;2.0;10.9;3.2;34.7
1983-09-16;11.2;15.95;20.7;0.0;16.0;4.7;27.3
1983-09-17;7.46;12.63;17.8;0.0;11.5;4.2;29.7
1983-09-18;4.2;9.16;14.12;0.0;16.8;3.9;22.7
1983-09-19;2.8;9.65;16.5;0.0;16.6;2.5;22.7
1983-09-20;-0.1;8.65;17.4;0.0;16.3;0.8;22.8
1983-09-21;1.1;11.4;21.7;0.0;17.3;2.3;18.03
1983-09-22;11.9;17.55;23.2;0.0;8.4;1.4;21.1
1983-09-23;12.4;18.95;25.5;0.0;12.1;0.3;21.2
1983-09-24;10.1;17.15;24.2;0.0;9.8;0.5;26.0
1983-09-25;11.8;17.4;23.0;2.5;5.4;2.8;34.3
1983-09-26;5.0;12.55;20.1;0.0;15.5;2.3;29.7
1983-09-27;4.0;13.2;22.4;0.0;14.9;2.4;22.7
1983-09-28;8.24;13.62;19.0;5.1;12.6;2.9;32.0
1983-09-29;7.9;12.75;17.6;0.0;10.6;3.5;33.9
1983-09-30;6.0;10.9;15.8;0.0;12.2;4.0;30.6
1983-10-01;9.9;16.45;23.0;0.0;14.0;1.8;31.28
1983-10-02;9.96;16.83;23.7;0.0;12.7;2.4;32.0
1983-10-03;10.7;14.35;18.0;5.5;4.1;2.5;67.23
1983-10-04;7.3;12.0;16.7;0.0;9.7;2.4;54.4
1983-10-05;7.9;11.65;15.4;0.0;12.6;2.6;36.07
1983-10-06;2.6;7.9;13.2;0.0;12.2;3.3;38.2
1983-10-07;0.2;8.9;17.6;0.0;13.4;1.0;28.9
1983-10-08;4.2;9.9;15.6;6.44;5.2;0.5;69.3
1983-10-09;6.1;12.07;18.04;7.3;8.4;1.7;57.5
1983-10-10;4.4;10.8;17.2;0.0;7.9;1.4;37.1
1983-10-11;-0.4;7.4;15.2;0.0;11.6;1.1;33.4
1983-10-12;3.9;8.95;14.0;1.7;6.421;3.2;50.0
1983-10-13;10.7;16.3;21.9;15.69;9.8;3.5;54.2
1983-10-14;5.8;10.2;14.6;0.0;10.9;3.1;55.3
1983-10-15;5.7;11.8;17.9;0.0;11.3;3.24;43.2
1983-10-16;5.61;8.65;11.7;4.1;3.2;1.5;79.8
1983-10-17;10.8;12.8;14.8;0.0;3.0;2.9;81.6
1983-10-18;9.7;13.75;17.8;1.1;10.0;3.5;53.0
1983-10-19;5.2;9.8;14.4;0.0;10.1;3.6;55.6
1983-10-20;1.0;7.3;13.6;0.0;10.0;1.0;44.3
1983-10-21;-0.9;6.95;14.8;0.0;9.8;1.1;42.55
1983-10-22;4.5;10.95;17.4;0.0;10.0;3.3;47.3
1983-10-23;4.6;10.25;15.9;0.0;9.8;3.0;45.2
1983-10-24;3.2;9.75;16.3;0.0;10.2;1.9;46.4
1983-10-25;1.65;8.57;15.5;0.0;9.2;0.4;45.4
1983-10-26;0.5;7.85;15.2;0.0;8.726;0.5;43.6
1983-10-27;3.48;9.09;14.7;0.0;8.2;1.8;50.4
1983-10-28;-0.3;4.6;9.5;0.0;8.5;4.04;48.4
1983-10-29;-1.4;0.95;3.3;0.0;4.5;2.7;73.51
1983-10-30;-0.4;1.35;3.1;4.4;2.2;5.5;73.5
1983-10-31;0.8;3.73;6.65;0.0;6.0;2.7;61.76
1983-11-01;3.2;7.1;11.0;6.1;6.4;3.6;62.5
1983-11-02;3.8;4.55;5.3;0.0;2.0;2.1;81.4
1983-11-03;3.9;7.8;11.7;9.7;5.2;4.6;61.7
1983-11-04;3.63;8.87;14.1;0.0;6.0;5.9;50.7
1983-11-05;2.9;8.6;14.3;0.0;4.8;1.6;54.69
1983-11-06;3.0;7.2;11.4;5.3;2.3;3.3;74.21
1983-11-07;-0.1;3.4;6.9;0.0;3.8;4.9;63.01
1983-11-08;-5.43;-1.86;1.7;0.0;8.3;4.2;32.9
1983-11-09;-8.0;-4.3;-0.6;0.0;7.6;1.5;28.8
1983-11-10;-8.17;-3.98;0.2;0.0;7.3;1.8;29.96
1983-11-11;-8.0;-4.49;-0.97;0.0;7.0;3.4;46.2
1983-11-12;-8.9;-5.2;-1.5;0.0;7.0;1.4;34.98
1983-11-13;-9.12;-4.36;0.4;0.0;6.795;2.2;38.0
1983-11-14;-9.01;-5.55;-2.1;0.0;7.0;2.3;43.2
1983-11-15;-4.1;1.65;7.4;14.3;2.1;5.1;42.5
1983-11-16;7.6;10.45;13.3;5.4;3.6;4.5;68.8
1983-11-17;3.62;7.91;12.2;0.0;2.3;3.6;75.0
1983-11-18;3.8;6.65;9.5;2.3;5.535;2.0;68.66
1983-11-19;-0.9;2.7;6.3;11.0;5.4;2.8;69.6
1983-11-20;-2.6;0.45;3.5;0.0;4.7;2.4;68.5
1983-11-21;-2.7;0.75;4.2;0.0;6.1;2.3;62.3
1983-11-22;0.1;3.1;6.1;0.0;2.3;5.2;53.3
1983-11-23;5.2;7.0;8.8;0.0;3.1;4.7;58.9
1983-11-24;0.8;3.7;6.6;0.0;2.2;2.2;71.8
1983-11-25;1.97;4.69;7.4;0.0;5.4;1.8;74.7
1983-11-26;6.0;8.95;11.9;0.0;3.5;2.3;76.0
1983-11-27;3.68;7.99;12.3;4.6;2.2;3.2;73.06
1983-11-28;-0.8;1.9;4.6;0.0;5.1;4.0;51.4
1983-11-29;-4.5;0.25;5.0;0.0;5.8;0.9;56.0
1983-11-30;-1.7;1.3;4.3;0.0;2.7;2.8;65.91
1983-12-01;-0.1;4.35;8.8;0.0;5.7;2.4;56.5
1983-12-02;-0.2;3.2;6.6;0.0;4.4;3.1;67.7
1983-12-03;3.6;5.7;7.8;4.0;1.3;4.2;79.6
1983-12-04;1.9;5.2;8.5;0.0;5.2;2.1;70.69
1983-12-05;-0.3;3.15;6.6;0.0;4.4;2.2;61.5
1983-12-06;-3.3;1.1;5.5;2.5;4.5;2.1;68.0
1983-12-07;6.3;10.35;14.4;0.0;4.4;3.2;68.3
1983-12-08;6.1;10.05;14.0;0.0;5.4;3.3;63.5
1983-12-09;5.9;7.35;8.8;1.6;1.4;3.2;80.0
1983-12-10;8.4;9.0;9.6;3.7;2.099;4.9;80.8
1983-12-11;5.2;6.7;8.2;1.7;3.3;3.0;81.5
1983-12-12;0.2;3.65;7.1;0.0;4.2;1.7;72.9
1983-12-13;0.7;3.1;5.5;0.0;2.9;2.6;73.3
1983-12-14;-0.4;1.3;3.0;4.1;1.1;5.9;79.78
1983-12-15;-2.3;-0.65;1.0;0.0;2.3;3.9;50.9
1983-12-16;-7.7;-4.65;-1.6;0.0;4.5;3.2;30.8
1983-12-17;-8.5;-5.05;-1.6;0.0;3.6;2.7;44.2
1983-12-18;-8.4;-4.83;-1.25;0.0;3.9;2.2;64.8
1983-12-19;-10.0;-6.3;-2.6;0.0;4.5;1.6;51.1
1983-12-20;-5.5;-2.55;0.4;1.9;3.5;3.9;75.1
1983-12-21;-8.4;-3.6;1.2;0.0;5.0;4.3;67.4
1983-12-22;-9.29;-4.44;0.4;3.7;3.2;1.5;79.03
1983-12-23;-0.58;2.81;6.2;4.0;2.2;4.1;70.3
1983-12-24;-1.6;1.1;3.8;0.0;4.0;1.9;68.21
1983-12-25;-5.5;-2.75;0.0;0.0;3.4;2.4;66.0
1983-12-26;-7.43;-5.12;-2.8;0.0;3.9;1.3;54.3
1983-12-27;-8.9;-5.85;-2.8;0.0;4.6;2.8;45.8
1983-12-28;-12.26;-8.23;-4.2;0.0;4.1;4.0;39.2
1983-12-29;-13.8;-10.75;-7.7;0.0;3.8;5.4;36.3
1983-12-30;-13.5;-8.9;-4.3;0.0;4.6;5.3;32.6
1983-12-31;-12.45;-8.32;-4.2;0.0;3.7;4.5;38.8
1984-01-01;-8.8;-5.7;-2.6;0.0;5.1;2.7;33.3
1984-01-02;-11.3;-5.05;1.2;1.1;3.3;2.3;45.0
1984-01-03;0.3;1.05;1.8;0.0;1.9;3.1;90.2
1984-01-04;-0.7;1.95;4.6;0.0;4.0;2.3;68.7
1984-01-05;-2.3;0.1;2.5;2.5;2.8;2.4;81.3
1984-01-06;-2.6;-0.5;1.6;0.0;3.3;4.1;77.8
1984-01-07;-6.7;-2.45;1.8;0.0;2.3;2.2;72.6
1984-01-08;-7.0;-2.8;1.4;3.3;2.0;2.7;80.7
1984-01-09;-5.2;-1.75;1.7;0.0;2.5;2.8;79.5
1984-01-10;-6.47;-2.68;1.1;2.5;2.2;3.2;76.6
1984-01-11;0.28;3.13;5.98;0.0;5.6;4.9;64.7
1984-01-12;2.2;5.05;7.9;0.0;5.5;5.4;63.0
1984-01-13;3.1;5.6;8.1;0.0;5.5;6.0;65.9
1984-01-14;2.6;4.65;6.7;0.0;2.4;5.6;71.6
1984-01-15;-4.3;-0.8;2.7;0.0;5.4;3.81;58.57
1984-01-16;-7.3;-4.4;-1.5;0.0;5.2;2.6;51.5
1984-01-17;-8.6;-5.55;-2.5;0.0;5.4;1.6;46.8
1984-01-18;-13.6;-9.04;-4.49;0.0;5.8;5.0;27.3
1984-01-19;-15.19;-11.66;-8.13;0.0;5.8;4.8;27.0
1984-01-20;-14.1;-10.16;-6.22;0.0;5.8;2.8;25.3
1984-01-21;-13.5;-8.96;-4.43;0.0;5.1;1.1;35.9
1984-01-22;-11.01;-6.61;-2.2;0.0;5.8;3.0;44.57
1984-01-23;-7.0;-3.05;0.9;0.0;6.4;3.4;44.8
1984-01-24;-12.74;-8.47;-4.2;0.0;6.2;2.4;30.2
1984-01-25;-13.2;-8.2;-3.2;0.0;6.6;0.8;24.8
1984-01-26;-10.8;-6.2;-1.6;0.0;6.397;1.3;29.3
1984-01-27;-11.3;-6.65;-2.0;0.0;6.1;0.6;52.5
1984-01-28;-9.5;-4.95;-0.4;0.0;6.0;4.0;53.3
1984-01-29;-11.1;-6.95;-2.8;0.0;6.7;2.2;39.4
1984-01-30;-13.5;-8.0;-2.5;0.0;7.0;0.5;40.0
1984-01-31;-11.3;-6.4;-1.5;1.5;4.9;2.5;37.74
1984-02-01;-12.1;-5.9;0.3;0.0;6.7;0.9;67.2
1984-02-02;-12.2;-6.3;-0.4;0.0;7.2;1.4;66.3
1984-02-03;-8.1;-4.15;-0.2;0.0;8.0;3.5;53.7
1984-02-04;-6.77;-4.13;-1.5;0.0;4.3;4.0;58.47
1984-02-05;-7.6;-4.6;-1.6;0.0;6.7;3.2;66.47
1984-02-06;-2.1;-0.75;0.6;10.71;1.7;3.4;88.9
1984-02-07;-5.8;-2.2;1.4;0.0;7.0;2.6;79.7
1984-02-08;-7.4;-3.15;1.1;0.0;8.4;4.9;58.0
1984-02-09;-10.52;-6.21;-1.9;0.0;8.0;3.0;50.1
1984-02-10;-10.6;-5.9;-1.2;0.0;7.8;2.5;54.5
1984-02-11;-11.64;-6.37;-1.1;0.0;8.6;1.5;53.5
1984-02-12;-10.7;-6.1;-1.5;0.0;8.5;3.6;46.1
1984-02-13;-11.5;-6.0;-0.5;0.0;8.6;3.2;55.21
1984-02-14;-5.6;-3.0;-0.4;1.5;3.1;4.0;76.5
1984-02-15;-5.8;-2.8;0.2;0.0;5.8;4.7;71.81
1984-02-16;-9.9;-5.75;-1.6;0.0;8.4;4.6;63.31
1984-02-17;-8.2;-4.15;-0.1;0.0;8.8;3.4;67.5
1984-02-18;-10.8;-5.95;-1.1;0.0;9.5;1.7;56.9
1984-02-19;-7.0;-3.31;0.37;3.0;2.5;4.2;79.4
1984-02-20;-8.5;-3.95;0.6;2.5;6.1;2.9;80.5
1984-02-21;-10.5;-4.1;2.3;4.6;10.0;3.3;62.3
1984-02-22;2.5;6.65;10.8;1.2;2.7;5.6;59.0
1984-02-23;0.1;7.25;14.4;9.0;7.4;4.7;46.8
1984-02-24;-5.1;-1.35;2.4;0.0;10.0;3.0;52.2
1984-02-25;-5.9;-1.0;3.9;0.0;10.3;3.0;48.5
1984-02-26;1.4;6.6;11.8;1.59;9.3;5.4;46.9
1984-02-27;0.6;4.5;8.4;0.0;9.6;1.6;65.3
1984-02-28;-0.4;3.69;7.78;0.0;11.4;2.7;47.88
1984-02-29;0.0;0.0;0.0;0.0;0.0;0.0;0.0
1984-03-01;-0.12;7.14;14.4;0.0;9.9;2.2;48.1
1984-03-02;5.5;11.65;17.8;0.0;10.844;3.3;51.2
1984-03-03;6.37;12.34;18.3;0.0;12.1;2.9;49.6
1984-03-04;3.2;10.2;17.2;0.0;13.1;2.0;47.1
1984-03-05;8.5;13.65;18.8;0.0;11.273;3.0;44.6
1984-03-06;3.0;10.5;18.0;0.0;9.2;4.2;43.81
1984-03-07;-0.1;8.1;16.3;0.0;13.4;1.05;41.3
1984-03-08;2.7;9.65;16.6;0.0;11.0;0.7;56.06
1984-03-09;4.0;9.25;14.5;0.0;13.078;1.9;48.7
1984-03-10;0.7;5.7;10.7;0.0;12.0;2.1;45.1
1984-03-11;-3.7;-0.35;3.0;0.0;14.0;2.0;33.6
1984-03-12;-6.3;-2.05;2.2;0.0;14.2;1.9;29.7
1984-03-13;-7.1;-2.0;3.1;0.0;12.2;0.6;33.3
1984-03-14;-4.5;-0.2;4.1;0.0;14.6;2.3;33.2
1984-03-15;-3.4;0.35;4.1;0.0;15.6;3.3;30.19
1984-03-16;-4.9;-1.2;2.5;0.0;14.1;2.1;34.5
1984-03-17;-5.2;-1.22;2.77;3.2;14.134;5.2;34.0
1984-03-18;-4.8;-2.6;-0.4;6.07;6.5;6.3;72.4
1984-03-19;-9.6;-4.9;-0.2;0.0;9.0;2.8;61.9
1984-03-20;-11.5;-5.55;0.4;0.0;16.2;1.6;38.4
1984-03-21;-11.43;-4.87;1.7;0.0;17.8;0.9;32.5
1984-03-22;-9.7;-3.5;2.7;0.0;16.6;0.9;31.8
1984-03-23;-3.9;-0.2;3.5;2.3;8.18;4.0;60.6
1984-03-24;0.2;3.45;6.7;0.0;6.8;3.5;59.0
1984-03-25;-1.5;3.1;7.7;0.0;16.9;2.5;36.7
1984-03-26;0.3;4.2;8.1;0.0;5.9;2.6;69.9
1984-03-27;6.7;11.45;16.2;0.0;4.2;2.5;63.4
1984-03-28;5.8;10.25;14.7;1.41;11.4;3.8;55.3
1984-03-29;1.3;4.05;6.8;0.0;6.7;5.3;65.3
1984-03-30;-1.8;3.9;9.6;0.0;17.7;0.6;39.9
1984-03-31;1.2;4.85;8.5;5.8;4.0;3.1;62.3
1984-04-01;2.5;5.55;8.6;0.0;11.202;3.0;50.6
1984-04-02;2.7;5.25;7.8;0.0;11.4;4.1;54.6
1984-04-03;-0.5;3.7;7.9;0.0;13.1;3.7;47.6
1984-04-04;-0.7;3.0;6.7;1.1;3.7;2.3;66.8
1984-04-05;-0.6;5.05;10.7;1.2;9.2;1.88;54.78
1984-04-06;-0.7;7.8;16.3;0.0;17.6;2.0;37.59
1984-04-07;6.5;7.7;8.9;8.2;2.8;3.4;82.7
1984-04-08;7.5;11.45;15.4;0.0;16.0;1.3;54.4
1984-04-09;4.5;10.7;16.9;4.4;14.0;3.36;52.8
1984-04-10;10.13;12.27;14.4;22.62;6.0;3.6;82.3
1984-04-11;3.3;11.1;18.9;0.0;16.3;0.8;54.74
1984-04-12;2.9;10.4;17.9;2.5;7.1;0.3;53.49
1984-04-13;5.2;7.8;10.4;0.0;6.4;4.6;66.4
1984-04-14;1.8;6.3;10.8;0.0;17.0;3.8;39.3
1984-04-15;-0.7;4.3;9.3;0.0;15.5;2.6;44.8
1984-04-16;-2.0;3.35;8.7;0.0;15.1;1.1;43.7
1984-04-17;-0.53;5.19;10.9;0.0;17.123;2.1;39.8
1984-04-18;1.1;6.55;12.0;1.1;18.5;2.9;43.3
1984-04-19;1.4;5.85;10.3;0.0;19.1;3.8;42.2
1984-04-20;-0.8;7.7;16.2;0.0;20.8;1.0;36.5
1984-04-21;7.2;10.05;12.9;5.29;6.5;3.1;66.0
1984-04-22;5.3;9.1;12.9;0.0;8.8;3.2;57.5
1984-04-23;2.8;10.0;17.2;0.0;21.7;1.9;38.7
1984-04-24;0.6;10.2;19.8;0.0;22.2;0.3;36.7
1984-04-25;10.1;16.55;23.0;0.0;20.3;1.2;46.5
1984-04-26;11.0;17.0;23.0;6.5;17.7;1.3;54.3
1984-04-27;11.7;13.2;14.7;27.96;5.6;1.0;89.3
1984-04-28;6.8;11.05;15.3;1.4;18.2;3.8;52.8
1984-04-29;3.8;8.95;14.1;0.0;20.7;2.8;43.6
1984-04-30;5.9;11.95;18.0;0.0;19.5;3.0;47.09
1984-05-01;3.2;10.4;17.6;0.0;18.6;1.2;44.3
1984-05-02;5.6;13.4;21.2;4.0;16.4;2.4;44.4
1984-05-03;9.6;16.1;22.6;0.0;21.5;1.6;49.5
1984-05-04;10.8;16.4;22.0;0.0;20.8;2.3;48.5
1984-05-05;9.8;16.15;22.5;1.5;19.8;3.5;45.36
1984-05-06;3.8;8.3;12.8;0.0;21.2;4.1;42.9
1984-05-07;0.9;7.79;14.68;0.0;23.7;2.3;33.3
1984-05-08;3.1;6.85;10.6;0.0;20.4;3.9;40.6
1984-05-09;1.5;6.8;12.1;0.0;9.2;2.7;53.5
1984-05-10;6.3;12.71;19.12;4.6;19.6;2.8;46.5
1984-05-11;11.3;14.0;16.7;14.7;4.5;3.7;72.2
1984-05-12;10.9;13.6;16.3;5.8;9.0;1.3;74.21
1984-05-13;12.0;15.95;19.9;0.0;16.648;2.0;59.5
1984-05-14;11.9;17.05;22.2;0.0;13.0;3.1;45.5
1984-05-15;13.7;17.45;21.2;0.0;10.4;0.9;69.22
1984-05-16;11.1;13.25;15.4;6.3;2.5;2.3;80.5
1984-05-17;9.5;13.55;17.6;1.7;11.1;1.7;67.01
1984-05-18;6.6;12.15;17.7;0.0;29.143;2.5;35.4
1984-05-19;4.32;10.96;17.6;0.0;28.2;2.1;35.57
1984-05-20;4.7;11.05;17.4;0.0;20.307;1.9;39.7
1984-05-21;5.5;11.65;17.8;0.0;21.05;2.5;39.0
1984-05-22;6.8;13.2;19.6;0.0;14.466;2.1;51.1
1984-05-23;12.3;16.2;20.1;0.0;12.1;1.5;58.4
1984-05-24;8.9;14.2;19.5;2.3;15.4;2.3;59.8
1984-05-25;6.9;12.9;18.9;0.0;21.2;1.3;49.0
1984-05-26;6.34;13.02;19.7;0.0;21.7;1.9;47.3
1984-05-27;8.4;14.1;19.8;0.0;17.1;1.0;57.0
1984-05-28;7.0;14.75;22.5;5.8;20.5;0.7;46.4
1984-05-29;11.4;15.8;20.2;3.2;9.5;1.3;73.4
1984-05-30;11.5;18.05;24.6;3.5;25.4;1.8;46.5
1984-05-31;11.8;18.45;25.1;0.0;20.3;1.1;46.63
1984-06-01;13.9;20.08;26.26;7.6;21.5;0.6;52.7
1984-06-02;13.3;19.55;25.8;0.0;26.9;1.7;43.43
1984-06-03;12.0;19.25;26.5;0.0;26.224;1.9;37.6
1984-06-04;12.5;20.0;27.5;0.0;26.2;1.3;37.4
1984-06-05;12.5;19.95;27.4;0.0;22.8;1.0;43.08
1984-06-06;15.0;20.85;26.7;0.0;20.8;1.1;47.5
1984-06-07;13.4;20.35;27.3;1.8;24.204;0.9;40.7
1984-06-08;14.4;20.85;27.3;0.0;24.2;0.7;44.7
1984-06-09;14.5;20.95;27.4;0.0;24.1;1.5;40.0
1984-06-10;13.6;20.65;27.7;0.0;26.9;1.3;38.2
1984-06-11;15.4;22.0;28.6;0.0;29.201;1.6;38.9
1984-06-12;15.4;21.9;28.4;0.0;29.5;1.6;37.7
1984-06-13;14.4;21.5;28.6;0.0;30.446;1.29;35.5
1984-06-14;13.0;21.3;29.6;0.0;26.0;0.7;32.6
1984-06-15;17.7;23.25;28.8;0.0;25.6;1.8;37.3
1984-06-16;16.3;22.6;28.9;0.0;26.6;1.8;35.9
1984-06-17;14.5;22.3;30.1;0.0;27.0;1.3;29.2
1984-06-18;17.7;22.65;27.6;0.0;23.3;3.5;41.3
1984-06-19;16.1;20.95;25.8;0.0;18.0;2.6;41.42
1984-06-20;16.8;21.45;26.1;0.0;15.4;1.1;43.0
1984-06-21;16.8;22.2;27.6;0.0;22.1;1.6;35.0
1984-06-22;14.9;21.3;27.7;0.0;24.5;1.8;32.1
1984-06-23;14.7;21.6;28.5;0.0;30.651;1.5;31.0
1984-06-24;15.4;22.7;30.0;1.2;21.9;1.3;29.1
1984-06-25;16.2;22.15;28.1;0.0;30.221;2.5;32.2
1984-06-26;13.5;20.9;28.3;0.0;29.1;1.5;27.94
1984-06-27;14.1;22.65;31.2;0.0;27.701;0.5;27.79
1984-06-28;15.9;24.2;32.5;0.0;21.6;0.9;22.29
1984-06-29;18.7;25.05;31.4;0.0;11.8;1.4;24.5
1984-06-30;17.1;24.77;32.43;0.0;24.8;1.5;20.52
1984-07-01;17.9;25.3;32.7;0.0;22.8;1.1;24.69
1984-07-02;15.6;25.57;35.53;2.7;8.5;0.3;25.7
1984-07-03;15.8;24.3;32.8;0.0;25.8;1.4;23.1
1984-07-04;19.2;25.7;32.2;0.0;25.9;2.6;21.89
1984-07-05;20.4;26.45;32.5;0.0;23.0;2.8;22.11
1984-07-06;19.8;26.2;32.6;0.0;24.998;2.2;21.8
1984-07-07;18.6;25.95;33.3;0.0;25.9;1.5;18.3
1984-07-08;16.2;24.9;33.6;0.0;20.1;1.6;18.1
1984-07-09;18.1;23.59;29.09;0.0;26.5;4.1;22.4
1984-07-10;15.2;21.0;26.8;0.0;26.7;2.7;21.0
1984-07-11;14.51;19.75;25.0;0.0;13.0;1.3;25.7
1984-07-12;14.4;17.0;19.6;22.05;3.0;2.4;80.3
1984-07-13;14.5;21.45;28.4;6.4;18.6;1.1;40.1
1984-07-14;14.7;21.15;27.6;3.6;13.4;1.3;45.2
1984-07-15;15.7;22.65;29.6;3.3;23.0;1.4;35.1
1984-07-16;14.5;18.45;22.4;0.0;17.3;3.3;57.2
1984-07-17;13.2;19.0;24.8;0.0;24.9;3.4;29.6
1984-07-18;12.0;18.8;25.6;0.0;25.3;2.2;31.3
1984-07-19;13.3;20.75;28.2;0.0;12.4;1.1;34.01
1984-07-20;16.9;22.25;27.6;1.38;18.1;1.9;45.0
1984-07-21;18.0;22.05;26.11;0.0;16.6;3.3;50.4
1984-07-22;14.0;20.5;27.0;1.2;22.1;1.7;35.3
1984-07-23;12.7;18.35;24.0;0.0;19.5;3.2;36.8
1984-07-24;12.1;16.5;20.9;0.0;17.4;4.0;39.4
1984-07-25;10.9;16.8;22.7;0.0;20.1;3.1;34.0
1984-07-26;10.9;17.45;24.0;0.0;20.3;2.2;31.69
1984-07-27;11.5;19.3;27.1;1.2;14.8;1.74;29.3
1984-07-28;13.6;18.0;22.4;2.4;6.993;2.3;54.77
1984-07-29;10.5;17.2;23.9;0.0;18.6;2.4;31.1
1984-07-30;7.3;17.5;27.7;0.0;24.306;1.7;22.1
1984-07-31;14.7;20.4;26.1;0.0;19.4;1.9;30.5
1984-08-01;13.0;19.0;25.0;0.0;21.8;3.2;30.2
1984-08-02;12.2;19.2;26.2;0.0;22.9;1.8;26.5
1984-08-03;11.6;20.1;28.6;0.0;23.7;1.6;21.1
1984-08-04;13.2;21.4;29.6;0.0;23.3;1.9;19.9
1984-08-05;14.1;22.15;30.2;0.0;23.6;2.0;17.87
1984-08-06;14.6;22.95;31.3;0.0;23.3;2.1;16.57
1984-08-07;17.8;25.35;32.91;0.0;21.2;2.3;13.78
1984-08-08;15.8;22.45;29.1;0.0;13.6;2.7;22.53
1984-08-09;19.2;25.8;32.4;0.0;17.6;3.5;19.4
1984-08-10;20.83;27.06;33.3;0.0;14.5;3.8;18.09
1984-08-11;19.2;23.99;28.79;2.5;8.6;3.6;31.06
1984-08-12;18.5;24.25;30.0;0.0;20.7;3.3;23.3
1984-08-13;15.2;21.45;27.7;0.0;22.0;3.1;19.7
1984-08-14;11.5;19.2;26.9;0.0;22.5;1.2;18.3
1984-08-15;10.76;20.43;30.1;0.0;21.8;1.5;18.3
1984-08-16;16.2;23.2;30.2;0.0;18.3;2.0;27.8
1984-08-17;14.5;23.55;32.6;0.0;20.9;2.5;23.32
1984-08-18;19.9;26.75;33.6;0.0;20.8;3.2;18.5
1984-08-19;18.09;24.55;31.0;0.0;20.4;2.4;23.9
1984-08-20;15.2;20.85;26.5;2.2;12.6;0.9;42.6
1984-08-21;12.6;18.35;24.1;0.0;21.1;3.5;27.5
1984-08-22;11.3;17.4;23.5;0.0;19.3;2.1;28.4
1984-08-23;8.3;16.95;25.6;0.0;14.9;0.5;26.1
1984-08-24;12.6;19.3;26.0;1.1;10.869;0.7;32.0
1984-08-25;10.2;18.8;27.4;0.0;14.6;0.6;25.7
1984-08-26;17.4;25.3;33.2;0.0;19.103;2.9;20.5
1984-08-27;18.9;23.55;28.2;0.0;12.6;4.8;31.4
1984-08-28;16.6;21.65;26.7;0.0;16.7;3.0;24.8
1984-08-29;14.6;19.6;24.6;0.0;16.831;3.5;27.2
1984-08-30;13.3;18.65;24.0;0.0;20.5;3.8;27.4
1984-08-31;11.2;17.2;23.2;0.0;16.4;2.3;30.8
1984-09-01;11.9;17.75;23.6;0.0;6.7;1.1;43.3
1984-09-02;11.1;19.55;28.0;0.0;12.5;0.6;33.3
1984-09-03;11.9;20.7;29.5;0.0;18.7;0.6;25.19
1984-09-04;14.81;21.46;28.1;0.0;17.8;2.7;26.6
1984-09-05;15.7;19.7;23.7;0.0;5.6;1.4;36.6
1984-09-06;15.8;19.3;22.8;5.1;2.5;2.9;46.6
1984-09-07;13.5;16.6;19.7;1.2;2.9;3.8;78.6
1984-09-08;10.9;16.9;22.9;0.0;17.6;2.8;30.49
1984-09-09;9.0;15.65;22.3;0.0;15.6;1.6;27.9
1984-09-10;5.2;13.54;21.89;0.0;16.01;0.7;29.1
1984-09-11;12.2;17.7;23.2;0.0;11.4;0.7;34.6
1984-09-12;13.9;20.23;26.57;0.0;14.1;1.6;26.4
1984-09-13;7.9;15.55;23.2;0.0;17.1;2.7;31.2
1984-09-14;5.9;15.3;24.7;2.0;9.8;2.2;28.3
1984-09-15;9.1;16.07;23.03;0.0;17.1;2.2;29.46
1984-09-16;9.5;17.25;25.0;0.0;15.555;2.2;25.8
1984-09-17;11.4;18.8;26.2;0.0;12.0;2.3;27.2
1984-09-18;10.9;15.6;20.3;0.0;14.8;4.5;31.1
1984-09-19;6.9;13.41;19.91;0.0;17.1;3.1;26.09
1984-09-20;5.7;12.4;19.1;0.0;3.8;1.2;48.0
1984-09-21;6.1;16.8;27.5;0.0;15.2;1.3;24.6
1984-09-22;11.0;19.5;28.0;0.0;15.2;2.5;22.6
1984-09-23;11.3;19.75;28.2;1.2;14.4;2.7;24.8
1984-09-24;11.8;14.5;17.2;10.6;1.8;0.8;84.1
1984-09-25;8.1;11.82;15.54;7.66;8.0;5.6;60.39
1984-09-26;4.0;10.35;16.7;1.4;11.3;3.0;40.1
1984-09-27;7.8;13.85;19.9;2.5;11.1;2.7;54.0
1984-09-28;6.1;11.8;17.5;0.0;11.4;2.9;45.1
1984-09-29;4.3;9.35;14.4;0.0;13.9;2.5;34.4
1984-09-30;4.9;10.35;15.8;0.0;9.4;2.5;36.68
1984-10-01;4.3;12.35;20.4;0.0;12.4;2.4;30.0
1984-10-02;7.0;13.79;20.57;0.0;13.4;2.0;32.7
1984-10-03;6.2;13.95;21.7;0.0;12.6;1.6;34.3
1984-10-04;6.1;14.85;23.6;0.0;12.2;0.8;32.4
1984-10-05;7.7;15.3;22.91;0.0;12.2;1.1;35.4
1984-10-06;7.6;15.45;23.3;0.0;11.7;1.0;32.21
1984-10-07;6.5;14.75;23.0;0.0;11.2;0.4;32.45
1984-10-08;7.0;14.75;22.5;0.0;9.0;0.5;32.9
1984-10-09;9.7;16.21;22.72;0.0;9.3;1.3;30.5
1984-10-10;8.2;15.1;22.0;0.0;11.389;2.6;30.5
1984-10-11;9.8;13.5;17.2;4.8;5.3;2.5;64.8
1984-10-12;6.7;9.15;11.61;0.0;5.6;3.2;67.45
1984-10-13;3.2;9.4;15.6;0.0;11.299;3.2;29.3
1984-10-14;4.92;10.56;16.2;11.6;7.223;4.0;48.2
1984-10-15;5.1;10.35;15.6;0.0;9.0;4.0;50.2
1984-10-16;4.5;11.8;19.1;0.0;11.0;3.8;31.8
1984-10-17;14.4;19.05;23.7;0.0;9.0;6.4;40.5
1984-10-18;13.8;17.45;21.1;2.8;5.7;3.7;60.3
1984-10-19;11.3;15.25;19.2;9.1;3.4;3.2;77.28
1984-10-20;5.6;10.2;14.8;0.0;8.2;1.7;40.2
1984-10-21;2.68;8.09;13.5;0.0;7.7;1.2;37.7
1984-10-22;0.4;6.95;13.5;0.0;9.698;1.5;34.6
1984-10-23;-1.3;4.75;10.8;0.0;9.6;1.3;35.8
1984-10-24;-0.4;4.15;8.7;0.0;8.8;2.6;44.8
1984-10-25;1.7;5.6;9.5;0.0;9.5;5.1;40.23
1984-10-26;4.5;7.1;9.7;1.38;2.8;3.8;60.8
1984-10-27;10.6;13.0;15.4;7.5;6.1;2.9;78.3
1984-10-28;5.0;9.0;13.0;7.0;5.1;3.2;65.9
1984-10-29;1.2;5.65;10.1;0.0;8.5;2.2;46.1
1984-10-30;-1.6;2.65;6.9;0.0;8.7;1.9;34.7
1984-10-31;-2.3;2.25;6.8;0.0;8.2;1.5;39.0
1984-11-01;-2.0;2.45;6.9;0.0;8.6;0.9;52.7
1984-11-02;-0.7;4.11;8.92;0.0;7.5;0.4;52.7
1984-11-03;-2.2;3.99;10.18;0.0;7.9;0.5;45.4
1984-11-04;-1.9;3.8;9.5;0.0;7.4;1.7;43.7
1984-11-05;0.3;5.24;10.17;0.0;6.7;1.9;62.2
1984-11-06;3.3;6.8;10.3;0.0;7.5;2.8;59.3
1984-11-07;4.7;7.0;9.3;0.0;2.5;1.3;75.4
1984-11-08;7.3;11.75;16.2;0.0;6.3;2.1;62.5
1984-11-09;9.0;12.65;16.3;0.0;3.7;2.9;61.48
1984-11-10;1.1;5.64;10.18;0.0;6.9;2.7;57.83
1984-11-11;-2.5;2.45;7.4;0.0;6.8;1.2;49.7
1984-11-12;-5.16;0.17;5.5;0.0;6.4;0.4;53.3
1984-11-13;-2.3;2.4;7.1;0.0;5.5;2.5;45.5
1984-11-14;-5.4;-1.0;3.4;0.0;7.2;1.0;52.2
1984-11-15;-6.2;-1.6;3.0;0.0;7.3;1.1;57.59
1984-11-16;-5.3;-0.75;3.8;0.0;6.7;3.5;61.5
1984-11-17;3.45;9.63;15.8;4.9;3.3;3.7;48.2
1984-11-18;2.2;6.0;9.8;0.0;6.2;2.0;54.8
1984-11-19;-0.6;3.35;7.3;0.0;6.1;2.5;44.9
1984-11-20;-2.2;0.35;2.9;0.0;6.4;2.6;53.4
1984-11-21;-1.0;2.3;5.6;3.6;1.55;1.5;71.8
1984-11-22;0.5;6.3;12.1;0.0;6.2;1.7;56.72
1984-11-23;-0.5;3.82;8.13;0.0;6.0;2.3;43.5
1984-11-24;-3.0;0.1;3.2;0.0;6.0;2.3;55.3
1984-11-25;-5.9;-1.7;2.5;0.0;5.4;1.7;64.1
1984-11-26;-1.1;3.35;7.8;0.0;5.7;3.9;56.4
1984-11-27;5.3;8.15;11.0;5.85;3.6;4.2;70.9
1984-11-28;1.2;4.45;7.7;0.0;5.1;3.1;47.54
1984-11-29;2.4;8.3;14.2;0.0;3.1;6.1;54.3
1984-11-30;6.2;10.3;14.4;0.0;2.9;6.4;56.7
1984-12-01;0.2;3.4;6.6;0.0;1.9;3.6;68.5
1984-12-02;-4.9;-1.2;2.5;0.0;5.2;2.5;53.4
1984-12-03;-5.0;-1.6;1.8;0.0;4.8;3.6;39.1
1984-12-04;-7.0;-4.2;-1.4;0.0;4.8;2.5;37.5
1984-12-05;-7.0;-2.75;1.5;0.0;3.8;3.7;40.2
1984-12-06;-2.2;0.3;2.8;0.0;3.5;3.7;68.0
1984-12-07;-2.7;0.55;3.8;0.0;4.2;1.5;67.7
1984-12-08;-3.7;-0.2;3.3;0.0;5.0;2.6;69.2
1984-12-09;0.0;3.05;6.1;0.0;4.4;4.5;63.0
1984-12-10;5.8;7.95;10.1;11.3;2.5;5.3;76.5
1984-12-11;4.0;6.05;8.1;16.4;1.0;2.6;78.23
1984-12-12;2.7;4.4;6.1;0.0;3.0;1.8;77.0
1984-12-13;2.8;5.49;8.18;0.0;4.3;4.3;57.97
1984-12-14;-1.7;1.5;4.7;0.0;4.2;1.4;74.8
1984-12-15;-2.75;0.43;3.6;0.0;4.0;2.3;65.8
1984-12-16;0.3;4.35;8.4;0.0;2.0;4.4;68.7
1984-12-17;6.0;8.0;10.0;0.0;2.7;3.9;68.54
1984-12-18;1.9;6.45;11.0;0.0;3.1;4.9;49.9
1984-12-19;-0.7;2.25;5.2;0.0;4.4;3.4;55.31
1984-12-20;4.7;8.05;11.4;0.0;3.2;3.8;56.3
1984-12-21;-0.5;3.25;7.0;0.0;3.7;2.9;48.4
1984-12-22;-4.7;-1.5;1.7;0.0;4.1;3.3;59.8
1984-12-23;-8.0;-3.8;0.4;0.0;4.1;0.83;58.8
1984-12-24;-6.8;-3.5;-0.2;0.0;2.9;1.9;68.2
1984-12-25;-5.7;-1.7;2.3;1.4;2.7;3.7;76.2
1984-12-26;-0.7;4.7;10.1;0.0;2.2;4.2;60.0
1984-12-27;7.9;8.14;8.39;10.6;1.2;2.3;89.15
1984-12-28;0.4;4.35;8.3;10.6;2.4;3.6;74.51
1984-12-29;-1.5;1.9;5.3;0.0;2.1;4.0;54.9
1984-12-30;4.1;5.25;6.4;13.23;1.3;2.5;84.15
1984-12-31;-2.8;0.3;3.4;0.0;4.2;4.4;43.6
