*WEATHER DATA - Station:Rothamsted - BADJAM DATA - BADJer: UC - Method: EQM - Source model: MPICCLM
 
@ INSI LAT LONG ELEV TAV AMP REFHT WNDHT
Rothamsted 51.82 -0.37 300.92 10.3 NA 2.0 NA
@DATE YYYY MM DD SRAD TMAX TMIN RAIN  WIND DEWP VPRS RHUM 
1980001 1980 01 01 21.99 3.3 -2.5 3.3 3.1 NA NA 85.3
1980002 1980 01 02 48.61 1.7 -3.2 0 2.8 NA NA 62.1
1980003 1980 01 03 10.42 4.5 -1.3 8.2 1.8 NA NA 83.2
1980004 1980 01 04 25.46 10.3 2.6 0 3.5 NA NA 84.8
1980005 1980 01 05 28.94 12.2 6.5 0 3.8 NA NA 75
1980006 1980 01 06 41.67 9.8 5.7 0 2.2 NA NA 85.2
1980007 1980 01 07 39.35 12.9 7.5 0 4.4 NA NA 81.8
1980008 1980 01 08 27.78 12.6 8.9 0 5.5 NA NA 83.8
1980009 1980 01 09 10.42 13.2 7.9 2.7 4.6 NA NA 89.6
1980010 1980 01 10 33.56 9.6 3.8 4.5 2.1 NA NA 78.6
1980011 1980 01 11 27.78 11.3 6.2 3.2 3.3 NA NA 88.8
1980012 1980 01 12 13.89 10.7 6.2 0 3.3 NA NA 86.67
1980013 1980 01 13 23.15 11.1 5.8 1.6 3.35 NA NA 84.3
1980014 1980 01 14 45.14 10.6 5 0 1.2 NA NA 83.6
1980015 1980 01 15 4.28 9.2 5 2.3 2.2 NA NA 81.6
1980016 1980 01 16 56.71 10.3 5.11 0 1.3 NA NA 82.7
1980017 1980 01 17 30.09 9.9 2.6 0 4.1 NA NA 76.7
1980018 1980 01 18 57.87 5.6 1 0 2.8 NA NA 85.8
1980019 1980 01 19 32.41 5.4 -1.6 0 3.4 NA NA 63.04
1980020 1980 01 20 34.72 3.2 -2.2 0 1.5 NA NA 64.5
1980021 1980 01 21 33.56 1.7 -2.9 0 2.9 NA NA 75.3
1980022 1980 01 22 54.4 0 -3.2 0 2.5 NA NA 68
1980023 1980 01 23 69.44 0 -5.3 0 2 NA NA 60.7
1980024 1980 01 24 63.66 1 -4.7 0 2.1 NA NA 83.3
1980025 1980 01 25 30.09 0.34 -4.7 0 1.9 NA NA 76.1
1980026 1980 01 26 60.19 1.6 -3 0 2.4 NA NA 77.3
1980027 1980 01 27 35.88 2.4 -2 1.9 2.8 NA NA 87.5
1980028 1980 01 28 33.42 0.8 -2.4 3.2 2.6 NA NA 87.7
1980029 1980 01 29 70.6 1.7 -3.2 0 3 NA NA 79.1
1980030 1980 01 30 57.87 4.2 -2.9 2.5 2.4 NA NA 80.68
1980031 1980 01 31 72.92 5.4 0.3 0 2.1 NA NA 75.3
1980032 1980 02 01 26.62 4.5 0 4.3 3.6 NA NA 84.5
1980033 1980 02 02 24.31 5.3 1.1 1.8 1.3 NA NA 87.9
1980034 1980 02 03 86.76 7.8 2.1 0 1.4 NA NA 78.4
1980035 1980 02 04 43.98 6.5 2.6 0 5.3 NA NA 86
1980036 1980 02 05 49.77 4.6 0.8 0 2.8 NA NA 79.68
1980037 1980 02 06 82.18 8.8 2.8 2.5 4.3 NA NA 73.5
1980038 1980 02 07 48.61 9 4.1 7 4 NA NA 80.55
1980039 1980 02 08 26.62 9.2 3.7 7.1 6 NA NA 79.9
1980040 1980 02 09 69.44 8.9 1.5 0 5.4 NA NA 45.9
1980041 1980 02 10 39.35 7 1 9.5 7.5 NA NA 65
1980042 1980 02 11 32.41 8.1 1.1 4 4.1 NA NA 66.4
1980043 1980 02 12 52.08 8.39 3.6 8 4 NA NA 70.4
1980044 1980 02 13 70.6 7.5 1 2 5.5 NA NA 65.3
1980045 1980 02 14 91.44 7.7 0.9 4.8 2.1 NA NA 63.8
1980046 1980 02 15 32.41 8.5 0.5 20.2 5.9 NA NA 60.4
1980047 1980 02 16 107.64 7.1 0.9 1.7 4.5 NA NA 52.79
1980048 1980 02 17 120.4 6.2 -0.9 0 0.5 NA NA 48.83
1980049 1980 02 18 120.37 5.9 -1.5 0 1.6 NA NA 46.3
1980050 1980 02 19 78.7 8 -0.8 0 2.2 NA NA 48.5
1980051 1980 02 20 112.77 5.9 0.2 0 4.5 NA NA 54.65
1980052 1980 02 21 54.4 8.4 0.9 1.4 2.7 NA NA 52.2
1980053 1980 02 22 87.96 8.7 2.8 3.3 5.3 NA NA 63.3
1980054 1980 02 23 82.18 10.7 1.8 0 5.1 NA NA 50.6
1980055 1980 02 24 82.18 12.4 7.8 0 7.6 NA NA 77.44
1980056 1980 02 25 93.75 12.2 5.9 0 5.4 NA NA 67.8
1980057 1980 02 26 85.65 13.3 4.9 0 5.4 NA NA 54.5
1980058 1980 02 27 52.08 11.87 6.8 2.4 3.8 NA NA 82.4
1980059 1980 02 28 46.3 10.1 6 2.2 3.2 NA NA 86.3
1980060 1980 02 29 0 0 0 0 0 NA NA 0
1980061 1980 03 01 45.14 7.7 2.3 12.5 4.6 NA NA 72
1980062 1980 03 02 150.46 9.4 0.3 0 2.8 NA NA 43.01
1980063 1980 03 03 71.76 8.5 2 4.1 4.2 NA NA 71.5
1980064 1980 03 04 76.39 10 5.1 0 0.6 NA NA 55.58
1980065 1980 03 05 144.68 10.49 3.44 0 1 NA NA 42.58
1980066 1980 03 06 134.26 10.2 3.4 0 0.7 NA NA 42
1980067 1980 03 07 126.16 10.7 1.9 0 3.3 NA NA 49.49
1980068 1980 03 08 68.29 10.2 6.1 10.8 4.7 NA NA 81.7
1980069 1980 03 09 123.84 13 5.7 3 2 NA NA 47.9
1980070 1980 03 10 20.83 8.9 5.7 2.5 2.2 NA NA 90.2
1980071 1980 03 11 130.79 17.1 6.2 0 2.3 NA NA 44.9
1980072 1980 03 12 59.03 14 6.6 0 2.1 NA NA 62.5
1980073 1980 03 13 166.67 10.9 2.2 0 2.7 NA NA 45.5
1980074 1980 03 14 119.21 12.8 5.7 0 2.27 NA NA 58.7
1980075 1980 03 15 85.65 13.7 5.4 0 1.9 NA NA 63.7
1980076 1980 03 16 98.38 13 5.7 5.1 3.5 NA NA 73.9
1980077 1980 03 17 184.03 10.7 1.7 0 2.7 NA NA 42.5
1980078 1980 03 18 181.71 12.4 3 0 2.2 NA NA 40.4
1980079 1980 03 19 167.82 11.6 1.6 0 2.5 NA NA 41
1980080 1980 03 20 45.14 10.2 6.3 12.23 3.3 NA NA 87.7
1980081 1980 03 21 167.82 11.9 5.9 1.5 3.3 NA NA 59.1
1980082 1980 03 22 116.9 9.9 4.8 0 1.5 NA NA 57
1980083 1980 03 23 56.71 12.4 5.3 4.9 2.9 NA NA 73.16
1980084 1980 03 24 27.78 10.4 5.7 2.5 3.1 NA NA 84.9
1980085 1980 03 25 33.56 9.9 5.3 6.9 3.4 NA NA 79.1
1980086 1980 03 26 100.69 6.5 1.9 16.1 3.8 NA NA 69.3
1980087 1980 03 27 181.71 8.6 1 4.1 6.3 NA NA 44.4
1980088 1980 03 28 209.49 10.18 1.3 0 5 NA NA 41.7
1980089 1980 03 29 182.87 9.9 0.9 0 3.1 NA NA 41.9
1980090 1980 03 30 210.39 12.5 0.3 0 0.8 NA NA 31.99
1980091 1980 03 31 109.95 11.9 5 2 2.8 NA NA 50.4
1980092 1980 04 01 195.6 14.34 6.2 0 1.5 NA NA 46.9
1980093 1980 04 02 126.16 10.8 2.4 0 4.2 NA NA 46.1
1980094 1980 04 03 180.56 11.3 1.3 0 4.5 NA NA 41.3
1980095 1980 04 04 138.89 15.8 4.1 0 4.6 NA NA 43.7
1980096 1980 04 05 217.59 18.5 4.9 0 5.6 NA NA 32.2
1980097 1980 04 06 28.94 10.6 2.6 9.54 3.3 NA NA 68.9
1980098 1980 04 07 170.2 6.8 -1.5 0 4.8 NA NA 42.8
1980099 1980 04 08 166.67 8.6 -1.2 4.5 4.3 NA NA 43
1980100 1980 04 09 140.05 14.1 6.7 0 3.1 NA NA 54.8
1980101 1980 04 10 200.23 20.3 8.7 0 4.3 NA NA 43.9
1980102 1980 04 11 230.32 20.91 8 0 4 NA NA 34.9
1980103 1980 04 12 219.91 23 7.8 0 3.5 NA NA 30.4
1980104 1980 04 13 210.65 20.1 7.9 0 4.6 NA NA 38
1980105 1980 04 14 211.81 23.1 9.5 0 3.8 NA NA 35.1
1980106 1980 04 15 188.66 17 7.1 0 5.8 NA NA 36.7
1980107 1980 04 16 79.86 11.5 6.1 0 6.3 NA NA 46.6
1980108 1980 04 17 92.59 9.1 4.2 0 3.4 NA NA 49.2
1980109 1980 04 18 127.31 9.4 3.7 1.6 1.9 NA NA 48.6
1980110 1980 04 19 221.45 15.2 4.2 0 3.8 NA NA 28.03
1980111 1980 04 20 153.94 12.4 1.9 1.6 4.4 NA NA 42.6
1980112 1980 04 21 60.19 10.9 7.1 0 3.2 NA NA 84.4
1980113 1980 04 22 188.66 16 6.4 0 3.1 NA NA 39.2
1980114 1980 04 23 134.26 14.4 5.7 0 1.6 NA NA 43.5
1980115 1980 04 24 241.9 15.3 4.5 0 1.5 NA NA 30
1980116 1980 04 25 217.59 16 5.6 0 4.3 NA NA 28.2
1980117 1980 04 26 46.3 9.6 5.8 0 5.9 NA NA 79.7
1980118 1980 04 27 122.69 11.2 3 0 6.9 NA NA 41.9
1980119 1980 04 28 94.91 7.8 1.8 0 5.4 NA NA 44.2
1980120 1980 04 29 195.6 12.8 0.8 0 5.6 NA NA 30.8
1980121 1980 04 30 38.19 12.3 4.5 4.1 5.3 NA NA 63.8
1980122 1980 05 01 247.69 18.5 6.7 0 5.4 NA NA 38.5
1980123 1980 05 02 135.42 15.3 6.7 0 3 NA NA 45.4
1980124 1980 05 03 143.52 18.1 8.45 1.6 2 NA NA 45.5
1980125 1980 05 04 115.74 19.1 9.2 1.6 2.6 NA NA 46.4
1980126 1980 05 05 50.93 14.5 8.6 1.6 1.9 NA NA 86.6
1980127 1980 05 06 27.78 15.8 8.9 5.8 2.1 NA NA 87.4
1980128 1980 05 07 83.33 10.88 5 0 5.2 NA NA 65
1980129 1980 05 08 188.66 10.5 4 0 3 NA NA 38.5
1980130 1980 05 09 273.15 13.7 2.2 0 1.4 NA NA 31
1980131 1980 05 10 281.28 16.5 2.7 0 1.8 NA NA 28.4
1980132 1980 05 11 282.41 20.7 4.2 0 2.2 NA NA 25.9
1980133 1980 05 12 292.82 21.2 6.8 0 3.7 NA NA 25.42
1980134 1980 05 13 300.93 20.4 6.8 0 4.6 NA NA 21.22
1980135 1980 05 14 291.68 21.6 7.1 0 4.7 NA NA 22.69
1980136 1980 05 15 226.85 19.64 6.52 0 4 NA NA 30.3
1980137 1980 05 16 178.24 20.4 9.4 0 2.6 NA NA 38.7
1980138 1980 05 17 63.66 15.2 10.6 12.3 2.4 NA NA 87.7
1980139 1980 05 18 221.46 21.8 9.2 0 2.2 NA NA 36.39
1980140 1980 05 19 292.82 20.1 6.9 0 2.2 NA NA 27.8
1980141 1980 05 20 199.07 21.4 7.9 0 3.9 NA NA 36.47
1980142 1980 05 21 275.46 23.8 9.4 0 3.8 NA NA 33.4
1980143 1980 05 22 280.09 24.11 8.2 0 2.1 NA NA 27.5
1980144 1980 05 23 204.86 24 10.2 0 1.3 NA NA 35.2
1980145 1980 05 24 91.44 18.2 11 0 1.9 NA NA 52.5
1980146 1980 05 25 211.81 19.8 9.9 9.08 3.3 NA NA 39.6
1980147 1980 05 26 215.13 17.1 7.8 9.8 5 NA NA 48.5
1980148 1980 05 27 173.61 17.4 10.9 2.5 4.7 NA NA 58.2
1980149 1980 05 28 230.32 20 9.3 1.2 5.1 NA NA 40.8
1980150 1980 05 29 207.18 18.4 10.6 0 4.1 NA NA 44.7
1980151 1980 05 30 254.63 21.5 9.4 0 2.6 NA NA 28.8
1980152 1980 05 31 287.04 22.7 10.9 1.1 3.3 NA NA 32.5
1980153 1980 06 01 101.85 19.2 10.4 15.1 3 NA NA 79.2
1980154 1980 06 02 107.64 15 9.2 0 6 NA NA 74.1
1980155 1980 06 03 160.88 16.9 10 0 4.9 NA NA 49.1
1980156 1980 06 04 280.09 19.9 8.7 0 0.9 NA NA 35.5
1980157 1980 06 05 284.74 22.7 9.3 0 1.5 NA NA 33.8
1980158 1980 06 06 228.01 21.1 9.2 0 1.7 NA NA 34.2
1980159 1980 06 07 332.59 23.2 9.4 0 1.5 NA NA 29.1
1980160 1980 06 08 282.98 23.7 9 0 2.4 NA NA 30.6
1980161 1980 06 09 297.49 25.3 12.1 0 4.1 NA NA 36.2
1980162 1980 06 10 344.91 26 13.1 0 5.6 NA NA 35.09
1980163 1980 06 11 175.93 24.3 12.9 0 4.29 NA NA 39.6
1980164 1980 06 12 206.02 23.4 12.1 0 2.1 NA NA 38.4
1980165 1980 06 13 337.78 26.9 11.6 0 3.2 NA NA 27.5
1980166 1980 06 14 360.3 24 11.6 0 3.9 NA NA 30.8
1980167 1980 06 15 345.19 27.8 10.8 0 1.9 NA NA 22.57
1980168 1980 06 16 329.25 28.9 12.4 0 0.5 NA NA 23.55
1980169 1980 06 17 347.22 28.1 13.6 0 2.4 NA NA 23.3
1980170 1980 06 18 100.69 19.5 11.2 0 2.3 NA NA 40.69
1980171 1980 06 19 59.03 16.4 10.5 9.6 1.8 NA NA 53.9
1980172 1980 06 20 166.67 20.3 11.9 0 3.6 NA NA 48.4
1980173 1980 06 21 151.62 19.3 9.8 2.8 4.5 NA NA 49.9
1980174 1980 06 22 231.48 20.8 8.1 0 3.2 NA NA 28.89
1980175 1980 06 23 122.69 18.8 10.9 5.9 2.9 NA NA 52.7
1980176 1980 06 24 192.13 20 11.6 2 1.3 NA NA 48.7
1980177 1980 06 25 134.26 21.8 12.6 0 2.3 NA NA 42.5
1980178 1980 06 26 108.8 17.7 12.9 0 5.4 NA NA 56.2
1980179 1980 06 27 105.32 19.3 12.8 0 5.5 NA NA 50.9
1980180 1980 06 28 211.81 24.81 13.1 0 3.3 NA NA 39
1980181 1980 06 29 267.36 27.8 15.4 0 1.9 NA NA 32.7
1980182 1980 06 30 211.81 24.3 13.5 0 1.9 NA NA 42.9
1980183 1980 07 01 166.67 19.9 12.5 0 4.1 NA NA 40.6
1980184 1980 07 02 162.04 18.7 10.8 0 0.9 NA NA 39.4
1980185 1980 07 03 216.44 20.4 9.94 0 2.4 NA NA 34.8
1980186 1980 07 04 86.81 16.6 8.8 1.4 3.3 NA NA 47.1
1980187 1980 07 05 109.95 21.2 12.8 1.8 4.2 NA NA 49.1
1980188 1980 07 06 209.67 21.6 11.3 4 4.6 NA NA 39.9
1980189 1980 07 07 172.45 18.6 10.9 0 2.6 NA NA 41.4
1980190 1980 07 08 234.95 22.9 9.8 0 3.2 NA NA 31.7
1980191 1980 07 09 232.64 26 14.2 0 4.8 NA NA 34.9
1980192 1980 07 10 241.9 22.3 12.9 1.7 3.5 NA NA 35.7
1980193 1980 07 11 123.84 15.5 10.5 1.4 2.1 NA NA 49
1980194 1980 07 12 215.28 19 9 0 2.9 NA NA 35.2
1980195 1980 07 13 50.93 17.7 10.3 0 4.7 NA NA 51.7
1980196 1980 07 14 192.13 18.3 11.8 0 6.2 NA NA 43.4
1980197 1980 07 15 160.88 17.7 9.3 4 5.3 NA NA 41.6
1980198 1980 07 16 158.56 18.7 10.9 0 5.3 NA NA 43.3
1980199 1980 07 17 267.36 20.9 11.3 0 4.3 NA NA 34.5
1980200 1980 07 18 223.38 25.7 10.9 0 2.4 NA NA 30.1
1980201 1980 07 19 230.32 21.8 13.01 0 4.5 NA NA 36.23
1980202 1980 07 20 100.69 19.9 12.3 0 4 NA NA 38.9
1980203 1980 07 21 178.24 21.6 13.4 0 4.2 NA NA 40.2
1980204 1980 07 22 43.98 18.4 10.9 15.1 3.9 NA NA 76.8
1980205 1980 07 23 175.93 17.9 10.1 5 4.9 NA NA 50.2
1980206 1980 07 24 104.17 18.4 10.9 9.3 5.7 NA NA 55.46
1980207 1980 07 25 25.46 16.5 11.2 0 1.1 NA NA 88
1980208 1980 07 26 133.1 19 11.4 0 2.8 NA NA 57.1
1980209 1980 07 27 179.4 20.6 11.8 0 2.1 NA NA 42.3
1980210 1980 07 28 172.45 19.5 12.2 2.9 1.8 NA NA 58.4
1980211 1980 07 29 135.42 19.7 12.1 8.8 2 NA NA 67.5
1980212 1980 07 30 195.6 21.9 12.8 0 3.4 NA NA 44.9
1980213 1980 07 31 57.87 19.15 10.9 9.8 3.5 NA NA 73
1980214 1980 08 01 134.26 20.3 11.6 1.1 3.2 NA NA 64.5
1980215 1980 08 02 192.13 20 9.2 0 2.8 NA NA 44.3
1980216 1980 08 03 49.77 17.7 10.8 0 3.1 NA NA 73.2
1980217 1980 08 04 137.73 19.8 12.9 15.8 4.7 NA NA 61.5
1980218 1980 08 05 129.63 19.5 12.7 2 2.9 NA NA 79.7
1980219 1980 08 06 175.93 21.3 12.7 0 1.5 NA NA 52.1
1980220 1980 08 07 228.01 24.6 12.5 0 0.5 NA NA 38.7
1980221 1980 08 08 138.89 21.8 12 9.2 3.4 NA NA 52.4
1980222 1980 08 09 182.87 17.4 9.9 5 3.7 NA NA 41.1
1980223 1980 08 10 164.35 15 9.3 1.9 4 NA NA 51.2
1980224 1980 08 11 78.7 14.3 8.9 0 5.4 NA NA 67.3
1980225 1980 08 12 133.1 18.9 10.5 0 3 NA NA 52.7
1980226 1980 08 13 104.17 16.7 11.1 0 3.5 NA NA 70.6
1980227 1980 08 14 150.46 18.8 9.5 5.1 3.5 NA NA 48.2
1980228 1980 08 15 115.74 17.5 10.5 0 4.3 NA NA 58.2
1980229 1980 08 16 168.98 17 8.1 2.4 2.5 NA NA 47.7
1980230 1980 08 17 230.96 20.1 6.9 0 2.7 NA NA 38.7
1980231 1980 08 18 70.6 15.4 9.5 10.28 2.4 NA NA 85.2
1980232 1980 08 19 23.15 16.7 11.9 5.5 1.9 NA NA 91.3
1980233 1980 08 20 100.96 19.3 13.2 1.1 2.1 NA NA 79.1
1980234 1980 08 21 39.35 20.6 12.5 1.2 3.7 NA NA 83.71
1980235 1980 08 22 123.84 20.5 13.2 0 2.9 NA NA 70.5
1980236 1980 08 23 130.79 18.9 10.1 4.8 4.1 NA NA 63.9
1980237 1980 08 24 144.68 17.4 7.1 1.8 3.95 NA NA 44.3
1980238 1980 08 25 30.09 19.1 11.3 3 4.6 NA NA 66.9
1980239 1980 08 26 185.19 19.4 10.8 0 3.7 NA NA 46.5
1980240 1980 08 27 174.77 19.1 9.5 0 2.6 NA NA 45.89
1980241 1980 08 28 216.44 18.1 7.7 0 2.1 NA NA 40.1
1980242 1980 08 29 37.04 15 8.3 15.35 6.3 NA NA 74.5
1980243 1980 08 30 192.13 17.1 7.9 7.7 6 NA NA 41.9
1980244 1980 08 31 105.32 15.9 8.1 0 4.4 NA NA 60.9
1980245 1980 09 01 122.69 15.2 6.6 0 3.7 NA NA 48.6
1980246 1980 09 02 59.03 13.8 8.3 2 5.1 NA NA 72.4
1980247 1980 09 03 212.58 15.3 5.9 0 1.7 NA NA 37.5
1980248 1980 09 04 215.28 16.5 5.7 0 1.8 NA NA 37.2
1980249 1980 09 05 190.97 16 4.9 0 1.2 NA NA 38.5
1980250 1980 09 06 151.62 24.2 9.9 0 3.9 NA NA 40.6
1980251 1980 09 07 209.49 26.4 12.7 0 3.2 NA NA 40.7
1980252 1980 09 08 178.24 25.4 13.3 0 4.1 NA NA 43.9
1980253 1980 09 09 160.88 18.7 9 0 4 NA NA 40
1980254 1980 09 10 115.74 17.8 9 1.8 5.4 NA NA 44.8
1980255 1980 09 11 105.32 14.7 8.8 0 4 NA NA 46.9
1980256 1980 09 12 174.77 20.5 9.3 0 2.4 NA NA 36.7
1980257 1980 09 13 199.07 21.7 8.2 0 2.8 NA NA 36.9
1980258 1980 09 14 193.29 23.4 10.1 0 2.3 NA NA 36.01
1980259 1980 09 15 165.51 17.4 10.6 0 2.5 NA NA 46.8
1980260 1980 09 16 50.93 19.1 10.2 0 4.4 NA NA 47.7
1980261 1980 09 17 140.05 19.8 12.6 0 5.1 NA NA 52
1980262 1980 09 18 33.56 15.6 9.7 1.2 4.5 NA NA 56.7
1980263 1980 09 19 108.8 16.9 9.7 1.4 3.9 NA NA 46.9
1980264 1980 09 20 100.69 17.8 10.4 0 2.5 NA NA 57.2
1980265 1980 09 21 21.99 14.7 10.4 9.2 1.8 NA NA 90.4
1980266 1980 09 22 151.62 17.8 10.1 1.2 3.4 NA NA 52.3
1980267 1980 09 23 142.36 15.6 8.7 0 5 NA NA 52.9
1980268 1980 09 24 119.21 17.4 10 0 4.7 NA NA 47.02
1980269 1980 09 25 21.99 17.8 10.3 7.3 5.4 NA NA 78.81
1980270 1980 09 26 134.26 19.2 11.4 0 4.1 NA NA 52.73
1980271 1980 09 27 89.12 18.2 9.7 0 2.1 NA NA 55.1
1980272 1980 09 28 144.68 18.3 9.1 0 0.7 NA NA 46.7
1980273 1980 09 29 164.35 18.4 7.7 0 3.9 NA NA 42.6
1980274 1980 09 30 164.35 15.1 7.7 0 2.4 NA NA 45.2
1980275 1980 10 01 54.4 14.28 5.7 0 2.6 NA NA 52.27
1980276 1980 10 02 135.42 20.2 11 0 1 NA NA 50.6
1980277 1980 10 03 158.56 21 9.2 0 2 NA NA 42.1
1980278 1980 10 04 151.62 22.8 9.9 0 1.6 NA NA 43.7
1980279 1980 10 05 144.68 23.9 12.7 0 2.2 NA NA 42.6
1980280 1980 10 06 150.46 23.4 10.9 0 2.9 NA NA 41.4
1980281 1980 10 07 30.09 18.5 11.72 10.2 4.1 NA NA 85.5
1980282 1980 10 08 21.99 16.9 8.2 2.9 6.4 NA NA 47
1980283 1980 10 09 79.86 12.9 6.7 0 3.1 NA NA 64.7
1980284 1980 10 10 13.89 15.1 6.2 5.1 4.5 NA NA 48.7
1980285 1980 10 11 119.21 12.1 4.7 0 4.3 NA NA 52.2
1980286 1980 10 12 136.57 13.6 5.7 0 2.6 NA NA 47.2
1980287 1980 10 13 118.06 13 6.8 1.1 4.8 NA NA 52.32
1980288 1980 10 14 35.88 14.4 6.6 3 4.9 NA NA 56.9
1980289 1980 10 15 49.77 14.2 7.2 0 5 NA NA 74.2
1980290 1980 10 16 15.05 10 5.7 9.2 2.3 NA NA 89.4
1980291 1980 10 17 130.79 11.2 3 0 2 NA NA 50.4
1980292 1980 10 18 104.17 11.7 6.2 0 4.2 NA NA 57
1980293 1980 10 19 40.51 14.9 6.5 0 3.3 NA NA 57.9
1980294 1980 10 20 59.03 13.1 6.5 0 2.2 NA NA 65.94
1980295 1980 10 21 23.15 14.3 8.8 2.8 1.9 NA NA 86.9
1980296 1980 10 22 54.4 14.3 7.1 0 1.9 NA NA 78.4
1980297 1980 10 23 30.09 14.8 8.5 0 3 NA NA 86.41
1980298 1980 10 24 52.08 13.6 8.7 20.59 3.3 NA NA 84
1980299 1980 10 25 27.78 11.9 8.1 0 3.7 NA NA 87.4
1980300 1980 10 26 27.78 14 8 5.9 1.7 NA NA 81.2
1980301 1980 10 27 46.3 15.4 10.5 5 3.1 NA NA 86
1980302 1980 10 28 65.97 14.9 8.3 0 0.8 NA NA 68.5
1980303 1980 10 29 86.81 12.9 7.3 1.4 0.5 NA NA 54.8
1980304 1980 10 30 32.41 15.4 8.5 3.9 3.3 NA NA 81.6
1980305 1980 10 31 18.52 14.69 9.8 6.8 4.2 NA NA 88.3
1980306 1980 11 01 48.61 15 9.3 0 4.9 NA NA 77
1980307 1980 11 02 17.36 15.3 9.2 9.3 6.5 NA NA 79
1980308 1980 11 03 26.62 15.8 10.7 18 3.1 NA NA 88.7
1980309 1980 11 04 60.19 15.5 8.94 0 4.4 NA NA 78.86
1980310 1980 11 05 52.08 14.4 5.9 0 3 NA NA 69.3
1980311 1980 11 06 62.5 13.2 4.9 0 2.5 NA NA 55.37
1980312 1980 11 07 17.36 12.5 8.1 16.11 2.2 NA NA 89.2
1980313 1980 11 08 11.57 12.7 8.3 15.6 4.3 NA NA 88.8
1980314 1980 11 09 23.15 14.2 8.8 0 2.5 NA NA 88.7
1980315 1980 11 10 15.05 12.6 8.5 5.8 5.7 NA NA 87.4
1980316 1980 11 11 25.46 12.7 8.7 0 4.2 NA NA 85.6
1980317 1980 11 12 33.56 12.9 8 0 2.7 NA NA 87.2
1980318 1980 11 13 41.67 9.8 0.5 0 3.3 NA NA 74.4
1980319 1980 11 14 32.41 8.9 0.5 1.5 4.2 NA NA 54.4
1980320 1980 11 15 53.24 9.8 4.4 4 3.6 NA NA 81.6
1980321 1980 11 16 54.4 10 3 2.3 4.2 NA NA 63.4
1980322 1980 11 17 64.81 12.4 5.8 5 4.4 NA NA 71.4
1980323 1980 11 18 57.87 12.1 6.7 3 3.6 NA NA 78.8
1980324 1980 11 19 35.88 10.9 5.5 0 2.1 NA NA 81.8
1980325 1980 11 20 23.15 10.4 5.7 1.9 2.9 NA NA 86.1
1980326 1980 11 21 26.62 10.2 5.6 0 3 NA NA 89.7
1980327 1980 11 22 26.62 8.9 5.3 0 0.8 NA NA 84.2
1980328 1980 11 23 34.72 7.9 4.8 0 1.8 NA NA 81.7
1980329 1980 11 24 19.68 7.5 2.7 0 2.8 NA NA 84.6
1980330 1980 11 25 60.19 4.4 -2.6 0 3.5 NA NA 49.2
1980331 1980 11 26 31.25 2.6 -2.9 0 3 NA NA 80.8
1980332 1980 11 27 23.15 5.6 0 1.1 3.4 NA NA 82.5
1980333 1980 11 28 25.46 6.9 3.4 0 4.1 NA NA 88.3
1980334 1980 11 29 31.25 7.7 3.3 0 1.4 NA NA 85.5
1980335 1980 11 30 37.04 7.9 2.49 0 2.12 NA NA 82.6
1980336 1980 12 01 49.77 7.2 2.3 0 1.8 NA NA 71.59
1980337 1980 12 02 50.93 5.6 1.7 0 2.8 NA NA 84.4
1980338 1980 12 03 20.83 6.5 2 12.7 4.8 NA NA 84.6
1980339 1980 12 04 24.31 5.6 2.6 0 2 NA NA 90.1
1980340 1980 12 05 38.19 6.1 1.1 0 2.6 NA NA 77.9
1980341 1980 12 06 10.42 9.9 0 13.52 3.6 NA NA 66.4
1980342 1980 12 07 23.15 9.4 3.8 0 5.1 NA NA 82.6
1980343 1980 12 08 24.31 8 2.7 1.6 2.5 NA NA 86.2
1980344 1980 12 09 28.94 9.2 5 5.1 2.8 NA NA 86.9
1980345 1980 12 10 19.68 10.3 4 0 3.8 NA NA 83.3
1980346 1980 12 11 15.05 10.5 7.6 0 4.9 NA NA 89.7
1980347 1980 12 12 19.68 9.5 6.8 0 5.5 NA NA 88.1
1980348 1980 12 13 40.51 8.4 3.4 7.2 4.2 NA NA 81.9
1980349 1980 12 14 35.88 7.1 3.6 2.3 3 NA NA 89.5
1980350 1980 12 15 18.52 6.1 3.2 12.73 3.7 NA NA 89.7
1980351 1980 12 16 15.05 6.5 3.8 2.3 3 NA NA 89.7
1980352 1980 12 17 37.04 5.1 0.7 5.1 2.4 NA NA 81.4
1980353 1980 12 18 16.2 8.78 3.4 7.4 4 NA NA 88
1980354 1980 12 19 20.83 7.5 1 0 6.1 NA NA 71.7
1980355 1980 12 20 41.67 4 -0.3 0 3.3 NA NA 84.1
1980356 1980 12 21 37.04 5.3 0.7 0 1.9 NA NA 83
1980357 1980 12 22 15.05 9 0 2.9 2.7 NA NA 49.2
1980358 1980 12 23 25.46 10.5 6.8 0 3.2 NA NA 87.6
1980359 1980 12 24 27.78 13.2 6.2 4 3.6 NA NA 66.4
1980360 1980 12 25 12.73 13.6 10.8 1.5 5.3 NA NA 92.63
1980361 1980 12 26 32.41 14.1 9.2 6.46 4.8 NA NA 83.7
1980362 1980 12 27 11.57 14.6 6.4 0 5.4 NA NA 80.8
1980363 1980 12 28 19.68 8.6 5.9 9.8 1.1 NA NA 88.1
1980364 1980 12 29 26.62 9.5 2.6 0 1.6 NA NA 85.2
1980365 1980 12 30 43.98 5.4 1.2 0 1.2 NA NA 81.11
1980366 1980 12 31 46.3 3.7 -1.3 0 0.4 NA NA 78.9
1981001 1981 01 01 39.35 3.6 -2.17 2.8 1.6 NA NA 57.7
1981002 1981 01 02 45.14 5.04 0.7 2.2 3.1 NA NA 79.1
1981003 1981 01 03 33.56 11.5 1.3 3.7 5.5 NA NA 49.8
1981004 1981 01 04 38.19 7.7 0.2 0 3.6 NA NA 51.2
1981005 1981 01 05 35.88 11 5.5 0 6.9 NA NA 61.8
1981006 1981 01 06 25.46 9.89 3.4 0 3.5 NA NA 74.7
1981007 1981 01 07 34.09 10.7 7 0 4.2 NA NA 89.3
1981008 1981 01 08 26.62 11.2 6.6 0 3.7 NA NA 84.6
1981009 1981 01 09 32.41 9.3 5.5 0 2.8 NA NA 82
1981010 1981 01 10 34.72 10.9 4.5 1.8 2.5 NA NA 82.7
1981011 1981 01 11 16.2 8.9 4.6 3.44 5.2 NA NA 84.86
1981012 1981 01 12 15.05 9.4 3.6 4.6 5.5 NA NA 69.2
1981013 1981 01 13 38.19 8 3.6 0 6.2 NA NA 80
1981014 1981 01 14 24.31 8.5 2.8 15.7 6.5 NA NA 76.74
1981015 1981 01 15 25.46 10 6.1 0 6.3 NA NA 81.3
1981016 1981 01 16 50.93 10.1 4.9 0 4.6 NA NA 72.11
1981017 1981 01 17 35.88 11.4 5.2 4.4 3.9 NA NA 69.5
1981018 1981 01 18 53.24 11.8 5.1 0 4.3 NA NA 60.7
1981019 1981 01 19 25.46 11.5 4.6 0 2.4 NA NA 68.1
1981020 1981 01 20 62.32 9.5 3.5 0 2.1 NA NA 76.8
1981021 1981 01 21 28.94 11.1 3.3 0 2.5 NA NA 76.4
1981022 1981 01 22 64.81 9.2 4.8 0 2.6 NA NA 78.6
1981023 1981 01 23 64.81 10.1 3.9 0 4.6 NA NA 73.3
1981024 1981 01 24 23.15 12.8 4.9 2.5 5.4 NA NA 47.7
1981025 1981 01 25 21.99 12.8 4.8 0 6.7 NA NA 50.5
1981026 1981 01 26 16.2 10.3 4.9 3.9 4.7 NA NA 64.3
1981027 1981 01 27 65.02 6.4 1.2 0 3.1 NA NA 66.82
1981028 1981 01 28 15.05 10.4 3.2 0 4.14 NA NA 67.2
1981029 1981 01 29 64.81 8.7 0.6 0 4.5 NA NA 50.6
1981030 1981 01 30 70.6 9.7 5.9 0 6.4 NA NA 80.5
1981031 1981 01 31 57.87 10.3 1.8 0 3 NA NA 56.1
1981032 1981 02 01 15.05 11.8 5.92 6.3 5.7 NA NA 83.9
1981033 1981 02 02 62.5 7.2 2.8 0 4.6 NA NA 62.2
1981034 1981 02 03 76.39 6.4 0.3 0 5.5 NA NA 65.5
1981035 1981 02 04 63.66 7.4 3.2 0 4.4 NA NA 75.2
1981036 1981 02 05 27.78 11.68 3.7 9.5 4.9 NA NA 57.7
1981037 1981 02 06 11.57 11.7 5.8 1.2 4.2 NA NA 73.1
1981038 1981 02 07 60.19 7.9 4.5 3.8 5.9 NA NA 69.6
1981039 1981 02 08 30.09 6.9 2.5 7 1.5 NA NA 86.8
1981040 1981 02 09 93.75 8.7 1.3 0 3 NA NA 56.6
1981041 1981 02 10 71.76 9.1 2.8 0 2.2 NA NA 66.4
1981042 1981 02 11 69.44 9 2.9 4.4 3.5 NA NA 80.7
1981043 1981 02 12 32.41 11.2 7.1 0 7.33 NA NA 86
1981044 1981 02 13 65.97 9.2 1.3 0 4.2 NA NA 46.6
1981045 1981 02 14 86.81 6.1 0 0 3.5 NA NA 52.9
1981046 1981 02 15 24.31 7.5 0.2 5.9 5.9 NA NA 58
1981047 1981 02 16 62.5 4.6 -0.9 1.1 7.75 NA NA 62.3
1981048 1981 02 17 65.97 4.6 -1.3 0 5.3 NA NA 50.9
1981049 1981 02 18 114.58 4.3 -1.9 0 3.2 NA NA 51.7
1981050 1981 02 19 115.74 4.3 -2.6 0 1.8 NA NA 50.4
1981051 1981 02 20 52.08 7.4 0 0 3.1 NA NA 59.77
1981052 1981 02 21 65.97 6.1 -1.2 0 2.2 NA NA 57.26
1981053 1981 02 22 129.63 7.6 -1.2 0 2.9 NA NA 48.3
1981054 1981 02 23 120.37 10.25 1.6 0 3.1 NA NA 47.3
1981055 1981 02 24 135.42 9.7 1 0 2 NA NA 43.9
1981056 1981 02 25 136.31 10.16 0.6 0 3.1 NA NA 46.3
1981057 1981 02 26 131.74 11.4 2.3 0 4.7 NA NA 51.52
1981058 1981 02 27 81.02 12.8 6.2 0 2.6 NA NA 65.3
1981059 1981 02 28 103.01 13.7 5.8 0 1.25 NA NA 57.5
1981060 1981 03 01 141.2 11.8 4.2 0 1.4 NA NA 50.78
1981061 1981 03 02 28.94 7.8 3.2 0 1.5 NA NA 83.5
1981062 1981 03 03 26.62 10.6 4.8 1.2 3.4 NA NA 82.3
1981063 1981 03 04 43.98 14 8.4 0 3.5 NA NA 79
1981064 1981 03 05 16.2 13.2 8.2 5.1 3.9 NA NA 89.2
1981065 1981 03 06 54.4 16.5 8.1 0 2.1 NA NA 66.3
1981066 1981 03 07 158.56 16.1 5.9 0 1.4 NA NA 44.2
1981067 1981 03 08 158.56 16.8 5.7 0 2.4 NA NA 43.8
1981068 1981 03 09 61.48 11.6 5.9 1.8 4.4 NA NA 66.7
1981069 1981 03 10 143.52 10.4 1.8 3.4 6.7 NA NA 49.2
1981070 1981 03 11 63.66 9.7 3.6 2 5.1 NA NA 62.8
1981071 1981 03 12 149.31 9.7 2.1 0 5.3 NA NA 45.1
1981072 1981 03 13 78.7 9.1 1.5 1.6 2.9 NA NA 57.3
1981073 1981 03 14 85.65 10.1 2.5 6.1 3.8 NA NA 63.6
1981074 1981 03 15 178.24 10.8 1.1 0 1.1 NA NA 38.2
1981075 1981 03 16 180.56 12.4 2.6 0 0.6 NA NA 38.6
1981076 1981 03 17 185.19 10.5 1.4 0 1.8 NA NA 41.9
1981077 1981 03 18 187.5 11.4 0 0 1.5 NA NA 38.4
1981078 1981 03 19 187.5 12.8 1.4 0 1.2 NA NA 32.9
1981079 1981 03 20 185.19 15.3 3.9 0 1.5 NA NA 35.79
1981080 1981 03 21 190.25 17.9 5.5 0 1.5 NA NA 34.1
1981081 1981 03 22 188.82 16.8 4.5 0 3 NA NA 35.9
1981082 1981 03 23 66.92 11.7 4.6 0 4 NA NA 62.3
1981083 1981 03 24 192.13 12 2.6 0 3.4 NA NA 38.68
1981084 1981 03 25 193.29 18.1 5.4 0 1.6 NA NA 35.7
1981085 1981 03 26 45.14 14.4 8 1.8 1.3 NA NA 67.4
1981086 1981 03 27 151.62 16.9 7.3 0 0.8 NA NA 41.9
1981087 1981 03 28 178.98 17.5 8.4 0 1.3 NA NA 43.4
1981088 1981 03 29 201.39 20.2 6.61 0 3.1 NA NA 33.4
1981089 1981 03 30 206.02 21.6 7.6 0 3.2 NA NA 32.6
1981090 1981 03 31 206.02 21.7 8.2 0 2.3 NA NA 31.1
1981091 1981 04 01 203.7 17.2 4.2 0 3.8 NA NA 34.8
1981092 1981 04 02 215.28 12.9 2.9 0 5.4 NA NA 30.9
1981093 1981 04 03 217.31 13.5 2.3 0 4.8 NA NA 24.2
1981094 1981 04 04 218.78 17.3 2.1 0 3.9 NA NA 16.8
1981095 1981 04 05 218.78 18.4 3.4 0 3.7 NA NA 20.48
1981096 1981 04 06 218.75 20.2 5.5 0 2.3 NA NA 27.3
1981097 1981 04 07 217.59 23.1 7.8 0 1.9 NA NA 22.64
1981098 1981 04 08 194.44 24.2 8.9 0 2.4 NA NA 21.27
1981099 1981 04 09 223.38 23.7 7.44 0 2.9 NA NA 22.9
1981100 1981 04 10 224.58 23.4 6.9 0 2.7 NA NA 21.22
1981101 1981 04 11 224.54 24.2 7.8 0 1.9 NA NA 19.62
1981102 1981 04 12 173.61 13.9 2.5 2.9 4.2 NA NA 30.64
1981103 1981 04 13 202.55 12.9 0.4 3.9 4.4 NA NA 26.33
1981104 1981 04 14 151.62 10.5 2.7 0 4.2 NA NA 43.6
1981105 1981 04 15 41.81 9.5 3.6 12.92 3.5 NA NA 64.5
1981106 1981 04 16 112.27 9.3 2.3 3.4 2.4 NA NA 54.93
1981107 1981 04 17 170.14 10.2 1.6 1.1 3.3 NA NA 42.9
1981108 1981 04 18 115.74 10.2 2.3 0 3 NA NA 42.8
1981109 1981 04 19 218.75 14.6 0.8 0 2.6 NA NA 24.6
1981110 1981 04 20 116.9 12.4 6.4 0 3.5 NA NA 47.4
1981111 1981 04 21 215.28 15.8 4.1 0 2.7 NA NA 36.8
1981112 1981 04 22 134.26 10 1.1 0 5.82 NA NA 42.5
1981113 1981 04 23 210.65 7.7 -1.5 0 6.3 NA NA 32.32
1981114 1981 04 24 210.65 7.88 -1.5 1.2 6.7 NA NA 31.93
1981115 1981 04 25 187.5 12.2 2 0 3.8 NA NA 31.1
1981116 1981 04 26 173.61 11.6 3.3 4.9 2 NA NA 38.7
1981117 1981 04 27 186.34 12.5 2 0 3.8 NA NA 43.49
1981118 1981 04 28 175.93 15.3 3.4 0 4.1 NA NA 39.7
1981119 1981 04 29 134.26 16.4 6.5 0 4.8 NA NA 43.3
1981120 1981 04 30 225.69 16.72 5.2 0 3.2 NA NA 35.2
1981121 1981 05 01 167 16.6 8.6 0 1.1 NA NA 43.3
1981122 1981 05 02 265.05 20.4 7.1 0 1.5 NA NA 31.7
1981123 1981 05 03 268.52 20.9 6.2 0 1 NA NA 24.2
1981124 1981 05 04 241.9 21.8 6.9 0 1 NA NA 23.26
1981125 1981 05 05 164.35 18.3 9.15 1.1 3.5 NA NA 35.6
1981126 1981 05 06 35.88 13.9 8.9 11.97 2.7 NA NA 78.6
1981127 1981 05 07 173.61 15.6 7.7 3 0.7 NA NA 47.3
1981128 1981 05 08 251.16 18.3 7.7 0 0.9 NA NA 38.26
1981129 1981 05 09 203.7 16.4 7.5 0 2.6 NA NA 42.5
1981130 1981 05 10 126.16 13.9 6.7 0 4.9 NA NA 49.4
1981131 1981 05 11 265.05 14.4 5.2 0 6.2 NA NA 36.1
1981132 1981 05 12 292.82 16.93 2.3 0 1.8 NA NA 23.8
1981133 1981 05 13 120.37 16.2 6.3 3.7 2.9 NA NA 38.4
1981134 1981 05 14 221.15 16.6 5.5 0 4.2 NA NA 35.8
1981135 1981 05 15 162.04 17.6 8.1 0 3.4 NA NA 39.6
1981136 1981 05 16 228.01 20.7 7.2 0 1.1 NA NA 34.1
1981137 1981 05 17 217.59 22.1 9.4 0 2.24 NA NA 31.7
1981138 1981 05 18 79.86 14.1 9.6 2 1.7 NA NA 82.8
1981139 1981 05 19 91.44 14.9 9.7 0 2.2 NA NA 69.7
1981140 1981 05 20 171.3 18.3 9 0 2.5 NA NA 43.7
1981141 1981 05 21 283.56 18.3 7.3 0 1.6 NA NA 30.8
1981142 1981 05 22 96.06 19.8 9.9 1.4 1.8 NA NA 45.57
1981143 1981 05 23 93.75 15.9 8.1 0 2.7 NA NA 59.2
1981144 1981 05 24 292.19 20.8 6.5 0 3.9 NA NA 31.3
1981145 1981 05 25 216.44 21 7.6 0 3.8 NA NA 35.4
1981146 1981 05 26 134.26 17.3 8.7 0 4.7 NA NA 50
1981147 1981 05 27 246.46 18.81 8.2 0 5.2 NA NA 35.3
1981148 1981 05 28 180.56 19.7 9 0 4.3 NA NA 41.1
1981149 1981 05 29 72.92 16.4 9 0 4.1 NA NA 65.2
1981150 1981 05 30 253.47 18.62 8.2 0 4.2 NA NA 33.9
1981151 1981 05 31 295.23 18.8 5.4 0 1.9 NA NA 18.82
1981152 1981 06 01 201.39 19.1 6.4 0 3.7 NA NA 27.8
1981153 1981 06 02 85.65 17.7 11.1 5.9 1.6 NA NA 54.03
1981154 1981 06 03 202.55 20.99 9.8 0 2 NA NA 36.7
1981155 1981 06 04 94.91 18.2 11.8 1.2 4 NA NA 59.9
1981156 1981 06 05 82.18 18.4 13 0 4.4 NA NA 81.3
1981157 1981 06 06 210.65 24.8 12.2 2.3 2.3 NA NA 42.9
1981158 1981 06 07 192.13 23.3 14 2.4 3.1 NA NA 50.7
1981159 1981 06 08 311.34 23.1 10 0 2.7 NA NA 34.1
1981160 1981 06 09 326.39 24.6 10.7 0 2.5 NA NA 29.51
1981161 1981 06 10 222.22 24.3 9.9 0 3.7 NA NA 38.4
1981162 1981 06 11 134.26 24 13.6 0 2.2 NA NA 51.3
1981163 1981 06 12 216.44 24.8 13.4 2.3 3.3 NA NA 42.4
1981164 1981 06 13 84.49 19.9 12.3 5 1.7 NA NA 68.4
1981165 1981 06 14 262.73 22.1 10.7 0 4.3 NA NA 41.6
1981166 1981 06 15 140.05 18.6 12.1 0 4.1 NA NA 58
1981167 1981 06 16 150.46 19.8 11.6 0 5.1 NA NA 43.77
1981168 1981 06 17 223.38 20.7 8.7 0 3.6 NA NA 31.2
1981169 1981 06 18 23.15 16.1 9.4 6.9 4.7 NA NA 70.6
1981170 1981 06 19 214.12 17.3 9.1 0 5.9 NA NA 40.8
1981171 1981 06 20 159.72 15 7 0 3.3 NA NA 44.08
1981172 1981 06 21 214.12 16.1 7.4 1.2 2.5 NA NA 39.9
1981173 1981 06 22 189.81 16.1 7.6 3.3 1.4 NA NA 53.3
1981174 1981 06 23 209.49 19.6 8 0 1.3 NA NA 40.7
1981175 1981 06 24 251.16 22.5 10.2 0 0.8 NA NA 34.7
1981176 1981 06 25 216.44 21.6 9.2 0 2.7 NA NA 38.9
1981177 1981 06 26 210.24 22 12.5 0 1.4 NA NA 41.6
1981178 1981 06 27 94.91 19.8 10.2 0 2.6 NA NA 53.65
1981179 1981 06 28 229.17 22.5 9.7 0 4.5 NA NA 36.2
1981180 1981 06 29 174.77 22.4 10.9 1.8 4.1 NA NA 41.46
1981181 1981 06 30 269.68 23.6 9.5 0 2.7 NA NA 34.6
1981182 1981 07 01 293.98 26.3 11.7 0 0.4 NA NA 29
1981183 1981 07 02 52.08 19.7 13.1 23.7 3.8 NA NA 81.9
1981184 1981 07 03 170.14 22.6 13.6 2 5.1 NA NA 53.5
1981185 1981 07 04 131.94 19.1 11.6 0 4.2 NA NA 50.9
1981186 1981 07 05 192.13 18.6 10.7 0 3.9 NA NA 45.6
1981187 1981 07 06 182.87 18.5 10.1 1.8 3.3 NA NA 50
1981188 1981 07 07 200.23 20.7 9.6 0 2.5 NA NA 45
1981189 1981 07 08 54.4 18.5 12.2 11.8 3 NA NA 75
1981190 1981 07 09 71.76 18.5 11.9 7.6 3.04 NA NA 72.5
1981191 1981 07 10 69.44 16.1 10.8 0 4.5 NA NA 82.7
1981192 1981 07 11 236.11 21.2 10.4 0 3.1 NA NA 33.7
1981193 1981 07 12 100.69 18.6 11 1.4 1.5 NA NA 57.7
1981194 1981 07 13 253.47 21.08 10.8 0 3.7 NA NA 36.5
1981195 1981 07 14 104.17 18.4 12.1 0 2.3 NA NA 58.8
1981196 1981 07 15 129.63 21.3 12.8 7.3 0.9 NA NA 49.1
1981197 1981 07 16 97.22 18.6 11.9 0 3.9 NA NA 76.4
1981198 1981 07 17 163.19 19.1 10.7 0 3.7 NA NA 44.2
1981199 1981 07 18 194.44 19.5 9.3 1.5 2.1 NA NA 47.3
1981200 1981 07 19 197.92 21.7 12.3 2 3.5 NA NA 44.9
1981201 1981 07 20 217.59 23.51 12.5 0 2.5 NA NA 37.8
1981202 1981 07 21 50.93 17.9 12.7 20 2.1 NA NA 86.3
1981203 1981 07 22 223.38 20.5 11.6 12.7 2.8 NA NA 45.9
1981204 1981 07 23 113.43 19.8 12.2 1.1 3 NA NA 67.5
1981205 1981 07 24 240.74 22.8 10.7 0 2.9 NA NA 44.2
1981206 1981 07 25 178.24 23.3 12.2 0 2 NA NA 43.9
1981207 1981 07 26 83.33 18.5 13.1 2 2.8 NA NA 83.31
1981208 1981 07 27 43.98 17.5 11.8 0 4.9 NA NA 85.5
1981209 1981 07 28 128.63 16.8 10.3 0 4.7 NA NA 49.8
1981210 1981 07 29 60.19 20.2 11.5 0 4.2 NA NA 62.4
1981211 1981 07 30 140.05 18.5 9.6 0 5 NA NA 43.7
1981212 1981 07 31 217.59 17.7 7.7 0 3.7 NA NA 40.7
1981213 1981 08 01 196.76 18.8 9.3 0 2.7 NA NA 39
1981214 1981 08 02 59.03 17.9 8.3 2 4.5 NA NA 53.5
1981215 1981 08 03 175.1 20.7 12.2 0 5.3 NA NA 41.2
1981216 1981 08 04 134.26 21.3 12.6 1.2 4.2 NA NA 48.4
1981217 1981 08 05 187.5 20 10.9 1.4 4.7 NA NA 41.9
1981218 1981 08 06 138.89 19.3 11.2 0 2.2 NA NA 47.9
1981219 1981 08 07 211.81 19.8 10.3 0 2.2 NA NA 40.9
1981220 1981 08 08 256.94 21.7 8.3 0 2.1 NA NA 34.4
1981221 1981 08 09 26.62 17.1 10.9 10.03 3.5 NA NA 86
1981222 1981 08 10 52.08 18.6 11.4 1.1 4 NA NA 79.5
1981223 1981 08 11 33.56 16.8 11.1 0 4.9 NA NA 79.8
1981224 1981 08 12 181.71 21.6 11.3 1.7 0.8 NA NA 52
1981225 1981 08 13 170.77 23.2 13.1 0 1.9 NA NA 47.1
1981226 1981 08 14 31.25 17.4 12.7 10.59 2 NA NA 87.6
1981227 1981 08 15 144.68 23.6 13.5 0 0.6 NA NA 50.9
1981228 1981 08 16 240.74 26.4 14.2 0 1.1 NA NA 40.8
1981229 1981 08 17 173.61 24.1 13.4 3.7 2.4 NA NA 44.6
1981230 1981 08 18 136.57 18.4 11.2 0 2 NA NA 51.4
1981231 1981 08 19 140.05 18.3 10.2 0 0.9 NA NA 44.23
1981232 1981 08 20 159.72 16.5 9.4 1.9 3 NA NA 51.6
1981233 1981 08 21 64.81 15.6 8.7 2 4.4 NA NA 78.3
1981234 1981 08 22 92.59 17.8 11.4 3.2 4.8 NA NA 54.1
1981235 1981 08 23 25.46 18.8 11.1 12.3 3.4 NA NA 86.6
1981236 1981 08 24 118.06 18.1 9.32 13.2 2.3 NA NA 59.24
1981237 1981 08 25 157.41 18.7 8.6 0 1.5 NA NA 54.24
1981238 1981 08 26 64.81 20.8 13.1 0 4.3 NA NA 71.6
1981239 1981 08 27 141.2 20.6 11.6 0 3.8 NA NA 60.41
1981240 1981 08 28 72.92 19 10.5 0 1.2 NA NA 69
1981241 1981 08 29 174.77 26.9 11.9 0 3.8 NA NA 39.7
1981242 1981 08 30 186.34 18 10.1 1.1 5.1 NA NA 47
1981243 1981 08 31 113.43 19.1 9.9 3.2 5.3 NA NA 45.6
1981244 1981 09 01 103.01 17.5 13.4 0 4.8 NA NA 78.6
1981245 1981 09 02 189.81 19.5 10.2 0 5.7 NA NA 47.08
1981246 1981 09 03 188.66 20.7 9.1 0 4.4 NA NA 40.5
1981247 1981 09 04 194.44 18.82 9.1 0 4.43 NA NA 39.3
1981248 1981 09 05 140.05 19 8.9 0 2.5 NA NA 43.4
1981249 1981 09 06 42.82 16.4 10.1 0 2.8 NA NA 70.6
1981250 1981 09 07 209.49 20.1 8.8 0 1.6 NA NA 39.2
1981251 1981 09 08 77.55 21.3 9.3 4.3 4.6 NA NA 46.3
1981252 1981 09 09 158.56 17.5 8.6 1.4 6.4 NA NA 46.2
1981253 1981 09 10 60.19 14.8 9.9 1.2 5.89 NA NA 79.6
1981254 1981 09 11 118.06 16.5 8.5 1.9 4.5 NA NA 48.4
1981255 1981 09 12 162.04 17.1 8.1 0 4.6 NA NA 43.6
1981256 1981 09 13 138.89 17.7 8.3 0 2.9 NA NA 45.3
1981257 1981 09 14 97.22 17.8 9.8 0 0.5 NA NA 46
1981258 1981 09 15 148.15 20 9.6 1.9 1.6 NA NA 43.5
1981259 1981 09 16 81.02 18.4 10.31 12.5 1.1 NA NA 60.5
1981260 1981 09 17 173.61 15.28 6.5 1.2 4.5 NA NA 47.3
1981261 1981 09 18 70.6 14.2 7.6 0 5.1 NA NA 64.2
1981262 1981 09 19 113.43 14.4 7.1 0 5.6 NA NA 43.7
1981263 1981 09 20 151.62 15.6 5.5 4.72 4 NA NA 42.2
1981264 1981 09 21 43.98 16.3 8.3 2 6.8 NA NA 69.88
1981265 1981 09 22 150.46 14.8 6.8 0 5 NA NA 43.9
1981266 1981 09 23 140.87 16.1 5.4 0 3.9 NA NA 40.39
1981267 1981 09 24 100.69 21.6 9.1 4.6 6.2 NA NA 41.9
1981268 1981 09 25 145.83 17.2 8.1 0 3.9 NA NA 51.6
1981269 1981 09 26 127.31 16.7 7.6 0 2.6 NA NA 45.2
1981270 1981 09 27 86.81 15.8 6.5 2.4 3.2 NA NA 48.78
1981271 1981 09 28 140.05 14.5 5.1 1.5 2.9 NA NA 44.9
1981272 1981 09 29 83.33 16.7 8.9 8.3 2.9 NA NA 59.4
1981273 1981 09 30 100.69 13 6 1.6 3.7 NA NA 59.2
1981274 1981 10 01 16.2 14.1 6.2 14.03 5.4 NA NA 63.8
1981275 1981 10 02 74.07 17.5 7.7 0 3.4 NA NA 50.4
1981276 1981 10 03 112.27 16.1 7.8 0 3.7 NA NA 62.7
1981277 1981 10 04 137.73 14.9 6.2 0 1.9 NA NA 50.2
1981278 1981 10 05 24.31 13.1 7.2 1.2 3.6 NA NA 81.72
1981279 1981 10 06 151.62 15.5 6 0 1 NA NA 45.2
1981280 1981 10 07 40.51 13.9 9.4 1.4 1.1 NA NA 82.9
1981281 1981 10 08 146.99 14.8 7.1 0 2.6 NA NA 49.9
1981282 1981 10 09 64.81 13.2 6.6 0 1.2 NA NA 56.48
1981283 1981 10 10 134.26 18.2 9 0 0.9 NA NA 48.7
1981284 1981 10 11 144.68 18.7 8 0 2.7 NA NA 43.9
1981285 1981 10 12 137.73 18.5 7.2 0 3.9 NA NA 41.1
1981286 1981 10 13 112.27 12.1 5.3 0 3.1 NA NA 49.6
1981287 1981 10 14 45.14 12.2 4.2 0 3.7 NA NA 58.9
1981288 1981 10 15 62.5 15.5 8.8 0 5.1 NA NA 69.2
1981289 1981 10 16 79.86 15.2 8.3 0 4.2 NA NA 74.1
1981290 1981 10 17 119.21 17 7.3 0 3.1 NA NA 46.7
1981291 1981 10 18 107.64 11.9 4 0 2.1 NA NA 43.7
1981292 1981 10 19 133.1 10.3 0.3 0 1.9 NA NA 37.8
1981293 1981 10 20 120.37 11.9 2.7 0 3.2 NA NA 40
1981294 1981 10 21 125 13.5 4.9 0 4.5 NA NA 46.8
1981295 1981 10 22 17.36 12.2 4.2 6.1 4.8 NA NA 67.9
1981296 1981 10 23 91.44 9.6 2.4 0 2.94 NA NA 56.9
1981297 1981 10 24 24.31 13.7 6.6 12.92 5.5 NA NA 83
1981298 1981 10 25 79.86 12.5 4.9 0 2.8 NA NA 61.5
1981299 1981 10 26 104.17 11.5 3.3 0 4 NA NA 52.86
1981300 1981 10 27 38.19 13.21 6.7 0 5 NA NA 72.6
1981301 1981 10 28 19.68 14.2 7 0 6.3 NA NA 78.2
1981302 1981 10 29 72.92 12.1 6.2 0 3.2 NA NA 61.4
1981303 1981 10 30 32.41 10.2 3 9.11 1.6 NA NA 81.8
1981304 1981 10 31 104.17 8.3 1.8 0 1.5 NA NA 53.7
1981305 1981 11 01 70.6 12.3 3 0 3.8 NA NA 50.7
1981306 1981 11 02 91.44 13.3 6.2 0 4.9 NA NA 60.1
1981307 1981 11 03 86.81 16.6 10.2 0 7.2 NA NA 65.2
1981308 1981 11 04 71.76 15.6 10 1.8 5.6 NA NA 82.7
1981309 1981 11 05 21.99 13.9 5.7 18.2 3.3 NA NA 50.2
1981310 1981 11 06 85.65 9.8 3.3 0 1 NA NA 59.2
1981311 1981 11 07 87.96 8.9 2.8 0 0.3 NA NA 45.7
1981312 1981 11 08 60.19 8.7 2.1 2.4 1.6 NA NA 61.9
1981313 1981 11 09 30.09 9.4 3 6.4 3.6 NA NA 85.5
1981314 1981 11 10 82.18 8.5 1.7 0 3 NA NA 56.7
1981315 1981 11 11 21.99 8.8 5.6 4.4 4.8 NA NA 89.3
1981316 1981 11 12 32.41 10.4 4.8 0 1.3 NA NA 65.23
1981317 1981 11 13 76.39 9.3 3.5 0 3.2 NA NA 69.2
1981318 1981 11 14 31.25 10.1 5.8 3.3 4.5 NA NA 84.6
1981319 1981 11 15 26.62 10.58 6.8 0 4.7 NA NA 87.1
1981320 1981 11 16 53.24 11.2 4.4 0 3.8 NA NA 76.4
1981321 1981 11 17 35.88 10.19 6.4 0 5.2 NA NA 86.2
1981322 1981 11 18 24.31 13 6.9 3.2 2.8 NA NA 79.7
1981323 1981 11 19 64.81 10.9 5.3 0 2.9 NA NA 76.8
1981324 1981 11 20 32.11 11.2 5.4 0 2.6 NA NA 82.4
1981325 1981 11 21 56.11 9.5 1.9 0 3.8 NA NA 79.2
1981326 1981 11 22 64.81 6.2 0.3 0 3.8 NA NA 67.8
1981327 1981 11 23 63.66 4.4 -1.2 0 2.6 NA NA 75.9
1981328 1981 11 24 63.66 3.2 -1.7 0 1.9 NA NA 84.91
1981329 1981 11 25 60.19 2.9 -1.9 0 1.6 NA NA 80.6
1981330 1981 11 26 57.87 2.8 -1.7 0 0.7 NA NA 81.7
1981331 1981 11 27 57.87 3.5 -1.5 0 1 NA NA 78.3
1981332 1981 11 28 10.42 7.6 -0.8 9.7 4.7 NA NA 67.88
1981333 1981 11 29 25.46 9.3 4.9 5.6 2.6 NA NA 80.3
1981334 1981 11 30 39.35 13.1 2.9 3.6 6.5 NA NA 43.5
1981335 1981 12 01 21.99 10.4 3 4.3 6.9 NA NA 67.53
1981336 1981 12 02 52.08 10.7 2.8 4.8 5.8 NA NA 60.9
1981337 1981 12 03 26.62 9.6 2.1 6.5 6.1 NA NA 58.8
1981338 1981 12 04 46.3 7.6 1.9 2 7 NA NA 64.2
1981339 1981 12 05 47.45 5.6 1.1 0 2.6 NA NA 82.4
1981340 1981 12 06 43.98 5.4 0.19 0 2.3 NA NA 82.4
1981341 1981 12 07 47.45 3.5 -0.6 0 1.7 NA NA 86.3
1981342 1981 12 08 45.14 2.8 -1.3 0 1.4 NA NA 87.6
1981343 1981 12 09 25.46 6.3 -0.4 0 2.2 NA NA 77.4
1981344 1981 12 10 41.67 9.3 3 0 3.2 NA NA 82
1981345 1981 12 11 19.68 12.1 6.4 0 3.5 NA NA 86.4
1981346 1981 12 12 25.46 12.4 7 0 0.7 NA NA 89.1
1981347 1981 12 13 25.46 9.3 2.8 0 1.4 NA NA 90
1981348 1981 12 14 33.56 5.2 1.7 0 0.6 NA NA 84.6
1981349 1981 12 15 26.62 7.9 2.1 0 0.9 NA NA 68.8
1981350 1981 12 16 37.04 6.7 2 0 2.1 NA NA 81.43
1981351 1981 12 17 39.35 7.6 3.8 0 1.9 NA NA 84.9
1981352 1981 12 18 40.51 7.1 2.9 0 0.7 NA NA 79.4
1981353 1981 12 19 38.19 6.7 1.2 0 3.1 NA NA 83.5
1981354 1981 12 20 37.04 6.2 0.9 0 4.7 NA NA 62.3
1981355 1981 12 21 37.04 7.1 1.5 7.1 2.5 NA NA 82.85
1981356 1981 12 22 41.85 3.9 -0.9 0 0.9 NA NA 80
1981357 1981 12 23 37.04 3.8 -1 0 2.4 NA NA 85.6
1981358 1981 12 24 25.46 8.69 0.5 0 3.4 NA NA 60.1
1981359 1981 12 25 19.68 13 7 0 4.9 NA NA 86.1
1981360 1981 12 26 9.26 11.7 1.6 0 6.1 NA NA 78.2
1981361 1981 12 27 41.67 4.5 -0.5 0 4.1 NA NA 78.6
1981362 1981 12 28 15.05 12.1 3.2 0 7.8 NA NA 62.1
1981363 1981 12 29 15.05 12.2 1 1.6 6.7 NA NA 60.5
1981364 1981 12 30 20.77 5.1 0.6 0 5.8 NA NA 76.3
1981365 1981 12 31 43.98 4.5 -0.3 0 2.8 NA NA 83.5
1982001 1982 01 01 19.68 8.6 1.3 1.9 5 NA NA 79.6
1982002 1982 01 02 40.51 8.6 4.2 1.2 4.2 NA NA 84.6
1982003 1982 01 03 39.35 7.8 3.2 3.6 2.1 NA NA 86.6
1982004 1982 01 04 38.19 6.7 0.2 6 4.8 NA NA 69.19
1982005 1982 01 05 45.14 5.2 0.8 0 6.7 NA NA 60.5
1982006 1982 01 06 47.45 3.4 -1.6 0 4 NA NA 75.5
1982007 1982 01 07 27.78 7.6 -1.6 7.1 5.4 NA NA 56.3
1982008 1982 01 08 21.99 6.3 0.4 0 6.4 NA NA 74.7
1982009 1982 01 09 52.08 3.7 -0.7 0 3 NA NA 82.71
1982010 1982 01 10 40.51 5.7 0.3 3.7 3.1 NA NA 74
1982011 1982 01 11 24.31 7.95 3.9 1.4 3 NA NA 85.5
1982012 1982 01 12 38.19 5.6 -0.34 0 2.2 NA NA 85.7
1982013 1982 01 13 9.26 10.5 -0.5 5.1 4.3 NA NA 51.9
1982014 1982 01 14 32.41 8 2.6 0 3.92 NA NA 82.6
1982015 1982 01 15 19.68 8.6 2.4 6.9 4.4 NA NA 83.6
1982016 1982 01 16 53.24 5.9 0.33 0 2.6 NA NA 81.1
1982017 1982 01 17 26.62 4.1 0.3 0 3.6 NA NA 83.5
1982018 1982 01 18 37.04 4.7 0 0 0.9 NA NA 66.4
1982019 1982 01 19 13.89 9.2 3.5 0 1.8 NA NA 84.7
1982020 1982 01 20 18.52 11 3.9 6.7 4.8 NA NA 76.51
1982021 1982 01 21 38.19 9 0.6 3 5.1 NA NA 60.1
1982022 1982 01 22 30.09 4.5 -2 0 4.3 NA NA 64.2
1982023 1982 01 23 69.44 1.7 -3.23 0 2.7 NA NA 68.37
1982024 1982 01 24 27.78 3.3 -1.6 8.2 4 NA NA 87.9
1982025 1982 01 25 47.45 2.7 -2 0 3.5 NA NA 89
1982026 1982 01 26 45.14 4.05 -1.9 3 2.7 NA NA 78.6
1982027 1982 01 27 55.56 3.2 -1.6 0 0.9 NA NA 84.8
1982028 1982 01 28 81.02 1.8 -2.8 0 1.4 NA NA 73.5
1982029 1982 01 29 59.03 3.9 -2.6 0 2.9 NA NA 67.8
1982030 1982 01 30 79.86 5.1 -0.6 0 3.5 NA NA 77.6
1982031 1982 01 31 25.46 9.5 3.7 0 3 NA NA 79.68
1982032 1982 02 01 28.94 10.3 3.8 0 4.4 NA NA 79.1
1982033 1982 02 02 43.98 11.1 3 0 4.1 NA NA 74.4
1982034 1982 02 03 79.86 6.9 0.4 0 3 NA NA 56
1982035 1982 02 04 87.96 9.7 2.7 0 3.7 NA NA 45.5
1982036 1982 02 05 69.44 10.7 1.2 0 3.9 NA NA 47
1982037 1982 02 06 59.03 6.9 0.6 0 4.3 NA NA 57.73
1982038 1982 02 07 93.75 6.2 -0.5 0 4.5 NA NA 54.8
1982039 1982 02 08 93.75 4.44 -1.3 0 1.9 NA NA 68.3
1982040 1982 02 09 21.99 7 3 9.8 4 NA NA 87
1982041 1982 02 10 77.55 10.3 3.5 0 2.3 NA NA 61.14
1982042 1982 02 11 23.15 12.8 5.8 0 4.2 NA NA 80.3
1982043 1982 02 12 105.32 10.2 3.4 0 2.6 NA NA 63.76
1982044 1982 02 13 31.19 8.5 1.3 0 2.8 NA NA 70.1
1982045 1982 02 14 37.04 9.1 0 0 2.8 NA NA 57.82
1982046 1982 02 15 15.05 12.1 7.4 2.2 7.2 NA NA 82.3
1982047 1982 02 16 97.22 9.2 2 0 7.2 NA NA 49.4
1982048 1982 02 17 107.64 7.7 0.6 0 3.4 NA NA 49.2
1982049 1982 02 18 115.74 8.6 1.4 0 0.5 NA NA 43.8
1982050 1982 02 19 125 8 -0.6 0 2.5 NA NA 44.7
1982051 1982 02 20 127.31 8.4 -0.8 0 3.2 NA NA 42.5
1982052 1982 02 21 70.6 10.3 0.6 0 2.5 NA NA 55.4
1982053 1982 02 22 38.19 11.5 5.2 0 1.8 NA NA 76.3
1982054 1982 02 23 134.26 9.8 1.5 0 1.6 NA NA 43.06
1982055 1982 02 24 137.73 8.98 0.7 0 0.9 NA NA 36.1
1982056 1982 02 25 136.57 7.6 -1.2 0 1.7 NA NA 40.8
1982057 1982 02 26 79.86 3.5 -1.4 0 1.6 NA NA 68
1982058 1982 02 27 79.86 8.4 -0.8 1.9 4.8 NA NA 51.3
1982059 1982 02 28 141.2 8.2 1.6 0 1.7 NA NA 48.7
1982060 1982 03 01 90.28 13.1 6 0 4.3 NA NA 64.8
1982061 1982 03 02 140.05 13.2 4.4 0 2.9 NA NA 52.7
1982062 1982 03 03 39.35 11.7 7.6 1.9 3.9 NA NA 84.8
1982063 1982 03 04 24.31 11.4 7.7 12.97 5.8 NA NA 88.8
1982064 1982 03 05 109.95 11 4.5 2.4 4.9 NA NA 63.7
1982065 1982 03 06 62.5 10.6 3.2 2 3.8 NA NA 56.9
1982066 1982 03 07 148.15 10.6 3 1.5 2.7 NA NA 45.8
1982067 1982 03 08 39.35 9.5 2.6 4 5.3 NA NA 75.5
1982068 1982 03 09 164.35 10.9 1.5 0 2.6 NA NA 39.62
1982069 1982 03 10 32.41 8.2 2 1.7 2.8 NA NA 80
1982070 1982 03 11 87.06 10.1 4.1 0 1.1 NA NA 53.8
1982071 1982 03 12 90.28 10.1 3.7 0 3.6 NA NA 61.4
1982072 1982 03 13 116.9 8 2.2 1.6 4 NA NA 60.2
1982073 1982 03 14 118.06 5.6 0.7 3.4 5.9 NA NA 66.9
1982074 1982 03 15 166.67 8 -0.6 0 4.3 NA NA 41.9
1982075 1982 03 16 178.24 8.3 1.2 0 1.3 NA NA 38.83
1982076 1982 03 17 107.64 8.6 -0.1 0 1.5 NA NA 40.6
1982077 1982 03 18 148.15 6.1 -1.6 0 4.9 NA NA 46.71
1982078 1982 03 19 171.3 8.59 -1.5 1.1 2.6 NA NA 41.48
1982079 1982 03 20 187.5 10.6 -0.1 0 2.4 NA NA 38.5
1982080 1982 03 21 188.66 11.4 0.1 0 2.9 NA NA 37.4
1982081 1982 03 22 130.79 9.3 1.5 2.2 5.7 NA NA 47.7
1982082 1982 03 23 122.69 10.3 0.5 0 3.3 NA NA 48.8
1982083 1982 03 24 79.86 12.73 4.9 3.5 3.7 NA NA 53.4
1982084 1982 03 25 76.39 12.7 6.5 3.7 5.1 NA NA 65.1
1982085 1982 03 26 170.14 12.4 4.1 1.2 2.8 NA NA 47.9
1982086 1982 03 27 134.26 14 5.7 5.5 4.2 NA NA 59.6
1982087 1982 03 28 166.67 13.72 7.4 2 3.7 NA NA 60.9
1982088 1982 03 29 200.23 13.1 5 0 4.4 NA NA 41.8
1982089 1982 03 30 151.62 12.9 4.4 0 4.5 NA NA 47.3
1982090 1982 03 31 116.9 11 4.5 3 4.6 NA NA 56
1982091 1982 04 01 138.89 10.8 2.9 2.8 3.9 NA NA 47.3
1982092 1982 04 02 69.44 11.2 3.6 4.1 4.1 NA NA 66.2
1982093 1982 04 03 170.14 11.5 2.1 2 4.8 NA NA 47.4
1982094 1982 04 04 128.47 14 7.1 0 5.1 NA NA 57.9
1982095 1982 04 05 196.82 13.9 6.3 0 5 NA NA 41.5
1982096 1982 04 06 192.13 16.7 6.4 3.6 3.1 NA NA 43.5
1982097 1982 04 07 82.18 14.9 9.4 6.3 1.5 NA NA 79.66
1982098 1982 04 08 168.12 17.8 9.4 0 2.4 NA NA 50
1982099 1982 04 09 174.77 20 9.8 0 1.8 NA NA 45.8
1982100 1982 04 10 202.55 19.4 8.2 0 2.1 NA NA 41.6
1982101 1982 04 11 81.02 13 7 0 3.8 NA NA 81.3
1982102 1982 04 12 225.69 20.2 7 0 3.9 NA NA 35.4
1982103 1982 04 13 232.64 20.1 6.4 0 3.3 NA NA 28.4
1982104 1982 04 14 232.64 21.6 7.1 0 1.5 NA NA 28.2
1982105 1982 04 15 233.8 23 8 0 1.7 NA NA 23.8
1982106 1982 04 16 178.24 16.9 7.7 0 2.2 NA NA 39.9
1982107 1982 04 17 174.77 13.3 6.3 0 3.9 NA NA 43.9
1982108 1982 04 18 238.43 15.9 4.1 0 3.3 NA NA 33.4
1982109 1982 04 19 241.9 17.9 3.4 0 2.4 NA NA 27.6
1982110 1982 04 20 237.27 20 5.1 0 0.7 NA NA 20.21
1982111 1982 04 21 131.94 16.9 8.1 3.7 2.4 NA NA 43.8
1982112 1982 04 22 234.95 15.1 4.3 0 5 NA NA 34.2
1982113 1982 04 23 246.53 14.3 2 0 4 NA NA 26.84
1982114 1982 04 24 241.9 14.9 3.2 0 3.3 NA NA 26.32
1982115 1982 04 25 182.87 14.7 5.6 0 2.8 NA NA 37.9
1982116 1982 04 26 190.97 15.5 5.4 0 3.1 NA NA 37.2
1982117 1982 04 27 253.51 18 3.9 0 3.4 NA NA 26.3
1982118 1982 04 28 244.21 16.1 3.8 0 2.7 NA NA 29
1982119 1982 04 29 225.69 16.7 4.2 0 2.2 NA NA 29.8
1982120 1982 04 30 217.56 20.1 4.3 0 3.4 NA NA 22.5
1982121 1982 05 01 93.75 14.2 8.3 0 5.5 NA NA 43.5
1982122 1982 05 02 40.51 10.2 4.2 25.12 2.6 NA NA 70.6
1982123 1982 05 03 184.03 11.5 4.2 0 1.8 NA NA 38.8
1982124 1982 05 04 243.06 11.8 2.2 0 3.9 NA NA 37.9
1982125 1982 05 05 267.36 15.6 5.3 0 1.9 NA NA 33.2
1982126 1982 05 06 260.42 14.9 4 0 4.4 NA NA 30.8
1982127 1982 05 07 127.31 15.2 7.4 0 4.2 NA NA 40.9
1982128 1982 05 08 116.9 15.1 9.4 17 1.02 NA NA 68.9
1982129 1982 05 09 237.27 20 9.6 0 1.6 NA NA 43.6
1982130 1982 05 10 177.08 20.8 10.1 1.9 1.8 NA NA 46.2
1982131 1982 05 11 221.06 19.5 8.05 0 2.9 NA NA 38.2
1982132 1982 05 12 194.44 20.1 9.6 0 3.4 NA NA 40.8
1982133 1982 05 13 285.88 19.81 7.1 0 5.3 NA NA 35.8
1982134 1982 05 14 244.21 16.9 6 0 5.8 NA NA 35.8
1982135 1982 05 15 68.29 15.7 8.9 7.44 3.1 NA NA 62.9
1982136 1982 05 16 259.26 21.8 8.5 0 3.6 NA NA 38.6
1982137 1982 05 17 296.92 19.8 7.5 0 6.3 NA NA 32.45
1982138 1982 05 18 287.04 20.4 6.2 0 5 NA NA 30.4
1982139 1982 05 19 221.06 16.3 6.1 2.5 5.5 NA NA 36.77
1982140 1982 05 20 85.16 10.6 6.3 1.2 4.81 NA NA 63.8
1982141 1982 05 21 201.39 15 6.2 0 2.6 NA NA 36.3
1982142 1982 05 22 238.43 18.4 7.2 0 1.7 NA NA 28.9
1982143 1982 05 23 115.74 11.5 6.3 13.33 4.2 NA NA 76.9
1982144 1982 05 24 55.56 11.2 6.1 0 3.4 NA NA 68.2
1982145 1982 05 25 141.2 15.8 7.5 2.7 2.3 NA NA 52.5
1982146 1982 05 26 185.19 20.5 10.5 6 2.8 NA NA 50.1
1982147 1982 05 27 138.89 20.02 12.8 13.95 4.4 NA NA 71.3
1982148 1982 05 28 81.02 18.7 10.7 2 5.8 NA NA 63.5
1982149 1982 05 29 182.87 19.6 10.5 7 2 NA NA 59.4
1982150 1982 05 30 146.99 18.32 9.5 0 2.9 NA NA 58.9
1982151 1982 05 31 216.44 18.4 7.7 3.5 3.1 NA NA 45.97
1982152 1982 06 01 204.27 19.8 8.1 0 0.9 NA NA 40.8
1982153 1982 06 02 218.75 21.8 10.9 0 0.8 NA NA 47.4
1982154 1982 06 03 295.14 23.4 10.3 0 2.2 NA NA 40.6
1982155 1982 06 04 314.81 24.3 8.7 0 2.5 NA NA 33.9
1982156 1982 06 05 310.19 25.7 9.9 0 2.7 NA NA 33.9
1982157 1982 06 06 311.35 25.6 11 0 2.6 NA NA 33.5
1982158 1982 06 07 317.28 26.6 11.2 0 2.1 NA NA 33.7
1982159 1982 06 08 229.17 26.4 14.9 6 0.4 NA NA 40.7
1982160 1982 06 09 235.01 20.5 11.1 0 2.6 NA NA 39.6
1982161 1982 06 10 230.32 19.07 9.9 2.9 1.6 NA NA 38.1
1982162 1982 06 11 219.91 19 10.3 5.3 1.5 NA NA 40.4
1982163 1982 06 12 229.72 19.2 8.7 2.9 1.3 NA NA 41.6
1982164 1982 06 13 217.59 19 9.6 2 1.5 NA NA 45.8
1982165 1982 06 14 210.65 19.9 9 0 2.1 NA NA 41.7
1982166 1982 06 15 167.82 18.3 9.6 1.6 2.9 NA NA 51.7
1982167 1982 06 16 246.53 20.3 7.92 0 2.8 NA NA 35.3
1982168 1982 06 17 204.86 17.26 8.6 0 2.1 NA NA 45.8
1982169 1982 06 18 231.48 18.9 10.2 1.2 3.6 NA NA 43.7
1982170 1982 06 19 284.19 24.1 11.8 0 2.7 NA NA 32.9
1982171 1982 06 20 43.98 19.6 13.4 9.8 3 NA NA 79.8
1982172 1982 06 21 223.38 21.4 10.2 0 3.6 NA NA 40.29
1982173 1982 06 22 162.04 17.8 10 0 3.7 NA NA 49
1982174 1982 06 23 175.37 21.2 9.96 0 2.1 NA NA 41.3
1982175 1982 06 24 322.92 23.9 10.3 0 1.4 NA NA 34.6
1982176 1982 06 25 231.48 22.1 10.6 0 1.9 NA NA 39.42
1982177 1982 06 26 134.26 21.2 12.5 0 0.4 NA NA 44.5
1982178 1982 06 27 274.44 24.3 11.5 0 0.8 NA NA 35.1
1982179 1982 06 28 295.81 27.1 14 0 0.9 NA NA 31
1982180 1982 06 29 69.44 20.5 13.6 2 2 NA NA 60.2
1982181 1982 06 30 178.24 20.4 12.2 0 3 NA NA 41.5
1982182 1982 07 01 174.77 18.01 10.5 2.9 1.4 NA NA 51.7
1982183 1982 07 02 259.26 21.7 9.2 0 2.6 NA NA 36.1
1982184 1982 07 03 115.74 18.3 12 0 3.9 NA NA 53.1
1982185 1982 07 04 125 16.1 10.4 5.8 2.5 NA NA 73.8
1982186 1982 07 05 219.91 21.9 9.9 0 3.4 NA NA 37.4
1982187 1982 07 06 90.28 18.5 9.5 4.1 3.6 NA NA 57.6
1982188 1982 07 07 177.08 18.6 10.1 0 5.6 NA NA 43.09
1982189 1982 07 08 238.43 20.7 9 0 3.8 NA NA 36.8
1982190 1982 07 09 221.06 19.1 10.3 0 4.5 NA NA 38.1
1982191 1982 07 10 269.68 22 8.4 0 1.9 NA NA 28.6
1982192 1982 07 11 35.88 16 11.1 12.25 4.3 NA NA 78.1
1982193 1982 07 12 103.01 17.8 11.8 0 4.8 NA NA 67.31
1982194 1982 07 13 174.77 20.7 12.3 5 2.6 NA NA 54.2
1982195 1982 07 14 100.69 17.7 11.4 4.5 3.7 NA NA 83.14
1982196 1982 07 15 41.67 14.5 10 16.6 3.2 NA NA 87.5
1982197 1982 07 16 258.1 18.84 8.2 0 2.5 NA NA 39.2
1982198 1982 07 17 232.64 21.5 8.9 0 2.4 NA NA 37.6
1982199 1982 07 18 155.09 20 11.4 1.9 3.5 NA NA 54.5
1982200 1982 07 19 184.03 18.2 10.61 5.8 4.3 NA NA 52.1
1982201 1982 07 20 48.61 13.5 9.79 1.4 6.4 NA NA 82.5
1982202 1982 07 21 281.28 20.6 8.1 0 3.4 NA NA 33.8
1982203 1982 07 22 47.45 18.6 9.8 7.9 3.8 NA NA 64
1982204 1982 07 23 86.81 15.72 11.6 0 3.9 NA NA 81.7
1982205 1982 07 24 43.98 18.4 11.7 0 3.2 NA NA 78.9
1982206 1982 07 25 30.09 20.5 12.6 20.35 4 NA NA 83.3
1982207 1982 07 26 145.83 18.5 10.6 0 4 NA NA 63
1982208 1982 07 27 86.81 17.9 10.7 22.2 3.8 NA NA 64.5
1982209 1982 07 28 137.73 17.6 10.8 0 3.8 NA NA 57.86
1982210 1982 07 29 127.31 17.7 10.9 0 2.6 NA NA 61.6
1982211 1982 07 30 82.18 17.53 11.9 4.3 2.8 NA NA 82.7
1982212 1982 07 31 131.94 18.6 9.4 1.7 2.7 NA NA 54.6
1982213 1982 08 01 223.38 20 10.9 2.5 3.4 NA NA 46.4
1982214 1982 08 02 79.86 18.8 10.1 0 4.2 NA NA 72
1982215 1982 08 03 178.24 18.6 9.9 0 1.5 NA NA 44.47
1982216 1982 08 04 164.35 18.5 10.1 0 3.5 NA NA 46.4
1982217 1982 08 05 76.39 16.3 10.4 0 3.8 NA NA 70.4
1982218 1982 08 06 211.81 19.3 9.8 1.9 4.8 NA NA 46.6
1982219 1982 08 07 85.65 19.2 11.8 0 4.3 NA NA 64.3
1982220 1982 08 08 57.87 17.1 11.3 2.3 2.8 NA NA 73.4
1982221 1982 08 09 164.35 18.1 10.8 0 0.8 NA NA 46.6
1982222 1982 08 10 99.54 16.8 9.9 0 3.3 NA NA 56
1982223 1982 08 11 182.87 20.7 8.9 0 2 NA NA 39.4
1982224 1982 08 12 52.08 17.52 12.2 0 0.6 NA NA 83.1
1982225 1982 08 13 150.46 19.2 11.3 2.7 1 NA NA 56.6
1982226 1982 08 14 121.53 19.1 11.3 0 2.95 NA NA 55.14
1982227 1982 08 15 97.22 17 7.7 1.6 4.4 NA NA 54.85
1982228 1982 08 16 135.42 17.8 7.6 0 5.8 NA NA 45.1
1982229 1982 08 17 152.78 18.3 9.6 0 3.2 NA NA 42.2
1982230 1982 08 18 27.78 17.4 9.9 3.6 5.4 NA NA 84.3
1982231 1982 08 19 60.19 19 13.1 0 4.6 NA NA 80.8
1982232 1982 08 20 157.41 20 10.2 2.2 4.8 NA NA 48.5
1982233 1982 08 21 142.36 15.8 8.8 1.8 5.6 NA NA 50.46
1982234 1982 08 22 131.94 16.9 7.8 0 3.9 NA NA 47.36
1982235 1982 08 23 166.67 18.2 9.4 0 2.6 NA NA 43.38
1982236 1982 08 24 35.88 18.5 10.9 0 1.8 NA NA 75.1
1982237 1982 08 25 21.99 16.7 13.4 3.6 3.4 NA NA 91.3
1982238 1982 08 26 45.14 18.6 9.8 1.8 4.6 NA NA 82.7
1982239 1982 08 27 134.26 17.5 8.7 0 3.7 NA NA 45.97
1982240 1982 08 28 225.69 19.5 7.4 0 3.2 NA NA 37.6
1982241 1982 08 29 26.62 17 10.9 10.8 3.3 NA NA 83.2
1982242 1982 08 30 123.84 19.8 10.9 0 3.1 NA NA 60
1982243 1982 08 31 196.76 20.5 9 0 1.2 NA NA 41.8
1982244 1982 09 01 53.19 19 10.2 7 3.9 NA NA 64.9
1982245 1982 09 02 130.79 23.6 15.82 0 4.7 NA NA 77.04
1982246 1982 09 03 15.05 19.5 10.8 0 1.3 NA NA 77.1
1982247 1982 09 04 172.45 18.5 8.6 0 3.5 NA NA 47
1982248 1982 09 05 216.44 18.1 6.47 0 1.6 NA NA 37.8
1982249 1982 09 06 206.02 21.6 9.6 0 2.6 NA NA 38.2
1982250 1982 09 07 174.92 20.3 8 0 3.9 NA NA 37.1
1982251 1982 09 08 104.17 16.7 7.6 0 5.1 NA NA 43.37
1982252 1982 09 09 53.24 17.1 9.2 0 4.9 NA NA 60.7
1982253 1982 09 10 60.19 14.6 9.4 0 5.1 NA NA 68.2
1982254 1982 09 11 168.98 15.5 6.8 0 5.9 NA NA 37.7
1982255 1982 09 12 131.94 13.42 6 0 2.7 NA NA 42.2
1982256 1982 09 13 89.12 15.1 5.9 7.9 4.9 NA NA 43.3
1982257 1982 09 14 70.6 15.4 10.1 5.4 4.6 NA NA 82.3
1982258 1982 09 15 109.95 17.2 9.9 0 3.9 NA NA 50.8
1982259 1982 09 16 69.44 15.5 10.88 2 3.8 NA NA 80.8
1982260 1982 09 17 168.98 21.7 10.9 0 4.7 NA NA 43.9
1982261 1982 09 18 108.8 17.4 9.3 0 3.4 NA NA 52.7
1982262 1982 09 19 179.4 17.2 7.5 0 1.8 NA NA 39.7
1982263 1982 09 20 118.06 17.3 6.3 1.6 3.7 NA NA 41
1982264 1982 09 21 15.05 16.8 12.6 5.8 5 NA NA 89.7
1982265 1982 09 22 181.71 22.1 11.4 0 4.2 NA NA 43.7
1982266 1982 09 23 146.99 17.5 8.9 1.4 2.9 NA NA 52.3
1982267 1982 09 24 181.71 18.2 6.7 0 2.2 NA NA 36.8
1982268 1982 09 25 111.11 19.44 8.1 12.51 3.5 NA NA 43.9
1982269 1982 09 26 93.75 18.3 11.6 4 2.4 NA NA 68.1
1982270 1982 09 27 56.71 18.5 11 8.2 1.6 NA NA 81.9
1982271 1982 09 28 18.52 17 10.7 13.96 1 NA NA 89.5
1982272 1982 09 29 122.69 20 10.2 0 1 NA NA 49
1982273 1982 09 30 145.83 18.9 10.9 0 2.1 NA NA 61.55
1982274 1982 10 01 155.09 15.1 7.1 0 2.6 NA NA 52.2
1982275 1982 10 02 137.73 16.1 5.7 0 2.1 NA NA 42.3
1982276 1982 10 03 49.77 17 8.5 0 2.4 NA NA 56.1
1982277 1982 10 04 163.19 17.1 6 0 1.6 NA NA 38.7
1982278 1982 10 05 153.94 19.9 8.3 0 2.9 NA NA 42.18
1982279 1982 10 06 157.41 16.6 9 0 1.7 NA NA 50.68
1982280 1982 10 07 70.6 14.8 9 0 1.2 NA NA 63.8
1982281 1982 10 08 83.33 17.6 9.8 0 1 NA NA 55.3
1982282 1982 10 09 31.25 17 9.7 4.1 2.1 NA NA 87.5
1982283 1982 10 10 146.99 15 7.1 0 3.2 NA NA 49.83
1982284 1982 10 11 37.04 14.7 6.6 1.7 4.3 NA NA 52.3
1982285 1982 10 12 94.91 14 7.7 0 1.4 NA NA 66.82
1982286 1982 10 13 98.78 14.2 7.3 0 2.4 NA NA 59
1982287 1982 10 14 127.31 13.2 6.9 0 3 NA NA 57.3
1982288 1982 10 15 43.98 15.8 6.9 7.9 2.7 NA NA 63.2
1982289 1982 10 16 134.26 14.1 6.3 0 2.1 NA NA 67.2
1982290 1982 10 17 128.47 14.3 5.2 0 0.6 NA NA 47.2
1982291 1982 10 18 54.4 17.1 8.4 0 3 NA NA 62.5
1982292 1982 10 19 32.41 17.8 7.8 19.2 5.1 NA NA 77.4
1982293 1982 10 20 99.54 12.8 5 2.5 2.3 NA NA 56.9
1982294 1982 10 21 107.64 12.2 3.3 0 3 NA NA 49.8
1982295 1982 10 22 70.6 14 7.8 0 4.2 NA NA 63.39
1982296 1982 10 23 87.96 13.2 7.4 0 3.3 NA NA 63.8
1982297 1982 10 24 74.07 11.7 6.1 0 2.6 NA NA 71
1982298 1982 10 25 83.33 13.9 3.8 9.7 4.1 NA NA 46.4
1982299 1982 10 26 27.78 14.4 5.6 0 5.9 NA NA 68.9
1982300 1982 10 27 56.71 14.8 5.7 10.19 4.9 NA NA 55.9
1982301 1982 10 28 23.15 11.7 6.6 6 2.3 NA NA 82.4
1982302 1982 10 29 39.35 8.6 3.4 1.4 6.3 NA NA 70.2
1982303 1982 10 30 100.69 8.9 3.5 0 2.7 NA NA 63.8
1982304 1982 10 31 25.46 12 6.6 6 3.8 NA NA 85.6
1982305 1982 11 01 11.57 11.4 6.5 3.8 3.8 NA NA 80.8
1982306 1982 11 02 92.59 11.7 5.5 0 1.2 NA NA 67.5
1982307 1982 11 03 90.28 12.1 5.2 0 1.5 NA NA 57.7
1982308 1982 11 04 76.39 13.9 5.4 0 2.6 NA NA 58.5
1982309 1982 11 05 37.04 15.9 8.8 0 2.2 NA NA 76.3
1982310 1982 11 06 50.93 15.4 8.3 0 3 NA NA 76.72
1982311 1982 11 07 52.08 16.4 8.02 0 2.4 NA NA 64.9
1982312 1982 11 08 85.65 9.7 2.9 0 2.5 NA NA 55.8
1982313 1982 11 09 67.13 9 3.7 0 1 NA NA 53.3
1982314 1982 11 10 31.25 10.5 4 0 1.8 NA NA 62.8
1982315 1982 11 11 77.55 8.4 1.7 0 1.3 NA NA 61.9
1982316 1982 11 12 49.74 6.9 1.3 0 2.1 NA NA 63.8
1982317 1982 11 13 47.45 6.4 1.9 0 1.1 NA NA 67.2
1982318 1982 11 14 27.78 9.2 0.6 0 1.4 NA NA 53.4
1982319 1982 11 15 26.62 11.8 7.5 4.1 4 NA NA 89.2
1982320 1982 11 16 10.42 14.9 9.1 4.1 6 NA NA 84.6
1982321 1982 11 17 23.15 14.9 10.3 0 4.7 NA NA 87.2
1982322 1982 11 18 54.4 13 7.6 0 3.4 NA NA 82.4
1982323 1982 11 19 27.78 13.4 7.91 0 4.1 NA NA 84.6
1982324 1982 11 20 28.94 13 7.5 0 4.1 NA NA 87.5
1982325 1982 11 21 33.56 14 9.9 0 4.8 NA NA 86.22
1982326 1982 11 22 30.09 12.8 7.7 0 2.2 NA NA 88.5
1982327 1982 11 23 59.03 13.2 6.3 0 2.9 NA NA 68.9
1982328 1982 11 24 56.71 12.2 7 0 3.1 NA NA 78.44
1982329 1982 11 25 57.87 11.6 6.3 0 0.9 NA NA 77.8
1982330 1982 11 26 56.71 10.9 4.3 0 1.4 NA NA 78.8
1982331 1982 11 27 57.87 8.7 3.2 0 1 NA NA 61.86
1982332 1982 11 28 56.54 6.9 1.8 0 1.4 NA NA 67
1982333 1982 11 29 15.05 10.6 3 11.7 2.6 NA NA 75.7
1982334 1982 11 30 35.88 13.2 2.77 12.96 1.5 NA NA 37.2
1982335 1982 12 01 25.46 14.3 4.5 0 6.7 NA NA 46.8
1982336 1982 12 02 47.45 7.6 2.9 0 3.9 NA NA 73.1
1982337 1982 12 03 18.52 11.4 6.2 4.1 4.9 NA NA 77.8
1982338 1982 12 04 38.19 9.5 2.9 0 6.43 NA NA 49.4
1982339 1982 12 05 27.78 6.1 1.2 0 3 NA NA 76.4
1982340 1982 12 06 48.61 4 -1.6 0 3.6 NA NA 64.9
1982341 1982 12 07 43.98 3.4 -1.6 1.4 2.6 NA NA 83.8
1982342 1982 12 08 15.05 9.3 0.3 7.4 7.2 NA NA 60.22
1982343 1982 12 09 13.89 6.5 2.2 5 6.6 NA NA 81.3
1982344 1982 12 10 48.61 3.9 -2.2 0 4.4 NA NA 58.6
1982345 1982 12 11 39.35 2.8 -3.2 0 2.9 NA NA 66.1
1982346 1982 12 12 40.51 3.4 -0.6 0 3 NA NA 83.1
1982347 1982 12 13 30.09 3.6 -1.5 10.8 3.6 NA NA 83.6
1982348 1982 12 14 15.05 4.8 0 18 0.6 NA NA 87.3
1982349 1982 12 15 15.05 6.4 2.5 3.9 2.8 NA NA 87.6
1982350 1982 12 16 42.82 4 -0.8 0 1.8 NA NA 82.2
1982351 1982 12 17 32.41 5.6 -0.8 0 3.1 NA NA 61
1982352 1982 12 18 19.68 7.4 4.1 2 3.6 NA NA 89.4
1982353 1982 12 19 27.78 7.5 2.8 4.1 5.6 NA NA 81.3
1982354 1982 12 20 20.83 7.6 2.4 0 6.4 NA NA 74.5
1982355 1982 12 21 18.52 7.3 3.5 1.9 5.9 NA NA 79.5
1982356 1982 12 22 15.05 5.6 1.9 1.4 3.1 NA NA 87.9
1982357 1982 12 23 21.99 4.5 1.5 1.9 3.6 NA NA 89.2
1982358 1982 12 24 26.62 6.3 2.8 0 2.9 NA NA 88.1
1982359 1982 12 25 27.78 6.1 1.7 0 0.8 NA NA 72.51
1982360 1982 12 26 32.41 5 1 0 1.5 NA NA 64.5
1982361 1982 12 27 17.88 5.2 -0.21 0 2 NA NA 80.9
1982362 1982 12 28 38.19 5 -0.3 0 2.8 NA NA 83.5
1982363 1982 12 29 32.41 5.2 -0.4 0 2.4 NA NA 82.7
1982364 1982 12 30 32.41 5.1 -0.5 0 2.6 NA NA 75.2
1982365 1982 12 31 26.62 4.48 -0.1 0 3.2 NA NA 85.6
1983001 1983 01 01 10.42 8 2.9 4.6 3.3 NA NA 84.3
1983002 1983 01 02 21.99 5.7 0.8 0 2.2 NA NA 86.6
1983003 1983 01 03 45.14 6 1.3 0 1.7 NA NA 85.8
1983004 1983 01 04 41.67 5.3 0.5 0 1.9 NA NA 77.3
1983005 1983 01 05 17.36 5.8 1.1 4.6 3.1 NA NA 88.6
1983006 1983 01 06 28.94 5.8 0.6 0 3.8 NA NA 72.12
1983007 1983 01 07 25.46 2.8 -1.3 0 2.3 NA NA 87.7
1983008 1983 01 08 9.26 6.1 0.4 7.4 2.7 NA NA 87.5
1983009 1983 01 09 18.52 6.5 2.1 0 0.6 NA NA 84.1
1983010 1983 01 10 12.73 13.5 5.3 0 3.5 NA NA 86.6
1983011 1983 01 11 25.46 13 8 0 4.9 NA NA 87.54
1983012 1983 01 12 24.31 12.2 4.8 1.1 6.2 NA NA 60.4
1983013 1983 01 13 33.56 9.6 3.8 0 5.5 NA NA 66
1983014 1983 01 14 13.89 11.4 6.8 0 6.4 NA NA 74.9
1983015 1983 01 15 48.61 9.1 0.2 5.4 4.6 NA NA 52.3
1983016 1983 01 16 47.45 5.6 -0.09 0 4.6 NA NA 63.6
1983017 1983 01 17 26.62 5.6 -0.5 4.9 3.4 NA NA 75.7
1983018 1983 01 18 25.46 8.9 1.1 5.1 7.8 NA NA 48.4
1983019 1983 01 19 18.52 7.4 -0.9 1.1 3.5 NA NA 52.8
1983020 1983 01 20 54.4 5.5 0.2 0 4.71 NA NA 65.26
1983021 1983 01 21 47.45 5.1 -0.9 0 5.5 NA NA 65.8
1983022 1983 01 22 30.09 5.1 -0.4 0 3.4 NA NA 72
1983023 1983 01 23 56.71 4 -0.7 0 0.8 NA NA 76.71
1983024 1983 01 24 69.44 3.7 -1.5 0 1.6 NA NA 76.4
1983025 1983 01 25 52.08 5.1 -0.8 4.6 2.8 NA NA 74.1
1983026 1983 01 26 32.41 2.7 -1.8 3 1.8 NA NA 84.8
1983027 1983 01 27 57.87 8 -2.1 9.6 4 NA NA 41.6
1983028 1983 01 28 54.4 6.6 2.2 2.2 7.8 NA NA 65.5
1983029 1983 01 29 60.19 8.7 5 2 7.8 NA NA 72.3
1983030 1983 01 30 79.86 6.5 0.5 0 4.3 NA NA 67.8
1983031 1983 01 31 74.07 6.3 0.3 0 2.8 NA NA 61.6
1983032 1983 02 01 56.71 8 0.54 2 3 NA NA 67.4
1983033 1983 02 02 54.4 9.4 3 0 3.1 NA NA 59.2
1983034 1983 02 03 54.4 10.3 3.2 0 2.1 NA NA 66.7
1983035 1983 02 04 30.09 9.1 3 1.9 5.3 NA NA 76.3
1983036 1983 02 05 72.92 7.5 0.7 0 4.1 NA NA 57.1
1983037 1983 02 06 90.28 5.5 -1 0 2.6 NA NA 65.7
1983038 1983 02 07 28.94 6.9 0 3.9 3.2 NA NA 60.65
1983039 1983 02 08 83.33 6.3 0.6 0 4.3 NA NA 59.3
1983040 1983 02 09 39.35 9.8 0 7.3 4.6 NA NA 45.3
1983041 1983 02 10 26.62 7 2.6 2 6.9 NA NA 71.1
1983042 1983 02 11 67.13 6.1 0.4 2 4.3 NA NA 68.14
1983043 1983 02 12 81.02 5.3 -0.23 5.6 2.6 NA NA 68.41
1983044 1983 02 13 86.12 4.4 -1.4 0 5.1 NA NA 63.26
1983045 1983 02 14 103.01 4.2 -2.1 3.2 2.7 NA NA 49.8
1983046 1983 02 15 63.66 7.1 0.4 8.2 3.4 NA NA 71
1983047 1983 02 16 37.04 6.5 0.4 6 3.4 NA NA 68.2
1983048 1983 02 17 28.94 5.6 1.7 1.5 5 NA NA 84.7
1983049 1983 02 18 76.39 4.6 -1.8 6.1 4.4 NA NA 64.7
1983050 1983 02 19 32.41 6.2 2.5 1.2 4 NA NA 84.6
1983051 1983 02 20 72.92 6.1 0.2 0 3.9 NA NA 65
1983052 1983 02 21 82.18 7.8 -0.7 0 3.6 NA NA 54.1
1983053 1983 02 22 26.62 8.9 2.4 4.3 6.9 NA NA 59.1
1983054 1983 02 23 87.96 8.2 1.6 0 5.5 NA NA 53.8
1983055 1983 02 24 65.97 11.9 4.8 3 4.1 NA NA 58.8
1983056 1983 02 25 86.81 11.9 7 0 5.8 NA NA 72.9
1983057 1983 02 26 25.46 12.3 2.6 3.6 6.3 NA NA 69.5
1983058 1983 02 27 86.81 8 1.9 0 3.7 NA NA 57.9
1983059 1983 02 28 24.31 11.6 3.2 0 5.4 NA NA 76.51
1983060 1983 03 01 121.53 8.9 1.8 0 5.7 NA NA 45.5
1983061 1983 03 02 148.15 6.3 -0.48 0 3.9 NA NA 50.1
1983062 1983 03 03 60.19 10.1 -0.4 1.4 4.3 NA NA 54.1
1983063 1983 03 04 33.56 10.6 7.1 0 4.9 NA NA 84.6
1983064 1983 03 05 111.11 11.2 6.2 0 4.6 NA NA 68.2
1983065 1983 03 06 61.34 11.9 6.6 1.1 2.1 NA NA 64.9
1983066 1983 03 07 53.24 8.4 -0.4 3.3 2.4 NA NA 71.3
1983067 1983 03 08 84.53 2.5 -0.7 26.79 6.28 NA NA 92.05
1983068 1983 03 09 98.38 3.3 -0.3 4.3 3.4 NA NA 89.8
1983069 1983 03 10 105.32 7 -0.2 3.7 5.21 NA NA 58
1983070 1983 03 11 128.47 9.4 1.6 0 5.3 NA NA 48
1983071 1983 03 12 85.65 10.9 4.6 9.1 6 NA NA 66.72
1983072 1983 03 13 138.89 11.4 4.3 0 4.8 NA NA 48.9
1983073 1983 03 14 122.69 10.7 4.2 0 1.6 NA NA 54.4
1983074 1983 03 15 170.14 10.4 2.4 0 2.2 NA NA 44.6
1983075 1983 03 16 116.9 10.8 2.5 0 1.7 NA NA 41.5
1983076 1983 03 17 93.75 10.6 1.7 12.8 4.4 NA NA 49.2
1983077 1983 03 18 178.24 11.5 3.3 0 3.4 NA NA 49.9
1983078 1983 03 19 90.28 9.6 1.8 8.8 3 NA NA 51.5
1983079 1983 03 20 101.85 10.3 5 0 2.1 NA NA 56.9
1983080 1983 03 21 138.89 9.9 2.6 0 2.8 NA NA 49.5
1983081 1983 03 22 119.21 10.4 1.4 0 1.1 NA NA 38.6
1983082 1983 03 23 134.26 11.2 3.8 0 0.7 NA NA 44.9
1983083 1983 03 24 33.56 10.8 2.6 16.03 3.4 NA NA 75.9
1983084 1983 03 25 196.9 9.4 0.3 0 3.4 NA NA 40.5
1983085 1983 03 26 25.46 11.7 2.7 17.6 4.3 NA NA 46.8
1983086 1983 03 27 150.46 10.3 3.8 5.4 6 NA NA 52.76
1983087 1983 03 28 69.44 11.1 5.2 20.37 1.5 NA NA 80.3
1983088 1983 03 29 57.87 10.7 5.5 6.9 3.3 NA NA 74.4
1983089 1983 03 30 91.44 11.4 4.8 4.1 4.6 NA NA 59.5
1983090 1983 03 31 172.45 12.2 4 0 3.1 NA NA 46.4
1983091 1983 04 01 173.61 11.8 2.4 0 1.6 NA NA 43.4
1983092 1983 04 02 54.4 8.4 4 7.5 4.9 NA NA 86.4
1983093 1983 04 03 90.28 6.2 3.08 0 5.9 NA NA 76.7
1983094 1983 04 04 108.8 6 2 0 5.9 NA NA 75.7
1983095 1983 04 05 101.85 5.9 1.4 2.3 6 NA NA 70.94
1983096 1983 04 06 188.66 7.7 -0.4 0 5.1 NA NA 44.7
1983097 1983 04 07 140.05 8.1 0.4 2.4 5.1 NA NA 49.8
1983098 1983 04 08 170.14 10.19 0.6 0 2 NA NA 44.21
1983099 1983 04 09 57.87 9 4.8 13.6 3.8 NA NA 83.55
1983100 1983 04 10 60.19 13.8 7.4 10.5 3.7 NA NA 82.5
1983101 1983 04 11 202.55 14.1 6 0 2.9 NA NA 50.8
1983102 1983 04 12 118.96 14.2 5.4 5.4 2.7 NA NA 50.9
1983103 1983 04 13 216.44 10.9 2.4 1.7 4.1 NA NA 41.88
1983104 1983 04 14 37.04 10.1 4.8 1.8 3.2 NA NA 83.5
1983105 1983 04 15 146.01 11.3 3.9 0 0.9 NA NA 45.7
1983106 1983 04 16 93.75 12.6 4.6 0 2.9 NA NA 55.9
1983107 1983 04 17 148.15 12 3.6 0 3.8 NA NA 47.7
1983108 1983 04 18 129.63 12.2 5.1 0 4.81 NA NA 48.3
1983109 1983 04 19 218.75 18 4.2 0 2 NA NA 32.5
1983110 1983 04 20 225.69 20.2 8.2 0 2.5 NA NA 34.9
1983111 1983 04 21 143.52 18.9 8 0 2.5 NA NA 42
1983112 1983 04 22 92.59 15.6 8.7 0 3.9 NA NA 67.4
1983113 1983 04 23 111.11 12.3 6.1 2 1.5 NA NA 60.5
1983114 1983 04 24 237.27 14.2 3.8 0 3.2 NA NA 32.8
1983115 1983 04 25 241.9 15.5 3.4 0 2.6 NA NA 29.54
1983116 1983 04 26 214.12 16.6 6 4.1 1.5 NA NA 32.9
1983117 1983 04 27 27.78 9.2 6.6 8.1 4.4 NA NA 88.6
1983118 1983 04 28 18.52 9 6.8 12.92 6.1 NA NA 91.3
1983119 1983 04 29 65.97 10.4 7 0 5.5 NA NA 86.8
1983120 1983 04 30 93.75 14.8 7.2 0 4.5 NA NA 69.2
1983121 1983 05 01 82.18 16.3 8.6 0 3.4 NA NA 71.1
1983122 1983 05 02 103.01 18.2 10.9 0 1.7 NA NA 73.92
1983123 1983 05 03 186.34 15.1 5 0 4.1 NA NA 59.4
1983124 1983 05 04 252.31 16.4 4.3 0 4.5 NA NA 32.5
1983125 1983 05 05 108.8 12.8 6 0 4 NA NA 56.9
1983126 1983 05 06 260.42 19 4.7 0 2.2 NA NA 31.9
1983127 1983 05 07 276.62 18.1 4.6 0 1.5 NA NA 31.3
1983128 1983 05 08 273.15 21.7 5.8 0 1.2 NA NA 21.33
1983129 1983 05 09 278.94 22.95 6.8 0 2.8 NA NA 19.92
1983130 1983 05 10 267.36 26.6 9.2 0 2 NA NA 28.2
1983131 1983 05 11 246.53 26.3 11 0 1 NA NA 32.2
1983132 1983 05 12 225.69 26.2 10.4 0 1.7 NA NA 28.92
1983133 1983 05 13 248.91 26.36 9.5 0 1.4 NA NA 27.6
1983134 1983 05 14 267.36 24.6 9.6 0 3.1 NA NA 30.7
1983135 1983 05 15 284.75 20.8 8.5 0 5.5 NA NA 23
1983136 1983 05 16 223.38 18.3 9.2 0 4.6 NA NA 32.2
1983137 1983 05 17 255.79 21.8 8.4 0 1.8 NA NA 30.9
1983138 1983 05 18 299.77 23.9 8 0 2.4 NA NA 16.63
1983139 1983 05 19 270.83 25.2 9.7 0 3 NA NA 20.97
1983140 1983 05 20 164.35 22.2 10.4 19.08 3.22 NA NA 39.2
1983141 1983 05 21 101.85 15.3 8.6 2 3.6 NA NA 59.5
1983142 1983 05 22 206.02 19 9.2 1.6 2.7 NA NA 44.55
1983143 1983 05 23 177.08 19.3 9.5 1.2 1.5 NA NA 43.9
1983144 1983 05 24 166.67 18.6 9.4 2.3 2.4 NA NA 49.5
1983145 1983 05 25 115.74 14 8.4 0 2.2 NA NA 74.9
1983146 1983 05 26 250 18.4 7.8 0 3.1 NA NA 30.8
1983147 1983 05 27 297.55 20.5 6.8 0 3 NA NA 26.4
1983148 1983 05 28 89.12 16.9 9.4 0 2.8 NA NA 52
1983149 1983 05 29 254.65 22.3 11.3 0 2.4 NA NA 33.39
1983150 1983 05 30 172.45 17.1 6.6 0 2.8 NA NA 46.8
1983151 1983 05 31 329.24 16.3 4.6 0 3.9 NA NA 26.99
1983152 1983 06 01 343.58 17.1 4.4 0 5 NA NA 30.1
1983153 1983 06 02 326.39 18.7 5.6 0 3.7 NA NA 26.37
1983154 1983 06 03 253.25 18.4 5.6 0 3.1 NA NA 30.5
1983155 1983 06 04 259.26 19.6 6.1 0 2.6 NA NA 31.3
1983156 1983 06 05 336.28 23.9 8.2 0 2.8 NA NA 26.7
1983157 1983 06 06 347.11 24.1 8 0 2.8 NA NA 26.18
1983158 1983 06 07 288.19 24.8 9.5 0 0.6 NA NA 20.78
1983159 1983 06 08 346.57 26.3 10.7 0 0.9 NA NA 21.06
1983160 1983 06 09 250.37 22.4 11.9 1.1 2.1 NA NA 36.8
1983161 1983 06 10 214.12 16.5 7.2 1.5 4.5 NA NA 33.8
1983162 1983 06 11 222.22 16.9 6 0 2.4 NA NA 26.82
1983163 1983 06 12 97.22 14 7.1 7.6 3.6 NA NA 51.6
1983164 1983 06 13 204.86 14.5 5.7 0 3 NA NA 37.34
1983165 1983 06 14 221.56 15.9 8 0 3.3 NA NA 37
1983166 1983 06 15 155.09 20.1 8.5 0 2.4 NA NA 30.1
1983167 1983 06 16 246.53 22.7 9.4 0 3.31 NA NA 33.92
1983168 1983 06 17 30.09 16.4 12.4 4.5 3.8 NA NA 88.2
1983169 1983 06 18 112.76 17.4 9.8 0 3.5 NA NA 60.9
1983170 1983 06 19 232.64 23.2 8.6 0 3.2 NA NA 37.9
1983171 1983 06 20 297.46 26.96 11.4 0 1.8 NA NA 29.4
1983172 1983 06 21 337.72 22.8 11.2 0 3.2 NA NA 24.9
1983173 1983 06 22 347.22 22.5 8.9 0 2 NA NA 27.8
1983174 1983 06 23 223.38 21.2 9.8 0 1.4 NA NA 32.2
1983175 1983 06 24 267.36 22.24 9.5 0 2 NA NA 29.6
1983176 1983 06 25 149.31 18.8 11.5 0 2.9 NA NA 44.11
1983177 1983 06 26 214.12 23.4 12 0 1.8 NA NA 28.4
1983178 1983 06 27 195.6 22.7 12.9 3.2 2.7 NA NA 37.3
1983179 1983 06 28 122.69 21.5 12.8 1.1 3.7 NA NA 40.5
1983180 1983 06 29 104.17 22.1 12.5 0 3.8 NA NA 49
1983181 1983 06 30 129.63 21.1 14.2 0 1.6 NA NA 53.5
1983182 1983 07 01 86.81 20.2 11.1 0 3.7 NA NA 58.2
1983183 1983 07 02 109.95 22 9.2 1.5 3.2 NA NA 43.6
1983184 1983 07 03 143.52 21.9 13.7 1.1 4.3 NA NA 51
1983185 1983 07 04 131.94 19.1 12.6 5.9 3.1 NA NA 62.8
1983186 1983 07 05 185.19 19.3 11.5 2 4.8 NA NA 42
1983187 1983 07 06 64.81 16.7 11.9 0 6 NA NA 63.2
1983188 1983 07 07 100.69 16.8 9.5 1.1 3 NA NA 66.4
1983189 1983 07 08 162.04 17.8 11.5 2.3 4.2 NA NA 54.1
1983190 1983 07 09 149.43 17.6 11.7 0 5.8 NA NA 52.2
1983191 1983 07 10 168.98 20.1 12.1 4.3 4.2 NA NA 44.6
1983192 1983 07 11 125 20.2 12.2 3.3 3.3 NA NA 50
1983193 1983 07 12 94.91 19.2 12.3 4.1 1.2 NA NA 64.2
1983194 1983 07 13 187.5 20.8 12.1 0 2.6 NA NA 44.8
1983195 1983 07 14 107.64 19.9 11.8 2.2 0.5 NA NA 51
1983196 1983 07 15 208.33 21.3 11.9 0 0.6 NA NA 43.9
1983197 1983 07 16 157.41 22.3 12.6 1.9 0.6 NA NA 42.9
1983198 1983 07 17 260.42 23 11 0 2.1 NA NA 36.1
1983199 1983 07 18 170.14 21.89 12.2 3.8 3.6 NA NA 44
1983200 1983 07 19 151.62 21 12.9 1.5 5.1 NA NA 49.4
1983201 1983 07 20 134.26 20.2 12.2 2 3.1 NA NA 56.9
1983202 1983 07 21 89.12 18 10.2 0 3.6 NA NA 69.7
1983203 1983 07 22 148.15 18.7 9.9 0 4.7 NA NA 45.6
1983204 1983 07 23 103.01 17.8 12.3 3.6 6 NA NA 62.8
1983205 1983 07 24 181.71 20 10.9 0 5.5 NA NA 49
1983206 1983 07 25 233.8 21.5 9.8 0 3.9 NA NA 34.9
1983207 1983 07 26 261.57 23.2 9.2 0 1 NA NA 33.01
1983208 1983 07 27 140.05 19 12.7 0 2.1 NA NA 58.3
1983209 1983 07 28 116.9 21.4 13.37 3.5 2.8 NA NA 59.2
1983210 1983 07 29 134.26 20 12.1 0 4.1 NA NA 47.7
1983211 1983 07 30 179.81 21.83 12 0 3 NA NA 36.3
1983212 1983 07 31 27.78 19 13.2 14.62 4.6 NA NA 87.4
1983213 1983 08 01 182.87 21.2 12.5 0 5.4 NA NA 50.3
1983214 1983 08 02 177.08 18.6 9.9 0 4.6 NA NA 45.4
1983215 1983 08 03 192.13 20.2 10.2 0 4.2 NA NA 40.7
1983216 1983 08 04 225.69 22.6 9.3 0 2 NA NA 37.8
1983217 1983 08 05 152.78 20 9.8 0 3.1 NA NA 43.01
1983218 1983 08 06 138.89 20.4 12 4 3 NA NA 49.8
1983219 1983 08 07 190.97 19.9 10.6 4.4 2 NA NA 46.6
1983220 1983 08 08 107.64 17 10.4 0 1.5 NA NA 59.2
1983221 1983 08 09 30.09 18.3 10.9 1.7 3.1 NA NA 83.68
1983222 1983 08 10 77.55 18.7 10.1 0 4.2 NA NA 65.1
1983223 1983 08 11 79.86 18 9.2 1.6 3.8 NA NA 54
1983224 1983 08 12 105.32 17.8 9.1 0 1.8 NA NA 48.4
1983225 1983 08 13 221.12 18.3 6.8 0 2.5 NA NA 35
1983226 1983 08 14 254.63 21.6 8.2 0 1.4 NA NA 32.8
1983227 1983 08 15 248.84 24 9.6 0 1.3 NA NA 32.1
1983228 1983 08 16 162.04 22.2 11.3 1.7 1.6 NA NA 39.4
1983229 1983 08 17 192.13 20.1 10.7 0 5.1 NA NA 44.6
1983230 1983 08 18 184.03 18.7 9.9 0 4.9 NA NA 41.9
1983231 1983 08 19 206.02 21.1 9.8 0 3.9 NA NA 39
1983232 1983 08 20 241.9 23.7 8.6 0 1.2 NA NA 33.9
1983233 1983 08 21 108.8 22.5 13.1 0 2.6 NA NA 53.8
1983234 1983 08 22 97.22 23.1 15.79 1.7 3.6 NA NA 72.58
1983235 1983 08 23 229.17 27.9 13.7 0 3.4 NA NA 38.7
1983236 1983 08 24 216.44 25.2 13.1 0 2.6 NA NA 43.5
1983237 1983 08 25 222.22 21.8 9.8 0 1.6 NA NA 33.9
1983238 1983 08 26 215.36 19.8 8.8 0 1.4 NA NA 34.5
1983239 1983 08 27 76.39 14.7 9.7 9.2 0.8 NA NA 70.4
1983240 1983 08 28 93.75 16 9.4 0 3.3 NA NA 46
1983241 1983 08 29 113.43 14.6 8.6 3 2.5 NA NA 58.8
1983242 1983 08 30 211.81 18.1 7.8 0 2 NA NA 35.6
1983243 1983 08 31 200.23 18.5 7.2 0 2.1 NA NA 31.7
1983244 1983 09 01 221.13 17.4 8.9 0 3.6 NA NA 30.9
1983245 1983 09 02 209.49 18.1 8.8 3.8 2.3 NA NA 29.8
1983246 1983 09 03 90.28 13.3 6.4 14 5.1 NA NA 62.9
1983247 1983 09 04 133.1 15.9 5 0 3.7 NA NA 42.5
1983248 1983 09 05 140.05 17.6 9 0 3.4 NA NA 44.3
1983249 1983 09 06 57.87 15.5 9.8 7.2 3.4 NA NA 83.62
1983250 1983 09 07 56.71 19.1 12.1 0 5.4 NA NA 66.9
1983251 1983 09 08 97.22 21 11.5 0 3.7 NA NA 54.8
1983252 1983 09 09 182.87 23 11.4 0 3.5 NA NA 44.4
1983253 1983 09 10 126.16 22.8 12.8 0 2.5 NA NA 50.6
1983254 1983 09 11 194.64 21.6 9.7 0 3.7 NA NA 39.68
1983255 1983 09 12 199.07 21 9.2 0 1.6 NA NA 41
1983256 1983 09 13 112.27 18.3 10.2 0 4.8 NA NA 53.7
1983257 1983 09 14 57.87 18.2 12.4 5.6 4.2 NA NA 78.41
1983258 1983 09 15 81.02 19.4 12.5 0 2.9 NA NA 57.4
1983259 1983 09 16 40.51 16.7 9.8 0 3.4 NA NA 74.4
1983260 1983 09 17 181.71 19 7.6 0 1.9 NA NA 38.4
1983261 1983 09 18 192.13 20.2 7.9 0 2.2 NA NA 36.7
1983262 1983 09 19 192.19 20.5 7.7 0 2.9 NA NA 35.4
1983263 1983 09 20 69.44 18.4 9.2 0 3.4 NA NA 52.1
1983264 1983 09 21 104.17 18.5 9.8 0 5.4 NA NA 52.8
1983265 1983 09 22 112.27 17.7 10.1 0 2.8 NA NA 46.3
1983266 1983 09 23 166.67 22.51 9.2 0 1.6 NA NA 36.6
1983267 1983 09 24 165.51 20.9 9.5 0 1.9 NA NA 41.1
1983268 1983 09 25 65.97 17.8 9.6 0 3.1 NA NA 49.13
1983269 1983 09 26 112.27 14.9 6.7 0 2.7 NA NA 39.2
1983270 1983 09 27 113.43 14.22 6.4 1.1 3 NA NA 41.4
1983271 1983 09 28 170.14 14.6 4.9 0 2.1 NA NA 37.4
1983272 1983 09 29 173.61 16.1 5.4 0 0.9 NA NA 34.9
1983273 1983 09 30 28.94 12.5 8.2 15.6 2.6 NA NA 84.7
1983274 1983 10 01 71.76 13.4 8.6 3.6 2.4 NA NA 87.14
1983275 1983 10 02 149.31 14.7 6.9 0 2.9 NA NA 46.28
1983276 1983 10 03 111.11 12.5 5.3 1.5 3.1 NA NA 59.3
1983277 1983 10 04 60.19 11.2 7.7 0 2.2 NA NA 83.3
1983278 1983 10 05 112.27 12.4 5.4 0 2 NA NA 62.79
1983279 1983 10 06 108.8 12.2 4 0 3 NA NA 46.3
1983280 1983 10 07 118.06 14.7 5.6 0 3.7 NA NA 40.4
1983281 1983 10 08 31.25 14.1 7.8 3.2 4.9 NA NA 79.3
1983282 1983 10 09 35.88 16.9 9.1 2.4 6.7 NA NA 61.9
1983283 1983 10 10 41.67 11.3 5.5 0 9.66 NA NA 53.1
1983284 1983 10 11 141.2 10.3 3.3 0 2.5 NA NA 41.9
1983285 1983 10 12 113.43 11.2 3.4 0 3.4 NA NA 41.4
1983286 1983 10 13 63.66 12.2 5.5 6.3 3.5 NA NA 69.5
1983287 1983 10 14 24.31 12.1 8.4 14.66 0.9 NA NA 87.9
1983288 1983 10 15 135.42 13.6 6.3 0 1.9 NA NA 54.3
1983289 1983 10 16 38.19 13.1 7 0 1.4 NA NA 68.41
1983290 1983 10 17 67.13 15.1 6 7.6 4.2 NA NA 54.8
1983291 1983 10 18 121.53 12.3 4.37 0 2.1 NA NA 52
1983292 1983 10 19 112.27 14.9 4.6 10.53 4 NA NA 48.4
1983293 1983 10 20 19.68 14.2 5.3 4.4 4.2 NA NA 78.6
1983294 1983 10 21 94.91 12.7 4.3 0 2.9 NA NA 54.4
1983295 1983 10 22 41.67 13 8 4.9 1.3 NA NA 79.01
1983296 1983 10 23 61.34 10.7 4.2 5.8 3.2 NA NA 84.1
1983297 1983 10 24 111.11 10.7 2.7 3 1.6 NA NA 51.2
1983298 1983 10 25 46.3 11.3 6.8 1.9 1.9 NA NA 79.5
1983299 1983 10 26 103.01 11.2 6.41 1.2 3.6 NA NA 75.2
1983300 1983 10 27 76.39 14 5.1 2.9 5 NA NA 54.1
1983301 1983 10 28 85.65 11 4.2 0 4.8 NA NA 54.4
1983302 1983 10 29 93.75 11 5.3 0 3.4 NA NA 66.46
1983303 1983 10 30 90.28 11.3 4.1 0 1.5 NA NA 52.9
1983304 1983 10 31 103.01 10.48 3 0 2.9 NA NA 53.8
1983305 1983 11 01 100.69 10 2.1 0 1.9 NA NA 48.1
1983306 1983 11 02 95.82 9.85 2.3 0 0.5 NA NA 53.6
1983307 1983 11 03 94.91 8.8 3.3 0 0.3 NA NA 67.6
1983308 1983 11 04 86.81 9.7 3.3 0 0.5 NA NA 48.4
1983309 1983 11 05 48.61 9.4 4.7 0 0.7 NA NA 54.1
1983310 1983 11 06 79.86 9.8 2.7 0 1.6 NA NA 65.74
1983311 1983 11 07 50.93 8.3 1.7 0 0.9 NA NA 63.2
1983312 1983 11 08 37.04 8.4 3.9 20 3.1 NA NA 77.4
1983313 1983 11 09 35.88 7.7 1.3 2 3.4 NA NA 67.1
1983314 1983 11 10 63.66 5.3 -0.4 0 2.2 NA NA 57.6
1983315 1983 11 11 16.2 8.7 2.5 8.23 5 NA NA 69.7
1983316 1983 11 12 45.09 8.23 2.2 0 1.5 NA NA 72.03
1983317 1983 11 13 70.6 8.4 2.1 0 4.9 NA NA 64.7
1983318 1983 11 14 72.92 8.4 2.3 0 3 NA NA 64.9
1983319 1983 11 15 15.05 12.3 4.7 4.3 5.6 NA NA 72.9
1983320 1983 11 16 59.03 12.6 1.9 4.4 4.1 NA NA 45.7
1983321 1983 11 17 28.94 8.3 1.7 0 2.6 NA NA 71.2
1983322 1983 11 18 27.78 11.6 2.8 3.5 5.8 NA NA 56.43
1983323 1983 11 19 63.66 11.4 2.2 0 5.5 NA NA 41.5
1983324 1983 11 20 62.5 6.7 1.8 0 3.8 NA NA 77.6
1983325 1983 11 21 32.41 6.49 1.8 0 2.2 NA NA 86.3
1983326 1983 11 22 23.15 7.4 4 0 2.1 NA NA 84
1983327 1983 11 23 61.34 6.19 1.78 0 2.5 NA NA 76.9
1983328 1983 11 24 18.5 6.5 0.4 7.2 2.6 NA NA 82.2
1983329 1983 11 25 59.03 3.4 -1.2 0 3.6 NA NA 85.8
1983330 1983 11 26 55.56 3.7 -1.6 0 1.4 NA NA 79.2
1983331 1983 11 27 45.14 4.1 0.1 0 1.3 NA NA 72.1
1983332 1983 11 28 23.15 11.4 2.5 4.5 4.1 NA NA 68.6
1983333 1983 11 29 30.09 11.3 7.3 0 4.3 NA NA 85
1983334 1983 11 30 30.09 12.1 6.74 4.6 3.9 NA NA 71.7
1983335 1983 12 01 32.41 13.4 6 2.7 4.1 NA NA 50.67
1983336 1983 12 02 15.05 13.4 4.9 1.1 7.4 NA NA 81.29
1983337 1983 12 03 33.56 6.2 1.8 1.4 5.5 NA NA 67.5
1983338 1983 12 04 49.77 5.1 -1.7 0 5.8 NA NA 45.2
1983339 1983 12 05 13.89 8.6 -1.7 1.9 3.4 NA NA 55.4
1983340 1983 12 06 12.73 12.2 3.1 3.9 6.4 NA NA 64.1
1983341 1983 12 07 25.46 6.1 1.7 0 7.4 NA NA 70.1
1983342 1983 12 08 39.35 5.8 3 0 3.4 NA NA 87
1983343 1983 12 09 28.94 5.2 -0.4 0 1.6 NA NA 83
1983344 1983 12 10 39.35 3.2 -0.8 0 0.8 NA NA 88.7
1983345 1983 12 11 15.05 8.3 0.7 2.5 2.1 NA NA 65.3
1983346 1983 12 12 34.72 8.4 3.2 0 3.5 NA NA 84.1
1983347 1983 12 13 35.88 7.2 0.5 0 3 NA NA 79.31
1983348 1983 12 14 45.14 4.2 -1.1 0 3.2 NA NA 86.4
1983349 1983 12 15 21.99 3.6 -1.7 0 3.3 NA NA 80.7
1983350 1983 12 16 37.04 2.4 -2.5 0 2.4 NA NA 86.2
1983351 1983 12 17 16.2 5.3 -0.1 0 3.5 NA NA 87.7
1983352 1983 12 18 30.09 6.2 2.17 0 3.6 NA NA 85.1
1983353 1983 12 19 24.31 5.6 1 0 2.3 NA NA 86.5
1983354 1983 12 20 30.09 4.2 -0.2 0 0.3 NA NA 74.6
1983355 1983 12 21 27.78 2.3 -1.7 0 1.8 NA NA 85.5
1983356 1983 12 22 26.62 2.1 -2.4 1.2 3.5 NA NA 84.8
1983357 1983 12 23 28.94 2.6 -3 0 1.8 NA NA 63.8
1983358 1983 12 24 40.51 2.2 -2.2 0 3 NA NA 77.3
1983359 1983 12 25 11.57 4.1 -1.8 3 3.6 NA NA 83.2
1983360 1983 12 26 23.15 4.6 1.8 0 0.7 NA NA 91.3
1983361 1983 12 27 15.05 6.7 1.7 11.8 1.4 NA NA 86.2
1983362 1983 12 28 40.51 6.8 -0.4 4.4 1.4 NA NA 81.1
1983363 1983 12 29 30.09 8.1 -0.7 6.3 3.1 NA NA 50.63
1983364 1983 12 30 43.98 10 0.8 3.6 5.5 NA NA 50.3
1983365 1983 12 31 32.41 4.7 -0.4 7.4 3.3 NA NA 80.1
1984001 1984 01 01 17.36 5.5 0.7 0 3.2 NA NA 88.8
1984002 1984 01 02 25.46 7.2 -0.4 3 4 NA NA 64.6
1984003 1984 01 03 47.45 3.7 -1.2 0 2.3 NA NA 84
1984004 1984 01 04 47.45 3.4 -2.1 0 2.2 NA NA 81.8
1984005 1984 01 05 30.09 5 0.6 0 3.7 NA NA 84.2
1984006 1984 01 06 47.45 2.8 -1.4 0 1 NA NA 84.2
1984007 1984 01 07 46.3 2.7 -1.5 0 0.9 NA NA 83.5
1984008 1984 01 08 20.83 3.85 -0.8 0 0.9 NA NA 84.2
1984009 1984 01 09 19.68 4.2 -1.4 2.5 1.6 NA NA 86.7
1984010 1984 01 10 24.31 4.4 -0.9 1.7 1.7 NA NA 88.8
1984011 1984 01 11 45.14 5.5 -1.4 2 2.5 NA NA 58
1984012 1984 01 12 33.14 5.5 1.78 3.3 4.2 NA NA 86.1
1984013 1984 01 13 32.41 6.9 -0.4 0 3.2 NA NA 78.8
1984014 1984 01 14 46.3 4.01 -1.3 2.23 2 NA NA 76.7
1984015 1984 01 15 33.56 6 2.6 0 2.9 NA NA 85.8
1984016 1984 01 16 31.25 4.1 -1.3 0 2.7 NA NA 82.4
1984017 1984 01 17 47.45 1.8 -2 0 3.4 NA NA 84.4
1984018 1984 01 18 33.56 2.8 -1.6 0 1.5 NA NA 87.6
1984019 1984 01 19 60.19 2.5 -1.9 0 1.3 NA NA 85.5
1984020 1984 01 20 61.34 3 -2 0 1.2 NA NA 77.6
1984021 1984 01 21 64.81 2.5 -2.61 0 1.6 NA NA 80
1984022 1984 01 22 31.25 1.6 -3.2 0 2.9 NA NA 60.9
1984023 1984 01 23 57.87 0 -5.5 0 5 NA NA 63.6
1984024 1984 01 24 70.6 0.6 -4.5 0 3.8 NA NA 59.45
1984025 1984 01 25 71.76 1.6 -4.7 0 2.5 NA NA 57.9
1984026 1984 01 26 67.13 2.2 -2.8 0 1.6 NA NA 83.9
1984027 1984 01 27 39.35 2.3 -6.2 0 4.4 NA NA 58.9
1984028 1984 01 28 48.61 1 -8.1 3 2.97 NA NA 43.9
1984029 1984 01 29 79.86 1.6 -4 0 4.4 NA NA 85.1
1984030 1984 01 30 81.02 -1.2 -5.74 0 6.1 NA NA 66.3
1984031 1984 01 31 65.97 2.2 -5.3 1.1 2.6 NA NA 67.7
1984032 1984 02 01 75.23 2.8 -2.5 0 1.1 NA NA 88.7
1984033 1984 02 02 43.98 4.1 -2.6 2.7 3.2 NA NA 71.1
1984034 1984 02 03 71.76 5.2 -0.5 5.6 1.8 NA NA 86.6
1984035 1984 02 04 15.05 5.4 -0.5 3.4 2.3 NA NA 88.1
1984036 1984 02 05 39.35 4 0 3.6 0.6 NA NA 89.1
1984037 1984 02 06 48.61 5.1 -0.6 0 2.9 NA NA 79
1984038 1984 02 07 85.65 6.3 0 0 1.1 NA NA 68.9
1984039 1984 02 08 65.97 4.4 -1.5 0 2.58 NA NA 77.4
1984040 1984 02 09 33.56 8.1 0.3 5.3 5.2 NA NA 52.9
1984041 1984 02 10 85.65 7.59 0.4 0 4.3 NA NA 59.2
1984042 1984 02 11 79.86 8.18 3.2 0 6 NA NA 67.1
1984043 1984 02 12 38.19 10.7 2.7 1.5 3.5 NA NA 54.4
1984044 1984 02 13 19.68 12.78 8.8 17.4 6.8 NA NA 87.37
1984045 1984 02 14 48.61 11.4 5.7 1.2 4.8 NA NA 83.2
1984046 1984 02 15 38.19 11 5.8 6.6 6.2 NA NA 72.2
1984047 1984 02 16 108.8 10.4 4.2 0 5.2 NA NA 67.8
1984048 1984 02 17 90.28 9 3 0 4.5 NA NA 58.89
1984049 1984 02 18 39.35 5.7 0.5 8.7 2.8 NA NA 75.9
1984050 1984 02 19 101.85 8.5 0.5 0 3.3 NA NA 56.5
1984051 1984 02 20 32.41 9.7 2.9 2.9 4.8 NA NA 70.4
1984052 1984 02 21 21.99 12.9 2.6 4.5 5.9 NA NA 50.6
1984053 1984 02 22 55.56 8.4 3 0 7 NA NA 62.13
1984054 1984 02 23 55.56 10 3.3 4.8 3.9 NA NA 65.02
1984055 1984 02 24 127.31 10 3 0 6.2 NA NA 50
1984056 1984 02 25 75.23 8.9 4.3 1.4 5.3 NA NA 71.7
1984057 1984 02 26 101.85 14.1 7.3 1.1 5.8 NA NA 62.4
1984058 1984 02 27 32.41 11.1 4.4 0 6 NA NA 81.9
1984059 1984 02 28 120.37 9.6 2.2 0 4.9 NA NA 50.46
1984060 1984 02 29 0 0 0 0 0 NA NA 0
1984061 1984 03 01 56.71 5.8 0.3 0 6.1 NA NA 60.69
1984062 1984 03 02 34.72 8.7 0.2 0 2.3 NA NA 58
1984063 1984 03 03 149.31 12.4 2 0 2.5 NA NA 45.2
1984064 1984 03 04 151.62 13.2 4.66 0 2.6 NA NA 50.6
1984065 1984 03 05 157.41 13.2 3 0 2.3 NA NA 45.7
1984066 1984 03 06 146.99 13 4.2 0 1.5 NA NA 52.3
1984067 1984 03 07 164.35 12.2 2.6 0 1.8 NA NA 43.6
1984068 1984 03 08 164.35 12.1 1.3 0 1.6 NA NA 44.2
1984069 1984 03 09 166.67 12.5 2.8 0 1.7 NA NA 45.2
1984070 1984 03 10 164.35 13.4 3.8 0 2.8 NA NA 43.3
1984071 1984 03 11 153.94 14.7 6 2.5 5.3 NA NA 47.3
1984072 1984 03 12 140.05 11.1 6.2 3.4 6.5 NA NA 59.2
1984073 1984 03 13 123.84 10.6 4.8 5.1 6.3 NA NA 68.9
1984074 1984 03 14 111.11 10.3 3.3 0 2.6 NA NA 60
1984075 1984 03 15 181.71 12.2 2.9 0 1.6 NA NA 41.2
1984076 1984 03 16 30.09 11.4 3.8 0 4.5 NA NA 59.6
1984077 1984 03 17 133.1 16.7 6.2 0 5.3 NA NA 46
1984078 1984 03 18 27.78 12.1 2.4 0 6.9 NA NA 62.67
1984079 1984 03 19 144.68 8.7 1.1 0 5.3 NA NA 45.1
1984080 1984 03 20 136.57 9.5 3.3 0 3 NA NA 47.9
1984081 1984 03 21 87.96 11.4 2.5 3.6 3.4 NA NA 48.9
1984082 1984 03 22 134.26 9.6 2.5 0 5.5 NA NA 49.4
1984083 1984 03 23 122.69 10.1 4.2 0 2.3 NA NA 46.3
1984084 1984 03 24 121.53 11.56 4.1 0 1.9 NA NA 42.8
1984085 1984 03 25 59.03 11.2 4.7 0 4.1 NA NA 73.5
1984086 1984 03 26 187.5 15.5 4.1 0 4.4 NA NA 36.9
1984087 1984 03 27 188.75 17.3 6.4 0 4.5 NA NA 39.2
1984088 1984 03 28 166.67 12.3 4.3 0 6.1 NA NA 38.7
1984089 1984 03 29 177.83 17.1 3.2 0 3.7 NA NA 33.9
1984090 1984 03 30 97.22 12.2 4.5 0 6 NA NA 45.3
1984091 1984 03 31 65.97 10.2 2.3 3.6 6.3 NA NA 55.3
1984092 1984 04 01 140.05 10.4 2.1 1.2 3.8 NA NA 42.9
1984093 1984 04 02 79.86 7.2 1.3 0 3.8 NA NA 68.1
1984094 1984 04 03 206.02 7.4 -1.8 0 3.3 NA NA 34.01
1984095 1984 04 04 215.28 10.4 -1 0 1.1 NA NA 28.5
1984096 1984 04 05 179.4 13.7 3.3 1.2 3.4 NA NA 32.1
1984097 1984 04 06 105.32 13 6.2 5.9 1.8 NA NA 52.1
1984098 1984 04 07 216.44 12.2 3.5 0 3.4 NA NA 45.1
1984099 1984 04 08 231.32 10.2 0.7 0 4.7 NA NA 37.6
1984100 1984 04 09 232.64 12.2 0.2 0 3.4 NA NA 24.21
1984101 1984 04 10 231.48 12.1 -0.7 0 3.1 NA NA 28.9
1984102 1984 04 11 230.38 12.4 0.3 0 3 NA NA 29.87
1984103 1984 04 12 230.88 13.23 -0.4 0 1.7 NA NA 29.4
1984104 1984 04 13 189.81 13.5 1.9 0 2.6 NA NA 37.46
1984105 1984 04 14 151.62 9.9 3 0 6 NA NA 46.8
1984106 1984 04 15 212.96 10.4 0.3 0 6.2 NA NA 33.5
1984107 1984 04 16 241.9 12.3 1.8 0 4.94 NA NA 32.3
1984108 1984 04 17 152.78 9.3 1.3 0 4.8 NA NA 39.9
1984109 1984 04 18 151.62 11.1 3.6 0 4.1 NA NA 38.6
1984110 1984 04 19 119.21 8.8 3.2 0 5.2 NA NA 40.6
1984111 1984 04 20 123.84 7.1 1.8 0 5.5 NA NA 42.3
1984112 1984 04 21 230.32 11.3 -0.5 0 3.7 NA NA 26
1984113 1984 04 22 70.6 9.4 2.5 0 1.7 NA NA 41.98
1984114 1984 04 23 170.14 11 1.5 0 2.5 NA NA 35.1
1984115 1984 04 24 206.02 11.2 -1.1 0 2 NA NA 24.18
1984116 1984 04 25 261.57 14.1 0.7 0 0.7 NA NA 18.14
1984117 1984 04 26 239.58 15.3 3.1 0 1.6 NA NA 22.3
1984118 1984 04 27 262.73 16.4 3.5 0 0.7 NA NA 23.22
1984119 1984 04 28 170.16 16.9 7 3.3 3.9 NA NA 29.8
1984120 1984 04 29 104.17 15.3 7 0 6.8 NA NA 46.9
1984121 1984 04 30 144.68 15 5.7 0 7.5 NA NA 34.1
1984122 1984 05 01 99.54 10.9 3.7 3.3 2.2 NA NA 61.2
1984123 1984 05 02 124.94 9.1 3.4 0 3 NA NA 40.7
1984124 1984 05 03 188.72 14 3.9 5.5 3.3 NA NA 35.4
1984125 1984 05 04 180.52 12.5 6.4 2.7 6.73 NA NA 43
1984126 1984 05 05 114.74 11.3 5.7 0 5.7 NA NA 50.4
1984127 1984 05 06 217.59 15 4.4 0 3.7 NA NA 36.1
1984128 1984 05 07 145.83 15.9 7.9 0 2.5 NA NA 41.1
1984129 1984 05 08 79.86 15.8 9.4 4.1 3.3 NA NA 79.5
1984130 1984 05 09 280.09 23.7 9.2 0 2.8 NA NA 33.7
1984131 1984 05 10 262.73 25.9 11.8 0 4.4 NA NA 34.3
1984132 1984 05 11 216.44 22.4 11.3 0 3.6 NA NA 35.1
1984133 1984 05 12 156.25 18.5 9.8 7.6 4.9 NA NA 44.5
1984134 1984 05 13 193.29 16.9 8.6 0 4.9 NA NA 43.8
1984135 1984 05 14 118.06 14.5 8.3 8.8 1.4 NA NA 63.4
1984136 1984 05 15 203.7 17.9 8 0 2.7 NA NA 38.7
1984137 1984 05 16 223.38 18.7 7 4.3 3.1 NA NA 35.7
1984138 1984 05 17 223.38 20 9.8 2.2 2.8 NA NA 43.02
1984139 1984 05 18 94.91 14.2 8 0 2.9 NA NA 77.12
1984140 1984 05 19 137.73 16 7.3 0 3 NA NA 47.8
1984141 1984 05 20 121.53 15.4 7.6 0 4.3 NA NA 46.3
1984142 1984 05 21 298.36 19.9 7.2 0 2 NA NA 30
1984143 1984 05 22 236.13 20.4 8.2 0 2.5 NA NA 34.93
1984144 1984 05 23 283.56 18.4 6.9 0 2 NA NA 34.1
1984145 1984 05 24 262.73 16 5.1 0 3.9 NA NA 31.7
1984146 1984 05 25 189.81 14.36 6.4 0 3.9 NA NA 32.85
1984147 1984 05 26 163.19 13.9 6.2 0 1.8 NA NA 37.89
1984148 1984 05 27 288.19 16.1 4.8 0 1.2 NA NA 20.51
1984149 1984 05 28 173.61 14.5 4.9 0 4.6 NA NA 37.1
1984150 1984 05 29 296.33 16.9 5.6 0 4.9 NA NA 30.3
1984151 1984 05 30 225.69 18 6.1 0 2.1 NA NA 30.8
1984152 1984 05 31 287.04 19.3 6.5 0 1.5 NA NA 27.3
1984153 1984 06 01 199.07 18.3 6.5 0 2.2 NA NA 31.2
1984154 1984 06 02 275.67 19.2 6.6 0 1.5 NA NA 24.8
1984155 1984 06 03 292.82 20.3 6.8 0 2.1 NA NA 27.2
1984156 1984 06 04 328.94 21.3 7 0 1.3 NA NA 23.1
1984157 1984 06 05 262.73 22.1 9.2 0 0.9 NA NA 30
1984158 1984 06 06 333.33 24.8 10.5 0 2.3 NA NA 22.97
1984159 1984 06 07 285.88 24.6 12 7.7 5.2 NA NA 30.7
1984160 1984 06 08 214.12 21.7 12.61 0 4.3 NA NA 38.7
1984161 1984 06 09 196.76 23.7 11.3 4.9 4.4 NA NA 38.59
1984162 1984 06 10 74.07 14.9 10.4 0 7.1 NA NA 55.4
1984163 1984 06 11 127.31 17 9.1 4 5.5 NA NA 44.6
1984164 1984 06 12 136.57 17.7 7.1 7.4 5.3 NA NA 45.6
1984165 1984 06 13 343.6 20.8 5.6 0 2 NA NA 29.1
1984166 1984 06 14 222.22 25.3 7.9 0 4 NA NA 33.6
1984167 1984 06 15 239.58 21.3 10.4 0 4.7 NA NA 40.7
1984168 1984 06 16 250 21.2 9.2 0 1.2 NA NA 32.4
1984169 1984 06 17 182.87 22.4 10.2 0 3 NA NA 36.2
1984170 1984 06 18 281.25 19.5 9.5 0 3.7 NA NA 34.57
1984171 1984 06 19 282.41 21.2 7.8 0 1.9 NA NA 23.73
1984172 1984 06 20 237.27 21.2 8.6 0 1 NA NA 32.3
1984173 1984 06 21 186.34 23 12.7 0 0.8 NA NA 37.4
1984174 1984 06 22 79.86 18.7 12.7 2.5 1 NA NA 71.08
1984175 1984 06 23 90.73 19.2 12.4 2 0.8 NA NA 62.3
1984176 1984 06 24 209.49 20.1 9.8 2.9 3.3 NA NA 42.23
1984177 1984 06 25 172.45 18 9.5 0 3.6 NA NA 43.09
1984178 1984 06 26 69.44 17.9 9.6 7.2 3.6 NA NA 51.4
1984179 1984 06 27 115.74 16.4 9.8 0 3.1 NA NA 52.75
1984180 1984 06 28 83.33 15.7 10.3 4.1 2.2 NA NA 77.2
1984181 1984 06 29 121.53 16.7 10.1 6.9 2 NA NA 68.7
1984182 1984 06 30 37.04 15.2 10.9 11.33 3.1 NA NA 88.8
1984183 1984 07 01 156.25 19.3 11.4 0 2.5 NA NA 53.7
1984184 1984 07 02 149.31 19 9.2 2 3 NA NA 45.1
1984185 1984 07 03 206.02 18.7 8.1 1.2 4.4 NA NA 39.5
1984186 1984 07 04 259.26 20.6 9.9 1.6 3.7 NA NA 37.4
1984187 1984 07 05 210.65 18.2 9.3 1.2 3.7 NA NA 44.3
1984188 1984 07 06 194.46 17.5 8.4 3.4 3 NA NA 47.8
1984189 1984 07 07 217.63 21.2 11 0 2.1 NA NA 40.1
1984190 1984 07 08 217.59 23.6 11.9 0 1.7 NA NA 36.6
1984191 1984 07 09 222.22 23.7 12.5 0 1.6 NA NA 35.8
1984192 1984 07 10 104.17 18.3 12.5 2.2 2.7 NA NA 78.4
1984193 1984 07 11 152.78 20.7 12.1 0 3.2 NA NA 50.6
1984194 1984 07 12 236.1 23.7 13.3 0 0.7 NA NA 38.1
1984195 1984 07 13 120.37 20.7 13.1 21.74 2.1 NA NA 63.6
1984196 1984 07 14 140.05 18.8 13 7 3.4 NA NA 80
1984197 1984 07 15 269.68 22.7 11.2 0 2.4 NA NA 39.2
1984198 1984 07 16 141.2 20.3 12.7 3 0.6 NA NA 58.4
1984199 1984 07 17 210.65 21.6 13.1 1.2 1 NA NA 49.9
1984200 1984 07 18 82.5 20.7 12.9 0 2.7 NA NA 55.2
1984201 1984 07 19 86.01 18 11.4 0 3 NA NA 67.1
1984202 1984 07 20 108.8 18.8 11.8 0 1.5 NA NA 70.2
1984203 1984 07 21 127.31 20 12.2 0 2 NA NA 65.3
1984204 1984 07 22 90.28 18.11 12.1 2 2.6 NA NA 76
1984205 1984 07 23 140.05 19.5 11 0 4 NA NA 43.9
1984206 1984 07 24 64.81 20.2 10.8 1.9 2.5 NA NA 54.8
1984207 1984 07 25 121.53 20.2 11.4 0 3.9 NA NA 45.9
1984208 1984 07 26 158.56 18.8 9.2 0 4.4 NA NA 43.7
1984209 1984 07 27 89.12 23.71 10.9 6.3 3.6 NA NA 44.6
1984210 1984 07 28 104.17 20.7 11.4 0 4.6 NA NA 67.1
1984211 1984 07 29 113.43 18 11.1 0 3.7 NA NA 54.4
1984212 1984 07 30 173.61 16.4 9.5 0 3.3 NA NA 44
1984213 1984 07 31 150.46 17.8 9 1.8 1 NA NA 43.6
1984214 1984 08 01 90.28 19.1 11.6 0 4.5 NA NA 45.62
1984215 1984 08 02 57.87 17.3 10.9 0 5.8 NA NA 57.2
1984216 1984 08 03 133.1 17.8 10.42 1.4 2.4 NA NA 50.8
1984217 1984 08 04 195.6 18.7 10 0 2 NA NA 39.3
1984218 1984 08 05 250 20.3 9.3 0 1.8 NA NA 34.1
1984219 1984 08 06 172.45 19.2 8.6 1.4 2.5 NA NA 42.27
1984220 1984 08 07 213.11 19 10.5 0 2.8 NA NA 41.7
1984221 1984 08 08 138.89 16.1 9.3 0 4.9 NA NA 49.1
1984222 1984 08 09 104.17 15.6 7.9 0 2.4 NA NA 55.6
1984223 1984 08 10 135.42 18.6 11.7 6.5 4.2 NA NA 64.9
1984224 1984 08 11 99.54 16.5 11 6.1 3.1 NA NA 65.2
1984225 1984 08 12 175.93 16.5 7.9 1.4 3.3 NA NA 53.2
1984226 1984 08 13 210.65 18.8 7.9 0 3.1 NA NA 40.2
1984227 1984 08 14 197.92 19.2 7.8 0 1.58 NA NA 39.9
1984228 1984 08 15 210.65 21.2 10.8 1.2 3.2 NA NA 36
1984229 1984 08 16 86.81 20.5 12.8 18.9 2.9 NA NA 59.29
1984230 1984 08 17 92.59 18.8 11.8 2.7 2.4 NA NA 64.5
1984231 1984 08 18 229.17 21.5 9.7 0 2.7 NA NA 41.5
1984232 1984 08 19 56.71 17.7 10.1 9.6 4.7 NA NA 68.2
1984233 1984 08 20 93.75 13 8.1 1.1 5.8 NA NA 63.8
1984234 1984 08 21 232.64 17.7 5.6 0 2.9 NA NA 34.4
1984235 1984 08 22 103.01 19.1 10 5.1 4.9 NA NA 52.27
1984236 1984 08 23 103.01 18.4 8.5 4 2.6 NA NA 61.2
1984237 1984 08 24 195.6 23.1 9.4 0 2.4 NA NA 42.3
1984238 1984 08 25 128.47 16.1 8.8 0 5 NA NA 50.77
1984239 1984 08 26 32.41 15.6 8.3 0 3.1 NA NA 74
1984240 1984 08 27 41.67 19.2 9.3 5.4 3.5 NA NA 79.2
1984241 1984 08 28 202.55 19 7.7 0 2.2 NA NA 40.6
1984242 1984 08 29 212.96 21.6 8 0 1.7 NA NA 37.4
1984243 1984 08 30 194.44 25.6 10.7 0 2.8 NA NA 39.6
1984244 1984 08 31 211.81 29 15.6 0 1.5 NA NA 40.2
1984245 1984 09 01 217.59 29 15.84 0 2.3 NA NA 39.4
1984246 1984 09 02 158.56 22.2 13 2 2.8 NA NA 53.1
1984247 1984 09 03 180.62 23.3 12.3 0 1.8 NA NA 39.3
1984248 1984 09 04 201.39 26.1 13 2 2.8 NA NA 36.72
1984249 1984 09 05 97.22 19.8 11.6 4.8 3.5 NA NA 49.1
1984250 1984 09 06 62.5 15.1 7.7 0 3 NA NA 69.6
1984251 1984 09 07 175.93 18.7 7.4 0 1.6 NA NA 38
1984252 1984 09 08 54.4 15.9 8.61 0 1.9 NA NA 65.8
1984253 1984 09 09 84.49 20 12.2 0 2.9 NA NA 62.46
1984254 1984 09 10 23.96 17.5 10.2 8.2 2.1 NA NA 86
1984255 1984 09 11 106.48 16 8.2 1.4 2.8 NA NA 61.8
1984256 1984 09 12 193.18 17.8 8 0 3.1 NA NA 43.4
1984257 1984 09 13 198.08 18.7 6.9 0 1.3 NA NA 38.1
1984258 1984 09 14 178.24 20.2 7.8 0 3.7 NA NA 37.9
1984259 1984 09 15 202.55 19.4 9.8 0 1.2 NA NA 35.7
1984260 1984 09 16 199.07 20.4 8.5 0 0.3 NA NA 29.99
1984261 1984 09 17 195.6 21.5 8.6 0 0.3 NA NA 34.8
1984262 1984 09 18 191.45 23.3 9.4 0 2.3 NA NA 36.1
1984263 1984 09 19 129.63 15.6 9.2 4.9 3.5 NA NA 50.4
1984264 1984 09 20 148.15 15.1 7.5 0 1.3 NA NA 41.3
1984265 1984 09 21 121.53 14.9 7.3 0 2.9 NA NA 39.3
1984266 1984 09 22 141.2 18.5 10.2 0 1.9 NA NA 44.9
1984267 1984 09 23 156.25 24.1 10.7 0 2.5 NA NA 40.6
1984268 1984 09 24 23.15 20.9 14.8 4.4 3.1 NA NA 82
1984269 1984 09 25 99.54 18 11.5 4.5 1.2 NA NA 69.6
1984270 1984 09 26 27.78 20.1 8.7 1.8 5.3 NA NA 56.3
1984271 1984 09 27 83.33 13.9 7.7 1.7 3 NA NA 58.5
1984272 1984 09 28 112.27 10.9 2.8 0 4.8 NA NA 50.5
1984273 1984 09 29 143.52 13.3 2.3 0 2.4 NA NA 39.8
1984274 1984 09 30 37.04 15.5 9 0 4.8 NA NA 73.2
1984275 1984 10 01 167.82 12.9 3.3 0 4.5 NA NA 33.3
1984276 1984 10 02 150.46 9.3 1.1 0 1.2 NA NA 36.1
1984277 1984 10 03 164.35 10 -0.3 0 1.7 NA NA 35.2
1984278 1984 10 04 152.78 10.1 1.9 0 3.5 NA NA 39.6
1984279 1984 10 05 149.31 11.6 2 0 0.8 NA NA 29.5
1984280 1984 10 06 20.83 11.3 5.6 2.3 2.7 NA NA 79.4
1984281 1984 10 07 71.76 17.2 8.9 0 3.6 NA NA 53.8
1984282 1984 10 08 33.27 13 8.7 0 4.5 NA NA 76.32
1984283 1984 10 09 52.08 15.1 9.4 3.4 4.4 NA NA 62.9
1984284 1984 10 10 32.41 15.5 9.6 4 3 NA NA 83.7
1984285 1984 10 11 93.75 14.3 7.3 2.9 2.9 NA NA 69
1984286 1984 10 12 115.74 15.1 8.8 0 2.4 NA NA 63.8
1984287 1984 10 13 10.42 13.8 8.5 0 2.9 NA NA 87.3
1984288 1984 10 14 10.42 16.4 9.2 11.43 5.8 NA NA 83.7
1984289 1984 10 15 128.47 13.2 6.6 0 5.6 NA NA 51.9
1984290 1984 10 16 87.96 13.3 7.2 0 4 NA NA 63.4
1984291 1984 10 17 30.09 12.1 7.1 1.2 3.3 NA NA 78.39
1984292 1984 10 18 118.06 12.8 6.3 0 2.4 NA NA 54.8
1984293 1984 10 19 41.67 10.5 6.2 0 3.8 NA NA 82.5
1984294 1984 10 20 118.06 11.8 3.5 1.9 4.3 NA NA 45.2
1984295 1984 10 21 18.52 11.8 7.3 14.3 3.7 NA NA 88.7
1984296 1984 10 22 68.29 12.8 7.7 0 3 NA NA 69
1984297 1984 10 23 72.92 12.5 6.8 0 1.8 NA NA 69.9
1984298 1984 10 24 81.02 12.8 7.1 6.1 4.5 NA NA 68.1
1984299 1984 10 25 26.62 11.2 6.2 10.6 5.5 NA NA 74.4
1984300 1984 10 26 91.44 10.2 4.9 4.1 5.3 NA NA 55.3
1984301 1984 10 27 63.66 11.2 2.3 3 7.1 NA NA 46.3
1984302 1984 10 28 87.96 9.28 1 0 3.2 NA NA 53
1984303 1984 10 29 32.41 11.5 3.8 10.8 6.4 NA NA 67.1
1984304 1984 10 30 97.22 10 3.7 1.7 2.8 NA NA 52
1984305 1984 10 31 33.56 7.98 4.7 6.6 4.5 NA NA 88.8
1984306 1984 11 01 91.44 9.3 3.3 0 3.1 NA NA 60.5
1984307 1984 11 02 91.44 8.3 1.6 0 1.5 NA NA 62.6
1984308 1984 11 03 93.75 6.7 0.4 0 0.6 NA NA 50.6
1984309 1984 11 04 86.81 5.85 0.7 0 1.6 NA NA 47.2
1984310 1984 11 05 63.66 10.1 3.5 1.7 2.6 NA NA 55.81
1984311 1984 11 06 83.33 10 3 0 2 NA NA 64
1984312 1984 11 07 83.33 11.9 5.4 0 1.2 NA NA 66.45
1984313 1984 11 08 83.33 10.49 4.3 0 3.1 NA NA 66.1
1984314 1984 11 09 71.76 11.9 3.8 0 1.4 NA NA 55.7
1984315 1984 11 10 62.5 13.9 6.9 0 1.4 NA NA 67.3
1984316 1984 11 11 76.39 12.1 5.8 0 1.8 NA NA 69.8
1984317 1984 11 12 71.76 12.5 6.7 0 1.5 NA NA 56.9
1984318 1984 11 13 49.77 9.6 3.3 0 2 NA NA 69.3
1984319 1984 11 14 27.78 8.4 3.2 0 2.5 NA NA 78.7
1984320 1984 11 15 26.62 8.9 2.5 0 1.6 NA NA 86.7
1984321 1984 11 16 67.13 6.3 -0.8 0 1.6 NA NA 58.4
1984322 1984 11 17 69.44 4 -1.2 0 2 NA NA 74.51
1984323 1984 11 18 65.97 6 0.1 0 3.5 NA NA 59.4
1984324 1984 11 19 32.41 6.7 1.9 0 1.8 NA NA 77.5
1984325 1984 11 20 23.15 10.1 1.7 7.38 3.4 NA NA 77.7
1984326 1984 11 21 50.93 12.4 8.2 4.1 4.6 NA NA 87.4
1984327 1984 11 22 47.45 12.2 7.1 0 3.2 NA NA 85.68
1984328 1984 11 23 39.35 11 5.7 9.7 6.69 NA NA 73.6
1984329 1984 11 24 16.2 10.5 4.9 14.2 6.1 NA NA 76.4
1984330 1984 11 25 54.4 8.3 3 0 3.9 NA NA 75
1984331 1984 11 26 50.93 9.3 2.8 0 3.1 NA NA 76.5
1984332 1984 11 27 53.24 7.9 1.9 0 3.1 NA NA 85.7
1984333 1984 11 28 35.88 9 2.2 0 1.4 NA NA 76.95
1984334 1984 11 29 48.61 8.14 2.2 0 3.1 NA NA 83.8
1984335 1984 11 30 53.24 6 1.1 0 3.9 NA NA 72.11
1984336 1984 12 01 47.45 4.8 0 0 1 NA NA 70.61
1984337 1984 12 02 34.72 5.1 1.74 0 0.5 NA NA 73.54
1984338 1984 12 03 38.19 6.9 2.4 1.1 0.5 NA NA 68.4
1984339 1984 12 04 11.57 9.1 4.2 1.9 1.5 NA NA 86.9
1984340 1984 12 05 30.09 7.6 -0.7 0 3.4 NA NA 63.2
1984341 1984 12 06 28.94 3 -1.6 0 5.8 NA NA 85.5
1984342 1984 12 07 38.19 3.7 -0.75 0 4.6 NA NA 88
1984343 1984 12 08 34.72 4.5 -0.6 0 1.9 NA NA 80.1
1984344 1984 12 09 38.19 5 -1.6 0 1.3 NA NA 61.8
1984345 1984 12 10 28.94 7.5 3.78 2.4 3.2 NA NA 89
1984346 1984 12 11 33.76 7.1 -0.6 3.02 5.6 NA NA 58
1984347 1984 12 12 24.31 4.5 -0.9 2.4 6.1 NA NA 71.8
1984348 1984 12 13 26.62 4.8 0.7 0 3.3 NA NA 84
1984349 1984 12 14 25.46 4 -1 0 2.9 NA NA 79
1984350 1984 12 15 33.56 2.5 -1.6 0 2.6 NA NA 88.4
1984351 1984 12 16 43.98 2.3 -2.23 0 1.9 NA NA 69.5
1984352 1984 12 17 41.67 1.8 -2.8 0 1.8 NA NA 65.7
1984353 1984 12 18 35.88 1.48 -3.4 0 1.8 NA NA 67.1
1984354 1984 12 19 43.98 -1.22 -3.71 0 1.3 NA NA 75.22
1984355 1984 12 20 42.82 -1.26 -5.3 0 1 NA NA 50.1
1984356 1984 12 21 41.67 0 -5.13 0 1.5 NA NA 79.02
1984357 1984 12 22 37.04 0 -5.1 0 1.7 NA NA 83
1984358 1984 12 23 25.46 1.8 -3.74 2.3 5.4 NA NA 78.8
1984359 1984 12 24 15.05 3.3 -0.6 0 1.3 NA NA 92.7
1984360 1984 12 25 18.52 4.1 0.8 0 1.5 NA NA 90.7
1984361 1984 12 26 30.06 4 0.5 0 3.7 NA NA 89.2
1984362 1984 12 27 19.68 5.4 2 3 3.2 NA NA 88.7
1984363 1984 12 28 30.09 4.3 -0.5 0 1.6 NA NA 87.5
1984364 1984 12 29 35.88 2.8 -0.6 0 2.78 NA NA 89.1
1984365 1984 12 30 13.89 4.4 0.3 0 1.6 NA NA 91.2
1984366 1984 12 31 24.31 5.3 -0.3 0 0.9 NA NA 86
