*WEATHER DATA - Station:Martonv치s치r - BADJAM DATA - BADJer: UC - Method: EQM - Source model: NOAAGFDL
 
@ INSI LAT LONG ELEV TAV AMP REFHT WNDHT
Martonv치s치r 47.35 18.81 185.9 8.17 NA 2.0 NA
@DATE YYYY MM DD SRAD TMAX TMIN RAIN  WIND DEWP VPRS RHUM 
1980001 1980 01 01 19.68 0.99 -12.24 4.5 2.6 NA NA 58.9
1980002 1980 01 02 37.04 -0.4 -6.9 0 5.1 NA NA 77.3
1980003 1980 01 03 59.03 -3.3 -8.5 0 6.75 NA NA 71.9
1980004 1980 01 04 61.34 -4.5 -13.6 0 3 NA NA 61.5
1980005 1980 01 05 55.56 -7.28 -17.92 0 3.3 NA NA 70.3
1980006 1980 01 06 63.66 -11.18 -21.73 0 0.9 NA NA 74.6
1980007 1980 01 07 54.4 -7 -22.13 0 1.9 NA NA 30.5
1980008 1980 01 08 35.88 -3.6 -11.8 1.1 2.7 NA NA 56.36
1980009 1980 01 09 48.61 -2 -13 0 2.6 NA NA 52.1
1980010 1980 01 10 23.15 1.7 -7.5 5 3.1 NA NA 78.13
1980011 1980 01 11 31.25 0.9 -8.1 0 2.2 NA NA 67.7
1980012 1980 01 12 68.29 -4.22 -11.3 0 5.5 NA NA 75.03
1980013 1980 01 13 60.19 -6.17 -14.23 0 3.4 NA NA 70.5
1980014 1980 01 14 74.07 -6.24 -15.77 0 1.6 NA NA 61.98
1980015 1980 01 15 53.82 -8.2 -19.18 0 1.2 NA NA 64.91
1980016 1980 01 16 61.34 -7.6 -19.28 0 1.6 NA NA 59.63
1980017 1980 01 17 55.56 -3.29 -14.2 0 2.7 NA NA 55.91
1980018 1980 01 18 24.31 0.7 -6.6 3.2 1.3 NA NA 81.5
1980019 1980 01 19 52.08 1 -8.4 0 1.1 NA NA 82.3
1980020 1980 01 20 62.5 0.6 -9.4 0 1.8 NA NA 72.3
1980021 1980 01 21 67.13 0.3 -9.6 0 2.9 NA NA 63.8
1980022 1980 01 22 28.94 2.4 -9.2 0 3.3 NA NA 69.27
1980023 1980 01 23 69.44 2.6 -4.5 0 4.8 NA NA 74.6
1980024 1980 01 24 39.35 2.8 -4.7 0 4.3 NA NA 73.21
1980025 1980 01 25 69.44 2.2 -3.3 0 3.5 NA NA 78.4
1980026 1980 01 26 67.13 2.6 -5.3 1.4 2.8 NA NA 78.12
1980027 1980 01 27 26.62 3 -5.2 0 4.8 NA NA 80.3
1980028 1980 01 28 72.92 -2.5 -8.4 0 5.5 NA NA 34.2
1980029 1980 01 29 82.18 -2.5 -8.9 0 5.7 NA NA 39.1
1980030 1980 01 30 78.7 -3.2 -10.2 0 4.5 NA NA 45.2
1980031 1980 01 31 90.28 -4.1 -12.13 0 2.6 NA NA 38
1980032 1980 02 01 86.81 -3.3 -13.2 0 2 NA NA 43.6
1980033 1980 02 02 94.91 0.5 -6.6 0 4.2 NA NA 69.8
1980034 1980 02 03 87.96 -3.3 -12.08 0 4.3 NA NA 44.2
1980035 1980 02 04 92.59 -7.6 -16 0 2 NA NA 54.8
1980036 1980 02 05 70.6 -1.5 -12.84 0 3.3 NA NA 50.21
1980037 1980 02 06 97.22 -3.5 -14 0 3.8 NA NA 38.9
1980038 1980 02 07 94.91 -7.3 -15.3 0 3.2 NA NA 58
1980039 1980 02 08 96.06 -7.64 -17.93 0 2.1 NA NA 64.5
1980040 1980 02 09 92.59 -4.3 -14.2 0 2.4 NA NA 48.9
1980041 1980 02 10 100.69 -6.18 -14.31 0 1.9 NA NA 70.5
1980042 1980 02 11 100.69 -4.4 -14.9 0 2.2 NA NA 52.7
1980043 1980 02 12 37.04 -0.3 -9.3 9.5 3.6 NA NA 66.1
1980044 1980 02 13 65.97 -0.4 -7 1.9 3.2 NA NA 73.91
1980045 1980 02 14 118.06 -3.5 -13.4 0 4.5 NA NA 47.7
1980046 1980 02 15 113.43 -7.6 -16.35 0 5 NA NA 57.2
1980047 1980 02 16 114.58 -9.09 -21.44 0 2.7 NA NA 54.7
1980048 1980 02 17 118.06 -10.98 -23.54 0 2 NA NA 49.1
1980049 1980 02 18 122.69 -11.08 -25.13 0 1.8 NA NA 52.1
1980050 1980 02 19 129.63 0.6 -16.66 0 3.9 NA NA 28.9
1980051 1980 02 20 99.54 2.9 -5.3 0 5 NA NA 69.1
1980052 1980 02 21 123.84 2 -2.91 5.6 2.1 NA NA 89.64
1980053 1980 02 22 104.17 4 0.4 0 2.7 NA NA 82.1
1980054 1980 02 23 120.37 8.3 1.4 0 3.2 NA NA 59.4
1980055 1980 02 24 119.92 6.7 -0.9 0 3.4 NA NA 58.2
1980056 1980 02 25 109.95 7.4 0.4 0 5.3 NA NA 49.6
1980057 1980 02 26 33.56 3 -0.7 0 4.8 NA NA 77.7
1980058 1980 02 27 26.62 3.6 0.3 0 3 NA NA 80.7
1980059 1980 02 28 129.63 6.4 -1.2 0 2.3 NA NA 52
1980060 1980 02 29 0 0 0 0 0 NA NA 0
1980061 1980 03 01 148.15 3.8 -3.1 0 1.9 NA NA 50.7
1980062 1980 03 02 152.78 4.3 -3.62 0 2.1 NA NA 43.7
1980063 1980 03 03 41.67 3.2 -0.9 5.6 4.4 NA NA 74.8
1980064 1980 03 04 26.62 3.9 1.7 0 2.6 NA NA 84.97
1980065 1980 03 05 123.84 5.9 0.8 0 3.7 NA NA 59.8
1980066 1980 03 06 135.42 5.4 0.29 0 4.5 NA NA 51.8
1980067 1980 03 07 151.62 5 -2.3 0 2.7 NA NA 33
1980068 1980 03 08 158.56 3.4 -4.5 0 3.7 NA NA 27.1
1980069 1980 03 09 162.79 5.1 -4.4 0 2.6 NA NA 34.3
1980070 1980 03 10 156.25 6 -1.3 0 2.8 NA NA 43.8
1980071 1980 03 11 128.47 8.4 -2.8 1.2 4.2 NA NA 35.8
1980072 1980 03 12 172.45 4.3 -4.2 0 3.7 NA NA 29.5
1980073 1980 03 13 157.41 10.3 2.1 0 4.8 NA NA 38.1
1980074 1980 03 14 128.47 10.3 1.6 0 3.1 NA NA 55.15
1980075 1980 03 15 90.28 10.3 0.3 0 1.1 NA NA 61
1980076 1980 03 16 175.41 17.6 2.3 0 1.5 NA NA 39.2
1980077 1980 03 17 174.77 21.1 2.5 0 2.3 NA NA 36
1980078 1980 03 18 179.4 20.8 7.2 0 3.3 NA NA 40
1980079 1980 03 19 103.01 16.2 6.1 13.18 2.6 NA NA 57.88
1980080 1980 03 20 185.19 9.3 1.1 0 4.4 NA NA 33.1
1980081 1980 03 21 162.04 6.6 -1.7 0 2.1 NA NA 38.7
1980082 1980 03 22 182.87 19.6 3.6 0 3.1 NA NA 39.7
1980083 1980 03 23 179.4 19.1 7.6 0 2.1 NA NA 50.4
1980084 1980 03 24 98.38 15.5 4.9 2.3 4.3 NA NA 59.3
1980085 1980 03 25 181.71 10.3 -0.6 0 3 NA NA 42.6
1980086 1980 03 26 98.38 5.4 -1.5 0 3.2 NA NA 44.6
1980087 1980 03 27 196.76 6 -3.9 0 0.9 NA NA 35.2
1980088 1980 03 28 52.08 4.1 0.5 2.44 3 NA NA 79.3
1980089 1980 03 29 190.97 8.3 -0.4 0 3.4 NA NA 32.69
1980090 1980 03 30 202.55 5.3 -2.3 0 1.8 NA NA 31.8
1980091 1980 03 31 211.81 6.4 -3.8 0 0.7 NA NA 27.1
1980092 1980 04 01 215.28 5.9 -3 0 1.6 NA NA 28.9
1980093 1980 04 02 212.96 7.9 -1.9 0 1.7 NA NA 28.9
1980094 1980 04 03 209.49 7.4 -2 0 2.5 NA NA 24.3
1980095 1980 04 04 206.02 6.9 -2.4 0 1.9 NA NA 27.1
1980096 1980 04 05 215.28 10.7 -3 0 1.3 NA NA 29.7
1980097 1980 04 06 216.44 16.2 -0.2 0 4.1 NA NA 29.7
1980098 1980 04 07 37.04 14.6 8.7 9 4.9 NA NA 73.42
1980099 1980 04 08 33.04 14.4 6.6 1.8 3.1 NA NA 67.6
1980100 1980 04 09 174.77 14.1 6 0 1.3 NA NA 59.8
1980101 1980 04 10 108.8 12.8 1.3 0 0.6 NA NA 60
1980102 1980 04 11 181.71 10.9 0.1 0 2.8 NA NA 43.2
1980103 1980 04 12 188.66 10.99 -1.8 0 0.5 NA NA 34.9
1980104 1980 04 13 237.27 14.6 0 0 1.7 NA NA 29.48
1980105 1980 04 14 248.84 16.08 0.5 0 3 NA NA 26.4
1980106 1980 04 15 254.63 17.9 2.6 0 3.4 NA NA 28.4
1980107 1980 04 16 230.32 19.8 3 0 2.1 NA NA 34.4
1980108 1980 04 17 159.35 18.8 7.1 0 1.2 NA NA 52.8
1980109 1980 04 18 82.18 16.7 7.2 2.9 2 NA NA 69.2
1980110 1980 04 19 100.69 15.7 4.3 2.7 2.6 NA NA 62.4
1980111 1980 04 20 149.31 17.1 1.2 1.6 2.2 NA NA 42.5
1980112 1980 04 21 181.71 15.9 2.9 0 2.2 NA NA 48
1980113 1980 04 22 116.9 15.9 3.8 5.1 2.2 NA NA 51.6
1980114 1980 04 23 223.38 17.8 2 0 0.5 NA NA 45.5
1980115 1980 04 24 230.32 19.9 3.1 0 0.7 NA NA 35.96
1980116 1980 04 25 245.37 20.9 3 0 0.6 NA NA 34.06
1980117 1980 04 26 269.68 20.5 7.8 0 4.3 NA NA 35
1980118 1980 04 27 71.76 13.5 10.9 4.3 5 NA NA 75.3
1980119 1980 04 28 28.94 11 10.3 3.3 2.9 NA NA 90.41
1980120 1980 04 29 70.16 16.6 9.8 0 1.2 NA NA 77.1
1980121 1980 04 30 247.69 22.8 9.6 0 2.7 NA NA 47.9
1980122 1980 05 01 278.94 21.5 9.5 0 2.2 NA NA 43.6
1980123 1980 05 02 152.78 19.5 8.9 0 2.1 NA NA 48.91
1980124 1980 05 03 265.05 17.6 5.8 0 2.5 NA NA 33.3
1980125 1980 05 04 254.63 17.9 5.4 0 2.5 NA NA 36.1
1980126 1980 05 05 116.9 14.5 8.2 0 3.2 NA NA 56.5
1980127 1980 05 06 175.93 16.6 9.8 0 3.4 NA NA 57
1980128 1980 05 07 126.16 18.8 10.9 0 2.4 NA NA 57.11
1980129 1980 05 08 184.03 19.2 10.5 0 2.1 NA NA 45.7
1980130 1980 05 09 211.81 19.2 10.9 0 3 NA NA 43.8
1980131 1980 05 10 188.66 20.3 10.5 0 3.3 NA NA 40.8
1980132 1980 05 11 200.23 19.7 8.6 0 2.9 NA NA 44.5
1980133 1980 05 12 41.67 19.3 10.1 1.2 0.9 NA NA 70.2
1980134 1980 05 13 138.89 22.1 10 2 1.1 NA NA 58.2
1980135 1980 05 14 186.34 22.4 10.1 1.8 1.5 NA NA 54.8
1980136 1980 05 15 256.94 23.4 10 0 1.8 NA NA 47.3
1980137 1980 05 16 116.9 22.2 12.6 2.7 1.9 NA NA 63.55
1980138 1980 05 17 289.35 23.4 11.2 0 2.2 NA NA 45.1
1980139 1980 05 18 243.06 23.2 8.4 2.5 1.3 NA NA 45.19
1980140 1980 05 19 186.34 22.4 7.4 0 1.6 NA NA 52
1980141 1980 05 20 135.42 21.2 13.5 6.6 4.4 NA NA 67.5
1980142 1980 05 21 113.43 21.7 13.1 13.59 2.7 NA NA 62.9
1980143 1980 05 22 39.35 22.1 12.5 14.44 1.3 NA NA 68.3
1980144 1980 05 23 278.94 23.9 11.2 1.7 2.5 NA NA 42.3
1980145 1980 05 24 239.58 23.2 8.1 1.23 0.9 NA NA 48.6
1980146 1980 05 25 225.89 22.3 8 0 2.2 NA NA 54.5
1980147 1980 05 26 41.67 21.1 13.2 3.5 2.3 NA NA 70.3
1980148 1980 05 27 247.69 24.8 12.6 3.5 3.4 NA NA 49.7
1980149 1980 05 28 221.06 23.3 13.7 1.8 3.3 NA NA 54.3
1980150 1980 05 29 265.05 22.1 11 0 2.9 NA NA 45.7
1980151 1980 05 30 326.39 23.3 8 0 0.9 NA NA 37.6
1980152 1980 05 31 298.61 27.9 12.4 1.8 2.1 NA NA 40.9
1980153 1980 06 01 290.51 27.1 15.7 0 3.8 NA NA 42.4
1980154 1980 06 02 262.73 26.7 13.9 0 2.5 NA NA 45
1980155 1980 06 03 258.27 25.6 13.8 0 3.3 NA NA 45
1980156 1980 06 04 237.27 26.4 9.8 4.3 2.1 NA NA 43.7
1980157 1980 06 05 254.63 23.9 11 0 3.1 NA NA 46.7
1980158 1980 06 06 248.84 18.8 8.6 0 2.6 NA NA 46.2
1980159 1980 06 07 193.29 16.1 6 0 2.9 NA NA 44.9
1980160 1980 06 08 128.47 18.1 10.5 1.7 2.9 NA NA 57.7
1980161 1980 06 09 211.81 19.1 9.9 0 5.1 NA NA 44.3
1980162 1980 06 10 276.62 15.3 5.93 0 3.5 NA NA 29.9
1980163 1980 06 11 142.36 19.8 5.5 2.8 3.1 NA NA 37.1
1980164 1980 06 12 239.58 18.4 8.3 0 2.4 NA NA 49
1980165 1980 06 13 318.29 17.9 6.8 1.9 3.1 NA NA 42.6
1980166 1980 06 14 228.01 14.8 5.2 0 3.1 NA NA 49.7
1980167 1980 06 15 341.44 20.2 4.2 0 1.9 NA NA 30.6
1980168 1980 06 16 280.09 21.9 4.8 0 1.3 NA NA 39.2
1980169 1980 06 17 246.7 22.5 10.2 0 2.2 NA NA 45.9
1980170 1980 06 18 254.63 25.1 7.1 0 0.3 NA NA 45.69
1980171 1980 06 19 90.28 19.6 15.2 19.42 2.9 NA NA 88.67
1980172 1980 06 20 296.3 26.7 14.3 0 2.3 NA NA 46.3
1980173 1980 06 21 300.93 26.49 15.3 0 3.4 NA NA 43.6
1980174 1980 06 22 259.26 26.3 14.7 3.7 2.4 NA NA 44.99
1980175 1980 06 23 190.97 23.1 13.7 8.4 3.5 NA NA 61.8
1980176 1980 06 24 321.76 22.28 8.7 0 2.8 NA NA 41.3
1980177 1980 06 25 243.06 24.9 7.3 4.3 1.3 NA NA 37.4
1980178 1980 06 26 177.08 22.2 13.5 2.2 2.2 NA NA 57.8
1980179 1980 06 27 263.89 18.1 7.1 0 3.6 NA NA 50.6
1980180 1980 06 28 90.28 20.7 8.3 4.6 2.2 NA NA 50.11
1980181 1980 06 29 243.06 23.9 12.8 0 2.7 NA NA 47
1980182 1980 06 30 39.35 16.4 12.4 22.48 3.2 NA NA 83.1
1980183 1980 07 01 292.82 21.2 10.6 0 3 NA NA 41.88
1980184 1980 07 02 170.14 23.1 9.5 3.5 1.8 NA NA 48.8
1980185 1980 07 03 300.93 25.1 10.8 0 1.3 NA NA 42.2
1980186 1980 07 04 85.65 21.6 14.3 5.8 2.7 NA NA 75.41
1980187 1980 07 05 204.86 25.41 13.18 4.6 1.9 NA NA 58.6
1980188 1980 07 06 193.29 24.4 12.4 0 1.9 NA NA 59.9
1980189 1980 07 07 162.04 25 14.3 3 2.6 NA NA 51.1
1980190 1980 07 08 273.54 24.2 13.1 1.2 2.3 NA NA 44.1
1980191 1980 07 09 222.22 25 11.7 2.4 0.5 NA NA 55.1
1980192 1980 07 10 208.33 24.9 9.6 0 0.7 NA NA 41.3
1980193 1980 07 11 282.41 27.57 11.9 1.2 1.29 NA NA 46.6
1980194 1980 07 12 236.11 28.8 15.6 5.8 2.3 NA NA 43.2
1980195 1980 07 13 145.83 24.3 15.6 23.2 3.1 NA NA 69.8
1980196 1980 07 14 222.22 25.6 14.4 3.5 2.2 NA NA 56.8
1980197 1980 07 15 167.82 26.1 13 3.3 0.8 NA NA 50.8
1980198 1980 07 16 296.3 25.7 13.2 1.5 1.6 NA NA 45.31
1980199 1980 07 17 104.17 23.1 13.97 13.59 1.6 NA NA 69.41
1980200 1980 07 18 284.72 24.5 12.5 0 2.3 NA NA 44.9
1980201 1980 07 19 126.16 25.42 11.5 5.3 1.4 NA NA 50.4
1980202 1980 07 20 193.29 24.9 13.3 1.9 0.5 NA NA 60.9
1980203 1980 07 21 32.41 21.3 14.19 6.4 2.2 NA NA 86.1
1980204 1980 07 22 37.04 19.1 12.1 4.6 4.2 NA NA 77.8
1980205 1980 07 23 200.23 18.9 11 0 4.6 NA NA 47.6
1980206 1980 07 24 283.56 22.8 8.4 0 1.9 NA NA 37.6
1980207 1980 07 25 236.11 24.9 11.6 4.3 2.3 NA NA 47.1
1980208 1980 07 26 225.69 20.8 9.4 0 3.3 NA NA 57.8
1980209 1980 07 27 214.12 21.6 6.9 2.9 1.1 NA NA 43
1980210 1980 07 28 248.84 23.8 7.8 0 0.3 NA NA 50.3
1980211 1980 07 29 265.05 23.4 10.9 1.2 1.7 NA NA 47.2
1980212 1980 07 30 278.94 23.6 11.4 0 2.3 NA NA 45.6
1980213 1980 07 31 265.05 27.26 12.4 0 2.9 NA NA 35.3
1980214 1980 08 01 261.57 28.9 14.8 0 3.4 NA NA 34.5
1980215 1980 08 02 37.04 20.9 13.4 16 4.4 NA NA 80.7
1980216 1980 08 03 180.56 22.2 13.1 0 3.2 NA NA 52.8
1980217 1980 08 04 253.47 25.6 10.5 0 0.3 NA NA 47.5
1980218 1980 08 05 200.23 28 11.4 0 0.7 NA NA 45.7
1980219 1980 08 06 199.07 29.5 16.2 2.3 2.4 NA NA 39.02
1980220 1980 08 07 94.91 27.2 13.8 3.4 0.5 NA NA 59.9
1980221 1980 08 08 159.72 24.1 15.3 0 2.7 NA NA 67.9
1980222 1980 08 09 145.07 24 15.4 0 2.5 NA NA 58
1980223 1980 08 10 165.51 24.9 13.87 0 1.3 NA NA 59
1980224 1980 08 11 178.24 26.8 14 0 0.6 NA NA 50.9
1980225 1980 08 12 260.42 29.7 13.9 0 0.9 NA NA 40.4
1980226 1980 08 13 252.31 29.8 14.8 0 1.1 NA NA 42.3
1980227 1980 08 14 127.31 25.8 15.75 0 3.1 NA NA 55.19
1980228 1980 08 15 255.79 26.2 11.3 0 0.8 NA NA 40.8
1980229 1980 08 16 252.31 27.7 9.6 0 0.5 NA NA 35
1980230 1980 08 17 251.16 29.3 12.4 0 1.1 NA NA 32.6
1980231 1980 08 18 138.89 24.8 12.9 1.2 2.4 NA NA 59.3
1980232 1980 08 19 222.22 22.3 12.4 0 2.7 NA NA 47.4
1980233 1980 08 20 226.85 21 10.4 0 1.8 NA NA 42.8
1980234 1980 08 21 200.23 19.5 9.8 0 3.5 NA NA 45.1
1980235 1980 08 22 230.32 22.2 6.78 0 1.7 NA NA 39.8
1980236 1980 08 23 194.44 21.5 9.9 0 2.7 NA NA 46.5
1980237 1980 08 24 243.06 21.9 7 0 1 NA NA 33.38
1980238 1980 08 25 243.06 22.7 5.5 0 1.35 NA NA 29.5
1980239 1980 08 26 238.43 22.9 8.1 0 2.6 NA NA 29
1980240 1980 08 27 230.32 24.6 9.7 0 2.4 NA NA 32.08
1980241 1980 08 28 228.01 27.81 12.6 0 2.6 NA NA 33
1980242 1980 08 29 214.12 27.8 15.6 0 2.3 NA NA 38.9
1980243 1980 08 30 223.38 27.4 13.9 0 1.7 NA NA 35.5
1980244 1980 08 31 128.47 27.3 14.5 2.5 1 NA NA 44.29
1980245 1980 09 01 90.28 29.6 12.1 3.7 0.4 NA NA 38.5
1980246 1980 09 02 221.06 27.1 12.6 0 1.1 NA NA 42.6
1980247 1980 09 03 100.69 26.9 11.88 1.9 1.3 NA NA 49.3
1980248 1980 09 04 225.89 21.9 10.7 5.8 3.6 NA NA 51.14
1980249 1980 09 05 223.38 21.7 7.4 0 1.2 NA NA 32.4
1980250 1980 09 06 210.65 24.46 7.3 0 0.5 NA NA 35.1
1980251 1980 09 07 210.65 26.7 10.2 0 1 NA NA 32.7
1980252 1980 09 08 203.7 29.6 13.2 0 1.3 NA NA 32.5
1980253 1980 09 09 194.44 29 15.49 2 0.9 NA NA 46.8
1980254 1980 09 10 178.24 28.9 17.1 0 0.6 NA NA 49.2
1980255 1980 09 11 197.92 27.9 16 0 2.2 NA NA 37.5
1980256 1980 09 12 203.7 24.1 12.5 0 3 NA NA 23.68
1980257 1980 09 13 207.18 21.3 9.5 0 3.3 NA NA 23.4
1980258 1980 09 14 181.71 20.4 8.1 0 1.7 NA NA 30.9
1980259 1980 09 15 171.3 22.3 7.9 2.5 3.1 NA NA 27.7
1980260 1980 09 16 41.67 15.9 11.4 5.33 3.1 NA NA 80.78
1980261 1980 09 17 130.79 18.1 9 0 3.6 NA NA 55.6
1980262 1980 09 18 133.1 19.8 9.4 0 3.1 NA NA 44.53
1980263 1980 09 19 97.22 16.6 6.4 0 2 NA NA 57.4
1980264 1980 09 20 104.83 19.8 9 0 1.8 NA NA 50.9
1980265 1980 09 21 179.4 23.8 8.44 0 2.8 NA NA 29.6
1980266 1980 09 22 33.56 20.4 9.7 9.2 3.2 NA NA 65.7
1980267 1980 09 23 188.66 23.7 7.8 0 2 NA NA 35.96
1980268 1980 09 24 105.32 22.9 12.7 2.2 3 NA NA 50.38
1980269 1980 09 25 155.09 22.7 12 0 2.3 NA NA 49.1
1980270 1980 09 26 126.16 23.2 12.2 0 2.4 NA NA 45.7
1980271 1980 09 27 108.8 24.9 11.5 5.1 2.6 NA NA 50.26
1980272 1980 09 28 98.38 25 17.2 6.3 3.1 NA NA 65.8
1980273 1980 09 29 82.52 22.2 15.7 18.48 2.4 NA NA 76.5
1980274 1980 09 30 72.92 18.4 8.7 1.1 4.4 NA NA 65.4
1980275 1980 10 01 145.77 20.4 6.1 1.7 2.7 NA NA 45.7
1980276 1980 10 02 136.57 17.5 8.1 0 2.4 NA NA 50.5
1980277 1980 10 03 31.25 17.9 8.4 7.5 4.9 NA NA 57.5
1980278 1980 10 04 140.05 9.3 3.2 0 4.6 NA NA 37.5
1980279 1980 10 05 153.94 9.5 0.4 0 1.7 NA NA 38.05
1980280 1980 10 06 38.19 8.69 3 2.3 2.2 NA NA 67.7
1980281 1980 10 07 32.41 14.5 -0.3 10.8 3 NA NA 52.5
1980282 1980 10 08 148.15 11.8 -0.4 0 6.3 NA NA 28.1
1980283 1980 10 09 144.68 8.44 -1.2 0 4.2 NA NA 28.1
1980284 1980 10 10 89.12 8.5 2.4 0 3.6 NA NA 42.6
1980285 1980 10 11 144.68 15 0.8 0 2.7 NA NA 37.6
1980286 1980 10 12 97.22 19.6 11.4 1.63 3.9 NA NA 58.6
1980287 1980 10 13 70.6 23.7 13 1.2 3.36 NA NA 55.9
1980288 1980 10 14 85.65 21 9.3 1.8 2.7 NA NA 62.3
1980289 1980 10 15 33.56 7.9 5.1 14.13 2.3 NA NA 74.3
1980290 1980 10 16 62.5 8.5 3.1 4.1 4.3 NA NA 61.5
1980291 1980 10 17 30.09 11.3 5.1 4.6 2.1 NA NA 79.3
1980292 1980 10 18 65.97 16.9 5 1.4 2 NA NA 60.57
1980293 1980 10 19 109.95 16.1 4.3 0 1.3 NA NA 58.9
1980294 1980 10 20 40.51 18.53 11.3 5.4 5 NA NA 71.9
1980295 1980 10 21 70.6 21.4 13.5 4.6 4.2 NA NA 70.9
1980296 1980 10 22 122.69 19.7 11.3 1.2 2.9 NA NA 57.6
1980297 1980 10 23 111.11 16.7 8.3 0 1.6 NA NA 65.9
1980298 1980 10 24 106.48 12.6 4.3 0 2.2 NA NA 61.4
1980299 1980 10 25 106.48 14.5 5.2 0 2.1 NA NA 52.09
1980300 1980 10 26 40.51 16.8 5.3 7.7 3.7 NA NA 54.1
1980301 1980 10 27 107.02 12.1 1.2 0 2.6 NA NA 35.29
1980302 1980 10 28 112.27 17.8 7.2 0 3.4 NA NA 48
1980303 1980 10 29 98.38 18.7 8.3 0 2.6 NA NA 58.3
1980304 1980 10 30 97.22 19.9 8 0 2 NA NA 53.8
1980305 1980 10 31 75.23 19.1 5.8 0 0.3 NA NA 58.5
1980306 1980 11 01 54.4 19.8 8.5 0 0.18 NA NA 60.7
1980307 1980 11 02 82.18 18.3 6.4 0 0.6 NA NA 60.3
1980308 1980 11 03 87.96 15.2 4.2 0 1.5 NA NA 62.5
1980309 1980 11 04 38.19 11.2 2.6 0 0.8 NA NA 75.41
1980310 1980 11 05 87.96 10.3 0.9 0 0.8 NA NA 61.69
1980311 1980 11 06 75.23 15.3 2 0 2.1 NA NA 45.2
1980312 1980 11 07 74.07 14.7 2.93 0 1.8 NA NA 56.7
1980313 1980 11 08 81.02 12.8 3.3 0 1.7 NA NA 60
1980314 1980 11 09 75.23 11.62 1.9 0 1.5 NA NA 57.4
1980315 1980 11 10 39.35 11.8 6 0 1.4 NA NA 66.1
1980316 1980 11 11 61.34 12.6 3.2 0 1.2 NA NA 61.4
1980317 1980 11 12 72.92 10.8 0.4 0 0.5 NA NA 56.6
1980318 1980 11 13 41.67 10 1.2 0 0.5 NA NA 71.8
1980319 1980 11 14 67.13 14.8 7.7 0 1.1 NA NA 70.5
1980320 1980 11 15 34.72 11.6 4.7 0 0.6 NA NA 74.6
1980321 1980 11 16 53.24 10.6 2.6 1.78 2.9 NA NA 66.46
1980322 1980 11 17 71.76 7 0.4 0 1.9 NA NA 60.6
1980323 1980 11 18 43.98 5.5 -0.9 0 2.4 NA NA 62.3
1980324 1980 11 19 70.6 3.11 -2.4 0 2.9 NA NA 43.4
1980325 1980 11 20 60.19 0.9 -4.8 0 4.2 NA NA 28.6
1980326 1980 11 21 71.76 -0.4 -5.91 0 3.2 NA NA 17.4
1980327 1980 11 22 69.44 -0.2 -6.3 0 2.8 NA NA 24.5
1980328 1980 11 23 68.29 -0.1 -7.7 0 1.9 NA NA 30.8
1980329 1980 11 24 68.29 0.3 -9.2 0 0.8 NA NA 33
1980330 1980 11 25 68.29 0.5 -9.5 0 1.4 NA NA 29.7
1980331 1980 11 26 26.62 1 -7 0 2.1 NA NA 50
1980332 1980 11 27 24.31 2.5 -0.9 0 1.5 NA NA 88.6
1980333 1980 11 28 60.19 2.3 -5.2 0 3.2 NA NA 59.82
1980334 1980 11 29 68.29 -1.5 -7.4 0 3.4 NA NA 22.6
1980335 1980 11 30 31.25 -1.2 -7.5 0 3.6 NA NA 33.6
1980336 1980 12 01 54.4 -0.1 -8.3 0 1.5 NA NA 68.5
1980337 1980 12 02 56.71 0.4 -8 0 3.6 NA NA 53.7
1980338 1980 12 03 48.61 1.6 -5.4 2.4 4.7 NA NA 66.41
1980339 1980 12 04 27.78 2.3 -0.6 3.42 1 NA NA 91.35
1980340 1980 12 05 48.61 2.7 -2.5 2 1.5 NA NA 78.4
1980341 1980 12 06 19.68 2 -4.7 5.9 2 NA NA 87.6
1980342 1980 12 07 47.45 0.12 -7.2 0 1.7 NA NA 77.3
1980343 1980 12 08 60.19 2.1 -8.4 0 1.5 NA NA 74.6
1980344 1980 12 09 47.45 -0.1 -9.5 0 2.1 NA NA 70.8
1980345 1980 12 10 60.19 0.5 -4.5 0 5.3 NA NA 70.61
1980346 1980 12 11 24.31 1.3 -4.9 0 3.4 NA NA 71.1
1980347 1980 12 12 54.4 1.8 -3.74 0 2.6 NA NA 76.8
1980348 1980 12 13 37.04 1.21 -4.5 0 2 NA NA 80.2
1980349 1980 12 14 46.3 -0.3 -6.9 0 2.3 NA NA 74.6
1980350 1980 12 15 28.94 1.7 -6.87 0 1.6 NA NA 78.6
1980351 1980 12 16 21.99 2.7 0.4 0 2.4 NA NA 91.31
1980352 1980 12 17 37.04 4.8 0.1 0 4.4 NA NA 63.8
1980353 1980 12 18 46.3 3.39 -3 0 4.6 NA NA 64.3
1980354 1980 12 19 17.36 3 -2.9 0 2.6 NA NA 78.46
1980355 1980 12 20 55.56 4.6 -1.3 0 2 NA NA 73.3
1980356 1980 12 21 56.71 4.9 -1 0 2.7 NA NA 74.7
1980357 1980 12 22 40.51 7.3 3.7 0 5 NA NA 60.6
1980358 1980 12 23 43.98 6.9 0.7 0 3.7 NA NA 58.7
1980359 1980 12 24 52.08 6.4 -0.7 0 2.7 NA NA 54.1
1980360 1980 12 25 40.51 3.8 -3.4 0 0.6 NA NA 75
1980361 1980 12 26 25.46 8.8 2.4 2.4 3 NA NA 68.8
1980362 1980 12 27 47.45 7.5 2.5 0 3.3 NA NA 70
1980363 1980 12 28 40.51 4.5 -1.7 0 2.6 NA NA 75.7
1980364 1980 12 29 52.08 0.3 -6.2 0 4.4 NA NA 51.5
1980365 1980 12 30 34.72 -2.8 -7.9 0 6.7 NA NA 33
1980366 1980 12 31 28.94 -1.1 -7.3 0 4.9 NA NA 39.5
1981001 1981 01 01 34.72 -0.97 -6.5 0 1.2 NA NA 58.5
1981002 1981 01 02 48.61 -1 -7.4 0 0.5 NA NA 59.6
1981003 1981 01 03 46.3 -1.2 -9.3 0 1.6 NA NA 61.3
1981004 1981 01 04 46.42 1.55 -7.8 0 2.3 NA NA 63.5
1981005 1981 01 05 48.61 1.7 -6.1 0 0.8 NA NA 79.3
1981006 1981 01 06 60.19 5.6 -1.6 0 1.4 NA NA 71.48
1981007 1981 01 07 60.19 4 -2.3 0 1 NA NA 72
1981008 1981 01 08 54.4 3.8 -2.4 0 1.6 NA NA 75.5
1981009 1981 01 09 50.93 3.5 -2.1 0 2.3 NA NA 76.5
1981010 1981 01 10 50.93 1.6 -2.9 0 3.7 NA NA 68.7
1981011 1981 01 11 56.62 0.4 -5.8 0 3.2 NA NA 53.2
1981012 1981 01 12 55.56 -2.8 -9.6 0 2.3 NA NA 34.7
1981013 1981 01 13 68.29 -2.2 -10.67 0 1.6 NA NA 28.9
1981014 1981 01 14 61.34 -1.9 -10.63 0 2.5 NA NA 28.9
1981015 1981 01 15 65.97 -4.2 -12.68 0 2.3 NA NA 22.6
1981016 1981 01 16 34.72 -3 -11.5 1.6 1.6 NA NA 29.69
1981017 1981 01 17 54.4 -4.02 -13.5 0 1.4 NA NA 68.2
1981018 1981 01 18 67.13 -0.2 -13.8 1.4 2.2 NA NA 53.7
1981019 1981 01 19 28.94 1.2 -1.6 3.3 1.2 NA NA 91.32
1981020 1981 01 20 72.92 0.5 -6.1 1.7 3.7 NA NA 82.13
1981021 1981 01 21 40.51 -0.6 -6.2 0 4.1 NA NA 70.5
1981022 1981 01 22 68.29 -2.9 -11.42 0 2.5 NA NA 54.5
1981023 1981 01 23 26.62 0.3 -8.5 5.6 3.1 NA NA 71.7
1981024 1981 01 24 35.88 1.3 -5.3 5.8 3.9 NA NA 82.6
1981025 1981 01 25 65.97 0.3 -11.3 0 2.5 NA NA 52
1981026 1981 01 26 67.13 2 -4.6 0 2.8 NA NA 81.1
1981027 1981 01 27 72.92 1.7 -7.62 0 1.8 NA NA 79.5
1981028 1981 01 28 84.49 -0.1 -10.5 0 1.5 NA NA 59.32
1981029 1981 01 29 81.02 -2.5 -12.5 0 1.5 NA NA 59
1981030 1981 01 30 84.49 -3.71 -14.9 0 0.6 NA NA 61.8
1981031 1981 01 31 83.33 -2.8 -14.2 0 1.1 NA NA 57
1981032 1981 02 01 96.06 -4.38 -12.3 0 2.4 NA NA 70.6
1981033 1981 02 02 84.49 -3.51 -14.54 0 2 NA NA 36.1
1981034 1981 02 03 89.12 -2.93 -8.5 0 3.8 NA NA 78.1
1981035 1981 02 04 87.96 -4.2 -10.8 0 4.9 NA NA 67.6
1981036 1981 02 05 96.06 -5.2 -11.76 0 4.4 NA NA 62.59
1981037 1981 02 06 99.71 -5.79 -14.8 0 5 NA NA 43.2
1981038 1981 02 07 97.22 -4.93 -13.4 0 4.7 NA NA 69.31
1981039 1981 02 08 101.59 -8.06 -14.89 0 3.5 NA NA 65.16
1981040 1981 02 09 106.48 -7.6 -15.36 0 3.2 NA NA 58.5
1981041 1981 02 10 100.69 -7.3 -15.3 0 3.6 NA NA 59.2
1981042 1981 02 11 105.32 -8.81 -19.02 0 2.2 NA NA 61.1
1981043 1981 02 12 104.17 -8.65 -20.5 0 1.2 NA NA 62
1981044 1981 02 13 98.38 -4.3 -15.14 0 1.9 NA NA 62.9
1981045 1981 02 14 101.85 -3.3 -16.7 1.1 1.6 NA NA 52.1
1981046 1981 02 15 107.64 -1.3 -12.2 0 1.9 NA NA 62.9
1981047 1981 02 16 83.33 1 -13.1 0 2 NA NA 41.6
1981048 1981 02 17 109.95 -0.74 -9.3 0 3.4 NA NA 62.4
1981049 1981 02 18 108.8 0.6 -12.3 0 1.9 NA NA 49.4
1981050 1981 02 19 107.64 1.7 -6.1 0 2.1 NA NA 81.2
1981051 1981 02 20 126.16 2.3 -10 0 3 NA NA 67.3
1981052 1981 02 21 106.48 2.3 -4.1 0 3.4 NA NA 82
1981053 1981 02 22 108.8 2.3 -4.2 0 2.9 NA NA 69.6
1981054 1981 02 23 98.38 3.5 -1.8 0 2.9 NA NA 80.9
1981055 1981 02 24 118.06 3.7 -2.4 0 4.4 NA NA 62.42
1981056 1981 02 25 82.18 4.1 -3.7 0 2.4 NA NA 53.7
1981057 1981 02 26 138.09 6.1 -2.61 0 2.4 NA NA 41.5
1981058 1981 02 27 134.26 10.9 0.9 0 3.7 NA NA 46.8
1981059 1981 02 28 130.79 5.6 -1.3 0 2.4 NA NA 59
1981060 1981 03 01 84.49 8.04 -1 1.6 3.5 NA NA 49.3
1981061 1981 03 02 140.32 5.4 -1 0 3.1 NA NA 42.4
1981062 1981 03 03 151.62 6.5 -1.3 0 3.1 NA NA 42.8
1981063 1981 03 04 149.31 6.4 -0.85 0 4.8 NA NA 38.4
1981064 1981 03 05 148.15 6.7 -2 0 2.6 NA NA 27.5
1981065 1981 03 06 28.94 7.9 1.9 10.3 4 NA NA 77.1
1981066 1981 03 07 137.73 10.74 1.8 0 2.8 NA NA 43.5
1981067 1981 03 08 158.56 7.7 0.7 0 3.1 NA NA 33.5
1981068 1981 03 09 30.09 5.7 -0.7 7.5 3.2 NA NA 76.7
1981069 1981 03 10 111.11 5.6 -1.4 0 1.9 NA NA 50.1
1981070 1981 03 11 157.41 7.9 1.4 3 4.1 NA NA 44.2
1981071 1981 03 12 156.64 4.8 -2.7 0 1.9 NA NA 45.1
1981072 1981 03 13 167.82 3.8 -4 0 1.3 NA NA 32.3
1981073 1981 03 14 171.3 4.6 -4.5 0 2.1 NA NA 30.2
1981074 1981 03 15 111.11 5.2 -1.5 0 1.8 NA NA 37.5
1981075 1981 03 16 178.24 8.7 0.1 0 2.2 NA NA 40.1
1981076 1981 03 17 91.44 6.4 0.79 0 3.7 NA NA 74.6
1981077 1981 03 18 180.72 6.4 -1.3 0 2 NA NA 39.26
1981078 1981 03 19 164.35 5.4 -2 0 4 NA NA 33.8
1981079 1981 03 20 196.76 2 -5.4 0 2.3 NA NA 21.5
1981080 1981 03 21 200.23 4 -5.6 0 2.4 NA NA 24.8
1981081 1981 03 22 75.16 14.9 1.9 0 3.8 NA NA 43.6
1981082 1981 03 23 177.08 6.5 1.2 0 3.4 NA NA 45.1
1981083 1981 03 24 201.39 2.3 -3.64 1.8 4.7 NA NA 33.2
1981084 1981 03 25 199.07 1 -5.2 0 5.1 NA NA 24.7
1981085 1981 03 26 182.87 0.3 -6.5 0 6 NA NA 25.6
1981086 1981 03 27 195.6 0.26 -6 0 6.63 NA NA 26.1
1981087 1981 03 28 192.13 -0.1 -7.2 0 4.4 NA NA 24.85
1981088 1981 03 29 190.97 0.7 -6.6 0 3.3 NA NA 27.8
1981089 1981 03 30 214.12 1.6 -6.5 0 3 NA NA 22.8
1981090 1981 03 31 216.44 1.2 -7 0 3.4 NA NA 19.8
1981091 1981 04 01 219.91 -0.1 -7.5 0 2.5 NA NA 20.7
1981092 1981 04 02 229.17 1.1 -6.9 0 0.9 NA NA 21.06
1981093 1981 04 03 203.7 3.6 -5 0 0.6 NA NA 27.1
1981094 1981 04 04 216.44 4.2 -4.9 0 0.9 NA NA 33.9
1981095 1981 04 05 217.59 5.3 -4.54 0 1 NA NA 36
1981096 1981 04 06 215.28 6.88 -1.8 3.5 3.4 NA NA 40.6
1981097 1981 04 07 86.81 3.8 0 0 2 NA NA 78.8
1981098 1981 04 08 201.39 6.3 -1.9 0 1.4 NA NA 43.35
1981099 1981 04 09 202.55 8.3 -3.6 0 0.3 NA NA 31.2
1981100 1981 04 10 167.82 10 0.5 0 2.5 NA NA 45.67
1981101 1981 04 11 244.21 10.3 -1.4 0 2.6 NA NA 28.1
1981102 1981 04 12 206.02 12.38 -1.4 0 1 NA NA 26.8
1981103 1981 04 13 221.06 12.3 -0.5 0 2.8 NA NA 28.3
1981104 1981 04 14 197.92 7.6 0.59 0 4.2 NA NA 30.42
1981105 1981 04 15 237.27 7.4 -1.3 0 2.5 NA NA 25.1
1981106 1981 04 16 199.07 10.3 -0.9 0 3.2 NA NA 31.1
1981107 1981 04 17 232.64 13.91 -1.3 0 1.5 NA NA 36.38
1981108 1981 04 18 199.07 21.3 5.2 1.2 2.1 NA NA 40.6
1981109 1981 04 19 237.27 16.3 1.5 0 1.7 NA NA 35.7
1981110 1981 04 20 196.76 18.3 1.5 0 0.4 NA NA 38.9
1981111 1981 04 21 173.61 22.6 5.8 0 2.5 NA NA 36.9
1981112 1981 04 22 251.16 17.8 3.4 0 1.9 NA NA 34.6
1981113 1981 04 23 267.36 19.1 1.6 0 1.7 NA NA 32.6
1981114 1981 04 24 253.47 19.9 1.38 0 1 NA NA 31.5
1981115 1981 04 25 263.89 22.6 1.2 0 1.3 NA NA 28.9
1981116 1981 04 26 259.26 22.9 5.3 0 1.9 NA NA 30.9
1981117 1981 04 27 256.94 22.8 7.4 0 1.8 NA NA 33.1
1981118 1981 04 28 217.59 21.49 8.3 0 2.7 NA NA 45.6
1981119 1981 04 29 214.12 16.87 7.2 0 4 NA NA 46.6
1981120 1981 04 30 241.1 22.3 5.9 0 2.8 NA NA 30.94
1981121 1981 05 01 231.48 17.2 7.6 0 4.31 NA NA 40.31
1981122 1981 05 02 273.15 15 3.9 0 2.3 NA NA 30.2
1981123 1981 05 03 263.89 22.9 4.2 0 3.2 NA NA 27.6
1981124 1981 05 04 226.85 25.4 12.2 0 3.5 NA NA 36.9
1981125 1981 05 05 97.22 21.6 12.7 4.6 3.5 NA NA 57.5
1981126 1981 05 06 134.26 13.6 8.1 5.6 4.02 NA NA 77.8
1981127 1981 05 07 212.96 14.1 4.8 0 4.8 NA NA 39.5
1981128 1981 05 08 258.43 18.1 1.1 5.4 2.5 NA NA 35.3
1981129 1981 05 09 229.17 12.8 4 0 4.2 NA NA 32.2
1981130 1981 05 10 219.91 10.5 2.8 0 3.8 NA NA 36.9
1981131 1981 05 11 230.32 12.6 1.6 0 2.9 NA NA 29.9
1981132 1981 05 12 292.82 15 0.6 0 2.4 NA NA 25.2
1981133 1981 05 13 288.19 19.3 -1.1 0 1.1 NA NA 27.4
1981134 1981 05 14 266.2 16.8 5.3 0 3 NA NA 40.8
1981135 1981 05 15 109.95 16.26 4.22 1.78 3 NA NA 49.7
1981136 1981 05 16 263.89 10.9 2.1 0 2.7 NA NA 33.4
1981137 1981 05 17 281.25 8.53 0.8 0 3 NA NA 27
1981138 1981 05 18 276.62 8.4 -0.5 0 2.9 NA NA 25.6
1981139 1981 05 19 212.96 8.98 -0.1 1.2 3 NA NA 34.6
1981140 1981 05 20 248.84 11.8 2.4 0 3.1 NA NA 31.9
1981141 1981 05 21 262.73 11.5 -0.1 0 1.4 NA NA 30
1981142 1981 05 22 246.53 16.2 -0.1 0 1.3 NA NA 27.6
1981143 1981 05 23 228.01 19.4 10.7 0 3.4 NA NA 36.4
1981144 1981 05 24 75.23 14.2 7.7 14 3.3 NA NA 77.7
1981145 1981 05 25 122.69 15.4 9 5.6 2.6 NA NA 78.4
1981146 1981 05 26 100.69 19.5 11 0 4 NA NA 55.9
1981147 1981 05 27 244.21 22.7 10 0 1.2 NA NA 48.2
1981148 1981 05 28 96.06 23.7 9.2 12.76 1.4 NA NA 47.4
1981149 1981 05 29 255.79 24.8 8.7 3.3 1.5 NA NA 41.4
1981150 1981 05 30 233.8 23.2 7.8 2.7 1 NA NA 49.95
1981151 1981 05 31 269.68 24.7 5.9 1.2 0.2 NA NA 42.6
1981152 1981 06 01 164.35 24.6 9.4 8.7 1 NA NA 49.6
1981153 1981 06 02 237.27 24.9 11.7 1.6 2.4 NA NA 44
1981154 1981 06 03 232.68 23.9 11.8 2.9 2 NA NA 48.35
1981155 1981 06 04 247.69 24.6 10.3 2 1.2 NA NA 45.44
1981156 1981 06 05 198.37 24.1 8.5 2.3 0.8 NA NA 51.6
1981157 1981 06 06 270.83 23.4 12 0 3.2 NA NA 47.1
1981158 1981 06 07 168.98 23.2 12.5 0 2.7 NA NA 54.8
1981159 1981 06 08 271.99 26 12.3 2.5 2.09 NA NA 39.3
1981160 1981 06 09 278.94 26.7 10.9 2.5 0.6 NA NA 45.2
1981161 1981 06 10 70.45 24.4 15.5 11.75 3.2 NA NA 60.3
1981162 1981 06 11 165.51 25.9 14.8 2.5 2.8 NA NA 54.9
1981163 1981 06 12 177.08 25.8 13 1.8 1.3 NA NA 55.8
1981164 1981 06 13 245.37 27.5 12.4 0 1.4 NA NA 45.1
1981165 1981 06 14 234.95 28.2 14.3 1.8 1.7 NA NA 43.6
1981166 1981 06 15 94.91 25.8 13.8 7 1 NA NA 56
1981167 1981 06 16 319.44 25.4 11.5 0 1.2 NA NA 45.22
1981168 1981 06 17 237.27 27.6 9.5 0 0.4 NA NA 37.2
1981169 1981 06 18 210.65 28.5 11.2 1.2 0.2 NA NA 39.1
1981170 1981 06 19 263.86 26.91 12.3 2.4 0.4 NA NA 50.5
1981171 1981 06 20 167.82 26.1 12.3 15.4 0.5 NA NA 58.8
1981172 1981 06 21 39.35 19.5 11.8 5.98 3.49 NA NA 69.3
1981173 1981 06 22 178.24 18.3 10 0 2.6 NA NA 54.3
1981174 1981 06 23 218.75 19.7 9.5 0 2 NA NA 50.1
1981175 1981 06 24 157.41 19.6 12.8 0 3.4 NA NA 50.5
1981176 1981 06 25 295.14 21.8 10.5 0 3.5 NA NA 35.6
1981177 1981 06 26 244.21 20.9 11.08 0 3.4 NA NA 40.68
1981178 1981 06 27 245.37 22.8 8.4 1.1 1.3 NA NA 41
1981179 1981 06 28 339.12 22.7 12.4 4.4 2.3 NA NA 48.2
1981180 1981 06 29 151.62 26.6 14.8 30.34 3.5 NA NA 49.91
1981181 1981 06 30 76.39 18.5 8.31 1.1 4.6 NA NA 67.7
1981182 1981 07 01 195.6 18.64 5.1 0 0.9 NA NA 45.5
1981183 1981 07 02 304.4 21.7 8.6 7.04 0.9 NA NA 37.84
1981184 1981 07 03 128.47 18.1 11.9 10.7 3 NA NA 71.7
1981185 1981 07 04 281.25 22.1 10 0 2.3 NA NA 40.1
1981186 1981 07 05 269.68 25.2 8.1 0 0.19 NA NA 51.9
1981187 1981 07 06 263.89 23.9 12.7 0 2.5 NA NA 44
1981188 1981 07 07 175.93 22.6 14.5 0 3.8 NA NA 49.8
1981189 1981 07 08 225.69 22.9 13.3 0 2.7 NA NA 52.4
1981190 1981 07 09 289.35 26.4 12.7 0 1.5 NA NA 46.3
1981191 1981 07 10 190.97 27.9 11.4 2 0.2 NA NA 50.75
1981192 1981 07 11 292.82 28.8 12.9 0 0.9 NA NA 40.5
1981193 1981 07 12 278.95 29 15.3 0 1.6 NA NA 46.6
1981194 1981 07 13 259.26 29 16.3 1.2 1.4 NA NA 50
1981195 1981 07 14 240.74 29.5 15.4 2.5 1.4 NA NA 46.6
1981196 1981 07 15 288.19 28 13.6 0 1.9 NA NA 44.93
1981197 1981 07 16 289.35 29.2 12 0 0.9 NA NA 35.2
1981198 1981 07 17 269.68 30 17.4 4.6 2.6 NA NA 38.6
1981199 1981 07 18 222.22 26.4 13.9 0 2.4 NA NA 47.4
1981200 1981 07 19 245.37 25.7 10.9 0 0.4 NA NA 40.2
1981201 1981 07 20 199.07 26.6 13.9 0 1.5 NA NA 50.5
1981202 1981 07 21 75.23 23.7 17.99 12.5 1.8 NA NA 83
1981203 1981 07 22 283.56 26.8 16 0 1.9 NA NA 47.5
1981204 1981 07 23 284.72 27.1 13.6 0 1.2 NA NA 39.6
1981205 1981 07 24 278.94 28.9 12.2 0 0.5 NA NA 36.44
1981206 1981 07 25 280.12 29.9 13.9 0 0.9 NA NA 33.17
1981207 1981 07 26 283.09 29.94 14.2 0 1.8 NA NA 30.2
1981208 1981 07 27 148.18 28.8 16.2 14.7 2.3 NA NA 47.2
1981209 1981 07 28 280.09 29.45 13.4 0 1 NA NA 38.3
1981210 1981 07 29 244.21 30.1 17.4 4.6 0.8 NA NA 38.8
1981211 1981 07 30 216.44 29.7 17.6 6.7 0.5 NA NA 53.3
1981212 1981 07 31 195.6 30.9 17 2.7 1.7 NA NA 37.6
1981213 1981 08 01 231.48 28.15 17.56 0 3.1 NA NA 51.9
1981214 1981 08 02 230.32 28.3 17.2 0 1.8 NA NA 48
1981215 1981 08 03 212.96 28 15.1 0 1.2 NA NA 44.9
1981216 1981 08 04 216.44 26.63 17.1 0 3.1 NA NA 40.4
1981217 1981 08 05 190.97 25.9 16.5 0 2.7 NA NA 39.8
1981218 1981 08 06 38.19 21.8 16.2 21.17 1.5 NA NA 79.78
1981219 1981 08 07 54.4 22.5 15.7 11.44 2 NA NA 77.1
1981220 1981 08 08 164.35 27.55 16.31 0 0.5 NA NA 56.2
1981221 1981 08 09 253.47 29.2 14.6 0 0.6 NA NA 42.6
1981222 1981 08 10 137.73 29.3 17.6 0 1.9 NA NA 39.7
1981223 1981 08 11 216.44 29.6 18.6 3 3.3 NA NA 47.9
1981224 1981 08 12 244.21 29.1 17.1 2.5 2.1 NA NA 48.7
1981225 1981 08 13 247.69 29.9 16.6 0 1 NA NA 46.6
1981226 1981 08 14 185.19 30.1 16.4 0 1.4 NA NA 40.7
1981227 1981 08 15 233.8 30.2 16.6 5.9 1.8 NA NA 38.37
1981228 1981 08 16 239.58 28.41 16.4 0 1.9 NA NA 46.6
1981229 1981 08 17 227.28 26.9 15.73 0 2.1 NA NA 47.2
1981230 1981 08 18 230.32 26.7 14.4 1.2 2.1 NA NA 49.6
1981231 1981 08 19 234.95 22.6 11.3 0 3.6 NA NA 45.6
1981232 1981 08 20 26.13 15.7 10.4 23.2 2.1 NA NA 85.28
1981233 1981 08 21 221.06 20.2 10.2 0 2 NA NA 45.2
1981234 1981 08 22 230.32 21.5 7.8 0 0.5 NA NA 37.3
1981235 1981 08 23 100.69 25.21 11.7 1.2 1.9 NA NA 38.3
1981236 1981 08 24 140.05 26.5 12.2 1.8 2.4 NA NA 53.7
1981237 1981 08 25 210.65 24.8 13.7 1.4 1.4 NA NA 56.6
1981238 1981 08 26 134.26 23.6 13.1 0 0.5 NA NA 52.53
1981239 1981 08 27 207.18 26.3 12.9 4.8 1.9 NA NA 52.3
1981240 1981 08 28 238.43 20.3 9 0 3 NA NA 49.5
1981241 1981 08 29 244.21 21.1 5.9 0 1 NA NA 33.6
1981242 1981 08 30 236.11 23.6 7.2 0 1.9 NA NA 35.83
1981243 1981 08 31 159.05 19.6 8.8 0 3.1 NA NA 58
1981244 1981 09 01 188.66 25.4 6.5 4.9 2.4 NA NA 32.61
1981245 1981 09 02 166.67 22.9 11.9 0 2.4 NA NA 53.2
1981246 1981 09 03 208.33 21.3 10.3 0 2.4 NA NA 38.9
1981247 1981 09 04 201.39 21 9.3 0 2.9 NA NA 37.3
1981248 1981 09 05 181.71 21.2 7.2 0 2.2 NA NA 48.1
1981249 1981 09 06 209.49 22.8 10.4 0 1.3 NA NA 42.7
1981250 1981 09 07 171.3 21.2 11.7 0 4.2 NA NA 44.2
1981251 1981 09 08 144.68 18.2 11 0 4.7 NA NA 43.5
1981252 1981 09 09 177.08 16.9 8.1 0 4.3 NA NA 38.2
1981253 1981 09 10 211.81 17.2 2.2 0 2.4 NA NA 30.8
1981254 1981 09 11 163.19 18.8 -0.3 10.8 1.2 NA NA 35.9
1981255 1981 09 12 28.94 12.43 8.6 0 2.5 NA NA 64.1
1981256 1981 09 13 101.85 17.2 10 0 2.6 NA NA 62
1981257 1981 09 14 200.23 21.3 8.7 0 2.1 NA NA 37.8
1981258 1981 09 15 109.95 23.8 10.7 2.4 3.6 NA NA 47.2
1981259 1981 09 16 182.87 22.7 11.5 0 2.5 NA NA 48.1
1981260 1981 09 17 86.81 20.36 8 2.5 2.5 NA NA 60.3
1981261 1981 09 18 82.18 15.3 5 0 1.1 NA NA 62.3
1981262 1981 09 19 197.99 18.12 5.8 0 2 NA NA 40.3
1981263 1981 09 20 71.76 22 9.1 21.14 2.5 NA NA 59.5
1981264 1981 09 21 112.27 19.6 10 4.9 1.8 NA NA 70.3
1981265 1981 09 22 172.14 19.8 7.1 0 1.3 NA NA 47.2
1981266 1981 09 23 164.35 21.3 4.1 0 1.9 NA NA 42.72
1981267 1981 09 24 106.48 23.3 13.7 3.5 2.7 NA NA 55.91
1981268 1981 09 25 23.15 18.8 13.4 15.84 1.7 NA NA 82.1
1981269 1981 09 26 168.98 28 13.8 0 2.6 NA NA 40.12
1981270 1981 09 27 167.82 25.4 13.4 0 1.5 NA NA 50.2
1981271 1981 09 28 150.46 21.1 11.9 0 3.9 NA NA 59.4
1981272 1981 09 29 157.41 21.3 8.6 0 1.5 NA NA 48
1981273 1981 09 30 172.45 22.5 8.21 0 1.4 NA NA 41.5
1981274 1981 10 01 84.49 23.5 10.5 4.4 1.4 NA NA 50.1
1981275 1981 10 02 62.5 19.9 11.7 2.2 1.1 NA NA 79.4
1981276 1981 10 03 153.94 18.7 7.5 0 1.3 NA NA 54.7
1981277 1981 10 04 133.1 19.4 6 0 1.2 NA NA 47.7
1981278 1981 10 05 138.89 21.79 8.3 0 2.6 NA NA 45.1
1981279 1981 10 06 63.66 19.7 11 4.8 3.1 NA NA 66.4
1981280 1981 10 07 145.83 15 6.7 1.7 2.6 NA NA 61.48
1981281 1981 10 08 135.42 15.91 5.2 0 2.5 NA NA 38.7
1981282 1981 10 09 144.68 16.6 3.4 0 2 NA NA 34.8
1981283 1981 10 10 103.01 22.2 8.1 0 2.3 NA NA 48.3
1981284 1981 10 11 125 22.9 11.3 0 2.3 NA NA 53.7
1981285 1981 10 12 81.02 18.7 9.4 0 2.5 NA NA 62.3
1981286 1981 10 13 135.42 16.3 6.2 0 2.3 NA NA 38.3
1981287 1981 10 14 126.16 21 5.1 0 2.2 NA NA 34.98
1981288 1981 10 15 137.73 22.21 10.8 0 2.1 NA NA 41.6
1981289 1981 10 16 32.41 18.7 10.9 0 1.5 NA NA 73.62
1981290 1981 10 17 119.21 23.1 12.2 0 2.7 NA NA 59
1981291 1981 10 18 113.43 23.81 10.2 0 1.5 NA NA 52.4
1981292 1981 10 19 118.06 21.2 10.2 0 1.5 NA NA 59.8
1981293 1981 10 20 76.39 20.4 8.2 3.2 1.2 NA NA 61.2
1981294 1981 10 21 118.06 12.4 -0.2 0 2 NA NA 51.9
1981295 1981 10 22 121.53 11.7 -1.5 0 1.6 NA NA 30.6
1981296 1981 10 23 90.28 19.6 3.8 1.2 1.2 NA NA 49.49
1981297 1981 10 24 97.22 13.34 7.4 0 4.5 NA NA 55.5
1981298 1981 10 25 96.06 12.4 3.58 0 2.6 NA NA 60.01
1981299 1981 10 26 112.27 20.1 10.8 0 3.6 NA NA 52.4
1981300 1981 10 27 111.11 16.6 8.1 0 4.6 NA NA 44
1981301 1981 10 28 105.32 8 -0.9 0 2.5 NA NA 48.1
1981302 1981 10 29 109.95 7.5 -2 0 1.6 NA NA 32
1981303 1981 10 30 16.2 9.9 0.4 24.57 4.3 NA NA 51.9
1981304 1981 10 31 98.38 7.8 1.4 0 3.1 NA NA 60.6
1981305 1981 11 01 90.28 12.9 1.7 0 4.1 NA NA 42.8
1981306 1981 11 02 87.96 7.9 1.4 0 3.9 NA NA 51.3
1981307 1981 11 03 98.38 8.4 -1.9 0 1.7 NA NA 48.8
1981308 1981 11 04 69.44 12.7 5.3 0 1.5 NA NA 69.4
1981309 1981 11 05 57.87 14.1 6 0 2.72 NA NA 69.3
1981310 1981 11 06 84.49 7.82 0.9 0 3.3 NA NA 50.5
1981311 1981 11 07 86.81 6.7 -1.2 0 2.1 NA NA 52.48
1981312 1981 11 08 85.65 6.8 -2 0 1.3 NA NA 48.7
1981313 1981 11 09 82.7 6.6 -2.2 0 0.7 NA NA 52.7
1981314 1981 11 10 78.7 6.2 -2.61 0 1.3 NA NA 53.4
1981315 1981 11 11 82.18 5.8 -1.8 0 1.9 NA NA 60.3
1981316 1981 11 12 77.55 8.7 0.1 0 1.8 NA NA 57.5
1981317 1981 11 13 70.6 9.8 0.4 0 2.5 NA NA 63.5
1981318 1981 11 14 74.07 16 7.3 0 2.4 NA NA 60.8
1981319 1981 11 15 76.39 11.8 6.8 0 4.4 NA NA 67.51
1981320 1981 11 16 13.89 7.9 0.2 1.2 2.8 NA NA 82.1
1981321 1981 11 17 76.39 9.8 -0.5 0 2.2 NA NA 51.3
1981322 1981 11 18 77.55 13.33 3 4.1 4.2 NA NA 59.6
1981323 1981 11 19 79.86 10.8 3.7 0 2.2 NA NA 67.8
1981324 1981 11 20 72.92 15.5 3.2 1.1 2.7 NA NA 53.5
1981325 1981 11 21 59.03 20.4 12.4 0 2.8 NA NA 68.3
1981326 1981 11 22 73.74 20 11.3 0 2.7 NA NA 64.2
1981327 1981 11 23 72.92 18.8 10.2 0 3.1 NA NA 65.1
1981328 1981 11 24 60.19 17.9 10.4 0 4.1 NA NA 62.2
1981329 1981 11 25 57.87 16.6 8.7 1.8 3.3 NA NA 69.2
1981330 1981 11 26 63.66 16.1 7 0 3.6 NA NA 61.3
1981331 1981 11 27 54.4 8.8 0.6 0 2.3 NA NA 54.3
1981332 1981 11 28 68.29 4.8 -0.9 0 1 NA NA 63.7
1981333 1981 11 29 38.19 4.6 -0.9 0 2.5 NA NA 63.9
1981334 1981 11 30 11.2 4.2 1.7 20.4 5.3 NA NA 83.1
1981335 1981 12 01 35.88 2.9 -2.9 0 5.5 NA NA 57.5
1981336 1981 12 02 60.19 1.1 -4.1 0 1.8 NA NA 53.2
1981337 1981 12 03 59.03 2 -4.1 0 1.6 NA NA 57
1981338 1981 12 04 59.03 3.1 -4.9 0 2.7 NA NA 52.8
1981339 1981 12 05 56.71 11 1.3 1.45 5.3 NA NA 51.9
1981340 1981 12 06 18.52 12.2 8.8 13.2 4.1 NA NA 81.1
1981341 1981 12 07 53.24 18.3 11.1 1.7 5.4 NA NA 63.5
1981342 1981 12 08 54.98 17.6 11.2 0 5 NA NA 50.9
1981343 1981 12 09 53.24 16.4 9.7 0 3.4 NA NA 56.9
1981344 1981 12 10 50.93 16.3 9.4 0 3.4 NA NA 62.3
1981345 1981 12 11 52.08 9.8 1.6 0 1.4 NA NA 72.4
1981346 1981 12 12 49.77 6.4 -0.8 0 2.1 NA NA 70.4
1981347 1981 12 13 27.78 11.3 6.9 0 2.7 NA NA 65.1
1981348 1981 12 14 53.24 9.9 3.4 0 2.7 NA NA 60.6
1981349 1981 12 15 46.3 14.5 5.4 0 4.5 NA NA 59.6
1981350 1981 12 16 45.14 10.9 1.9 6.1 3.6 NA NA 66.5
1981351 1981 12 17 37.04 2.3 -4.05 0 2.9 NA NA 48.03
1981352 1981 12 18 53.24 -1.5 -9.3 0 5.7 NA NA 21.8
1981353 1981 12 19 54.4 -3.6 -11.67 0 3.9 NA NA 19.2
1981354 1981 12 20 41.67 3.39 -6.9 2.5 3.9 NA NA 75
1981355 1981 12 21 23.15 4.6 -3.5 0 3.3 NA NA 76.3
1981356 1981 12 22 52.08 8.5 2.4 0 2.6 NA NA 67.4
1981357 1981 12 23 26.62 4.2 -0.6 0 1.8 NA NA 75.27
1981358 1981 12 24 28.94 0.4 -2.5 10.7 1.7 NA NA 74.6
1981359 1981 12 25 41.67 2.4 -14.88 5.1 2.4 NA NA 45.9
1981360 1981 12 26 45.14 3.5 -10.8 1.4 4.6 NA NA 51.14
1981361 1981 12 27 27.78 0.9 -13.79 1.6 3.5 NA NA 48.4
1981362 1981 12 28 35.88 4.8 -14.1 12.11 3.8 NA NA 33
1981363 1981 12 29 37.04 7.8 0.8 0 2.9 NA NA 75.6
1981364 1981 12 30 19.66 10.8 2 1.2 3.9 NA NA 60.7
1981365 1981 12 31 47.45 10.55 -2.6 0 3.9 NA NA 33.4
1982001 1982 01 01 45.14 2.7 -4.5 1.7 1.2 NA NA 60.4
1982002 1982 01 02 38.19 3.2 -2.2 6.7 2.7 NA NA 77.8
1982003 1982 01 03 54.4 -0.7 -8.61 0 2.9 NA NA 27.97
1982004 1982 01 04 56.71 -4.65 -12.5 0 3.3 NA NA 19.8
1982005 1982 01 05 61.34 -3.6 -13.2 0 3.3 NA NA 14.64
1982006 1982 01 06 13.89 -0.2 -7.1 8.2 3.6 NA NA 58.7
1982007 1982 01 07 54.4 -0.4 -9 0 4.1 NA NA 65.1
1982008 1982 01 08 47.45 2.7 -6.3 0 5.9 NA NA 57.08
1982009 1982 01 09 42.82 2.65 -5.4 0 2 NA NA 79.4
1982010 1982 01 10 33.56 1 -9.3 0 3.8 NA NA 69.6
1982011 1982 01 11 60.1 2 -10.8 0 3.6 NA NA 28.3
1982012 1982 01 12 27.78 4.9 1.3 1.9 5.04 NA NA 72.7
1982013 1982 01 13 53.24 2.8 -7.4 0 4.4 NA NA 35.5
1982014 1982 01 14 59.03 0 -7.5 0 2.5 NA NA 36.8
1982015 1982 01 15 56.71 1.1 -5.5 0 2.1 NA NA 71.6
1982016 1982 01 16 60.19 -1.2 -8 0 2.6 NA NA 55.2
1982017 1982 01 17 62.5 -0.1 -9.6 0 2.5 NA NA 42.11
1982018 1982 01 18 12.73 1.2 -6.4 5.6 3.8 NA NA 71.4
1982019 1982 01 19 40.51 0.3 -6.9 2.5 3 NA NA 72.8
1982020 1982 01 20 24.29 1.7 -1.6 8.4 6.1 NA NA 84.07
1982021 1982 01 21 25.46 1.9 -0.9 0 4.1 NA NA 91.3
1982022 1982 01 22 24.31 0.3 -4 0 4.7 NA NA 65.3
1982023 1982 01 23 77.55 -1.3 -7.1 0 5.2 NA NA 41.7
1982024 1982 01 24 70.6 -3.1 -9.39 0 4 NA NA 25.11
1982025 1982 01 25 75.23 -3.5 -10.5 0 2.9 NA NA 23.71
1982026 1982 01 26 72.92 -2.7 -10.8 0 2.2 NA NA 27.2
1982027 1982 01 27 24.31 0.4 -8.6 11.5 2.9 NA NA 70.3
1982028 1982 01 28 40.51 1.7 -1.1 4.6 2.6 NA NA 91.9
1982029 1982 01 29 15.05 1.5 -1.7 10.2 2.6 NA NA 95.31
1982030 1982 01 30 90.28 1.6 -9 0 1.4 NA NA 73.4
1982031 1982 01 31 54.4 2.5 -1.6 0 2.7 NA NA 88.28
1982032 1982 02 01 54.4 2.1 -7.2 0 1.7 NA NA 80.5
1982033 1982 02 02 75.29 1.5 -8.2 0 0.3 NA NA 60
1982034 1982 02 03 54.4 1.7 -7.8 0 2.1 NA NA 71.1
1982035 1982 02 04 86.81 0.1 -7.5 0 2.7 NA NA 55.5
1982036 1982 02 05 85.65 0.2 -8.2 0 2 NA NA 49.6
1982037 1982 02 06 94.91 -1.4 -9.3 0 2.1 NA NA 31.2
1982038 1982 02 07 96.06 -1.5 -9.9 0 2.1 NA NA 26.4
1982039 1982 02 08 93.92 -0.9 -9.53 0 2.7 NA NA 25.36
1982040 1982 02 09 97.22 -1.4 -11.15 0 1.4 NA NA 28.5
1982041 1982 02 10 97.22 -1.5 -12.2 0 0.6 NA NA 38.62
1982042 1982 02 11 96.06 -1.2 -10.8 0 2.8 NA NA 44.9
1982043 1982 02 12 103.01 -2.26 -10.8 0 2.2 NA NA 38.9
1982044 1982 02 13 106.48 -2.2 -11.6 0 3 NA NA 27.8
1982045 1982 02 14 107.64 -1.4 -11.4 0 2.6 NA NA 25.5
1982046 1982 02 15 106.48 -0.4 -11.4 0 1.2 NA NA 26.3
1982047 1982 02 16 67.13 1.04 -7.1 0 0.4 NA NA 61.9
1982048 1982 02 17 108.83 2.1 -8.2 0 1.4 NA NA 45.6
1982049 1982 02 18 118.06 1.4 -7.79 0 2.1 NA NA 51.6
1982050 1982 02 19 125 0.2 -8.4 0 3.2 NA NA 39.2
1982051 1982 02 20 119.55 -0.6 -10.8 0 1 NA NA 35.5
1982052 1982 02 21 89.12 0.4 -8.7 0 2.2 NA NA 36.9
1982053 1982 02 22 127.31 0.1 -9.9 0 0.9 NA NA 43.2
1982054 1982 02 23 126.16 -1.1 -12.06 0 0.2 NA NA 37.9
1982055 1982 02 24 130.79 -0.9 -10.5 0 1.5 NA NA 37.2
1982056 1982 02 25 90.28 0.5 -5.5 0 1.7 NA NA 58.3
1982057 1982 02 26 107.64 1.7 -4.5 2.4 2.4 NA NA 74.88
1982058 1982 02 27 141.2 -0.8 -7.4 0 4.5 NA NA 64.4
1982059 1982 02 28 126.16 -2 -9.3 0 5.3 NA NA 50.5
1982060 1982 03 01 67.13 2.3 -9.3 1.4 3.5 NA NA 68.2
1982061 1982 03 02 138.89 3.26 -6.3 0 2.6 NA NA 70.3
1982062 1982 03 03 150.46 3.8 -6.7 0 2 NA NA 62.1
1982063 1982 03 04 146.99 6 -2.6 0 2.6 NA NA 63.1
1982064 1982 03 05 133.1 11.4 1.8 0 2.4 NA NA 53.7
1982065 1982 03 06 150.46 15 1.8 0 3.7 NA NA 45.3
1982066 1982 03 07 74.81 7.2 -0.1 3.66 4.4 NA NA 67.3
1982067 1982 03 08 156.25 4.2 -1.8 0 3.3 NA NA 39.6
1982068 1982 03 09 99.54 10.3 0.4 0 4.1 NA NA 40.2
1982069 1982 03 10 130.79 4.5 -1 0 5.5 NA NA 42.6
1982070 1982 03 11 131.94 3.1 -3.5 0 4.4 NA NA 33.1
1982071 1982 03 12 174.77 3.8 -5.5 0 1.1 NA NA 24.4
1982072 1982 03 13 179.4 9.3 -1.8 0 1.2 NA NA 35.7
1982073 1982 03 14 103.01 4.8 -2.6 0 3.8 NA NA 53.8
1982074 1982 03 15 174.77 4 -5 0 1.7 NA NA 21
1982075 1982 03 16 173.61 6.1 -4.3 0 0.5 NA NA 33
1982076 1982 03 17 174.77 8.3 -3.4 0 0.6 NA NA 33.1
1982077 1982 03 18 179.4 11.7 -3.3 0 0.5 NA NA 30.9
1982078 1982 03 19 180.56 12.1 -2.3 0 1.3 NA NA 33.9
1982079 1982 03 20 192.13 13.7 -0.6 0 2.5 NA NA 30.6
1982080 1982 03 21 180.56 14.39 -0.4 0 2.6 NA NA 34.4
1982081 1982 03 22 26.62 7.2 5.51 0 2.1 NA NA 85.38
1982082 1982 03 23 61.34 12.3 7.6 2.3 1.7 NA NA 76.3
1982083 1982 03 24 181.71 15.3 5.9 0 1.6 NA NA 52.7
1982084 1982 03 25 33.56 17.2 8.5 8.89 3.3 NA NA 71.5
1982085 1982 03 26 188.66 16.16 4.06 1.8 3.4 NA NA 48
1982086 1982 03 27 126.16 11.2 0.5 0 1.3 NA NA 48.8
1982087 1982 03 28 211.81 14.8 0.4 0 1.5 NA NA 32
1982088 1982 03 29 151.62 19.6 1.9 1.8 3.5 NA NA 40.9
1982089 1982 03 30 131.94 19.1 7.1 0 3.1 NA NA 58.9
1982090 1982 03 31 209.49 17.3 2.6 0 2.5 NA NA 34.7
1982091 1982 04 01 210.65 18.4 -0.3 0 0.6 NA NA 33.1
1982092 1982 04 02 192.13 18.7 5.2 0 0.5 NA NA 43.7
1982093 1982 04 03 206.33 20.4 2.87 0 2.7 NA NA 33.7
1982094 1982 04 04 219.91 22.7 7.8 0 3.2 NA NA 37.8
1982095 1982 04 05 68.29 18.6 7.8 0 1.3 NA NA 66.5
1982096 1982 04 06 219.91 19.4 4 0 2.1 NA NA 36
1982097 1982 04 07 136.57 21.3 7.3 0 2.9 NA NA 50.9
1982098 1982 04 08 54.24 17.8 12.2 4.18 1.6 NA NA 84.5
1982099 1982 04 09 120.37 22.1 13.4 0 2.4 NA NA 55.4
1982100 1982 04 10 151.62 23.2 10.7 0 1.8 NA NA 41.5
1982101 1982 04 11 187.5 21.2 7.7 0 1.3 NA NA 45.58
1982102 1982 04 12 232.64 23 10.7 0 1.3 NA NA 42.6
1982103 1982 04 13 134.26 18.1 9.3 0 2.8 NA NA 60.2
1982104 1982 04 14 42.82 18.1 10 3.6 3.2 NA NA 62.4
1982105 1982 04 15 237.27 16.6 6.7 0 3.4 NA NA 34.4
1982106 1982 04 16 170.14 20 7.7 0 2.1 NA NA 40.9
1982107 1982 04 17 207.18 21.98 9.4 0 2.6 NA NA 44.3
1982108 1982 04 18 99.54 19.2 8.7 2.7 1 NA NA 58.9
1982109 1982 04 19 239.58 22.4 5.2 0 2.6 NA NA 39
1982110 1982 04 20 94.91 22.1 12.6 0 3.5 NA NA 44
1982111 1982 04 21 158.56 22.2 9 2.8 2 NA NA 55.1
1982112 1982 04 22 147.97 19.3 9.13 5.1 3.3 NA NA 57.4
1982113 1982 04 23 240.89 16.7 5.3 0 2.8 NA NA 44.3
1982114 1982 04 24 202.55 9.4 5.9 0 3.7 NA NA 47.4
1982115 1982 04 25 200.23 6.9 2.3 0 5.2 NA NA 32.6
1982116 1982 04 26 229.17 10.3 0.7 0 2.8 NA NA 32.5
1982117 1982 04 27 164.35 18 2.9 0 2.1 NA NA 42.6
1982118 1982 04 28 181.71 21.7 6.3 0 1.9 NA NA 45.4
1982119 1982 04 29 135.42 22.8 11.1 6.8 0.5 NA NA 61.5
1982120 1982 04 30 148.15 23 10 0 1.3 NA NA 54.72
1982121 1982 05 01 261.3 25.4 11.9 0 2.2 NA NA 39.6
1982122 1982 05 02 265.05 26 12.1 0 2.5 NA NA 37.47
1982123 1982 05 03 290.51 26.3 11.4 0 1.7 NA NA 33.04
1982124 1982 05 04 280.09 26.9 9.2 0 0.4 NA NA 34.7
1982125 1982 05 05 26.62 18.9 11.81 4.9 1.9 NA NA 78.3
1982126 1982 05 06 97.22 14.5 8 0 3.2 NA NA 66.6
1982127 1982 05 07 209.49 16.7 6.1 0 3.3 NA NA 40.6
1982128 1982 05 08 200.23 15.5 7.8 0 3.7 NA NA 40.8
1982129 1982 05 09 193.29 15.9 5.5 0 3.1 NA NA 50.2
1982130 1982 05 10 33.56 11.8 8 4.3 4.4 NA NA 76.8
1982131 1982 05 11 27.78 13 8.7 4.9 2.3 NA NA 83.2
1982132 1982 05 12 115.74 18.6 11 5 2.6 NA NA 63.8
1982133 1982 05 13 174.77 21.1 11.1 2.3 2.2 NA NA 53.3
1982134 1982 05 14 129.63 21.3 10.7 6.1 2.5 NA NA 55.3
1982135 1982 05 15 197.92 21.3 11.3 3.2 3.4 NA NA 51.7
1982136 1982 05 16 69.44 19.1 12.2 9.2 3.4 NA NA 69.3
1982137 1982 05 17 134.26 20.1 11.5 1.6 2.7 NA NA 63.1
1982138 1982 05 18 203.7 21.3 9.5 0 1.6 NA NA 52.8
1982139 1982 05 19 179.4 21.5 9.4 5.42 1.8 NA NA 54.7
1982140 1982 05 20 137.73 17.5 9 1.1 2.1 NA NA 70.61
1982141 1982 05 21 177.08 18.09 7.3 1.2 2.6 NA NA 54.3
1982142 1982 05 22 262.73 14.8 4.84 0 2.8 NA NA 31.1
1982143 1982 05 23 311.34 18 3.1 0 1.5 NA NA 32.8
1982144 1982 05 24 152.78 19.5 4.9 1.7 2.9 NA NA 49.1
1982145 1982 05 25 260.42 22.9 4.6 0 2 NA NA 38
1982146 1982 05 26 206.02 25.1 12.6 1.4 2.4 NA NA 39.4
1982147 1982 05 27 232.64 24.5 12.6 0 3.2 NA NA 44.6
1982148 1982 05 28 97.22 19.6 14.3 9 2.8 NA NA 79.8
1982149 1982 05 29 71.76 18.5 12.2 18.5 1.5 NA NA 80.3
1982150 1982 05 30 87.96 17.4 11.8 15.4 3.6 NA NA 82
1982151 1982 05 31 300.93 23.7 10.3 0 1.2 NA NA 47.6
1982152 1982 06 01 127.31 17.8 12.8 0 3.2 NA NA 79.23
1982153 1982 06 02 262.73 17.6 9.2 0 5 NA NA 45.2
1982154 1982 06 03 268.52 19.2 7.6 0 2.2 NA NA 42.29
1982155 1982 06 04 28.94 14.4 10.7 6.6 2 NA NA 78.3
1982156 1982 06 05 224.54 17.97 9.3 0 3.8 NA NA 50.6
1982157 1982 06 06 328.7 22.3 6.7 0 0.6 NA NA 38.9
1982158 1982 06 07 57.87 19.7 10.8 2.5 2 NA NA 62.4
1982159 1982 06 08 221.06 18.1 8.2 0 3.6 NA NA 41.69
1982160 1982 06 09 271.99 19.1 6.1 0 1.8 NA NA 40.5
1982161 1982 06 10 266.2 17.6 7 0 3 NA NA 37.4
1982162 1982 06 11 228.01 17.7 7 0 3.3 NA NA 44.7
1982163 1982 06 12 193.29 21.8 10.9 0 2.3 NA NA 50.73
1982164 1982 06 13 250 23.2 11.3 0 1.5 NA NA 48.76
1982165 1982 06 14 243.06 26.2 10.7 0 1.3 NA NA 42.5
1982166 1982 06 15 300.93 28.5 15.8 0 2.8 NA NA 38.6
1982167 1982 06 16 239.58 21.8 8.6 1.1 3 NA NA 50.1
1982168 1982 06 17 266.2 16.6 8.6 0 3 NA NA 38.5
1982169 1982 06 18 223.38 16.2 7 0 2.9 NA NA 43.8
1982170 1982 06 19 244.21 19.2 7.5 0 2.5 NA NA 42
1982171 1982 06 20 239.58 18.7 9.3 2.5 4.2 NA NA 48.1
1982172 1982 06 21 214.12 15.9 7.6 0 3.6 NA NA 46.64
1982173 1982 06 22 285.88 19.8 7.6 0 2.6 NA NA 34.4
1982174 1982 06 23 307.87 23.9 8.2 0 2.5 NA NA 31.4
1982175 1982 06 24 302.08 24.8 9.8 0 2.7 NA NA 30.45
1982176 1982 06 25 278.94 23 11.1 0 2.3 NA NA 36.5
1982177 1982 06 26 259.26 21.6 7.6 0 1.6 NA NA 38.7
1982178 1982 06 27 127.31 24.1 6.7 0 2 NA NA 41.9
1982179 1982 06 28 200.23 24.3 13.7 0 2.5 NA NA 55.03
1982180 1982 06 29 354.24 23.1 11.4 0 2.5 NA NA 38.7
1982181 1982 06 30 339.56 25.2 9.2 0 1.5 NA NA 31.11
1982182 1982 07 01 331.02 28.4 9.8 0 1.1 NA NA 27.5
1982183 1982 07 02 304.4 27.7 14.5 0 2.5 NA NA 34.6
1982184 1982 07 03 302.08 29.8 13.3 0 0.8 NA NA 34.1
1982185 1982 07 04 210.65 30.2 15.9 2.7 1.5 NA NA 37
1982186 1982 07 05 331.02 26.7 15 0 2.4 NA NA 33.4
1982187 1982 07 06 195.6 24.3 13 1.8 1.5 NA NA 49
1982188 1982 07 07 148.15 23 14.7 2.5 3.3 NA NA 59.4
1982189 1982 07 08 315.97 26.2 13.4 0 2.9 NA NA 36.7
1982190 1982 07 09 118.06 26 12.8 6.1 1.9 NA NA 52.9
1982191 1982 07 10 298.61 25.6 11.1 0 2 NA NA 36.83
1982192 1982 07 11 311.34 26.7 12.4 0 0.9 NA NA 33.1
1982193 1982 07 12 126.16 25.2 13.9 0 1.7 NA NA 43.2
1982194 1982 07 13 215.28 23 13.2 0 3.8 NA NA 41.3
1982195 1982 07 14 302.01 24.4 12.1 0 2.5 NA NA 32.3
1982196 1982 07 15 203.7 24.9 15.1 7 1.9 NA NA 48
1982197 1982 07 16 225.69 21.1 11.6 1.5 4.3 NA NA 49.2
1982198 1982 07 17 232.64 22.7 10.2 0 2.8 NA NA 38.2
1982199 1982 07 18 315.97 25.1 11 0 2.2 NA NA 28.9
1982200 1982 07 19 295.14 25.2 9 0 1.6 NA NA 27.3
1982201 1982 07 20 186.34 27.1 15.1 9.5 4.5 NA NA 27.3
1982202 1982 07 21 27.78 19.7 14.9 19.7 4.3 NA NA 83.3
1982203 1982 07 22 75.23 22 14.5 2 3.8 NA NA 66.49
1982204 1982 07 23 103.01 22.7 15.6 0 4.4 NA NA 60
1982205 1982 07 24 231.66 24.7 15.5 0 3.5 NA NA 37.7
1982206 1982 07 25 195.6 25.3 14.8 0 2.1 NA NA 46.5
1982207 1982 07 26 206.02 26.3 13.6 0 0.8 NA NA 48.9
1982208 1982 07 27 231.57 26.1 13.4 0 2.1 NA NA 39.5
1982209 1982 07 28 289.35 23.1 9.6 0 2.3 NA NA 30.2
1982210 1982 07 29 288.25 24.6 7.2 0 0.31 NA NA 32.9
1982211 1982 07 30 107.64 24.3 14.6 6.1 2.8 NA NA 50.9
1982212 1982 07 31 226.85 27.7 15.7 1.9 2.2 NA NA 48.9
1982213 1982 08 01 243.06 23.9 11.9 0 2 NA NA 39
1982214 1982 08 02 276.62 24.9 9.8 0 1.8 NA NA 29.5
1982215 1982 08 03 60.19 19.9 11.9 0 3.5 NA NA 64.02
1982216 1982 08 04 248.97 23.9 11.8 0 2.3 NA NA 37.6
1982217 1982 08 05 119.21 25.5 14.6 3 1.8 NA NA 48
1982218 1982 08 06 71.76 22.6 14.8 8.68 3.3 NA NA 77.5
1982219 1982 08 07 272.43 24.3 12.7 0 3.4 NA NA 36.9
1982220 1982 08 08 273.15 24.7 11.4 0 2 NA NA 41.2
1982221 1982 08 09 69.44 21.6 11.7 4 1.7 NA NA 60.5
1982222 1982 08 10 254.63 21.9 11.9 0 4.5 NA NA 43.7
1982223 1982 08 11 211.81 18.2 7.3 0 3.7 NA NA 45.29
1982224 1982 08 12 100.69 23.2 7.3 0 1.3 NA NA 41.8
1982225 1982 08 13 238.43 29.4 10.6 1.2 2.3 NA NA 32.6
1982226 1982 08 14 81.02 26.7 16.7 0 1.9 NA NA 62.1
1982227 1982 08 15 215.28 29.7 17.2 2.2 2.4 NA NA 43
1982228 1982 08 16 182.87 24.9 14.1 0 2.8 NA NA 59.5
1982229 1982 08 17 65.97 17.6 11.4 1.8 4.1 NA NA 72.4
1982230 1982 08 18 199.07 18.8 11 0 3.5 NA NA 41.7
1982231 1982 08 19 122.69 21.2 9.5 1.2 2.8 NA NA 52.2
1982232 1982 08 20 246.53 25.7 9.2 1.63 2.2 NA NA 31.9
1982233 1982 08 21 248.84 28 15.6 0 3.6 NA NA 38.4
1982234 1982 08 22 43.98 23.6 16.7 11.6 3.3 NA NA 70.3
1982235 1982 08 23 31.25 19.7 10.1 10 4.4 NA NA 71.7
1982236 1982 08 24 146.99 16.2 9.1 0 4.2 NA NA 50.6
1982237 1982 08 25 167.82 18.7 8.6 2.5 3.1 NA NA 54.9
1982238 1982 08 26 185.19 16.9 6.2 0 3.3 NA NA 45.6
1982239 1982 08 27 224.54 22.9 6.6 3.3 1.7 NA NA 41.7
1982240 1982 08 28 108.8 22.4 11.1 2.2 1.4 NA NA 67.3
1982241 1982 08 29 232.68 23.3 8.4 0 1 NA NA 37.8
1982242 1982 08 30 195.6 25.5 9.9 0 2.9 NA NA 45.7
1982243 1982 08 31 134.26 22.85 12.4 2.8 2.4 NA NA 68.9
1982244 1982 09 01 222.22 20.7 11.4 0 2 NA NA 42.3
1982245 1982 09 02 209.49 21.8 8.4 0 1.5 NA NA 38.7
1982246 1982 09 03 128.47 24.74 14.2 0 4.1 NA NA 36.81
1982247 1982 09 04 47.45 22.7 16.3 12.23 1.3 NA NA 79.3
1982248 1982 09 05 115.74 20.5 11.9 0 3 NA NA 69.6
1982249 1982 09 06 232.64 16.5 8.8 0 4.5 NA NA 33.6
1982250 1982 09 07 222.22 17.9 7.2 0 3.5 NA NA 33.8
1982251 1982 09 08 125 14.8 7.6 2.2 3.3 NA NA 61.1
1982252 1982 09 09 172.45 20.4 10.6 0 3.1 NA NA 49.64
1982253 1982 09 10 182.87 18.63 7.9 0 4.2 NA NA 42.4
1982254 1982 09 11 193.29 19.6 5.5 0 1.99 NA NA 37.4
1982255 1982 09 12 181.71 18.4 8 0 2.3 NA NA 39.5
1982256 1982 09 13 172.45 16.3 4.36 0 2.5 NA NA 38.8
1982257 1982 09 14 174.77 16 3.9 0 4 NA NA 38.4
1982258 1982 09 15 69.44 12.5 1.5 1.1 1.1 NA NA 68.6
1982259 1982 09 16 111.11 22.9 12.5 0 2.7 NA NA 60
1982260 1982 09 17 201.39 17.2 4.8 0 3.9 NA NA 45.45
1982261 1982 09 18 198.65 16.5 1.2 0 0.7 NA NA 31.5
1982262 1982 09 19 65.97 11.3 4.45 0 2 NA NA 62.3
1982263 1982 09 20 172.45 10.1 1.9 0 3.61 NA NA 38.37
1982264 1982 09 21 97.22 8.8 3.8 0 5.3 NA NA 52.5
1982265 1982 09 22 140.05 8.5 1.3 0 4 NA NA 37.5
1982266 1982 09 23 163.19 12.8 -0.1 1.2 2.2 NA NA 39.7
1982267 1982 09 24 93.75 18.1 10 0 1.3 NA NA 72.7
1982268 1982 09 25 156.25 25.5 13.2 0 4.2 NA NA 36.9
1982269 1982 09 26 153.94 20.3 11.4 1.23 3.4 NA NA 52
1982270 1982 09 27 97.22 24.8 11.3 0 3.1 NA NA 39.1
1982271 1982 09 28 168.98 27.6 17.2 0 3.8 NA NA 43.3
1982272 1982 09 29 168.98 27.5 17.46 0 3.7 NA NA 41.5
1982273 1982 09 30 107.64 23.4 16.9 3.11 2.6 NA NA 71.1
1982274 1982 10 01 99.54 25.1 16 1.1 2.7 NA NA 65.6
1982275 1982 10 02 100.69 24.3 14 2.7 2.5 NA NA 66.1
1982276 1982 10 03 27.78 19.8 15.2 7.7 3.7 NA NA 86.1
1982277 1982 10 04 35.88 21.7 15.2 2.4 1.6 NA NA 80.1
1982278 1982 10 05 30.09 19.5 14.5 1.7 2.6 NA NA 81.3
1982279 1982 10 06 24.31 16.5 12.1 7.43 2.1 NA NA 86.5
1982280 1982 10 07 144.68 19.4 8.2 0 1.4 NA NA 51.92
1982281 1982 10 08 119.21 20.7 8.9 2.3 2.9 NA NA 55.12
1982282 1982 10 09 143.52 17.4 7.9 0 1.8 NA NA 52.4
1982283 1982 10 10 149.31 19.6 6 0 1.6 NA NA 42.7
1982284 1982 10 11 135.42 19.8 7.3 0 2.2 NA NA 49.22
1982285 1982 10 12 130.79 22.3 9.3 0 3.1 NA NA 49.5
1982286 1982 10 13 127.31 23.2 11.8 0 2.8 NA NA 54.1
1982287 1982 10 14 119.21 23.4 12.3 0 3.3 NA NA 50.33
1982288 1982 10 15 133.1 24.5 11.9 0 2.6 NA NA 47.7
1982289 1982 10 16 124.97 23.21 11.8 0 2.3 NA NA 54
1982290 1982 10 17 106.48 21.5 9.3 0 1.5 NA NA 57.3
1982291 1982 10 18 123.84 20.9 8.6 0 2.3 NA NA 50.4
1982292 1982 10 19 28.94 14.7 5.9 0 2.1 NA NA 79.1
1982293 1982 10 20 129.63 19.1 1.29 0 1.8 NA NA 44.93
1982294 1982 10 21 123.84 23.75 12 0 3.2 NA NA 38.8
1982295 1982 10 22 78.7 19.7 6.7 0 3.3 NA NA 51.9
1982296 1982 10 23 114.58 10.6 0.3 0 1.4 NA NA 42.1
1982297 1982 10 24 116.9 11.6 -1.7 0 0.7 NA NA 36.5
1982298 1982 10 25 79.86 12.3 0.4 0 2.6 NA NA 41.2
1982299 1982 10 26 20.83 13.3 4.26 2.5 2 NA NA 76.5
1982300 1982 10 27 21.99 13.3 11.3 0 3.1 NA NA 84.2
1982301 1982 10 28 54.4 15.26 10.28 0 1.1 NA NA 71.1
1982302 1982 10 29 75.23 15.9 5.1 0 0.9 NA NA 60.5
1982303 1982 10 30 72.92 15.8 4.2 0 0.9 NA NA 54.9
1982304 1982 10 31 90.28 16.7 9.86 0 2.6 NA NA 62.01
1982305 1982 11 01 86.81 16.2 8.6 0 1.9 NA NA 62.6
1982306 1982 11 02 83.33 11.1 -0.9 0 2.8 NA NA 41.2
1982307 1982 11 03 89.12 7.6 -1.7 0 3.31 NA NA 34.38
1982308 1982 11 04 83.33 7.5 3.1 0 4.4 NA NA 47.1
1982309 1982 11 05 33.56 10.3 5.9 0 2.2 NA NA 72.4
1982310 1982 11 06 67.13 14 5 3.49 2.9 NA NA 71.6
1982311 1982 11 07 42.82 8.9 2.8 2.5 1 NA NA 72
1982312 1982 11 08 71.76 7.5 1.4 0 1.9 NA NA 69.2
1982313 1982 11 09 84.49 6.5 -1.1 0 1.5 NA NA 53.6
1982314 1982 11 10 40.51 7.5 -1.1 0 2.1 NA NA 47.3
1982315 1982 11 11 86.81 7.1 -0.9 0 2 NA NA 45.01
1982316 1982 11 12 78.7 6.6 -1.3 0 2.8 NA NA 52.2
1982317 1982 11 13 64.81 5.5 -2.4 0 1.8 NA NA 57.8
1982318 1982 11 14 69.44 4.99 -2.6 2.5 2.5 NA NA 62.1
1982319 1982 11 15 48.61 8.8 1.1 0 2.7 NA NA 63.2
1982320 1982 11 16 80.48 7.7 -0.9 0 2.2 NA NA 52.1
1982321 1982 11 17 56.71 4.5 -1.3 2.27 0.9 NA NA 78.31
1982322 1982 11 18 63.66 5.3 -0.5 0 2.1 NA NA 69.8
1982323 1982 11 19 60.19 4.2 -1.3 0 1.3 NA NA 70.5
1982324 1982 11 20 21.99 3.8 1.1 6.7 4.7 NA NA 84.2
1982325 1982 11 21 38.19 2.6 -2.4 0 4.5 NA NA 58.8
1982326 1982 11 22 67.13 0.9 -4.5 0 2 NA NA 42.3
1982327 1982 11 23 15.05 1.2 -4.5 4.3 3.1 NA NA 72.9
1982328 1982 11 24 40.51 8.5 -1.6 0 1.4 NA NA 59.5
1982329 1982 11 25 61.34 14.3 5.5 0 1.8 NA NA 74.97
1982330 1982 11 26 16.2 14.4 6.7 2.2 2.6 NA NA 71.1
1982331 1982 11 27 60.19 7.8 -0.1 0 2.4 NA NA 63.93
1982332 1982 11 28 57.87 5.2 -2.7 0 1.7 NA NA 64.2
1982333 1982 11 29 56.71 4.7 -1 0 2.8 NA NA 68.7
1982334 1982 11 30 48.61 3 -4.9 0 0.9 NA NA 74.8
1982335 1982 12 01 63.66 3.97 -2.1 0 2.4 NA NA 64.01
1982336 1982 12 02 32.41 3.59 -1.6 0 3.4 NA NA 74.6
1982337 1982 12 03 23.15 7.4 2.7 2 4.6 NA NA 71.6
1982338 1982 12 04 12.73 7.6 3.2 2.5 3 NA NA 80.3
1982339 1982 12 05 26.62 6.6 2.8 0 1.6 NA NA 75.3
1982340 1982 12 06 41.67 7 1.3 1.4 3.7 NA NA 75.34
1982341 1982 12 07 52.08 7.1 0.9 0 2.8 NA NA 68.2
1982342 1982 12 08 16.2 8.6 2.9 3 4.1 NA NA 74.6
1982343 1982 12 09 20.83 5.4 -0.1 0 2.7 NA NA 76.7
1982344 1982 12 10 46.3 4.2 -1.3 0 2.7 NA NA 54.7
1982345 1982 12 11 54.4 4.4 -3 4.5 2.9 NA NA 52.3
1982346 1982 12 12 24.31 14.7 4.1 9.1 4.8 NA NA 66.52
1982347 1982 12 13 45.14 5.6 0.2 0 1.7 NA NA 65.7
1982348 1982 12 14 45.14 7.4 0.4 0 2.9 NA NA 60.5
1982349 1982 12 15 53.24 8.6 1.4 0 2.3 NA NA 66.3
1982350 1982 12 16 35.88 6.9 0.6 0 2.2 NA NA 76.6
1982351 1982 12 17 49.77 12.7 7.1 0 3 NA NA 71
1982352 1982 12 18 45.14 11.8 3.92 0 3.2 NA NA 62.9
1982353 1982 12 19 54.4 14.3 6.3 0 3.8 NA NA 57.5
1982354 1982 12 20 13.89 12.7 9 0 4.1 NA NA 77
1982355 1982 12 21 16.2 11.1 9.3 3.6 2.3 NA NA 90.49
1982356 1982 12 22 48.51 12.7 6.5 0 2.8 NA NA 70.25
1982357 1982 12 23 38.19 8.3 3.1 0 2.6 NA NA 71.9
1982358 1982 12 24 40.51 10.1 4.33 0 3.1 NA NA 72.41
1982359 1982 12 25 39.35 11 2.1 1.8 2.7 NA NA 71.2
1982360 1982 12 26 54.4 6.7 -1.3 0 2.2 NA NA 61.3
1982361 1982 12 27 53.24 3.6 -2.5 0 1.5 NA NA 61.8
1982362 1982 12 28 53.24 1.3 -3.7 0 1.2 NA NA 67.4
1982363 1982 12 29 40.51 0.4 -4.5 0 0.5 NA NA 80.73
1982364 1982 12 30 43.98 1.6 -4.4 0 1.7 NA NA 74.8
1982365 1982 12 31 17.36 1.29 -4.6 0 1.1 NA NA 91.7
1983001 1983 01 01 42.82 1.1 -6.5 0 1.7 NA NA 77.3
1983002 1983 01 02 37.04 2.7 -2.1 2.2 2.2 NA NA 81.1
1983003 1983 01 03 13.89 3 -1.3 3 2 NA NA 90.02
1983004 1983 01 04 56.71 4.6 -3.91 1.8 3.1 NA NA 70.97
1983005 1983 01 05 11.57 4.5 2.3 4.1 2.6 NA NA 87.76
1983006 1983 01 06 16.2 3.5 0.8 0 1.2 NA NA 83.7
1983007 1983 01 07 21.99 3.7 -0.2 0 3 NA NA 80.5
1983008 1983 01 08 53.24 2.8 -2.7 0 1 NA NA 74.19
1983009 1983 01 09 34.72 1.9 -2.6 1.8 2.4 NA NA 81.5
1983010 1983 01 10 26.62 2.9 -0.9 0 1.9 NA NA 82.43
1983011 1983 01 11 55.56 2.1 -2.7 0 3.1 NA NA 75.46
1983012 1983 01 12 55.56 1.06 -4.2 0 2.5 NA NA 62.4
1983013 1983 01 13 46.3 0.4 -5.2 0 1.7 NA NA 65.83
1983014 1983 01 14 55.56 -0.3 -6.1 0 1.7 NA NA 51.8
1983015 1983 01 15 60.85 -0.6 -7 0 0.2 NA NA 45.81
1983016 1983 01 16 61.34 -0.7 -8.7 0 1.3 NA NA 46.1
1983017 1983 01 17 65.97 -0.4 -8 0 1.3 NA NA 57
1983018 1983 01 18 39.35 0.31 -4.7 0 0.9 NA NA 77.5
1983019 1983 01 19 62.5 0.1 -6.1 0 1.5 NA NA 63.9
1983020 1983 01 20 64.81 -1.1 -7.8 0 1.3 NA NA 58
1983021 1983 01 21 65.97 -1.9 -9.33 0 0.5 NA NA 50.2
1983022 1983 01 22 68.29 -1.6 -10 0 0.7 NA NA 41.5
1983023 1983 01 23 68.29 -1.1 -9.9 0 1.5 NA NA 40.1
1983024 1983 01 24 23.15 -1 -6.9 0 2.7 NA NA 61.4
1983025 1983 01 25 65.97 1.1 -6.1 0 2.6 NA NA 76
1983026 1983 01 26 23.15 1.8 -4.4 0 2.1 NA NA 88.6
1983027 1983 01 27 20.83 1.69 -4.2 5 1.4 NA NA 88.6
1983028 1983 01 28 35.88 3 -0.1 2.2 1.8 NA NA 88.2
1983029 1983 01 29 50.93 5.4 -2.1 1.8 3.5 NA NA 70.3
1983030 1983 01 30 81.02 1.5 -4.15 0 3.6 NA NA 57.3
1983031 1983 01 31 74.07 1.1 -4.7 0 1.3 NA NA 54.8
1983032 1983 02 01 78.7 0.3 -5.6 0 1 NA NA 46.4
1983033 1983 02 02 75.23 1.2 -5.8 0 1 NA NA 64.25
1983034 1983 02 03 70.6 2.1 -5.8 0 0.5 NA NA 72.11
1983035 1983 02 04 60.19 2.5 -4.6 0 0.8 NA NA 75.35
1983036 1983 02 05 26.62 2.3 -1.1 1.57 2.4 NA NA 88.06
1983037 1983 02 06 93.75 5 -1.3 5.6 1.3 NA NA 72.3
1983038 1983 02 07 65.97 10.5 2.6 0 2.3 NA NA 64.01
1983039 1983 02 08 69.44 6.9 -0.9 0 3.7 NA NA 60
1983040 1983 02 09 77.55 10 0.8 2.8 3.6 NA NA 55.1
1983041 1983 02 10 31.25 8.5 1.3 15.9 1.5 NA NA 68.31
1983042 1983 02 11 27.78 15.08 9 0 5.4 NA NA 67.3
1983043 1983 02 12 57.87 7.8 -5.8 0 4.7 NA NA 37.2
1983044 1983 02 13 100.69 -1.8 -7.4 0 3.4 NA NA 27.5
1983045 1983 02 14 86.81 1 -6.7 2 3.4 NA NA 28.3
1983046 1983 02 15 19.68 6.1 -0.9 3.6 3.4 NA NA 72.5
1983047 1983 02 16 98.38 14.53 2.05 0 2.3 NA NA 62.42
1983048 1983 02 17 75.23 4.88 -1.7 5.8 2.3 NA NA 66.3
1983049 1983 02 18 92.59 4.1 -2.1 0 1.9 NA NA 58.8
1983050 1983 02 19 96.06 1.6 -4.4 0 6 NA NA 41.8
1983051 1983 02 20 113.43 2.9 -4.2 0 4.4 NA NA 52.11
1983052 1983 02 21 83.33 7.5 -0.1 0 3.3 NA NA 61.1
1983053 1983 02 22 119.21 8.6 -2.1 0 1.5 NA NA 49.1
1983054 1983 02 23 101.85 3.8 -2.2 0 2.2 NA NA 52.57
1983055 1983 02 24 81.02 1.4 -3.9 1.2 1.9 NA NA 46.1
1983056 1983 02 25 54.4 1.8 -2.3 4.1 2.9 NA NA 75.01
1983057 1983 02 26 38.19 1.6 -2.6 9.3 3.7 NA NA 79.8
1983058 1983 02 27 125 2.4 -5.3 0 2.7 NA NA 52.05
1983059 1983 02 28 98.38 4.6 -4.5 0 2.4 NA NA 50.6
1983060 1983 03 01 24.31 11.5 0 17.7 5.4 NA NA 55.32
1983061 1983 03 02 142.52 6.79 2.5 0 3.8 NA NA 55.22
1983062 1983 03 03 106.48 9.4 2 0 1.5 NA NA 53.3
1983063 1983 03 04 26.62 9.1 4.1 5.5 2.6 NA NA 81.6
1983064 1983 03 05 125 6.4 -3.1 0 5.1 NA NA 47.2
1983065 1983 03 06 142.36 3.3 -5.6 0 4.1 NA NA 22.8
1983066 1983 03 07 162.04 14 1.3 0 3.5 NA NA 41.1
1983067 1983 03 08 94.91 15.1 5.4 0 2.3 NA NA 55.1
1983068 1983 03 09 149.31 15.3 2.5 0 2.3 NA NA 46
1983069 1983 03 10 97.22 13.1 1.9 0 0.9 NA NA 62.9
1983070 1983 03 11 68.89 10.5 6.1 0 2.1 NA NA 62.4
1983071 1983 03 12 160.88 11.3 1.5 0 2 NA NA 40.4
1983072 1983 03 13 162.04 10.4 0.3 0 4.1 NA NA 33.6
1983073 1983 03 14 173.61 5.7 -1.2 0 4 NA NA 29
1983074 1983 03 15 175.93 5.4 -3.5 0 1.3 NA NA 26.4
1983075 1983 03 16 178.24 5.7 -4.9 0 0.2 NA NA 29.3
1983076 1983 03 17 163.19 5.66 -3.2 0 1.5 NA NA 39.2
1983077 1983 03 18 89.12 4.3 -0.8 2.3 4.2 NA NA 68.3
1983078 1983 03 19 108.8 5.4 -1.3 0 5.3 NA NA 43.1
1983079 1983 03 20 186.34 1.4 -6.2 0 4.1 NA NA 24.2
1983080 1983 03 21 177.08 1.8 -7.2 0 2.5 NA NA 24.9
1983081 1983 03 22 122.69 4 -2 0 2.2 NA NA 55
1983082 1983 03 23 197.92 2.1 -6.2 0 3.4 NA NA 33.9
1983083 1983 03 24 201.39 2.4 -7.5 0 1.4 NA NA 24.5
1983084 1983 03 25 200.23 4.1 -3 0 2.5 NA NA 27.13
1983085 1983 03 26 207.18 4.5 -3.7 0 4.6 NA NA 23.6
1983086 1983 03 27 126.16 1.1 -6.3 0 6.1 NA NA 24.6
1983087 1983 03 28 168.22 2.5 -5.53 0 5.2 NA NA 28.7
1983088 1983 03 29 114.58 4 -1.6 0 1.4 NA NA 57.2
1983089 1983 03 30 175.93 5.6 -3.5 0 0.5 NA NA 45.7
1983090 1983 03 31 166.67 6.4 -2.3 0 1.5 NA NA 53.3
1983091 1983 04 01 179.4 11.2 0.5 0 4.5 NA NA 40.6
1983092 1983 04 02 217.96 8.7 1.2 0 4.4 NA NA 33
1983093 1983 04 03 219.91 8.1 -0.9 0 2.6 NA NA 27.4
1983094 1983 04 04 207.18 8.5 0 0 2 NA NA 31.4
1983095 1983 04 05 179.4 8.8 -0.2 1.23 1.7 NA NA 52
1983096 1983 04 06 181.71 12.4 0.8 0 2.4 NA NA 42.2
1983097 1983 04 07 201.39 13.4 2 0 3.51 NA NA 40.7
1983098 1983 04 08 190.97 12.2 2.7 0 3.8 NA NA 41.7
1983099 1983 04 09 171.3 9.6 4.2 0 3.7 NA NA 34.4
1983100 1983 04 10 212.96 8.5 2.1 0 3.8 NA NA 28.6
1983101 1983 04 11 239.58 5.3 -1.4 0 3.4 NA NA 23.8
1983102 1983 04 12 241.9 4.7 -3.5 0 1.79 NA NA 21.2
1983103 1983 04 13 238.43 7 -3.8 0 1.8 NA NA 24.7
1983104 1983 04 14 64.81 7 0.52 0 1.8 NA NA 60.6
1983105 1983 04 15 135.42 14.8 0.4 0 2.1 NA NA 44
1983106 1983 04 16 232.64 19.5 3.88 0 2.7 NA NA 33.8
1983107 1983 04 17 140.05 16.3 6.8 4.3 3.5 NA NA 61.8
1983108 1983 04 18 96.06 17.3 4.6 3.6 2 NA NA 47.5
1983109 1983 04 19 201.39 17.9 0.9 0 1.9 NA NA 38.8
1983110 1983 04 20 79.86 12 7.5 1.2 5.1 NA NA 69.9
1983111 1983 04 21 145.36 13.63 8.2 0 3.1 NA NA 42.6
1983112 1983 04 22 106.48 13.9 7.5 3.8 0.9 NA NA 62.4
1983113 1983 04 23 119.21 12.6 3.5 0 1.7 NA NA 59.4
1983114 1983 04 24 188.66 13 1.7 0 0.6 NA NA 39.6
1983115 1983 04 25 137.73 14.6 4.6 0 2.2 NA NA 44.6
1983116 1983 04 26 35.88 12.8 6.6 6.1 3.6 NA NA 73
1983117 1983 04 27 148.15 16.7 6.4 1.7 2.8 NA NA 54.1
1983118 1983 04 28 229.17 13.4 1.2 0 3.9 NA NA 40.83
1983119 1983 04 29 77.55 11.47 0.36 3.7 1.3 NA NA 50.4
1983120 1983 04 30 263.89 15.5 1.1 0 2.1 NA NA 31.9
1983121 1983 05 01 237.27 22 -0.8 0 2 NA NA 32
1983122 1983 05 02 238.43 21.3 9.56 0 2.3 NA NA 49.7
1983123 1983 05 03 144.76 22.7 9.2 7.7 1.6 NA NA 50.2
1983124 1983 05 04 116.9 16.4 9 8.8 2.7 NA NA 76.3
1983125 1983 05 05 159.72 19.6 4.9 1.1 2.3 NA NA 50.1
1983126 1983 05 06 261.68 20.4 9.4 0 2.8 NA NA 44.33
1983127 1983 05 07 261.57 19.6 5.9 0 1.9 NA NA 42.6
1983128 1983 05 08 131.94 21.5 3.6 8.6 1.3 NA NA 48.8
1983129 1983 05 09 186.34 21.9 10.4 3.3 3.1 NA NA 57.6
1983130 1983 05 10 222.22 12.8 3.5 0 3.2 NA NA 53.9
1983131 1983 05 11 245.37 18.8 2.3 0 2.2 NA NA 33.9
1983132 1983 05 12 251.16 23.1 8.5 1.2 1.8 NA NA 37.5
1983133 1983 05 13 305.56 23.1 9.21 0 2.4 NA NA 37.5
1983134 1983 05 14 133.1 22.9 12.7 8.1 3.6 NA NA 41.8
1983135 1983 05 15 172.45 21.2 11.4 8.59 3 NA NA 57
1983136 1983 05 16 118.06 19 8.3 2.5 1.3 NA NA 65.6
1983137 1983 05 17 266.2 21.4 8 0 1.3 NA NA 44.2
1983138 1983 05 18 101.85 20.4 11 12.11 2 NA NA 62.36
1983139 1983 05 19 157.63 20.5 12.2 6.3 1.6 NA NA 66.6
1983140 1983 05 20 238.43 17.2 5.6 0 3.3 NA NA 53
1983141 1983 05 21 120.37 14.3 5 4.1 1.6 NA NA 65.8
1983142 1983 05 22 305.56 19.95 6.3 0 1.6 NA NA 40.48
1983143 1983 05 23 168.98 23.8 12 0 2.3 NA NA 40.5
1983144 1983 05 24 303.21 25.8 10.4 0 2.8 NA NA 37.47
1983145 1983 05 25 240.74 25.3 14.6 3.3 3.6 NA NA 44.5
1983146 1983 05 26 131.94 23.2 12.7 5.8 2.3 NA NA 64.1
1983147 1983 05 27 310.21 23.1 10.5 0 2.2 NA NA 41.3
1983148 1983 05 28 244.21 23.4 8.7 1.57 1.9 NA NA 39
1983149 1983 05 29 137.73 23.5 13 7.5 2.4 NA NA 56
1983150 1983 05 30 275.47 22.2 10.2 0 0.9 NA NA 54.5
1983151 1983 05 31 273.15 23.5 7.7 0 0.8 NA NA 42.6
1983152 1983 06 01 108.8 23.4 15.1 7.3 1.46 NA NA 66.31
1983153 1983 06 02 273.15 24.3 12.8 0 2.3 NA NA 44.2
1983154 1983 06 03 215.28 23.7 13.5 0 1.2 NA NA 44.2
1983155 1983 06 04 248.84 24 11.5 0 0.8 NA NA 54.8
1983156 1983 06 05 285.88 21.2 9.16 0 2.4 NA NA 35.8
1983157 1983 06 06 334.49 21 7.2 0 1 NA NA 35.4
1983158 1983 06 07 329.86 23.5 4.9 0 0.9 NA NA 32
1983159 1983 06 08 326.38 26.5 10.9 0 2.5 NA NA 32.2
1983160 1983 06 09 322.9 28 13.1 0 1.9 NA NA 34.08
1983161 1983 06 10 256.94 26.8 13.2 0 1.8 NA NA 43.6
1983162 1983 06 11 309.03 26 11.9 0 1.5 NA NA 46.5
1983163 1983 06 12 306.71 28.3 9.7 0 0.5 NA NA 35.9
1983164 1983 06 13 297.45 28.6 13.4 0 1.4 NA NA 37.5
1983165 1983 06 14 317.51 28.8 14.2 0 1.1 NA NA 37.6
1983166 1983 06 15 312.11 29.82 13.1 0 1.1 NA NA 31.7
1983167 1983 06 16 265.05 29.8 16.2 0 1.9 NA NA 33.3
1983168 1983 06 17 282.41 28.9 16.4 0 2 NA NA 31.88
1983169 1983 06 18 312.5 28.3 16.3 0 2.1 NA NA 29.42
1983170 1983 06 19 295.14 27.9 14.1 0 1.7 NA NA 28.29
1983171 1983 06 20 192.13 27 15.16 2.5 3.8 NA NA 33.8
1983172 1983 06 21 344.91 24.45 12.5 0 3.8 NA NA 23.7
1983173 1983 06 22 341.12 24.1 9 0 1.9 NA NA 24.4
1983174 1983 06 23 331.02 21.9 11.3 0 3.4 NA NA 26.8
1983175 1983 06 24 195.6 20.44 11.8 0 4 NA NA 33.3
1983176 1983 06 25 219.91 21.7 9.9 0 3.5 NA NA 39.59
1983177 1983 06 26 329.87 21.1 10.9 0 1.9 NA NA 27.9
1983178 1983 06 27 166.67 26.2 12.4 3.9 2.4 NA NA 39.2
1983179 1983 06 28 143.52 25 10.7 7 2.8 NA NA 48
1983180 1983 06 29 218.75 27.7 10.5 2.5 1.6 NA NA 39.6
1983181 1983 06 30 141.2 26.8 14.1 7.2 1.3 NA NA 64.1
1983182 1983 07 01 285.88 28.5 12.7 1.8 1 NA NA 39
1983183 1983 07 02 297.45 26.5 13.7 0 2.6 NA NA 37.2
1983184 1983 07 03 215.28 21.5 12.2 1.45 1.5 NA NA 51.1
1983185 1983 07 04 341.44 23 7.9 0 1.6 NA NA 30.6
1983186 1983 07 05 116.9 26.6 13.6 0 3.7 NA NA 28.1
1983187 1983 07 06 160.88 23 13.6 4.9 2.9 NA NA 49.2
1983188 1983 07 07 270.83 23.5 12.6 0 3.8 NA NA 36.3
1983189 1983 07 08 322.93 21.8 10.9 0 3.4 NA NA 28.4
1983190 1983 07 09 326.39 24.1 9 0 2.6 NA NA 25.5
1983191 1983 07 10 290.51 25.3 9.8 0 1.6 NA NA 32
1983192 1983 07 11 265.05 29.3 12.9 0 1.8 NA NA 31.12
1983193 1983 07 12 307.34 31.1 16 0 2.5 NA NA 29.5
1983194 1983 07 13 295.14 30.6 17.1 0 2.5 NA NA 27.8
1983195 1983 07 14 193.29 29.4 16 0 1.6 NA NA 28.1
1983196 1983 07 15 239.58 30.4 13.1 0 1.8 NA NA 25.9
1983197 1983 07 16 307.66 23.6 12.2 0 3.5 NA NA 27.6
1983198 1983 07 17 297.45 23.5 9.6 0 2 NA NA 23.9
1983199 1983 07 18 303.24 27.2 6.8 0 0.3 NA NA 24.2
1983200 1983 07 19 177.33 28.9 12.6 0 1.3 NA NA 20.39
1983201 1983 07 20 135.42 25.3 14.9 0 2.4 NA NA 31
1983202 1983 07 21 292.82 28.4 11.7 0 1.4 NA NA 21.43
1983203 1983 07 22 275.46 31.94 11.7 0 1.9 NA NA 18.4
1983204 1983 07 23 246.53 33 15.5 6.89 2.8 NA NA 17.6
1983205 1983 07 24 66.27 24.3 16.8 0 3.7 NA NA 53.6
1983206 1983 07 25 209.49 28.4 15.8 0 0.6 NA NA 44.1
1983207 1983 07 26 230.32 30.3 14.91 0 0.9 NA NA 30.1
1983208 1983 07 27 276.62 32.2 15.6 0 1 NA NA 22.9
1983209 1983 07 28 270.83 33.3 16.4 0 1.1 NA NA 22.7
1983210 1983 07 29 250 33.2 17.2 1.8 1.8 NA NA 25.2
1983211 1983 07 30 267.36 28.73 17.3 0 3.8 NA NA 26.6
1983212 1983 07 31 278.99 29.3 14.13 0 1.3 NA NA 21.1
1983213 1983 08 01 151.62 31.7 14.9 2.5 1.9 NA NA 23.69
1983214 1983 08 02 182.87 29.8 17.2 3.32 1.1 NA NA 38.8
1983215 1983 08 03 38.19 21.8 16.9 23.18 3.1 NA NA 82.1
1983216 1983 08 04 59.03 21.4 16.9 0 3.7 NA NA 80.4
1983217 1983 08 05 113.43 23.2 15.6 0 3.5 NA NA 52.3
1983218 1983 08 06 236.11 24.4 13.4 0 2.9 NA NA 35.8
1983219 1983 08 07 233.8 24.31 11.7 0 2.1 NA NA 31
1983220 1983 08 08 244.21 24.43 10.9 0 1.2 NA NA 28.4
1983221 1983 08 09 261.57 24.5 12.2 0 2.4 NA NA 27.9
1983222 1983 08 10 252.31 28 8.4 0 1.7 NA NA 24.3
1983223 1983 08 11 280.09 30.2 13.9 0 2.5 NA NA 21.1
1983224 1983 08 12 260.42 31.5 14.1 0 2.5 NA NA 19.7
1983225 1983 08 13 273.36 31.1 16.5 0 2.8 NA NA 19.8
1983226 1983 08 14 270.83 31.8 14.9 0 1.5 NA NA 17.4
1983227 1983 08 15 261.57 32.5 14.8 0 1.6 NA NA 17.6
1983228 1983 08 16 226.85 31.1 17 1.6 3.2 NA NA 25.5
1983229 1983 08 17 241.9 30.6 16 0 2.8 NA NA 24.7
1983230 1983 08 18 238.43 31.8 17.74 0 2.4 NA NA 21.54
1983231 1983 08 19 211.81 33 18 0 2 NA NA 20.7
1983232 1983 08 20 136.57 29.8 17.49 0 1.6 NA NA 23.6
1983233 1983 08 21 47.45 27.7 18 1.9 2.1 NA NA 33.1
1983234 1983 08 22 213.4 30.1 15.9 0 3.1 NA NA 24.8
1983235 1983 08 23 239.58 22.6 11.5 0 4.7 NA NA 21.7
1983236 1983 08 24 244.21 24.2 8.5 0 1.9 NA NA 19.6
1983237 1983 08 25 241.9 26.4 6.5 0 1.4 NA NA 18.48
1983238 1983 08 26 237.27 29.54 10.1 0 1.5 NA NA 18.86
1983239 1983 08 27 230.32 28.8 14.7 0 2 NA NA 23.1
1983240 1983 08 28 177.08 27.2 15.5 0 2.16 NA NA 34.4
1983241 1983 08 29 111.11 21.9 10.6 0 0.7 NA NA 52.1
1983242 1983 08 30 234.95 27 8.2 0 1 NA NA 20.7
1983243 1983 08 31 217.59 25.7 10.9 0 2.4 NA NA 26.39
1983244 1983 09 01 186.34 23.8 10.8 0 1.9 NA NA 24.14
1983245 1983 09 02 207.18 21.8 10.5 0 3.2 NA NA 22.8
1983246 1983 09 03 152.78 20 8.4 0 4.2 NA NA 29.4
1983247 1983 09 04 181.71 20.4 8.9 0 4.3 NA NA 23.2
1983248 1983 09 05 221.06 25.4 7.3 0 2.4 NA NA 22.1
1983249 1983 09 06 222.22 28.9 13 0 1.7 NA NA 23.9
1983250 1983 09 07 210.65 30 13.2 0 2.9 NA NA 20.9
1983251 1983 09 08 61.34 23.3 14.3 1.1 1.1 NA NA 52
1983252 1983 09 09 111.11 25.8 13.6 0 2.8 NA NA 35.3
1983253 1983 09 10 130.79 22.2 9 0 1 NA NA 25
1983254 1983 09 11 202.55 29.5 13 0 2.4 NA NA 21.7
1983255 1983 09 12 43.98 23.7 16.2 29.91 2.1 NA NA 60.2
1983256 1983 09 13 34.72 17.89 10 1.8 5.9 NA NA 61.5
1983257 1983 09 14 189.81 16.4 8 0 5.2 NA NA 27.9
1983258 1983 09 15 202.55 16.7 4.92 0 2.8 NA NA 26.2
1983259 1983 09 16 217.59 19.7 4.1 0 1.2 NA NA 28.4
1983260 1983 09 17 195.6 21.6 3.4 0 0.6 NA NA 29.69
1983261 1983 09 18 86.81 20.5 7.4 0 1.1 NA NA 47.4
1983262 1983 09 19 93.75 24.6 13.4 0 1 NA NA 53.2
1983263 1983 09 20 171.3 27.6 11.7 0 2.9 NA NA 30.2
1983264 1983 09 21 188.66 18.1 7.7 0 2.6 NA NA 27.4
1983265 1983 09 22 175.93 21.5 5.9 0 1.3 NA NA 28.1
1983266 1983 09 23 186.34 23.2 5.46 0 0.6 NA NA 28.95
1983267 1983 09 24 184.03 24.1 6.2 0 1.6 NA NA 26.7
1983268 1983 09 25 131.94 19.9 4 0 2.3 NA NA 32.49
1983269 1983 09 26 174.77 21.3 1.5 0 1.9 NA NA 19.8
1983270 1983 09 27 122.69 19.6 6.8 0 3.4 NA NA 27.2
1983271 1983 09 28 149.31 9.9 2.5 0 4.4 NA NA 25.5
1983272 1983 09 29 62.5 13.5 2.1 0 4.7 NA NA 30.2
1983273 1983 09 30 104.17 7.8 1.4 0 3.7 NA NA 40.67
1983274 1983 10 01 144.68 7.3 -0.2 0 2.9 NA NA 27.6
1983275 1983 10 02 163.91 9.4 -1.8 0 0.9 NA NA 23.9
1983276 1983 10 03 171.3 18.3 0.1 0 0.9 NA NA 24.3
1983277 1983 10 04 158.56 25.3 3 5.6 2.9 NA NA 26.9
1983278 1983 10 05 138.89 24.5 13.9 4.46 3.8 NA NA 51.2
1983279 1983 10 06 155.09 17.5 2.3 0 3.2 NA NA 36.5
1983280 1983 10 07 153.94 20.7 1.5 0 2.1 NA NA 24.9
1983281 1983 10 08 34.72 16.7 8 0 1.2 NA NA 68.6
1983282 1983 10 09 145.83 24.2 10.6 0 2.5 NA NA 38.9
1983283 1983 10 10 109.95 19.7 8.9 2.4 3.9 NA NA 53.6
1983284 1983 10 11 103.01 23.9 10.8 1.8 3.7 NA NA 45.87
1983285 1983 10 12 109.95 20.5 12.2 0 3.3 NA NA 40.2
1983286 1983 10 13 67.13 13.3 5.2 1.7 1.8 NA NA 62.42
1983287 1983 10 14 131.94 12.7 3 0 1.9 NA NA 35.4
1983288 1983 10 15 144.68 15.3 1.8 0 2.9 NA NA 31.32
1983289 1983 10 16 134.26 20.1 2.7 0 3.8 NA NA 32.6
1983290 1983 10 17 41.67 19.2 13.2 0 4.5 NA NA 52.8
1983291 1983 10 18 33.56 19.3 11 2.7 5.3 NA NA 54.7
1983292 1983 10 19 133.1 12.8 6.5 0 3.4 NA NA 30.6
1983293 1983 10 20 126.16 12 3.7 0 1.5 NA NA 44.3
1983294 1983 10 21 111.11 7.4 0.6 0 3.1 NA NA 43.5
1983295 1983 10 22 112.27 6.4 -0.3 0 4.1 NA NA 31.8
1983296 1983 10 23 97.22 4.3 -0.9 0 4 NA NA 39.5
1983297 1983 10 24 107.64 5.29 -2.4 0 2.8 NA NA 38.2
1983298 1983 10 25 111.11 4.1 -2.6 0 1.2 NA NA 41.6
1983299 1983 10 26 119.21 4.3 -4.7 0 0.9 NA NA 31.7
1983300 1983 10 27 105.32 4.6 -2.7 0 1.4 NA NA 39.6
1983301 1983 10 28 57.87 5.6 0 0 1.8 NA NA 59.5
1983302 1983 10 29 35.88 5 0 1.9 2.7 NA NA 66.9
1983303 1983 10 30 83.33 5.1 -0.4 0 2.1 NA NA 35.79
1983304 1983 10 31 101.85 4.1 -2.8 0 2.2 NA NA 36.9
1983305 1983 11 01 56.71 2.1 -2.9 3.7 2.3 NA NA 73.68
1983306 1983 11 02 100.69 1.7 -7.8 0 5.4 NA NA 37.1
1983307 1983 11 03 98.38 0.4 -8.9 0 1.2 NA NA 32.79
1983308 1983 11 04 105.32 1.1 -8.5 0 2.4 NA NA 33.6
1983309 1983 11 05 31.25 0.99 -6.6 0 2.7 NA NA 62.4
1983310 1983 11 06 56.71 3.8 -0.2 0 2.9 NA NA 74.2
1983311 1983 11 07 90.28 4.6 -3 0 2.8 NA NA 55.3
1983312 1983 11 08 81.02 4.8 -3.7 0 0.9 NA NA 57.1
1983313 1983 11 09 81.02 8.62 -1.7 0 1.5 NA NA 55.3
1983314 1983 11 10 69.44 10.19 -1 0 2.4 NA NA 59.55
1983315 1983 11 11 69.44 10 1.1 0 1.5 NA NA 65.4
1983316 1983 11 12 46.3 7.8 -0.6 0 1 NA NA 60.6
1983317 1983 11 13 77.55 13.6 3.8 0 2.2 NA NA 59.5
1983318 1983 11 14 75.23 15.9 5 0 3 NA NA 58.2
1983319 1983 11 15 79.86 17.2 8.7 1.2 3.5 NA NA 58.5
1983320 1983 11 16 48.61 10.96 1.4 1.23 4 NA NA 58.4
1983321 1983 11 17 76.39 5.4 -1.9 0 2.7 NA NA 31.2
1983322 1983 11 18 37.04 4.5 -1.8 0 1.2 NA NA 43
1983323 1983 11 19 62.5 3.7 -4.4 0 1.8 NA NA 52.3
1983324 1983 11 20 30.09 12.8 1.6 19.9 1.2 NA NA 77.06
1983325 1983 11 21 28.94 14.2 7.2 3 2.1 NA NA 82.5
1983326 1983 11 22 61.34 8.1 1.1 0 0.9 NA NA 69.3
1983327 1983 11 23 56.71 6.7 -0.1 0 1 NA NA 65.7
1983328 1983 11 24 26.62 11.2 -0.1 2.2 3.9 NA NA 60.8
1983329 1983 11 25 69.44 13.2 5.9 5.98 2.2 NA NA 72.3
1983330 1983 11 26 12.73 7.4 0.6 10 2.8 NA NA 81.2
1983331 1983 11 27 56.71 6 -1 0 1.9 NA NA 63.8
1983332 1983 11 28 70.6 4.2 -0.8 0 5.8 NA NA 56
1983333 1983 11 29 59.03 4.2 -1.8 0 2.6 NA NA 57.8
1983334 1983 11 30 20.83 10 0.5 2.5 4.2 NA NA 61.39
1983335 1983 12 01 55.56 8.2 2.6 0 2.5 NA NA 65.8
1983336 1983 12 02 57.87 7.4 1.2 0 2.3 NA NA 69.9
1983337 1983 12 03 36.97 7.4 1.5 0 2.9 NA NA 68.6
1983338 1983 12 04 32.41 5.3 0.5 0 2.5 NA NA 77.7
1983339 1983 12 05 59.03 4 -2.3 3.2 1.7 NA NA 72.4
1983340 1983 12 06 34.72 4.3 0.4 0 1.1 NA NA 78.8
1983341 1983 12 07 40.51 6.3 0.2 0 2.3 NA NA 62.5
1983342 1983 12 08 16.2 4.8 0.3 3.3 2 NA NA 83.2
1983343 1983 12 09 31.25 5.3 -0.8 15.3 1.9 NA NA 79.1
1983344 1983 12 10 19.66 6 2.1 2.9 2.3 NA NA 85.14
1983345 1983 12 11 58.95 2.6 -8.2 0 4 NA NA 34.7
1983346 1983 12 12 59.03 -4.3 -12.3 0 4.3 NA NA 14.35
1983347 1983 12 13 56.71 -6.26 -13.6 0 5.3 NA NA 18.37
1983348 1983 12 14 57.87 -5.5 -13.38 0 4.8 NA NA 17.3
1983349 1983 12 15 54.4 -4.1 -11.18 0 4.3 NA NA 14.8
1983350 1983 12 16 47.45 -1.6 -9.27 0 2.6 NA NA 25.5
1983351 1983 12 17 47.45 -2 -10 0 1.3 NA NA 45.7
1983352 1983 12 18 45.14 -1.9 -10.8 0 1 NA NA 50.6
1983353 1983 12 19 19.68 -0.66 -11.3 2.97 2.4 NA NA 59.4
1983354 1983 12 20 27.78 0.8 -4.22 4.1 2.7 NA NA 82.1
1983355 1983 12 21 31.25 1.7 -1.2 2.5 2.7 NA NA 90.9
1983356 1983 12 22 56.71 1.4 -8.6 2 3.1 NA NA 83
1983357 1983 12 23 35.88 1 -1 0 1.1 NA NA 95.11
1983358 1983 12 24 57.87 2.1 -5.9 0 1.8 NA NA 84.49
1983359 1983 12 25 33.56 1.6 -6.2 1.8 2.3 NA NA 83.07
1983360 1983 12 26 26.62 1.3 -0.9 1.7 1 NA NA 93.52
1983361 1983 12 27 27.78 2 -6.3 0 2 NA NA 81.18
1983362 1983 12 28 45.14 -1.4 -7.5 0 1.5 NA NA 50.4
1983363 1983 12 29 49.77 -2.3 -9.4 0 2.9 NA NA 25
1983364 1983 12 30 33.56 -0.1 -6.9 0 3.4 NA NA 27.7
1983365 1983 12 31 33.56 0.9 -3.8 2.5 2.6 NA NA 53.7
1984001 1984 01 01 31.25 2.1 -7.2 0 1.5 NA NA 84.46
1984002 1984 01 02 45.14 -1.1 -8.7 0 0.6 NA NA 76.7
1984003 1984 01 03 40.51 1.2 -6.6 0 1.4 NA NA 79.1
1984004 1984 01 04 47.45 2.2 -1.3 0 2.2 NA NA 86.67
1984005 1984 01 05 46.3 2.7 -2.7 0 3.7 NA NA 83
1984006 1984 01 06 41.67 -1.1 -13.4 0 5.4 NA NA 32.16
1984007 1984 01 07 46.3 -8.2 -18.68 0 4.7 NA NA 26.9
1984008 1984 01 08 61.34 -11.11 -19.02 0 2.4 NA NA 25
1984009 1984 01 09 60.19 -9.18 -20.53 0 1.1 NA NA 25.7
1984010 1984 01 10 50.93 -5.6 -18.95 0 3.3 NA NA 31.7
1984011 1984 01 11 61.34 -7.3 -14.9 0 4.2 NA NA 47.6
1984012 1984 01 12 50.93 -4.1 -17.13 0 3.7 NA NA 36.2
1984013 1984 01 13 40.51 -2.8 -12.38 0 1.6 NA NA 56.4
1984014 1984 01 14 42.82 -0.2 -8.9 0 1.6 NA NA 66.9
1984015 1984 01 15 50.93 -3.1 -9.2 0 1.4 NA NA 83.9
1984016 1984 01 16 62.5 2.2 -8.19 0 2.4 NA NA 70.7
1984017 1984 01 17 27.78 2.5 0.5 0 3.7 NA NA 88.68
1984018 1984 01 18 53.24 3.5 -0.7 0 2.7 NA NA 81.3
1984019 1984 01 19 70.6 3.7 -1.1 0 2.7 NA NA 78.2
1984020 1984 01 20 71.9 2.5 -2.6 0 2.2 NA NA 75.5
1984021 1984 01 21 37.04 2.4 0.1 0 3 NA NA 84.33
1984022 1984 01 22 35.88 2.1 -2.3 0 1.6 NA NA 79.3
1984023 1984 01 23 59.03 2.1 -4.1 0 1 NA NA 71.01
1984024 1984 01 24 40.48 1.1 -5.5 0 1.1 NA NA 73.8
1984025 1984 01 25 25.46 1.1 -3.8 2.9 1.1 NA NA 89.68
1984026 1984 01 26 57.87 3 -2.9 0 2.8 NA NA 78.3
1984027 1984 01 27 41.67 1.9 -4.4 0 4 NA NA 73.7
1984028 1984 01 28 59.03 3.29 -5.8 0 3.1 NA NA 55.5
1984029 1984 01 29 24.31 2.9 -5.2 0 2.9 NA NA 73.4
1984030 1984 01 30 42.82 5.4 -0.6 0 3.7 NA NA 69.1
1984031 1984 01 31 74.07 2.9 -3.2 0 3.3 NA NA 58.4
1984032 1984 02 01 24.31 5.3 1.1 0 3.7 NA NA 75.8
1984033 1984 02 02 86.81 5.2 -1.7 0 1.5 NA NA 60.27
1984034 1984 02 03 20.83 1.7 -2.1 19.52 2.9 NA NA 86.3
1984035 1984 02 04 57.87 0.3 -4.6 0 6 NA NA 67.51
1984036 1984 02 05 103.01 -1.27 -8.4 0 3.8 NA NA 45.4
1984037 1984 02 06 93.75 -3.5 -9.76 0 3.3 NA NA 44.3
1984038 1984 02 07 105.32 -3.7 -11.3 0 3.3 NA NA 27.1
1984039 1984 02 08 99.54 -4.3 -12.7 0 2.5 NA NA 22.48
1984040 1984 02 09 101.85 -5.08 -14 0 1 NA NA 28.79
1984041 1984 02 10 98.38 -4.1 -13.1 0 1.6 NA NA 34.6
1984042 1984 02 11 100.69 -4.1 -12.3 0 2.3 NA NA 34
1984043 1984 02 12 105.32 -6.2 -14.9 0 2.8 NA NA 33.9
1984044 1984 02 13 105.32 -7.66 -17.94 0 3.1 NA NA 32.6
1984045 1984 02 14 80.48 -5.2 -14.54 0 4.2 NA NA 35.6
1984046 1984 02 15 118.06 -7.6 -17.15 0 4.2 NA NA 37.82
1984047 1984 02 16 116.9 -8.8 -21.07 0 1.8 NA NA 34.6
1984048 1984 02 17 115.74 -8.2 -21.17 0 1.2 NA NA 30.9
1984049 1984 02 18 120.37 -5.2 -18.83 0 2.9 NA NA 28.1
1984050 1984 02 19 130.79 -2.8 -12.3 0 2.8 NA NA 39.1
1984051 1984 02 20 126.16 0.8 -12.5 0 2.9 NA NA 41.6
1984052 1984 02 21 112.27 2.5 -7.5 0 2.1 NA NA 74
1984053 1984 02 22 127.31 1.9 -7.77 0 1.8 NA NA 66.22
1984054 1984 02 23 136.57 2.8 -5.1 0 3.9 NA NA 68.3
1984055 1984 02 24 28.94 1.6 -0.3 6 3 NA NA 90.21
1984056 1984 02 25 35.88 2.8 -3.3 0 3.5 NA NA 76.21
1984057 1984 02 26 137.73 1.7 -6.51 0 1.3 NA NA 48.8
1984058 1984 02 27 133.1 2.1 -7 0 1.9 NA NA 38.4
1984059 1984 02 28 133.16 2.5 -8.1 0 1.1 NA NA 34.1
1984060 1984 02 29 0 0 0 0 0 NA NA 0
1984061 1984 03 01 72.92 3.8 -2.1 0 2.8 NA NA 71.7
1984062 1984 03 02 103.01 13.5 2.9 0 4.1 NA NA 44.3
1984063 1984 03 03 77.55 14.5 2.9 1.2 4.3 NA NA 51.4
1984064 1984 03 04 45.14 5.5 -0.7 0 1.9 NA NA 73.3
1984065 1984 03 05 34.72 3.1 -0.4 1.5 4.7 NA NA 69.5
1984066 1984 03 06 30.09 5.4 2 0 5 NA NA 81.5
1984067 1984 03 07 42.82 7.4 4 0 2 NA NA 75.7
1984068 1984 03 08 120.37 8.9 1.1 0 1.6 NA NA 57.5
1984069 1984 03 09 122.69 6.7 1.4 0 1.8 NA NA 50.5
1984070 1984 03 10 165.51 6.1 -2.5 0 2.4 NA NA 27.9
1984071 1984 03 11 165.51 7.8 -3.7 0 2 NA NA 27.1
1984072 1984 03 12 170.14 10 -3.9 0 1.3 NA NA 27
1984073 1984 03 13 168.98 12.8 -2.5 0 1.59 NA NA 28.8
1984074 1984 03 14 172.45 14.9 -1.9 0 1.4 NA NA 28.6
1984075 1984 03 15 157.41 14.5 -3.4 0 0.3 NA NA 31.44
1984076 1984 03 16 174.77 16 -2.4 0 0.19 NA NA 32.4
1984077 1984 03 17 172.45 16.9 -0.7 0 0.7 NA NA 32.7
1984078 1984 03 18 149.31 14.4 0.8 0 1.9 NA NA 42.5
1984079 1984 03 19 179.4 12.1 0.6 0 2.6 NA NA 40.8
1984080 1984 03 20 198.92 12.3 -1.2 0 1.9 NA NA 34.3
1984081 1984 03 21 114.58 11.6 2 0 2.1 NA NA 53.5
1984082 1984 03 22 164.35 14.8 5.8 0 2.9 NA NA 50.1
1984083 1984 03 23 28.94 15 5 1.8 5.2 NA NA 67.5
1984084 1984 03 24 115.74 16.1 2.4 0 1.8 NA NA 47.7
1984085 1984 03 25 150.46 17.6 1.2 0 2.4 NA NA 38.3
1984086 1984 03 26 182.87 13.7 -0.6 0 1.1 NA NA 34.4
1984087 1984 03 27 171.3 8.7 -0.3 0 1.6 NA NA 42.6
1984088 1984 03 28 206.02 8.8 -1.3 0 1.2 NA NA 30.9
1984089 1984 03 29 200.23 13.9 -1.7 0 1.8 NA NA 29.5
1984090 1984 03 30 202.55 17.5 -0.2 0 1.9 NA NA 34.1
1984091 1984 03 31 146.99 18.8 2.2 0 1.7 NA NA 40.5
1984092 1984 04 01 208.33 18.2 2.7 0 2.9 NA NA 34.6
1984093 1984 04 02 109.95 11.4 4.2 0 3.3 NA NA 66.3
1984094 1984 04 03 140.05 15 4.4 2 1.2 NA NA 53.2
1984095 1984 04 04 201.39 12.6 5.1 1.6 2.1 NA NA 49.2
1984096 1984 04 05 84.49 10.1 2.3 1.2 1.8 NA NA 65.4
1984097 1984 04 06 141.2 12.6 0.9 0 1.4 NA NA 51
1984098 1984 04 07 35.88 10.17 1.8 2 3.3 NA NA 52.9
1984099 1984 04 08 69.44 8.1 0.8 0 1.1 NA NA 51.7
1984100 1984 04 09 151.62 12 -1.4 3.3 2.8 NA NA 48.6
1984101 1984 04 10 200.23 10.8 2.3 0 2.7 NA NA 42.4
1984102 1984 04 11 226.85 13.2 0.9 0 3.2 NA NA 28.6
1984103 1984 04 12 81.9 12.8 3.5 1.2 4.1 NA NA 50.1
1984104 1984 04 13 134.26 11.5 0.1 2.2 2.2 NA NA 61.3
1984105 1984 04 14 133.1 18.1 5.3 1.1 1.2 NA NA 62.5
1984106 1984 04 15 114.58 16.1 5.2 0 2.2 NA NA 60.5
1984107 1984 04 16 224.54 13.2 0.8 0 3.2 NA NA 31.14
1984108 1984 04 17 210.65 11 -0.4 0 1.8 NA NA 31.22
1984109 1984 04 18 246.53 11 -0.1 0 2.5 NA NA 27.9
1984110 1984 04 19 193.29 12.7 -0.1 0 1.9 NA NA 31
1984111 1984 04 20 261.57 20.1 -0.1 0 1.1 NA NA 28.4
1984112 1984 04 21 82.18 14.7 5.2 1.6 3.4 NA NA 54.8
1984113 1984 04 22 200.23 11.7 2.5 0 3.3 NA NA 37.8
1984114 1984 04 23 262.23 15 3.5 0 3 NA NA 35.5
1984115 1984 04 24 116.9 18.1 3.8 0 1.6 NA NA 50.11
1984116 1984 04 25 128.47 17.5 5.2 4.8 1.2 NA NA 56.21
1984117 1984 04 26 39.35 13.3 6.8 3.76 1.2 NA NA 71.6
1984118 1984 04 27 69.44 8.9 4.8 0 3.9 NA NA 67.4
1984119 1984 04 28 155.09 9.5 0.6 0 3 NA NA 43.4
1984120 1984 04 29 209.49 13.6 -1.2 5.3 1.4 NA NA 39.2
1984121 1984 04 30 271.99 12.3 4.7 0 4.1 NA NA 39.7
1984122 1984 05 01 57.87 6.7 3.8 2.9 2.8 NA NA 77.38
1984123 1984 05 02 98.38 12.2 4.2 0 1.3 NA NA 57
1984124 1984 05 03 229.17 17.2 2.9 0 3.1 NA NA 41
1984125 1984 05 04 109.95 14.6 8 7 4.3 NA NA 60.6
1984126 1984 05 05 172.45 16.6 8 0 3.7 NA NA 51.1
1984127 1984 05 06 152.78 14.6 4.9 1.2 1.9 NA NA 58.4
1984128 1984 05 07 211.81 14.73 1.5 6.1 1.1 NA NA 62.3
1984129 1984 05 08 240.74 16.2 6.7 0 3.3 NA NA 44.4
1984130 1984 05 09 265.05 16.8 2.8 0 1 NA NA 39.8
1984131 1984 05 10 135.42 18.6 8.5 7.6 2 NA NA 75.8
1984132 1984 05 11 72.92 21.2 15.2 7.51 3.4 NA NA 79.3
1984133 1984 05 12 207.18 20.2 7.9 0 2.2 NA NA 62.3
1984134 1984 05 13 284.72 22.06 6.73 0 2.7 NA NA 40.6
1984135 1984 05 14 199.07 26.91 14.2 1.1 4.4 NA NA 43.6
1984136 1984 05 15 228.01 22.2 9 4.5 3.9 NA NA 59.6
1984137 1984 05 16 273.92 23 6.2 0 0.4 NA NA 38.3
1984138 1984 05 17 149.31 21.1 11.3 0 2.2 NA NA 60.5
1984139 1984 05 18 269.68 23 10.1 0 1.7 NA NA 41.6
1984140 1984 05 19 206.02 21.6 10.6 0 2 NA NA 43.8
1984141 1984 05 20 283.56 22.5 8.4 0 1.9 NA NA 37
1984142 1984 05 21 217.59 22.9 13.1 0 2.3 NA NA 43
1984143 1984 05 22 239.58 23.2 13 0 2.8 NA NA 44.8
1984144 1984 05 23 239.58 23.9 12.4 0 3.2 NA NA 52
1984145 1984 05 24 157.63 21.2 13.4 0 2.9 NA NA 69.14
1984146 1984 05 25 168.98 24.1 13 2.3 2.6 NA NA 53.4
1984147 1984 05 26 299.77 24.4 13 0 2.7 NA NA 43.6
1984148 1984 05 27 248.84 25.1 12.6 0 3.2 NA NA 41
1984149 1984 05 28 216.44 23.9 11.6 0 3.2 NA NA 43.1
1984150 1984 05 29 317.13 22.9 8.5 0 1.58 NA NA 32.4
1984151 1984 05 30 236.11 23 6.4 0 0.9 NA NA 37.8
1984152 1984 05 31 236.11 24.9 10.9 0 1.8 NA NA 38.3
1984153 1984 06 01 174.77 24.4 10.9 9.8 1.8 NA NA 50.5
1984154 1984 06 02 174.77 23.8 8.5 3.32 1.5 NA NA 49.7
1984155 1984 06 03 190.97 22.6 12.2 0 4.1 NA NA 50.6
1984156 1984 06 04 256.94 21.4 10.6 0 2.3 NA NA 39.79
1984157 1984 06 05 241.9 23 9.5 0 1.6 NA NA 38.85
1984158 1984 06 06 321.76 24.6 7.2 0 0.4 NA NA 34.7
1984159 1984 06 07 295.14 26.01 7.64 0 0.3 NA NA 33.6
1984160 1984 06 08 284.72 26.4 9.5 0 1.4 NA NA 31.7
1984161 1984 06 09 152.78 25.7 13.4 8.2 1.3 NA NA 57.2
1984162 1984 06 10 307.87 27.1 10.4 0 0.4 NA NA 43.8
1984163 1984 06 11 314.82 28.7 12.1 0 0.6 NA NA 35.3
1984164 1984 06 12 300.93 29.7 13.1 0 0.7 NA NA 34.08
1984165 1984 06 13 296.3 30.25 14.1 0 0.9 NA NA 33.1
1984166 1984 06 14 309.03 30.5 14.1 0 0.9 NA NA 33.9
1984167 1984 06 15 345.82 31.1 15.3 0 1 NA NA 32.4
1984168 1984 06 16 170.14 34.1 13.9 2.5 0.2 NA NA 30.3
1984169 1984 06 17 181.71 29.49 16.54 12.71 1.9 NA NA 47.9
1984170 1984 06 18 332.69 24.5 13.2 0 4 NA NA 36.6
1984171 1984 06 19 304.97 24.4 11.2 0 1.6 NA NA 33.3
1984172 1984 06 20 284.72 27.6 10.7 0 0.5 NA NA 33.69
1984173 1984 06 21 306.71 30.2 15.7 0 2.1 NA NA 31.5
1984174 1984 06 22 313.66 31.36 16.7 0 1.3 NA NA 31
1984175 1984 06 23 341.17 31.9 13.8 0 0.9 NA NA 25.78
1984176 1984 06 24 315.97 31.9 16.2 0 1.4 NA NA 24.6
1984177 1984 06 25 215.28 29.9 17.6 0 2.2 NA NA 27.8
1984178 1984 06 26 131.6 27 17.9 1.8 0.9 NA NA 54
1984179 1984 06 27 295.14 28.31 16 0 2 NA NA 27.2
1984180 1984 06 28 215.28 26.2 15.6 0 2.1 NA NA 31.5
1984181 1984 06 29 195.6 26.7 16.9 0 2.2 NA NA 28.7
1984182 1984 06 30 211.81 26.9 14.7 0 1.7 NA NA 35.9
1984183 1984 07 01 262.73 28.8 13.2 0 0.4 NA NA 36.1
1984184 1984 07 02 128.47 24.82 18.2 0 2.5 NA NA 44.34
1984185 1984 07 03 354.17 27.8 15.3 0 2.3 NA NA 23.4
1984186 1984 07 04 340.28 27.7 14.3 0 1.9 NA NA 22.1
1984187 1984 07 05 326.39 29.6 11.4 0 0.5 NA NA 21.6
1984188 1984 07 06 218.75 30.6 13.5 0 1.8 NA NA 20.41
1984189 1984 07 07 53.24 23.2 16.9 12.5 2.8 NA NA 80.3
1984190 1984 07 08 74.07 19.4 13.6 12.5 7.64 NA NA 75
1984191 1984 07 09 40.51 16.52 13 2.8 6.39 NA NA 78.4
1984192 1984 07 10 134.26 19.82 14 0 5.8 NA NA 57.3
1984193 1984 07 11 245.37 23.2 11.5 0 4.3 NA NA 29.9
1984194 1984 07 12 276.71 23.8 8.3 0 1.9 NA NA 26.9
1984195 1984 07 13 271.99 19.4 7.3 0 2.9 NA NA 30.2
1984196 1984 07 14 168.98 20.5 6.6 0 2.3 NA NA 32.7
1984197 1984 07 15 278.84 25 5.5 0 2.2 NA NA 24.8
1984198 1984 07 16 263.89 28.9 14.2 5.6 4 NA NA 26.7
1984199 1984 07 17 163.19 21.4 11.9 1.2 2.5 NA NA 65.4
1984200 1984 07 18 290.51 24.2 10.1 0 2.2 NA NA 30.2
1984201 1984 07 19 273.15 25.5 13.31 0 3 NA NA 33.9
1984202 1984 07 20 307.87 24.2 10.7 0 1.6 NA NA 26.2
1984203 1984 07 21 281.25 30.3 13.2 0 3.1 NA NA 21.6
1984204 1984 07 22 195.6 28.8 15.6 6.14 2.6 NA NA 43.6
1984205 1984 07 23 170.71 24.6 14.1 0 1.6 NA NA 54.84
1984206 1984 07 24 285.9 26.9 12.8 0 2.5 NA NA 27.8
1984207 1984 07 25 180.56 23.3 11.9 2.5 3.7 NA NA 33.78
1984208 1984 07 26 261.57 19.7 8.1 0 3.7 NA NA 27
1984209 1984 07 27 179.4 22.1 6.5 0 1.4 NA NA 32
1984210 1984 07 28 186.34 24.6 13.1 0 3.1 NA NA 37.3
1984211 1984 07 29 226.85 23.7 10.4 0 3.3 NA NA 29.7
1984212 1984 07 30 284.72 27.6 6.79 0 0.9 NA NA 22.74
1984213 1984 07 31 237.27 30.9 14.9 0 1.6 NA NA 25.3
1984214 1984 08 01 253.47 29.5 16.9 0 1.3 NA NA 31.6
1984215 1984 08 02 196.76 29.9 17.1 1.2 3.2 NA NA 34
1984216 1984 08 03 276.62 23.1 11.4 0 4.3 NA NA 25.9
1984217 1984 08 04 251.16 25.46 8.2 0 1.8 NA NA 24.4
1984218 1984 08 05 256.94 30.7 15.1 0 2.2 NA NA 24.3
1984219 1984 08 06 237.27 30.3 14.8 1.2 0.6 NA NA 32.2
1984220 1984 08 07 264.92 29.6 15.3 0 2.1 NA NA 28.7
1984221 1984 08 08 265.05 30.2 12 0 0.7 NA NA 22.15
1984222 1984 08 09 250 32.7 16.6 0 0.6 NA NA 21.2
1984223 1984 08 10 199.07 32.5 20.37 0 2.3 NA NA 21.8
1984224 1984 08 11 155.09 31.66 19.2 4.9 1.3 NA NA 34
1984225 1984 08 12 204.86 29.9 18.2 0 3.2 NA NA 35.5
1984226 1984 08 13 265.05 26.1 14.5 0 3.7 NA NA 22.4
1984227 1984 08 14 128.47 26.4 14.2 0 2.6 NA NA 34.8
1984228 1984 08 15 189.01 27.3 14.3 0 1.7 NA NA 27.9
1984229 1984 08 16 189.81 27.6 13.4 0 1.9 NA NA 24.36
1984230 1984 08 17 121.53 25.41 14 0 1.9 NA NA 33.1
1984231 1984 08 18 254.63 24.9 11.8 0 2.6 NA NA 19.8
1984232 1984 08 19 252.31 25.3 9.3 0 1.6 NA NA 19.3
1984233 1984 08 20 247.69 27.4 8.5 0 0.7 NA NA 18.6
1984234 1984 08 21 248.84 30 9.7 0 0.9 NA NA 16.6
1984235 1984 08 22 201.39 28.8 14.3 0 2.9 NA NA 21.5
1984236 1984 08 23 240.74 27.9 12.7 0 3 NA NA 21.69
1984237 1984 08 24 239.7 28.6 11.7 0 1.1 NA NA 19.8
1984238 1984 08 25 239.58 31.17 10.7 0 1.8 NA NA 16.8
1984239 1984 08 26 241.9 25.1 11.2 0 2.6 NA NA 18.15
1984240 1984 08 27 239.58 26.6 6.9 0 0.8 NA NA 16.7
1984241 1984 08 28 236.11 30.9 8.8 0 1.2 NA NA 14.79
1984242 1984 08 29 229.25 30.7 12.41 0 1.2 NA NA 18.6
1984243 1984 08 30 222.22 32.49 13.7 0 0.9 NA NA 17.5
1984244 1984 08 31 168.98 33.14 18.1 0 0.8 NA NA 21.3
1984245 1984 09 01 219.91 34.6 14.5 0 0.3 NA NA 19.86
1984246 1984 09 02 151.62 31.1 17.8 3.6 1.8 NA NA 31.69
1984247 1984 09 03 210.65 29.1 16 0 2.1 NA NA 31.5
1984248 1984 09 04 90.28 25.3 17.2 3.3 1.8 NA NA 47.6
1984249 1984 09 05 105.32 26.2 13.5 0 2.2 NA NA 41.4
1984250 1984 09 06 210.65 28.1 10.4 0 0.8 NA NA 23.9
1984251 1984 09 07 172.45 28.65 17.5 0 2.5 NA NA 28.3
1984252 1984 09 08 204.86 30.4 15.3 0 2 NA NA 23.2
1984253 1984 09 09 202.55 31.8 13.5 0 1.1 NA NA 20.5
1984254 1984 09 10 189.01 30.9 14.2 0 1.1 NA NA 27.5
1984255 1984 09 11 116.9 28.5 10.8 2.4 4.3 NA NA 28.29
1984256 1984 09 12 210.65 19.7 4.8 0 2.4 NA NA 21.2
1984257 1984 09 13 215.28 26.2 4.2 0 2.7 NA NA 17.04
1984258 1984 09 14 171.3 30 14.3 0 2.9 NA NA 24.9
1984259 1984 09 15 186.34 27 8.7 2.9 1.1 NA NA 29
1984260 1984 09 16 196.76 24 13.4 1.4 2.8 NA NA 33.3
1984261 1984 09 17 196.76 28.9 12.6 0 3.1 NA NA 21.3
1984262 1984 09 18 28.94 23.1 13.9 18.77 1.9 NA NA 72.4
1984263 1984 09 19 162.04 20.5 9.6 0 3.1 NA NA 47.9
1984264 1984 09 20 60.19 19.4 10 1.4 2.7 NA NA 68.7
1984265 1984 09 21 141.2 25 11.7 0 1.9 NA NA 44
1984266 1984 09 22 186.34 24.6 9.3 0 1.3 NA NA 30.4
1984267 1984 09 23 182.87 26.9 13.1 0 3.2 NA NA 32.2
1984268 1984 09 24 177.08 22.2 8.4 0 3.1 NA NA 37.9
1984269 1984 09 25 175.93 25.4 8.4 0 2.6 NA NA 25.6
1984270 1984 09 26 172.45 27 12.3 0 3.1 NA NA 27.2
1984271 1984 09 27 113.43 26.5 11.5 10.3 5 NA NA 32.8
1984272 1984 09 28 118.06 16.7 5.8 0 3.4 NA NA 35
1984273 1984 09 29 133.1 19.7 5 0 1.9 NA NA 29.5
1984274 1984 09 30 164.9 22.1 7.3 2.4 2.8 NA NA 32.7
1984275 1984 10 01 156.25 26.8 13.2 3.4 4.3 NA NA 38
1984276 1984 10 02 131.94 27 17.4 1.2 2.8 NA NA 57.5
1984277 1984 10 03 153.94 25.1 14.7 0 2.2 NA NA 47.85
1984278 1984 10 04 163.19 28.63 16.6 2.5 2.8 NA NA 40.1
1984279 1984 10 05 140.05 27.4 15.8 3.7 2.9 NA NA 42.59
1984280 1984 10 06 138.29 19.2 8 0 2.5 NA NA 55.3
1984281 1984 10 07 137.73 22.3 6.3 0 1.1 NA NA 37.8
1984282 1984 10 08 137.73 25.7 12.1 0 1.9 NA NA 40.1
1984283 1984 10 09 126.16 17.9 8.4 0 4.7 NA NA 42.2
1984284 1984 10 10 127.31 14.1 5.3 0 3.8 NA NA 36.1
1984285 1984 10 11 74.07 12.9 3.5 0 2.8 NA NA 45.5
1984286 1984 10 12 134.26 11.2 2.1 0 2.4 NA NA 37.6
1984287 1984 10 13 127.31 13.3 2.2 0 2.4 NA NA 37.2
1984288 1984 10 14 101.85 11 2.5 0 1.8 NA NA 40.8
1984289 1984 10 15 113.43 10.6 5.1 0 1.1 NA NA 41.6
1984290 1984 10 16 115.74 11.5 1.1 0 1.4 NA NA 35.1
1984291 1984 10 17 38.19 11.5 1.3 6.89 3.8 NA NA 48.1
1984292 1984 10 18 130.79 19.9 10.6 0 2.2 NA NA 57.5
1984293 1984 10 19 126.16 22.2 9.7 2.5 2.3 NA NA 45.7
1984294 1984 10 20 105.32 23 14.8 2.97 2.4 NA NA 60
1984295 1984 10 21 114.58 23.2 13.4 0 1.4 NA NA 62.4
1984296 1984 10 22 119.21 24.4 10.7 0 1.4 NA NA 46.5
1984297 1984 10 23 109.95 23.7 10.9 0 1.5 NA NA 51.9
1984298 1984 10 24 113.43 23.6 10.6 0 1.5 NA NA 53.4
1984299 1984 10 25 103.01 22.7 10.7 0 1.2 NA NA 55.4
1984300 1984 10 26 104.17 22.4 10.1 0 1.5 NA NA 50.3
1984301 1984 10 27 101.85 21.71 8.5 0 1.3 NA NA 48.8
1984302 1984 10 28 96.06 20.7 6.83 0 1.7 NA NA 51.9
1984303 1984 10 29 113.43 14.3 3.6 0 1 NA NA 51.1
1984304 1984 10 30 30.09 9.5 4.8 22.24 4.2 NA NA 75.1
1984305 1984 10 31 7.76 11.68 9.9 9.3 3.4 NA NA 90.9
1984306 1984 11 01 52.08 12.6 4 0 3.5 NA NA 60.2
1984307 1984 11 02 97.22 10.1 0.7 0 1.6 NA NA 47
1984308 1984 11 03 19.68 6.7 2.6 6.8 2.1 NA NA 78.2
1984309 1984 11 04 96.06 3.9 -2.2 0 5.7 NA NA 36
1984310 1984 11 05 70.6 2.5 -4.5 0 1.7 NA NA 53.4
1984311 1984 11 06 35.88 6.4 -1.6 0 1.2 NA NA 66.4
1984312 1984 11 07 72.92 11.5 3.5 9.1 3.8 NA NA 68.4
1984313 1984 11 08 92.59 11.1 1.3 2.2 4 NA NA 46.5
1984314 1984 11 09 71.76 9.9 4 0 2.5 NA NA 71.8
1984315 1984 11 10 72.92 9.1 0.1 0 4.1 NA NA 38.8
1984316 1984 11 11 81.02 10.3 -0.67 0 3.6 NA NA 39.8
1984317 1984 11 12 77.55 13.3 4.2 0 3.4 NA NA 49.5
1984318 1984 11 13 83.33 10.5 1.2 0 2.7 NA NA 49.1
1984319 1984 11 14 79.86 8.8 0.9 0 3.5 NA NA 45.4
1984320 1984 11 15 77.55 9.6 3 0 4 NA NA 51.4
1984321 1984 11 16 62.5 10.2 2.5 0 3.7 NA NA 57.5
1984322 1984 11 17 65.97 13.1 4.3 0 4.04 NA NA 60.7
1984323 1984 11 18 12.73 14.5 10.4 8.7 5 NA NA 79.4
1984324 1984 11 19 46.3 11.5 0.5 0 3.1 NA NA 61.1
1984325 1984 11 20 46.3 8.5 0.5 0 3.2 NA NA 66.71
1984326 1984 11 21 24.31 13.4 3.8 3 2.4 NA NA 74.8
1984327 1984 11 22 60.19 18.2 9.5 0 2.7 NA NA 69.3
1984328 1984 11 23 70.6 18.6 8.8 0 2.3 NA NA 65.14
1984329 1984 11 24 62.5 14.8 4.9 0 0.9 NA NA 67.8
1984330 1984 11 25 62.5 8.4 1.1 3.5 2.8 NA NA 70.9
1984331 1984 11 26 62.5 7.2 0.4 0 2.5 NA NA 47.7
1984332 1984 11 27 61.5 7 0.3 0 3.8 NA NA 52.7
1984333 1984 11 28 63.66 5 -0.7 0 3.8 NA NA 48
1984334 1984 11 29 26.62 11.5 6.1 0 4.9 NA NA 67.5
1984335 1984 11 30 57.62 9.3 3.1 0 3.1 NA NA 54.9
1984336 1984 12 01 53.24 10.1 3.1 0 3.5 NA NA 54.3
1984337 1984 12 02 47.45 6.6 -0.3 0 3.8 NA NA 55
1984338 1984 12 03 53.24 3.5 -3.2 0 1.1 NA NA 66.6
1984339 1984 12 04 59.03 3.3 -2.5 0 2.3 NA NA 63.9
1984340 1984 12 05 50.93 7.8 0.2 0 3.8 NA NA 53.7
1984341 1984 12 06 49.77 11.3 3 0 4.1 NA NA 51.7
1984342 1984 12 07 41.67 14.8 7.3 1.8 5 NA NA 54.3
1984343 1984 12 08 57.87 11.3 5.7 0 3.8 NA NA 62.5
1984344 1984 12 09 27.78 12.1 2.77 1.6 3.1 NA NA 67.1
1984345 1984 12 10 48.61 4.2 -2.9 0 3.6 NA NA 54.2
1984346 1984 12 11 59.03 1.9 -5.1 0 1.8 NA NA 46.8
1984347 1984 12 12 17.36 2.1 -3.6 0 1.7 NA NA 75
1984348 1984 12 13 48.61 2.6 -3.7 0 2.1 NA NA 69.8
1984349 1984 12 14 57.87 3.8 -2.5 0 4.2 NA NA 50.21
1984350 1984 12 15 23.15 7.82 1.2 1.78 3.6 NA NA 68.3
1984351 1984 12 16 43.98 3.19 -2.4 0 3.4 NA NA 60.4
1984352 1984 12 17 43.98 2.6 -3.8 0 2.8 NA NA 49.7
1984353 1984 12 18 21.99 4.1 -0.3 4.6 2.4 NA NA 75.28
1984354 1984 12 19 45.14 2.41 -3.4 0 1.3 NA NA 79.3
1984355 1984 12 20 53.24 1.1 -5.4 0 1.3 NA NA 69.4
1984356 1984 12 21 45.14 1 -5.1 0 3.8 NA NA 52.9
1984357 1984 12 22 24.31 -0.15 -8.1 2.8 3 NA NA 67.81
1984358 1984 12 23 50.93 -1 -10.8 0 3.1 NA NA 51.8
1984359 1984 12 24 50.93 -3.2 -8.7 0 3.3 NA NA 63.71
1984360 1984 12 25 52.08 -4.4 -11 0 4.6 NA NA 56.22
1984361 1984 12 26 50.93 -4.3 -10.2 0 5 NA NA 61
1984362 1984 12 27 62.5 -4.3 -10.8 0 4.8 NA NA 57.34
1984363 1984 12 28 61.34 -3.83 -10.8 0 5.5 NA NA 60.5
1984364 1984 12 29 52.08 -5.9 -12.3 0 3.7 NA NA 58.9
1984365 1984 12 30 55.56 -1.5 -10.8 0 3.5 NA NA 40.4
1984366 1984 12 31 52.08 -4.1 -11.3 0 3.4 NA NA 60.7
