*WEATHER DATA - Station:Martonv치s치r - BADJAM DATA - BADJer: UC - Method: EQMs - Source model: NOAAGFDL
 
@ INSI LAT LONG ELEV TAV AMP REFHT WNDHT
Martonv치s치r 47.35 18.81 185.9 8.32 NA 2.0 NA
@DATE YYYY MM DD SRAD TMAX TMIN RAIN  WIND DEWP VPRS RHUM 
1980001 1980 01 01 19.68 0.8 -12.28 4.6 2.4 NA NA 64.18
1980002 1980 01 02 34.72 -1 -6.7 0 5 NA NA 79.06
1980003 1980 01 03 67.13 -4.6 -8.35 0 6.46 NA NA 74.8
1980004 1980 01 04 71.76 -5.73 -13.48 0 3 NA NA 66.28
1980005 1980 01 05 59.03 -8.2 -20.45 0 3.3 NA NA 73.32
1980006 1980 01 06 71.76 -13.7 -23.97 0 0.8 NA NA 76.31
1980007 1980 01 07 57.87 -8.07 -23.05 0 1.7 NA NA 44.4
1980008 1980 01 08 33.56 -4.4 -11.34 0 2.5 NA NA 61.89
1980009 1980 01 09 46.3 -2.14 -12.41 0 2.4 NA NA 59.38
1980010 1980 01 10 25.39 2.1 -6.4 4.51 3.1 NA NA 78.71
1980011 1980 01 11 31.25 1.41 -6.7 0 1.9 NA NA 70.64
1980012 1980 01 12 74.07 -4.2 -9.7 0 5.6 NA NA 76.94
1980013 1980 01 13 60.19 -7.3 -13.32 0 3.4 NA NA 73.8
1980014 1980 01 14 81.34 -7.4 -16.95 0 1.2 NA NA 66.21
1980015 1980 01 15 49.77 -11.51 -21.35 0 0.9 NA NA 68.41
1980016 1980 01 16 60.19 -8.87 -21.55 0 1.3 NA NA 63.8
1980017 1980 01 17 52.08 -3.1 -13.19 0 2.5 NA NA 60
1980018 1980 01 18 25.47 1.58 -5.1 2.31 1 NA NA 80.91
1980019 1980 01 19 45.14 1.8 -6.81 0 0.9 NA NA 80.89
1980020 1980 01 20 59.03 1.45 -7.84 0 1.5 NA NA 74.15
1980021 1980 01 21 65.97 1.4 -8.08 0 2.7 NA NA 65.8
1980022 1980 01 22 30.09 3.4 -7.68 0 3.4 NA NA 69.9
1980023 1980 01 23 68.71 3.54 -3.13 0 5.2 NA NA 74.51
1980024 1980 01 24 41.67 3.7 -3.2 0 4.9 NA NA 73.67
1980025 1980 01 25 69.44 3.1 -2 0 3.9 NA NA 77.1
1980026 1980 01 26 63.66 3.53 -3.85 0 2.96 NA NA 76.76
1980027 1980 01 27 28.94 4.1 -3.77 0 5.26 NA NA 78.4
1980028 1980 01 28 70.6 -1.1 -7.1 0 6.51 NA NA 44.14
1980029 1980 01 29 83.33 -1.13 -7.8 0 6.7 NA NA 46.48
1980030 1980 01 30 78.7 -2.13 -9.21 0 5.1 NA NA 48.1
1980031 1980 01 31 94.91 -2.91 -11.3 0 2.71 NA NA 45.76
1980032 1980 02 01 89.12 -2.5 -13 0 2 NA NA 47.39
1980033 1980 02 02 98.38 0.93 -5.8 0 4.8 NA NA 70.05
1980034 1980 02 03 90.86 -2.2 -11.71 0 4.81 NA NA 48.1
1980035 1980 02 04 97.22 -5.45 -15.19 0 2.04 NA NA 56.97
1980036 1980 02 05 62.5 -1.2 -12.9 0 3.8 NA NA 52.41
1980037 1980 02 06 100.69 -2.52 -14.32 0 4.16 NA NA 45.4
1980038 1980 02 07 97.22 -5.32 -15.24 0 3.7 NA NA 60.52
1980039 1980 02 08 98.62 -5.76 -18.28 0 2.18 NA NA 66.58
1980040 1980 02 09 94.91 -3.63 -15.18 0 2.6 NA NA 51.88
1980041 1980 02 10 103.01 -4.58 -15.3 0 2 NA NA 71.34
1980042 1980 02 11 104.17 -4.1 -15.55 0 2.2 NA NA 54.88
1980043 1980 02 12 48.47 -0.8 -11.12 8.77 3.92 NA NA 67.71
1980044 1980 02 13 61.65 -1.07 -8.6 2 3.6 NA NA 72.9
1980045 1980 02 14 130.2 -3.1 -15.23 0 5.1 NA NA 50.39
1980046 1980 02 15 122.69 -5.72 -16.02 0 5.5 NA NA 59.8
1980047 1980 02 16 120.39 -7.42 -20.18 0 2.8 NA NA 58.39
1980048 1980 02 17 122.69 -8.93 -22.25 0 2 NA NA 51.98
1980049 1980 02 18 133.1 -9.05 -23.87 0 1.8 NA NA 54.82
1980050 1980 02 19 141.2 -0.28 -17.26 0 4.2 NA NA 36.98
1980051 1980 02 20 96.06 1.9 -7.65 0 5.24 NA NA 72.31
1980052 1980 02 21 131.94 0.79 -4.8 6.08 2.1 NA NA 88.43
1980053 1980 02 22 100.69 3.37 0 1.1 2.8 NA NA 81.87
1980054 1980 02 23 121.53 7.4 0.7 0 3.3 NA NA 63.11
1980055 1980 02 24 120.37 5.86 -1.3 0 3.5 NA NA 62.1
1980056 1980 02 25 106.48 6.52 -0.3 0 5.4 NA NA 53.63
1980057 1980 02 26 45.56 1.69 -1.2 0 5.1 NA NA 79.35
1980058 1980 02 27 35.97 2.29 -0.4 1.14 3.1 NA NA 80.36
1980059 1980 02 28 131.94 5.3 -1.61 0 2.36 NA NA 55.96
1980060 1980 02 29 0 0 0 0 0 NA NA 0
1980061 1980 03 01 152.06 2.8 -5.22 0 1.9 NA NA 53.79
1980062 1980 03 02 156.36 3.6 -5.8 0 2.1 NA NA 48.3
1980063 1980 03 03 55.55 2.12 -1.4 4.97 4.64 NA NA 76.42
1980064 1980 03 04 37.04 3.6 0.8 0 2.6 NA NA 82.3
1980065 1980 03 05 119.21 5.56 0.2 0 3.9 NA NA 62.22
1980066 1980 03 06 133.1 5.3 -0.29 0 4.7 NA NA 55.14
1980067 1980 03 07 150.46 4.7 -2.6 0 2.7 NA NA 37.2
1980068 1980 03 08 159.96 3.3 -6.61 0 3.8 NA NA 33.38
1980069 1980 03 09 164.41 5.19 -6.04 0 2.6 NA NA 37.74
1980070 1980 03 10 155.27 6.5 -1.5 0 2.7 NA NA 47.73
1980071 1980 03 11 114.58 8.9 -2.8 1.2 4.3 NA NA 39.59
1980072 1980 03 12 170.14 4.88 -5.2 0 3.7 NA NA 35.3
1980073 1980 03 13 152 10.4 1.9 0 4.8 NA NA 42.15
1980074 1980 03 14 107.02 10.4 1.43 0 3 NA NA 57.9
1980075 1980 03 15 77.55 10.4 0.36 0 1.2 NA NA 62.73
1980076 1980 03 16 172.16 16.3 2.11 0 1.4 NA NA 43.8
1980077 1980 03 17 170.14 18.87 2.21 0 2.3 NA NA 39.38
1980078 1980 03 18 177 18.83 5.3 0 3.3 NA NA 44.01
1980079 1980 03 19 90.28 15.46 4.4 9.23 2.7 NA NA 57.9
1980080 1980 03 20 184.03 10.44 1.2 0 4.5 NA NA 36.78
1980081 1980 03 21 151 7.98 -1.4 0 2 NA NA 40.9
1980082 1980 03 22 179.4 19.02 3.05 0 3.1 NA NA 42.11
1980083 1980 03 23 173.61 18.6 5.7 0 2.1 NA NA 51.77
1980084 1980 03 24 88.86 15.8 4.04 2 4.6 NA NA 57.72
1980085 1980 03 25 171.3 11.48 -0.3 0 3.1 NA NA 45.4
1980086 1980 03 26 88.75 7.7 -1.2 0 3.3 NA NA 47
1980087 1980 03 27 188.01 8.1 -2.5 0 0.6 NA NA 38.2
1980088 1980 03 28 63.65 6.74 1.2 2.2 3.1 NA NA 74.24
1980089 1980 03 29 178.24 10.41 -0.04 0 3.5 NA NA 36.29
1980090 1980 03 30 194.52 7.7 -1.8 0 1.77 NA NA 35
1980091 1980 03 31 202.55 8.4 -2.5 0 0.6 NA NA 29.1
1980092 1980 04 01 206.02 8.07 -2.1 0 1.6 NA NA 31.12
1980093 1980 04 02 203.83 10.1 -1.5 0 1.8 NA NA 30.9
1980094 1980 04 03 199.07 9.03 -1.6 0 2.6 NA NA 25.79
1980095 1980 04 04 190.97 8.62 -2.1 0 2 NA NA 27.94
1980096 1980 04 05 204.19 12.28 -2.2 0 1.4 NA NA 31.7
1980097 1980 04 06 204.86 15.6 0.4 0 4.2 NA NA 31.67
1980098 1980 04 07 61.94 14.7 6.43 9.2 4.91 NA NA 66.12
1980099 1980 04 08 53.25 14.59 5.3 1.5 3.31 NA NA 60.61
1980100 1980 04 09 157.53 14.4 5 0 1.4 NA NA 55.6
1980101 1980 04 10 115.62 13.9 1.9 0 0.59 NA NA 55.51
1980102 1980 04 11 164.44 12.5 0.4 0 2.9 NA NA 44.1
1980103 1980 04 12 168.31 12.6 -1.8 0 0.5 NA NA 37.51
1980104 1980 04 13 233.37 15.13 0.49 0 1.9 NA NA 31.2
1980105 1980 04 14 254.63 16.07 1.2 0 3.1 NA NA 28.43
1980106 1980 04 15 264.93 17.63 3.3 0 3.4 NA NA 30.9
1980107 1980 04 16 225.81 19.4 3.7 0 2.2 NA NA 37.5
1980108 1980 04 17 149.31 18.5 6.73 0 1.3 NA NA 52.24
1980109 1980 04 18 100.34 16.93 7 2.7 2.2 NA NA 63.17
1980110 1980 04 19 116.04 15.85 4.9 2.72 2.68 NA NA 58.84
1980111 1980 04 20 143.4 17.1 2.2 1.74 2.2 NA NA 44.5
1980112 1980 04 21 171.68 16.02 3.8 0 2.3 NA NA 49.67
1980113 1980 04 22 128.38 16.1 4.4 5.6 2.2 NA NA 52.14
1980114 1980 04 23 216.44 18.16 3.1 0 0.5 NA NA 46.98
1980115 1980 04 24 225.69 19.97 4.2 0 0.74 NA NA 38.37
1980116 1980 04 25 248.72 21.5 4.49 0 0.6 NA NA 36.1
1980117 1980 04 26 279.08 20.91 8.1 0 4.1 NA NA 37.1
1980118 1980 04 27 100.07 15.49 11.1 4 4.67 NA NA 66.61
1980119 1980 04 28 57.86 14.3 10.7 2.7 2.83 NA NA 85.65
1980120 1980 04 29 101.38 18.3 10.2 0 1.2 NA NA 70.17
1980121 1980 04 30 250 23.6 10.02 0 2.6 NA NA 47.94
1980122 1980 05 01 289.08 22.6 10.2 0 2.2 NA NA 44.6
1980123 1980 05 02 168.19 20.9 9.8 0 2.1 NA NA 49
1980124 1980 05 03 271.99 19.37 7.3 0 2.5 NA NA 33.86
1980125 1980 05 04 260.42 19.6 7.2 0 2.4 NA NA 36.78
1980126 1980 05 05 140.56 17.32 9.4 0 3.01 NA NA 55.33
1980127 1980 05 06 187.38 18.97 10.9 0 3.2 NA NA 55.36
1980128 1980 05 07 144.68 20.4 11.61 0 2.4 NA NA 55.91
1980129 1980 05 08 186.14 20.85 11.39 0 2.2 NA NA 46.37
1980130 1980 05 09 214.07 20.9 11.55 0 2.9 NA NA 44.62
1980131 1980 05 10 195.62 21.8 11.34 0 3.2 NA NA 41.8
1980132 1980 05 11 209.49 21.49 9.94 0 2.9 NA NA 44.43
1980133 1980 05 12 75.98 21.1 11.04 0 0.9 NA NA 65.53
1980134 1980 05 13 165.11 23 11 1.2 1.11 NA NA 56.03
1980135 1980 05 14 191.07 23.2 11 1.2 1.6 NA NA 54.3
1980136 1980 05 15 260.42 24.02 11 0 1.84 NA NA 46.45
1980137 1980 05 16 139.46 22.9 13.3 2.3 1.93 NA NA 60.17
1980138 1980 05 17 295.39 24 11.69 0 2.2 NA NA 44.32
1980139 1980 05 18 245.37 23.7 9.59 2 1.4 NA NA 44.34
1980140 1980 05 19 190.22 22.9 8.5 0 1.7 NA NA 51.35
1980141 1980 05 20 152.78 21.8 13.8 6.9 4.3 NA NA 64.01
1980142 1980 05 21 132.17 22.27 13.5 12.87 2.6 NA NA 60.42
1980143 1980 05 22 67.1 22.39 12.98 13.6 1.4 NA NA 65
1980144 1980 05 23 271.99 23.7 11.6 1.5 2.4 NA NA 42.1
1980145 1980 05 24 234.95 23.1 9.08 1.4 0.9 NA NA 47.98
1980146 1980 05 25 217.57 22.31 9 0 2.2 NA NA 54.28
1980147 1980 05 26 61.18 21.42 13.4 4.3 2.3 NA NA 68.92
1980148 1980 05 27 245.52 24.91 13 4.37 3.3 NA NA 49.2
1980149 1980 05 28 218.19 23.09 13.9 1.97 3.3 NA NA 54.35
1980150 1980 05 29 258.52 21.9 11.51 0 2.9 NA NA 44.67
1980151 1980 05 30 330.52 22.9 8.8 0 1 NA NA 37.33
1980152 1980 05 31 289.57 27.73 12.6 2 2.2 NA NA 39.87
1980153 1980 06 01 283.56 27 16.29 0 3.7 NA NA 41.1
1980154 1980 06 02 255.5 26.4 14 0 2.6 NA NA 43.7
1980155 1980 06 03 251.16 25.1 13.8 0 3.2 NA NA 43.71
1980156 1980 06 04 229.08 25.9 10.18 4.83 2.2 NA NA 42.24
1980157 1980 06 05 248.84 23.06 11.22 0 3.1 NA NA 45.3
1980158 1980 06 06 246.53 19.08 8.93 0 2.5 NA NA 44.8
1980159 1980 06 07 188.64 16.02 7.09 0 2.9 NA NA 43.33
1980160 1980 06 08 126.71 18.1 10.7 1.93 2.8 NA NA 57.82
1980161 1980 06 09 203.7 19.1 10.29 0 4.89 NA NA 42.86
1980162 1980 06 10 264.26 14.83 7.04 0 3.4 NA NA 27.39
1980163 1980 06 11 128.94 19.6 6.65 3.2 3.1 NA NA 35.43
1980164 1980 06 12 232.83 18.2 8.5 0 2.5 NA NA 48.92
1980165 1980 06 13 311.34 17.79 7.4 1.4 3.1 NA NA 40.49
1980166 1980 06 14 224.54 14.74 6.6 0 3.2 NA NA 49.31
1980167 1980 06 15 341.47 19.9 6.4 0 2.1 NA NA 26.79
1980168 1980 06 16 270.92 21.2 6.69 0 1.6 NA NA 36.9
1980169 1980 06 17 243.25 21.9 10.49 0 2.4 NA NA 44.78
1980170 1980 06 18 250.25 24.15 7.7 0 0.4 NA NA 44.25
1980171 1980 06 19 101.72 19.6 15.1 20.98 3 NA NA 88.44
1980172 1980 06 20 290.51 26.1 13.9 0 2.5 NA NA 44.33
1980173 1980 06 21 293.43 25.8 15.27 0 3.39 NA NA 40.4
1980174 1980 06 22 256.94 25.78 14.46 3.3 2.52 NA NA 41.65
1980175 1980 06 23 195.6 22.7 13.3 7.49 3.6 NA NA 60.91
1980176 1980 06 24 312.6 22 9.47 0 2.91 NA NA 38.41
1980177 1980 06 25 240.64 23.9 8.2 3.74 1.8 NA NA 34.08
1980178 1980 06 26 173.61 21.73 13 1.4 2.5 NA NA 57.73
1980179 1980 06 27 258.1 16.85 8.2 0 3.8 NA NA 51.4
1980180 1980 06 28 101.74 20.11 8.8 4.5 2.4 NA NA 50.8
1980181 1980 06 29 240.74 23.09 12.4 0 2.9 NA NA 46.5
1980182 1980 06 30 56.75 14.9 11.9 27.99 3.3 NA NA 79.49
1980183 1980 07 01 279.19 20.32 10.7 0 3.2 NA NA 40.12
1980184 1980 07 02 168.63 22.57 10 3.54 2.1 NA NA 48.6
1980185 1980 07 03 292.82 24.41 11 0 1.5 NA NA 39.54
1980186 1980 07 04 90.61 20.9 13.8 5.68 3 NA NA 72.27
1980187 1980 07 05 206.16 24.68 12.7 4.52 2.22 NA NA 56.4
1980188 1980 07 06 196.37 23.9 12.1 0 2.1 NA NA 56.62
1980189 1980 07 07 160.67 24.3 13.8 3.3 2.8 NA NA 50
1980190 1980 07 08 263.03 23.62 12.7 0 2.5 NA NA 40.81
1980191 1980 07 09 225.69 24.3 11.5 2.31 0.7 NA NA 54.72
1980192 1980 07 10 208.36 24.28 10.22 0 0.9 NA NA 37.94
1980193 1980 07 11 270.83 27.1 11.9 0 1.5 NA NA 44.92
1980194 1980 07 12 233.85 28.48 15.3 5.79 2.5 NA NA 40.32
1980195 1980 07 13 144.74 24.1 15.4 25.45 3.2 NA NA 65.95
1980196 1980 07 14 222.22 25.18 14.2 3.83 2.4 NA NA 54.87
1980197 1980 07 15 163.17 25.8 13.1 3.57 0.9 NA NA 47.88
1980198 1980 07 16 295.14 25.4 13.27 1.6 1.8 NA NA 41.81
1980199 1980 07 17 106.5 22.72 13.89 20.29 1.8 NA NA 63.22
1980200 1980 07 18 278.94 24.3 12.6 0 2.4 NA NA 41.57
1980201 1980 07 19 130.29 25.1 11.69 5.58 1.54 NA NA 47.34
1980202 1980 07 20 194.28 24.6 13.43 2.5 0.6 NA NA 55.61
1980203 1980 07 21 48.16 20.4 13.98 8.08 2.3 NA NA 78.75
1980204 1980 07 22 52.91 17.29 12.2 5.59 3.84 NA NA 71.8
1980205 1980 07 23 199.07 17.87 11.1 0 4 NA NA 45.5
1980206 1980 07 24 287.04 22.6 9 0 1.93 NA NA 34.9
1980207 1980 07 25 237.27 24.9 12 4.81 2.2 NA NA 45.2
1980208 1980 07 26 228.75 20.16 10.1 0 3.2 NA NA 55.4
1980209 1980 07 27 223.06 21.3 8.3 3.4 1.2 NA NA 40.01
1980210 1980 07 28 248.84 24 8.8 0 0.3 NA NA 46.87
1980211 1980 07 29 266.41 23.5 11.4 1.4 1.7 NA NA 44.5
1980212 1980 07 30 290.51 23.7 12.02 0 2.3 NA NA 42.77
1980213 1980 07 31 270.83 27.78 13.1 0 2.8 NA NA 33.12
1980214 1980 08 01 265.05 29.28 15.2 0 3.22 NA NA 32.55
1980215 1980 08 02 52.94 20.5 14 20.63 3.8 NA NA 73.92
1980216 1980 08 03 195.43 21.85 13.9 0 3.1 NA NA 51
1980217 1980 08 04 256.94 26.2 11.6 0 0.17 NA NA 45.29
1980218 1980 08 05 209.49 28.8 12.49 0 0.7 NA NA 44.65
1980219 1980 08 06 207.18 30 16.64 3.2 2.4 NA NA 38.52
1980220 1980 08 07 97.27 28.2 14.8 3.95 0.5 NA NA 58.6
1980221 1980 08 08 173.48 24.6 16.13 0 2.5 NA NA 65.07
1980222 1980 08 09 163.18 24.6 16.2 0 2.3 NA NA 58.45
1980223 1980 08 10 186.01 25.98 14.85 0 1.1 NA NA 58.69
1980224 1980 08 11 195.55 28 15 0 0.5 NA NA 51.02
1980225 1980 08 12 270.83 30.2 14.9 0 0.7 NA NA 41.41
1980226 1980 08 13 256.94 30.22 15.6 0 1 NA NA 43.21
1980227 1980 08 14 141.2 26.8 16.51 0 2.7 NA NA 56.32
1980228 1980 08 15 262.73 27.3 12.7 0 0.7 NA NA 41.91
1980229 1980 08 16 253.66 28.58 11.24 0 0.5 NA NA 35.44
1980230 1980 08 17 250.81 29.9 13.76 0 1 NA NA 33.07
1980231 1980 08 18 158.33 25.72 14.2 1.98 2.2 NA NA 59.77
1980232 1980 08 19 221.06 23.39 13.69 0 2.4 NA NA 47.9
1980233 1980 08 20 227.07 21.5 11.6 0 1.7 NA NA 42.98
1980234 1980 08 21 203.56 19.84 11.18 0 3.2 NA NA 45.32
1980235 1980 08 22 231.48 22.79 8.6 0 1.6 NA NA 40.66
1980236 1980 08 23 200.23 21.6 10.9 0 2.5 NA NA 46.35
1980237 1980 08 24 246.49 22.2 8.4 0 1 NA NA 32.6
1980238 1980 08 25 245.37 23.6 7.6 0 1.3 NA NA 29.6
1980239 1980 08 26 240.93 23.71 9.1 0 2.4 NA NA 29.5
1980240 1980 08 27 231.48 25.1 10.58 0 2.3 NA NA 31.5
1980241 1980 08 28 226.73 28 13.4 0 2.4 NA NA 32.27
1980242 1980 08 29 215.28 28 16.28 0 2.2 NA NA 37.5
1980243 1980 08 30 223.38 27.79 14.43 0 1.6 NA NA 33.54
1980244 1980 08 31 151.62 27.7 15.01 2.5 1.06 NA NA 40.73
1980245 1980 09 01 100.14 29.76 12.5 3.51 0.3 NA NA 36.02
1980246 1980 09 02 222.22 27.3 12.92 0 1.1 NA NA 39.54
1980247 1980 09 03 111.11 27 12.2 2.21 1.3 NA NA 43.63
1980248 1980 09 04 226.99 22.4 10.73 5.05 3.4 NA NA 44.25
1980249 1980 09 05 224.18 22 7.8 0 1.2 NA NA 30.13
1980250 1980 09 06 214.12 25 7.73 0 0.5 NA NA 31.9
1980251 1980 09 07 214.12 26.9 9.9 0 1 NA NA 29.97
1980252 1980 09 08 206.73 29.51 13 0 1.3 NA NA 30.18
1980253 1980 09 09 197.92 28.6 14.9 2 0.9 NA NA 40.19
1980254 1980 09 10 181.71 28.5 16.2 0 0.6 NA NA 42.64
1980255 1980 09 11 201.39 27.7 15.2 0 2.2 NA NA 33.71
1980256 1980 09 12 208.33 24.4 11.69 0 2.8 NA NA 22.82
1980257 1980 09 13 211.98 21.5 9.4 0 3.1 NA NA 21.9
1980258 1980 09 14 186.33 20.59 8.42 0 1.6 NA NA 29.23
1980259 1980 09 15 171.01 22.45 8 2.2 2.9 NA NA 27.09
1980260 1980 09 16 65.95 16.53 10.7 4.38 2.9 NA NA 74.31
1980261 1980 09 17 129.63 18.63 8.93 0 3.5 NA NA 46.17
1980262 1980 09 18 131.93 20.4 9.4 0 2.9 NA NA 38.1
1980263 1980 09 19 98.31 17.59 7.15 0 1.9 NA NA 47.65
1980264 1980 09 20 105.88 20.4 9.04 0 1.73 NA NA 41.8
1980265 1980 09 21 184.28 24.4 8.7 0 2.7 NA NA 28.33
1980266 1980 09 22 46.38 21.09 9.7 7.63 3 NA NA 54.84
1980267 1980 09 23 197.92 24.2 8.02 0 1.86 NA NA 31.98
1980268 1980 09 24 104.13 23.6 11.8 1.1 2.8 NA NA 41.38
1980269 1980 09 25 155.9 23.3 11.41 0 2.1 NA NA 41.4
1980270 1980 09 26 114.04 23.61 11.5 0 2.2 NA NA 39.51
1980271 1980 09 27 98.38 24.98 10.91 3.82 2.5 NA NA 43.64
1980272 1980 09 28 84.49 24.9 14.6 6.1 2.9 NA NA 59.96
1980273 1980 09 29 75.83 22.4 13.9 14.66 2.3 NA NA 74.72
1980274 1980 09 30 68.6 19.38 9 0 3.9 NA NA 59.29
1980275 1980 10 01 140.35 21 7.28 1.3 2.66 NA NA 40.73
1980276 1980 10 02 128.47 18.7 8.7 0 2.4 NA NA 44.93
1980277 1980 10 03 38.17 19.1 8.9 6.54 4.48 NA NA 51.01
1980278 1980 10 04 134.26 11.7 5.18 0 4.2 NA NA 34.4
1980279 1980 10 05 152.07 11.7 2.08 0 1.62 NA NA 34.6
1980280 1980 10 06 40.51 11.1 4.59 1.7 2.2 NA NA 64.13
1980281 1980 10 07 37.28 15.4 1.1 9.5 2.9 NA NA 47.77
1980282 1980 10 08 143.56 13.2 0.95 0 5.2 NA NA 27.8
1980283 1980 10 09 140.14 11.49 0.06 0 4 NA NA 27.8
1980284 1980 10 10 78.39 11.68 3.49 0 3.6 NA NA 38.51
1980285 1980 10 11 141.2 15.51 2.24 0 2.7 NA NA 33.99
1980286 1980 10 12 85.56 19.6 10.5 0 3.8 NA NA 51.82
1980287 1980 10 13 61.15 23.56 11.7 0 3.3 NA NA 49.43
1980288 1980 10 14 75.74 20.7 9.21 1.2 2.7 NA NA 54.24
1980289 1980 10 15 38.19 11.4 6 12.14 2.5 NA NA 67.04
1980290 1980 10 16 53.24 11.4 4.03 3.5 4.2 NA NA 54.37
1980291 1980 10 17 34.72 12.7 5.7 3.91 2.3 NA NA 72.58
1980292 1980 10 18 54.46 16.7 5.5 1.2 2.1 NA NA 53.8
1980293 1980 10 19 104.67 15.7 4.64 0 1.2 NA NA 52.31
1980294 1980 10 20 42.82 18.1 10 4.9 4.6 NA NA 64.33
1980295 1980 10 21 55.56 20.6 12 4.04 4.1 NA NA 63.7
1980296 1980 10 22 119.21 19.09 9.71 1.1 2.9 NA NA 51.9
1980297 1980 10 23 106.48 16.05 8 0 1.8 NA NA 59.27
1980298 1980 10 24 103.38 12.82 4.52 0 2.5 NA NA 54.79
1980299 1980 10 25 104.14 13.91 5.3 0 2.4 NA NA 47.2
1980300 1980 10 26 42.82 15.65 5.2 6.89 3.7 NA NA 48.93
1980301 1980 10 27 106.47 12.3 1.66 0 2.7 NA NA 29.7
1980302 1980 10 28 112.31 16.2 6.2 0 3.3 NA NA 42.08
1980303 1980 10 29 97.22 17.13 7.2 0 2.6 NA NA 52.67
1980304 1980 10 30 93.9 18.46 6.96 0 2.1 NA NA 49.27
1980305 1980 10 31 58.69 17.38 5.34 0 0.3 NA NA 53.72
1980306 1980 11 01 42.82 17.9 7.18 0 0.1 NA NA 57.53
1980307 1980 11 02 71.76 16.71 5.6 0 0.7 NA NA 57.42
1980308 1980 11 03 84.49 14.1 4.1 0 1.7 NA NA 59.41
1980309 1980 11 04 35.88 11.5 2.75 0 0.9 NA NA 75.64
1980310 1980 11 05 85.65 10.8 1.3 0 0.9 NA NA 58.74
1980311 1980 11 06 62.34 13.65 2.2 0 2.2 NA NA 41.19
1980312 1980 11 07 62.5 13.07 2.9 0 1.9 NA NA 52.74
1980313 1980 11 08 76.39 11.6 3.34 0 1.8 NA NA 58.4
1980314 1980 11 09 64.81 11 2 0 1.67 NA NA 54.82
1980315 1980 11 10 33.56 10.84 5.22 0 1.6 NA NA 67.71
1980316 1980 11 11 42.82 11.05 3.2 0 1.3 NA NA 61.81
1980317 1980 11 12 62.5 10 0.4 0 0.6 NA NA 54.86
1980318 1980 11 13 34.78 9.7 1.2 0 0.5 NA NA 76.82
1980319 1980 11 14 53.24 12.9 6.7 0 1 NA NA 74.9
1980320 1980 11 15 30.09 10.2 4.08 0 0.5 NA NA 78.97
1980321 1980 11 16 39.35 9.7 2.1 2.21 2.8 NA NA 70.02
1980322 1980 11 17 63.66 7.2 0.2 0 1.8 NA NA 62.19
1980323 1980 11 18 35.55 5.33 -1.13 0 2.3 NA NA 64.83
1980324 1980 11 19 62.5 3 -2.5 0 2.8 NA NA 44.78
1980325 1980 11 20 47.45 1.1 -5.06 0 4 NA NA 37.62
1980326 1980 11 21 67.13 -0.22 -6.11 0 3.2 NA NA 32.28
1980327 1980 11 22 62.5 0.13 -5.93 0 2.7 NA NA 36.1
1980328 1980 11 23 61.51 0.4 -6.64 0 1.6 NA NA 41.45
1980329 1980 11 24 61.34 0.6 -8.09 0 0.7 NA NA 42.89
1980330 1980 11 25 61.34 0.7 -8.62 0 1.2 NA NA 40.84
1980331 1980 11 26 23.15 1.15 -6.65 0 1.8 NA NA 51.74
1980332 1980 11 27 21.99 2.5 -1.4 0 1.2 NA NA 90.86
1980333 1980 11 28 53.63 2.29 -5.3 0 3.2 NA NA 62.76
1980334 1980 11 29 68.29 -1.2 -6.68 0 3.4 NA NA 33
1980335 1980 11 30 26.1 -0.56 -6.61 1.9 3.6 NA NA 41.78
1980336 1980 12 01 47.45 -0.03 -7.23 0 1.2 NA NA 71.6
1980337 1980 12 02 52.08 0.4 -7.09 0 3.5 NA NA 57.33
1980338 1980 12 03 42.31 1.56 -5.4 3.4 4.7 NA NA 68.92
1980339 1980 12 04 23.15 1.9 -1.5 1.9 0.8 NA NA 93.9
1980340 1980 12 05 42.82 2.2 -3.4 2.75 1.2 NA NA 81.89
1980341 1980 12 06 17.36 1.71 -4.74 4.9 1.7 NA NA 89.27
1980342 1980 12 07 42.82 0.09 -6.3 0 1.3 NA NA 80.11
1980343 1980 12 08 63.7 1.7 -7.2 0 1.2 NA NA 76.63
1980344 1980 12 09 43.98 -0.17 -8.16 0 1.84 NA NA 72.36
1980345 1980 12 10 68.29 0.3 -4.62 0 5.5 NA NA 72.01
1980346 1980 12 11 20.83 0.95 -4.92 0 3.4 NA NA 72.1
1980347 1980 12 12 59.03 1.4 -4.2 0 2.52 NA NA 78.83
1980348 1980 12 13 31.25 0.8 -4.7 0 1.8 NA NA 83.87
1980349 1980 12 14 42.82 -0.91 -7.11 0 2.3 NA NA 75.88
1980350 1980 12 15 24.1 1.26 -7.11 0 1.4 NA NA 80.33
1980351 1980 12 16 20.83 2.35 -0.5 0 2.5 NA NA 93.28
1980352 1980 12 17 31.25 3.7 -0.6 0 4.7 NA NA 65.68
1980353 1980 12 18 43.7 2.9 -3.61 0 4.8 NA NA 65.93
1980354 1980 12 19 16.2 2.5 -3.66 0 2.7 NA NA 80.31
1980355 1980 12 20 67.13 3.41 -1.8 0 1.9 NA NA 74.35
1980356 1980 12 21 68.29 3.67 -1.7 0 2.7 NA NA 75.6
1980357 1980 12 22 34.72 4.91 1.2 0 5.2 NA NA 62.28
1980358 1980 12 23 41.67 4.7 -0.3 0 3.8 NA NA 61.36
1980359 1980 12 24 59.03 4.6 -1.14 0 2.7 NA NA 58.33
1980360 1980 12 25 34.72 3.3 -4.07 0 0.6 NA NA 76.6
1980361 1980 12 26 23.15 6.31 0.8 3 3.02 NA NA 70.55
1980362 1980 12 27 45.14 5.49 0.91 0 3.4 NA NA 72
1980363 1980 12 28 34.72 3.66 -2 0 2.4 NA NA 78.14
1980364 1980 12 29 56.71 -0.1 -6.1 0 4.5 NA NA 58.79
1980365 1980 12 30 30.09 -3.6 -8 0 6.51 NA NA 46.59
1980366 1980 12 31 26.62 -1.83 -7.3 0 4.93 NA NA 51.78
1981001 1981 01 01 30.09 -1.56 -6.42 0 0.99 NA NA 63.85
1981002 1981 01 02 47.45 -1.6 -7.52 0 0.4 NA NA 65.53
1981003 1981 01 03 41.67 -2 -9.29 0 1.3 NA NA 66.48
1981004 1981 01 04 43.98 1.49 -7.7 0 2.1 NA NA 67.56
1981005 1981 01 05 47.45 1.7 -5.8 0 0.8 NA NA 80.63
1981006 1981 01 06 67.25 5.4 -1 0 1.3 NA NA 74.58
1981007 1981 01 07 65.97 4.26 -1.8 0 0.8 NA NA 74.82
1981008 1981 01 08 55.56 4.1 -1.7 0 1.3 NA NA 77.15
1981009 1981 01 09 48.61 3.8 -1.3 0 2 NA NA 77.61
1981010 1981 01 10 48.61 2.09 -2.02 0 3.9 NA NA 71.73
1981011 1981 01 11 56.71 1.04 -4.9 0 3.2 NA NA 60
1981012 1981 01 12 54.4 -2.65 -8.21 0 2 NA NA 49.12
1981013 1981 01 13 71.76 -1.6 -8.98 0 1.2 NA NA 43.39
1981014 1981 01 14 61.34 -1.1 -8.76 0 2.2 NA NA 43.29
1981015 1981 01 15 68.29 -3.8 -10.76 0 2 NA NA 32.96
1981016 1981 01 16 35.88 -2.5 -9.5 1.17 1.3 NA NA 43.8
1981017 1981 01 17 51.84 -3.54 -12.2 0 1.2 NA NA 70.59
1981018 1981 01 18 68.29 0.93 -12.69 1.1 2 NA NA 57.99
1981019 1981 01 19 28.94 2 -0.9 2.42 0.99 NA NA 89.34
1981020 1981 01 20 75.23 1.4 -4.7 1.2 3.9 NA NA 80.96
1981021 1981 01 21 40.51 0.58 -4.62 0 4.3 NA NA 71.9
1981022 1981 01 22 68.29 -1.91 -9.41 0 2.4 NA NA 57.98
1981023 1981 01 23 27.78 1.44 -7 5.06 3.2 NA NA 72.13
1981024 1981 01 24 40.31 2.33 -3.69 5.4 4.49 NA NA 80.01
1981025 1981 01 25 62.5 1.6 -9.2 0 2.5 NA NA 55.73
1981026 1981 01 26 63.66 2.9 -3.2 0 3 NA NA 79
1981027 1981 01 27 72.62 2.55 -6.2 0 1.6 NA NA 77.93
1981028 1981 01 28 89.01 0.94 -8.9 0 1.4 NA NA 60.82
1981029 1981 01 29 81.02 -1.17 -10.8 0 1.4 NA NA 60.5
1981030 1981 01 30 85.65 -2.59 -13.6 0 0.4 NA NA 62.97
1981031 1981 01 31 83.51 -1.9 -13.41 0 1 NA NA 58.44
1981032 1981 02 01 103.04 -3.5 -11.76 0 2.5 NA NA 70.79
1981033 1981 02 02 83.5 -2.64 -14.23 0 2.1 NA NA 45.75
1981034 1981 02 03 93.76 -1.93 -8.4 0 4.3 NA NA 76.7
1981035 1981 02 04 90.14 -3.1 -10.77 0 5.5 NA NA 68.3
1981036 1981 02 05 100.69 -3.77 -11.85 0 4.9 NA NA 64.7
1981037 1981 02 06 105.32 -4.1 -14.97 0 5.54 NA NA 47.59
1981038 1981 02 07 100.69 -3.62 -14.26 0 5.3 NA NA 70
1981039 1981 02 08 106.48 -5.86 -15.24 0 3.9 NA NA 67.01
1981040 1981 02 09 111.11 -5.69 -15.3 0 3.65 NA NA 61.31
1981041 1981 02 10 104.17 -5.77 -15.36 0 4 NA NA 62.1
1981042 1981 02 11 109.95 -8.06 -19.26 0 2.2 NA NA 63.58
1981043 1981 02 12 107.64 -7.71 -20.74 0 1.2 NA NA 64.63
1981044 1981 02 13 100.69 -4.06 -15.69 0 2 NA NA 65.26
1981045 1981 02 14 106.48 -3 -16.07 1.2 1.5 NA NA 54.2
1981046 1981 02 15 112.21 -2.43 -14.75 0 1.9 NA NA 65.56
1981047 1981 02 16 74.58 0.09 -14.8 1.2 2 NA NA 45.73
1981048 1981 02 17 113.43 -1.6 -11.69 0 3.8 NA NA 65.58
1981049 1981 02 18 109.95 -0.2 -14.38 0 2 NA NA 52.37
1981050 1981 02 19 109.08 0.49 -8.6 0 2.1 NA NA 80.9
1981051 1981 02 20 134.26 1.1 -13.1 0 3.1 NA NA 70.46
1981052 1981 02 21 105.32 1.1 -6.57 1.2 3.6 NA NA 81.52
1981053 1981 02 22 106.83 1.1 -6.89 0 3 NA NA 73.35
1981054 1981 02 23 88.14 2.2 -2.9 0 3 NA NA 81.34
1981055 1981 02 24 116.9 2.38 -4 0 4.59 NA NA 66.87
1981056 1981 02 25 75 3.07 -6.18 0 2.4 NA NA 57.77
1981057 1981 02 26 140.05 5 -4.79 0 2.4 NA NA 46.53
1981058 1981 02 27 134.26 9.64 0.1 0 3.82 NA NA 51
1981059 1981 02 28 132.84 4.7 -1.9 0 2.4 NA NA 63.01
1981060 1981 03 01 79.86 7.17 -1.6 1.5 3.7 NA NA 52.7
1981061 1981 03 02 140.05 4.6 -1.5 0 3.1 NA NA 47.17
1981062 1981 03 03 155.09 5.6 -1.86 0 3.1 NA NA 47.24
1981063 1981 03 04 151.03 5.7 -1.23 0 5.1 NA NA 42.6
1981064 1981 03 05 146.23 6.6 -2.5 0 2.7 NA NA 34.65
1981065 1981 03 06 45.11 7.88 1.1 8.2 4.2 NA NA 76.4
1981066 1981 03 07 132.91 10.33 1.1 0 2.8 NA NA 47.83
1981067 1981 03 08 159.72 7.8 0.3 0 3.1 NA NA 37.5
1981068 1981 03 09 45.19 6.13 -1 6.3 3.1 NA NA 75.8
1981069 1981 03 10 96.9 6.38 -1.62 0 1.8 NA NA 52.61
1981070 1981 03 11 154.04 8.6 1.04 2.5 4.2 NA NA 48.22
1981071 1981 03 12 152.78 5.8 -2.6 0 1.8 NA NA 49.27
1981072 1981 03 13 164.61 4.6 -4.08 0 1.3 NA NA 36.9
1981073 1981 03 14 168.01 5.84 -4.9 0 2 NA NA 35.23
1981074 1981 03 15 87.96 6.5 -1.4 0 1.7 NA NA 41.6
1981075 1981 03 16 174.77 9.48 0.1 0 2.1 NA NA 44.93
1981076 1981 03 17 82.11 7.4 0.7 0 3.8 NA NA 72.86
1981077 1981 03 18 178.26 7.5 -1.2 0 1.9 NA NA 42.8
1981078 1981 03 19 156.5 6.9 -1.7 0 4.1 NA NA 37
1981079 1981 03 20 196.89 2.83 -6.91 0 2.3 NA NA 24.73
1981080 1981 03 21 202.6 5.21 -7.5 0 2.4 NA NA 27.89
1981081 1981 03 22 77.43 15.07 2.12 0 4 NA NA 46.5
1981082 1981 03 23 171 7.92 1.4 0 3.4 NA NA 47.92
1981083 1981 03 24 199.07 3.9 -2.5 1.55 4.81 NA NA 36.69
1981084 1981 03 25 196.76 3.14 -4.5 0 5.2 NA NA 27.99
1981085 1981 03 26 173.61 2.9 -8.47 0 5.9 NA NA 28.61
1981086 1981 03 27 186.34 2.9 -4.7 0 6.18 NA NA 28.68
1981087 1981 03 28 180.56 2.73 -6.02 0 4.51 NA NA 27.91
1981088 1981 03 29 177.08 4.06 -4.63 0 3.4 NA NA 30.39
1981089 1981 03 30 206.02 4.45 -4.6 0 3.1 NA NA 26.09
1981090 1981 03 31 211.72 3.46 -4.6 0 3.5 NA NA 21.17
1981091 1981 04 01 215.28 2.01 -5.98 0 2.7 NA NA 21.34
1981092 1981 04 02 228.06 3.32 -5.57 0 0.61 NA NA 21.24
1981093 1981 04 03 190.97 5.96 -4.1 0 0.5 NA NA 28.2
1981094 1981 04 04 206.51 6.3 -3.22 0 0.6 NA NA 36.8
1981095 1981 04 05 208.33 7.59 -3 0 0.9 NA NA 38.75
1981096 1981 04 06 203.74 8.8 -1.3 3.9 3.5 NA NA 42.96
1981097 1981 04 07 88.97 5.94 0.62 0 2.1 NA NA 72.85
1981098 1981 04 08 184.03 8.1 -1.5 0 1.59 NA NA 44.59
1981099 1981 04 09 185.18 10.67 -2.65 0 0.37 NA NA 32.5
1981100 1981 04 10 151.62 11.95 1.1 0 2.56 NA NA 46.9
1981101 1981 04 11 245.19 12.2 -1.3 0 2.7 NA NA 29.81
1981102 1981 04 12 186.88 13.9 -1.3 0 0.98 NA NA 28.43
1981103 1981 04 13 212.03 13.98 -0.01 0 2.9 NA NA 30.07
1981104 1981 04 14 177.76 10.87 1.3 0 4.2 NA NA 31.9
1981105 1981 04 15 236.29 10.69 -0.81 0 2.6 NA NA 26.4
1981106 1981 04 16 179.4 12.4 0.1 0 3.3 NA NA 33.3
1981107 1981 04 17 229.17 14.9 -0.71 0 1.6 NA NA 39.7
1981108 1981 04 18 181.04 20.91 5.4 1.2 2.2 NA NA 43.01
1981109 1981 04 19 237.1 16.6 2.6 0 1.86 NA NA 39.32
1981110 1981 04 20 181 18.1 2.6 0 0.46 NA NA 41.8
1981111 1981 04 21 165.92 22.81 6.05 0 2.5 NA NA 40.2
1981112 1981 04 22 261.57 17.88 4.1 0 2 NA NA 37.45
1981113 1981 04 23 281.25 19.1 2.73 0 1.8 NA NA 35.16
1981114 1981 04 24 261.57 20.03 2.77 0 0.9 NA NA 33.29
1981115 1981 04 25 278.68 23.19 2.8 0 1.3 NA NA 30.88
1981116 1981 04 26 269.73 23.31 6.1 0 2 NA NA 32.45
1981117 1981 04 27 265.16 23.3 7.9 0 1.9 NA NA 35.08
1981118 1981 04 28 215.28 22.1 8.7 0 2.62 NA NA 46.8
1981119 1981 04 29 212.96 18.4 8 0 3.7 NA NA 47
1981120 1981 04 30 241.95 23.2 7.3 0 2.7 NA NA 31.99
1981121 1981 05 01 229.17 18.84 8.49 0 4.1 NA NA 41.73
1981122 1981 05 02 280.09 17.4 5.9 0 2.3 NA NA 31.59
1981123 1981 05 03 271.99 23.9 6 0 3 NA NA 28.1
1981124 1981 05 04 225.69 26.52 13 0 3.3 NA NA 37.7
1981125 1981 05 05 127.94 22.88 13.41 4.1 3.34 NA NA 55.81
1981126 1981 05 06 155.74 16.72 9.4 4.84 3.7 NA NA 73.21
1981127 1981 05 07 214.12 17.1 7 0 4.4 NA NA 41.29
1981128 1981 05 08 259.48 19.9 4.6 5.1 2.5 NA NA 35.8
1981129 1981 05 09 225.69 16.4 6.6 0 4.01 NA NA 32.4
1981130 1981 05 10 220.29 15.32 5.9 0 3.7 NA NA 37.29
1981131 1981 05 11 231.48 16.2 4.8 0 2.9 NA NA 29.2
1981132 1981 05 12 304.81 18 4.6 0 2.4 NA NA 23.19
1981133 1981 05 13 300.93 21.1 3.1 0 1.1 NA NA 24.59
1981134 1981 05 14 266.99 19 7.55 0 2.9 NA NA 40.47
1981135 1981 05 15 132.69 18.32 6.72 1.4 2.9 NA NA 49.68
1981136 1981 05 16 265.96 15.22 5.03 0 2.7 NA NA 31.4
1981137 1981 05 17 283.56 14.25 4.7 0 2.9 NA NA 24.44
1981138 1981 05 18 274.31 14.2 3.59 0 2.9 NA NA 23.71
1981139 1981 05 19 213.83 14.32 4.08 0 2.9 NA NA 32.49
1981140 1981 05 20 246.53 15.7 5.15 0 3 NA NA 29.9
1981141 1981 05 21 255.79 15.04 3.9 0 1.5 NA NA 27.4
1981142 1981 05 22 244.35 17.8 3.6 0 1.48 NA NA 24.8
1981143 1981 05 23 221.06 20 11.4 1.1 3.2 NA NA 35.31
1981144 1981 05 24 99.56 15.98 8.6 15.28 3.2 NA NA 75.81
1981145 1981 05 25 130.63 16.25 10 6.95 2.5 NA NA 77.63
1981146 1981 05 26 102.83 19.98 11.5 0 3.8 NA NA 55.33
1981147 1981 05 27 243.44 22.66 10.8 0 1.3 NA NA 47.24
1981148 1981 05 28 100.69 23.24 9.99 19.68 1.5 NA NA 46.16
1981149 1981 05 29 251.16 24.7 9.58 3.76 1.6 NA NA 40.53
1981150 1981 05 30 226.85 22.86 8.59 3.4 1 NA NA 49.9
1981151 1981 05 31 261.57 24.23 7.14 1.2 0.4 NA NA 41.52
1981152 1981 06 01 162.62 24.1 9.98 11.82 1.1 NA NA 49.81
1981153 1981 06 02 231.48 24.4 11.9 1.7 2.5 NA NA 42.59
1981154 1981 06 03 225.4 23.06 12 3.3 2.1 NA NA 48.25
1981155 1981 06 04 240.08 24.06 10.5 2.22 1.3 NA NA 43.91
1981156 1981 06 05 192.13 23.2 8.8 2.4 1 NA NA 51.88
1981157 1981 06 06 262.73 22.7 12 0 3.1 NA NA 45.95
1981158 1981 06 07 169.12 22.62 12.4 0 2.7 NA NA 55.71
1981159 1981 06 08 263.32 25.5 12.2 2.5 2.2 NA NA 37.9
1981160 1981 06 09 267.91 26 11.3 2.7 0.7 NA NA 43.87
1981161 1981 06 10 91.38 23.5 15.79 13.56 3.16 NA NA 60.92
1981162 1981 06 11 154.12 25.1 14.8 2.5 3 NA NA 56.24
1981163 1981 06 12 169.34 24.8 12.55 1.2 1.4 NA NA 56.99
1981164 1981 06 13 240.74 26.6 12.1 0 1.6 NA NA 43.4
1981165 1981 06 14 230.32 27.4 13.8 1.2 1.9 NA NA 41.35
1981166 1981 06 15 103.01 24.7 13.3 7.53 1.1 NA NA 57
1981167 1981 06 16 312.48 24.23 11.5 0 1.3 NA NA 43.4
1981168 1981 06 17 233.63 26.9 9.99 0 0.5 NA NA 34.56
1981169 1981 06 18 206.13 28.05 11.4 0 0.2 NA NA 36.73
1981170 1981 06 19 260.68 26.14 12.2 1.8 0.4 NA NA 52.39
1981171 1981 06 20 166.35 25.3 12.2 17.34 0.69 NA NA 58.5
1981172 1981 06 21 50.32 19.57 11.8 5.07 3.4 NA NA 65.66
1981173 1981 06 22 180.4 17.67 10.4 0 2.8 NA NA 55.48
1981174 1981 06 23 225.6 19.6 10.09 0 2.3 NA NA 50.01
1981175 1981 06 24 152.92 19.55 12.5 0 3.43 NA NA 51.29
1981176 1981 06 25 284.72 21.5 10.9 0 3.7 NA NA 31.7
1981177 1981 06 26 241.9 20.4 11.2 0 3.6 NA NA 37.55
1981178 1981 06 27 241.8 22.19 9.1 0 1.6 NA NA 38.06
1981179 1981 06 28 334.71 22.1 12.2 4.42 2.5 NA NA 48.07
1981180 1981 06 29 149.14 25.8 14.2 34.88 3.7 NA NA 51.07
1981181 1981 06 30 92.41 17.1 8.88 0 4.5 NA NA 64.3
1981182 1981 07 01 193.79 17.39 7.76 0 1 NA NA 45.06
1981183 1981 07 02 295.14 20.9 9.3 6.69 1 NA NA 34.6
1981184 1981 07 03 129.42 17.29 11.6 10.1 3.2 NA NA 69.6
1981185 1981 07 04 269.49 21.53 10.3 0 2.5 NA NA 36.93
1981186 1981 07 05 256.75 24.4 9.1 0 0.01 NA NA 51.62
1981187 1981 07 06 253.46 23.3 12.39 0 2.7 NA NA 41.5
1981188 1981 07 07 181.71 22.1 14 0 3.9 NA NA 48.37
1981189 1981 07 08 228.18 22.39 12.8 0 2.9 NA NA 51.45
1981190 1981 07 09 282.18 25.81 12.3 0 1.8 NA NA 44.51
1981191 1981 07 10 194.27 27.5 11.39 1.8 0.07 NA NA 48.36
1981192 1981 07 11 285.88 28.6 12.8 0 1.01 NA NA 36.81
1981193 1981 07 12 267.36 28.6 15.1 0 1.8 NA NA 44.91
1981194 1981 07 13 248.84 28.53 16.1 0 1.6 NA NA 47.39
1981195 1981 07 14 236.11 28.89 15.2 3 1.7 NA NA 44.46
1981196 1981 07 15 283.56 27.7 13.59 0 2.1 NA NA 41.72
1981197 1981 07 16 284.72 28.7 12 0 1 NA NA 32.5
1981198 1981 07 17 258.1 29.6 17.2 4.96 2.7 NA NA 35.78
1981199 1981 07 18 223.27 26.2 13.8 0 2.6 NA NA 44.82
1981200 1981 07 19 241.41 25.14 11 0 0.5 NA NA 37.28
1981201 1981 07 20 201.12 26.3 13.8 0 1.7 NA NA 48.22
1981202 1981 07 21 89.93 23.2 17.7 19.63 1.9 NA NA 76.38
1981203 1981 07 22 283.17 26.6 15.9 0 2 NA NA 45.54
1981204 1981 07 23 289.35 27.1 13.8 0 1.4 NA NA 37.31
1981205 1981 07 24 280.09 28.8 12.5 0 0.53 NA NA 33.95
1981206 1981 07 25 284.72 29.94 14.27 0 0.9 NA NA 30.9
1981207 1981 07 26 288.27 30.06 14.5 0 1.8 NA NA 28.6
1981208 1981 07 27 145.83 29.01 16.3 20.01 2.3 NA NA 43.71
1981209 1981 07 28 288.62 29.6 13.87 0 1 NA NA 35.79
1981210 1981 07 29 245.37 30.25 17.4 6.68 0.8 NA NA 36.49
1981211 1981 07 30 225.67 29.9 17.4 9.1 0.53 NA NA 51.22
1981212 1981 07 31 210.36 31.1 16.92 3.2 1.7 NA NA 34.8
1981213 1981 08 01 237.27 28.8 17.4 0 3 NA NA 50.01
1981214 1981 08 02 237.3 28.83 17.23 0 1.7 NA NA 45.91
1981215 1981 08 03 222.22 28.8 15.5 0 1.1 NA NA 42.32
1981216 1981 08 04 224.54 27.48 17.21 0 2.9 NA NA 38.84
1981217 1981 08 05 202.28 26.5 16.75 0 2.6 NA NA 38.67
1981218 1981 08 06 57.91 21.7 16.6 23 1.4 NA NA 76.78
1981219 1981 08 07 62.48 23.1 16.3 13.56 1.9 NA NA 74.38
1981220 1981 08 08 179.96 28.5 16.9 1.5 0.5 NA NA 56.08
1981221 1981 08 09 259.26 30 15.4 0 0.5 NA NA 43.49
1981222 1981 08 10 157.39 30 17.8 0 1.7 NA NA 40.7
1981223 1981 08 11 218.75 30.14 18.6 3.94 2.9 NA NA 48.3
1981224 1981 08 12 246.05 30 17.2 3.5 1.9 NA NA 49.29
1981225 1981 08 13 251.38 30.25 16.9 0 0.9 NA NA 47.43
1981226 1981 08 14 197.61 30.51 16.9 0 1.2 NA NA 41.92
1981227 1981 08 15 233.8 30.44 17 7.88 1.6 NA NA 39.58
1981228 1981 08 16 239.63 29.1 16.93 0 1.7 NA NA 48.2
1981229 1981 08 17 224.54 27.8 16.43 1.2 2 NA NA 48.56
1981230 1981 08 18 229.21 27.7 15.26 1.8 2 NA NA 50.03
1981231 1981 08 19 236.16 23.7 12.5 0 3.2 NA NA 45.93
1981232 1981 08 20 40.18 16.87 11.69 21.43 1.9 NA NA 84.67
1981233 1981 08 21 221.06 20.7 11.5 0 1.9 NA NA 45.41
1981234 1981 08 22 231.58 21.63 9.2 0 0.5 NA NA 36.94
1981235 1981 08 23 97.75 25.99 12.5 2.4 1.8 NA NA 37.7
1981236 1981 08 24 159.5 27.1 13.1 3 2.3 NA NA 52.24
1981237 1981 08 25 211.81 25.5 14.4 2.7 1.36 NA NA 54.28
1981238 1981 08 26 153.97 24.3 13.9 0 0.43 NA NA 50.13
1981239 1981 08 27 207.9 26.7 13.65 4.6 1.8 NA NA 49.4
1981240 1981 08 28 239.33 20.59 9.99 0 2.8 NA NA 46.13
1981241 1981 08 29 244.21 21.5 7.2 0 1 NA NA 32.5
1981242 1981 08 30 234.95 24.5 8.1 0 1.8 NA NA 33.9
1981243 1981 08 31 172.14 19.92 9.6 0 3 NA NA 49.99
1981244 1981 09 01 193.29 25.99 7.54 4.6 2.3 NA NA 31.19
1981245 1981 09 02 174.77 24.1 12.4 0 2.3 NA NA 47.34
1981246 1981 09 03 211.81 21.8 10.5 0 2.3 NA NA 35.94
1981247 1981 09 04 204.86 21.2 9.6 0 2.8 NA NA 33.88
1981248 1981 09 05 187.5 21.5 7.6 0 2.1 NA NA 41.93
1981249 1981 09 06 213.45 23.39 10.2 0 1.3 NA NA 37.6
1981250 1981 09 07 177.08 21.5 11.59 0 3.97 NA NA 38.35
1981251 1981 09 08 152.78 18.2 10.4 0 4.2 NA NA 37.99
1981252 1981 09 09 179.53 17.3 8.6 0 4.1 NA NA 34.4
1981253 1981 09 10 214.12 17.4 5.5 0 2.3 NA NA 29.6
1981254 1981 09 11 164.35 18.81 4.2 10.42 1.17 NA NA 32.7
1981255 1981 09 12 46.01 13.7 8.8 0 2.4 NA NA 53.51
1981256 1981 09 13 104.71 17.6 9.6 0 2.5 NA NA 51.62
1981257 1981 09 14 205.48 21.5 8.8 0 2.1 NA NA 33.53
1981258 1981 09 15 116.9 24.2 10.2 2 3.4 NA NA 39.35
1981259 1981 09 16 187.5 22.9 10.8 0 2.45 NA NA 39.57
1981260 1981 09 17 91.44 20.6 8.28 1.93 2.4 NA NA 50.22
1981261 1981 09 18 86.81 16.45 6.5 0 1 NA NA 52.22
1981262 1981 09 19 203.82 18.99 6.9 0 1.9 NA NA 35.54
1981263 1981 09 20 79.86 22.5 9.27 12.22 2.5 NA NA 49.52
1981264 1981 09 21 112.74 20.3 9.8 2.7 1.6 NA NA 62.24
1981265 1981 09 22 174.92 20.5 7.63 0 1.1 NA NA 39.28
1981266 1981 09 23 166.28 21.97 6.25 0 1.8 NA NA 37.1
1981267 1981 09 24 106.48 24.1 12.79 2.2 2.6 NA NA 46.31
1981268 1981 09 25 29.87 19.6 12.4 11.8 1.5 NA NA 77.19
1981269 1981 09 26 170.14 27.9 12.94 0 2.5 NA NA 36.14
1981270 1981 09 27 166.67 25.51 12.47 0 1.3 NA NA 43.64
1981271 1981 09 28 148.15 21.5 11.26 0 3.6 NA NA 53.62
1981272 1981 09 29 156.25 21.6 8.92 0 1.4 NA NA 41.78
1981273 1981 09 30 174.77 22.61 8.7 0 1.2 NA NA 37.93
1981274 1981 10 01 77.55 23.71 10.26 3.07 1.2 NA NA 44.6
1981275 1981 10 02 57.48 20.7 11.2 1.2 0.9 NA NA 76.34
1981276 1981 10 03 151.68 19.6 8.2 0 1.2 NA NA 48.21
1981277 1981 10 04 123.38 20.11 7.3 0 1 NA NA 42.68
1981278 1981 10 05 133.1 22.1 8.9 0 2.6 NA NA 40.43
1981279 1981 10 06 54.4 20.21 10.7 3.4 3 NA NA 61.17
1981280 1981 10 07 142.36 15.93 7.5 1.1 2.6 NA NA 56.33
1981281 1981 10 08 127.47 17.05 6.2 0 2.5 NA NA 35.14
1981282 1981 10 09 140.05 17.42 4.5 0 2 NA NA 32.15
1981283 1981 10 10 92.03 22.3 8.4 0 2.3 NA NA 43.01
1981284 1981 10 11 117.35 22.7 10.6 0 2.4 NA NA 48.21
1981285 1981 10 12 70.24 18.9 9.4 0 2.6 NA NA 54.76
1981286 1981 10 13 129.73 16.61 7.1 0 2.3 NA NA 34.69
1981287 1981 10 14 119.21 20.7 6.08 0 2.21 NA NA 32.19
1981288 1981 10 15 130.79 22.1 10 0 2.1 NA NA 38.28
1981289 1981 10 16 37.04 18.4 9.86 0 1.5 NA NA 66.79
1981290 1981 10 17 113.86 22.6 10.82 0 2.8 NA NA 52.12
1981291 1981 10 18 108.46 23.24 9.5 0 1.5 NA NA 47.61
1981292 1981 10 19 113.43 20.51 9.3 0 1.6 NA NA 53.6
1981293 1981 10 20 65.97 19.7 8.1 2.55 1.2 NA NA 54.69
1981294 1981 10 21 114.43 12.8 0.4 0 2.1 NA NA 47.3
1981295 1981 10 22 118.06 12.6 -1.18 0 1.7 NA NA 29.07
1981296 1981 10 23 81.02 18.9 4.1 0 1.2 NA NA 45.21
1981297 1981 10 24 91.27 13.3 7.07 0 4.39 NA NA 50.32
1981298 1981 10 25 91.44 12.6 3.8 0 2.8 NA NA 53.7
1981299 1981 10 26 110.1 19.2 9.25 0 3.69 NA NA 47.61
1981300 1981 10 27 109.95 15.12 7.3 0 4.4 NA NA 38.98
1981301 1981 10 28 104.17 10.44 -0.48 0 2.58 NA NA 42.1
1981302 1981 10 29 108.13 9.9 -1.67 0 1.8 NA NA 28.18
1981303 1981 10 30 15.05 11.2 0.7 31.4 4 NA NA 47.29
1981304 1981 10 31 95.89 9.9 1.82 0 3 NA NA 56.96
1981305 1981 11 01 85.65 12.5 2.08 0 4 NA NA 38.57
1981306 1981 11 02 84.49 9.9 1.91 0 3.9 NA NA 47.32
1981307 1981 11 03 97.22 10.12 -1.3 0 1.8 NA NA 44.59
1981308 1981 11 04 53.24 12.2 4.7 0 1.6 NA NA 67.67
1981309 1981 11 05 42.82 12.8 5.27 0 2.8 NA NA 68
1981310 1981 11 06 81.02 9.2 1.2 0 3.3 NA NA 45.68
1981311 1981 11 07 85.65 7.95 -1.22 0 2.2 NA NA 48.8
1981312 1981 11 08 83.33 7.83 -1.95 0 1.4 NA NA 45
1981313 1981 11 09 78.7 7.6 -2.2 0 0.8 NA NA 49.93
1981314 1981 11 10 70.6 7.3 -2.7 0 1.4 NA NA 50.59
1981315 1981 11 11 76.39 6.9 -1.8 0 2 NA NA 60
1981316 1981 11 12 70.6 8.66 0.09 0 1.8 NA NA 56.4
1981317 1981 11 13 60.19 9.6 0.28 0 2.5 NA NA 65.41
1981318 1981 11 14 65.97 14.17 6.3 0 2.4 NA NA 61.46
1981319 1981 11 15 69.44 10.23 5.8 0 4.3 NA NA 71.31
1981320 1981 11 16 10.28 7.8 0 1.81 2.8 NA NA 85.93
1981321 1981 11 17 70.6 8.93 -0.7 0 2.16 NA NA 49.36
1981322 1981 11 18 72.92 11.18 2.5 3.9 4.09 NA NA 61.26
1981323 1981 11 19 76.39 9.31 3.2 0 2.1 NA NA 71.92
1981324 1981 11 20 69.44 13.2 2.5 1.4 2.6 NA NA 54.2
1981325 1981 11 21 46.3 18.38 10.6 0 2.7 NA NA 73.43
1981326 1981 11 22 70.6 18.21 10.2 0 2.6 NA NA 68.72
1981327 1981 11 23 70.6 16.68 8 0 3.2 NA NA 69.18
1981328 1981 11 24 48.91 15.8 8.3 0 4 NA NA 66.17
1981329 1981 11 25 47.45 14.3 6.7 2.5 3.3 NA NA 73.82
1981330 1981 11 26 56.71 13.68 5.81 0 3.41 NA NA 64.85
1981331 1981 11 27 44.28 7.03 -0.3 0 2.3 NA NA 57.83
1981332 1981 11 28 64.76 4 -1.5 0 0.9 NA NA 67
1981333 1981 11 29 31.25 3.8 -1.5 0 2.4 NA NA 66.99
1981334 1981 11 30 12.73 3.5 0.39 22.19 5.55 NA NA 86.71
1981335 1981 12 01 28.94 2.6 -3.4 0 5.8 NA NA 60.61
1981336 1981 12 02 57.87 1.2 -4.18 0 1.4 NA NA 55.97
1981337 1981 12 03 59.03 1.8 -4.3 0 1.2 NA NA 60.5
1981338 1981 12 04 59.03 2.52 -5 0 2.5 NA NA 56.65
1981339 1981 12 05 55.56 7.5 -0.4 2.2 5.53 NA NA 55.97
1981340 1981 12 06 17.36 7.9 5.2 12.2 3.92 NA NA 84.88
1981341 1981 12 07 53.24 15.12 7.42 2.2 5.59 NA NA 66.07
1981342 1981 12 08 57.87 13.68 7.47 0 5.2 NA NA 56.79
1981343 1981 12 09 56.71 12.8 5.7 0 3.21 NA NA 61.03
1981344 1981 12 10 52.08 12.84 5.3 0 3.3 NA NA 64.24
1981345 1981 12 11 53.61 6.1 -0.28 0 1.2 NA NA 73.27
1981346 1981 12 12 52.08 4.3 -1.76 1.1 1.94 NA NA 71.59
1981347 1981 12 13 23.15 7.4 3.01 0 2.74 NA NA 66.13
1981348 1981 12 14 57.87 6.1 1.2 0 2.8 NA NA 62.97
1981349 1981 12 15 46.04 9.99 2.2 0 4.7 NA NA 62.28
1981350 1981 12 16 42.82 7.1 0.3 5.92 3.8 NA NA 67.73
1981351 1981 12 17 30.83 1.94 -4.28 0 3.1 NA NA 53.12
1981352 1981 12 18 60.19 -2.4 -10.14 0 5.98 NA NA 33.02
1981353 1981 12 19 61.34 -5.22 -12.9 2 4.2 NA NA 26.81
1981354 1981 12 20 35.88 2.88 -7 3.8 4.1 NA NA 76
1981355 1981 12 21 20.83 3.4 -4 0 3.5 NA NA 77.87
1981356 1981 12 22 59.07 5.5 0.5 0 2.5 NA NA 68.5
1981357 1981 12 23 23.15 3.3 -1.09 0 1.6 NA NA 76.62
1981358 1981 12 24 24.6 0 -3.3 10.22 1.6 NA NA 76.01
1981359 1981 12 25 35.88 1.93 -14.68 5.3 2.3 NA NA 52.4
1981360 1981 12 26 41.67 2.9 -11 1.9 4.7 NA NA 57.5
1981361 1981 12 27 24.31 0.3 -13.26 1.9 3.6 NA NA 54.99
1981362 1981 12 28 30.09 3.8 -13.34 12.14 3.9 NA NA 45.48
1981363 1981 12 29 32.02 5.7 0.1 0 2.8 NA NA 77.71
1981364 1981 12 30 18.52 8.31 0.95 1.6 3.97 NA NA 65.88
1981365 1981 12 31 45.14 8.35 -2.9 1.2 3.9 NA NA 49.23
1982001 1982 01 01 40.51 2.6 -4.8 1.8 1 NA NA 65.87
1982002 1982 01 02 34.72 3.2 -2.1 6.8 2.6 NA NA 79.3
1982003 1982 01 03 58.11 -1.15 -8.5 0 2.8 NA NA 42.99
1982004 1982 01 04 61.52 -6 -12.32 0 3.3 NA NA 27.86
1982005 1982 01 05 70.6 -5 -13.07 0 3.3 NA NA 16.6
1982006 1982 01 06 15.04 -0.5 -6.7 7.41 3.6 NA NA 63.34
1982007 1982 01 07 56.71 -0.64 -8.93 0 4.2 NA NA 68.3
1982008 1982 01 08 43.98 3.1 -5.5 0 6.07 NA NA 62.43
1982009 1982 01 09 39.35 3.16 -4.86 0 1.7 NA NA 80.13
1982010 1982 01 10 33.56 1.4 -8.07 0 3.9 NA NA 72.73
1982011 1982 01 11 62.16 2.6 -9.5 0 3.6 NA NA 42.49
1982012 1982 01 12 27.78 5.3 1.1 1.53 5.2 NA NA 75.28
1982013 1982 01 13 50.93 3.3 -5.93 0 4.6 NA NA 50.19
1982014 1982 01 14 56.71 0.93 -5.83 0 2.1 NA NA 50.29
1982015 1982 01 15 52.08 1.8 -4.27 0 1.73 NA NA 74.7
1982016 1982 01 16 57.87 -0.4 -6.2 0 2.4 NA NA 59.79
1982017 1982 01 17 62.5 1 -7.86 0 2.3 NA NA 50.81
1982018 1982 01 18 14.77 1.99 -4.99 5.4 3.9 NA NA 73.79
1982019 1982 01 19 39.35 1.2 -5.45 1.93 2.93 NA NA 74.61
1982020 1982 01 20 25.46 2.5 -0.9 6.67 6.7 NA NA 82.21
1982021 1982 01 21 26.62 2.7 -0.59 0 4.3 NA NA 89.29
1982022 1982 01 22 26.62 1.33 -2.9 0 5.1 NA NA 67.18
1982023 1982 01 23 79.86 -0.13 -5.5 0 5.7 NA NA 50.3
1982024 1982 01 24 70.6 -1.84 -7.61 0 4.5 NA NA 37.77
1982025 1982 01 25 75.23 -2.1 -8.6 0 3 NA NA 35.36
1982026 1982 01 26 71.76 -1.3 -8.91 0 2.1 NA NA 37.87
1982027 1982 01 27 26.62 1.5 -7.2 10.8 3.2 NA NA 70
1982028 1982 01 28 42.82 2.6 -0.6 4.5 2.7 NA NA 89.01
1982029 1982 01 29 14.49 2.3 -0.8 8.23 2.8 NA NA 91.72
1982030 1982 01 30 98.38 2.3 -8.07 0 1.3 NA NA 72.3
1982031 1982 01 31 49.74 3.4 -0.8 0 3 NA NA 85.26
1982032 1982 02 01 48.61 2.8 -6.61 0 1.6 NA NA 79.11
1982033 1982 02 02 70.6 2 -7.9 0 0.27 NA NA 62.52
1982034 1982 02 03 50.74 2.2 -7.58 0 2.1 NA NA 70.9
1982035 1982 02 04 89.12 0.4 -7.55 0 3 NA NA 57.64
1982036 1982 02 05 84.49 0.4 -8.4 0 2.1 NA NA 51.89
1982037 1982 02 06 98.38 -1.2 -9.36 0 2.2 NA NA 40.04
1982038 1982 02 07 98.38 -1.32 -10 0 2.2 NA NA 34.71
1982039 1982 02 08 96.06 -0.98 -9.91 0 3 NA NA 34.48
1982040 1982 02 09 99.75 -1.56 -11.99 0 1.4 NA NA 37.7
1982041 1982 02 10 100.69 -1.79 -13.69 0 0.6 NA NA 45.43
1982042 1982 02 11 97.22 -1.6 -12.51 0 3.1 NA NA 48.79
1982043 1982 02 12 106.48 -2.6 -13.08 0 2.2 NA NA 44.94
1982044 1982 02 13 111.11 -2.7 -14.34 0 3.3 NA NA 36.12
1982045 1982 02 14 113.43 -2.5 -14.06 0 2.8 NA NA 33.05
1982046 1982 02 15 111.11 -1.48 -14.21 0 1.2 NA NA 33.89
1982047 1982 02 16 62.5 0.13 -9.33 0 0.4 NA NA 64.74
1982048 1982 02 17 112.48 1.1 -11.1 0 1.3 NA NA 48.65
1982049 1982 02 18 121.75 0.3 -10.41 0 2.1 NA NA 54.6
1982050 1982 02 19 136.57 -0.8 -11.47 0 3.41 NA NA 44.29
1982051 1982 02 20 124.09 -1.51 -14 0 1.07 NA NA 42.18
1982052 1982 02 21 81.02 -0.59 -12.29 0 2.2 NA NA 43.12
1982053 1982 02 22 134.26 -1.27 -14 0 0.9 NA NA 47.57
1982054 1982 02 23 131.94 -2.8 -16.08 0 0.24 NA NA 43.11
1982055 1982 02 24 134.26 -2.34 -15.08 0 1.5 NA NA 42.6
1982056 1982 02 25 79.86 -0.7 -8.66 0 1.7 NA NA 62.24
1982057 1982 02 26 101.85 0.2 -7.4 2.3 2.5 NA NA 76.89
1982058 1982 02 27 141.2 -2.24 -11.61 0 4.8 NA NA 68.75
1982059 1982 02 28 129.34 -2.53 -13.59 0 5.4 NA NA 54.34
1982060 1982 03 01 67.13 0.99 -13.23 1.4 3.7 NA NA 71.63
1982061 1982 03 02 139.04 2.1 -10.61 0 2.6 NA NA 73.34
1982062 1982 03 03 153.94 3.3 -11.24 0 2 NA NA 65.22
1982063 1982 03 04 147.92 5.41 -3.31 0 2.61 NA NA 66.06
1982064 1982 03 05 130.79 10.6 0.93 0 2.4 NA NA 57.56
1982065 1982 03 06 150.36 14.5 1.1 0 3.8 NA NA 49.69
1982066 1982 03 07 74.07 7.4 -0.43 3.39 4.53 NA NA 68.9
1982067 1982 03 08 157.56 4.2 -2.04 0 3.2 NA NA 44.18
1982068 1982 03 09 87.04 10.1 -0.1 0 4.16 NA NA 44.87
1982069 1982 03 10 116.9 4.68 -1.3 0 5.5 NA NA 46.68
1982070 1982 03 11 116.9 2.9 -3.88 0 4.41 NA NA 37.44
1982071 1982 03 12 173.61 4.34 -8.4 0 1.2 NA NA 30.42
1982072 1982 03 13 178.24 10 -1.71 0 1.2 NA NA 39.44
1982073 1982 03 14 84.51 6.19 -2.1 0 3.9 NA NA 57.05
1982074 1982 03 15 171.46 4.89 -5.8 0 1.6 NA NA 26.22
1982075 1982 03 16 167.97 7.3 -4.04 0 0.5 NA NA 37.2
1982076 1982 03 17 171.3 9.36 -2.6 0 0.6 NA NA 37.1
1982077 1982 03 18 175.93 11.9 -2.6 0 0.5 NA NA 35.3
1982078 1982 03 19 178.22 12.2 -2 0 1.3 NA NA 37.02
1982079 1982 03 20 192.13 13.4 -0.6 0 2.5 NA NA 34.72
1982080 1982 03 21 175.92 14.3 -0.3 0 2.7 NA NA 36.89
1982081 1982 03 22 49.18 8.58 4.3 0 2 NA NA 78.85
1982082 1982 03 23 68.29 12.75 5.7 1.9 1.6 NA NA 71.35
1982083 1982 03 24 174.77 15.51 4.74 0 1.6 NA NA 53.12
1982084 1982 03 25 53.24 16.95 6.7 6.78 3.4 NA NA 67.31
1982085 1982 03 26 179.46 16.13 3.6 1.58 3.5 NA NA 49.5
1982086 1982 03 27 115.74 12.2 1.1 0 1.3 NA NA 50.32
1982087 1982 03 28 206.55 14.85 1.1 0 1.4 NA NA 35.36
1982088 1982 03 29 135.42 18.6 2.3 1.7 3.67 NA NA 43.56
1982089 1982 03 30 120.12 18 5.5 0 3.2 NA NA 57.19
1982090 1982 03 31 201.2 16.45 2.8 0 2.59 NA NA 37.63
1982091 1982 04 01 201.39 17.12 0 0 0.5 NA NA 36.38
1982092 1982 04 02 175.93 17.6 4.3 0 0.5 NA NA 46.27
1982093 1982 04 03 195.6 18.88 3 0 2.8 NA NA 36.71
1982094 1982 04 04 213.06 20.11 5.81 0 3.3 NA NA 40.88
1982095 1982 04 05 79.86 17.7 5.72 0 1.3 NA NA 60.28
1982096 1982 04 06 210.67 17.92 3.8 0 2.2 NA NA 38.7
1982097 1982 04 07 126.29 19.3 5.6 0 3.13 NA NA 52
1982098 1982 04 08 75.19 17 9 5.01 1.8 NA NA 79.72
1982099 1982 04 09 126.29 20.3 11.09 0 2.5 NA NA 53.71
1982100 1982 04 10 141.2 21.3 8.1 0 1.9 NA NA 42.88
1982101 1982 04 11 167.82 19.68 6 0 1.49 NA NA 46.8
1982102 1982 04 12 229.17 21.7 8.29 0 1.4 NA NA 43.42
1982103 1982 04 13 134.26 17.5 7.7 0 2.9 NA NA 55.3
1982104 1982 04 14 64.8 17.65 8.35 3.9 3.3 NA NA 56.93
1982105 1982 04 15 235.14 16.6 6 0 3.4 NA NA 37.22
1982106 1982 04 16 155.52 19.6 7.01 0 2.2 NA NA 43.1
1982107 1982 04 17 187.5 21.8 8.6 0 2.7 NA NA 46.8
1982108 1982 04 18 114.98 18.93 8.1 2.54 0.9 NA NA 55.5
1982109 1982 04 19 240.74 22.5 5.52 0 2.6 NA NA 42.1
1982110 1982 04 20 112.19 22.3 11.6 0 3.4 NA NA 46.19
1982111 1982 04 21 151.75 22.5 8.57 2.7 2.1 NA NA 54.02
1982112 1982 04 22 143.52 19.11 8.7 5.6 3.3 NA NA 55.16
1982113 1982 04 23 243.07 17 5.8 0 2.8 NA NA 46.14
1982114 1982 04 24 191.92 12.47 6.37 0 3.57 NA NA 48.9
1982115 1982 04 25 190.63 10.24 3.9 0 4.96 NA NA 34.7
1982116 1982 04 26 225.97 13.78 2.18 0 2.8 NA NA 34.6
1982117 1982 04 27 168.89 18.8 4.69 0 2.2 NA NA 43.71
1982118 1982 04 28 183.02 22.3 7.5 0 2 NA NA 46.69
1982119 1982 04 29 150.46 23.51 11.45 6.1 0.5 NA NA 57.49
1982120 1982 04 30 159.46 23.8 10.68 0 1.3 NA NA 53.67
1982121 1982 05 01 268.52 26.49 12.3 0 2.2 NA NA 40.9
1982122 1982 05 02 272.79 26.84 12.7 0 2.4 NA NA 38.88
1982123 1982 05 03 307.88 27.34 12 0 1.75 NA NA 33.65
1982124 1982 05 04 289.13 27.93 10.4 0 0.4 NA NA 35.4
1982125 1982 05 05 50.9 20.38 12.5 4.3 2 NA NA 73.44
1982126 1982 05 06 129 17.42 9.25 0 3 NA NA 62.7
1982127 1982 05 07 209.49 19.04 7.9 0 3.1 NA NA 41.9
1982128 1982 05 08 202.02 18.18 9.2 0 3.5 NA NA 42.03
1982129 1982 05 09 197.92 18.55 7.63 0 2.97 NA NA 50.7
1982130 1982 05 10 57.45 15.98 9.25 3.8 4.1 NA NA 69.17
1982131 1982 05 11 52.08 16.4 10 4.6 2.3 NA NA 79.17
1982132 1982 05 12 146.84 20.47 11.5 4.6 2.7 NA NA 59.73
1982133 1982 05 13 187.68 22.3 11.6 1.5 2.2 NA NA 52.62
1982134 1982 05 14 150.46 22.5 11.5 6 2.5 NA NA 54.6
1982135 1982 05 15 205.96 22.3 11.8 2.68 3.3 NA NA 51.78
1982136 1982 05 16 94.91 20.61 12.75 9.1 3.3 NA NA 65.46
1982137 1982 05 17 152.95 21.3 11.98 1.2 2.7 NA NA 59.7
1982138 1982 05 18 207.18 22.1 10.5 0 1.7 NA NA 52.21
1982139 1982 05 19 186.34 22.21 10.4 5.25 1.9 NA NA 53.72
1982140 1982 05 20 153.93 18.96 10.1 1.1 2.1 NA NA 66.19
1982141 1982 05 21 181.52 19.2 8.4 1.17 2.6 NA NA 53.5
1982142 1982 05 22 255.23 16.4 6.7 0 2.7 NA NA 28.48
1982143 1982 05 23 314.81 19 5.5 0 1.6 NA NA 30.9
1982144 1982 05 24 155.93 20.11 6.7 1.8 2.8 NA NA 48.68
1982145 1982 05 25 253.47 22.9 6.3 0 2 NA NA 37.36
1982146 1982 05 26 202 25.3 12.93 1.6 2.3 NA NA 39.09
1982147 1982 05 27 231.09 24.4 13 0 3.11 NA NA 44.06
1982148 1982 05 28 100.69 19.7 14.8 12.38 2.86 NA NA 81.21
1982149 1982 05 29 92.58 18.9 12.5 24.58 1.6 NA NA 81.62
1982150 1982 05 30 96.4 17.81 12.1 23.11 3.5 NA NA 82.48
1982151 1982 05 31 292.82 23 10.69 0 1.3 NA NA 46.97
1982152 1982 06 01 126.57 18.12 12.9 0 3.2 NA NA 79.3
1982153 1982 06 02 256.38 18 9.5 0 4.77 NA NA 43.8
1982154 1982 06 03 261.57 19.6 7.99 0 2.3 NA NA 40.86
1982155 1982 06 04 35.45 14.4 10.83 8.62 2.2 NA NA 79.22
1982156 1982 06 05 217.29 18.1 9.58 0 3.6 NA NA 50.7
1982157 1982 06 06 324.35 21.8 7.32 0 0.7 NA NA 37.4
1982158 1982 06 07 88.35 19.6 11.01 2.5 2.1 NA NA 61.11
1982159 1982 06 08 216.44 18.1 8.6 0 3.3 NA NA 39.68
1982160 1982 06 09 262.73 19.1 7.1 0 1.9 NA NA 38.77
1982161 1982 06 10 256.89 17.39 7.6 0 3 NA NA 36.14
1982162 1982 06 11 221.59 17.46 7.6 0 3.3 NA NA 43.35
1982163 1982 06 12 179.29 21.2 11.2 0 2.4 NA NA 52.17
1982164 1982 06 13 245.37 22.3 11.33 0 1.7 NA NA 48.63
1982165 1982 06 14 238.52 25.15 10.78 0 1.4 NA NA 40.2
1982166 1982 06 15 287.04 27.71 15.68 0 2.9 NA NA 36.67
1982167 1982 06 16 237.27 21.2 9.1 0 3.1 NA NA 50.74
1982168 1982 06 17 261.57 16.55 9.07 0 3.01 NA NA 36.19
1982169 1982 06 18 220.93 16.27 7.62 0 3 NA NA 41.43
1982170 1982 06 19 242.37 19.18 8 0 2.6 NA NA 40.04
1982171 1982 06 20 239.58 18.39 9.9 2.5 3.9 NA NA 47.71
1982172 1982 06 21 217.52 16.11 8.2 0 3.6 NA NA 44.44
1982173 1982 06 22 281.25 19.72 8.4 0 2.8 NA NA 30.75
1982174 1982 06 23 297.94 23.3 8.67 0 2.6 NA NA 26.78
1982175 1982 06 24 292.82 23.9 10.3 0 2.9 NA NA 25.9
1982176 1982 06 25 269.99 22.4 11.3 0 2.5 NA NA 32.57
1982177 1982 06 26 253.47 21.1 8.49 0 2 NA NA 35.41
1982178 1982 06 27 127.27 23.4 8 0 2.4 NA NA 39.13
1982179 1982 06 28 196.76 23.5 13.2 0 2.7 NA NA 56.68
1982180 1982 06 29 354.96 22.43 11.3 0 2.63 NA NA 35.49
1982181 1982 06 30 339.14 24.4 9.73 0 1.8 NA NA 27
1982182 1982 07 01 329.86 27.9 10.05 0 1.3 NA NA 24.3
1982183 1982 07 02 295.14 27.1 13.89 0 2.6 NA NA 31.21
1982184 1982 07 03 292.89 29.2 12.7 0 1 NA NA 30.8
1982185 1982 07 04 210.4 30.1 15.5 3.2 1.8 NA NA 33.39
1982186 1982 07 05 328.83 26.17 14.5 0 2.6 NA NA 29.4
1982187 1982 07 06 196.76 23.89 12.5 1.5 1.8 NA NA 48.04
1982188 1982 07 07 149.31 22.53 14.24 2.43 3.5 NA NA 56.21
1982189 1982 07 08 311.95 25.5 13 0 3.17 NA NA 32.82
1982190 1982 07 09 126.94 25.3 12.37 5.62 2.2 NA NA 51.68
1982191 1982 07 10 292.82 24.9 11.1 0 2.3 NA NA 32.66
1982192 1982 07 11 310.26 26.3 12.4 0 1 NA NA 29.8
1982193 1982 07 12 130.71 24.7 13.79 0 1.9 NA NA 40.33
1982194 1982 07 13 216.44 22.4 13.1 0 3.9 NA NA 37.93
1982195 1982 07 14 300.99 24.18 12.3 0 2.7 NA NA 29.87
1982196 1982 07 15 202.55 24.7 14.9 8.42 2.3 NA NA 44.93
1982197 1982 07 16 226.64 20.23 11.7 1.6 4 NA NA 45.71
1982198 1982 07 17 234.09 22.2 10.9 0 3.1 NA NA 35.3
1982199 1982 07 18 318.76 24.82 11.1 0 2.38 NA NA 26.89
1982200 1982 07 19 293.99 24.9 9.71 0 1.72 NA NA 25.2
1982201 1982 07 20 187.5 27 15 12.73 4 NA NA 25.2
1982202 1982 07 21 34.83 19.01 14.8 25.46 3.9 NA NA 76.47
1982203 1982 07 22 87.06 20.99 14.59 2.8 3.7 NA NA 62.12
1982204 1982 07 23 109.31 22.28 15.5 0 3.8 NA NA 56.36
1982205 1982 07 24 232.64 24.6 15.4 0 3.4 NA NA 34.9
1982206 1982 07 25 199.07 25.2 15 0 2.1 NA NA 44.64
1982207 1982 07 26 211.81 26.3 14.1 0 0.8 NA NA 46.06
1982208 1982 07 27 236.11 26.3 13.8 0 2.1 NA NA 36.99
1982209 1982 07 28 302.65 23.2 10.62 0 2.3 NA NA 28.5
1982210 1982 07 29 303.93 24.8 8.48 0 0.4 NA NA 30.81
1982211 1982 07 30 107.6 24.68 14.95 8.31 2.7 NA NA 47.44
1982212 1982 07 31 236.11 28.3 15.8 2.15 2.2 NA NA 45.74
1982213 1982 08 01 247.05 24.1 12.89 0 2 NA NA 37.12
1982214 1982 08 02 289.45 25.24 11.01 0 1.8 NA NA 27.9
1982215 1982 08 03 65.56 19.02 13 0 3.3 NA NA 61.4
1982216 1982 08 04 253.47 24 12.9 0 2.2 NA NA 36.29
1982217 1982 08 05 117.67 26.2 15.2 3.5 1.7 NA NA 46.1
1982218 1982 08 06 72.26 23.1 15.3 13.18 3.2 NA NA 75.57
1982219 1982 08 07 286.94 25 13.9 0 3.13 NA NA 37.32
1982220 1982 08 08 288.19 25.5 13 0 1.9 NA NA 42.26
1982221 1982 08 09 70.6 21.76 13.2 5.6 1.5 NA NA 59.93
1982222 1982 08 10 261.57 22.2 13.4 0 3.79 NA NA 44.7
1982223 1982 08 11 217.28 18.98 9.6 0 3.3 NA NA 46.41
1982224 1982 08 12 111.31 24.19 9.47 0 1.1 NA NA 42.42
1982225 1982 08 13 238.43 30.1 11.91 1.97 2.1 NA NA 32.41
1982226 1982 08 14 86.54 27.8 17 0 1.7 NA NA 60.98
1982227 1982 08 15 217.59 30.2 17.4 2.97 2.2 NA NA 43.56
1982228 1982 08 16 191.88 26.1 15.2 1.2 2.5 NA NA 59.21
1982229 1982 08 17 71.72 17.18 12.78 2.5 3.7 NA NA 73.23
1982230 1982 08 18 202.55 18.97 12.2 0 3.2 NA NA 42.31
1982231 1982 08 19 137.75 21.79 10.9 1.8 2.5 NA NA 52.45
1982232 1982 08 20 248.84 26.74 10.6 2.5 2.1 NA NA 32.2
1982233 1982 08 21 252.31 28.59 16.22 0 3.2 NA NA 38.46
1982234 1982 08 22 62.64 24.3 17.1 12.98 3 NA NA 65.4
1982235 1982 08 23 45.17 19.9 11.08 11.64 3.9 NA NA 65.4
1982236 1982 08 24 163.19 17 10.3 0 3.91 NA NA 49.87
1982237 1982 08 25 177.84 19 9.87 4.09 2.9 NA NA 53.51
1982238 1982 08 26 186.34 17.49 7.96 0 3.1 NA NA 44.7
1982239 1982 08 27 224.54 23.7 8.15 3.96 1.6 NA NA 40.82
1982240 1982 08 28 126.58 23 11.6 2.5 1.3 NA NA 56.15
1982241 1982 08 29 232.64 24.2 8.9 0 1 NA NA 36.3
1982242 1982 08 30 199.07 26.1 10.6 0 2.8 NA NA 42.31
1982243 1982 08 31 158.26 23.9 12.8 2.75 2.3 NA NA 55.53
1982244 1982 09 01 222.22 21.1 11.9 0 1.9 NA NA 39.86
1982245 1982 09 02 211.81 22.39 8.79 0 1.5 NA NA 35.82
1982246 1982 09 03 142.95 25.3 14.5 0 3.8 NA NA 33.7
1982247 1982 09 04 74.07 23.52 16.1 10.67 1.28 NA NA 70.21
1982248 1982 09 05 130.74 20.6 11.9 0 2.9 NA NA 55.51
1982249 1982 09 06 235.01 16.56 8.88 0 4.2 NA NA 30.6
1982250 1982 09 07 225.69 17.69 7.66 0 3.3 NA NA 30.63
1982251 1982 09 08 132.66 15.6 8 2.01 3.1 NA NA 49.68
1982252 1982 09 09 175.21 20.51 10.29 0 2.9 NA NA 42.53
1982253 1982 09 10 186.56 18.6 8.4 0 3.95 NA NA 37.61
1982254 1982 09 11 197.92 19.9 7 0 1.9 NA NA 33.48
1982255 1982 09 12 186.45 18.5 8.4 0 2.24 NA NA 35.76
1982256 1982 09 13 172.59 17.06 6.3 0 2.4 NA NA 34.58
1982257 1982 09 14 177.08 16.6 6.1 0 3.6 NA NA 34.2
1982258 1982 09 15 81.75 14 5.11 0 1.01 NA NA 55.52
1982259 1982 09 16 119.23 23.1 11.6 0 2.6 NA NA 49.5
1982260 1982 09 17 207.18 17.85 6.4 0 3.6 NA NA 38.43
1982261 1982 09 18 202.35 17.5 4.18 0 0.5 NA NA 28.98
1982262 1982 09 19 78.63 13.17 6.39 0 1.9 NA NA 52.2
1982263 1982 09 20 175.04 13.06 5.2 0 3.5 NA NA 33.18
1982264 1982 09 21 97.22 12.21 5.9 0 4.8 NA NA 43.26
1982265 1982 09 22 137.04 12.2 4.47 0 3.66 NA NA 32.6
1982266 1982 09 23 165.51 14.89 3 0 2.1 NA NA 35.2
1982267 1982 09 24 93.69 19.08 9.8 0 1.1 NA NA 65.27
1982268 1982 09 25 156.25 25.75 12.31 0 3.8 NA NA 32.19
1982269 1982 09 26 151.62 20.89 10.9 0 3.2 NA NA 44.88
1982270 1982 09 27 84.43 24.9 10.9 0 2.87 NA NA 35.85
1982271 1982 09 28 168.99 27.36 14.6 0 3.51 NA NA 39.07
1982272 1982 09 29 169.83 27 14.6 0 3.5 NA NA 37.84
1982273 1982 09 30 97.04 23.7 14.1 2.5 2.6 NA NA 66.48
1982274 1982 10 01 85.65 24.91 13.98 0 2.7 NA NA 59.61
1982275 1982 10 02 87.48 24.4 12.91 1.8 2.5 NA NA 60.1
1982276 1982 10 03 34.72 20.61 13.55 6.62 3.5 NA NA 84.36
1982277 1982 10 04 40.51 22.2 13.5 1.6 1.5 NA NA 79.2
1982278 1982 10 05 35.88 20.09 13.22 1.15 2.6 NA NA 81.05
1982279 1982 10 06 28.94 17.6 11.5 6.52 2.1 NA NA 84.33
1982280 1982 10 07 140.05 19.8 8.5 0 1.3 NA NA 47.27
1982281 1982 10 08 106.48 20.8 9.23 1.5 2.9 NA NA 49.99
1982282 1982 10 09 138.89 18.1 8.32 0 1.8 NA NA 47.6
1982283 1982 10 10 146.99 19.6 6.9 0 1.5 NA NA 38.7
1982284 1982 10 11 129.8 19.71 7.8 0 2.2 NA NA 44.31
1982285 1982 10 12 122.69 22.3 9.39 0 3.1 NA NA 44.7
1982286 1982 10 13 120.37 23.11 10.87 0 2.8 NA NA 48.12
1982287 1982 10 14 112.27 23.3 11.1 0 3.3 NA NA 45.33
1982288 1982 10 15 125 23.7 10.98 0 2.7 NA NA 43.35
1982289 1982 10 16 118.92 22.81 10.7 0 2.5 NA NA 48.7
1982290 1982 10 17 98.38 20.9 9 0 1.6 NA NA 51.1
1982291 1982 10 18 118.48 20.21 8.5 0 2.4 NA NA 45.27
1982292 1982 10 19 33.56 14.4 6.1 0 2.2 NA NA 75.33
1982293 1982 10 20 121.53 18.42 1.99 0 1.9 NA NA 41.03
1982294 1982 10 21 119.21 22.7 10.5 0 3.1 NA NA 35.48
1982295 1982 10 22 65.97 18.94 6.64 0 3.3 NA NA 47.31
1982296 1982 10 23 110.18 12.1 0.89 0 1.5 NA NA 38.44
1982297 1982 10 24 114.64 12.5 -1.3 0 0.9 NA NA 33.05
1982298 1982 10 25 68.29 12.6 1.03 0 2.8 NA NA 37.56
1982299 1982 10 26 24.31 13 4.4 1.7 2.2 NA NA 72.38
1982300 1982 10 27 27.22 12.9 9.5 0 3 NA NA 83.97
1982301 1982 10 28 47.45 14.17 8.5 0 1.2 NA NA 64.9
1982302 1982 10 29 63.66 14.6 4.64 0 1.09 NA NA 55.63
1982303 1982 10 30 59.03 14.6 4.05 0 1.04 NA NA 50.61
1982304 1982 10 31 85.65 15.31 8.1 0 2.6 NA NA 57.68
1982305 1982 11 01 81.02 14.6 7.3 0 2 NA NA 59.13
1982306 1982 11 02 73.46 11.6 -0.3 0 2.8 NA NA 37.66
1982307 1982 11 03 85.65 9.8 -1.22 0 3.36 NA NA 30.6
1982308 1982 11 04 76.39 9.5 3.4 0 4.4 NA NA 42.79
1982309 1982 11 05 33.56 10.8 5 0 2.38 NA NA 72.3
1982310 1982 11 06 50.93 12.6 4.4 3.34 2.92 NA NA 71.21
1982311 1982 11 07 38.19 9.9 2.79 3 1.1 NA NA 72.49
1982312 1982 11 08 57.87 8.37 1.55 1.1 2 NA NA 70.62
1982313 1982 11 09 81.37 7.5 -1.2 0 1.6 NA NA 50.55
1982314 1982 11 10 34.72 7.92 -1.14 0 2.2 NA NA 43.92
1982315 1982 11 11 84.61 7.7 -1 0 2.1 NA NA 41.7
1982316 1982 11 12 70.6 7.29 -1.5 0 2.87 NA NA 49.17
1982317 1982 11 13 47.45 6.2 -2.5 0 1.8 NA NA 57.3
1982318 1982 11 14 57.87 5.1 -2.8 2.7 2.5 NA NA 63.32
1982319 1982 11 15 36.94 8.54 0.93 0 2.6 NA NA 66.35
1982320 1982 11 16 76.4 7.6 -1.11 0 2.2 NA NA 50.9
1982321 1982 11 17 41.67 4.13 -1.7 2.74 0.9 NA NA 82.1
1982322 1982 11 18 48.61 5.03 -0.77 0 2 NA NA 74.51
1982323 1982 11 19 45.56 3.9 -1.55 0 1.2 NA NA 75.23
1982324 1982 11 20 20.83 3.5 0.68 6.69 4.7 NA NA 86.6
1982325 1982 11 21 31.25 2.6 -2.47 0 4.3 NA NA 61.94
1982326 1982 11 22 59.03 1.39 -4.28 0 1.7 NA NA 45.4
1982327 1982 11 23 15.05 1.6 -4.11 4.1 3.1 NA NA 77.72
1982328 1982 11 24 32.41 7.2 -1.8 1.4 1.2 NA NA 62.94
1982329 1982 11 25 53.24 11.35 4.26 0 1.59 NA NA 78.91
1982330 1982 11 26 16.18 11.41 5.31 3.03 2.5 NA NA 75.27
1982331 1982 11 27 52.08 6.3 -0.7 0 2.3 NA NA 67.62
1982332 1982 11 28 51.49 4.2 -3 0 1.3 NA NA 67.52
1982333 1982 11 29 48.61 3.9 -1.6 0 2.7 NA NA 72.13
1982334 1982 11 30 39.35 2.76 -4.84 0 0.73 NA NA 78.31
1982335 1982 12 01 60.8 3.3 -2.71 0 2.3 NA NA 66.9
1982336 1982 12 02 25.46 3 -2.3 0 3.4 NA NA 78.01
1982337 1982 12 03 20.83 4.63 0.6 2.94 4.65 NA NA 74.65
1982338 1982 12 04 13.26 4.74 0.9 3.4 2.9 NA NA 84.1
1982339 1982 12 05 21.99 4.1 0.65 0 1.3 NA NA 78.9
1982340 1982 12 06 33.56 4.5 -0.4 2 3.6 NA NA 78.85
1982341 1982 12 07 49.77 4.53 -0.6 0 2.7 NA NA 70.29
1982342 1982 12 08 16.2 5.5 0.6 3.4 4 NA NA 76.63
1982343 1982 12 09 18.52 3.7 -1.3 0 2.54 NA NA 79.31
1982344 1982 12 10 42.82 3.1 -2.2 0 2.6 NA NA 59.16
1982345 1982 12 11 60.19 3.3 -3.7 4 2.9 NA NA 57.51
1982346 1982 12 12 20.83 10.87 1.41 9.27 4.71 NA NA 67.89
1982347 1982 12 13 42.82 3.8 -0.9 0 1.6 NA NA 66.94
1982348 1982 12 14 41.67 4.71 -0.7 0 3 NA NA 62.9
1982349 1982 12 15 59.03 5.5 -0.1 0 2.3 NA NA 67.48
1982350 1982 12 16 30.09 4.7 -0.4 0 2.2 NA NA 77.9
1982351 1982 12 17 53.24 8.1 3.13 0 3.2 NA NA 71.62
1982352 1982 12 18 41.67 7.5 1.3 0 3.43 NA NA 64.79
1982353 1982 12 19 62.53 9.9 2.51 0 4 NA NA 61.38
1982354 1982 12 20 13.89 8.3 3.67 1.8 4.4 NA NA 78.78
1982355 1982 12 21 16.2 7.4 3.86 4.43 2.2 NA NA 92.06
1982356 1982 12 22 50.93 8.31 2.59 0 2.81 NA NA 71.3
1982357 1982 12 23 32.41 5.5 1.02 0 2.5 NA NA 73.23
1982358 1982 12 24 34.72 6.7 1.88 0 3.2 NA NA 74.07
1982359 1982 12 25 33.56 7.99 0.7 2.5 2.7 NA NA 73.09
1982360 1982 12 26 64.81 4.9 -1.8 0 2 NA NA 64.86
1982361 1982 12 27 57.87 3.1 -3.2 0 1.3 NA NA 65.27
1982362 1982 12 28 59.03 0.8 -4.2 0 1 NA NA 70.5
1982363 1982 12 29 34.72 0 -4.7 0 0.4 NA NA 83.1
1982364 1982 12 30 40.51 1.2 -4.53 0 1.4 NA NA 76.7
1982365 1982 12 31 18.47 1 -4.54 0 0.9 NA NA 93.04
1983001 1983 01 01 37.04 1 -6.42 0 1.4 NA NA 79.24
1983002 1983 01 02 33.56 2.65 -1.88 2.32 1.99 NA NA 82.31
1983003 1983 01 03 15.05 3.1 -0.9 2.88 1.78 NA NA 88.56
1983004 1983 01 04 61.34 4.66 -4.09 1.72 3.04 NA NA 73.71
1983005 1983 01 05 12.73 4.7 1.4 4.51 2.4 NA NA 86.15
1983006 1983 01 06 17.36 3.6 0.6 0 1 NA NA 83.01
1983007 1983 01 07 22.3 4 0 0 2.9 NA NA 81.47
1983008 1983 01 08 52.08 3.2 -2.1 0 0.8 NA NA 76.36
1983009 1983 01 09 33.56 2.3 -1.9 1.55 2.1 NA NA 81.58
1983010 1983 01 10 26.62 3.4 -0.35 0 1.6 NA NA 81.69
1983011 1983 01 11 54.4 2.6 -1.81 0 3.1 NA NA 76.78
1983012 1983 01 12 54.4 1.6 -3.2 0 2.3 NA NA 66.53
1983013 1983 01 13 41.67 1.1 -4.1 0 1.3 NA NA 69.4
1983014 1983 01 14 52.08 0.46 -4.8 0 1.3 NA NA 58.6
1983015 1983 01 15 59.03 0.4 -5.4 0 0.02 NA NA 53.6
1983016 1983 01 16 61.04 0.4 -6.9 0 1 NA NA 52.81
1983017 1983 01 17 67.13 0.63 -6.2 0 1 NA NA 60.75
1983018 1983 01 18 39.35 1.3 -3.5 0 0.6 NA NA 78.13
1983019 1983 01 19 61.34 1.19 -4.74 0 1.2 NA NA 66.13
1983020 1983 01 20 63.66 -0.21 -6.2 0 1.1 NA NA 60.92
1983021 1983 01 21 63.66 -0.91 -7.83 0 0.4 NA NA 55.4
1983022 1983 01 22 68.29 -0.6 -8.31 0 0.49 NA NA 50.57
1983023 1983 01 23 67.13 0.09 -8.1 0 1.24 NA NA 49.78
1983024 1983 01 24 25.49 0.12 -5.14 0 2.7 NA NA 63.8
1983025 1983 01 25 63.66 2.28 -4.45 0 2.6 NA NA 75.27
1983026 1983 01 26 25.46 2.73 -3.1 0 2.1 NA NA 82.6
1983027 1983 01 27 21.99 2.5 -3.04 4.6 1.2 NA NA 83.53
1983028 1983 01 28 41.67 4.08 0.2 1.92 1.68 NA NA 84.43
1983029 1983 01 29 48.61 6.5 -1.17 1.52 4.02 NA NA 69.91
1983030 1983 01 30 81.84 2.27 -3.16 0 4 NA NA 58.53
1983031 1983 01 31 70.42 1.7 -3.85 0 1.1 NA NA 57.08
1983032 1983 02 01 75.23 0.78 -4.7 0 0.9 NA NA 48.57
1983033 1983 02 02 70.6 1.67 -5.16 0 0.9 NA NA 65.8
1983034 1983 02 03 63.66 2.7 -5.11 0 0.5 NA NA 71.41
1983035 1983 02 04 52.08 3.16 -4.2 0 0.6 NA NA 73.85
1983036 1983 02 05 30.09 2.8 -0.75 1.6 2.5 NA NA 86.23
1983037 1983 02 06 98.38 5.91 -1.1 5.56 1.2 NA NA 71.88
1983038 1983 02 07 56.71 9.8 1.7 0 2.4 NA NA 66.04
1983039 1983 02 08 59.78 6.9 -0.8 0 4.1 NA NA 62.7
1983040 1983 02 09 69.44 9.11 0.8 2.45 4 NA NA 58.28
1983041 1983 02 10 40.91 8.2 1.02 18.23 1.5 NA NA 69.6
1983042 1983 02 11 34.72 15.8 6.87 0 5.96 NA NA 68.25
1983043 1983 02 12 56.71 7.31 -7 0 5.2 NA NA 43.97
1983044 1983 02 13 103.01 -2.6 -9.21 0 3.8 NA NA 35.63
1983045 1983 02 14 83.33 0.2 -8.5 2.2 3.7 NA NA 36.88
1983046 1983 02 15 26.62 5.75 -1.22 3.5 3.7 NA NA 72.36
1983047 1983 02 16 100.69 14.06 1.2 0 2.3 NA NA 65.21
1983048 1983 02 17 68.29 4.8 -2.3 6.63 2.4 NA NA 68.35
1983049 1983 02 18 85.65 3.8 -2.94 0 1.9 NA NA 62.69
1983050 1983 02 19 89.12 0.4 -6.82 0 6.7 NA NA 45.98
1983051 1983 02 20 115.74 1.9 -6.7 0 4.75 NA NA 55.12
1983052 1983 02 21 74.07 6.93 -0.3 0 3.36 NA NA 65.22
1983053 1983 02 22 121.53 7.8 -3.3 0 1.4 NA NA 52.47
1983054 1983 02 23 98.49 2.8 -3.4 0 2.2 NA NA 55.85
1983055 1983 02 24 74.07 0 -6.6 1.4 1.9 NA NA 50.41
1983056 1983 02 25 59.03 0.29 -4.22 4.1 3 NA NA 76.76
1983057 1983 02 26 49.77 0.19 -4.78 8.7 3.83 NA NA 80.33
1983058 1983 02 27 126.69 1 -8.6 0 2.8 NA NA 56.23
1983059 1983 02 28 86.75 3.55 -7.41 0 2.4 NA NA 54.43
1983060 1983 03 01 31.25 10.12 -0.6 15.42 5.51 NA NA 59.08
1983061 1983 03 02 143.52 5.7 1.32 0 4 NA NA 58.91
1983062 1983 03 03 97.96 8.5 1.02 0 1.5 NA NA 56.73
1983063 1983 03 04 37.04 8.57 2.7 4.9 2.6 NA NA 80.3
1983064 1983 03 05 120.37 6.2 -4.4 0 5.3 NA NA 51.01
1983065 1983 03 06 138.13 2.65 -8.7 0 4.3 NA NA 29.69
1983066 1983 03 07 165.51 13 0.6 0 3.61 NA NA 45.46
1983067 1983 03 08 84.49 14.25 3.7 0 2.2 NA NA 58.3
1983068 1983 03 09 146.05 14.5 1.96 0 2.2 NA NA 49.71
1983069 1983 03 10 84.49 12.46 1.4 0 1 NA NA 66.38
1983070 1983 03 11 71.76 10.36 4.5 0 1.9 NA NA 64.12
1983071 1983 03 12 159.12 10.9 1.3 0 1.9 NA NA 44.93
1983072 1983 03 13 158.56 10.43 0.1 0 4.2 NA NA 37.44
1983073 1983 03 14 170 6.9 -1.1 0 4.2 NA NA 34.69
1983074 1983 03 15 173.61 6.79 -2.7 0 1.3 NA NA 31.08
1983075 1983 03 16 174.77 7 -5.06 0 0.05 NA NA 34.82
1983076 1983 03 17 153.94 6.9 -2.6 0 1.4 NA NA 43.32
1983077 1983 03 18 83.3 5.49 -0.8 1.8 4.3 NA NA 67.91
1983078 1983 03 19 97.22 6.89 -1.2 0 5.3 NA NA 47.1
1983079 1983 03 20 186.34 1.74 -8.64 0 4.2 NA NA 27.35
1983080 1983 03 21 173.26 2.69 -11.22 0 2.43 NA NA 27.9
1983081 1983 03 22 111.11 5.64 -1.5 0 2.28 NA NA 54.8
1983082 1983 03 23 196.76 3.3 -8.58 0 3.6 NA NA 36.74
1983083 1983 03 24 199.07 3.97 -9.18 0 1.3 NA NA 27.61
1983084 1983 03 25 199.07 6.5 -2.1 0 2.6 NA NA 29.95
1983085 1983 03 26 202.61 6.8 -2.4 0 4.7 NA NA 27.57
1983086 1983 03 27 115.74 3.64 -5.66 0 5.9 NA NA 28
1983087 1983 03 28 150.46 4.89 -4.39 0 5.28 NA NA 31.83
1983088 1983 03 29 109.67 6.79 -1.4 0 1.4 NA NA 55.08
1983089 1983 03 30 156.25 8 -2.4 0 0.4 NA NA 48.55
1983090 1983 03 31 146.99 8.4 -1.8 0 1.4 NA NA 53.73
1983091 1983 04 01 157.41 12.2 1.19 0 4.6 NA NA 43.05
1983092 1983 04 02 211.81 10.8 1.77 0 4.4 NA NA 36.23
1983093 1983 04 03 214.12 10.3 -0.66 0 2.7 NA NA 28.3
1983094 1983 04 04 194.44 10.69 0.5 0 2.1 NA NA 33.17
1983095 1983 04 05 157.41 10.89 0.3 1.2 1.8 NA NA 52.21
1983096 1983 04 06 158.6 13.41 1.3 0 2.5 NA NA 44.5
1983097 1983 04 07 182.87 14.2 2.59 0 3.71 NA NA 42.63
1983098 1983 04 08 168.28 13.2 2.86 0 4 NA NA 43.31
1983099 1983 04 09 152.78 11.6 3.9 0 3.9 NA NA 36.7
1983100 1983 04 10 199.54 10.62 2.54 0 4 NA NA 29.8
1983101 1983 04 11 239.58 7.26 -1.3 0 3.4 NA NA 25.7
1983102 1983 04 12 240.94 6.91 -2.9 0 1.9 NA NA 21.93
1983103 1983 04 13 233.99 9.7 -2.9 0 2 NA NA 26.2
1983104 1983 04 14 82.45 10.05 1.3 0 2 NA NA 55.53
1983105 1983 04 15 134.54 15.4 1.3 0 2.2 NA NA 45.24
1983106 1983 04 16 229.17 19.1 4.2 0 2.7 NA NA 36.83
1983107 1983 04 17 137.83 16.6 6.53 4.5 3.47 NA NA 57.18
1983108 1983 04 18 112.26 17.2 5 3.97 2.2 NA NA 49.3
1983109 1983 04 19 183.74 17.9 1.9 0 2.1 NA NA 42.06
1983110 1983 04 20 96.86 13.9 7.43 1.2 4.7 NA NA 65.16
1983111 1983 04 21 141.2 14.6 7.92 0 3.1 NA NA 44.46
1983112 1983 04 22 119.49 14.8 7.6 4 0.9 NA NA 59.13
1983113 1983 04 23 127.28 14.5 4.5 0 1.74 NA NA 56.23
1983114 1983 04 24 181.25 14.69 3.12 0 0.6 NA NA 41.81
1983115 1983 04 25 141.2 15.78 5.47 0 2.2 NA NA 46.21
1983116 1983 04 26 73.8 14.9 7.3 5.6 3.5 NA NA 65.34
1983117 1983 04 27 152.9 17.87 7.3 1.22 2.78 NA NA 53.6
1983118 1983 04 28 225.13 15.8 3.4 0 3.6 NA NA 42.2
1983119 1983 04 29 105.47 14.8 2.11 3.2 1.29 NA NA 50.02
1983120 1983 04 30 271.99 17.87 3.5 0 2.1 NA NA 32.8
1983121 1983 05 01 234.95 22.91 1.11 0 2 NA NA 32.58
1983122 1983 05 02 237.27 22.5 10.41 0 2.3 NA NA 49.63
1983123 1983 05 03 166.31 23.8 10.23 6.1 1.6 NA NA 49.82
1983124 1983 05 04 140.59 18.6 10.13 6.4 2.6 NA NA 70.02
1983125 1983 05 05 175.68 21.2 6.9 0 2.4 NA NA 50.02
1983126 1983 05 06 268.52 21.9 10.5 0 2.7 NA NA 45.07
1983127 1983 05 07 263.89 21.3 7.8 0 2 NA NA 43.61
1983128 1983 05 08 149.59 22.6 6.1 7.42 1.4 NA NA 49.73
1983129 1983 05 09 189.81 22.8 11.3 2.9 3 NA NA 56.22
1983130 1983 05 10 222.4 16.3 6.22 0 3.1 NA NA 53.59
1983131 1983 05 11 251.16 20.48 5.3 0 2.3 NA NA 33.5
1983132 1983 05 12 257.83 23.81 9.8 0 1.9 NA NA 37.25
1983133 1983 05 13 331.02 23.85 10.4 0 2.4 NA NA 37.17
1983134 1983 05 14 157.47 23.6 13.4 8.39 3.6 NA NA 41.63
1983135 1983 05 15 184.02 22.2 12 8.74 2.9 NA NA 56.27
1983136 1983 05 16 139.67 20.5 9.5 2 1.4 NA NA 62.65
1983137 1983 05 17 265.05 22.28 9.1 0 1.49 NA NA 43.7
1983138 1983 05 18 125.73 21.4 11.54 12 2 NA NA 59.23
1983139 1983 05 19 170.04 21.5 12.6 6.16 1.7 NA NA 63.53
1983140 1983 05 20 234.95 18.74 7.5 0 3.1 NA NA 52.32
1983141 1983 05 21 135.41 16.26 6.9 4.1 1.7 NA NA 63.49
1983142 1983 05 22 308.17 20.66 7.7 0 1.6 NA NA 39.67
1983143 1983 05 23 170.7 23.7 12.32 0 2.3 NA NA 39.7
1983144 1983 05 24 302.2 26.1 11.1 0 2.7 NA NA 37.07
1983145 1983 05 25 236.33 25.57 15.2 3.92 3.4 NA NA 44.5
1983146 1983 05 26 134.17 23.1 13 7.37 2.3 NA NA 63.94
1983147 1983 05 27 315.88 23 11.1 0 2.2 NA NA 40.1
1983148 1983 05 28 242.41 23.1 9.4 1.48 2.1 NA NA 38.48
1983149 1983 05 29 142.05 23 13.2 11.94 2.4 NA NA 55.75
1983150 1983 05 30 267.36 21.93 10.73 0 1 NA NA 55.2
1983151 1983 05 31 265.05 22.9 8.5 0 1 NA NA 41.54
1983152 1983 06 01 108.72 22.8 15.43 11 1.6 NA NA 65.64
1983153 1983 06 02 266.2 23.55 12.8 0 2.4 NA NA 42.7
1983154 1983 06 03 209.49 22.9 13.4 0 1.3 NA NA 42.74
1983155 1983 06 04 242.24 23.13 11.6 0 1 NA NA 55.29
1983156 1983 06 05 275.46 21.08 9.4 0 2.5 NA NA 34.6
1983157 1983 06 06 334.25 20.93 7.6 0 1.1 NA NA 34.18
1983158 1983 06 07 322.95 22.85 6.4 0 1 NA NA 29.9
1983159 1983 06 08 321.76 25.8 11.29 0 2.5 NA NA 30.06
1983160 1983 06 09 314.77 27.31 12.8 0 2.04 NA NA 32.37
1983161 1983 06 10 249.71 26 12.9 0 1.9 NA NA 41.23
1983162 1983 06 11 297.45 25.1 11.83 0 1.8 NA NA 45.71
1983163 1983 06 12 295.14 27.57 10 0 0.5 NA NA 33.39
1983164 1983 06 13 285.88 27.96 12.8 0 1.6 NA NA 34.99
1983165 1983 06 14 311.34 28.3 13.8 0 1.2 NA NA 35.5
1983166 1983 06 15 303.24 29.5 12.5 0 1.3 NA NA 27.7
1983167 1983 06 16 259.69 29.69 16.3 0 2.1 NA NA 29.52
1983168 1983 06 17 275.46 28.85 16.4 0 2.2 NA NA 27.61
1983169 1983 06 18 303.74 27.72 16.31 0 2.3 NA NA 25.4
1983170 1983 06 19 287.04 27.4 13.7 0 2 NA NA 24.57
1983171 1983 06 20 195.41 26.55 15 1.8 3.6 NA NA 29.88
1983172 1983 06 21 342.78 23.76 12.4 0 3.61 NA NA 21.09
1983173 1983 06 22 340.29 23.5 9.76 0 2.2 NA NA 21.2
1983174 1983 06 23 326.43 21.72 11.5 0 3.4 NA NA 23.69
1983175 1983 06 24 195.6 20.05 11.8 0 4.12 NA NA 29.07
1983176 1983 06 25 219.78 21.2 10.3 0 3.7 NA NA 36.05
1983177 1983 06 26 322.92 20.7 11.11 0 2.2 NA NA 24.45
1983178 1983 06 27 162.84 25.25 12.14 3.56 2.6 NA NA 35.6
1983179 1983 06 28 131.45 24.19 10.9 6.55 3 NA NA 47.72
1983180 1983 06 29 220.03 27.1 10.74 2 1.9 NA NA 36.03
1983181 1983 06 30 133.09 26.13 13.6 6.61 1.6 NA NA 62.79
1983182 1983 07 01 271.75 27.97 12.3 1.4 1.2 NA NA 36
1983183 1983 07 02 287.34 25.98 13.15 0 2.8 NA NA 34.07
1983184 1983 07 03 219.3 20.89 11.89 1.2 1.8 NA NA 51.19
1983185 1983 07 04 341.45 22.3 9.1 0 1.9 NA NA 26.99
1983186 1983 07 05 126.65 26.1 13.3 0 3.9 NA NA 24.8
1983187 1983 07 06 159.72 22.46 13.3 4.87 3.2 NA NA 48.09
1983188 1983 07 07 258.1 23 12.3 0 3.9 NA NA 32.41
1983189 1983 07 08 321.55 21.2 11.01 0 3.51 NA NA 25.03
1983190 1983 07 09 322.93 23.4 9.93 0 2.8 NA NA 23.69
1983191 1983 07 10 283.56 24.6 10.3 0 1.9 NA NA 28.7
1983192 1983 07 11 253.47 29 12.8 0 2.1 NA NA 28.3
1983193 1983 07 12 307.39 30.77 15.7 0 2.7 NA NA 27.1
1983194 1983 07 13 292.82 30.2 16.9 0 2.6 NA NA 25.3
1983195 1983 07 14 194.83 28.8 15.7 0 1.8 NA NA 25.48
1983196 1983 07 15 236.11 30.07 13.14 0 2.1 NA NA 24.5
1983197 1983 07 16 310.19 23.4 12.3 0 3.6 NA NA 25.32
1983198 1983 07 17 296.3 23.4 10.31 0 2.2 NA NA 23.24
1983199 1983 07 18 307.77 27.02 8.3 0 0.3 NA NA 23.39
1983200 1983 07 19 182.29 28.6 12.7 0 1.46 NA NA 20.59
1983201 1983 07 20 138.89 24.94 14.7 0 2.52 NA NA 29
1983202 1983 07 21 294.98 28.29 11.8 0 1.5 NA NA 21.46
1983203 1983 07 22 272.36 32.4 11.87 0 2 NA NA 19.57
1983204 1983 07 23 243.86 33.1 15.34 10 2.9 NA NA 17.9
1983205 1983 07 24 74.18 24.35 16.7 0 3.5 NA NA 51.61
1983206 1983 07 25 215.13 28.62 15.8 0 0.7 NA NA 41.44
1983207 1983 07 26 233.21 30.44 15.2 0 0.9 NA NA 28.56
1983208 1983 07 27 284.13 32.5 15.73 0 1 NA NA 22.58
1983209 1983 07 28 274.31 33.2 16.43 0 1.2 NA NA 22.17
1983210 1983 07 29 250.27 33.2 17.21 1.9 1.8 NA NA 24.13
1983211 1983 07 30 274.31 28.94 17.2 0 3.7 NA NA 25
1983212 1983 07 31 290.51 29.6 14.6 0 1.3 NA NA 20.67
1983213 1983 08 01 146.56 31.7 15.3 3.2 1.91 NA NA 22.8
1983214 1983 08 02 195.15 30.2 17.3 3.5 1.1 NA NA 37.22
1983215 1983 08 03 49.04 21.6 17.1 25.39 2.93 NA NA 82.83
1983216 1983 08 04 62.76 21.5 17 0 3.4 NA NA 76.96
1983217 1983 08 05 112.48 23.6 16.1 0 3.3 NA NA 51
1983218 1983 08 06 237.84 25.1 14.3 0 2.7 NA NA 35.66
1983219 1983 08 07 236.11 25.03 13.1 0 2 NA NA 30.82
1983220 1983 08 08 244.95 25.22 12.26 0 1.1 NA NA 27.78
1983221 1983 08 09 270.83 25.28 13.52 0 2.2 NA NA 27.44
1983222 1983 08 10 257.16 29 10.18 0 1.5 NA NA 23.72
1983223 1983 08 11 300.01 30.62 14.8 0 2.3 NA NA 20.4
1983224 1983 08 12 270.83 31.7 15.1 0 2.3 NA NA 18.29
1983225 1983 08 13 291.81 31.5 16.9 0 2.5 NA NA 18.7
1983226 1983 08 14 288.19 31.9 15.8 0 1.3 NA NA 16.72
1983227 1983 08 15 273.15 32.6 15.7 0 1.4 NA NA 17.04
1983228 1983 08 16 224.54 31.21 17.2 2.2 2.9 NA NA 25.14
1983229 1983 08 17 241.9 30.48 16.7 0 2.6 NA NA 24.31
1983230 1983 08 18 238.43 31.5 18 0 2.2 NA NA 21.33
1983231 1983 08 19 214.12 32.5 18.11 0 1.9 NA NA 20.44
1983232 1983 08 20 157 30 17.51 0 1.4 NA NA 23.69
1983233 1983 08 21 63.21 28.3 18.2 3 2 NA NA 33.37
1983234 1983 08 22 215.28 30.1 16.5 0 2.8 NA NA 24.8
1983235 1983 08 23 240.91 23.5 12.4 0 4.2 NA NA 21.9
1983236 1983 08 24 247.69 24.97 9.7 0 1.8 NA NA 18.5
1983237 1983 08 25 243.43 26.82 8.3 0 1.4 NA NA 17.5
1983238 1983 08 26 238.43 29.9 10.9 0 1.4 NA NA 17.7
1983239 1983 08 27 231.48 29.1 15.3 0 1.9 NA NA 23.16
1983240 1983 08 28 183.54 27.4 16.2 0 2 NA NA 33.17
1983241 1983 08 29 133.01 22.38 11.1 0 0.6 NA NA 47.12
1983242 1983 08 30 232.64 27.24 8.74 0 1 NA NA 20.99
1983243 1983 08 31 219.91 26.3 11.38 0 2.3 NA NA 26.93
1983244 1983 09 01 190.97 24.7 11.29 0 1.8 NA NA 24.6
1983245 1983 09 02 209.49 22.28 10.8 0 3.1 NA NA 22.9
1983246 1983 09 03 164.35 20.3 8.7 0 3.9 NA NA 29.07
1983247 1983 09 04 187.49 20.61 9.11 0 4 NA NA 23.1
1983248 1983 09 05 223.38 25.8 7.68 0 2.3 NA NA 21.8
1983249 1983 09 06 224.67 28.5 12.83 0 1.6 NA NA 23.89
1983250 1983 09 07 214.12 29.59 13.09 0 2.7 NA NA 20.18
1983251 1983 09 08 80.13 23.9 14 5.56 1.1 NA NA 43.62
1983252 1983 09 09 119.21 25.91 13.3 0 2.7 NA NA 32.13
1983253 1983 09 10 136.03 22.5 9.15 0 1.1 NA NA 24.82
1983254 1983 09 11 207.18 29.1 12.4 0 2.3 NA NA 20.23
1983255 1983 09 12 69.44 24.1 15.12 24.18 2 NA NA 50.5
1983256 1983 09 13 53.37 18.07 9.64 2 5.57 NA NA 51.43
1983257 1983 09 14 196.76 17.07 8.4 0 4.48 NA NA 27.7
1983258 1983 09 15 209.49 17.4 6.4 0 2.7 NA NA 25.8
1983259 1983 09 16 231.48 20.3 6.1 0 1.1 NA NA 27.88
1983260 1983 09 17 200.3 21.86 5.8 0 0.5 NA NA 28.33
1983261 1983 09 18 90.28 20.9 7.8 0 1 NA NA 39.2
1983262 1983 09 19 95.87 24.9 12.52 0 0.8 NA NA 44.13
1983263 1983 09 20 174.77 27.27 11.1 0 2.8 NA NA 28.49
1983264 1983 09 21 196.76 18.98 8 0 2.6 NA NA 26.8
1983265 1983 09 22 180.56 22.1 7 0 1.1 NA NA 27.67
1983266 1983 09 23 196.1 24 6.9 0 0.5 NA NA 27.89
1983267 1983 09 24 195.72 24.7 7.19 0 1.5 NA NA 25.6
1983268 1983 09 25 123.84 20.6 6.2 0 2.1 NA NA 29.36
1983269 1983 09 26 177.74 21.7 4.67 0 1.8 NA NA 16.82
1983270 1983 09 27 109.95 20.3 7.7 0 3.2 NA NA 27.16
1983271 1983 09 28 145.83 12.74 5.3 0 3.9 NA NA 25.2
1983272 1983 09 29 56.61 15.3 4.88 0 4.2 NA NA 29.29
1983273 1983 09 30 93.46 10.8 4.19 0 3.5 NA NA 37.4
1983274 1983 10 01 139.53 10.57 2.77 0 2.8 NA NA 27.38
1983275 1983 10 02 164.35 12.18 0.61 0 0.7 NA NA 23.38
1983276 1983 10 03 171.43 19.38 2.49 0 0.8 NA NA 24.79
1983277 1983 10 04 157.41 25 4.95 4.23 2.8 NA NA 26.99
1983278 1983 10 05 132.83 24.6 12.8 3.08 3.6 NA NA 45.61
1983279 1983 10 06 153.94 18.4 3.8 0 3.1 NA NA 33.7
1983280 1983 10 07 151.62 20.95 2.93 0 2 NA NA 25.3
1983281 1983 10 08 38.19 17.5 8.45 0 1.1 NA NA 62.92
1983282 1983 10 09 142.36 24.01 10.19 0 2.5 NA NA 35.28
1983283 1983 10 10 97.83 19.71 9.1 1.5 3.8 NA NA 48.2
1983284 1983 10 11 91.33 23.8 10.1 1.1 3.7 NA NA 40.9
1983285 1983 10 12 99.54 20.6 11.2 0 3.3 NA NA 36.5
1983286 1983 10 13 57.83 14.1 6.1 1.1 1.7 NA NA 54.25
1983287 1983 10 14 124.63 13.7 4.04 0 1.9 NA NA 32.33
1983288 1983 10 15 140.05 15.4 2.85 0 2.9 NA NA 29.7
1983289 1983 10 16 127.31 19.7 3.47 0 3.8 NA NA 30.63
1983290 1983 10 17 43.89 19 11.7 0 4.39 NA NA 47.91
1983291 1983 10 18 38.19 19.1 9.95 2.42 4.91 NA NA 49
1983292 1983 10 19 126.16 13.29 6.7 0 3.4 NA NA 29.3
1983293 1983 10 20 120.37 12.7 4.1 0 1.6 NA NA 39.91
1983294 1983 10 21 106.48 10.49 1.2 0 3 NA NA 39.36
1983295 1983 10 22 108.8 9.38 0.31 0 4.1 NA NA 30.06
1983296 1983 10 23 90.12 6.79 -0.4 0 4 NA NA 35.76
1983297 1983 10 24 104.17 8.04 -1.96 0 2.8 NA NA 34.2
1983298 1983 10 25 109.95 6.5 -2.2 0 1.24 NA NA 37.84
1983299 1983 10 26 119.21 6.5 -3.65 0 1 NA NA 29.24
1983300 1983 10 27 104.17 6.9 -2.4 0 1.5 NA NA 33.98
1983301 1983 10 28 48.61 7.82 0.4 0 2 NA NA 52.85
1983302 1983 10 29 39.35 7.2 0.4 1.2 2.7 NA NA 60.97
1983303 1983 10 30 75.23 7.3 0 0 2.18 NA NA 30.51
1983304 1983 10 31 99.54 6.22 -2.2 0 2.3 NA NA 31.97
1983305 1983 11 01 42.82 4.3 -2.2 3.5 2.4 NA NA 71.82
1983306 1983 11 02 99.54 3.46 -5.05 0 5.51 NA NA 32.77
1983307 1983 11 03 96.06 0.77 -7.35 0 1.2 NA NA 29.82
1983308 1983 11 04 104.17 2.12 -7.04 0 2.5 NA NA 30.6
1983309 1983 11 05 31.25 1.72 -5.23 0 2.7 NA NA 59.41
1983310 1983 11 06 42.82 5.1 0.3 0 3 NA NA 75.21
1983311 1983 11 07 87.96 5.99 -2.8 0 2.9 NA NA 51.61
1983312 1983 11 08 75.23 5.99 -3.34 0 1 NA NA 53.96
1983313 1983 11 09 76.39 9.2 -1.7 0 1.6 NA NA 52.3
1983314 1983 11 10 53.24 9.9 -1.02 0 2.5 NA NA 58.42
1983315 1983 11 11 55.56 9.79 1.18 0 1.6 NA NA 67.08
1983316 1983 11 12 35.88 8 -0.5 0 1 NA NA 60.61
1983317 1983 11 13 70.6 11.61 3.63 0 2.2 NA NA 59.59
1983318 1983 11 14 69.44 14.13 4.3 0 3 NA NA 58.01
1983319 1983 11 15 75.35 14.8 7.02 1.8 3.4 NA NA 59.08
1983320 1983 11 16 35.88 9.9 1.2 1.89 3.9 NA NA 59.58
1983321 1983 11 17 70.6 5.26 -2.2 0 2.7 NA NA 36.22
1983322 1983 11 18 31.25 4.1 -2.12 0 1.2 NA NA 43.72
1983323 1983 11 19 48.68 3.4 -4.64 0 1.6 NA NA 51.75
1983324 1983 11 20 26.62 10.22 1.13 19.28 1.1 NA NA 80.5
1983325 1983 11 21 26.62 11.4 6 3.23 1.9 NA NA 85.48
1983326 1983 11 22 49.77 7.2 0.6 0 0.77 NA NA 74.89
1983327 1983 11 23 43.98 6.1 -0.6 0 0.9 NA NA 69.5
1983328 1983 11 24 23.15 8.83 -0.61 3 3.8 NA NA 64.46
1983329 1983 11 25 65.97 10.11 4.84 6.5 2.1 NA NA 76.34
1983330 1983 11 26 12.72 6.1 -0.18 11.26 2.8 NA NA 84.66
1983331 1983 11 27 47.45 4.83 -1.47 0 1.6 NA NA 67.55
1983332 1983 11 28 69.55 3.62 -1.37 0 5.8 NA NA 59.4
1983333 1983 11 29 53.24 3.58 -2.2 0 2.5 NA NA 60.79
1983334 1983 11 30 19.68 7.37 -0.6 3.4 4.2 NA NA 64.09
1983335 1983 12 01 48.61 5.5 0.83 0 2.4 NA NA 68.48
1983336 1983 12 02 54.63 4.8 -0.3 1.1 2.3 NA NA 72.71
1983337 1983 12 03 28.94 4.62 -0.2 0 2.8 NA NA 71.48
1983338 1983 12 04 25.46 3.7 -0.81 0 2.3 NA NA 80.77
1983339 1983 12 05 59.03 3 -3.18 3.8 1.3 NA NA 75.54
1983340 1983 12 06 26.62 3.15 -0.9 0 0.8 NA NA 82.24
1983341 1983 12 07 33.4 4.1 -1.1 0 2.1 NA NA 65.46
1983342 1983 12 08 16.2 3.4 -1 3.55 1.6 NA NA 86.69
1983343 1983 12 09 26.62 3.69 -1.9 13.72 1.6 NA NA 81.62
1983344 1983 12 10 17.56 3.9 0.22 3.25 2.1 NA NA 87.6
1983345 1983 12 11 65.99 2.03 -7.99 0 3.92 NA NA 44.1
1983346 1983 12 12 67.13 -5.17 -12.4 0 4.4 NA NA 14.69
1983347 1983 12 13 63.66 -5.6 -12.88 0 5.52 NA NA 27.05
1983348 1983 12 14 67.13 -5.6 -13.27 0 4.8 NA NA 20
1983349 1983 12 15 60.19 -5.6 -11.41 0 4.51 NA NA 14.66
1983350 1983 12 16 48.61 -2.4 -10 0 2.7 NA NA 35.45
1983351 1983 12 17 49.77 -3.2 -11.2 0 1.2 NA NA 52.4
1983352 1983 12 18 40.87 -2.81 -11.71 0 0.9 NA NA 55.66
1983353 1983 12 19 17.36 -1.32 -12.2 4.5 2.4 NA NA 62.31
1983354 1983 12 20 23.15 0.3 -4.5 5.1 2.8 NA NA 85.23
1983355 1983 12 21 26.62 1.2 -1.9 3.29 2.7 NA NA 92.2
1983356 1983 12 22 69.44 0.9 -9.41 2.7 3.2 NA NA 84.9
1983357 1983 12 23 30.09 0.4 -1.71 0 1 NA NA 95.85
1983358 1983 12 24 69.18 1.5 -6.3 0 1.69 NA NA 86.8
1983359 1983 12 25 27.78 1 -6.44 2.35 2.1 NA NA 85.19
1983360 1983 12 26 24.27 0.8 -1.37 2.13 0.9 NA NA 94.36
1983361 1983 12 27 24.31 1.5 -6.31 1.2 1.8 NA NA 83.44
1983362 1983 12 28 41.67 -2.4 -7.7 0 1.3 NA NA 57.9
1983363 1983 12 29 52 -3.11 -9.47 0 2.8 NA NA 38.45
1983364 1983 12 30 28.94 -0.68 -6.8 0 3.3 NA NA 42.19
1983365 1983 12 31 28.94 0.62 -4 2.9 2.4 NA NA 60.72
1984001 1984 01 01 27.78 1.99 -7.41 0 1.27 NA NA 84.86
1984002 1984 01 02 40.51 -2 -8.5 0 0.5 NA NA 78.42
1984003 1984 01 03 35.88 1.2 -6.33 0 1.2 NA NA 80.53
1984004 1984 01 04 45.14 2.2 -0.9 0 2 NA NA 85.38
1984005 1984 01 05 41.67 3.05 -2.5 0 3.8 NA NA 82.51
1984006 1984 01 06 37.04 -1.6 -13.35 0 5.2 NA NA 45.81
1984007 1984 01 07 42.82 -10.46 -20.99 0 4.8 NA NA 41
1984008 1984 01 08 67.13 -15.35 -22.34 0 2.1 NA NA 38.19
1984009 1984 01 09 64.85 -15.32 -22.87 0 0.9 NA NA 39.52
1984010 1984 01 10 48.61 -7.3 -22.25 0 3.3 NA NA 47.04
1984011 1984 01 11 63.66 -9.39 -15.78 0 4.2 NA NA 56.2
1984012 1984 01 12 47.45 -4.1 -18.82 0 3.8 NA NA 50.45
1984013 1984 01 13 38.19 -2.5 -10.8 0 1.2 NA NA 61.1
1984014 1984 01 14 39.35 0.54 -7.2 0 1.2 NA NA 70.3
1984015 1984 01 15 45.14 -2.7 -7.29 0 1.1 NA NA 82.62
1984016 1984 01 16 62.5 2.9 -6.31 0 2.2 NA NA 73.81
1984017 1984 01 17 27.78 3.3 0.3 0 3.9 NA NA 85.7
1984018 1984 01 18 47.45 4.2 -0.4 0 2.5 NA NA 80.74
1984019 1984 01 19 73.14 4.5 -0.7 0 2.5 NA NA 77.91
1984020 1984 01 20 74.07 3.34 -1.6 0 2 NA NA 76.06
1984021 1984 01 21 38.19 3.2 0.11 0 2.9 NA NA 82.27
1984022 1984 01 22 37.79 3 -1.28 0 1.3 NA NA 78.1
1984023 1984 01 23 52.08 3.1 -2.74 0 0.8 NA NA 71.5
1984024 1984 01 24 41.67 2.1 -4.03 0 0.9 NA NA 74.03
1984025 1984 01 25 27.72 2.21 -2.59 1.9 0.9 NA NA 84.88
1984026 1984 01 26 52.08 4 -1.6 0 3 NA NA 76.89
1984027 1984 01 27 42.82 2.7 -3.1 0 4.6 NA NA 72.87
1984028 1984 01 28 52.3 4.43 -4.6 0 3.5 NA NA 57.6
1984029 1984 01 29 26.62 3.95 -4.2 0 3.2 NA NA 72.11
1984030 1984 01 30 43.98 6.6 -0.1 1.1 4.3 NA NA 69.4
1984031 1984 01 31 69.44 3.89 -2 0 3.8 NA NA 59.59
1984032 1984 02 01 27.78 6.3 1.2 0 4.2 NA NA 73.91
1984033 1984 02 02 87.53 6.21 -1 0 1.4 NA NA 62.6
1984034 1984 02 03 21.46 2.2 -1.5 20.46 3.24 NA NA 84.17
1984035 1984 02 04 51.37 0.49 -4.2 1.1 6.72 NA NA 68.3
1984036 1984 02 05 109.95 -1 -8.5 0 4.3 NA NA 48.48
1984037 1984 02 06 97.42 -2.52 -9.71 0 3.8 NA NA 48.1
1984038 1984 02 07 111.11 -2.91 -11.86 0 3.7 NA NA 35.08
1984039 1984 02 08 102.63 -3.51 -13.79 0 2.7 NA NA 28.59
1984040 1984 02 09 107.64 -4.03 -15.11 0 0.9 NA NA 37.72
1984041 1984 02 10 100.69 -3.53 -14.39 0 1.6 NA NA 42.26
1984042 1984 02 11 104.17 -3.76 -14.47 0 2.4 NA NA 41.64
1984043 1984 02 12 108.8 -4.7 -15.34 0 3.1 NA NA 40.98
1984044 1984 02 13 109.95 -5.9 -19.04 0 3.34 NA NA 40.01
1984045 1984 02 14 74 -4.16 -15.48 1.2 4.7 NA NA 42.15
1984046 1984 02 15 127.31 -5.71 -16.34 0 4.5 NA NA 43.2
1984047 1984 02 16 122.69 -7.13 -19.5 0 1.8 NA NA 40.5
1984048 1984 02 17 120.46 -6.28 -19.82 0 1.2 NA NA 37.79
1984049 1984 02 18 126.72 -4.45 -17.78 0 3 NA NA 36.89
1984050 1984 02 19 141.27 -3.1 -14.87 0 3 NA NA 44.28
1984051 1984 02 20 134.26 -0.2 -15.3 0 3 NA NA 46.09
1984052 1984 02 21 112.27 1.32 -11.24 0 2.1 NA NA 75.51
1984053 1984 02 22 134.26 0.51 -11.59 0 1.9 NA NA 69.81
1984054 1984 02 23 141.2 1.5 -7.91 0 4 NA NA 72.17
1984055 1984 02 24 38.19 0.19 -0.77 5.99 3 NA NA 88.88
1984056 1984 02 25 48.61 1.3 -5.8 0 3.6 NA NA 77.85
1984057 1984 02 26 140.05 0.2 -10.94 0 1.3 NA NA 52.78
1984058 1984 02 27 133.1 0.73 -11.33 0 1.9 NA NA 43.25
1984059 1984 02 28 134.26 1.1 -11.91 0 1.2 NA NA 37.7
1984060 1984 02 29 0 0 0 0 0 NA NA 0
1984061 1984 03 01 72.92 2.68 -3.3 0 2.8 NA NA 74.3
1984062 1984 03 02 94.56 12.3 1.8 0 4.3 NA NA 48.9
1984063 1984 03 03 77.33 13.8 1.8 1.2 4.5 NA NA 54.53
1984064 1984 03 04 57.78 5.1 -1.1 0 1.9 NA NA 75.54
1984065 1984 03 05 49.77 2.26 -0.7 1.4 5.1 NA NA 72.74
1984066 1984 03 06 46.2 5.3 1.23 0 5.24 NA NA 78.78
1984067 1984 03 07 55.52 7.5 2.9 0 1.9 NA NA 75.51
1984068 1984 03 08 109.95 9.03 0.5 0 1.6 NA NA 60.37
1984069 1984 03 09 112.27 6.9 0.76 0 1.7 NA NA 53.2
1984070 1984 03 10 166.67 6.6 -2.6 0 2.3 NA NA 34.65
1984071 1984 03 11 165.51 8.5 -4.27 0 1.9 NA NA 33.13
1984072 1984 03 12 167.82 10.3 -4.6 0 1.2 NA NA 32.81
1984073 1984 03 13 166.66 12.3 -2.22 0 1.4 NA NA 34.68
1984074 1984 03 14 169.05 14.3 -1.7 0 1.4 NA NA 34.5
1984075 1984 03 15 145.86 13.83 -2.7 0 0.2 NA NA 36.17
1984076 1984 03 16 170.11 15 -2 0 0.04 NA NA 36.89
1984077 1984 03 17 167.82 16.01 -0.7 0 0.6 NA NA 36.94
1984078 1984 03 18 134.26 14 0.6 0 1.83 NA NA 47.07
1984079 1984 03 19 176.1 12.2 0.6 0 2.6 NA NA 44.5
1984080 1984 03 20 200.23 12.3 -1.1 0 1.8 NA NA 37.1
1984081 1984 03 21 101.06 12.2 2.11 0 1.9 NA NA 54.36
1984082 1984 03 22 153.94 14.99 4.44 0 2.9 NA NA 51.2
1984083 1984 03 23 51.66 15.38 4 1.5 5.4 NA NA 66.31
1984084 1984 03 24 105.89 16.2 2.6 0 1.8 NA NA 49.59
1984085 1984 03 25 134.26 17.1 1.65 0 2.4 NA NA 41.2
1984086 1984 03 26 173.61 14.1 -0.3 0 1.1 NA NA 37.43
1984087 1984 03 27 154.29 10.59 0 0 1.5 NA NA 45.17
1984088 1984 03 28 201.39 10.8 -1.01 0 1.2 NA NA 34.58
1984089 1984 03 29 194.77 14.11 -1.4 0 1.8 NA NA 32.46
1984090 1984 03 30 193.81 16.68 0.4 0 1.8 NA NA 37.3
1984091 1984 03 31 130.79 17.81 2.55 0 1.7 NA NA 43.24
1984092 1984 04 01 199.07 17.07 2.85 0 3.1 NA NA 37.5
1984093 1984 04 02 105.32 12.3 3.8 0 3.4 NA NA 60.58
1984094 1984 04 03 131.08 14.7 3.92 2.17 1.3 NA NA 52.68
1984095 1984 04 04 185.85 13.44 4.3 1.7 2.16 NA NA 50.89
1984096 1984 04 05 86.81 11.9 2.6 1.1 1.9 NA NA 59.31
1984097 1984 04 06 130.79 13.73 1.5 0 1.4 NA NA 52.26
1984098 1984 04 07 57.87 12.04 2.5 2.03 3.5 NA NA 52.89
1984099 1984 04 08 83.28 10.6 1.3 0 1.13 NA NA 52
1984100 1984 04 09 141 13 -1.11 3.33 3 NA NA 49.2
1984101 1984 04 10 183.57 12.3 2.6 0 2.8 NA NA 43.4
1984102 1984 04 11 224.54 14.3 1.23 0 3.3 NA NA 30.05
1984103 1984 04 12 101.79 14.17 3.5 0 4.1 NA NA 50.26
1984104 1984 04 13 134.26 13.2 0.5 2.2 2.3 NA NA 55.53
1984105 1984 04 14 133.1 17.69 5.08 0 1.3 NA NA 57.28
1984106 1984 04 15 127.31 16.26 5.1 0 2.3 NA NA 55.31
1984107 1984 04 16 217.1 14.5 1.9 0 3.2 NA NA 33.36
1984108 1984 04 17 193.29 13.2 0.4 0 2 NA NA 33.5
1984109 1984 04 18 250.96 13.2 0.66 0 2.6 NA NA 30.14
1984110 1984 04 19 175.93 14.3 0.5 0 2.1 NA NA 32.99
1984111 1984 04 20 276.91 19.8 0.5 0 1.2 NA NA 30.55
1984112 1984 04 21 95.88 15.1 5.6 1.51 3.4 NA NA 53.92
1984113 1984 04 22 187.72 13.9 3.3 0 3.3 NA NA 40.8
1984114 1984 04 23 273.91 15.5 4.5 0 2.97 NA NA 38.18
1984115 1984 04 24 127.7 18.37 4.7 0 1.6 NA NA 51.2
1984116 1984 04 25 133.1 18.29 6 5.09 1.2 NA NA 55.19
1984117 1984 04 26 74.95 15.22 7.5 3.5 1.2 NA NA 63.62
1984118 1984 04 27 98.35 13.2 5.9 0 3.7 NA NA 60.37
1984119 1984 04 28 159.77 13.3 2.3 0 2.9 NA NA 44.62
1984120 1984 04 29 206.86 16.35 0.6 5.1 1.46 NA NA 40.9
1984121 1984 04 30 279.71 15.69 6.2 0 3.86 NA NA 41.43
1984122 1984 05 01 90.24 11.72 5.8 2.2 2.8 NA NA 70.93
1984123 1984 05 02 129.61 16.03 6 0 1.3 NA NA 55.2
1984124 1984 05 03 228.01 19.02 5.1 0 3 NA NA 42
1984125 1984 05 04 133.1 17.3 9.2 5.83 4 NA NA 57.54
1984126 1984 05 05 185.92 18.85 9.2 0 3.5 NA NA 51.28
1984127 1984 05 06 167.82 17.5 7 0 1.9 NA NA 56
1984128 1984 05 07 212.96 17.48 4.7 5.52 1.1 NA NA 59.62
1984129 1984 05 08 240.96 18.59 8.5 0 3.2 NA NA 45.46
1984130 1984 05 09 268.52 19.1 5.85 0 1.1 NA NA 41.3
1984131 1984 05 10 159.72 20.4 9.8 6.3 2.1 NA NA 68.77
1984132 1984 05 11 99.21 22.4 15.39 6.3 3.4 NA NA 73.23
1984133 1984 05 12 213.58 21.7 9.2 0 2.2 NA NA 59.11
1984134 1984 05 13 289.49 22.9 8.4 0 2.7 NA NA 40.57
1984135 1984 05 14 208.33 27.71 14.7 0 4.3 NA NA 43.19
1984136 1984 05 15 229.17 23.01 10.2 4.29 3.9 NA NA 57.5
1984137 1984 05 16 275.49 23.61 7.9 0 0.5 NA NA 37.37
1984138 1984 05 17 167.43 22 11.72 0 2.2 NA NA 57.5
1984139 1984 05 18 267.36 23.6 10.97 0 1.8 NA NA 40.9
1984140 1984 05 19 207.75 22.26 11.3 0 2.1 NA NA 43.29
1984141 1984 05 20 280.09 22.9 9.57 0 2 NA NA 35.4
1984142 1984 05 21 215.68 23.2 13.5 0 2.3 NA NA 42.66
1984143 1984 05 22 236.11 23.34 13.4 0 2.7 NA NA 44.6
1984144 1984 05 23 234.95 23.7 12.9 1.1 3.1 NA NA 52.2
1984145 1984 05 24 159.99 21.5 13.7 0 2.9 NA NA 65.6
1984146 1984 05 25 169.2 23.74 13.4 2.4 2.5 NA NA 53.34
1984147 1984 05 26 294.72 24.32 13.31 0 2.7 NA NA 43.07
1984148 1984 05 27 246.53 25.3 13 0 3.1 NA NA 39.84
1984149 1984 05 28 215.1 23.5 11.9 0 3.2 NA NA 42.1
1984150 1984 05 29 322.44 22.7 9.2 0 1.68 NA NA 30.9
1984151 1984 05 30 229.23 22.7 7.56 0 1 NA NA 37.61
1984152 1984 05 31 226.85 24.54 11.4 0 1.9 NA NA 38.05
1984153 1984 06 01 171.3 23.92 11.4 12.3 2 NA NA 51.11
1984154 1984 06 02 172.45 23 8.9 3.85 1.7 NA NA 49.42
1984155 1984 06 03 184.58 22.09 12.2 0 3.8 NA NA 50.72
1984156 1984 06 04 248.84 21.2 10.7 0 2.32 NA NA 38.41
1984157 1984 06 05 238.43 22.48 9.8 0 1.8 NA NA 37.4
1984158 1984 06 06 317.23 24.1 7.6 0 0.4 NA NA 33.53
1984159 1984 06 07 285.88 25.53 8.2 0 0.4 NA NA 32.6
1984160 1984 06 08 275.99 25.8 9.9 0 1.51 NA NA 29.49
1984161 1984 06 09 140.66 25 13.1 11.26 1.4 NA NA 57.36
1984162 1984 06 10 296.44 26.42 10.6 0 0.5 NA NA 41.5
1984163 1984 06 11 305.74 28.2 12 0 0.8 NA NA 33.18
1984164 1984 06 12 288.3 29.47 12.6 0 0.9 NA NA 31.38
1984165 1984 06 13 285.88 30.5 13.7 0 1.1 NA NA 29.51
1984166 1984 06 14 297.45 30.59 13.71 0 1.1 NA NA 31.22
1984167 1984 06 15 346.9 30.96 15.1 0 1.17 NA NA 28.65
1984168 1984 06 16 163.05 36.06 13.5 2.3 0.2 NA NA 26.39
1984169 1984 06 17 172.45 29.28 16.64 14.83 2.2 NA NA 48.35
1984170 1984 06 18 330.35 23.49 12.7 0 3.8 NA NA 33.74
1984171 1984 06 19 295.14 23.5 11.4 0 1.9 NA NA 29.18
1984172 1984 06 20 282.41 27.1 11.02 0 0.6 NA NA 29.56
1984173 1984 06 21 297.45 30.6 15.8 0 2.4 NA NA 26.69
1984174 1984 06 22 306.35 31.9 17 0 1.6 NA NA 26.29
1984175 1984 06 23 339.52 32.4 13.4 0 1.1 NA NA 23.48
1984176 1984 06 24 306.71 32.44 16.21 0 1.8 NA NA 22.41
1984177 1984 06 25 215.28 29.81 17.72 0 2.5 NA NA 24.3
1984178 1984 06 26 129.8 26.2 18 1.2 1.2 NA NA 55.8
1984179 1984 06 27 283.56 27.7 15.62 0 2.3 NA NA 24.29
1984180 1984 06 28 214.12 25.4 15.1 0 2.4 NA NA 27.1
1984181 1984 06 29 195.22 26 16.6 0 2.5 NA NA 24.91
1984182 1984 06 30 214.03 26.2 14.1 0 2 NA NA 31.97
1984183 1984 07 01 252.31 28.4 12.6 0 0.5 NA NA 32.4
1984184 1984 07 02 127.31 24.1 18.2 0 2.6 NA NA 41.68
1984185 1984 07 03 354.79 27.35 14.72 0 2.5 NA NA 21.8
1984186 1984 07 04 340.02 27.2 13.8 0 2.15 NA NA 21.2
1984187 1984 07 05 321.76 29 11.24 0 0.6 NA NA 21.08
1984188 1984 07 06 223.28 30.35 13.1 0 2.1 NA NA 20.39
1984189 1984 07 07 59.47 22.6 16.63 15.17 3.1 NA NA 72.52
1984190 1984 07 08 85.78 18.5 13.24 13.62 7.55 NA NA 70.84
1984191 1984 07 09 50.11 15.87 12.5 3.01 5.95 NA NA 72.3
1984192 1984 07 10 140.55 18.74 13.7 0 5.26 NA NA 55.7
1984193 1984 07 11 239.58 22.67 11.5 0 4.1 NA NA 27.13
1984194 1984 07 12 266.17 23.3 9.26 0 2.2 NA NA 24.81
1984195 1984 07 13 259.33 17.57 8.75 0 3.1 NA NA 27.72
1984196 1984 07 14 165.42 19.48 8.42 0 2.5 NA NA 30.46
1984197 1984 07 15 266.93 24.8 8.3 0 2.4 NA NA 23.7
1984198 1984 07 16 253.47 28.49 14 5.96 3.9 NA NA 24.9
1984199 1984 07 17 160.04 20.9 11.9 1.19 2.6 NA NA 60.74
1984200 1984 07 18 289.35 24.1 10.63 0 2.3 NA NA 28.5
1984201 1984 07 19 263.89 25.1 13.45 0 3.2 NA NA 31.61
1984202 1984 07 20 315.94 24 11 0 1.8 NA NA 24.88
1984203 1984 07 21 277.49 30.29 13.33 0 3.2 NA NA 21.6
1984204 1984 07 22 191.69 28.6 15.5 8.38 2.7 NA NA 41.03
1984205 1984 07 23 171.75 24.35 14.2 0 1.7 NA NA 53.7
1984206 1984 07 24 291.67 27.1 13.11 0 2.5 NA NA 25.59
1984207 1984 07 25 186.34 23.2 12.3 3.27 3.5 NA NA 31.55
1984208 1984 07 26 255.79 18.88 9 0 3.45 NA NA 25.1
1984209 1984 07 27 188.64 21.54 7.99 0 1.4 NA NA 30.21
1984210 1984 07 28 197.9 24.85 13.58 0 3.1 NA NA 34.8
1984211 1984 07 29 233.29 23.81 11.29 0 3.3 NA NA 28.37
1984212 1984 07 30 299.78 28.1 8.16 0 0.82 NA NA 21.97
1984213 1984 07 31 244.33 31.1 15.3 0 1.6 NA NA 24.01
1984214 1984 08 01 258.1 29.9 16.88 0 1.3 NA NA 29.66
1984215 1984 08 02 206.97 30.21 17.1 1.2 3.1 NA NA 32.26
1984216 1984 08 03 290.51 23.39 12.41 0 3.8 NA NA 24.57
1984217 1984 08 04 255.67 26.1 9.64 0 1.8 NA NA 23.39
1984218 1984 08 05 262.73 31.3 15.5 0 2.1 NA NA 23.35
1984219 1984 08 06 238.43 30.9 15.4 1.7 0.5 NA NA 32
1984220 1984 08 07 273.15 30.03 16 0 2 NA NA 27.9
1984221 1984 08 08 275.46 30.65 13.48 0 0.6 NA NA 21.6
1984222 1984 08 09 252.79 33 17 0 0.5 NA NA 20.35
1984223 1984 08 10 210.64 32.71 20.37 0 2.2 NA NA 21.14
1984224 1984 08 11 174.43 31.72 19.3 7.5 1.1 NA NA 34.13
1984225 1984 08 12 212.96 30.3 18.39 0 2.8 NA NA 36.34
1984226 1984 08 13 279.33 26.98 15.35 0 3.3 NA NA 22.4
1984227 1984 08 14 142.85 27.46 15.23 0 2.3 NA NA 35.39
1984228 1984 08 15 199.07 28.2 15.3 0 1.6 NA NA 27.47
1984229 1984 08 16 198.59 28.5 14.5 0 1.8 NA NA 23.9
1984230 1984 08 17 127.02 26.5 15.1 0 1.7 NA NA 33.8
1984231 1984 08 18 259.38 26.1 13.3 0 2.4 NA NA 19.17
1984232 1984 08 19 254.63 26.31 10.7 0 1.4 NA NA 18.31
1984233 1984 08 20 250 28.1 9.8 0 0.6 NA NA 17.7
1984234 1984 08 21 252.31 30.01 11.1 0 0.7 NA NA 15.6
1984235 1984 08 22 205.19 29.15 15.1 0 2.6 NA NA 21.57
1984236 1984 08 23 243.06 28.3 13.6 0 2.77 NA NA 21.88
1984237 1984 08 24 243.06 29 12.5 0 1 NA NA 19.1
1984238 1984 08 25 241.9 31.1 11.5 0 1.8 NA NA 15.79
1984239 1984 08 26 244.21 25.7 11.99 0 2.4 NA NA 17.21
1984240 1984 08 27 241.9 26.9 8.3 0 0.7 NA NA 15.6
1984241 1984 08 28 236.11 31.08 9.7 0 1.2 NA NA 14.7
1984242 1984 08 29 229.28 30.68 13 0 1.2 NA NA 18.16
1984243 1984 08 30 221.23 32.2 14.3 0 0.9 NA NA 17.38
1984244 1984 08 31 179.43 33 18.8 0 0.9 NA NA 21.72
1984245 1984 09 01 221.06 34.82 15 0 0.2 NA NA 19.57
1984246 1984 09 02 164.35 30.2 18.3 3.3 1.7 NA NA 29.96
1984247 1984 09 03 212.23 28.86 16.1 0 2 NA NA 29.72
1984248 1984 09 04 106.48 25.7 16.9 3 1.7 NA NA 41.7
1984249 1984 09 05 119.09 26.4 13.6 0 2.2 NA NA 37.13
1984250 1984 09 06 214.12 27.9 10.2 0 0.8 NA NA 23.81
1984251 1984 09 07 178.45 28.16 16.51 0 2.3 NA NA 28.11
1984252 1984 09 08 208.33 30 14.8 0 1.9 NA NA 21.99
1984253 1984 09 09 206.02 31.71 13.3 0 1.1 NA NA 19.76
1984254 1984 09 10 193.29 30.4 13.8 0 1.1 NA NA 27.42
1984255 1984 09 11 121.42 28 10.3 2.47 4.03 NA NA 27.96
1984256 1984 09 12 214.29 20 6.41 0 2.3 NA NA 19.9
1984257 1984 09 13 222.52 26.1 6.2 0 2.6 NA NA 17.1
1984258 1984 09 14 170.14 29.35 13.6 0 2.7 NA NA 25
1984259 1984 09 15 193.29 26.9 8.8 2.5 1.1 NA NA 28.23
1984260 1984 09 16 201.39 24.4 12.5 0 2.7 NA NA 29.91
1984261 1984 09 17 201.39 28 11.81 0 2.9 NA NA 19.9
1984262 1984 09 18 41.85 23.18 13.11 12.32 1.8 NA NA 65.23
1984263 1984 09 19 163.19 21.07 9.52 0 2.9 NA NA 39.53
1984264 1984 09 20 75.21 19.98 9.74 0 2.6 NA NA 56.31
1984265 1984 09 21 140.71 25.3 11.1 0 1.8 NA NA 37.59
1984266 1984 09 22 195.28 25 9.5 0 1.1 NA NA 28.7
1984267 1984 09 23 190.97 26.7 12.1 0 2.9 NA NA 29.3
1984268 1984 09 24 181.93 22.7 8.68 0 2.9 NA NA 32.7
1984269 1984 09 25 180.56 25.64 8.6 0 2.5 NA NA 25.1
1984270 1984 09 26 173.61 27 11.6 0 2.8 NA NA 26.98
1984271 1984 09 27 102.87 26.41 11 9.32 4.42 NA NA 30.59
1984272 1984 09 28 106.52 17.86 7.1 0 3.3 NA NA 32.2
1984273 1984 09 29 119.21 20.4 6.7 0 1.9 NA NA 28.84
1984274 1984 09 30 165.51 22.4 7.97 2.13 2.7 NA NA 30.74
1984275 1984 10 01 155.09 26.34 12 2.7 3.8 NA NA 35.14
1984276 1984 10 02 119.21 26.61 14.5 0 2.8 NA NA 50.89
1984277 1984 10 03 151.62 25 13.41 0 2.2 NA NA 42.48
1984278 1984 10 04 163.19 27.82 14.03 1.76 2.7 NA NA 36.99
1984279 1984 10 05 134.26 26.61 14 2.7 2.8 NA NA 38.7
1984280 1984 10 06 133.1 19.6 8.5 0 2.6 NA NA 49.46
1984281 1984 10 07 131.94 22.42 7.2 0 0.97 NA NA 34.39
1984282 1984 10 08 130.79 25.4 11.44 0 1.8 NA NA 36.42
1984283 1984 10 09 118.35 18.42 8.63 0 4.4 NA NA 38.2
1984284 1984 10 10 119.74 14.76 6.3 0 3.7 NA NA 33.23
1984285 1984 10 11 65.75 14 4.5 0 2.8 NA NA 40.56
1984286 1984 10 12 126.16 12.8 3 0 2.5 NA NA 34.08
1984287 1984 10 13 120.37 14.1 3.1 0 2.4 NA NA 33.9
1984288 1984 10 14 90.28 12.7 3.3 0 1.8 NA NA 37.55
1984289 1984 10 15 106.32 12.6 5.94 0 1.1 NA NA 38.2
1984290 1984 10 16 109.95 12.9 2.18 0 1.4 NA NA 32.18
1984291 1984 10 17 41.67 12.8 2.28 6.16 3.8 NA NA 43.4
1984292 1984 10 18 123.7 19.6 9.61 0 2.3 NA NA 51.1
1984293 1984 10 19 120.37 21.6 8.97 2.17 2.4 NA NA 41.35
1984294 1984 10 20 99.11 22.34 12.8 2.5 2.5 NA NA 53.75
1984295 1984 10 21 109.95 22.42 11.72 0 1.5 NA NA 55.86
1984296 1984 10 22 115.74 22.88 9.4 0 1.5 NA NA 41.98
1984297 1984 10 23 106.48 22.4 9.4 0 1.6 NA NA 47.68
1984298 1984 10 24 111.11 22.53 9.3 0 1.68 NA NA 48.17
1984299 1984 10 25 100.58 21.9 9.26 0 1.2 NA NA 50.17
1984300 1984 10 26 101.85 21.7 8.7 0 1.7 NA NA 44.98
1984301 1984 10 27 99.88 20.89 7.43 0 1.5 NA NA 43.4
1984302 1984 10 28 93.75 19.38 6.1 0 1.9 NA NA 46.7
1984303 1984 10 29 114.58 13.3 3.4 0 1.2 NA NA 45.8
1984304 1984 10 30 33.56 11 4.5 26.95 4 NA NA 72.26
1984305 1984 10 31 2.97 12.08 8.1 8.89 3.4 NA NA 91.31
1984306 1984 11 01 42.82 12.3 3.8 0 3.4 NA NA 56.92
1984307 1984 11 02 93.75 11.1 1.2 0 1.8 NA NA 42.18
1984308 1984 11 03 20.83 8.7 2.8 7.03 2.2 NA NA 77.91
1984309 1984 11 04 93.75 5.82 -1.7 0 5.8 NA NA 32.5
1984310 1984 11 05 53.24 4.2 -3.6 0 1.9 NA NA 49.32
1984311 1984 11 06 34.72 7.9 -1.5 0 1.3 NA NA 63.68
1984312 1984 11 07 61.34 11.2 3.55 10.27 3.82 NA NA 68.32
1984313 1984 11 08 91.44 10.9 1.5 3.01 4.1 NA NA 42.44
1984314 1984 11 09 59.03 10 3.8 1.4 2.6 NA NA 74.9
1984315 1984 11 10 62.5 9.5 0.2 0 4.2 NA NA 36.08
1984316 1984 11 11 75.23 9.9 -0.45 0 3.6 NA NA 37.19
1984317 1984 11 12 70.6 11.51 3.8 0 3.48 NA NA 46.47
1984318 1984 11 13 79.74 9.9 1.2 0 2.7 NA NA 46.54
1984319 1984 11 14 75.49 8.6 0.9 0 3.4 NA NA 43.5
1984320 1984 11 15 70.6 9.27 2.75 0 4 NA NA 49.56
1984321 1984 11 16 46.3 9.51 2 0 3.5 NA NA 58.19
1984322 1984 11 17 53.24 11 3.84 0 4 NA NA 62.2
1984323 1984 11 18 7.04 12.4 8.25 9.79 4.94 NA NA 83.27
1984324 1984 11 19 35.88 9.8 0.1 0 3.1 NA NA 63.1
1984325 1984 11 20 35.88 7.6 0.1 0 3.2 NA NA 70.84
1984326 1984 11 21 23.05 10.8 3.2 3.15 2.3 NA NA 78.7
1984327 1984 11 22 47.45 15.41 7.2 0 2.6 NA NA 74.79
1984328 1984 11 23 65.97 16.49 6.7 0 2.2 NA NA 69.2
1984329 1984 11 24 53.24 12.16 3.68 0 0.8 NA NA 71.93
1984330 1984 11 25 55.56 7 0.4 3.8 2.8 NA NA 75.2
1984331 1984 11 26 55.49 6.03 -0.3 0 2.3 NA NA 49.8
1984332 1984 11 27 55.56 5.73 -0.5 0 3.75 NA NA 55.05
1984333 1984 11 28 59.03 4.1 -1.19 1.9 3.87 NA NA 49.61
1984334 1984 11 29 23.15 8.32 4.31 0 4.9 NA NA 70.3
1984335 1984 11 30 50.93 6.9 1.5 0 3.1 NA NA 58.87
1984336 1984 12 01 46.3 7.2 1.3 0 3.43 NA NA 58.27
1984337 1984 12 02 39.35 4.4 -1.2 0 3.7 NA NA 59.12
1984338 1984 12 03 47.45 2.9 -3.85 0 0.9 NA NA 69.01
1984339 1984 12 04 59.03 2.62 -3.32 0 2.07 NA NA 66.78
1984340 1984 12 05 46.3 5 -1.2 0 3.6 NA NA 58.8
1984341 1984 12 06 43.98 7.5 0.72 0 3.9 NA NA 55.9
1984342 1984 12 07 34.72 11.4 4.19 2.5 5.2 NA NA 59.2
1984343 1984 12 08 61.34 7.5 3 0 3.7 NA NA 65.52
1984344 1984 12 09 24.31 7.9 0.5 1.9 3 NA NA 68.82
1984345 1984 12 10 48.61 3.1 -3.7 0 3.6 NA NA 58.92
1984346 1984 12 11 66.03 1.5 -5.4 0 1.5 NA NA 52.79
1984347 1984 12 12 16.2 1.61 -4.1 0 1.4 NA NA 76.13
1984348 1984 12 13 48.61 2.1 -4.12 0 2 NA NA 70.9
1984349 1984 12 14 66.67 3 -3.3 0 4.3 NA NA 54.79
1984350 1984 12 15 20.83 5.1 -0.3 2.58 3.7 NA NA 69.12
1984351 1984 12 16 39.35 2.7 -3.03 0 3.6 NA NA 62.99
1984352 1984 12 17 40.51 2.2 -4.1 0 2.98 NA NA 54.89
1984353 1984 12 18 19.68 3.3 -0.8 5.71 2.3 NA NA 76.28
1984354 1984 12 19 40.51 2.09 -3.93 0 1.3 NA NA 82
1984355 1984 12 20 60.28 0.78 -5.59 0 1.3 NA NA 70.37
1984356 1984 12 21 42.82 0.4 -5.3 0 3.9 NA NA 57.2
1984357 1984 12 22 21.95 -1 -8.32 3.52 3.1 NA NA 68.75
1984358 1984 12 23 56.71 -1.7 -11.4 0 3.2 NA NA 54.97
1984359 1984 12 24 57.87 -4.3 -9 0 3.5 NA NA 65.75
1984360 1984 12 25 59.03 -5.6 -11.31 0 4.7 NA NA 60.77
1984361 1984 12 26 55.3 -5.6 -10.2 0 5.2 NA NA 64.45
1984362 1984 12 27 74.07 -5.58 -10.8 0 4.9 NA NA 62.3
1984363 1984 12 28 71.77 -5.1 -10.8 0 5.5 NA NA 65.16
1984364 1984 12 29 57.87 -5.9 -12.2 0 3.7 NA NA 64.1
1984365 1984 12 30 62.71 -2.4 -10.81 0 3.4 NA NA 51.48
1984366 1984 12 31 55.56 -5.1 -11.19 0 3.4 NA NA 66.2
