*WEATHER DATA - Station:Poltava - BADJAM DATA - BADJer: UC - Method: EQMs - Source model: MPIREMO09
 
@ INSI LAT LONG ELEV TAV AMP REFHT WNDHT
Poltava 49.37 33.17 340.86 8.58 NA 2.0 NA
@DATE YYYY MM DD SRAD TMAX TMIN RAIN  WIND DEWP VPRS RHUM 
1980001 1980 01 01 43.98 5.68 -0.7 0 3.9 NA NA 63.43
1980002 1980 01 02 35.88 1 -5.5 0 1.14 NA NA 72.56
1980003 1980 01 03 20.82 3.75 -4.55 5.1 1.9 NA NA 65.19
1980004 1980 01 04 9.77 3.8 -3.57 5.5 4 NA NA 55.44
1980005 1980 01 05 33.56 -2.2 -8.3 1.13 6 NA NA 60.32
1980006 1980 01 06 49.77 -7 -12.1 0 4.4 NA NA 69.1
1980007 1980 01 07 57.9 -7.2 -12.9 0 0.8 NA NA 60.27
1980008 1980 01 08 43.98 -5.41 -9.31 0 2.4 NA NA 77.5
1980009 1980 01 09 49.77 -8.9 -12.98 0 3.6 NA NA 75.3
1980010 1980 01 10 53.24 -8.9 -12.51 0 5.4 NA NA 73.81
1980011 1980 01 11 41.67 -11.05 -14.7 0 5.95 NA NA 75.33
1980012 1980 01 12 63.66 -13.1 -15.7 0 2.55 NA NA 75.3
1980013 1980 01 13 40.51 -13.8 -16.23 0 5.3 NA NA 87.57
1980014 1980 01 14 37.04 -9.9 -15.1 0 5.71 NA NA 61.31
1980015 1980 01 15 47.45 -5.22 -10.41 1.15 4 NA NA 71.66
1980016 1980 01 16 50.93 -5.35 -15.1 0 1.8 NA NA 65.46
1980017 1980 01 17 49.77 -7.19 -19.1 0 1.08 NA NA 43.67
1980018 1980 01 18 52.08 -9.95 -20.39 0 1.9 NA NA 50.53
1980019 1980 01 19 26.62 -5.23 -12.72 7.46 4.3 NA NA 64.14
1980020 1980 01 20 50.93 -7.47 -20.26 0 2.33 NA NA 43.79
1980021 1980 01 21 37.04 -7.34 -12 1.7 3.9 NA NA 77.11
1980022 1980 01 22 42.82 -9.41 -17.45 2 2.1 NA NA 69.83
1980023 1980 01 23 45.14 0.58 -15.51 3.4 2.9 NA NA 67.02
1980024 1980 01 24 34.6 0 -7.7 1.7 4.26 NA NA 65.8
1980025 1980 01 25 59.03 -6.22 -8.3 0 7.4 NA NA 74.88
1980026 1980 01 26 75.23 -7.2 -11.64 0 8.96 NA NA 55.38
1980027 1980 01 27 75.23 -9.4 -14.3 0 7 NA NA 64.32
1980028 1980 01 28 83.33 -11.01 -16.1 0 4.4 NA NA 72.48
1980029 1980 01 29 58.73 -7.93 -12.29 0 6.8 NA NA 71.7
1980030 1980 01 30 45.14 -6.45 -8.94 0 7.09 NA NA 70.8
1980031 1980 01 31 34.72 -0.3 -7.7 0 6.6 NA NA 61.99
1980032 1980 02 01 60.19 -2.59 -7.3 0 6.6 NA NA 72.3
1980033 1980 02 02 48.61 2 -5.9 0 3.8 NA NA 62.27
1980034 1980 02 03 40.51 2.24 0.2 0 2.4 NA NA 88.21
1980035 1980 02 04 27.69 2.2 0.2 2.92 4.71 NA NA 85.8
1980036 1980 02 05 34.94 2 0.2 1.7 5.6 NA NA 85.8
1980037 1980 02 06 27.77 2 0 3.48 4.5 NA NA 85.76
1980038 1980 02 07 41.67 1.65 -1.3 0 0.8 NA NA 84.31
1980039 1980 02 08 79.86 0.9 -9.46 0 0.19 NA NA 61.7
1980040 1980 02 09 97.22 0.33 -9.03 0 1.5 NA NA 48.71
1980041 1980 02 10 100.69 1.56 -8.5 0 3.2 NA NA 62.26
1980042 1980 02 11 89.39 1.2 -5.9 0 2.5 NA NA 70.5
1980043 1980 02 12 71.76 0.8 -5.9 0 4 NA NA 71.22
1980044 1980 02 13 62.5 0.4 -3.77 1.2 5.1 NA NA 77.41
1980045 1980 02 14 40.68 -0.3 -9.01 6.2 2.5 NA NA 73.53
1980046 1980 02 15 48.61 0.4 -9.7 0 1.35 NA NA 63.2
1980047 1980 02 16 85.35 1.98 -6.51 3.44 4.2 NA NA 65.21
1980048 1980 02 17 108.24 1.9 -9.42 0 2.2 NA NA 60.44
1980049 1980 02 18 46.3 -0.68 -5.92 0 4.2 NA NA 75.4
1980050 1980 02 19 99.73 0.8 -6.09 0 2.21 NA NA 64.06
1980051 1980 02 20 99.54 0.57 -9.06 0 1.69 NA NA 59.5
1980052 1980 02 21 45.14 -2.5 -9.3 2.5 5.3 NA NA 60.29
1980053 1980 02 22 38.19 -4.3 -9.32 7.9 5.04 NA NA 69.33
1980054 1980 02 23 66.02 0.4 -7.4 1.6 3.4 NA NA 66.71
1980055 1980 02 24 85.65 -1.5 -9.89 0 6.4 NA NA 53.58
1980056 1980 02 25 143.14 -4.5 -10.5 0 6 NA NA 55.79
1980057 1980 02 26 134.26 -5.8 -11.25 0 4.8 NA NA 65.56
1980058 1980 02 27 96.06 -5.8 -17.37 0 3 NA NA 62.6
1980059 1980 02 28 96.06 -1.6 -21.09 0 2 NA NA 42.94
1980060 1980 02 29 0 0 0 0 0 NA NA 0
1980061 1980 03 01 127.61 1.55 -7.8 0 1.9 NA NA 70.56
1980062 1980 03 02 150.46 2.2 -9.81 0 1.7 NA NA 63.4
1980063 1980 03 03 107.34 3 -1.5 0 0.98 NA NA 73.11
1980064 1980 03 04 111.76 6.9 -1.3 0 2.16 NA NA 59.67
1980065 1980 03 05 61.34 5.2 0.03 0 2.9 NA NA 71.54
1980066 1980 03 06 79.86 5.7 -3 0 1.99 NA NA 60.1
1980067 1980 03 07 75.23 5.86 -0.5 0 2 NA NA 63.4
1980068 1980 03 08 134.26 7.57 -2.2 0 4.7 NA NA 47.27
1980069 1980 03 09 107.64 -0.92 -7.61 0 6.89 NA NA 46.18
1980070 1980 03 10 86.47 -5.1 -8.91 1.6 6.53 NA NA 64.34
1980071 1980 03 11 80.97 -3.23 -7.8 0 5.5 NA NA 64.64
1980072 1980 03 12 185.31 -1.51 -7.42 0 6.37 NA NA 43.53
1980073 1980 03 13 184.8 0.6 -6.7 0 6.6 NA NA 36.6
1980074 1980 03 14 185.02 4.63 -4.63 0 4.3 NA NA 32.04
1980075 1980 03 15 150.46 4.21 -3.6 0 3.4 NA NA 40.63
1980076 1980 03 16 101.85 3.99 -2.8 0 0.4 NA NA 52.37
1980077 1980 03 17 178.24 9.6 -2.2 0 3 NA NA 33.65
1980078 1980 03 18 61.56 2.4 -0.9 0 2.19 NA NA 65.34
1980079 1980 03 19 114.58 7.46 -1.1 0 3.8 NA NA 48.83
1980080 1980 03 20 116.76 11 0.3 0 4.6 NA NA 35.49
1980081 1980 03 21 157.41 7.3 -1.1 0 4 NA NA 40.8
1980082 1980 03 22 120.37 7.5 -1.2 0 4.2 NA NA 29.78
1980083 1980 03 23 75.13 7.4 -1.5 2.4 4 NA NA 45.2
1980084 1980 03 24 100.53 6.1 -1.7 0 4.4 NA NA 44.3
1980085 1980 03 25 121.53 13.02 1.8 0 4.54 NA NA 38.2
1980086 1980 03 26 60.17 3.73 -1.35 1.9 3.5 NA NA 50.1
1980087 1980 03 27 78.7 5.27 -1.01 6.65 3.6 NA NA 68.35
1980088 1980 03 28 109.3 12.2 1.2 1.2 3.6 NA NA 51.44
1980089 1980 03 29 79.08 10.5 5.68 1.2 3.5 NA NA 61.27
1980090 1980 03 30 150.46 16.28 4.16 0 2.2 NA NA 47.83
1980091 1980 03 31 127.31 16.64 4.22 0 3.1 NA NA 42.09
1980092 1980 04 01 114.58 9.95 3.4 0 4.2 NA NA 53
1980093 1980 04 02 113.07 9.21 1 0 3.66 NA NA 53.29
1980094 1980 04 03 206.02 13.95 0.5 0 2 NA NA 37.2
1980095 1980 04 04 112.27 13.6 4.6 0 2.1 NA NA 35.39
1980096 1980 04 05 205.63 15.1 2.9 0 2.2 NA NA 42.72
1980097 1980 04 06 209.84 14.8 1.6 0 1 NA NA 33.91
1980098 1980 04 07 209.49 17.4 2.9 0 2.2 NA NA 33.9
1980099 1980 04 08 161.86 16.7 2.84 0 4.2 NA NA 38.2
1980100 1980 04 09 131.94 10.49 2 0 5.19 NA NA 34.73
1980101 1980 04 10 211.81 12.3 1.26 0 2.2 NA NA 38.3
1980102 1980 04 11 217.59 13.7 2.6 2.3 4.1 NA NA 38.28
1980103 1980 04 12 199.43 10.4 0.28 3.87 5.92 NA NA 45.41
1980104 1980 04 13 190.97 6 -0.8 0 5 NA NA 38.35
1980105 1980 04 14 224.57 7.69 -1.1 0 1.7 NA NA 36.84
1980106 1980 04 15 209.11 8.14 -1 0 1.7 NA NA 36
1980107 1980 04 16 114.43 8.2 -0.51 1.6 4.3 NA NA 46.4
1980108 1980 04 17 127.08 14.3 2.9 2.8 1.7 NA NA 55.13
1980109 1980 04 18 176.34 20.2 6.2 0 2.9 NA NA 40.8
1980110 1980 04 19 238.52 21.6 7.3 0 1 NA NA 30.61
1980111 1980 04 20 243 22.7 8.9 0 0.9 NA NA 28.9
1980112 1980 04 21 243.17 22.96 11.11 0 1.7 NA NA 36.29
1980113 1980 04 22 193.38 18.5 8.4 0 3 NA NA 36.2
1980114 1980 04 23 202.55 18.48 6.9 0 2.1 NA NA 37.9
1980115 1980 04 24 241.93 18.6 6.9 0 1.28 NA NA 40.56
1980116 1980 04 25 267.36 19.4 7.17 0 1.7 NA NA 34.99
1980117 1980 04 26 269.68 20.6 7.86 0 2.2 NA NA 34.5
1980118 1980 04 27 273.15 21.7 7.82 0 1.5 NA NA 29.59
1980119 1980 04 28 273.63 23.69 9.8 0 3.42 NA NA 27.42
1980120 1980 04 29 110.54 12.64 7.9 3.05 3.9 NA NA 60.31
1980121 1980 04 30 116.79 15.3 7.6 13.07 4.64 NA NA 54.8
1980122 1980 05 01 280.09 20.65 5.68 0 3.1 NA NA 37.15
1980123 1980 05 02 134.99 16.9 6.85 2.02 1.9 NA NA 53.1
1980124 1980 05 03 116.54 15.7 10.4 2.3 3.9 NA NA 50.55
1980125 1980 05 04 122.97 14.8 10 0 2.9 NA NA 49.11
1980126 1980 05 05 225.57 18.38 9.7 0 0.11 NA NA 41.93
1980127 1980 05 06 234.95 21.3 10.5 0 0.7 NA NA 39.78
1980128 1980 05 07 244.14 21.6 10.4 0 3.4 NA NA 47.3
1980129 1980 05 08 241.9 21.62 8.8 0 2.7 NA NA 45.8
1980130 1980 05 09 160.85 20.2 12.76 0 2.8 NA NA 47.71
1980131 1980 05 10 297.45 27.17 11.74 0 3.4 NA NA 31.14
1980132 1980 05 11 131.87 18.2 12.69 5.37 2.4 NA NA 64.2
1980133 1980 05 12 167.57 20.8 13.7 0 0.8 NA NA 55.42
1980134 1980 05 13 131.82 18.9 12.5 2.2 4.2 NA NA 64.23
1980135 1980 05 14 55.47 14.7 9.4 18.08 6.15 NA NA 68.11
1980136 1980 05 15 304.51 19.5 8.5 0 7.58 NA NA 18.39
1980137 1980 05 16 154.36 17.1 8.7 0 7.1 NA NA 17.22
1980138 1980 05 17 328.47 22.3 7.9 0 4.6 NA NA 23.09
1980139 1980 05 18 323.95 23.5 8.1 0 3 NA NA 32.07
1980140 1980 05 19 302.28 24.6 10.89 0 2.7 NA NA 39.28
1980141 1980 05 20 308.59 24.3 12.5 0 2.7 NA NA 37.7
1980142 1980 05 21 323.09 23.8 11.2 0 2.3 NA NA 30.78
1980143 1980 05 22 299.77 27.7 13.53 0 2.1 NA NA 30.8
1980144 1980 05 23 300.93 27.2 13.81 0 1.7 NA NA 31.7
1980145 1980 05 24 289.35 27.5 16.04 0 0.8 NA NA 30.8
1980146 1980 05 25 259.26 27.5 16.64 0 0.84 NA NA 38.64
1980147 1980 05 26 281.36 26.34 17.01 0 0.6 NA NA 46.3
1980148 1980 05 27 239.58 25.9 13.5 0 3.1 NA NA 38.55
1980149 1980 05 28 234.04 20.68 9 0 3 NA NA 29.49
1980150 1980 05 29 237.44 20.37 8.1 0 0.8 NA NA 25.39
1980151 1980 05 30 134.08 17.1 10.37 1.05 0.8 NA NA 59.08
1980152 1980 05 31 118.06 16.9 10.67 1.9 2.9 NA NA 59.5
1980153 1980 06 01 75.21 15.35 9.9 15.1 3.1 NA NA 76.73
1980154 1980 06 02 206.68 24.7 9.93 0 3.3 NA NA 42.1
1980155 1980 06 03 248.84 28.35 16.55 0 4.9 NA NA 38.5
1980156 1980 06 04 151.54 20.8 14.46 2.61 3.4 NA NA 64.12
1980157 1980 06 05 222.46 22.6 13.9 3.66 3 NA NA 56.96
1980158 1980 06 06 205.41 22.02 12.6 0.95 3.5 NA NA 55.2
1980159 1980 06 07 105.95 16.76 7 1.2 3.6 NA NA 67.9
1980160 1980 06 08 120.65 15.13 6.3 1.1 3.1 NA NA 58.18
1980161 1980 06 09 223.38 19.5 6.11 0 2.1 NA NA 38.34
1980162 1980 06 10 241.9 20.3 8.05 0 2 NA NA 31.67
1980163 1980 06 11 215.64 19.8 9 0 2 NA NA 42.5
1980164 1980 06 12 344.93 21.3 8.1 0 1.6 NA NA 25.43
1980165 1980 06 13 199.07 20.88 10.3 1.2 1.3 NA NA 34.03
1980166 1980 06 14 134.26 18.2 10.2 5.3 3.7 NA NA 63.69
1980167 1980 06 15 49.85 14.9 11.88 17.49 2.9 NA NA 83.63
1980168 1980 06 16 122.64 18 11.2 1.67 2.8 NA NA 66.09
1980169 1980 06 17 241.61 21.8 8.1 0 3.81 NA NA 40.89
1980170 1980 06 18 258.22 21.7 6.4 3.8 2.7 NA NA 31.97
1980171 1980 06 19 235.41 24.7 11 1.77 1.3 NA NA 51.67
1980172 1980 06 20 131.19 20.6 14.56 1.6 1.6 NA NA 68.88
1980173 1980 06 21 234.78 24.98 16.7 2.49 1.2 NA NA 51.56
1980174 1980 06 22 285.88 28.63 17.7 0 1.6 NA NA 40.7
1980175 1980 06 23 290.2 29.31 17.3 0 3.1 NA NA 43.22
1980176 1980 06 24 300.96 28 16.4 0 2.5 NA NA 45.7
1980177 1980 06 25 239.78 25.25 17 0 3 NA NA 45.7
1980178 1980 06 26 228.16 26.8 15 0 2.7 NA NA 32.64
1980179 1980 06 27 259.26 23.9 13.4 0 1.1 NA NA 31.1
1980180 1980 06 28 298.61 25.2 14.6 0 1.63 NA NA 26.89
1980181 1980 06 29 106.46 20.1 15.81 9.16 3.51 NA NA 59.76
1980182 1980 06 30 84.38 19.1 15.93 7.37 4.7 NA NA 76.57
1980183 1980 07 01 85.02 19.09 16.2 11.3 4.56 NA NA 85.13
1980184 1980 07 02 126.02 20.89 16.52 7.3 3.6 NA NA 72.7
1980185 1980 07 03 89.29 20.49 15.61 2 2.5 NA NA 76.51
1980186 1980 07 04 207.18 27.1 14.6 0 1.69 NA NA 40.6
1980187 1980 07 05 222.22 27.61 17.7 0 0.8 NA NA 50.38
1980188 1980 07 06 285.88 29.65 18.9 0 0.9 NA NA 45.61
1980189 1980 07 07 282.41 30.28 19.24 0 1.5 NA NA 43.03
1980190 1980 07 08 292.87 28 17.9 0 1.5 NA NA 29.98
1980191 1980 07 09 291.71 28.13 17.9 0 1 NA NA 29.1
1980192 1980 07 10 240.36 27.9 18.19 0 2 NA NA 42.07
1980193 1980 07 11 207.18 26.1 17.3 0 2.2 NA NA 51
1980194 1980 07 12 192.12 25.56 17.9 0 1.6 NA NA 53.81
1980195 1980 07 13 256.94 28.5 18.1 0 2 NA NA 46.48
1980196 1980 07 14 252.66 26.5 14.61 0 4.7 NA NA 28.8
1980197 1980 07 15 311.34 24.5 12.6 0 3.5 NA NA 26.22
1980198 1980 07 16 211.81 23.3 12.71 1.08 3.2 NA NA 41.18
1980199 1980 07 17 272.13 29.11 16.52 0 1.5 NA NA 33.27
1980200 1980 07 18 246.09 29 17 1.1 1.1 NA NA 36.89
1980201 1980 07 19 99.54 20.6 16.3 5.86 2.8 NA NA 72.11
1980202 1980 07 20 210.65 27.43 17.1 0 1.6 NA NA 47.9
1980203 1980 07 21 253.47 28 17.53 0 2.7 NA NA 45.21
1980204 1980 07 22 277.78 28.1 16.5 0 2.5 NA NA 33.07
1980205 1980 07 23 261.3 28.7 17.1 0 2.5 NA NA 31.18
1980206 1980 07 24 194.28 27.26 17.38 0 2.3 NA NA 32.44
1980207 1980 07 25 273.15 28.7 16.9 0 2.1 NA NA 32.02
1980208 1980 07 26 232.13 27.7 17.63 0 1.1 NA NA 36.1
1980209 1980 07 27 251.21 29.39 19.01 0 1.3 NA NA 34.7
1980210 1980 07 28 268.52 29.1 18.88 0 0.7 NA NA 39.27
1980211 1980 07 29 268.52 30.12 20 0 1.4 NA NA 33.83
1980212 1980 07 30 261.57 30.2 19.1 0 1.4 NA NA 31.26
1980213 1980 07 31 229.17 28.4 18.4 0 1.1 NA NA 36.85
1980214 1980 08 01 268.52 29.2 19.53 0 1.2 NA NA 30.36
1980215 1980 08 02 268.29 29.3 17.5 0 2.4 NA NA 31.74
1980216 1980 08 03 268.73 27.9 16.3 0 2.8 NA NA 30.68
1980217 1980 08 04 273.15 25.08 13.9 0 2.8 NA NA 28.16
1980218 1980 08 05 270.84 23.8 13.5 0 2 NA NA 24.66
1980219 1980 08 06 242.48 26.5 11.83 0 2.9 NA NA 22.46
1980220 1980 08 07 266.2 27.4 13.99 0 2.3 NA NA 23.9
1980221 1980 08 08 157.41 22.64 15.55 2.7 3.4 NA NA 45.6
1980222 1980 08 09 162.04 25.5 15.5 0 2.2 NA NA 32.4
1980223 1980 08 10 94.78 20 14 7.36 1.65 NA NA 72.85
1980224 1980 08 11 134.94 22.5 14.1 8.2 0.6 NA NA 55.2
1980225 1980 08 12 237.27 26 14.5 0 2.9 NA NA 27.7
1980226 1980 08 13 246.53 27.9 14.6 0 2.1 NA NA 27.2
1980227 1980 08 14 192.1 26.7 14.96 0 0.82 NA NA 34.63
1980228 1980 08 15 230.32 28.82 16.9 0 2.4 NA NA 31.21
1980229 1980 08 16 239.58 29.93 16.6 0 2.97 NA NA 28.2
1980230 1980 08 17 244.26 26.5 14.5 0 3.1 NA NA 28.87
1980231 1980 08 18 186.34 23.6 12.5 0 3.3 NA NA 25.6
1980232 1980 08 19 248.84 25.7 10.41 0 2.8 NA NA 22.62
1980233 1980 08 20 179.03 26 13 0 4.48 NA NA 25.54
1980234 1980 08 21 116.19 21.3 13.8 11 1.5 NA NA 47.2
1980235 1980 08 22 210.65 26.55 14.8 0 1.4 NA NA 26
1980236 1980 08 23 233.8 28.6 15.7 0 1.5 NA NA 25.3
1980237 1980 08 24 234.25 30.5 16.8 0 2.5 NA NA 28.71
1980238 1980 08 25 231.48 30.6 17.52 0 2.5 NA NA 29.1
1980239 1980 08 26 183.22 25.9 14.6 1.1 2.1 NA NA 27.85
1980240 1980 08 27 231.48 26.3 13.9 0 0.83 NA NA 23.5
1980241 1980 08 28 231.48 27.2 14.1 0 2.6 NA NA 21.2
1980242 1980 08 29 228.01 28.01 13 0 1.4 NA NA 24.53
1980243 1980 08 30 215.28 29.8 17.1 0 2.7 NA NA 26
1980244 1980 08 31 72.23 18.42 11.5 8.1 2.2 NA NA 65.44
1980245 1980 09 01 225.69 23.1 9.79 0 2.7 NA NA 25.5
1980246 1980 09 02 185.19 28.2 14.2 0 5.52 NA NA 25.76
1980247 1980 09 03 57.87 18.2 12.1 12.47 3.3 NA NA 63.6
1980248 1980 09 04 157.41 21.8 11.81 0 1.1 NA NA 42.74
1980249 1980 09 05 172.96 22.1 10.1 0 0.59 NA NA 30.09
1980250 1980 09 06 157.02 22.03 10.9 0 1.3 NA NA 30.7
1980251 1980 09 07 84.49 16.9 10.3 0 2.8 NA NA 39.18
1980252 1980 09 08 78.83 15.9 8.3 0 1.6 NA NA 40.56
1980253 1980 09 09 99.54 17.18 7.7 7.87 3.6 NA NA 41.99
1980254 1980 09 10 197.92 18.9 6.7 0 3 NA NA 30.2
1980255 1980 09 11 106.48 17.26 5.71 4.27 2.7 NA NA 39.4
1980256 1980 09 12 78.7 16.09 8 0 2.8 NA NA 52.03
1980257 1980 09 13 135.42 18.8 7.6 0 4.1 NA NA 32.5
1980258 1980 09 14 146.99 18.28 8.55 0 3.1 NA NA 35.34
1980259 1980 09 15 84.49 15.59 8.2 0 1.9 NA NA 50.8
1980260 1980 09 16 194.08 23.21 8.4 0 2.3 NA NA 29.86
1980261 1980 09 17 129.08 19.9 9.89 0 2.6 NA NA 43
1980262 1980 09 18 195.6 20.6 7.7 0 3.3 NA NA 24.5
1980263 1980 09 19 195.6 19.9 5.7 0 3.6 NA NA 21.16
1980264 1980 09 20 183.41 21.6 6.78 0 3.52 NA NA 22.6
1980265 1980 09 21 184.05 22.19 7.5 0 2.63 NA NA 28.7
1980266 1980 09 22 178.65 23.2 9 0 1.9 NA NA 30.93
1980267 1980 09 23 165.51 23.2 10.36 0 2.2 NA NA 31.9
1980268 1980 09 24 137.73 22.02 10.31 0 1.8 NA NA 33.91
1980269 1980 09 25 172.45 24.2 11.3 0 2.3 NA NA 31.88
1980270 1980 09 26 98.38 22.65 11.1 3.65 2.6 NA NA 42.29
1980271 1980 09 27 98.14 22.6 12.07 0 3.5 NA NA 36.48
1980272 1980 09 28 61.34 15.58 11.4 0 2.5 NA NA 59.06
1980273 1980 09 29 41.67 14.3 10.09 2.75 2.2 NA NA 68.67
1980274 1980 09 30 165.51 17.8 7 0 3 NA NA 34.08
1980275 1980 10 01 32.41 12.19 7 16.64 3.6 NA NA 80.3
1980276 1980 10 02 54.4 9.39 5.6 0 2.9 NA NA 61.69
1980277 1980 10 03 160.08 15 5.54 2.5 3.4 NA NA 31.7
1980278 1980 10 04 83.27 14.2 5.51 0 2.9 NA NA 47.4
1980279 1980 10 05 121.53 11.5 2.8 0 3.2 NA NA 34.55
1980280 1980 10 06 113.43 8.3 0.2 0 2.1 NA NA 32.4
1980281 1980 10 07 146.99 7.55 -0.6 0 2.7 NA NA 34.53
1980282 1980 10 08 72.92 4.77 -0.5 0 2.23 NA NA 45.46
1980283 1980 10 09 32.38 12.51 -0.87 16.33 6.53 NA NA 50.22
1980284 1980 10 10 38.75 13.6 5 13.8 3.7 NA NA 67.52
1980285 1980 10 11 85.26 9 2 0 2.5 NA NA 51.9
1980286 1980 10 12 105.34 11.7 0.83 0 1.8 NA NA 45.4
1980287 1980 10 13 69.44 9.7 2.49 0 1.8 NA NA 51.29
1980288 1980 10 14 86.81 12.5 4.6 0 2.8 NA NA 44.05
1980289 1980 10 15 59.03 10.2 3.2 0 3.1 NA NA 56.17
1980290 1980 10 16 85.65 12.71 1.22 0 3.1 NA NA 46.7
1980291 1980 10 17 114.58 15.7 6.62 0 2.9 NA NA 45.47
1980292 1980 10 18 54.4 11.5 4.8 0 5.4 NA NA 45.88
1980293 1980 10 19 125 10.2 3.8 0 5.4 NA NA 35.08
1980294 1980 10 20 31.25 4.99 2.1 2.5 3.9 NA NA 78.77
1980295 1980 10 21 41.54 6.88 0.7 2.2 2.9 NA NA 64.98
1980296 1980 10 22 67.13 6.2 -0.11 0 3.1 NA NA 60.8
1980297 1980 10 23 21.99 4.38 -0.5 6.97 2.8 NA NA 80.9
1980298 1980 10 24 42.82 5.3 0.78 1.83 2.7 NA NA 74.04
1980299 1980 10 25 23.44 6.77 3.6 12.39 4.1 NA NA 86.7
1980300 1980 10 26 21.99 6.4 2.9 5.32 2.7 NA NA 80.9
1980301 1980 10 27 31.25 5.7 2.9 0 1.9 NA NA 89.26
1980302 1980 10 28 47.45 7.7 3.1 0 2.6 NA NA 61.69
1980303 1980 10 29 27.25 11.2 3.9 6.6 5.2 NA NA 59.09
1980304 1980 10 30 35.88 13.6 9.89 0 4.8 NA NA 86.31
1980305 1980 10 31 90.28 13.25 4 0 2.9 NA NA 51.92
1980306 1980 11 01 45.14 7.1 1.07 0 3.03 NA NA 47.9
1980307 1980 11 02 26.62 8.2 1.1 6.6 4.5 NA NA 63.64
1980308 1980 11 03 42.82 10.6 6.37 0 2.7 NA NA 81.42
1980309 1980 11 04 23.15 8.2 6.21 0 1.8 NA NA 91.63
1980310 1980 11 05 58.04 10.9 4.86 0 2.1 NA NA 67.71
1980311 1980 11 06 21.99 11.14 8.23 0 4.7 NA NA 89.62
1980312 1980 11 07 42.82 14.01 8.87 0 4.9 NA NA 76.5
1980313 1980 11 08 55.56 14.13 8.73 1.79 3.6 NA NA 67.28
1980314 1980 11 09 10.41 11.5 7.6 5.87 3.6 NA NA 87.41
1980315 1980 11 10 65.97 16.13 7.34 1.2 2.5 NA NA 56.78
1980316 1980 11 11 16.2 12.5 7.4 5.86 3.8 NA NA 85.37
1980317 1980 11 12 42.82 12 3.92 2.5 3.3 NA NA 54.27
1980318 1980 11 13 16.2 6.8 3.8 3 1.8 NA NA 86.98
1980319 1980 11 14 19.68 10.9 5.6 5.05 2.6 NA NA 80.71
1980320 1980 11 15 59.03 13.26 2.3 0 3 NA NA 54.7
1980321 1980 11 16 68.48 8.08 0.91 0 1.93 NA NA 34.5
1980322 1980 11 17 27.78 6.6 1.8 0 3.2 NA NA 61.87
1980323 1980 11 18 38.19 7.9 5.3 0 3.7 NA NA 66.1
1980324 1980 11 19 47.45 8.5 4.67 0 4.7 NA NA 35.49
1980325 1980 11 20 49.77 8.77 4.7 5.6 4.5 NA NA 54.86
1980326 1980 11 21 35.88 8 2.71 0 2.2 NA NA 70.23
1980327 1980 11 22 24.31 7.21 1.2 4.33 1.9 NA NA 62.2
1980328 1980 11 23 19.68 7.27 5.7 1.42 1.76 NA NA 91.3
1980329 1980 11 24 26.62 6.5 1.09 0 1.5 NA NA 65.09
1980330 1980 11 25 20.83 2.8 0.28 0 1.6 NA NA 82.71
1980331 1980 11 26 43.98 1.4 -2.2 0 1.7 NA NA 67.71
1980332 1980 11 27 30.99 6.53 -1.48 3.08 4.5 NA NA 73.55
1980333 1980 11 28 15.05 6 4.78 7.01 1.1 NA NA 91.64
1980334 1980 11 29 25.46 7.6 4.74 0 1.9 NA NA 84.22
1980335 1980 11 30 19.68 5.1 4.42 0 2.5 NA NA 84.11
1980336 1980 12 01 17.36 4.38 2.31 0 2.5 NA NA 74.34
1980337 1980 12 02 31.25 3.1 -0.38 0 2.5 NA NA 44.24
1980338 1980 12 03 62.5 2.8 -1.45 0 2.5 NA NA 30.66
1980339 1980 12 04 46.3 2.45 -2.06 0 1.8 NA NA 57.9
1980340 1980 12 05 54.4 1 -2.73 0 0.95 NA NA 51.22
1980341 1980 12 06 52.08 0.4 -3.68 0 1.7 NA NA 61.39
1980342 1980 12 07 61.3 -0.9 -4.6 0 1.9 NA NA 33.88
1980343 1980 12 08 53.24 -0.3 -4.4 0 3.4 NA NA 58.22
1980344 1980 12 09 21.99 1.3 -2 0 1.3 NA NA 68.83
1980345 1980 12 10 39.35 2.35 -0.18 0 1.4 NA NA 58.69
1980346 1980 12 11 25.46 3 0.04 0 1.28 NA NA 71.54
1980347 1980 12 12 32.41 3.6 0.9 0 1.4 NA NA 74.11
1980348 1980 12 13 43.17 4.1 1.5 0 2.4 NA NA 73.13
1980349 1980 12 14 19.68 3.5 1.68 0 2.6 NA NA 83.7
1980350 1980 12 15 12.36 6.42 2.3 3.2 3.9 NA NA 73.92
1980351 1980 12 16 46.3 6 2.3 0 3.6 NA NA 74.1
1980352 1980 12 17 14.84 7.91 0.9 2.2 4.6 NA NA 63.27
1980353 1980 12 18 41.67 5.99 0.8 0 2.5 NA NA 68.97
1980354 1980 12 19 24.31 6.37 3.04 0 3.2 NA NA 78.01
1980355 1980 12 20 19.68 6.4 2.61 0 3.7 NA NA 79.33
1980356 1980 12 21 31.25 4.9 -0.1 0 0.9 NA NA 49.44
1980357 1980 12 22 31.25 1.9 -2.8 0 2 NA NA 66.05
1980358 1980 12 23 37.04 -0.72 -3.9 0 2.2 NA NA 75.03
1980359 1980 12 24 43.98 -1.83 -7.6 0 2.1 NA NA 31.3
1980360 1980 12 25 24.31 0.51 -7.18 5.5 4 NA NA 51.59
1980361 1980 12 26 9.26 2.21 -1.2 11.45 1.4 NA NA 84.5
1980362 1980 12 27 13.89 2.1 -1.8 1.2 1.1 NA NA 82.3
1980363 1980 12 28 25.46 -0.26 -6.38 2.94 2.58 NA NA 70.08
1980364 1980 12 29 20.83 -4.5 -12.4 6.6 5.63 NA NA 43.76
1980365 1980 12 30 37.04 -7.7 -12.2 3.53 5.2 NA NA 65.31
1980366 1980 12 31 21.99 2.3 -9.19 4.6 4.1 NA NA 62.93
1981001 1981 01 01 55.56 1.8 -10.68 0 4.4 NA NA 49.4
1981002 1981 01 02 46.3 2.3 -1.8 7.29 4.4 NA NA 82.5
1981003 1981 01 03 28.62 1.9 -3.51 0 3.5 NA NA 84.89
1981004 1981 01 04 34.72 1.89 -1.31 0 3.4 NA NA 81.54
1981005 1981 01 05 41.67 0.7 -10.92 0 1.3 NA NA 49.03
1981006 1981 01 06 24.31 -4.66 -14.7 2.79 1.2 NA NA 62.63
1981007 1981 01 07 47.45 -5.3 -15.65 0 3 NA NA 44.36
1981008 1981 01 08 54.4 -13.49 -19.6 0 3.1 NA NA 77.01
1981009 1981 01 09 37.04 -3.4 -19.8 0 0.7 NA NA 10.47
1981010 1981 01 10 49.77 1.68 -4.8 0 2.7 NA NA 75.3
1981011 1981 01 11 46.49 1.5 -7 0 1.5 NA NA 69.03
1981012 1981 01 12 62.5 1.2 -7.9 0 2 NA NA 50.74
1981013 1981 01 13 58.43 2.5 -5.39 0 2.4 NA NA 55.4
1981014 1981 01 14 74.11 2.2 -7.1 0 2.1 NA NA 52.91
1981015 1981 01 15 43.98 1.76 -5.6 0 3 NA NA 73.5
1981016 1981 01 16 35.88 2.4 -6.78 0 2.7 NA NA 72.94
1981017 1981 01 17 34.89 2.5 0.83 0 2.7 NA NA 87.94
1981018 1981 01 18 39.35 2.3 0.3 0 2 NA NA 88.44
1981019 1981 01 19 37.04 2.6 0.4 0 5.1 NA NA 84.1
1981020 1981 01 20 35.88 2.32 -4.8 0 7.6 NA NA 71.41
1981021 1981 01 21 61.34 -3.13 -7.55 0 4.6 NA NA 72.12
1981022 1981 01 22 53.24 0.1 -7.28 0 1.8 NA NA 62.32
1981023 1981 01 23 55.56 1.82 -4.4 0 4.1 NA NA 79.81
1981024 1981 01 24 40.51 2.3 0.3 0 4.23 NA NA 85.04
1981025 1981 01 25 25.46 2.4 0.6 0 4.2 NA NA 83.4
1981026 1981 01 26 54.4 4 0.8 0 5.4 NA NA 62.06
1981027 1981 01 27 34.72 3.2 0.7 1.9 2.5 NA NA 81.61
1981028 1981 01 28 61.14 3.3 -1.1 0 6 NA NA 60.27
1981029 1981 01 29 72.92 0.1 -4.2 0 5.7 NA NA 61.3
1981030 1981 01 30 75.23 -2.79 -9.7 0 5.9 NA NA 46.17
1981031 1981 01 31 79.86 -6.62 -10.9 0 5.33 NA NA 54.18
1981032 1981 02 01 86.81 -6.83 -10.89 0 4.7 NA NA 55.47
1981033 1981 02 02 93.82 -6.41 -12.12 0 1.49 NA NA 53.05
1981034 1981 02 03 79.86 0.9 -8.18 2.9 6.6 NA NA 55.3
1981035 1981 02 04 40.51 1.3 -3.43 5.5 4 NA NA 78.56
1981036 1981 02 05 86.81 0.7 -8.34 0 4.5 NA NA 58.23
1981037 1981 02 06 71.77 0.92 -7.5 0 2.5 NA NA 65.5
1981038 1981 02 07 71.76 2.2 -5.9 0 2.79 NA NA 72.7
1981039 1981 02 08 39.35 2.7 -0.1 2.4 4.2 NA NA 83.63
1981040 1981 02 09 56.71 3.5 -1.5 1.7 5.5 NA NA 62.89
1981041 1981 02 10 91.44 2.1 -2.8 0 3.41 NA NA 65.41
1981042 1981 02 11 53.18 1.1 -1.87 0 3.8 NA NA 81.71
1981043 1981 02 12 107.58 3.4 -1.69 0 3.5 NA NA 49.36
1981044 1981 02 13 40.51 2.9 -1.3 2.5 5.5 NA NA 69.05
1981045 1981 02 14 107.05 8.58 1.1 0 4.5 NA NA 46.98
1981046 1981 02 15 38.19 3 0.8 3.2 1.03 NA NA 82.6
1981047 1981 02 16 40.51 2.6 0 4.56 2.2 NA NA 82.91
1981048 1981 02 17 41.67 5.76 0.1 1.2 3 NA NA 68.95
1981049 1981 02 18 89.12 9.83 2.52 0 3.8 NA NA 54.12
1981050 1981 02 19 78.7 10.09 1.93 0 2.8 NA NA 58.72
1981051 1981 02 20 93.26 3 -4.3 0 4 NA NA 46.8
1981052 1981 02 21 62.93 -0.9 -4.46 2.5 3.7 NA NA 68.93
1981053 1981 02 22 117.04 0.3 -3.97 0 3.5 NA NA 73.44
1981054 1981 02 23 62.5 -0.63 -4.12 0 4 NA NA 68.92
1981055 1981 02 24 97.22 -1.2 -5.24 0 1.9 NA NA 63.81
1981056 1981 02 25 111.11 -1.67 -6.09 0 3.3 NA NA 66.26
1981057 1981 02 26 87.31 -1.8 -6.19 0 2.5 NA NA 70.2
1981058 1981 02 27 82.18 0.1 -5.9 0 3.2 NA NA 70.05
1981059 1981 02 28 112.95 3.4 -1.6 0 5.4 NA NA 60.78
1981060 1981 03 01 113.43 1.8 -2.9 0 4.9 NA NA 57.91
1981061 1981 03 02 120.48 3 -3.8 0 3.3 NA NA 57.43
1981062 1981 03 03 69.44 3 -1.7 0 3.1 NA NA 74.24
1981063 1981 03 04 62.5 2.3 -2.19 1.2 3.12 NA NA 76.5
1981064 1981 03 05 116.9 2.25 -3.4 0 2.4 NA NA 53.9
1981065 1981 03 06 87.7 0.45 -4.12 0 3.77 NA NA 55.44
1981066 1981 03 07 124.45 3.7 -2.5 0 4.1 NA NA 50.88
1981067 1981 03 08 168.99 2.4 -4.2 0 2.5 NA NA 45.3
1981068 1981 03 09 59.03 3.45 -3.31 1.54 3.3 NA NA 63.35
1981069 1981 03 10 135.42 8.6 0.45 0 1.4 NA NA 51.17
1981070 1981 03 11 139.58 10.6 -0.1 0 2.5 NA NA 42.77
1981071 1981 03 12 96.06 10.7 1.97 0 3.9 NA NA 46.1
1981072 1981 03 13 103.01 11.81 2.1 6.06 4.4 NA NA 43.28
1981073 1981 03 14 157.41 7.66 0.19 0 4.1 NA NA 46.8
1981074 1981 03 15 151.9 10.1 -1.1 0 3.4 NA NA 35.99
1981075 1981 03 16 106.48 7 -0.25 0 3 NA NA 46.42
1981076 1981 03 17 29.89 3.9 -1.2 6.9 6.91 NA NA 68.9
1981077 1981 03 18 70.6 2.3 -1.5 0 6.07 NA NA 62.89
1981078 1981 03 19 184.03 3.9 -2.8 0 4.4 NA NA 44.78
1981079 1981 03 20 188.72 3.6 -3.8 0 2.96 NA NA 45.23
1981080 1981 03 21 153.94 4.4 -3.5 0 3.65 NA NA 44.33
1981081 1981 03 22 104.17 5.1 -1.6 0 3.6 NA NA 59.91
1981082 1981 03 23 42.31 2.6 0.1 5.6 3.6 NA NA 78.22
1981083 1981 03 24 128.84 3.9 -1.72 0 6.5 NA NA 49.24
1981084 1981 03 25 168.98 4 -1.85 0 4.9 NA NA 50.74
1981085 1981 03 26 89.3 2.14 -2.11 0 6.6 NA NA 66.27
1981086 1981 03 27 182.87 5.76 -2.2 0 3.6 NA NA 46.97
1981087 1981 03 28 175.41 6.2 -1.7 0 5.1 NA NA 47.3
1981088 1981 03 29 174.38 12.1 -0.5 0 5.2 NA NA 40.26
1981089 1981 03 30 97.22 9.4 4.8 1.11 3.8 NA NA 57.42
1981090 1981 03 31 114.58 13.98 6.17 0 4.4 NA NA 49.48
1981091 1981 04 01 199.21 16.64 4.35 0 3.5 NA NA 43.08
1981092 1981 04 02 197.92 14 2.3 0 5.7 NA NA 34.98
1981093 1981 04 03 136.95 5.83 0.35 0 5.7 NA NA 39.3
1981094 1981 04 04 107.57 9.7 0.52 0 4.7 NA NA 47.1
1981095 1981 04 05 188.04 11.33 2.04 0 4.9 NA NA 38.77
1981096 1981 04 06 186.88 11.19 1.6 0 3.5 NA NA 40.53
1981097 1981 04 07 112.27 12.6 3.4 0 2.9 NA NA 47.69
1981098 1981 04 08 134.69 9.7 2.45 0 2.7 NA NA 48.52
1981099 1981 04 09 123.57 12.68 1.9 0 1.6 NA NA 45.3
1981100 1981 04 10 216.44 16 3.5 0 1.7 NA NA 40.78
1981101 1981 04 11 211.81 15.8 3.33 0 2 NA NA 42.5
1981102 1981 04 12 121.53 13.8 4.4 0 2.6 NA NA 40.5
1981103 1981 04 13 85.52 8.49 2.35 1.6 1 NA NA 62.31
1981104 1981 04 14 214.12 18.65 2.18 0 4.5 NA NA 35.98
1981105 1981 04 15 42.19 8.89 4.7 11.04 4.11 NA NA 78.15
1981106 1981 04 16 234.18 15.95 2.9 0 1.7 NA NA 37.28
1981107 1981 04 17 173.3 18.48 5.1 0 3.5 NA NA 35.8
1981108 1981 04 18 231.48 19.91 6.2 0 3 NA NA 36.94
1981109 1981 04 19 230.4 20.25 6.9 0 3.6 NA NA 36.8
1981110 1981 04 20 145.33 13.7 6.8 0 3.4 NA NA 44.57
1981111 1981 04 21 151.62 18.3 5.11 0 3.6 NA NA 33.64
1981112 1981 04 22 115.68 18.5 8.9 0 4.1 NA NA 39.25
1981113 1981 04 23 71.76 12.45 8.4 8.24 3.7 NA NA 59.84
1981114 1981 04 24 93.75 10.5 5.48 0 0.9 NA NA 68.26
1981115 1981 04 25 248.12 20 5.22 0 2.2 NA NA 39.03
1981116 1981 04 26 273.15 20.53 6.6 0 2.6 NA NA 34.93
1981117 1981 04 27 270.8 21.21 8 0 3.4 NA NA 36.58
1981118 1981 04 28 134.85 17.3 9.7 0 2.9 NA NA 49.63
1981119 1981 04 29 142.35 16.7 8.8 0 2.8 NA NA 43.4
1981120 1981 04 30 203.73 22.8 10.4 0 4 NA NA 29.01
1981121 1981 05 01 273.4 23.4 10.9 0 3.6 NA NA 31.29
1981122 1981 05 02 284.72 23.2 10.3 0 2.3 NA NA 31.46
1981123 1981 05 03 279.59 23.3 11.81 0 0.8 NA NA 32.43
1981124 1981 05 04 240.74 23.3 11.3 0 1.8 NA NA 39.9
1981125 1981 05 05 192.13 19.51 9.4 3 2.58 NA NA 47.3
1981126 1981 05 06 130.55 15.8 8.7 2.28 1.8 NA NA 58.87
1981127 1981 05 07 187.36 20.71 10.87 0 1.82 NA NA 51.62
1981128 1981 05 08 230.25 21.58 10.3 1.32 3.2 NA NA 43.86
1981129 1981 05 09 204.86 20.33 10.1 0 1.9 NA NA 39.24
1981130 1981 05 10 305.56 22 8.58 0 1.5 NA NA 30.1
1981131 1981 05 11 293.01 22.73 9.3 0 1.1 NA NA 31.08
1981132 1981 05 12 253.41 21.1 8.23 0 2.6 NA NA 38.93
1981133 1981 05 13 307.87 18.83 6.9 0 1.6 NA NA 19.91
1981134 1981 05 14 289.35 19.68 6.48 0 1 NA NA 22
1981135 1981 05 15 259.26 19.29 7 0 0.5 NA NA 24.5
1981136 1981 05 16 311.34 23.37 8.5 0 1.7 NA NA 30.1
1981137 1981 05 17 290.66 24.3 10.82 0 3.6 NA NA 35.78
1981138 1981 05 18 266.2 24.1 11.3 0 2.4 NA NA 42.46
1981139 1981 05 19 274.53 25.71 12.62 0 2.1 NA NA 42.02
1981140 1981 05 20 281.4 27.5 13.9 0 1.5 NA NA 33.89
1981141 1981 05 21 214.87 26.9 15.5 0 1.7 NA NA 38.21
1981142 1981 05 22 233.8 24.6 14.8 0 1.12 NA NA 51.5
1981143 1981 05 23 277.78 24.23 14.46 0 1.8 NA NA 50.76
1981144 1981 05 24 286.13 24.98 14.3 0 2.2 NA NA 46.13
1981145 1981 05 25 252.31 25.4 14.3 0 2 NA NA 50.42
1981146 1981 05 26 259.5 27.45 13.68 10.17 2.7 NA NA 39.4
1981147 1981 05 27 310.19 26.72 14 0 2.7 NA NA 24.67
1981148 1981 05 28 275.46 24.6 14 0 0.9 NA NA 43.36
1981149 1981 05 29 328.7 24.7 14.19 0 2 NA NA 30.6
1981150 1981 05 30 329.14 26.02 14.4 0 0.9 NA NA 24.75
1981151 1981 05 31 335.69 27 15.9 0 0.6 NA NA 25.89
1981152 1981 06 01 301.09 30 17.4 0 1.2 NA NA 26.7
1981153 1981 06 02 210.65 24.7 17.5 0 2.05 NA NA 57.22
1981154 1981 06 03 232.64 28.31 17.2 0 2.3 NA NA 51.5
1981155 1981 06 04 205.06 24.2 15.91 0 3.29 NA NA 51.5
1981156 1981 06 05 246.4 25.51 14.5 0 3.5 NA NA 36.4
1981157 1981 06 06 280.25 27.1 14.8 0 3.7 NA NA 29.9
1981158 1981 06 07 297.03 26.2 14.3 0 2.9 NA NA 25.9
1981159 1981 06 08 317.21 25.83 13.8 0 1.7 NA NA 29.68
1981160 1981 06 09 239.58 27.1 14.67 0 2.1 NA NA 40.7
1981161 1981 06 10 304.66 27.5 16.2 0 1.2 NA NA 35.31
1981162 1981 06 11 258.38 28 18.2 0 0.67 NA NA 29.18
1981163 1981 06 12 298.71 29.66 16.4 0 2.8 NA NA 29.9
1981164 1981 06 13 241.9 26.31 14.9 0 1.9 NA NA 36.21
1981165 1981 06 14 254.63 28.03 15.1 2.73 2.2 NA NA 31.74
1981166 1981 06 15 318.71 26.3 14.4 0 1.7 NA NA 22.27
1981167 1981 06 16 305.56 26.2 16.2 0 0.5 NA NA 21.78
1981168 1981 06 17 305.56 31.25 16.92 0 1.99 NA NA 22.6
1981169 1981 06 18 275.46 33.06 17.4 0 2.8 NA NA 29.9
1981170 1981 06 19 270.83 31.57 17.9 0 2.7 NA NA 36.25
1981171 1981 06 20 296.3 32.11 17.6 0 1.8 NA NA 24.89
1981172 1981 06 21 289.35 32.1 17.7 0 2.6 NA NA 21.4
1981173 1981 06 22 240.74 29.84 17.2 0 1.9 NA NA 22.79
1981174 1981 06 23 287.04 33 18.92 0 1.1 NA NA 21.01
1981175 1981 06 24 279.58 33.42 20.88 0 0.76 NA NA 22.8
1981176 1981 06 25 205.35 35.63 17.7 0 1.3 NA NA 20.7
1981177 1981 06 26 299.77 29 17 0 2.82 NA NA 23.71
1981178 1981 06 27 291.67 28 16.1 0 1.2 NA NA 19.35
1981179 1981 06 28 234.95 27.6 17.62 0 1.4 NA NA 19.72
1981180 1981 06 29 262.85 32.3 16.94 4.61 3 NA NA 18.49
1981181 1981 06 30 267.46 35.5 17.91 0 4.1 NA NA 25
1981182 1981 07 01 72.9 20.5 17.21 6.51 3.4 NA NA 77.81
1981183 1981 07 02 70.76 19.7 17 9.84 3.4 NA NA 86.41
1981184 1981 07 03 153.89 25.6 17 1.9 2.5 NA NA 57.08
1981185 1981 07 04 172.76 28.01 18.8 2 3.4 NA NA 50.89
1981186 1981 07 05 234.95 33.8 18.8 0 4 NA NA 25.89
1981187 1981 07 06 261.57 30.83 17.9 0 3.37 NA NA 24.69
1981188 1981 07 07 265.38 31.7 17.7 0 2.8 NA NA 23.77
1981189 1981 07 08 281.78 30.4 16.93 0 1.3 NA NA 27.6
1981190 1981 07 09 193.03 28 18 1.1 1.2 NA NA 45.6
1981191 1981 07 10 250.17 33.09 18.71 0 1.3 NA NA 27.05
1981192 1981 07 11 271.99 33.9 17.86 0 1.4 NA NA 22.09
1981193 1981 07 12 264.07 29.3 16.8 0 4.1 NA NA 32.27
1981194 1981 07 13 306.71 30.4 16.3 0 3.5 NA NA 19.75
1981195 1981 07 14 271.99 30.2 16.3 0 2.9 NA NA 24.3
1981196 1981 07 15 289.35 28.3 16 0 4.1 NA NA 23.16
1981197 1981 07 16 252.25 28.4 14.3 0 2.2 NA NA 21.13
1981198 1981 07 17 228.01 27.3 15.63 0 1.9 NA NA 28.14
1981199 1981 07 18 232.64 30.1 17 0 2.1 NA NA 25.79
1981200 1981 07 19 189.81 31.21 17.81 0 3.3 NA NA 28.4
1981201 1981 07 20 228.01 33.8 16.2 1.2 3.7 NA NA 24.29
1981202 1981 07 21 158.56 22.88 14.8 0 4 NA NA 41
1981203 1981 07 22 259.36 28.1 14.2 0 3.02 NA NA 25.2
1981204 1981 07 23 224.1 30.7 14.5 0 3.2 NA NA 22.85
1981205 1981 07 24 159.14 23.19 16.5 3.89 2.2 NA NA 57.72
1981206 1981 07 25 210.65 28.37 16.4 11.05 2.1 NA NA 41.82
1981207 1981 07 26 210.45 30.2 16.8 1.2 3.6 NA NA 29.1
1981208 1981 07 27 210.65 28 16.4 7.63 1.5 NA NA 33.59
1981209 1981 07 28 220.7 29.1 16 1.9 3.3 NA NA 33.13
1981210 1981 07 29 210.89 27.7 16.1 0 3.4 NA NA 33.92
1981211 1981 07 30 135.41 24.4 16 11.96 2.7 NA NA 50.68
1981212 1981 07 31 194.44 28.1 15.6 2.5 4.63 NA NA 31.59
1981213 1981 08 01 256.88 26.92 14.2 0 2.9 NA NA 25.9
1981214 1981 08 02 211.71 30.73 16.4 0 1.87 NA NA 27.7
1981215 1981 08 03 196.96 27.2 14.77 0 3.5 NA NA 38.12
1981216 1981 08 04 261.77 27.9 13.48 0 3.2 NA NA 23.75
1981217 1981 08 05 266.36 28.4 14.5 0 2.5 NA NA 25.3
1981218 1981 08 06 244.39 29.72 16.6 0 3.4 NA NA 29.17
1981219 1981 08 07 255.79 29.62 15.6 0 2.2 NA NA 25.3
1981220 1981 08 08 258.1 33.32 17.86 0 3.95 NA NA 25.83
1981221 1981 08 09 268.52 33.5 16.3 0 4.4 NA NA 16.18
1981222 1981 08 10 209.56 26.09 14.3 0 4.4 NA NA 25.14
1981223 1981 08 11 217.59 26.22 13 0 2.2 NA NA 25.77
1981224 1981 08 12 244.21 30.35 16.8 0 1.8 NA NA 25.07
1981225 1981 08 13 244.21 31.69 17.21 0 2.1 NA NA 22.99
1981226 1981 08 14 240.74 30.25 17.3 0 2.9 NA NA 28.58
1981227 1981 08 15 195.6 28.3 16.52 0 3.4 NA NA 33.56
1981228 1981 08 16 247.69 28.5 15.25 0 3.4 NA NA 23.72
1981229 1981 08 17 246.53 27.3 13.8 0 3 NA NA 23.3
1981230 1981 08 18 245.37 26.1 13.2 0 2.8 NA NA 23.9
1981231 1981 08 19 251.74 23.92 10.9 0 1.19 NA NA 20.83
1981232 1981 08 20 251.16 26 11.95 0 0.7 NA NA 14.3
1981233 1981 08 21 248.84 28.3 14.73 0 0.8 NA NA 14.08
1981234 1981 08 22 236.11 28.5 15.96 0 0.7 NA NA 14.12
1981235 1981 08 23 96.04 19.4 14.5 0 1.5 NA NA 50.15
1981236 1981 08 24 238.56 26.2 12.6 0 1.8 NA NA 25.04
1981237 1981 08 25 187.5 26.3 14.77 4.1 2.8 NA NA 25
1981238 1981 08 26 219.86 25.4 12.7 1 3.9 NA NA 26.4
1981239 1981 08 27 124.65 20.4 11.1 0 2.7 NA NA 31.48
1981240 1981 08 28 103.01 19.7 10.49 0 3.7 NA NA 37.06
1981241 1981 08 29 224.54 24.77 11.39 0 3.6 NA NA 24.7
1981242 1981 08 30 228.23 25.56 9.94 0 2.5 NA NA 23.85
1981243 1981 08 31 224.54 25.88 12.5 0 1.4 NA NA 23.54
1981244 1981 09 01 225.69 25.1 12 0 2.5 NA NA 26.4
1981245 1981 09 02 224.54 23.4 10.6 0 1.4 NA NA 25
1981246 1981 09 03 181.36 25.9 12 0 3.4 NA NA 24.69
1981247 1981 09 04 217.59 25.31 13.13 1.09 3 NA NA 26.39
1981248 1981 09 05 207.38 23.1 11.2 0 5 NA NA 31.27
1981249 1981 09 06 104.17 17.6 10 0 4.4 NA NA 43
1981250 1981 09 07 113.4 19.6 8.79 0 3.6 NA NA 33.71
1981251 1981 09 08 185.19 23.3 10.3 0 3.1 NA NA 30.03
1981252 1981 09 09 181.71 21.08 9.47 0 1.9 NA NA 27.81
1981253 1981 09 10 209.63 20.95 7.9 0 1.6 NA NA 24.7
1981254 1981 09 11 209.66 23 7.1 0 1.8 NA NA 17.9
1981255 1981 09 12 197.92 26.68 10.8 0 3.6 NA NA 20
1981256 1981 09 13 195.3 29 13.1 0 2.7 NA NA 24.43
1981257 1981 09 14 194.4 30.55 16.7 0 1.5 NA NA 26.18
1981258 1981 09 15 112.21 23.8 10.5 0 3.5 NA NA 30.5
1981259 1981 09 16 194.05 20.5 8.4 0 3.5 NA NA 28.6
1981260 1981 09 17 164.48 18.9 6.8 0 1.6 NA NA 28.6
1981261 1981 09 18 174.77 23.18 9.13 0 2.5 NA NA 26.33
1981262 1981 09 19 185.19 25.73 12.1 0 3.9 NA NA 26.7
1981263 1981 09 20 164.35 24.06 10.6 2.5 4 NA NA 32.61
1981264 1981 09 21 97.62 19.41 7.85 6.51 4.9 NA NA 37.32
1981265 1981 09 22 172.45 22.1 6.3 0 2.9 NA NA 25.73
1981266 1981 09 23 57.87 13.6 9.54 3.8 2.7 NA NA 67.43
1981267 1981 09 24 177.08 20.72 7.58 0 2.8 NA NA 29.71
1981268 1981 09 25 166.67 20.69 6.9 0 3.1 NA NA 27.3
1981269 1981 09 26 117.36 19.54 7.88 0 4 NA NA 31.32
1981270 1981 09 27 52.04 13.4 9.7 4.1 3.4 NA NA 72.33
1981271 1981 09 28 78.7 17.1 9.3 1.8 3 NA NA 51.8
1981272 1981 09 29 86.27 17.8 9.8 0 2.2 NA NA 42.89
1981273 1981 09 30 80.38 17.87 9.1 0 3 NA NA 46.81
1981274 1981 10 01 147.89 24.78 9.02 0 1.6 NA NA 27.12
1981275 1981 10 02 157.41 26.26 11.3 0 0.9 NA NA 23.7
1981276 1981 10 03 157.41 24.76 11.1 0 2.6 NA NA 26.91
1981277 1981 10 04 155.44 24.7 10.81 0 3.2 NA NA 28.51
1981278 1981 10 05 154.11 24.6 10.93 0 2.7 NA NA 25.9
1981279 1981 10 06 97.22 22.01 11 0 1.2 NA NA 24.46
1981280 1981 10 07 105.32 22.66 11.1 0 2 NA NA 30.5
1981281 1981 10 08 53.24 14.5 8.1 0 2.2 NA NA 41.65
1981282 1981 10 09 34.38 8.3 3.03 25.36 3.8 NA NA 57.04
1981283 1981 10 10 147.44 7.03 -0.78 0 5.2 NA NA 28.79
1981284 1981 10 11 146.99 6.2 -2.63 0 4.5 NA NA 26.1
1981285 1981 10 12 37.39 5.62 -2.62 4.37 6.4 NA NA 44.25
1981286 1981 10 13 26.62 5.66 4.9 5.19 4.6 NA NA 77.31
1981287 1981 10 14 47.45 6.07 -0.3 0 3.1 NA NA 53.29
1981288 1981 10 15 140.05 6.19 -2.8 0 2.1 NA NA 27.3
1981289 1981 10 16 82.18 9.9 -0.51 0 4 NA NA 28.77
1981290 1981 10 17 50.93 11.35 5.11 0 3.3 NA NA 62.12
1981291 1981 10 18 38.19 11.51 7.8 0 4.1 NA NA 59.7
1981292 1981 10 19 106.62 16.31 6.6 0 3.5 NA NA 35.05
1981293 1981 10 20 40.51 9.5 3.94 2.2 3.34 NA NA 62.93
1981294 1981 10 21 56.71 8.02 1.39 2.09 4 NA NA 52.92
1981295 1981 10 22 55.56 11.6 5.5 1.69 4.8 NA NA 54.76
1981296 1981 10 23 83.33 14.3 6.35 0 4.5 NA NA 32.9
1981297 1981 10 24 103.01 12.43 3.4 0 4.1 NA NA 36.91
1981298 1981 10 25 83.33 13.57 3 0 3.7 NA NA 33
1981299 1981 10 26 95.2 14.91 4.85 0 3.6 NA NA 27.95
1981300 1981 10 27 100.89 14.6 3.2 0 2.09 NA NA 25.84
1981301 1981 10 28 75.23 12.5 2.63 0 2.85 NA NA 36.57
1981302 1981 10 29 50.93 10.4 2.4 0 3.79 NA NA 39.37
1981303 1981 10 30 93.75 11.6 2 0 3 NA NA 36.39
1981304 1981 10 31 87.85 9.9 0.9 0 1.6 NA NA 45.64
1981305 1981 11 01 91.44 10.7 1.1 0 2.8 NA NA 41.85
1981306 1981 11 02 92.59 8 -0.9 0 1.1 NA NA 39.9
1981307 1981 11 03 90.28 8.2 -1.8 0 0.6 NA NA 32.2
1981308 1981 11 04 84.36 10.4 -0.14 0 2 NA NA 36.61
1981309 1981 11 05 52.08 10.15 1.7 0 1.8 NA NA 52.65
1981310 1981 11 06 43.98 8.5 2.8 0 2.7 NA NA 67.36
1981311 1981 11 07 24.31 4.8 2.2 1.6 1.2 NA NA 85.87
1981312 1981 11 08 50.93 8 2.5 0 2.2 NA NA 62.56
1981313 1981 11 09 21.99 4.8 2.3 2.2 1.6 NA NA 91.32
1981314 1981 11 10 42.09 6 0.28 0 2.4 NA NA 57.04
1981315 1981 11 11 76.39 6.12 -0.9 0 3.6 NA NA 35.96
1981316 1981 11 12 72.93 6.8 0.1 0 3.92 NA NA 35.57
1981317 1981 11 13 27.94 6 2.02 0 3 NA NA 44.94
1981318 1981 11 14 32.41 6.5 3.34 2 1.86 NA NA 44.28
1981319 1981 11 15 26.66 5.8 3.4 0 0.51 NA NA 87.1
1981320 1981 11 16 10.42 4.7 -0.9 0 2.7 NA NA 76.58
1981321 1981 11 17 69.44 1.68 -4.13 0 3.5 NA NA 48.86
1981322 1981 11 18 68.79 -2.3 -8.81 0 4.09 NA NA 35.62
1981323 1981 11 19 34.72 -6.75 -9.7 0 2.18 NA NA 27.34
1981324 1981 11 20 49.77 -5.69 -9.7 0 1.5 NA NA 27.2
1981325 1981 11 21 54.4 -4.64 -8.27 0 1.67 NA NA 45.64
1981326 1981 11 22 31.25 -4.22 -9.5 0 3 NA NA 70.61
1981327 1981 11 23 42.82 -5.32 -9.8 0 2.5 NA NA 84.63
1981328 1981 11 24 62.85 -2.91 -8.74 0 2.5 NA NA 71.32
1981329 1981 11 25 45.14 -2.47 -8.3 0 1.2 NA NA 67
1981330 1981 11 26 43.98 -5.12 -9.44 0 1.6 NA NA 83.4
1981331 1981 11 27 64.81 -3.38 -9.71 0 3.5 NA NA 66.28
1981332 1981 11 28 65.97 -4.25 -8.2 0 4.3 NA NA 73.64
1981333 1981 11 29 53.76 -4.97 -8.12 0 3 NA NA 74.8
1981334 1981 11 30 64.81 0.2 -7.42 0 4.99 NA NA 59.08
1981335 1981 12 01 21.99 2.3 -1.3 4.91 4.3 NA NA 80.2
1981336 1981 12 02 63.66 1.48 -4.1 0 0.9 NA NA 70.03
1981337 1981 12 03 55.56 0.1 -9 0 2.2 NA NA 67.46
1981338 1981 12 04 44.36 -2.02 -9.8 0 2.9 NA NA 68.08
1981339 1981 12 05 57.87 -0.99 -5.9 0 4.2 NA NA 61.92
1981340 1981 12 06 27.78 2.3 -3.34 0 3.1 NA NA 74.4
1981341 1981 12 07 10.17 3.5 -1.8 7.01 3.6 NA NA 79.47
1981342 1981 12 08 50.93 0.8 -4.42 0 3.4 NA NA 71.37
1981343 1981 12 09 25.46 -0.65 -4.43 3.6 2.3 NA NA 80.82
1981344 1981 12 10 40.51 -0.6 -4.46 0 4.4 NA NA 76.7
1981345 1981 12 11 28.94 -1.2 -5.9 2.3 2.7 NA NA 83.7
1981346 1981 12 12 19.75 -0.9 -9.5 1.15 4.9 NA NA 73.3
1981347 1981 12 13 34.72 -7.07 -12.72 0 4.7 NA NA 30.95
1981348 1981 12 14 45.14 -9 -12.9 0 1.49 NA NA 69.24
1981349 1981 12 15 20.83 -6.2 -11.3 0 2.8 NA NA 64.81
1981350 1981 12 16 34.72 -1.46 -7.5 0 1.94 NA NA 80.25
1981351 1981 12 17 12.92 0.6 -3.8 0 2.5 NA NA 84.1
1981352 1981 12 18 17.36 0.6 -4.8 0 2.2 NA NA 83.7
1981353 1981 12 19 23.15 -2.57 -10.23 0 4.9 NA NA 55.84
1981354 1981 12 20 50.93 -7.54 -11.1 0 5.3 NA NA 61.58
1981355 1981 12 21 54.66 -7.9 -12.07 0 3.9 NA NA 59.21
1981356 1981 12 22 21.99 -7.4 -12.11 0 2.9 NA NA 65.72
1981357 1981 12 23 40.51 -7.4 -10.64 0 2.8 NA NA 74.23
1981358 1981 12 24 26.62 -7.49 -12.61 0 0.7 NA NA 57.98
1981359 1981 12 25 21.92 -5.42 -12.91 0 2.8 NA NA 70.64
1981360 1981 12 26 38.19 -1 -7.5 2.2 4.3 NA NA 71.21
1981361 1981 12 27 48.61 2.3 -2.62 0 5.1 NA NA 68.7
1981362 1981 12 28 36.08 0.17 -3.55 0 4 NA NA 78.18
1981363 1981 12 29 17.36 2.21 -4.29 1.8 5.7 NA NA 63.42
1981364 1981 12 30 26.62 2.62 0 0 4.2 NA NA 73.9
1981365 1981 12 31 52.08 2.5 -1.19 1.2 2.8 NA NA 71.97
1982001 1982 01 01 24.31 2.5 -1.82 0 2.5 NA NA 73.8
1982002 1982 01 02 53.24 0.29 -4.3 0 2.8 NA NA 79.61
1982003 1982 01 03 49.77 -1.1 -7.8 0 2.7 NA NA 75.69
1982004 1982 01 04 39.35 -6 -9.64 0 0.7 NA NA 80.27
1982005 1982 01 05 41.67 -7.2 -10.46 0 0.8 NA NA 85.3
1982006 1982 01 06 45.14 -3.4 -9.7 0 2.4 NA NA 59.34
1982007 1982 01 07 47.45 0.38 -4.8 0 4.4 NA NA 66
1982008 1982 01 08 20.83 2.6 -3.86 1.8 4.18 NA NA 77.15
1982009 1982 01 09 37.04 3.37 0.9 0 2.6 NA NA 77.75
1982010 1982 01 10 49.77 4.7 1.6 0 2.9 NA NA 62.39
1982011 1982 01 11 71.69 3.3 -1.41 0 3.62 NA NA 55.4
1982012 1982 01 12 71.76 2.81 -2.7 0 3.4 NA NA 60.32
1982013 1982 01 13 43.94 0.1 -3.5 0 1.7 NA NA 79.67
1982014 1982 01 14 40.51 0.32 -3.5 3.5 3.5 NA NA 78.72
1982015 1982 01 15 57.87 -1.77 -4.8 0 1.86 NA NA 79.1
1982016 1982 01 16 51.72 -3.09 -6.1 0 0.94 NA NA 82.8
1982017 1982 01 17 56.71 -3.83 -6.91 0 2 NA NA 80.41
1982018 1982 01 18 38.19 -2 -5.1 0 2.8 NA NA 82.83
1982019 1982 01 19 35.88 -1.3 -3.94 1.9 2.9 NA NA 85.09
1982020 1982 01 20 37.04 -1.81 -5.5 0 3.62 NA NA 75.2
1982021 1982 01 21 29.55 0 -5.5 4.9 4.8 NA NA 74.4
1982022 1982 01 22 33.56 1.5 -1.2 0 2.47 NA NA 83.37
1982023 1982 01 23 40.51 1.8 -3.62 0 2.9 NA NA 71.5
1982024 1982 01 24 49.77 2.3 -4.9 0 2.6 NA NA 75.31
1982025 1982 01 25 75.23 1.5 -5.5 0 1.9 NA NA 75.72
1982026 1982 01 26 45.14 2.7 -0.1 0 2.9 NA NA 85.3
1982027 1982 01 27 39.31 2.9 0.7 1.9 2.6 NA NA 83.87
1982028 1982 01 28 61.34 3.1 -1.38 1.9 2.4 NA NA 77.8
1982029 1982 01 29 56.71 3.41 -1.1 0 3.4 NA NA 59.69
1982030 1982 01 30 54.4 1.29 -5.42 0 5.6 NA NA 66.98
1982031 1982 01 31 72.92 -3.61 -11.1 0 7.36 NA NA 45.4
1982032 1982 02 01 90.28 -7.39 -12.3 0 2.5 NA NA 54.6
1982033 1982 02 02 86.81 -2.82 -9.6 0 2.8 NA NA 62.13
1982034 1982 02 03 68.24 1 -4.3 1.4 5.4 NA NA 73.92
1982035 1982 02 04 54.4 1 -3.79 0 5.35 NA NA 71.6
1982036 1982 02 05 57.87 2.7 -3.76 0 5.6 NA NA 72.03
1982037 1982 02 06 35.88 3.5 0.52 0 6.9 NA NA 67.81
1982038 1982 02 07 82.04 3.81 -2.51 0 5.1 NA NA 41.41
1982039 1982 02 08 88.06 2.92 -5.11 0 1.2 NA NA 53.55
1982040 1982 02 09 68.6 -1.5 -13.91 0 4.2 NA NA 51.23
1982041 1982 02 10 48.61 -11.36 -16 1.1 6.2 NA NA 58.86
1982042 1982 02 11 100.69 -10.4 -17.41 0 5.32 NA NA 44.09
1982043 1982 02 12 106.28 -6.52 -14.51 0 2.6 NA NA 30.19
1982044 1982 02 13 101.85 -3.46 -9.22 0 4.3 NA NA 65.51
1982045 1982 02 14 54.4 -1.85 -6 0 3.9 NA NA 81.67
1982046 1982 02 15 84.49 0.8 -4.44 0 3.9 NA NA 72.33
1982047 1982 02 16 113.2 4.18 -2.93 0 5.4 NA NA 50.59
1982048 1982 02 17 46.3 3.8 1.3 3.64 3.8 NA NA 78.54
1982049 1982 02 18 46.14 2.6 -1.3 0 4.9 NA NA 77.53
1982050 1982 02 19 65.97 0.4 -5.33 1.4 5.6 NA NA 64.47
1982051 1982 02 20 62.59 -1.9 -10.6 0 6.6 NA NA 43.91
1982052 1982 02 21 78.7 -7.78 -11.6 0 5.1 NA NA 58.49
1982053 1982 02 22 87.1 -5.18 -11.61 0 4.8 NA NA 55.45
1982054 1982 02 23 93.55 -4.2 -10.44 0 5.9 NA NA 59.56
1982055 1982 02 24 135.42 -3.1 -9.56 0 5.7 NA NA 57.63
1982056 1982 02 25 107.64 -2.81 -9 0 4.6 NA NA 63.94
1982057 1982 02 26 79.86 -1.51 -7.63 0 4.24 NA NA 65.15
1982058 1982 02 27 90.28 -0.72 -5.92 0 2.7 NA NA 66.18
1982059 1982 02 28 60.19 0.9 -3.51 1.9 5.2 NA NA 69.75
1982060 1982 03 01 111.11 2.9 -4 0 1.7 NA NA 62.7
1982061 1982 03 02 101.9 2.05 -5.94 0 2.1 NA NA 63.36
1982062 1982 03 03 157.41 3.3 -5.51 0 1.5 NA NA 49.87
1982063 1982 03 04 90.28 0.1 -5.47 0 -0.01 NA NA 64.15
1982064 1982 03 05 128.47 6.12 -3.4 0 1.1 NA NA 27.56
1982065 1982 03 06 158.38 8.6 -2.6 0 1.8 NA NA 20.46
1982066 1982 03 07 168.61 10.1 -1.9 0 1.9 NA NA 17.39
1982067 1982 03 08 84.49 5.7 -1.6 0 3.1 NA NA 29.44
1982068 1982 03 09 73.73 4.56 -1.4 0 2.5 NA NA 63.4
1982069 1982 03 10 59.03 2.71 -1.6 0 3.8 NA NA 62.89
1982070 1982 03 11 109.87 5.1 -0.53 0 5.3 NA NA 28.51
1982071 1982 03 12 163.33 6.9 -1.2 0 4.9 NA NA 18.81
1982072 1982 03 13 182.87 6.03 -2.7 0 3.7 NA NA 23.81
1982073 1982 03 14 182.25 6.23 -3.62 0 1.1 NA NA 23.83
1982074 1982 03 15 184.03 8.5 -2.9 0 3.65 NA NA 19.25
1982075 1982 03 16 182.87 10.71 -0.14 0 5.51 NA NA 26.27
1982076 1982 03 17 36.71 5.74 3 10.72 5.1 NA NA 68.46
1982077 1982 03 18 49.78 5.5 -3.51 5 4.5 NA NA 70.52
1982078 1982 03 19 118.06 -0.3 -5.2 0 4.3 NA NA 60.02
1982079 1982 03 20 147.76 3.05 -4.68 0 4.7 NA NA 43.1
1982080 1982 03 21 157.41 7.5 -3.3 0 3.5 NA NA 26.13
1982081 1982 03 22 195.78 6.3 -2.8 0 0.8 NA NA 24.93
1982082 1982 03 23 67.13 3 -1.6 5.67 6 NA NA 49.47
1982083 1982 03 24 92.2 7.1 -0.6 0 1.85 NA NA 57.97
1982084 1982 03 25 144.68 11 -0.6 0 3 NA NA 33.08
1982085 1982 03 26 116.9 12.1 1.6 0 3.6 NA NA 33.5
1982086 1982 03 27 190.03 20.46 3.4 0 3.5 NA NA 25.9
1982087 1982 03 28 196.63 22.83 6.19 0 1.7 NA NA 23.96
1982088 1982 03 29 194.61 23.45 5.8 0 2.2 NA NA 28.02
1982089 1982 03 30 200.4 19.5 8.3 0 5.8 NA NA 21.1
1982090 1982 03 31 85.92 10.6 3.6 3.3 6.7 NA NA 34.49
1982091 1982 04 01 137.26 15.9 3.15 0 4.4 NA NA 29.5
1982092 1982 04 02 86.74 14 6.06 1.2 4.2 NA NA 38.77
1982093 1982 04 03 119.21 16.31 7.8 0 4.14 NA NA 31.58
1982094 1982 04 04 179.4 20.91 9.45 0 3.4 NA NA 25.3
1982095 1982 04 05 210.65 20.71 6.59 0 1.8 NA NA 21.02
1982096 1982 04 06 210.65 20.79 4.95 0 1 NA NA 21.01
1982097 1982 04 07 214.12 21.62 5.3 0 0.8 NA NA 18.44
1982098 1982 04 08 212.45 22.01 8.5 0 1.8 NA NA 20.65
1982099 1982 04 09 75.23 14 7.81 0 1.22 NA NA 45.13
1982100 1982 04 10 153.94 19.2 8.5 0 1.7 NA NA 31.8
1982101 1982 04 11 75.14 10.2 1.59 0 3.66 NA NA 50.26
1982102 1982 04 12 223.38 10.1 0.35 0 3.7 NA NA 23.94
1982103 1982 04 13 126.16 7.3 -0.46 0 1.59 NA NA 24.93
1982104 1982 04 14 217.59 12.9 -0.7 0 2.4 NA NA 20.8
1982105 1982 04 15 114.87 13.84 2.38 0 3.1 NA NA 31.87
1982106 1982 04 16 108.8 13.8 1.8 1.4 3.6 NA NA 40.8
1982107 1982 04 17 218.68 13.4 1.78 0 3.4 NA NA 30.66
1982108 1982 04 18 102.9 9.7 1 0 2.8 NA NA 40.34
1982109 1982 04 19 125 8.59 -0.58 0 4.6 NA NA 33.08
1982110 1982 04 20 77.46 2.33 -0.6 0 1.87 NA NA 53.05
1982111 1982 04 21 217.59 13.6 -0.31 0 4.5 NA NA 19.63
1982112 1982 04 22 96.91 7.63 1.29 4.1 4.7 NA NA 54.51
1982113 1982 04 23 188.66 11.88 1.7 0 1.5 NA NA 49.7
1982114 1982 04 24 129.59 11.1 1.4 0 2.5 NA NA 53.63
1982115 1982 04 25 124.21 14 1.69 0 2.9 NA NA 48.31
1982116 1982 04 26 256.94 20.4 5.98 0 1.5 NA NA 30.1
1982117 1982 04 27 153.59 19.1 6.9 0 0.6 NA NA 42.4
1982118 1982 04 28 107.55 14.03 8 0 2.8 NA NA 61.62
1982119 1982 04 29 277.78 20 6.58 0 1.78 NA NA 38.4
1982120 1982 04 30 245.37 23.3 8.8 0 2.5 NA NA 39.9
1982121 1982 05 01 272.3 21.2 10.31 0 2.58 NA NA 40.4
1982122 1982 05 02 272.02 23.02 8.7 0 1.4 NA NA 35.76
1982123 1982 05 03 267.56 24.55 11.3 0 0.8 NA NA 33.1
1982124 1982 05 04 262.7 25.4 11.6 0 2.6 NA NA 34.58
1982125 1982 05 05 281.25 23.1 11 0 3.3 NA NA 31.93
1982126 1982 05 06 297.35 23.5 10.3 0 3.4 NA NA 24.57
1982127 1982 05 07 266.2 24.3 8.7 0 4.7 NA NA 23.78
1982128 1982 05 08 319.47 20.1 8.3 0 6.99 NA NA 18.19
1982129 1982 05 09 307.98 21.81 7 0 3.9 NA NA 19.34
1982130 1982 05 10 299.42 22.9 7.6 0 2.5 NA NA 27.6
1982131 1982 05 11 306.72 23.6 9.6 0 2.99 NA NA 34.6
1982132 1982 05 12 230.8 15.9 5.73 0 5.98 NA NA 37.62
1982133 1982 05 13 258.1 16.25 2.8 0 4.6 NA NA 27.35
1982134 1982 05 14 277.78 16.6 1.8 0 2.7 NA NA 22
1982135 1982 05 15 238.43 18.97 2.8 1.5 2.8 NA NA 22.58
1982136 1982 05 16 248.84 19.52 6.45 0 2.7 NA NA 35.51
1982137 1982 05 17 231.02 16.6 5.09 0 3.3 NA NA 38.92
1982138 1982 05 18 224.21 16.6 5.59 0 3.8 NA NA 31.19
1982139 1982 05 19 309.03 24.6 6.6 0 3.2 NA NA 21.87
1982140 1982 05 20 259.26 26.86 8.6 0 2.9 NA NA 29.57
1982141 1982 05 21 111.66 16.3 11.3 4.1 3.2 NA NA 73.16
1982142 1982 05 22 215.7 19.34 5.8 0 3.9 NA NA 26.8
1982143 1982 05 23 277.78 21.18 4.96 0 1.8 NA NA 17.24
1982144 1982 05 24 247.69 21.1 8.5 0 1.2 NA NA 20.6
1982145 1982 05 25 163.19 17.81 7.91 0 1.7 NA NA 49.45
1982146 1982 05 26 289.35 19.7 7.39 0 1.89 NA NA 30.7
1982147 1982 05 27 180.55 18.4 8.3 0 3.6 NA NA 53.07
1982148 1982 05 28 111.05 14.7 8 0 3.61 NA NA 70.07
1982149 1982 05 29 233.4 20.9 7.67 0 1.8 NA NA 42.93
1982150 1982 05 30 311.4 24.2 9.79 0 0.98 NA NA 27.37
1982151 1982 05 31 178.24 22.6 11.5 5.29 3.3 NA NA 29.9
1982152 1982 06 01 232.64 24.2 10.4 0 3 NA NA 46.1
1982153 1982 06 02 232.44 28.4 14.6 0 2.5 NA NA 31.93
1982154 1982 06 03 223.06 26.2 15.8 0 0.3 NA NA 37.73
1982155 1982 06 04 274.36 28.2 15.1 2.61 0.8 NA NA 42.3
1982156 1982 06 05 203.9 23.2 14.1 0 3.4 NA NA 56.7
1982157 1982 06 06 178.24 22.1 13.63 0 2.1 NA NA 53.49
1982158 1982 06 07 206.65 22.9 12.7 1.19 1.22 NA NA 49.13
1982159 1982 06 08 246.53 23.7 12.2 0 2.3 NA NA 46.1
1982160 1982 06 09 135.06 17.6 11.4 15.61 2.5 NA NA 64.21
1982161 1982 06 10 341.45 24.32 9.9 0 1.5 NA NA 18.5
1982162 1982 06 11 302.97 28.5 14.42 0 1.8 NA NA 18.56
1982163 1982 06 12 309.2 31.36 15.96 0 1.5 NA NA 18.75
1982164 1982 06 13 304.78 32.5 17.41 0 0.46 NA NA 18.58
1982165 1982 06 14 271.99 34.05 18.9 0 2.1 NA NA 18.77
1982166 1982 06 15 186.34 29.15 18.2 0 3.1 NA NA 40.06
1982167 1982 06 16 200.09 28.3 16.61 2.3 2.9 NA NA 22.21
1982168 1982 06 17 156.1 22.4 15 5.9 1.4 NA NA 59.6
1982169 1982 06 18 257.45 29.81 14.5 8.1 2.8 NA NA 46.2
1982170 1982 06 19 292.98 24.97 12.27 1.63 4.6 NA NA 20.05
1982171 1982 06 20 224.71 19.72 8.3 1.73 4.7 NA NA 48.32
1982172 1982 06 21 104.57 15.06 6.68 4.3 4.54 NA NA 64.79
1982173 1982 06 22 237.27 21.7 9.3 0 3.5 NA NA 29.43
1982174 1982 06 23 270.83 22.5 8.08 0 2.5 NA NA 28.3
1982175 1982 06 24 291.23 24.3 10.2 0 2.3 NA NA 20.68
1982176 1982 06 25 311.39 27.2 12.9 0 1.9 NA NA 19.42
1982177 1982 06 26 321.76 28 13.62 0 1.2 NA NA 17.1
1982178 1982 06 27 91.41 19 11.09 10.33 0.7 NA NA 59.1
1982179 1982 06 28 229.68 24.1 10.9 0 1.1 NA NA 32.42
1982180 1982 06 29 270.17 28.3 15.1 0 1.3 NA NA 16.5
1982181 1982 06 30 267.36 31.6 17.4 0 1.5 NA NA 17.21
1982182 1982 07 01 189.26 24.6 14.4 6.03 2 NA NA 37.28
1982183 1982 07 02 189.81 24.79 14.14 3.62 0.4 NA NA 46.71
1982184 1982 07 03 283.93 33.17 17.4 0 1.4 NA NA 24.66
1982185 1982 07 04 313.65 36.53 17.7 0 1.3 NA NA 15.92
1982186 1982 07 05 252.31 33.2 20.77 0 1.3 NA NA 23.58
1982187 1982 07 06 194.55 28.74 17.2 1.06 1.7 NA NA 29
1982188 1982 07 07 247.9 28.51 16.7 0 1.6 NA NA 19.09
1982189 1982 07 08 173.61 26 15.9 0 2.1 NA NA 29.39
1982190 1982 07 09 285.88 31.8 17.3 0 1.8 NA NA 24.1
1982191 1982 07 10 243.1 37.15 18.81 7.02 3.4 NA NA 21.97
1982192 1982 07 11 91.32 20.5 14.4 35.49 2.6 NA NA 64.02
1982193 1982 07 12 274.31 25.6 13.09 0 2.5 NA NA 31.2
1982194 1982 07 13 289.35 25.79 12.9 0 2.2 NA NA 26.4
1982195 1982 07 14 240.39 26.94 16.4 0 1.87 NA NA 27.9
1982196 1982 07 15 250 30.7 16.72 0 2.9 NA NA 30.79
1982197 1982 07 16 66.33 21.3 14.47 28.67 2 NA NA 64
1982198 1982 07 17 99.52 20.5 13.88 13.87 1.9 NA NA 68.39
1982199 1982 07 18 106.63 19.6 13.5 12.26 3.4 NA NA 72.7
1982200 1982 07 19 80.92 16.74 11.1 9.3 5.18 NA NA 73.9
1982201 1982 07 20 210.65 25.6 11.16 1.25 2.9 NA NA 38.43
1982202 1982 07 21 214.97 27.59 16 0 3.11 NA NA 45.62
1982203 1982 07 22 255.79 31.13 18 0 2.2 NA NA 29.06
1982204 1982 07 23 141.2 26.63 19.8 0 3.2 NA NA 41.68
1982205 1982 07 24 268.52 30.8 18.6 0 1.7 NA NA 30.7
1982206 1982 07 25 244.46 29.1 17.6 0 2.1 NA NA 47.91
1982207 1982 07 26 121.47 21.49 16.61 9.3 2.5 NA NA 72.39
1982208 1982 07 27 157.07 26.9 17.8 4.4 4 NA NA 49.11
1982209 1982 07 28 281.25 27.7 17 0 3.32 NA NA 29.74
1982210 1982 07 29 268.52 29 16.38 0 2.4 NA NA 36.2
1982211 1982 07 30 266.78 29.31 18.4 0 2.8 NA NA 38.12
1982212 1982 07 31 269.77 28.72 17 0 2.4 NA NA 28.8
1982213 1982 08 01 269.68 29.2 17.09 0 1.5 NA NA 25.1
1982214 1982 08 02 199.07 28.8 16 0 2.5 NA NA 27.88
1982215 1982 08 03 276.72 26.2 14.8 0 3.07 NA NA 28.4
1982216 1982 08 04 263.89 28.7 15.8 0 2.1 NA NA 25.56
1982217 1982 08 05 266.38 29.8 16.3 0 3.8 NA NA 24.4
1982218 1982 08 06 172.07 24.19 16.3 0 1.4 NA NA 40.56
1982219 1982 08 07 116.91 20.5 13.9 5.83 1.8 NA NA 61.52
1982220 1982 08 08 175.41 23.61 13.8 0 2.1 NA NA 39.1
1982221 1982 08 09 263.89 26.7 14.9 0 2.1 NA NA 27.5
1982222 1982 08 10 263.69 27.7 15.94 0 1.6 NA NA 25.2
1982223 1982 08 11 258.1 27.9 15.9 0 1.6 NA NA 27.02
1982224 1982 08 12 248.43 27.9 16.88 0 1.5 NA NA 33.7
1982225 1982 08 13 251.16 27.92 15.9 0 2.1 NA NA 31.5
1982226 1982 08 14 253.47 28.5 17.1 0 0.7 NA NA 26.1
1982227 1982 08 15 250 30.2 18 0 2.72 NA NA 19.8
1982228 1982 08 16 124.02 22.2 14.8 6.66 2.1 NA NA 46.84
1982229 1982 08 17 178.24 26.6 13.68 1.4 3 NA NA 30.2
1982230 1982 08 18 218.75 24.6 13.9 0 3.77 NA NA 37
1982231 1982 08 19 225.05 23.5 12.2 0 4.1 NA NA 27.67
1982232 1982 08 20 103 18.2 10.5 0 2.1 NA NA 49.07
1982233 1982 08 21 153.29 25.6 13.68 0 4.4 NA NA 29.93
1982234 1982 08 22 223.38 29.3 16.3 1.09 4.37 NA NA 26.39
1982235 1982 08 23 103.01 18.49 11.41 12.1 2.2 NA NA 53.75
1982236 1982 08 24 199.11 25.59 9.9 0 2.1 NA NA 25.3
1982237 1982 08 25 228.01 25.1 13.6 0 1.6 NA NA 27.37
1982238 1982 08 26 236.11 24.5 12.1 0 0.98 NA NA 26.4
1982239 1982 08 27 235.14 25.7 13.6 0 1.3 NA NA 25
1982240 1982 08 28 231.48 25.8 13.7 0 1.9 NA NA 26.99
1982241 1982 08 29 141.18 22.59 15.4 0 1.4 NA NA 42.24
1982242 1982 08 30 94.85 18.7 12.8 0 3.5 NA NA 50.02
1982243 1982 08 31 226.52 22.2 10.38 5.03 4.4 NA NA 32.2
1982244 1982 09 01 52.25 14.39 9.9 17.09 4.6 NA NA 67.07
1982245 1982 09 02 199.07 22.1 9.7 0 3.1 NA NA 38.32
1982246 1982 09 03 90.28 17.59 11.6 8.34 4.2 NA NA 59.61
1982247 1982 09 04 150.87 19.36 10.8 0 4.5 NA NA 43.37
1982248 1982 09 05 96.06 17.78 9.7 0 2.9 NA NA 38.94
1982249 1982 09 06 178.24 19.6 7.4 0 2.8 NA NA 32.77
1982250 1982 09 07 158.78 18 5.8 0 1.8 NA NA 32.54
1982251 1982 09 08 195.6 19.6 6.02 0 3.8 NA NA 30.21
1982252 1982 09 09 54.4 14.39 7.7 10.8 3.9 NA NA 60.52
1982253 1982 09 10 131.94 18.2 7.08 0 3.8 NA NA 32.5
1982254 1982 09 11 187.5 22.1 8.35 0 2.9 NA NA 28.27
1982255 1982 09 12 54.35 16.2 7.5 1.2 3.7 NA NA 59.52
1982256 1982 09 13 82.18 15.1 6.9 4.1 2.2 NA NA 47.51
1982257 1982 09 14 197.92 18.1 6.9 0 3.1 NA NA 29.98
1982258 1982 09 15 130.79 18.76 7.6 3.2 3.5 NA NA 31.32
1982259 1982 09 16 135.7 19.6 8.78 0 2.2 NA NA 41.57
1982260 1982 09 17 75.23 17.18 8.35 0 3.2 NA NA 48.17
1982261 1982 09 18 192.3 19.4 7.5 0 3.2 NA NA 32.87
1982262 1982 09 19 186.34 21.5 6.7 0 1.7 NA NA 28.48
1982263 1982 09 20 140.05 24.31 10.94 0 3.6 NA NA 35.63
1982264 1982 09 21 189.81 18.63 8.3 0 1 NA NA 25
1982265 1982 09 22 142.36 21.01 9.9 0 1.1 NA NA 25.8
1982266 1982 09 23 177.08 22.62 9.28 0 1.9 NA NA 29.98
1982267 1982 09 24 176.78 23.88 11 0 2 NA NA 26.02
1982268 1982 09 25 175.93 24.51 10.5 0 2 NA NA 27.38
1982269 1982 09 26 172.62 25.69 13.4 0 1.49 NA NA 27.95
1982270 1982 09 27 165.72 25.91 12.17 0 1 NA NA 25.79
1982271 1982 09 28 166.9 25.2 14.12 0 2.4 NA NA 33.59
1982272 1982 09 29 156.25 23.1 12.11 0 1.6 NA NA 42.9
1982273 1982 09 30 148.15 23.11 10.6 0 1.8 NA NA 39.3
1982274 1982 10 01 154.16 23.6 10.4 0 1.21 NA NA 34.41
1982275 1982 10 02 158.11 23.38 11.11 0 3 NA NA 34.38
1982276 1982 10 03 145.83 19.81 10.5 0 1.91 NA NA 43.27
1982277 1982 10 04 85.65 17.7 7.5 0 2.6 NA NA 37.7
1982278 1982 10 05 155.52 18.29 5.32 0 2.5 NA NA 30.4
1982279 1982 10 06 156.25 20.21 5.6 0 2.9 NA NA 26.1
1982280 1982 10 07 153.94 21.03 6.04 0 2.7 NA NA 21.41
1982281 1982 10 08 151.88 20 3.79 0 1.5 NA NA 20.84
1982282 1982 10 09 150.67 19.19 1.2 0 0.5 NA NA 17.11
1982283 1982 10 10 148.59 20 2 0 1.7 NA NA 23.47
1982284 1982 10 11 146.99 20.2 3.4 0 3.72 NA NA 25.32
1982285 1982 10 12 143.31 19.34 7 0 3.33 NA NA 27.49
1982286 1982 10 13 133.28 22.39 7.18 0 2.81 NA NA 30.91
1982287 1982 10 14 69.44 19.95 11 0 3.23 NA NA 37.69
1982288 1982 10 15 80.84 16.81 9.8 0 2.7 NA NA 44.25
1982289 1982 10 16 98.23 17.2 7.7 0 2.8 NA NA 38.9
1982290 1982 10 17 39.75 14.15 10 1.6 3.6 NA NA 80.9
1982291 1982 10 18 48.36 15.7 8.28 0 2.8 NA NA 59.71
1982292 1982 10 19 57.58 13.39 3.83 0 1.2 NA NA 45.36
1982293 1982 10 20 119.21 16.01 2.93 0 2.5 NA NA 36.95
1982294 1982 10 21 65.97 11.5 4 0 3.1 NA NA 32.97
1982295 1982 10 22 104.41 12.03 3.1 0 0.8 NA NA 21.41
1982296 1982 10 23 90.77 12.33 2.8 0 1.5 NA NA 22.4
1982297 1982 10 24 52.08 10.2 3.6 0 2.5 NA NA 41.45
1982298 1982 10 25 41.6 10.11 3.8 2.2 2.8 NA NA 76.86
1982299 1982 10 26 31.25 12.4 9.07 4.26 1.5 NA NA 81.58
1982300 1982 10 27 93.75 15.5 6.6 0 2.5 NA NA 56.97
1982301 1982 10 28 41.67 11.6 6.2 0 2.7 NA NA 71.6
1982302 1982 10 29 50.04 15.26 7.31 0 3.6 NA NA 70.12
1982303 1982 10 30 48.61 16.01 9.9 0 3.4 NA NA 73.6
1982304 1982 10 31 31.25 14.5 12.16 0 2.1 NA NA 91.08
1982305 1982 11 01 8.1 12.27 6.04 9 3.13 NA NA 72.1
1982306 1982 11 02 7.87 6.85 2 9 5.3 NA NA 73.93
1982307 1982 11 03 19.67 4.6 0.3 11.37 6.87 NA NA 67.72
1982308 1982 11 04 34.72 4.81 -1 0 4.9 NA NA 58.78
1982309 1982 11 05 38.19 1.88 -2.45 0 5.64 NA NA 64.27
1982310 1982 11 06 54.4 -0.1 -4.6 0 3.3 NA NA 53.3
1982311 1982 11 07 53.96 -0.85 -6.11 0 0.6 NA NA 57.9
1982312 1982 11 08 66.47 0.5 -4.7 0 1.03 NA NA 56.9
1982313 1982 11 09 41.67 3.5 -2.8 2.22 3.7 NA NA 58.32
1982314 1982 11 10 43.98 4.85 1.6 0 1.7 NA NA 70.5
1982315 1982 11 11 16.61 4 2.1 2.5 1.5 NA NA 89.45
1982316 1982 11 12 19.68 3.75 1.7 0 1.18 NA NA 89.72
1982317 1982 11 13 46.3 3.2 -2.1 0 0.81 NA NA 71.8
1982318 1982 11 14 34.72 1.6 -6.37 3.02 2.8 NA NA 72.41
1982319 1982 11 15 12.73 6.5 -0.3 7.16 4.2 NA NA 76.73
1982320 1982 11 16 55.56 2.1 -1.81 0 3.7 NA NA 60.73
1982321 1982 11 17 47.45 -0.03 -4.45 0 4.9 NA NA 68.03
1982322 1982 11 18 60.19 -3.01 -11.71 0 5.2 NA NA 27.99
1982323 1982 11 19 70.6 -9.93 -12.5 0 4.5 NA NA 47.41
1982324 1982 11 20 50.93 -5.8 -12.3 0 3.8 NA NA 63.32
1982325 1982 11 21 56.71 -11.23 -13.19 0 5 NA NA 47.79
1982326 1982 11 22 41.67 -5.2 -11.2 0 4.3 NA NA 56.75
1982327 1982 11 23 24.31 -3.08 -6.2 4.85 3.4 NA NA 91.62
1982328 1982 11 24 34.94 -3.28 -12.5 1.1 5.5 NA NA 48.58
1982329 1982 11 25 41.67 -6.25 -12.5 0 4.61 NA NA 54.5
1982330 1982 11 26 33.52 -5.51 -8.93 0 4.5 NA NA 82.7
1982331 1982 11 27 24.31 -1 -8.4 0 5.4 NA NA 78.42
1982332 1982 11 28 62.5 -1 -13.01 0 5 NA NA 34.99
1982333 1982 11 29 34.79 -2.58 -13.41 0 3.6 NA NA 39.45
1982334 1982 11 30 43.98 -0.29 -4.4 0 4.82 NA NA 83.52
1982335 1982 12 01 25.46 -2.71 -6.63 0 1.8 NA NA 82.87
1982336 1982 12 02 49.77 -3 -6.8 0 2.3 NA NA 84.88
1982337 1982 12 03 59.03 -0.26 -4.8 1.79 3.2 NA NA 81.22
1982338 1982 12 04 21.99 -0.3 -3.22 4.04 1.89 NA NA 88.12
1982339 1982 12 05 24.31 1.5 -2.8 3 2.7 NA NA 81.58
1982340 1982 12 06 26.62 7.53 0.6 1.2 4.12 NA NA 72.08
1982341 1982 12 07 48.61 7.02 0.7 1.6 5.9 NA NA 36.29
1982342 1982 12 08 56.13 3.1 -1.71 0 4.1 NA NA 34.27
1982343 1982 12 09 55.56 1.2 -4.5 0 1.4 NA NA 71.33
1982344 1982 12 10 54.4 -1.5 -6.23 0 3.4 NA NA 78.2
1982345 1982 12 11 54.4 -4.4 -7.42 0 2.4 NA NA 85.71
1982346 1982 12 12 26.62 0.82 -6.79 0 2.8 NA NA 69.4
1982347 1982 12 13 26.62 4.21 -0.5 0 4.8 NA NA 73.32
1982348 1982 12 14 26.62 4.02 1.8 0 2.8 NA NA 87.31
1982349 1982 12 15 34.72 6.4 1.8 0 3.5 NA NA 79.64
1982350 1982 12 16 17.36 3.83 1.8 0 2.9 NA NA 87.4
1982351 1982 12 17 21.99 3.6 1.5 0 2.7 NA NA 83.93
1982352 1982 12 18 23.15 3.6 0.8 0 2 NA NA 81.22
1982353 1982 12 19 24.31 2.4 0.72 0 1.5 NA NA 84.1
1982354 1982 12 20 30.09 3.3 1 0 4.3 NA NA 74.91
1982355 1982 12 21 21.99 5.13 2 4.82 3.91 NA NA 79.03
1982356 1982 12 22 13.89 7.41 3.1 4.48 5.4 NA NA 83.61
1982357 1982 12 23 31.25 7.91 4.79 2.2 4.75 NA NA 66.77
1982358 1982 12 24 35.88 8.85 5.44 0 5.7 NA NA 59.5
1982359 1982 12 25 35.88 7.57 3.43 0 2.8 NA NA 75.09
1982360 1982 12 26 27.78 7.4 2.62 0 4.3 NA NA 65.2
1982361 1982 12 27 37.04 4 1.2 0 1.3 NA NA 63.73
1982362 1982 12 28 39.35 3.71 0.9 0 2 NA NA 57.36
1982363 1982 12 29 45.14 3.3 0.51 0 3 NA NA 44.84
1982364 1982 12 30 25.46 3.11 0.81 0 2.5 NA NA 72.63
1982365 1982 12 31 39.35 2.4 -1.9 0 1 NA NA 77.02
1983001 1983 01 01 52.08 0 -3.49 0 1.6 NA NA 79.82
1983002 1983 01 02 43.98 -0.32 -3.41 0 2.3 NA NA 83.3
1983003 1983 01 03 24.31 3.99 -1.59 0 3.3 NA NA 69.23
1983004 1983 01 04 54.4 3.4 0.8 0 2.4 NA NA 68.9
1983005 1983 01 05 37.04 2.7 -0.5 0 1.7 NA NA 82.51
1983006 1983 01 06 34.72 2.92 -0.87 0 1.1 NA NA 77.92
1983007 1983 01 07 52.08 0.8 -1.68 0 1.6 NA NA 81.28
1983008 1983 01 08 28.94 -0.2 -1.6 1.41 0.65 NA NA 88.21
1983009 1983 01 09 47.45 1.44 -1.2 0 1.3 NA NA 83.68
1983010 1983 01 10 33.56 0.1 -1.77 0 1.7 NA NA 83.6
1983011 1983 01 11 48.61 -0.4 -3.18 0 2.7 NA NA 78.8
1983012 1983 01 12 50.93 -1.3 -4.62 0 4.5 NA NA 72.51
1983013 1983 01 13 64.3 1.73 -5.5 3.78 3.1 NA NA 53.29
1983014 1983 01 14 34.72 2.15 -0.2 0 2.7 NA NA 87.96
1983015 1983 01 15 60.19 2.2 -1.2 0 2.3 NA NA 78.6
1983016 1983 01 16 28.94 2.2 -0.61 0 2.9 NA NA 83.6
1983017 1983 01 17 60.19 3.5 -0.3 0 2.9 NA NA 73
1983018 1983 01 18 55.56 3.3 -0.5 0 4.51 NA NA 67.94
1983019 1983 01 19 37.04 1.97 -0.29 1.6 4.1 NA NA 77.51
1983020 1983 01 20 40.51 3.4 -0.5 0 3 NA NA 79.45
1983021 1983 01 21 49.77 2.6 -3.46 0 2.2 NA NA 77.02
1983022 1983 01 22 47.45 1.1 -6.22 0 1.1 NA NA 76.93
1983023 1983 01 23 63.53 -1.78 -8.11 0 0.89 NA NA 64.48
1983024 1983 01 24 49.77 -1.8 -6.9 0 4.5 NA NA 65.8
1983025 1983 01 25 76.56 3.31 -3.57 0 5.7 NA NA 47.83
1983026 1983 01 26 54.4 4.9 1.4 0 4.6 NA NA 53
1983027 1983 01 27 86.09 9.94 2.25 0 4.6 NA NA 46.82
1983028 1983 01 28 40.51 5.9 2.25 1.46 2.8 NA NA 79.44
1983029 1983 01 29 62.5 7.92 2.63 2.5 4.3 NA NA 55.42
1983030 1983 01 30 91.44 6.57 1.1 0 2.3 NA NA 46.8
1983031 1983 01 31 75.23 5.41 0.2 4.06 2.7 NA NA 52.94
1983032 1983 02 01 41.07 4.1 1.1 1.1 6.23 NA NA 61.1
1983033 1983 02 02 94.06 4.84 -0.3 0 1.7 NA NA 42.19
1983034 1983 02 03 75.23 4.81 -0.28 0 2.6 NA NA 41
1983035 1983 02 04 89.12 7.1 0.4 0 2.95 NA NA 39.3
1983036 1983 02 05 56.93 4.9 1.05 0 2.3 NA NA 51.64
1983037 1983 02 06 60.19 7.37 2.2 0 4 NA NA 43.24
1983038 1983 02 07 69.44 8.69 2.7 1.41 3.49 NA NA 58.29
1983039 1983 02 08 35.88 7.06 2.96 0 4 NA NA 83.63
1983040 1983 02 09 35.88 6.51 2.85 8.45 3.5 NA NA 79.6
1983041 1983 02 10 100.75 8.12 2.39 0 1.79 NA NA 43.03
1983042 1983 02 11 40.58 4.81 2.53 1.5 3.3 NA NA 67.04
1983043 1983 02 12 46.1 4.82 2.12 0 2.8 NA NA 43.02
1983044 1983 02 13 37.04 3.5 1.1 0 1.08 NA NA 78.53
1983045 1983 02 14 37.04 5.4 1.2 0 3.82 NA NA 66.41
1983046 1983 02 15 71.76 9.7 3.5 0 3.4 NA NA 48.96
1983047 1983 02 16 47.45 7.3 2.3 0 3.2 NA NA 69.8
1983048 1983 02 17 57.87 7.66 4.02 0 1.95 NA NA 80.24
1983049 1983 02 18 84.49 10.19 2.67 0 2.7 NA NA 48.99
1983050 1983 02 19 104.18 12.76 3.38 0 3.7 NA NA 46.8
1983051 1983 02 20 69.01 13.86 6.59 0 5.2 NA NA 42.89
1983052 1983 02 21 35.88 9.37 6.85 3.9 3 NA NA 72.32
1983053 1983 02 22 126.17 10.93 2.64 0 3.2 NA NA 47.51
1983054 1983 02 23 62.5 7.47 2.5 0 3.8 NA NA 52.67
1983055 1983 02 24 133.1 8.72 0.8 0 1.4 NA NA 42.85
1983056 1983 02 25 115.74 8.52 0 0 1.2 NA NA 29.5
1983057 1983 02 26 127.24 9.1 -0.7 0 0.7 NA NA 20.92
1983058 1983 02 27 40.51 5.11 0.78 12.92 5 NA NA 63.06
1983059 1983 02 28 125 8.01 1.3 0 3.4 NA NA 45.2
1983060 1983 03 01 144.75 11.53 0.82 0 4.59 NA NA 29.44
1983061 1983 03 02 141.33 10.17 0.7 0 3.2 NA NA 30.2
1983062 1983 03 03 75.23 5.8 -0.1 0 -0.01 NA NA 42.83
1983063 1983 03 04 37.35 4.2 0.8 11.53 2.3 NA NA 72.41
1983064 1983 03 05 135.42 6.61 0.1 0 2 NA NA 49.04
1983065 1983 03 06 143.77 9.9 -0.7 0 1.7 NA NA 43.38
1983066 1983 03 07 107.16 13.04 1.8 0 2.8 NA NA 42.08
1983067 1983 03 08 157.41 16.35 3.8 0 4.1 NA NA 25.62
1983068 1983 03 09 133.37 11.1 1.61 0 2.8 NA NA 26.09
1983069 1983 03 10 130.79 13.26 2.1 0 2.8 NA NA 27.62
1983070 1983 03 11 166.14 15.71 2.4 0 2.7 NA NA 26.83
1983071 1983 03 12 166.67 13.7 2.16 0 1.99 NA NA 29.5
1983072 1983 03 13 178.24 12.8 1.12 0 3.1 NA NA 26.26
1983073 1983 03 14 178.24 13.05 1 0 3.4 NA NA 21.57
1983074 1983 03 15 182.07 12.3 0.7 0 2 NA NA 22.62
1983075 1983 03 16 184.03 14.06 0.3 0 1.7 NA NA 21.24
1983076 1983 03 17 182.87 16.4 2 0 1.4 NA NA 24.91
1983077 1983 03 18 171.3 17.52 2.33 0 1.1 NA NA 27.03
1983078 1983 03 19 43.05 8.51 3.91 8.01 3.1 NA NA 67.46
1983079 1983 03 20 133.1 10.7 3.8 0 1.51 NA NA 38.2
1983080 1983 03 21 63.53 7.48 3.83 0 2.71 NA NA 70.15
1983081 1983 03 22 60.19 6.3 3.81 6.88 3.8 NA NA 73.57
1983082 1983 03 23 177.45 16.1 2.91 0 1.33 NA NA 42.1
1983083 1983 03 24 101.85 15.67 5.1 1.46 2.6 NA NA 45.2
1983084 1983 03 25 174.92 17.7 6.53 1.4 3.5 NA NA 39.3
1983085 1983 03 26 105.27 13.7 1.75 2.7 3.5 NA NA 45.72
1983086 1983 03 27 85.65 8.3 1 0 4.1 NA NA 44.34
1983087 1983 03 28 186.54 16.1 4.2 0 3.3 NA NA 33.18
1983088 1983 03 29 106.48 10.8 3.2 3.6 1.04 NA NA 50.42
1983089 1983 03 30 155.09 17.82 4.8 0 1.6 NA NA 43.38
1983090 1983 03 31 194.6 21.95 5.3 0 2.8 NA NA 33.1
1983091 1983 04 01 111.11 13.62 5 0 1.5 NA NA 43.2
1983092 1983 04 02 121.35 18.04 5.8 0 2 NA NA 41.19
1983093 1983 04 03 56.71 7.2 2.9 6.05 3.4 NA NA 74.31
1983094 1983 04 04 149.31 9.79 0.45 0 3.8 NA NA 45.7
1983095 1983 04 05 96.06 7.5 -0.27 5.3 4.2 NA NA 55.51
1983096 1983 04 06 60.19 9.6 2.9 5.62 4 NA NA 66.32
1983097 1983 04 07 61.34 7.3 2.9 2.19 1.4 NA NA 75.08
1983098 1983 04 08 190.97 11.98 1.56 0 3.1 NA NA 51.86
1983099 1983 04 09 109.95 6.33 -0.5 0 4.1 NA NA 62.15
1983100 1983 04 10 203.7 10.7 -1.01 0 4.1 NA NA 51.8
1983101 1983 04 11 131.94 16.71 4.56 2.02 3.1 NA NA 50.31
1983102 1983 04 12 193.29 17.1 7 0 2 NA NA 49.81
1983103 1983 04 13 126.16 15.7 5.8 0 1 NA NA 51.73
1983104 1983 04 14 169.25 18.24 8 4.5 1 NA NA 53.92
1983105 1983 04 15 108.15 16.04 8.2 3.69 2 NA NA 53.79
1983106 1983 04 16 213.08 19.61 7.2 0 1.7 NA NA 39.46
1983107 1983 04 17 166.82 20.9 8.51 0 3.2 NA NA 36.93
1983108 1983 04 18 231.48 20.03 9.2 0 1.6 NA NA 40.56
1983109 1983 04 19 125 18.05 8.7 0 1.4 NA NA 48.83
1983110 1983 04 20 187.5 18.1 8.2 0 2.6 NA NA 44.83
1983111 1983 04 21 251.3 17.01 6.19 0 1.5 NA NA 36.28
1983112 1983 04 22 239.7 19.1 7.31 0 1.4 NA NA 41.6
1983113 1983 04 23 208.34 22.3 9.3 0 2.6 NA NA 41.14
1983114 1983 04 24 211.81 22.4 9.73 0 1.7 NA NA 43.14
1983115 1983 04 25 219.91 20.7 10.4 0 3 NA NA 45.42
1983116 1983 04 26 144.48 17.6 10.22 0 2.1 NA NA 53.71
1983117 1983 04 27 216.77 20.3 10.3 0 1.6 NA NA 42.01
1983118 1983 04 28 264.07 23.2 10.94 0 2.2 NA NA 37.72
1983119 1983 04 29 268.67 25.86 12.4 0 1.7 NA NA 34.98
1983120 1983 04 30 223.38 27.1 13.35 0 3.9 NA NA 39.13
1983121 1983 05 01 280.09 20.88 9.8 0 5.3 NA NA 25.26
1983122 1983 05 02 292.84 19.5 8 0 3 NA NA 25.73
1983123 1983 05 03 280.09 20.3 7.2 0 1.7 NA NA 26.2
1983124 1983 05 04 142.98 14.7 8.1 0 4.1 NA NA 52.82
1983125 1983 05 05 267.36 18.5 6.4 0 4 NA NA 33.17
1983126 1983 05 06 291.7 18.93 4.1 0 1.8 NA NA 36.6
1983127 1983 05 07 231.48 18.9 6.58 0 3.8 NA NA 37.52
1983128 1983 05 08 210.29 16.03 4.9 0 2.1 NA NA 24.39
1983129 1983 05 09 273.15 16.4 5.1 0 3.5 NA NA 39.7
1983130 1983 05 10 149.31 13.91 4.2 0 4.5 NA NA 51.65
1983131 1983 05 11 155.08 14.9 5.29 0 4.2 NA NA 43.68
1983132 1983 05 12 162.58 13.8 4.2 2 1.1 NA NA 51.95
1983133 1983 05 13 124.93 15.6 5.59 6.1 4.1 NA NA 53.06
1983134 1983 05 14 214.84 20.2 6.2 24 3.2 NA NA 44.76
1983135 1983 05 15 248.16 20.67 8.3 0 1.1 NA NA 41.11
1983136 1983 05 16 139.7 19.4 11.5 4.1 2.1 NA NA 51.89
1983137 1983 05 17 253.47 23.7 11.7 0 2.4 NA NA 49.62
1983138 1983 05 18 298.7 24.74 11.42 0 1.7 NA NA 45.32
1983139 1983 05 19 300.97 25.3 13.32 0 1.8 NA NA 45.3
1983140 1983 05 20 306.71 26.7 14.4 0 0.9 NA NA 34.7
1983141 1983 05 21 273.81 27.9 15.17 0 0.7 NA NA 26.35
1983142 1983 05 22 300.93 27.68 14.8 0 0.9 NA NA 28.15
1983143 1983 05 23 183.81 24.52 14.8 7.13 3.6 NA NA 51.51
1983144 1983 05 24 189.81 22 12.87 4.13 2.9 NA NA 58.86
1983145 1983 05 25 238.43 26.4 14.7 0 3 NA NA 43.88
1983146 1983 05 26 299.77 27.11 14.6 0 2 NA NA 18.73
1983147 1983 05 27 334.9 27.29 13.6 0 0.8 NA NA 18.3
1983148 1983 05 28 318.29 28.2 15.8 0 0.7 NA NA 17.64
1983149 1983 05 29 257.2 30.06 18.03 0 0.9 NA NA 31.65
1983150 1983 05 30 134.58 21.17 16.33 12.03 0.6 NA NA 68.25
1983151 1983 05 31 209.51 24.71 16 0 0.9 NA NA 58.78
1983152 1983 06 01 274.99 26.1 11.9 0 2.5 NA NA 39
1983153 1983 06 02 232.6 22.6 10.34 0 3.2 NA NA 26.56
1983154 1983 06 03 191.36 19.8 8.71 0 3 NA NA 31.37
1983155 1983 06 04 291.67 22.2 8.09 5.9 2.8 NA NA 32.67
1983156 1983 06 05 155.09 19.52 11.14 8.3 1.75 NA NA 58.8
1983157 1983 06 06 240.7 22.2 10.6 0 2.5 NA NA 44.02
1983158 1983 06 07 286.44 20.2 9.4 0 2.4 NA NA 30.6
1983159 1983 06 08 265.05 23.3 9.74 0 3.3 NA NA 25.79
1983160 1983 06 09 259.68 21 9.9 0 3.4 NA NA 24.31
1983161 1983 06 10 280.09 24.7 9.6 0 3.63 NA NA 20.07
1983162 1983 06 11 150.46 21.3 13.75 14.2 3.8 NA NA 62.02
1983163 1983 06 12 161.12 23.51 13.92 0 3.5 NA NA 54.58
1983164 1983 06 13 226.85 22.7 10.8 3 2.3 NA NA 43.98
1983165 1983 06 14 144.68 18.6 9.69 0 0.9 NA NA 57.31
1983166 1983 06 15 249.19 23.7 12.03 0 2 NA NA 41.81
1983167 1983 06 16 165 20.7 11.37 0 1.3 NA NA 55.2
1983168 1983 06 17 245.37 22.2 9.9 2.9 1.8 NA NA 30.66
1983169 1983 06 18 208.33 20.6 10.29 1.2 0.7 NA NA 47.46
1983170 1983 06 19 91.44 16.98 12.12 18.16 2.5 NA NA 65.73
1983171 1983 06 20 156.01 20.63 11.6 13.62 3.5 NA NA 60.67
1983172 1983 06 21 58.98 16.5 11.7 10.8 4.5 NA NA 85.08
1983173 1983 06 22 309.11 24.6 10.6 0 2.3 NA NA 37.47
1983174 1983 06 23 178.31 23.11 14.5 0 2.8 NA NA 46.9
1983175 1983 06 24 189.81 23.5 12.4 1.2 3.12 NA NA 48.7
1983176 1983 06 25 203.71 21.04 10.6 0 2.5 NA NA 43.63
1983177 1983 06 26 267.36 22.87 10.39 2.99 2.4 NA NA 33.28
1983178 1983 06 27 189.81 21.21 11.7 14.33 1.3 NA NA 49.98
1983179 1983 06 28 183.77 22.7 14 0 1.3 NA NA 30.07
1983180 1983 06 29 268.95 22.7 11.1 0 3 NA NA 33.31
1983181 1983 06 30 329.19 22.4 9.66 0 2.6 NA NA 30.6
1983182 1983 07 01 309.26 23.68 10.43 0 2.6 NA NA 30.3
1983183 1983 07 02 242.37 24.4 11.89 7.89 1.6 NA NA 34.21
1983184 1983 07 03 259.26 23.7 13.4 0 4.1 NA NA 44.94
1983185 1983 07 04 288.77 24.07 11.88 0 1.69 NA NA 39.61
1983186 1983 07 05 134.97 19.98 16.1 1.4 1.5 NA NA 73.5
1983187 1983 07 06 241.9 25.6 15.1 2 1.9 NA NA 42.4
1983188 1983 07 07 253.47 24.19 15.2 0 1.4 NA NA 42.62
1983189 1983 07 08 151.62 21.74 14.7 0 1 NA NA 50.16
1983190 1983 07 09 256.94 24.5 13.39 0 2.5 NA NA 32.28
1983191 1983 07 10 259.26 24.71 14 11.59 2.9 NA NA 34.37
1983192 1983 07 11 259.26 27 13.4 0 1.9 NA NA 26.5
1983193 1983 07 12 270.83 30.8 16.4 0 3 NA NA 36.29
1983194 1983 07 13 217.59 24.4 15.3 0 5.05 NA NA 42.61
1983195 1983 07 14 240.74 25.66 14.6 0 2.8 NA NA 35.91
1983196 1983 07 15 159.99 22.9 15.7 5.1 4.1 NA NA 52.39
1983197 1983 07 16 304.54 24.9 13.6 0 4.8 NA NA 26.5
1983198 1983 07 17 136.44 20.89 12.3 9.8 2 NA NA 55.08
1983199 1983 07 18 224.33 24 13 0 2.9 NA NA 40.41
1983200 1983 07 19 195.12 22.94 11.9 0 2.5 NA NA 46.82
1983201 1983 07 20 152.78 21.49 13.9 0 2.5 NA NA 55.18
1983202 1983 07 21 211.81 25.1 15.2 0 2.5 NA NA 42.29
1983203 1983 07 22 197.92 25.14 15.8 0 1.5 NA NA 39.15
1983204 1983 07 23 239.58 27.7 15.5 4.33 2.3 NA NA 30.17
1983205 1983 07 24 244.02 26 14.9 1.15 2.22 NA NA 36.11
1983206 1983 07 25 179.84 22.9 12.71 7.83 2.8 NA NA 46.82
1983207 1983 07 26 260.42 24.6 13.3 0 3.74 NA NA 31.85
1983208 1983 07 27 281.37 24.7 12.56 0 3.8 NA NA 30.69
1983209 1983 07 28 255.79 25.57 11.9 0 2.5 NA NA 29.1
1983210 1983 07 29 171.25 25 15.7 1.17 3 NA NA 38.1
1983211 1983 07 30 173.28 24.4 13.8 6.99 2.4 NA NA 42.15
1983212 1983 07 31 193.29 24.7 14.6 1.1 2 NA NA 39.36
1983213 1983 08 01 133.13 21.6 13.61 2.17 1.4 NA NA 62.22
1983214 1983 08 02 134.66 21.44 12.95 1.37 4.5 NA NA 53.85
1983215 1983 08 03 270.83 24.5 11.7 0 4.5 NA NA 27.86
1983216 1983 08 04 193.16 24.5 12.74 0 2 NA NA 32.31
1983217 1983 08 05 180.21 24.1 15 0 2.2 NA NA 41.61
1983218 1983 08 06 260.56 30.98 16.8 0 3.9 NA NA 34
1983219 1983 08 07 263.89 26.8 16 0 2.1 NA NA 34.09
1983220 1983 08 08 246.53 30.47 16.5 0 3.4 NA NA 32.42
1983221 1983 08 09 260.42 27.3 17.51 0 1.49 NA NA 30.72
1983222 1983 08 10 229.17 29.03 17.75 0 1 NA NA 26.74
1983223 1983 08 11 253.47 30.3 20.3 0 0.7 NA NA 29.7
1983224 1983 08 12 251.16 31.7 21.14 0 1.7 NA NA 27.48
1983225 1983 08 13 244.27 29.42 18.4 0 2.5 NA NA 29.2
1983226 1983 08 14 72.43 20.99 11.2 12.42 3.3 NA NA 51.43
1983227 1983 08 15 228.01 24.3 11 0 2.7 NA NA 33.61
1983228 1983 08 16 196.48 23.09 12 0 2.4 NA NA 34.64
1983229 1983 08 17 248.84 25.4 13.6 0 2.8 NA NA 33.5
1983230 1983 08 18 199.62 21.88 11.7 0 4.56 NA NA 32.22
1983231 1983 08 19 184.03 21.08 8.1 0 3.81 NA NA 28.2
1983232 1983 08 20 203.67 20 8 0 3.8 NA NA 31.93
1983233 1983 08 21 144.68 21.2 8.06 0 2.6 NA NA 29.46
1983234 1983 08 22 89.1 18.1 10.86 17.11 1.8 NA NA 60.42
1983235 1983 08 23 159.64 20.87 10.8 0 2 NA NA 40.14
1983236 1983 08 24 174.36 21.4 9.69 0 2.3 NA NA 30.43
1983237 1983 08 25 237.01 22.58 8.1 0 2.5 NA NA 29.66
1983238 1983 08 26 228.44 26.5 12.4 0 3.6 NA NA 30.63
1983239 1983 08 27 234.95 27.81 14.9 0 3.3 NA NA 24.67
1983240 1983 08 28 231.48 29.51 16.11 0 3.9 NA NA 21.99
1983241 1983 08 29 91.55 19.09 13.7 0 2.9 NA NA 47.47
1983242 1983 08 30 234.95 25 11.5 0 1.79 NA NA 24.2
1983243 1983 08 31 221.06 28.5 13.5 0 3.3 NA NA 29.5
1983244 1983 09 01 224.54 30.1 15.5 0 3.4 NA NA 25.94
1983245 1983 09 02 145.83 26.71 16.9 0 2.6 NA NA 29.75
1983246 1983 09 03 54.4 17.97 12.5 40.8 1.6 NA NA 59.66
1983247 1983 09 04 205.03 21.8 9.88 0 4 NA NA 36.25
1983248 1983 09 05 172.45 23.05 13 0 2.7 NA NA 38.6
1983249 1983 09 06 102.12 19.87 11.86 0 2 NA NA 41.7
1983250 1983 09 07 98.94 16.99 7.8 0 3.8 NA NA 48.02
1983251 1983 09 08 115.74 18.8 7.3 0 3.2 NA NA 34.09
1983252 1983 09 09 144.66 19.6 9.42 0 2.7 NA NA 42.84
1983253 1983 09 10 143.72 21.42 11.5 0 2.08 NA NA 44.85
1983254 1983 09 11 195.6 22.5 12.01 0 2.2 NA NA 35.98
1983255 1983 09 12 81.02 17.6 10.9 1.2 0.8 NA NA 57.41
1983256 1983 09 13 85.1 17.3 6.54 2.81 3.2 NA NA 44.69
1983257 1983 09 14 174.77 15.79 5.28 0 3.4 NA NA 32.2
1983258 1983 09 15 201.07 14.3 3.4 0 1.9 NA NA 34.49
1983259 1983 09 16 197.92 18.8 4.29 0 2.9 NA NA 32.73
1983260 1983 09 17 196.94 20.2 5.8 0 1.4 NA NA 30.54
1983261 1983 09 18 193.35 20.8 6.6 0 0.6 NA NA 30.71
1983262 1983 09 19 189.81 21.23 7.97 0 0.4 NA NA 28.64
1983263 1983 09 20 121.15 19.8 8.4 0 0.6 NA NA 30.69
1983264 1983 09 21 127.59 19.5 8.8 2.4 2.6 NA NA 43.87
1983265 1983 09 22 188.66 16.4 5.18 0 2.1 NA NA 24.47
1983266 1983 09 23 186.34 18.8 3.6 0 2.6 NA NA 20.18
1983267 1983 09 24 137.73 21.72 8.4 0 3.1 NA NA 35.6
1983268 1983 09 25 153.2 23.6 10.43 0 1.2 NA NA 39.39
1983269 1983 09 26 174.77 24.38 11.2 0 2.5 NA NA 28.9
1983270 1983 09 27 131.36 21.78 10.1 0 3.8 NA NA 46.21
1983271 1983 09 28 42.2 14.9 6.1 6.66 5.2 NA NA 59.59
1983272 1983 09 29 148.15 19.32 5.6 10.94 4.7 NA NA 31.9
1983273 1983 09 30 165.61 17 6.7 0 3.4 NA NA 38.96
1983274 1983 10 01 141.2 16 7.9 0 3.2 NA NA 32.4
1983275 1983 10 02 54.75 16.11 9.8 2.3 5.2 NA NA 56.2
1983276 1983 10 03 48.87 15.8 12.6 1.2 4.71 NA NA 81.17
1983277 1983 10 04 28.93 13.39 6.77 15.6 3.4 NA NA 52.38
1983278 1983 10 05 56.71 8.56 6.23 0 1.89 NA NA 65.95
1983279 1983 10 06 81.02 12.8 3.37 0 2.7 NA NA 43.22
1983280 1983 10 07 64.59 11.3 3.29 0 2.1 NA NA 47.52
1983281 1983 10 08 147.1 16.33 2.1 0 2 NA NA 34.96
1983282 1983 10 09 72.92 13.17 3.08 0 0.66 NA NA 44.47
1983283 1983 10 10 136.57 16.4 4.1 0 3 NA NA 38.45
1983284 1983 10 11 42.82 10.6 6.6 5.6 3.3 NA NA 70.52
1983285 1983 10 12 118.06 13.8 4.85 0 1.2 NA NA 47.5
1983286 1983 10 13 59.03 13.8 8.51 4.37 2.9 NA NA 56.24
1983287 1983 10 14 78.77 19.82 11.04 0 4.2 NA NA 52.52
1983288 1983 10 15 93.75 20.2 10.5 0 2.9 NA NA 52.26
1983289 1983 10 16 61.26 12.7 6.9 0 1.4 NA NA 59.92
1983290 1983 10 17 97.03 17.3 7 0 3.7 NA NA 51.92
1983291 1983 10 18 30.56 12 11 0 3 NA NA 93.63
1983292 1983 10 19 48.55 18.8 10.8 0 2.1 NA NA 64.03
1983293 1983 10 20 26.62 12.87 10 13.8 2.83 NA NA 85.37
1983294 1983 10 21 23.15 10 7.12 13.8 2.8 NA NA 85.68
1983295 1983 10 22 24.28 10.78 6.01 13.04 4.7 NA NA 77.33
1983296 1983 10 23 69.44 11.8 5.42 0 4.1 NA NA 42.2
1983297 1983 10 24 59.03 15.7 5.34 0 4.7 NA NA 52.8
1983298 1983 10 25 36.93 15.4 10.02 0 5.4 NA NA 50.5
1983299 1983 10 26 65.4 20.77 13.18 0 5.15 NA NA 49.44
1983300 1983 10 27 39.35 16.2 12.41 1.6 3.9 NA NA 58.48
1983301 1983 10 28 27.78 11.6 10.8 0 1.93 NA NA 88.36
1983302 1983 10 29 21.99 11.5 9.8 11.69 2 NA NA 90.35
1983303 1983 10 30 21.99 11 8.7 17.95 1 NA NA 89.49
1983304 1983 10 31 49.77 13.9 5.3 0 1.61 NA NA 58.95
1983305 1983 11 01 32.01 7.8 1.6 0 3.5 NA NA 66.33
1983306 1983 11 02 54.4 7.43 1.3 0 2.1 NA NA 48.3
1983307 1983 11 03 46.3 6.7 0.7 0 3.1 NA NA 66.27
1983308 1983 11 04 48.61 11.2 4.71 0 4 NA NA 53.3
1983309 1983 11 05 53.63 9.4 3.2 0 2.7 NA NA 46.12
1983310 1983 11 06 42.82 7.2 3.4 0 2.7 NA NA 53.6
1983311 1983 11 07 30.09 5.9 1.56 0 2.7 NA NA 54.44
1983312 1983 11 08 45.14 5.4 0.7 0 1.1 NA NA 46.1
1983313 1983 11 09 20.83 2.9 -0.76 1.4 3.6 NA NA 83.04
1983314 1983 11 10 53.24 3.1 -1.7 0 3.2 NA NA 58.3
1983315 1983 11 11 75.23 0.9 -4.06 0 2.2 NA NA 61.79
1983316 1983 11 12 75.23 2.18 -4.41 0 4.71 NA NA 43.16
1983317 1983 11 13 17.53 2.7 -0.2 6.82 3.76 NA NA 85.67
1983318 1983 11 14 30.09 4.2 1.09 0 1.46 NA NA 78.09
1983319 1983 11 15 46.07 3.9 -1.2 0 1.9 NA NA 70.95
1983320 1983 11 16 34.72 1.7 -3.22 0 0.6 NA NA 74.63
1983321 1983 11 17 54.4 -1.46 -4.78 0 1.8 NA NA 88.3
1983322 1983 11 18 55.56 1.74 -2.7 0 2.3 NA NA 63.28
1983323 1983 11 19 43.98 0.6 -2.9 0 2.9 NA NA 82.71
1983324 1983 11 20 45.14 -1.02 -3.81 0 1.8 NA NA 87.34
1983325 1983 11 21 34.72 2.23 -3.19 0 3.9 NA NA 72.9
1983326 1983 11 22 39.35 4.6 1.1 0 4.5 NA NA 72.9
1983327 1983 11 23 25.46 2.91 0.9 0 3 NA NA 88.05
1983328 1983 11 24 19.68 4.1 1.4 0 3 NA NA 83.31
1983329 1983 11 25 17.9 4.86 3.2 1.6 2.1 NA NA 91.3
1983330 1983 11 26 27.78 3.83 -1.2 0 2.9 NA NA 70.04
1983331 1983 11 27 52.08 1 -2.6 0 4.6 NA NA 58.18
1983332 1983 11 28 27.78 -0.62 -5.9 0 4.4 NA NA 50
1983333 1983 11 29 61.35 -3 -6.82 0 4.11 NA NA 53.6
1983334 1983 11 30 6.49 -1.54 -5.61 5.11 2.39 NA NA 83.97
1983335 1983 12 01 35.88 -1.15 -4 0 1.79 NA NA 87.88
1983336 1983 12 02 23.15 1.84 -4 3.7 2.4 NA NA 70.85
1983337 1983 12 03 52.08 1.6 -2.6 3.2 3.2 NA NA 60.48
1983338 1983 12 04 12.73 0.3 -4.1 8.58 2.5 NA NA 82.7
1983339 1983 12 05 63.66 0.3 -10.15 0 3.1 NA NA 53.28
1983340 1983 12 06 34.72 6.6 -1 4.1 4.8 NA NA 63.14
1983341 1983 12 07 21.99 6.05 5.22 0 3.4 NA NA 92.57
1983342 1983 12 08 12.17 5.5 3.11 4.9 3.8 NA NA 79.41
1983343 1983 12 09 45.14 4.95 2.36 0 1.2 NA NA 73.53
1983344 1983 12 10 19.68 4.93 -0.2 0 3 NA NA 56.06
1983345 1983 12 11 61.41 1.5 -2.81 0 4.7 NA NA 29.55
1983346 1983 12 12 62.5 -0.18 -4.52 0 4.86 NA NA 24.94
1983347 1983 12 13 62.03 -1.93 -6.16 0 4.3 NA NA 28.57
1983348 1983 12 14 61.36 -2.9 -7.1 0 2.91 NA NA 31.18
1983349 1983 12 15 59.92 -5.32 -9.23 0 2.3 NA NA 52.34
1983350 1983 12 16 40.77 -6.41 -9.02 0 1.5 NA NA 80.93
1983351 1983 12 17 40.51 -6 -8.92 0 1.4 NA NA 79.65
1983352 1983 12 18 54.4 -6.28 -9.2 0 2.6 NA NA 84
1983353 1983 12 19 50.93 -3.7 -9.2 0 4.6 NA NA 66.41
1983354 1983 12 20 15.01 1.79 -5.66 12.79 5.2 NA NA 66.01
1983355 1983 12 21 26.62 1.6 -3.62 2.2 3.1 NA NA 79.63
1983356 1983 12 22 53.24 -1.3 -7.4 0 3 NA NA 50.41
1983357 1983 12 23 18.52 0.5 -7.37 1.1 5.3 NA NA 49.9
1983358 1983 12 24 28.94 3.1 -1.35 0 2.4 NA NA 77.25
1983359 1983 12 25 27.49 3.8 1.9 0 2 NA NA 86.4
1983360 1983 12 26 24.31 3.92 0.6 0 1.7 NA NA 76.11
1983361 1983 12 27 19.68 2.2 -4.3 0 3 NA NA 73.53
1983362 1983 12 28 54.4 -1.3 -5.6 0 2.7 NA NA 60.47
1983363 1983 12 29 34.72 5.01 -2.58 1.7 4.3 NA NA 65.72
1983364 1983 12 30 23.15 5.06 1.8 0 1.9 NA NA 81.67
1983365 1983 12 31 41.67 3.5 1.5 0 1.2 NA NA 79.52
1984001 1984 01 01 24.31 5.5 1.6 1.8 4.7 NA NA 73.55
1984002 1984 01 02 19.68 5 2.4 0 4.23 NA NA 62.59
1984003 1984 01 03 19.68 3.7 1.98 1.55 0.65 NA NA 82.5
1984004 1984 01 04 17.36 3.7 -0.24 4.89 3.5 NA NA 73.79
1984005 1984 01 05 24.31 3.4 1.6 0 1.8 NA NA 81.4
1984006 1984 01 06 24.31 4.4 1.8 3.86 1.9 NA NA 83.8
1984007 1984 01 07 26.62 5.71 1.8 3.3 3 NA NA 79.4
1984008 1984 01 08 28.94 5.5 1.6 3.9 3 NA NA 79.25
1984009 1984 01 09 24.31 4.6 -0.1 0 2.7 NA NA 68.12
1984010 1984 01 10 25.46 1.5 -6.63 0 6 NA NA 58.88
1984011 1984 01 11 60.19 -5.2 -16.8 0 6.35 NA NA 10.71
1984012 1984 01 12 56.71 -9.6 -16.71 0 2.8 NA NA 32.59
1984013 1984 01 13 38.19 -5 -9.43 0 3.4 NA NA 64
1984014 1984 01 14 46.3 -4.6 -8.53 0 2.5 NA NA 73.49
1984015 1984 01 15 65.97 -4.04 -7 0 2.88 NA NA 80.71
1984016 1984 01 16 75.23 -3.2 -6.51 0 2.26 NA NA 76.4
1984017 1984 01 17 50.93 -4.89 -8.41 0 2.9 NA NA 78.05
1984018 1984 01 18 76.42 -5.61 -10.85 0 3.9 NA NA 44.89
1984019 1984 01 19 76.44 -4.16 -12.21 0 2.39 NA NA 46.12
1984020 1984 01 20 77.55 -4.7 -8.7 0 3.9 NA NA 53.13
1984021 1984 01 21 79.86 -4.64 -8.5 0 3.3 NA NA 55.38
1984022 1984 01 22 72.92 -7 -12.2 0 3.6 NA NA 54.65
1984023 1984 01 23 75.18 -7 -12.4 0 0.8 NA NA 57.92
1984024 1984 01 24 75.23 -4.42 -12.08 0 2.6 NA NA 52.58
1984025 1984 01 25 45.14 -3.93 -7.11 0 5.4 NA NA 76.12
1984026 1984 01 26 54.4 -3.42 -11.1 0 7.5 NA NA 50.12
1984027 1984 01 27 93.27 -9.28 -15.1 0 2.7 NA NA 45.66
1984028 1984 01 28 54.4 -9.59 -15.8 0 1.8 NA NA 62.98
1984029 1984 01 29 69.88 -9 -12.4 0 5.1 NA NA 62.22
1984030 1984 01 30 37.04 -8.21 -11.36 4.1 7.7 NA NA 76.81
1984031 1984 01 31 42.82 -2.7 -9.56 2.5 5.49 NA NA 54.22
1984032 1984 02 01 38.51 -0.18 -7.76 0 2.1 NA NA 75.5
1984033 1984 02 02 85.65 -1.7 -13.4 0 2.7 NA NA 45.4
1984034 1984 02 03 86.81 -4 -15.81 0 3.9 NA NA 44.84
1984035 1984 02 04 40.51 -1 -6.35 0 5.3 NA NA 75.4
1984036 1984 02 05 94.91 1.2 -4.78 1.86 5.5 NA NA 60.99
1984037 1984 02 06 101.9 2.5 -3.1 0 4.55 NA NA 74.17
1984038 1984 02 07 49.77 2.67 -2.55 1.5 4.3 NA NA 80.3
1984039 1984 02 08 68.66 2.1 -2.2 3.4 2.7 NA NA 80.18
1984040 1984 02 09 43.98 2.3 -1.6 0 2.5 NA NA 84.05
1984041 1984 02 10 98.38 0.5 -3.89 0 2.52 NA NA 77.4
1984042 1984 02 11 54.37 2.8 -3 0 3.7 NA NA 71.93
1984043 1984 02 12 47.45 2.8 -1 1.6 2.8 NA NA 81.82
1984044 1984 02 13 86.81 3.5 -2.2 0 2.4 NA NA 62.46
1984045 1984 02 14 95.12 3.3 -3.32 0 1.9 NA NA 66.5
1984046 1984 02 15 105.52 5.8 0.4 0 3 NA NA 56.86
1984047 1984 02 16 123.84 4.77 -0.5 0 1.3 NA NA 56.46
1984048 1984 02 17 115.74 5.61 -1.5 0 3.42 NA NA 55.67
1984049 1984 02 18 126.16 10.09 1.3 0 4 NA NA 43.09
1984050 1984 02 19 33.56 2.5 -1.1 10.22 3.6 NA NA 80.07
1984051 1984 02 20 119.21 1.2 -4.45 0 3.3 NA NA 72.27
1984052 1984 02 21 53.24 -0.08 -8.78 7.88 4 NA NA 71.72
1984053 1984 02 22 132.31 1.6 -9.48 0 3.9 NA NA 60.27
1984054 1984 02 23 57.93 3 0.2 0 4.97 NA NA 73.8
1984055 1984 02 24 33.57 4.18 -1.05 15.27 3.4 NA NA 72.85
1984056 1984 02 25 128.47 4.51 -2.3 0 2.09 NA NA 55.38
1984057 1984 02 26 53.24 0.9 -1.2 4 3.9 NA NA 82.69
1984058 1984 02 27 104.17 2.49 -1.37 0 5.4 NA NA 69.71
1984059 1984 02 28 38.19 4.19 -0.9 3.48 5.3 NA NA 67.81
1984060 1984 02 29 0 0 0 0 0 NA NA 0
1984061 1984 03 01 110.14 6.7 0.75 4.1 3.8 NA NA 54.35
1984062 1984 03 02 120.37 5.9 -0.5 0 1.5 NA NA 53.9
1984063 1984 03 03 112.27 3.9 -0.9 0 1.7 NA NA 61.54
1984064 1984 03 04 118.83 3.9 -1.54 1.2 2.6 NA NA 57.24
1984065 1984 03 05 42.34 3.9 -1.76 5.1 5.8 NA NA 69.25
1984066 1984 03 06 96.06 2.2 -2 0 7.72 NA NA 62.8
1984067 1984 03 07 69.44 -0.5 -4.06 1.1 6.6 NA NA 65.5
1984068 1984 03 08 111.8 -1.31 -5.38 0 6.01 NA NA 66.84
1984069 1984 03 09 147.19 -0.61 -5.87 0 4.3 NA NA 64.47
1984070 1984 03 10 138.89 6.54 -1.9 0 5.16 NA NA 54.92
1984071 1984 03 11 173.7 5.5 -0.95 0 3.5 NA NA 45.94
1984072 1984 03 12 181.49 8.3 -1.7 0 2.7 NA NA 43.53
1984073 1984 03 13 182.87 9.44 -1.1 0 0.4 NA NA 43.14
1984074 1984 03 14 131.32 7.5 -1.18 0 0.6 NA NA 48.22
1984075 1984 03 15 185.86 8.62 -1.3 0 1.7 NA NA 44.9
1984076 1984 03 16 184.03 10.2 -0.8 0 1.8 NA NA 44.69
1984077 1984 03 17 162.07 10.16 -1.2 0 0.8 NA NA 43.59
1984078 1984 03 18 126.34 9.18 1.5 0 3.39 NA NA 49.86
1984079 1984 03 19 119.21 12.8 3.8 0 3.91 NA NA 46.49
1984080 1984 03 20 118.06 9.94 3.25 0 2.2 NA NA 45.2
1984081 1984 03 21 71.76 6.78 2.4 3 0.9 NA NA 72.7
1984082 1984 03 22 192.13 8.81 0.14 0 3 NA NA 41.94
1984083 1984 03 23 90.28 8.32 -0.56 0 5.41 NA NA 41.83
1984084 1984 03 24 39.41 6.3 2.6 6.03 3.8 NA NA 75.66
1984085 1984 03 25 41.14 3.9 -2.11 18.4 6.7 NA NA 66.7
1984086 1984 03 26 206.02 2.6 -2.81 0 3.9 NA NA 49.59
1984087 1984 03 27 83.33 2.6 -2.34 0 2.9 NA NA 56.6
1984088 1984 03 28 71.24 4.9 -0.6 0 4.4 NA NA 63.17
1984089 1984 03 29 83.33 2.88 -1.1 0 5 NA NA 68.55
1984090 1984 03 30 144.59 6.5 0 0 1.8 NA NA 52.28
1984091 1984 03 31 206.02 11.11 -0.2 0 3.4 NA NA 43.25
1984092 1984 04 01 209.49 13.7 2.1 0 4.6 NA NA 41.89
1984093 1984 04 02 211.96 12.73 1.3 0 2.9 NA NA 42.2
1984094 1984 04 03 215.07 15.1 1.6 0 1.7 NA NA 35.35
1984095 1984 04 04 211.95 16.2 2.5 0 1.9 NA NA 33.5
1984096 1984 04 05 200.23 16.9 3.99 0 3.8 NA NA 36.5
1984097 1984 04 06 47.02 7.3 -0.9 5.99 3.7 NA NA 55.25
1984098 1984 04 07 117.78 5.02 -0.9 0 5.9 NA NA 48.96
1984099 1984 04 08 93.75 2.93 -2.16 0 6.1 NA NA 49.2
1984100 1984 04 09 115.74 3.02 -2.97 0 4.5 NA NA 49.05
1984101 1984 04 10 144.13 4.8 -3.2 0 2.3 NA NA 41.6
1984102 1984 04 11 177.08 6.83 -2.5 0 1.4 NA NA 37.75
1984103 1984 04 12 180.56 11 -0.6 0 2.7 NA NA 36
1984104 1984 04 13 133.87 11.6 2.9 0 4.82 NA NA 38.15
1984105 1984 04 14 197.92 13.8 2.14 0 4.9 NA NA 33.3
1984106 1984 04 15 227.95 13.1 1.7 0 3.6 NA NA 35.29
1984107 1984 04 16 137.73 9.62 1.58 0 1.2 NA NA 36.56
1984108 1984 04 17 78.41 7.5 1.6 0 2.6 NA NA 49.7
1984109 1984 04 18 115.69 13.22 3.5 0 3.8 NA NA 48.81
1984110 1984 04 19 122.69 16.78 6.1 0 5.91 NA NA 40.32
1984111 1984 04 20 239.68 20.7 8.95 0 4.7 NA NA 33.28
1984112 1984 04 21 175.93 18.8 8.4 0 2.4 NA NA 43.81
1984113 1984 04 22 134.26 17.2 8.14 2.24 3.4 NA NA 50.32
1984114 1984 04 23 115.74 17.04 9.32 0 4.7 NA NA 52
1984115 1984 04 24 218.75 18.9 5.1 0 3.2 NA NA 40.49
1984116 1984 04 25 80.37 7.76 3.4 31.65 5.38 NA NA 58.72
1984117 1984 04 26 63.64 8.6 0.9 7.99 3.9 NA NA 67.99
1984118 1984 04 27 46.61 2.65 0.77 3 5.2 NA NA 75.85
1984119 1984 04 28 76.7 4.8 1.25 0 4 NA NA 69.79
1984120 1984 04 29 222.22 15.38 0.9 0 2.9 NA NA 40.13
1984121 1984 04 30 128.47 11.4 2.23 0 3 NA NA 51.92
1984122 1984 05 01 259.26 19.1 3.1 0 3.4 NA NA 36.97
1984123 1984 05 02 168.98 18.8 8.7 3.4 3.3 NA NA 43.42
1984124 1984 05 03 120.26 13.79 7 5.1 1.69 NA NA 66.1
1984125 1984 05 04 128.47 11.79 5.7 0 1.8 NA NA 60.39
1984126 1984 05 05 275.39 15.6 3.89 0 1.29 NA NA 44.63
1984127 1984 05 06 229.17 19.5 6.2 1.56 2.8 NA NA 42.09
1984128 1984 05 07 166.55 16.2 5.11 0 2.9 NA NA 45.7
1984129 1984 05 08 241.9 16.69 4.2 2 0.9 NA NA 46.45
1984130 1984 05 09 136.45 14.07 5.93 0 2.6 NA NA 53.11
1984131 1984 05 10 221.17 18.88 3.8 0 2.8 NA NA 34.7
1984132 1984 05 11 181.71 14.77 4.6 4.32 3.3 NA NA 51.62
1984133 1984 05 12 306.71 18.9 3.49 0 3.2 NA NA 34.7
1984134 1984 05 13 155.23 16.13 6.89 5.23 2.1 NA NA 62.61
1984135 1984 05 14 189.5 19.28 8 0 3.2 NA NA 49.51
1984136 1984 05 15 252.22 20.88 7.63 0 2.8 NA NA 39
1984137 1984 05 16 311.4 22.3 7.5 0 0.5 NA NA 33.5
1984138 1984 05 17 307.81 24.52 11.09 0 0.7 NA NA 34.1
1984139 1984 05 18 294.28 27 11.9 0 2.4 NA NA 40.63
1984140 1984 05 19 319.46 21.5 9 0 4.1 NA NA 30.7
1984141 1984 05 20 309.03 21.46 7.97 0 3.1 NA NA 39.23
1984142 1984 05 21 300.95 23.3 9.3 2.4 2.4 NA NA 46.51
1984143 1984 05 22 290.7 22.2 11.5 0 2.5 NA NA 39.42
1984144 1984 05 23 171.3 20.32 11.3 3.8 1.9 NA NA 48.41
1984145 1984 05 24 197.08 20.41 9.8 1.2 1.7 NA NA 47.4
1984146 1984 05 25 290.02 21.4 10.9 0 2.9 NA NA 35.3
1984147 1984 05 26 145.39 17.49 9.08 13.64 2.09 NA NA 60.79
1984148 1984 05 27 232.64 25.41 11.47 0 4.3 NA NA 42.75
1984149 1984 05 28 294.14 23.5 13.38 0 2 NA NA 37.6
1984150 1984 05 29 247.44 25.7 14.71 0 3.1 NA NA 30.8
1984151 1984 05 30 255.69 27.29 14.2 0 3.33 NA NA 46.52
1984152 1984 05 31 278.94 24.8 14.59 0 1.2 NA NA 36.15
1984153 1984 06 01 284.83 25.05 15.64 0 2.2 NA NA 42.1
1984154 1984 06 02 254.63 27.8 14.3 0 3.1 NA NA 39.7
1984155 1984 06 03 233.8 23.8 14.6 0 3.3 NA NA 49.8
1984156 1984 06 04 282.41 23.4 13.5 0 2.7 NA NA 36.4
1984157 1984 06 05 126.17 18.23 12.1 15.45 2.6 NA NA 62.71
1984158 1984 06 06 144.68 19.22 12.2 1.1 3.3 NA NA 61.6
1984159 1984 06 07 291.67 22.5 10.66 0 4.9 NA NA 36
1984160 1984 06 08 241.66 19.5 9.15 0 4 NA NA 39.93
1984161 1984 06 09 86.98 14 8.53 20.24 2 NA NA 76.75
1984162 1984 06 10 271.99 22.6 8.6 0 1.6 NA NA 36.4
1984163 1984 06 11 333.32 24.5 11.7 0 1.4 NA NA 29.08
1984164 1984 06 12 288.51 26.72 14.8 0 1.3 NA NA 30.94
1984165 1984 06 13 299.77 27.18 16.8 0 1 NA NA 38.73
1984166 1984 06 14 171.5 21.44 12.4 13.95 3.6 NA NA 47.44
1984167 1984 06 15 171.3 21.08 11.85 10.39 3.2 NA NA 47.53
1984168 1984 06 16 258.1 22.33 11.93 0 0.8 NA NA 43
1984169 1984 06 17 259.36 24.06 12.04 2.9 2.5 NA NA 42.53
1984170 1984 06 18 159.72 21 11.6 0 1.4 NA NA 61.6
1984171 1984 06 19 160.03 22.8 13.4 14.58 1.8 NA NA 59.09
1984172 1984 06 20 48.78 15.05 9.98 13.43 4.6 NA NA 77.21
1984173 1984 06 21 91.44 14.73 9.2 12.47 4.52 NA NA 65.9
1984174 1984 06 22 71.67 13.61 9.3 5.1 4.1 NA NA 84.78
1984175 1984 06 23 254.63 22.8 9.2 0 3.7 NA NA 38.7
1984176 1984 06 24 255.04 22.8 11.1 0 1.7 NA NA 36.2
1984177 1984 06 25 305.56 24 13.1 0 0.6 NA NA 39.22
1984178 1984 06 26 284.72 27.5 16 0 1.4 NA NA 38.63
1984179 1984 06 27 312.52 25.8 16.74 0 2.1 NA NA 38.31
1984180 1984 06 28 291.67 27.3 16.75 0 2.3 NA NA 36.3
1984181 1984 06 29 153.94 20.2 15.7 0 1.9 NA NA 64
1984182 1984 06 30 293.98 27.2 14.9 0 1 NA NA 32.74
1984183 1984 07 01 289.67 29.15 17.6 0 0.7 NA NA 25.2
1984184 1984 07 02 283.94 31.6 19.8 0 1.3 NA NA 34.77
1984185 1984 07 03 265.74 30.41 18.8 0 1.59 NA NA 48.75
1984186 1984 07 04 292.98 27.32 17.2 0 2.9 NA NA 43.61
1984187 1984 07 05 226.85 25.49 16.6 0 1.5 NA NA 42.19
1984188 1984 07 06 256.94 27.6 16.7 0 1.3 NA NA 45.62
1984189 1984 07 07 162.01 24.6 17.5 0 1.7 NA NA 50.39
1984190 1984 07 08 252.31 27.8 17.2 1.1 2.1 NA NA 46.08
1984191 1984 07 09 142.29 22.4 17 1.1 1.3 NA NA 64.11
1984192 1984 07 10 193.29 24.3 15.9 0 2.8 NA NA 52.97
1984193 1984 07 11 295.14 26.13 14.62 0 3.9 NA NA 34.72
1984194 1984 07 12 258.1 24.7 14 0 2.8 NA NA 34.53
1984195 1984 07 13 220.88 25.6 14.4 0 1.48 NA NA 30.8
1984196 1984 07 14 279.14 27.2 16.5 0 2 NA NA 30.49
1984197 1984 07 15 272.06 26.1 15.7 0 1.6 NA NA 35.2
1984198 1984 07 16 135.37 22.4 16.9 0 1.2 NA NA 51.87
1984199 1984 07 17 273.15 27.81 16.5 0 2.4 NA NA 36.2
1984200 1984 07 18 281.05 27.7 16.6 0 2.4 NA NA 39.32
1984201 1984 07 19 285.22 28.05 17.09 0 1.8 NA NA 34.16
1984202 1984 07 20 178.81 24.6 15.9 1.8 1.7 NA NA 49.97
1984203 1984 07 21 253.47 27.41 16.4 0 1.9 NA NA 41.6
1984204 1984 07 22 130.73 20.5 10.16 7.43 2.9 NA NA 60.77
1984205 1984 07 23 232.89 23.39 9.3 0 3.3 NA NA 36.2
1984206 1984 07 24 152.65 22.8 14.3 2.68 2.3 NA NA 54.69
1984207 1984 07 25 132.19 22.5 15.97 3.46 1.5 NA NA 62.72
1984208 1984 07 26 66.65 20.09 15 22.53 3.3 NA NA 70.74
1984209 1984 07 27 218.75 24.1 14.6 2.23 2.8 NA NA 47.71
1984210 1984 07 28 177.83 23 16 0 1.4 NA NA 52.21
1984211 1984 07 29 118.39 19.67 14.6 3.3 3.2 NA NA 64.64
1984212 1984 07 30 260.42 24.1 12.62 2.3 5.15 NA NA 39.32
1984213 1984 07 31 266.93 24.1 12.1 2.41 4.26 NA NA 39.13
1984214 1984 08 01 205.48 23.1 12.86 0 4.5 NA NA 36.69
1984215 1984 08 02 216.48 23.4 13.2 1.6 3.1 NA NA 36.2
1984216 1984 08 03 218.68 24.5 13.09 0 2.5 NA NA 44.45
1984217 1984 08 04 269.75 25.42 14.8 0 1.9 NA NA 31.8
1984218 1984 08 05 253.47 27.3 15.9 0 2.4 NA NA 29.2
1984219 1984 08 06 231.22 29.5 16.8 0 2.7 NA NA 38.1
1984220 1984 08 07 243.48 29.7 17.8 0 2.4 NA NA 37.06
1984221 1984 08 08 223.38 30.9 18.6 0 3.1 NA NA 35.26
1984222 1984 08 09 258.1 30.63 17.9 0 2.8 NA NA 27.55
1984223 1984 08 10 106.61 21.99 14.2 26.58 3.2 NA NA 55.28
1984224 1984 08 11 256.99 26.1 12.9 0 2.21 NA NA 29.03
1984225 1984 08 12 250 28 15.7 0 4 NA NA 26.9
1984226 1984 08 13 243.06 26.8 15 14.07 2.3 NA NA 30.1
1984227 1984 08 14 123.66 21.4 13 9.23 2.8 NA NA 49.46
1984228 1984 08 15 217.59 24.28 11.2 0 2.3 NA NA 34.6
1984229 1984 08 16 119.64 21.4 14.8 12.41 3.4 NA NA 54.81
1984230 1984 08 17 145.68 23.9 14.9 0 4.5 NA NA 45.51
1984231 1984 08 18 200.01 24.9 13.6 0 2.1 NA NA 31.76
1984232 1984 08 19 247.69 23.59 11.9 0 2.4 NA NA 30.14
1984233 1984 08 20 158.4 19.9 10.6 0 1.9 NA NA 42.03
1984234 1984 08 21 144.68 20.3 10.3 0 1.7 NA NA 48.17
1984235 1984 08 22 246.53 23.42 12.81 0 2 NA NA 31.18
1984236 1984 08 23 224.99 21.3 9.5 0 2.3 NA NA 31.57
1984237 1984 08 24 207.82 22.6 8.99 0 2.3 NA NA 30.93
1984238 1984 08 25 230.24 24.5 10.79 0 1.8 NA NA 27.92
1984239 1984 08 26 221.06 25.9 13.6 0 3.1 NA NA 29.56
1984240 1984 08 27 209.49 24.44 10.9 0 2.8 NA NA 31.96
1984241 1984 08 28 232.19 21.8 9.19 0 0.07 NA NA 25.58
1984242 1984 08 29 230.83 24.61 11.3 0 0.87 NA NA 25.45
1984243 1984 08 30 130.73 22.8 12.5 0 3.8 NA NA 37.69
1984244 1984 08 31 230.32 21.89 9.17 0 3.7 NA NA 29.1
1984245 1984 09 01 225.69 22 7.7 0 2.6 NA NA 32.11
1984246 1984 09 02 217.59 24.2 10.65 0 2.6 NA NA 37.7
1984247 1984 09 03 175.93 24.2 12.7 0 2.2 NA NA 34.67
1984248 1984 09 04 104.17 19.4 11.59 0 1.5 NA NA 42.85
1984249 1984 09 05 214.12 21.3 11.2 0 2.64 NA NA 33.77
1984250 1984 09 06 211.26 22.8 10.9 0 1.2 NA NA 26.89
1984251 1984 09 07 211.81 24.1 10.7 0 1.6 NA NA 26.47
1984252 1984 09 08 208.29 25.85 13 0 2.2 NA NA 29.48
1984253 1984 09 09 148.49 23 13 0 3.1 NA NA 39.4
1984254 1984 09 10 104.17 21.52 14.2 0 3.2 NA NA 39.4
1984255 1984 09 11 66.84 16.89 7.28 5.1 5.43 NA NA 52.92
1984256 1984 09 12 185.2 17.3 6.39 0 5 NA NA 30.2
1984257 1984 09 13 62.46 12.62 7.5 9.13 1.72 NA NA 58.4
1984258 1984 09 14 116.9 17.7 6.88 5.33 3.85 NA NA 37.28
1984259 1984 09 15 115.77 14.4 5.8 4.5 4.6 NA NA 44.5
1984260 1984 09 16 132.53 18.68 7.5 2.4 4.2 NA NA 39.37
1984261 1984 09 17 96.06 17.5 9.01 4.06 5 NA NA 49.81
1984262 1984 09 18 115.02 17.88 7.93 0 4.8 NA NA 42.39
1984263 1984 09 19 120.26 19.5 7.1 0 4.1 NA NA 35.87
1984264 1984 09 20 98.7 20.3 10.1 0 3.5 NA NA 42.49
1984265 1984 09 21 61.01 11.49 8.14 2.73 1.6 NA NA 62.49
1984266 1984 09 22 114.58 14.5 6.87 0 4.9 NA NA 40.09
1984267 1984 09 23 135.5 13.6 4.74 0 4.4 NA NA 35.88
1984268 1984 09 24 112.27 13.7 2.84 0 1.4 NA NA 37.7
1984269 1984 09 25 97.22 13.5 2.6 5.81 3.47 NA NA 44.26
1984270 1984 09 26 81.02 14.5 7.2 0 2.9 NA NA 63.58
1984271 1984 09 27 147.71 23.8 10.61 0 3.8 NA NA 39.85
1984272 1984 09 28 166.84 24.63 11.11 0 3.5 NA NA 32.6
1984273 1984 09 29 59.29 17.8 11.02 0 1.2 NA NA 56.33
1984274 1984 09 30 68.25 14.9 9.16 0 1.3 NA NA 58.42
1984275 1984 10 01 137.73 22.01 9.6 6.1 3.9 NA NA 42.75
1984276 1984 10 02 60.19 14.7 8.6 0 1.6 NA NA 53.31
1984277 1984 10 03 138.06 20.72 6.87 0 3.1 NA NA 39.87
1984278 1984 10 04 60.19 20.3 12.6 16.19 4.5 NA NA 54.28
1984279 1984 10 05 121.53 17.5 10.13 0 2.7 NA NA 43.9
1984280 1984 10 06 46.3 12.62 10 0 3 NA NA 43.53
1984281 1984 10 07 50.93 13.2 10.8 0 2.41 NA NA 43.9
1984282 1984 10 08 60.19 15.7 10.4 0 1.2 NA NA 43.56
1984283 1984 10 09 68.29 16.3 9.1 0 2.7 NA NA 49.66
1984284 1984 10 10 55.35 11.19 6.6 0 3.9 NA NA 50.78
1984285 1984 10 11 54.4 9.7 5 0 2.9 NA NA 51.62
1984286 1984 10 12 70.6 7.62 2.97 0 4 NA NA 48.41
1984287 1984 10 13 136.91 8.9 0.73 0 3.79 NA NA 40.08
1984288 1984 10 14 139.54 10.6 -1.31 0 2.7 NA NA 28.9
1984289 1984 10 15 133.28 11.66 -1.73 0 0.8 NA NA 25.48
1984290 1984 10 16 133.16 13.08 -0.51 0 1.6 NA NA 24.33
1984291 1984 10 17 61.04 10.68 1.4 0 1 NA NA 36.09
1984292 1984 10 18 119.21 17 4.15 0 2.7 NA NA 38.72
1984293 1984 10 19 67.23 14.57 5.6 0 0.7 NA NA 50.99
1984294 1984 10 20 113.24 18.5 5.67 0 3.3 NA NA 38.42
1984295 1984 10 21 21.99 9.4 -1.2 13.07 5.43 NA NA 56.98
1984296 1984 10 22 114.58 1.91 -3.38 0 6.87 NA NA 54.44
1984297 1984 10 23 96.28 1.5 -3.96 0 3.6 NA NA 65.8
1984298 1984 10 24 39.92 2.4 -2.64 0 2.4 NA NA 85.2
1984299 1984 10 25 65.97 1.6 -4.4 0 3.4 NA NA 65.03
1984300 1984 10 26 68.29 7.7 -4.6 0 5.4 NA NA 45.07
1984301 1984 10 27 56.71 8.18 3.2 2.08 2.8 NA NA 69.22
1984302 1984 10 28 30.09 8.55 3.2 0 4.1 NA NA 78.94
1984303 1984 10 29 15.53 8.3 5.6 26.23 2.21 NA NA 86.85
1984304 1984 10 30 9.19 6.7 3.4 13.67 4.1 NA NA 87.22
1984305 1984 10 31 28.94 5.6 2.64 0 2.7 NA NA 83.24
1984306 1984 11 01 41.76 6.98 2.1 0 0.6 NA NA 67.01
1984307 1984 11 02 75.23 9.9 2.2 0 2.7 NA NA 43.6
1984308 1984 11 03 90.42 8.41 0.9 0 3.2 NA NA 45.46
1984309 1984 11 04 86.81 7.7 0.1 0 3.3 NA NA 27.9
1984310 1984 11 05 83.55 7.4 0.7 0 4 NA NA 31.6
1984311 1984 11 06 86.81 6.7 -0.01 0 4.7 NA NA 34.33
1984312 1984 11 07 84.59 5.8 -0.9 0 3.4 NA NA 31.3
1984313 1984 11 08 77.75 5 -1.8 0 2.1 NA NA 43.47
1984314 1984 11 09 76.39 4.46 -1.7 0 2.3 NA NA 56.43
1984315 1984 11 10 76.39 4.31 -1.83 0 2.12 NA NA 47.31
1984316 1984 11 11 75.63 2.69 -2.8 0 1.1 NA NA 58.4
1984317 1984 11 12 27.78 3.9 -1.46 0 2.5 NA NA 73.83
1984318 1984 11 13 34.67 5 2.5 2 3.1 NA NA 83.9
1984319 1984 11 14 39.35 6.4 1.15 4.6 3.7 NA NA 62.44
1984320 1984 11 15 59.03 4.64 -0.32 0 3.7 NA NA 52.08
1984321 1984 11 16 60.07 2.7 -0.6 0 3.5 NA NA 76.08
1984322 1984 11 17 50.93 2.69 -1 0 3.9 NA NA 62.56
1984323 1984 11 18 47.41 4 -1.8 0 4 NA NA 48.1
1984324 1984 11 19 40.54 6 2.8 0 4.02 NA NA 72.82
1984325 1984 11 20 42.82 8.34 4.4 0 2.41 NA NA 57.61
1984326 1984 11 21 15.05 6.17 4.5 2.2 1.9 NA NA 89.23
1984327 1984 11 22 53.24 6.21 2.1 0 1.2 NA NA 74.72
1984328 1984 11 23 24.31 4.2 2.1 0 2.1 NA NA 88.2
1984329 1984 11 24 20.83 3.9 2.61 0 1.5 NA NA 88.28
1984330 1984 11 25 25.46 4.86 1.3 0 1.7 NA NA 83.85
1984331 1984 11 26 31.25 8.2 0.5 4.3 3.88 NA NA 66.54
1984332 1984 11 27 31.25 8.1 1.3 0 2.8 NA NA 48.49
1984333 1984 11 28 32.41 1.9 -0.59 0 0.7 NA NA 67.48
1984334 1984 11 29 54.4 2.2 -1.54 0 2.9 NA NA 63.44
1984335 1984 11 30 28.94 1.3 -1.98 0 5.3 NA NA 73.59
1984336 1984 12 01 32.41 1.7 -2.35 0 5.2 NA NA 42.06
1984337 1984 12 02 19.68 -0.6 -4.1 4.05 4.6 NA NA 63
1984338 1984 12 03 16.2 0.24 -3.4 1.2 4.6 NA NA 77.92
1984339 1984 12 04 19.63 -0.91 -6.58 3.81 5.8 NA NA 67.18
1984340 1984 12 05 28.94 -3.71 -6.93 0 3.3 NA NA 82.23
1984341 1984 12 06 40.51 -1.9 -6 0 4.05 NA NA 75.64
1984342 1984 12 07 15.03 1.19 -5.84 1.94 4.9 NA NA 68.04
1984343 1984 12 08 48.61 1.3 -4.3 4.1 3.8 NA NA 76.83
1984344 1984 12 09 34.72 3.1 -5.1 0 4.47 NA NA 52.3
1984345 1984 12 10 52.08 -3 -6.7 0 2.9 NA NA 59.3
1984346 1984 12 11 38.19 -4.51 -9.22 0 3.4 NA NA 71.1
1984347 1984 12 12 49.77 -5.82 -9.7 0 2 NA NA 70.54
1984348 1984 12 13 47.45 -0.5 -8.2 9.09 5.4 NA NA 67.7
1984349 1984 12 14 32.41 1.04 -3.1 1.6 2.2 NA NA 80.68
1984350 1984 12 15 37.04 0.82 -4 0 1.5 NA NA 76.45
1984351 1984 12 16 32.41 0.6 -5.54 5.4 2.8 NA NA 74.05
1984352 1984 12 17 6.94 1.8 -4.9 11.96 2.6 NA NA 80.26
1984353 1984 12 18 34.72 -2.95 -9 1.5 2.5 NA NA 71.35
1984354 1984 12 19 23.15 -7.07 -12.01 0 2.9 NA NA 60.66
1984355 1984 12 20 26.62 -0.5 -12.88 1.2 3.5 NA NA 36.76
1984356 1984 12 21 23.15 3.31 -2.93 4.38 4.2 NA NA 59.59
1984357 1984 12 22 20.83 -0.9 -6.1 2.4 2.6 NA NA 70.95
1984358 1984 12 23 15.05 1.33 -8.4 4.1 3.1 NA NA 65.98
1984359 1984 12 24 26.62 -1.91 -8.42 0 2.7 NA NA 60.8
1984360 1984 12 25 6.87 4.5 -3.7 6.62 4.41 NA NA 56.7
1984361 1984 12 26 25.46 2.97 -0.8 0 2.8 NA NA 71.79
1984362 1984 12 27 34.25 3.21 -1 0 0.9 NA NA 71.82
1984363 1984 12 28 23.15 3.8 1.33 0 3 NA NA 83.6
1984364 1984 12 29 45.14 3 -3.1 0 3.8 NA NA 53.37
1984365 1984 12 30 49.77 -0.95 -4.3 0 3.5 NA NA 34.79
1984366 1984 12 31 28.94 -0.35 -2.6 0 1.3 NA NA 66.69
