*WEATHER DATA - Station:Orleans  - BADJAM DATA - BADJer: UC - Method: EQMs - Source model: MPIRCA4
 
@ INSI LAT LONG ELEV TAV AMP REFHT WNDHT
Orleans  47.83 1.91 123.08 11.09 NA 2.0 NA
@DATE YYYY MM DD SRAD TMAX TMIN RAIN  WIND DEWP VPRS RHUM 
1980001 1980 01 01 24.31 7.6 0.1 3 4.9 NA NA 72.02
1980002 1980 01 02 46.3 7.27 -0.6 10.34 3.1 NA NA 75.72
1980003 1980 01 03 18.52 11.5 -1.3 3.81 3.8 NA NA 57.45
1980004 1980 01 04 27.78 11.4 5.2 0 3.3 NA NA 85.5
1980005 1980 01 05 45.14 10.3 4.1 0 1.8 NA NA 77.26
1980006 1980 01 06 43.98 9.2 1.3 0 1 NA NA 81.2
1980007 1980 01 07 42.82 11.9 3.31 0 2.7 NA NA 66.2
1980008 1980 01 08 56.71 13.05 7.1 0 4.2 NA NA 66.31
1980009 1980 01 09 31.25 11.86 7.1 0 4.9 NA NA 82.5
1980010 1980 01 10 50.93 10.6 7.1 0 2.95 NA NA 80.03
1980011 1980 01 11 30.09 9.9 7.1 1.42 3.7 NA NA 86.94
1980012 1980 01 12 21.99 9.8 7.84 0 3.7 NA NA 89.09
1980013 1980 01 13 17.36 9.6 6.7 3.5 4.1 NA NA 88
1980014 1980 01 14 37.04 10.42 7.6 0 2.4 NA NA 85.6
1980015 1980 01 15 20.83 11.41 7.5 4.8 2.7 NA NA 90.6
1980016 1980 01 16 23.15 11.2 5.1 0 2.3 NA NA 56.39
1980017 1980 01 17 20.83 8.3 5.1 1.72 2.38 NA NA 85.61
1980018 1980 01 18 55.56 6.7 -3.33 0 4.1 NA NA 49.5
1980019 1980 01 19 64.84 0 -4.1 0 2.5 NA NA 47.38
1980020 1980 01 20 72.58 0.01 -4.32 0 2.3 NA NA 48.19
1980021 1980 01 21 70.6 -3.17 -6.01 0 2.3 NA NA 49.26
1980022 1980 01 22 45.14 -0.81 -6.01 0 0.7 NA NA 73.71
1980023 1980 01 23 71.76 -0.08 -5.95 0 1.4 NA NA 66.26
1980024 1980 01 24 51.76 0.55 -4.1 0 1.7 NA NA 47.9
1980025 1980 01 25 83.33 1.18 -4.73 0 1.3 NA NA 59.22
1980026 1980 01 26 80.54 -1.9 -6.3 0 2.5 NA NA 44.63
1980027 1980 01 27 49.77 -0.81 -5.58 0 4.7 NA NA 61.33
1980028 1980 01 28 49.77 1.29 -3.5 2.33 2 NA NA 85.3
1980029 1980 01 29 81.1 2.1 -5.4 0 1.2 NA NA 74.7
1980030 1980 01 30 86.27 2.8 -6.26 0 0.3 NA NA 57.47
1980031 1980 01 31 78.7 4.1 -4 0 2 NA NA 68.99
1980032 1980 02 01 79.24 6.5 0.39 0 2.7 NA NA 70.61
1980033 1980 02 02 87.96 9.7 1.23 2.2 4 NA NA 64.8
1980034 1980 02 03 53.24 12.8 8.1 6.16 5 NA NA 80.02
1980035 1980 02 04 30.09 10.98 7.6 2.89 7.39 NA NA 85.05
1980036 1980 02 05 89.3 11.2 3.24 0 3.6 NA NA 55.18
1980037 1980 02 06 31.25 11.34 4.4 5.4 4.91 NA NA 65.61
1980038 1980 02 07 33.56 13.21 5.78 7.02 4.61 NA NA 82.52
1980039 1980 02 08 93.94 11.5 2.66 0 4.48 NA NA 52.9
1980040 1980 02 09 64.81 10.7 4.81 0 5.5 NA NA 69.03
1980041 1980 02 10 60.08 10.01 3.5 3 6.6 NA NA 49.33
1980042 1980 02 11 52.08 12.18 1.3 3.3 5.9 NA NA 54.77
1980043 1980 02 12 65.97 12 5.61 0 7.48 NA NA 59.61
1980044 1980 02 13 51.01 8.3 3.3 0 6.7 NA NA 52.34
1980045 1980 02 14 56.71 10.5 1.7 0 5 NA NA 54.8
1980046 1980 02 15 54.47 12.18 3.8 1.6 5.9 NA NA 50.34
1980047 1980 02 16 65.97 8.15 1.91 0 2.9 NA NA 64.91
1980048 1980 02 17 81.02 7.9 0.9 2 2.1 NA NA 72.15
1980049 1980 02 18 104.17 5.98 -1.49 0 2.3 NA NA 51.9
1980050 1980 02 19 127.36 5.65 -3.34 0 1.3 NA NA 43.59
1980051 1980 02 20 119.83 8.1 -1.85 0 2.7 NA NA 38.8
1980052 1980 02 21 62.5 8.9 1.9 1.92 3.3 NA NA 61.66
1980053 1980 02 22 40.48 10.11 1.76 2.1 4.6 NA NA 70.31
1980054 1980 02 23 125.11 11.04 1.3 0 2.9 NA NA 49.47
1980055 1980 02 24 119.43 15.5 3.3 0 4.6 NA NA 45.1
1980056 1980 02 25 121.53 14.18 7.13 0 3.4 NA NA 60.29
1980057 1980 02 26 68.29 14.66 6.61 0 3.1 NA NA 65.55
1980058 1980 02 27 129.63 17.5 5.9 0 4.1 NA NA 48.53
1980059 1980 02 28 144.68 17.8 6.5 0 4 NA NA 46.92
1980060 1980 02 29 0 0 0 0 0 NA NA 0
1980061 1980 03 01 59.03 7.39 0.97 0 4.1 NA NA 63.77
1980062 1980 03 02 48.89 4.1 -0.9 0 2.9 NA NA 68.52
1980063 1980 03 03 131.73 9.44 0.2 0 1.8 NA NA 51.55
1980064 1980 03 04 116.9 11.8 2.46 0 2.9 NA NA 51.7
1980065 1980 03 05 58.97 6.5 1.25 0 1.7 NA NA 73.17
1980066 1980 03 06 148.28 10.5 -0.12 0 2.8 NA NA 46.67
1980067 1980 03 07 79.86 6.96 -1.5 1.78 2.1 NA NA 61.79
1980068 1980 03 08 56.71 15 7.3 6.1 3.2 NA NA 73.42
1980069 1980 03 09 123.84 14.13 5.3 0 3.3 NA NA 58.7
1980070 1980 03 10 37.02 15.3 8.3 11.28 3.6 NA NA 80.88
1980071 1980 03 11 96.47 17.46 9.85 0 1.8 NA NA 68.96
1980072 1980 03 12 187.83 15.8 4.6 0 2.1 NA NA 49.4
1980073 1980 03 13 201.61 12.45 0.9 0 2.9 NA NA 26.39
1980074 1980 03 14 180.56 11.82 -1 0 2.5 NA NA 27.6
1980075 1980 03 15 185.19 11.8 -1.6 0 1.3 NA NA 30.57
1980076 1980 03 16 192.16 15 2.67 2 2.71 NA NA 39.09
1980077 1980 03 17 83.33 11.27 5 0 3.5 NA NA 66.93
1980078 1980 03 18 193.91 13.81 0.9 0 2.3 NA NA 38.35
1980079 1980 03 19 120.56 13.9 4.2 0 2.1 NA NA 47.89
1980080 1980 03 20 91.44 10.3 2.23 0 2.9 NA NA 51.67
1980081 1980 03 21 115.74 11.48 4.22 0 2.7 NA NA 47.04
1980082 1980 03 22 126.16 11.7 4.92 0 3 NA NA 51.11
1980083 1980 03 23 189.88 14.3 4 0 3 NA NA 43.3
1980084 1980 03 24 80.19 14.1 5.6 0 3.9 NA NA 48.95
1980085 1980 03 25 98.38 14.56 6 6.11 2.6 NA NA 58.65
1980086 1980 03 26 72.08 10.46 5.6 1.2 1.5 NA NA 80.57
1980087 1980 03 27 72.92 7.64 4.53 0 1.9 NA NA 79.34
1980088 1980 03 28 109.5 9.1 3.6 0 2.18 NA NA 66.92
1980089 1980 03 29 138.08 11.3 2.2 0 1.7 NA NA 51.06
1980090 1980 03 30 128.47 15.1 4.5 0 2.28 NA NA 48.3
1980091 1980 03 31 194.55 15.7 1 0 1.2 NA NA 41.1
1980092 1980 04 01 72.92 15.3 9 0 1.9 NA NA 74.64
1980093 1980 04 02 101.85 16.8 9 0 1.7 NA NA 67
1980094 1980 04 03 206.56 12.2 3.9 0 3.2 NA NA 43.17
1980095 1980 04 04 189.75 13.78 0.47 0 1.4 NA NA 39.88
1980096 1980 04 05 137.73 15.38 4.7 0 0.3 NA NA 47.78
1980097 1980 04 06 212.9 17.8 3.9 0 2.1 NA NA 38.59
1980098 1980 04 07 128.47 10.3 2.1 5.1 5.2 NA NA 51.53
1980099 1980 04 08 245.38 10.1 -1.5 0 1.67 NA NA 22.56
1980100 1980 04 09 123.84 16.25 3.7 1.4 3.4 NA NA 47.58
1980101 1980 04 10 109.75 18.1 9.16 0 3.2 NA NA 57.3
1980102 1980 04 11 237.79 20.3 6.6 0 3.2 NA NA 39.13
1980103 1980 04 12 180.34 19.1 7.5 0 2.6 NA NA 44.41
1980104 1980 04 13 222.22 18.17 5.3 0 3.71 NA NA 39.08
1980105 1980 04 14 126.16 18.2 9.5 0 3.7 NA NA 50.7
1980106 1980 04 15 256.24 19.44 7.6 0 3.7 NA NA 42.27
1980107 1980 04 16 146.6 12.4 6.2 0 4.02 NA NA 61.12
1980108 1980 04 17 162.04 12.4 4.4 1.71 3 NA NA 48.48
1980109 1980 04 18 141.2 13.7 2.8 0 1.3 NA NA 49.98
1980110 1980 04 19 148.1 13.49 4.6 1.1 4.6 NA NA 50.73
1980111 1980 04 20 69.96 9.4 5.08 11.8 2.8 NA NA 80.49
1980112 1980 04 21 162.04 14.6 4.28 0 2.32 NA NA 50.66
1980113 1980 04 22 251.31 18.2 2.8 0 1.2 NA NA 34.93
1980114 1980 04 23 142.16 20.1 8.8 5.1 3.7 NA NA 44.98
1980115 1980 04 24 249.02 20.2 6.3 0 1.4 NA NA 45.47
1980116 1980 04 25 100.47 14.6 5.82 0 2.2 NA NA 67.02
1980117 1980 04 26 146.73 16.3 4.9 0 1.8 NA NA 48.5
1980118 1980 04 27 49.58 11.6 7.95 25.85 3.6 NA NA 86.18
1980119 1980 04 28 152.4 9.3 4 7.79 4.6 NA NA 54.17
1980120 1980 04 29 152.78 7.87 2.49 5.13 3.2 NA NA 65.11
1980121 1980 04 30 137.63 8.37 4.13 0 3.2 NA NA 62.71
1980122 1980 05 01 97.21 9.3 5.6 0 2.3 NA NA 76.9
1980123 1980 05 02 136.51 14.6 6.9 0 1.1 NA NA 57.76
1980124 1980 05 03 190.97 16.5 4.5 0 1.71 NA NA 44.7
1980125 1980 05 04 126.16 16.5 5.5 0 2.7 NA NA 52.16
1980126 1980 05 05 108.76 16.2 8.79 0 2.3 NA NA 65.31
1980127 1980 05 06 155.48 16.9 7.5 0 2.09 NA NA 57.92
1980128 1980 05 07 170.14 16.59 6.1 0 2.75 NA NA 50.51
1980129 1980 05 08 248.18 20.24 2.7 6.69 1.5 NA NA 39.64
1980130 1980 05 09 33.41 13.1 7.91 28.55 5.1 NA NA 80.35
1980131 1980 05 10 87.53 6.84 6.3 6.5 4.7 NA NA 79.7
1980132 1980 05 11 108.76 11.15 6.5 0 3.2 NA NA 64.31
1980133 1980 05 12 135.42 16.28 7.37 0 2.3 NA NA 58.21
1980134 1980 05 13 224.56 21.41 9.9 0 3 NA NA 47.2
1980135 1980 05 14 153 21 10.33 7.22 2.2 NA NA 62.52
1980136 1980 05 15 196.84 21.7 10.7 1.8 2.3 NA NA 53.06
1980137 1980 05 16 275.46 23.12 9.6 0 1.7 NA NA 44.64
1980138 1980 05 17 130.22 24.9 9.6 11.14 0.5 NA NA 42.42
1980139 1980 05 18 134.26 19.03 10.62 1.1 4.7 NA NA 60.72
1980140 1980 05 19 237.27 21.2 10.9 2.31 3.4 NA NA 45.93
1980141 1980 05 20 135.74 19.42 10.53 3 4.4 NA NA 62.09
1980142 1980 05 21 114.58 17 10.52 10.46 5.1 NA NA 74.4
1980143 1980 05 22 296.48 21.2 8.3 0 0.9 NA NA 39.9
1980144 1980 05 23 267.36 25.08 8.43 3.5 2 NA NA 37.16
1980145 1980 05 24 206.95 21.97 12.41 0 2 NA NA 62.37
1980146 1980 05 25 246.53 24.7 12.3 6.75 2.6 NA NA 45.5
1980147 1980 05 26 203.7 20.82 14.03 1.4 2.6 NA NA 59.1
1980148 1980 05 27 170.14 20.55 12.5 0 4.96 NA NA 54.39
1980149 1980 05 28 187.47 19.9 11.2 1.8 3.5 NA NA 53.5
1980150 1980 05 29 207.2 19.7 9.29 0 3 NA NA 53.8
1980151 1980 05 30 299.81 23 6.6 0 0.7 NA NA 36.39
1980152 1980 05 31 216.65 26.1 11.7 0 2.8 NA NA 39.46
1980153 1980 06 01 46.33 21.8 11.66 40.31 3.3 NA NA 62.11
1980154 1980 06 02 201.32 19.4 10.6 1.2 4.6 NA NA 50.9
1980155 1980 06 03 207.04 19.8 8.5 0 2.6 NA NA 48.95
1980156 1980 06 04 253.63 21.4 9 0 1 NA NA 47.6
1980157 1980 06 05 286.03 25.1 10.35 0 2.1 NA NA 38.67
1980158 1980 06 06 370.86 25.6 13 0 2.4 NA NA 39.58
1980159 1980 06 07 338.42 25.4 12.6 0 2.2 NA NA 40.98
1980160 1980 06 08 374.46 25.9 12.9 0 2.4 NA NA 37.84
1980161 1980 06 09 345.71 25.51 14.47 0 3.4 NA NA 36.27
1980162 1980 06 10 313.66 25.1 12.88 4.17 4.7 NA NA 28.77
1980163 1980 06 11 106.48 19.52 12.8 12.28 3 NA NA 78.06
1980164 1980 06 12 218.14 21.3 10.3 0 0.8 NA NA 55.9
1980165 1980 06 13 240.74 25.25 14.8 0 2.6 NA NA 45.19
1980166 1980 06 14 348.38 25.62 16.5 0 3.2 NA NA 42.17
1980167 1980 06 15 222.18 25.5 14.7 1.2 2.2 NA NA 42.89
1980168 1980 06 16 113.41 23.2 12 12.9 1.2 NA NA 60.1
1980169 1980 06 17 213.66 23.1 13.01 1.8 2.4 NA NA 55.62
1980170 1980 06 18 198.75 19 11.6 0 3.5 NA NA 52.95
1980171 1980 06 19 178.86 19.5 12.92 0 1.4 NA NA 50.57
1980172 1980 06 20 90.34 17.89 12.6 4.83 3.2 NA NA 74.65
1980173 1980 06 21 158.53 19.7 12 0 3.1 NA NA 60.3
1980174 1980 06 22 173.61 20.49 10.58 0 2.2 NA NA 60.66
1980175 1980 06 23 158.5 20.6 9.9 4.1 3.1 NA NA 55.93
1980176 1980 06 24 188.66 20.71 9.9 1.7 2.9 NA NA 52.85
1980177 1980 06 25 221.06 20.58 8.5 0 2 NA NA 52.39
1980178 1980 06 26 199.84 21.6 12 0 2.9 NA NA 54.24
1980179 1980 06 27 204.86 22.4 11.9 0 2.6 NA NA 52.6
1980180 1980 06 28 296.46 25.65 11.7 0 1.6 NA NA 42.03
1980181 1980 06 29 214.08 27.1 14.3 0 2.7 NA NA 39.87
1980182 1980 06 30 201.23 26.4 13.1 1.2 1.7 NA NA 44.15
1980183 1980 07 01 283.82 25.26 13.4 0 2 NA NA 48.96
1980184 1980 07 02 282.41 26.3 11.6 5.1 1.29 NA NA 39.69
1980185 1980 07 03 201.39 23.5 13.1 5.1 2 NA NA 54.83
1980186 1980 07 04 208.33 23.29 13.52 0 1.4 NA NA 46.54
1980187 1980 07 05 244.21 24.99 11.5 0 0.58 NA NA 41.36
1980188 1980 07 06 315.97 27.42 12.6 0 0.6 NA NA 35.29
1980189 1980 07 07 239.58 30.02 14.13 10.48 1.1 NA NA 35.34
1980190 1980 07 08 275.56 27.5 16 0 2 NA NA 43.83
1980191 1980 07 09 308.95 27.7 15.7 0 1.9 NA NA 40.4
1980192 1980 07 10 297.28 29.87 15.5 0 1.5 NA NA 36.09
1980193 1980 07 11 246.92 27.5 18.2 6.1 2.1 NA NA 46.07
1980194 1980 07 12 184.21 25.4 18.68 0 1.6 NA NA 50.9
1980195 1980 07 13 296.3 26.5 14.5 0 1.8 NA NA 38.44
1980196 1980 07 14 234.69 27.7 14.62 4.62 1.2 NA NA 40.8
1980197 1980 07 15 230.78 27.81 14.5 3.5 1 NA NA 44.5
1980198 1980 07 16 270.84 31.3 16 0 0.62 NA NA 37.54
1980199 1980 07 17 226.85 31.3 18.63 0 2 NA NA 39.8
1980200 1980 07 18 295.14 32.7 18.86 0 2.9 NA NA 31.12
1980201 1980 07 19 100.92 24.4 16.6 1.8 4 NA NA 50.1
1980202 1980 07 20 218.75 22.7 13.4 0 1.3 NA NA 41.67
1980203 1980 07 21 283.3 26 10.6 0 0.4 NA NA 34.4
1980204 1980 07 22 311.04 26.82 11.2 0 2.1 NA NA 32.35
1980205 1980 07 23 202.55 21.3 13.2 0 4.6 NA NA 42.94
1980206 1980 07 24 121.5 15.41 11.68 6.44 5.29 NA NA 56.57
1980207 1980 07 25 143.82 22.7 13.4 11.01 3.4 NA NA 53.18
1980208 1980 07 26 160.13 23.1 13.22 12.99 1.3 NA NA 63.71
1980209 1980 07 27 180.5 23 13.6 1.58 2.1 NA NA 62.8
1980210 1980 07 28 204.86 23.1 12.3 0 3 NA NA 48.39
1980211 1980 07 29 165.03 22 13.6 0 1.6 NA NA 56.2
1980212 1980 07 30 179.28 22.1 13.2 0 1.7 NA NA 54.06
1980213 1980 07 31 236.11 23.4 11.4 0 1.7 NA NA 42.14
1980214 1980 08 01 328 26.3 10.53 0 1.7 NA NA 32.2
1980215 1980 08 02 178.17 20.98 11 13.27 3.2 NA NA 51.13
1980216 1980 08 03 207.18 21.89 9.9 0 2.1 NA NA 41.02
1980217 1980 08 04 221.91 25 8.68 1.7 1.2 NA NA 40.38
1980218 1980 08 05 159.15 25.1 12.2 25.99 0.7 NA NA 49.34
1980219 1980 08 06 292.93 25.9 10.5 0 0.4 NA NA 37.71
1980220 1980 08 07 182.87 23.8 11.6 0 2.2 NA NA 48.89
1980221 1980 08 08 214.94 23.8 12.3 2.4 2.83 NA NA 44.96
1980222 1980 08 09 171.16 18.6 10.8 7.13 3.4 NA NA 57.14
1980223 1980 08 10 109.91 17.96 10.29 5.1 2.6 NA NA 55.36
1980224 1980 08 11 164.35 15.73 10.6 9.81 3.1 NA NA 57.36
1980225 1980 08 12 209.49 19.76 9.5 0 2.7 NA NA 42.64
1980226 1980 08 13 167.83 18.09 10.7 2.99 1.9 NA NA 53.4
1980227 1980 08 14 206.02 20 9.5 6.67 3.2 NA NA 48.23
1980228 1980 08 15 164.35 19.7 11.29 0 3.09 NA NA 49.93
1980229 1980 08 16 177.08 20.49 10.9 0 1.2 NA NA 45.94
1980230 1980 08 17 162.04 20.1 10.8 0 1.6 NA NA 50.11
1980231 1980 08 18 137.49 22 13.9 2.3 3.3 NA NA 57.42
1980232 1980 08 19 138.89 21.23 12.4 0 2.7 NA NA 61.8
1980233 1980 08 20 128.18 23.6 12.8 1.5 3.2 NA NA 54.24
1980234 1980 08 21 232.64 28.5 16.4 0 3.4 NA NA 38.22
1980235 1980 08 22 189.81 27.3 15.9 24 2.7 NA NA 41.2
1980236 1980 08 23 178.24 21.9 11.9 0 3.03 NA NA 49.11
1980237 1980 08 24 218.75 21.4 8.2 0 0.7 NA NA 40.91
1980238 1980 08 25 223.38 24.6 9 0 2.1 NA NA 36.02
1980239 1980 08 26 167.51 25.98 15.1 0 1.2 NA NA 42.76
1980240 1980 08 27 98.38 21.3 13.9 3 2 NA NA 69.06
1980241 1980 08 28 190.86 20.57 10.2 0 1.8 NA NA 43.51
1980242 1980 08 29 154.94 20.41 12.05 1.7 4.3 NA NA 46.53
1980243 1980 08 30 142.61 18.9 11 0 5 NA NA 41.03
1980244 1980 08 31 84.49 18.5 11.8 3.49 5 NA NA 61.11
1980245 1980 09 01 157.41 17.7 9.4 2.48 4.61 NA NA 43.7
1980246 1980 09 02 131.94 15.63 8.4 0 3.8 NA NA 53.34
1980247 1980 09 03 154.21 15.84 7.82 4.75 3.1 NA NA 52.29
1980248 1980 09 04 88.02 13.74 8 5.84 1.2 NA NA 84.42
1980249 1980 09 05 137.73 17.8 7.09 0 0.6 NA NA 53.01
1980250 1980 09 06 220.7 23.1 7.7 0 0.69 NA NA 36.3
1980251 1980 09 07 221.06 25.98 9 0 1.8 NA NA 34
1980252 1980 09 08 206.27 27.5 14.71 0 3 NA NA 34.79
1980253 1980 09 09 82.18 21.5 12.8 6.1 1.69 NA NA 79.79
1980254 1980 09 10 217.59 21.2 8 0 1.4 NA NA 40.92
1980255 1980 09 11 176.98 20.2 6.1 0 1 NA NA 40.83
1980256 1980 09 12 212.96 20.5 7.5 0 2.2 NA NA 36.8
1980257 1980 09 13 212.96 22.3 6.99 0 2 NA NA 33.72
1980258 1980 09 14 72.89 22.8 10.6 8.8 2.7 NA NA 58.07
1980259 1980 09 15 101.85 21.9 14.95 0 2.6 NA NA 75.65
1980260 1980 09 16 113.43 24.7 15.05 5.43 2.5 NA NA 53.74
1980261 1980 09 17 111.6 20 12.5 2.9 3.78 NA NA 56.63
1980262 1980 09 18 130.79 17.4 9 0 3.1 NA NA 52.68
1980263 1980 09 19 47.44 17.29 8.9 5.5 3.5 NA NA 59.94
1980264 1980 09 20 130.79 20.2 10.05 0 3.4 NA NA 48.7
1980265 1980 09 21 43.22 18.8 12.7 1.2 3.53 NA NA 64.2
1980266 1980 09 22 137.73 18.7 11.6 1.6 4.21 NA NA 58.37
1980267 1980 09 23 130.79 17.9 10.6 0 3.8 NA NA 48.07
1980268 1980 09 24 109.95 17.5 8.7 0 3.6 NA NA 53.18
1980269 1980 09 25 31.24 18.92 10 4.57 4.2 NA NA 61.9
1980270 1980 09 26 178.3 22.77 12.4 0 3.5 NA NA 48.62
1980271 1980 09 27 94.08 20.5 11.7 0 2 NA NA 59
1980272 1980 09 28 164.48 18.63 8.9 0 1.4 NA NA 49.88
1980273 1980 09 29 116.08 18.2 8.9 0 1 NA NA 47.56
1980274 1980 09 30 51.26 15.1 8.7 0 2.1 NA NA 64.43
1980275 1980 10 01 143.52 16.4 5.61 0 0.8 NA NA 41.29
1980276 1980 10 02 97.91 19.9 7.5 0 0.8 NA NA 47.4
1980277 1980 10 03 148.15 21.7 9.2 0 1.9 NA NA 42.07
1980278 1980 10 04 145.83 22.7 9.1 0 1.5 NA NA 38.72
1980279 1980 10 05 143.16 22.68 9.4 0 1.5 NA NA 41.16
1980280 1980 10 06 141.28 22.52 9.43 0 1.5 NA NA 41.55
1980281 1980 10 07 142.36 23.12 9 6.65 2.2 NA NA 39.42
1980282 1980 10 08 67.1 19.3 9.5 0 4.9 NA NA 53.1
1980283 1980 10 09 46.3 15.8 8.86 0 3.8 NA NA 66.59
1980284 1980 10 10 52.08 16.9 5 0 2.53 NA NA 59.48
1980285 1980 10 11 122.93 17 5.1 3.3 3.1 NA NA 60.51
1980286 1980 10 12 106.48 15.1 2.5 0 0.25 NA NA 43.06
1980287 1980 10 13 59.03 11.2 2.4 0 1.9 NA NA 58.07
1980288 1980 10 14 119.21 15.2 3.3 0 2.2 NA NA 44.9
1980289 1980 10 15 103.31 18.5 9.22 0 3.5 NA NA 47.16
1980290 1980 10 16 133.17 18.3 6.4 0 2 NA NA 46.3
1980291 1980 10 17 127.37 19.09 4.8 0 1 NA NA 38.67
1980292 1980 10 18 136.99 21.31 6.4 0 2.2 NA NA 36.36
1980293 1980 10 19 109.95 20.51 10.1 0 2.7 NA NA 50.06
1980294 1980 10 20 113.43 21.9 12.1 1.2 3 NA NA 53.2
1980295 1980 10 21 78 22.18 11.8 6.6 3.57 NA NA 47.13
1980296 1980 10 22 104.21 17.8 6.7 0 1.85 NA NA 63.73
1980297 1980 10 23 123.35 18.59 5 9.31 2.7 NA NA 42.64
1980298 1980 10 24 65.15 19.38 12.16 0 2.6 NA NA 71.04
1980299 1980 10 25 96.06 20 12.26 3.3 3.1 NA NA 63.65
1980300 1980 10 26 94.91 18.2 8.7 0 2.05 NA NA 66.32
1980301 1980 10 27 60.19 19.41 10.9 0 2.7 NA NA 63.3
1980302 1980 10 28 65.97 15.1 7.35 0 2 NA NA 74.61
1980303 1980 10 29 45.14 15.22 9.1 1.8 1.9 NA NA 79.14
1980304 1980 10 30 76.63 18.1 11 1.8 4.2 NA NA 66.4
1980305 1980 10 31 26.61 16.9 10.5 11.13 4.2 NA NA 75.55
1980306 1980 11 01 82.18 16.7 9.02 0 3.7 NA NA 59.08
1980307 1980 11 02 42.82 19.75 10.3 5.5 4.97 NA NA 55.18
1980308 1980 11 03 56.71 18.6 10.81 20.11 4.5 NA NA 75.02
1980309 1980 11 04 79.86 16.5 7.6 0 3.6 NA NA 60.06
1980310 1980 11 05 57.87 13.08 6 0 2.6 NA NA 71.07
1980311 1980 11 06 54.4 12.29 5.8 3 3.34 NA NA 74.91
1980312 1980 11 07 67.13 13.2 6 0 2.6 NA NA 60.3
1980313 1980 11 08 30.09 8.3 5.4 3.8 2.5 NA NA 89.08
1980314 1980 11 09 61.56 12.2 6.3 0 1.9 NA NA 80.73
1980315 1980 11 10 37.14 8.3 6.2 0 3.9 NA NA 86.8
1980316 1980 11 11 69.63 8.38 0.99 0 2 NA NA 70.34
1980317 1980 11 12 74.97 5.5 -2 0 1.5 NA NA 65.63
1980318 1980 11 13 48.61 3.99 -2.81 0 2.3 NA NA 69.5
1980319 1980 11 14 36.81 5.09 0.6 4.8 3.4 NA NA 73.27
1980320 1980 11 15 21.99 4.78 1.6 1.2 3.3 NA NA 88.54
1980321 1980 11 16 67.61 4.7 -0.2 1.8 2 NA NA 73.95
1980322 1980 11 17 68.29 11.2 3.9 2.5 3.6 NA NA 67
1980323 1980 11 18 46.86 10.26 5.4 0 4.2 NA NA 68.3
1980324 1980 11 19 34.72 9.4 4.3 3.6 4.4 NA NA 80.5
1980325 1980 11 20 33.56 7 3.7 3.7 3.7 NA NA 85.93
1980326 1980 11 21 43.98 5.3 0.28 0 3.1 NA NA 66.79
1980327 1980 11 22 53.24 4.45 -1.9 0 2.3 NA NA 70.76
1980328 1980 11 23 52.08 4.7 -0.8 0 2 NA NA 75.06
1980329 1980 11 24 69.44 4.3 -2.1 0 2.3 NA NA 59.43
1980330 1980 11 25 69.54 1.8 -2.7 0 2.2 NA NA 65.62
1980331 1980 11 26 40.51 2.6 -3.6 3 2.2 NA NA 79.18
1980332 1980 11 27 51.05 5.7 1.4 0 2.9 NA NA 75.32
1980333 1980 11 28 61.34 6.8 1.99 0 3.8 NA NA 69.22
1980334 1980 11 29 35.88 7.57 0.3 0 4.5 NA NA 53.7
1980335 1980 11 30 30.09 4.81 0.23 1.1 1.6 NA NA 78.03
1980336 1980 12 01 41.67 5.3 0.25 0 1.7 NA NA 80.95
1980337 1980 12 02 50.99 3 -2.4 0 2 NA NA 82.5
1980338 1980 12 03 34.72 1.8 -1.7 0 1.9 NA NA 85.02
1980339 1980 12 04 63.66 2.6 -2.51 0 2 NA NA 67.03
1980340 1980 12 05 61.34 7.94 -1.6 1.77 2.6 NA NA 64.18
1980341 1980 12 06 46.3 10.49 5.2 1.5 3.8 NA NA 79.76
1980342 1980 12 07 33.56 7.91 3.91 0 3.8 NA NA 76.74
1980343 1980 12 08 28.94 8.3 3.47 1.7 3.1 NA NA 68.59
1980344 1980 12 09 48.61 9 4.5 1.4 4.3 NA NA 76.6
1980345 1980 12 10 49.77 11.6 5.6 0 3.9 NA NA 64.42
1980346 1980 12 11 34.72 9.5 5.89 0 5.1 NA NA 64.92
1980347 1980 12 12 26.39 6.2 3.5 0 3.6 NA NA 85.98
1980348 1980 12 13 30.09 5.5 1.69 1.7 2.7 NA NA 86.3
1980349 1980 12 14 37.04 6.6 2.8 2.2 4.4 NA NA 78.03
1980350 1980 12 15 29.51 7.8 3.01 8.74 4.5 NA NA 80.25
1980351 1980 12 16 28.94 4.81 2.31 0 3.6 NA NA 90.5
1980352 1980 12 17 22.05 11.4 -0.42 12.25 3.46 NA NA 53.7
1980353 1980 12 18 24.31 11.31 5.07 2.5 7.52 NA NA 71.84
1980354 1980 12 19 40.51 5.4 3 1.2 5.5 NA NA 62.03
1980355 1980 12 20 38.19 8.27 3.8 1.8 2.5 NA NA 82.63
1980356 1980 12 21 25.46 8.9 7.5 8.77 2.1 NA NA 91.9
1980357 1980 12 22 17.36 11.7 7.7 5.5 2 NA NA 88.33
1980358 1980 12 23 40.51 11.36 6 0 3.3 NA NA 78.97
1980359 1980 12 24 25.46 14.27 8.2 10.11 4.8 NA NA 71.6
1980360 1980 12 25 9.26 14.2 12.09 8.8 5.9 NA NA 92.71
1980361 1980 12 26 30.09 14.75 11.05 6.6 4.8 NA NA 86.6
1980362 1980 12 27 28.94 14.83 11.86 1.2 5.2 NA NA 88.9
1980363 1980 12 28 23.15 12.95 8.5 3.5 1.7 NA NA 86.17
1980364 1980 12 29 40.51 9 1.1 0 1.8 NA NA 83.4
1980365 1980 12 30 46.3 5 -1.2 0 2.4 NA NA 70.38
1980366 1980 12 31 50.93 2.4 -3.51 0 3.6 NA NA 49.5
1981001 1981 01 01 30.09 2 -4.6 3.76 2.3 NA NA 74.37
1981002 1981 01 02 37.04 3.85 -2.4 2.37 4.3 NA NA 75.81
1981003 1981 01 03 12.73 8.1 -3.18 4.1 3.1 NA NA 60.9
1981004 1981 01 04 35.88 7.8 4.03 0 2.3 NA NA 66.35
1981005 1981 01 05 18.52 10.5 4.4 1.2 5.4 NA NA 75.56
1981006 1981 01 06 43.98 8.9 3.31 0 2.4 NA NA 71.2
1981007 1981 01 07 31.25 11 3.77 0 1.85 NA NA 82
1981008 1981 01 08 52.08 9.92 3 0 1.9 NA NA 79.27
1981009 1981 01 09 64.81 8.6 0.7 0 2.2 NA NA 68.69
1981010 1981 01 10 32.41 8.9 4.4 0 2.7 NA NA 84.59
1981011 1981 01 11 52.08 10.82 5.3 1.63 4.7 NA NA 76.5
1981012 1981 01 12 20.83 9.5 5.2 2.23 6.1 NA NA 81.9
1981013 1981 01 13 34.72 8.3 4.51 0 4.1 NA NA 72.46
1981014 1981 01 14 51.93 8.5 2.7 0 4.8 NA NA 69.36
1981015 1981 01 15 38.19 10.1 6.9 0 6.88 NA NA 74.97
1981016 1981 01 16 55.56 11.6 5.82 0 5.13 NA NA 55.5
1981017 1981 01 17 47.86 14.12 4.83 0 3 NA NA 54.69
1981018 1981 01 18 74.45 13.6 5.4 0 3.23 NA NA 60.81
1981019 1981 01 19 60.35 10.8 2.7 0 1.99 NA NA 64.66
1981020 1981 01 20 63.44 9.8 1.3 0 2.1 NA NA 59.2
1981021 1981 01 21 63.21 10.5 1.7 0 2.2 NA NA 55.7
1981022 1981 01 22 70.6 9.23 0.2 0 1.02 NA NA 60.57
1981023 1981 01 23 39.35 9.21 0.8 0 2.1 NA NA 81.52
1981024 1981 01 24 20.07 10.2 5.91 2.5 4.5 NA NA 86.73
1981025 1981 01 25 26.62 12.6 9.22 0 5.6 NA NA 84.92
1981026 1981 01 26 20.83 12.6 8.5 15.71 6.3 NA NA 88.5
1981027 1981 01 27 78.81 11.5 7.6 1.92 2.7 NA NA 79
1981028 1981 01 28 77.48 12.31 7.1 3.3 3.3 NA NA 77.17
1981029 1981 01 29 76.39 8.6 1.8 0 2.8 NA NA 64.79
1981030 1981 01 30 76.41 9.5 0.45 0 2.4 NA NA 49.51
1981031 1981 01 31 56.71 9.43 1.27 0 1.9 NA NA 71.75
1981032 1981 02 01 57.13 10.7 6.9 1.2 5 NA NA 78.8
1981033 1981 02 02 22.49 11.9 8.7 10.11 3.1 NA NA 90.88
1981034 1981 02 03 59.4 9.8 5.2 0 5.7 NA NA 52.17
1981035 1981 02 04 50.93 9.1 3.74 0 4.9 NA NA 69.9
1981036 1981 02 05 17.96 12.5 5.2 12 5.2 NA NA 78.4
1981037 1981 02 06 28.94 14.6 12.06 3.4 6.61 NA NA 87.98
1981038 1981 02 07 26.62 12.54 9.28 9.19 3.1 NA NA 88.08
1981039 1981 02 08 23.15 11.8 10.32 7.65 5.9 NA NA 88.32
1981040 1981 02 09 19.66 10.7 8.88 15.3 0.9 NA NA 95.6
1981041 1981 02 10 93.75 11.7 5.22 0 1.2 NA NA 73.01
1981042 1981 02 11 77.55 9.6 3.5 0 3 NA NA 64.5
1981043 1981 02 12 30.09 9.47 4.82 0 5 NA NA 82.16
1981044 1981 02 13 39.24 11.1 7.3 2 4.61 NA NA 86.1
1981045 1981 02 14 71.76 7.64 1.67 0 3.7 NA NA 72.27
1981046 1981 02 15 44.57 6.52 -1.5 5.53 4.2 NA NA 57.4
1981047 1981 02 16 55.56 4.3 0.95 0 6 NA NA 58.32
1981048 1981 02 17 115.06 3.01 -1.4 0 5.6 NA NA 41.88
1981049 1981 02 18 92.8 -0.36 -3.65 0 4.82 NA NA 43.7
1981050 1981 02 19 116.9 -0.2 -4.5 0 4.2 NA NA 31.21
1981051 1981 02 20 77.35 2.69 -5.2 0 3.1 NA NA 57.1
1981052 1981 02 21 69.44 7.7 1.5 0 2 NA NA 66.8
1981053 1981 02 22 57.87 6.18 -0.9 0 3.1 NA NA 62.51
1981054 1981 02 23 116.98 7.08 -4.05 0 0.6 NA NA 47.75
1981055 1981 02 24 89.12 10.6 -0.9 0 1.5 NA NA 44.94
1981056 1981 02 25 123.84 10.91 -0.3 0 1.8 NA NA 45.98
1981057 1981 02 26 128.47 10 -2.01 0 1.9 NA NA 44.21
1981058 1981 02 27 130.79 10.49 -2.1 0 0.8 NA NA 44.77
1981059 1981 02 28 149.31 14.31 -1.16 0 1.9 NA NA 40.28
1981060 1981 03 01 151.62 13.84 -1.41 0 1.18 NA NA 40.2
1981061 1981 03 02 112.67 15.02 -0.1 0 1 NA NA 45.77
1981062 1981 03 03 84.49 15.4 6.7 0 1.8 NA NA 53.93
1981063 1981 03 04 43.98 12.4 6.01 0 3.4 NA NA 79.38
1981064 1981 03 05 141.91 17.82 6.8 0 3.2 NA NA 54.06
1981065 1981 03 06 156.33 17.9 3.8 0 1.59 NA NA 44.02
1981066 1981 03 07 173.23 19.87 2.54 0 1.65 NA NA 33.31
1981067 1981 03 08 142.6 20.33 6.41 0 3.2 NA NA 38.02
1981068 1981 03 09 67.13 15.89 8.5 2.42 3.9 NA NA 69.75
1981069 1981 03 10 112.27 11.9 6 0 4.6 NA NA 50.45
1981070 1981 03 11 56.71 15 6.6 6.62 6.52 NA NA 61.31
1981071 1981 03 12 135.07 13 4.1 0 3.5 NA NA 37.75
1981072 1981 03 13 62.5 14.8 3.8 2.16 3.5 NA NA 55.71
1981073 1981 03 14 50.93 13.9 6.4 2.7 4.2 NA NA 66.12
1981074 1981 03 15 193.29 13.9 2.4 0 2.2 NA NA 40.46
1981075 1981 03 16 142.36 14.2 2.3 0 0.35 NA NA 44.19
1981076 1981 03 17 190.97 11.6 0.59 0 2.1 NA NA 37.98
1981077 1981 03 18 192.19 12 -2.04 0 1.4 NA NA 29.6
1981078 1981 03 19 195.6 13.3 -1.65 0 1.6 NA NA 30.87
1981079 1981 03 20 136.57 12.1 -0.9 0 1.7 NA NA 47.58
1981080 1981 03 21 90.03 16.2 6.3 0 1.9 NA NA 60.99
1981081 1981 03 22 135.14 16.86 7.9 0 2.4 NA NA 54.41
1981082 1981 03 23 86.3 12.77 6.6 0 3.2 NA NA 69.51
1981083 1981 03 24 204.89 15.45 2.95 0 2.5 NA NA 36
1981084 1981 03 25 207.23 16.57 0.8 0 1.8 NA NA 29.37
1981085 1981 03 26 209.79 18.6 1.27 0 1 NA NA 30.92
1981086 1981 03 27 100.69 17.4 5.8 0 1.8 NA NA 52.92
1981087 1981 03 28 130.59 18.38 9.53 0 0.25 NA NA 66.97
1981088 1981 03 29 192.13 20.98 8.11 0 1.3 NA NA 47.74
1981089 1981 03 30 219.71 19.1 7.21 0 2.9 NA NA 35.98
1981090 1981 03 31 222.01 17.9 5.7 0 3.3 NA NA 27.81
1981091 1981 04 01 234.93 18.5 4.17 0 2.7 NA NA 27.5
1981092 1981 04 02 228.8 20.87 6.4 0 3.6 NA NA 30.08
1981093 1981 04 03 220.82 18.61 7.9 0 4.2 NA NA 32.83
1981094 1981 04 04 202.55 21.5 5.7 0 1.7 NA NA 30.9
1981095 1981 04 05 202.55 20.41 6.12 0 1.6 NA NA 37.32
1981096 1981 04 06 188.69 19.8 5.8 0 1.7 NA NA 30.95
1981097 1981 04 07 229.67 20.78 5.7 0 2.4 NA NA 25.7
1981098 1981 04 08 238.43 21.18 3.4 0 1.6 NA NA 25.7
1981099 1981 04 09 200.8 21.89 4.7 0 1.4 NA NA 28.1
1981100 1981 04 10 207.5 21.5 8.2 0 1.5 NA NA 30.72
1981101 1981 04 11 237.28 20.47 8.2 0 2.5 NA NA 30.73
1981102 1981 04 12 70.89 15.3 8.1 7.66 2.95 NA NA 64.33
1981103 1981 04 13 98.38 15.6 6.01 2.4 1.6 NA NA 68.93
1981104 1981 04 14 129.63 15.3 3.8 0 2.8 NA NA 50.94
1981105 1981 04 15 120.34 14.75 7.8 2.8 4.4 NA NA 73.32
1981106 1981 04 16 48.03 16.51 10.8 8.7 6.2 NA NA 80.89
1981107 1981 04 17 180.56 14 6.2 0 5.4 NA NA 43.54
1981108 1981 04 18 157.41 11 4.1 0 4 NA NA 37.7
1981109 1981 04 19 211.02 11.15 1.6 0 4.2 NA NA 38.1
1981110 1981 04 20 159.72 9.8 1.64 0 2.9 NA NA 57.52
1981111 1981 04 21 237.95 11.91 1.6 0 3.4 NA NA 39.48
1981112 1981 04 22 148.15 14.62 6.3 0 5.1 NA NA 44.41
1981113 1981 04 23 166.26 8.4 3.47 0 4.5 NA NA 31.8
1981114 1981 04 24 199.17 7 -0.1 0 2.7 NA NA 37.4
1981115 1981 04 25 159.72 8.51 -1.9 0 3 NA NA 33.23
1981116 1981 04 26 88.62 14.17 2.09 7.4 3.6 NA NA 44.33
1981117 1981 04 27 173.53 15.03 4.8 3 3.3 NA NA 56.15
1981118 1981 04 28 182.59 18.4 8.02 0 3.1 NA NA 49.4
1981119 1981 04 29 197.92 22.3 7.6 1.4 1.5 NA NA 41.22
1981120 1981 04 30 122.69 16.36 8.21 2.8 2.5 NA NA 65.1
1981121 1981 05 01 182.87 16.62 7.9 0 2.4 NA NA 44.6
1981122 1981 05 02 209.49 17.12 6 0 2.6 NA NA 42.4
1981123 1981 05 03 118.11 18 7.4 0 1.84 NA NA 49.33
1981124 1981 05 04 216.11 19.14 4.03 0 1 NA NA 46.6
1981125 1981 05 05 274.31 22.7 8.6 0 2.3 NA NA 39.9
1981126 1981 05 06 87.92 15.95 8.8 25.71 1.2 NA NA 80.39
1981127 1981 05 07 116.9 14.9 8.6 11.3 1.7 NA NA 77.9
1981128 1981 05 08 274.31 17.89 5 0 1.1 NA NA 41.9
1981129 1981 05 09 206.65 16.9 5.89 2.73 1.5 NA NA 50.11
1981130 1981 05 10 172.17 12.07 4.6 3.5 1.5 NA NA 64.89
1981131 1981 05 11 191.35 10.73 4.1 0 2.7 NA NA 46.77
1981132 1981 05 12 202.21 14.13 6.4 0 2.5 NA NA 39.87
1981133 1981 05 13 185.19 16.3 7.2 2.2 3.8 NA NA 51.7
1981134 1981 05 14 215.37 16.8 6.29 5.77 5.1 NA NA 43.7
1981135 1981 05 15 124.89 13.42 7.9 2 4.8 NA NA 62.3
1981136 1981 05 16 170.14 16.5 6.1 0 3.4 NA NA 50.8
1981137 1981 05 17 199.09 17.61 7.58 3 3.3 NA NA 50.1
1981138 1981 05 18 191.72 16.5 3.5 2.5 1.8 NA NA 56.15
1981139 1981 05 19 205.47 17.28 8.46 0 3.6 NA NA 55.33
1981140 1981 05 20 201.2 17.28 7.5 0 2.4 NA NA 47.28
1981141 1981 05 21 210.63 17.5 5.55 0 1.8 NA NA 47.08
1981142 1981 05 22 128.35 16.3 8.1 0 0.9 NA NA 61.81
1981143 1981 05 23 206.02 18 8.53 0 2.52 NA NA 49.62
1981144 1981 05 24 274.31 18 7.5 0 3.4 NA NA 42.88
1981145 1981 05 25 275.46 20.04 7.2 0 3.28 NA NA 38.25
1981146 1981 05 26 223.57 20.05 10 0 3.3 NA NA 50.85
1981147 1981 05 27 160.59 19.7 12.02 0 3.3 NA NA 55.9
1981148 1981 05 28 130.74 19.8 11.07 0 2.6 NA NA 56.3
1981149 1981 05 29 210.65 21 11.3 0 2.2 NA NA 47.97
1981150 1981 05 30 231.39 19.9 10.08 0 2.24 NA NA 46.89
1981151 1981 05 31 232.63 16.69 5.6 0 1.3 NA NA 45.1
1981152 1981 06 01 249.22 19.8 7.2 0 2.1 NA NA 37.63
1981153 1981 06 02 206.02 18.89 9.99 0 2.7 NA NA 50.12
1981154 1981 06 03 117.04 17 9 4.08 3.3 NA NA 65.43
1981155 1981 06 04 150.36 20.8 12 0 2.7 NA NA 56.73
1981156 1981 06 05 234.95 23.4 9.88 0 0.5 NA NA 46.35
1981157 1981 06 06 196.76 23.3 14.14 1.5 2.2 NA NA 50.36
1981158 1981 06 07 224.54 24.72 11.71 3.3 0.8 NA NA 52.55
1981159 1981 06 08 187.45 21.68 13.14 0 3 NA NA 53.52
1981160 1981 06 09 236.25 23.08 9.67 0 2.5 NA NA 44.52
1981161 1981 06 10 222.22 24.23 14.4 0 2.9 NA NA 46.54
1981162 1981 06 11 199.07 24 14.7 5.72 2.9 NA NA 52.67
1981163 1981 06 12 279.78 25.05 11.2 0 1.5 NA NA 43.18
1981164 1981 06 13 249 27 14.49 3.6 3.1 NA NA 38.3
1981165 1981 06 14 228.7 22.86 11.1 0 2.9 NA NA 48.9
1981166 1981 06 15 262.32 23.5 8.5 1.98 1.6 NA NA 42.69
1981167 1981 06 16 199.07 20.8 10 0 2.9 NA NA 53.05
1981168 1981 06 17 260.57 21.9 10.34 0 1.8 NA NA 45.8
1981169 1981 06 18 265.05 25.4 9.2 0 2.8 NA NA 33.96
1981170 1981 06 19 231.48 19.23 10.6 0 4.36 NA NA 46.72
1981171 1981 06 20 197.09 16.88 9.7 0 3.1 NA NA 44.4
1981172 1981 06 21 72.5 15.75 9.3 12.29 2.4 NA NA 66.72
1981173 1981 06 22 225.09 18.8 6.1 3.6 2.6 NA NA 46.23
1981174 1981 06 23 152.63 15.28 7 5.14 2.1 NA NA 58.62
1981175 1981 06 24 236.11 16.75 5.69 0 1.2 NA NA 43.36
1981176 1981 06 25 356.48 22.6 5.96 0 2.3 NA NA 34.79
1981177 1981 06 26 268.52 24.5 12.94 0 2.5 NA NA 36.8
1981178 1981 06 27 268.52 26.2 13 2.5 3.4 NA NA 36.61
1981179 1981 06 28 218.75 25.7 13.51 2 1.7 NA NA 46.33
1981180 1981 06 29 222 26.51 13.1 13.46 0.8 NA NA 44.5
1981181 1981 06 30 262.73 25.4 13.2 0 2 NA NA 46.64
1981182 1981 07 01 328.76 27.71 11.5 0 1.1 NA NA 36.13
1981183 1981 07 02 326.39 31.03 17.22 0 2.34 NA NA 30.5
1981184 1981 07 03 258.62 30.9 15.2 0 1.1 NA NA 36.6
1981185 1981 07 04 294.13 28.09 17.3 0 1.6 NA NA 40.49
1981186 1981 07 05 284.78 27.41 14.9 0 1.2 NA NA 37.49
1981187 1981 07 06 301.2 27.3 13.6 0 1.79 NA NA 34.57
1981188 1981 07 07 346.06 25.51 11.9 0 1.4 NA NA 32.42
1981189 1981 07 08 308.48 26.9 11.64 0 1.12 NA NA 32.39
1981190 1981 07 09 169 23.6 14.2 0 3.4 NA NA 44.92
1981191 1981 07 10 218.75 22.81 14.3 0 2.8 NA NA 36.48
1981192 1981 07 11 333.33 25.47 10 0 1.3 NA NA 30.91
1981193 1981 07 12 187.28 24.8 10.7 6.7 3.6 NA NA 44.52
1981194 1981 07 13 111.09 16.74 10.6 1.56 4.6 NA NA 56.21
1981195 1981 07 14 204.86 22.97 12.8 0 1.7 NA NA 35.72
1981196 1981 07 15 150.46 24.4 13.5 0 1.7 NA NA 34.99
1981197 1981 07 16 133.1 22.6 12.2 9.8 2.9 NA NA 54.3
1981198 1981 07 17 193.92 22.89 14.5 0 2.8 NA NA 47.33
1981199 1981 07 18 159.72 20.7 12.4 9.14 3.1 NA NA 53.85
1981200 1981 07 19 149.21 20.09 11.2 0 3.1 NA NA 51.65
1981201 1981 07 20 239.58 24.5 9.56 0 1 NA NA 33.76
1981202 1981 07 21 238.57 26.3 12.2 4.4 3.4 NA NA 32.53
1981203 1981 07 22 157.4 18.77 12.04 0 4.2 NA NA 46.16
1981204 1981 07 23 126.13 14.65 11 9.86 3.7 NA NA 57.47
1981205 1981 07 24 217.59 21.29 10.08 0 2.9 NA NA 40.43
1981206 1981 07 25 138.18 19.99 12.3 27.49 3.21 NA NA 61.91
1981207 1981 07 26 164.83 20 12.4 0 2.7 NA NA 57.96
1981208 1981 07 27 66.98 16.93 12.8 15.39 3.5 NA NA 72.8
1981209 1981 07 28 155.85 16.93 12.08 0 4.32 NA NA 48.48
1981210 1981 07 29 142.27 23.28 11.3 2 3.1 NA NA 47.09
1981211 1981 07 30 142.28 23 14 0 3.75 NA NA 53
1981212 1981 07 31 253.47 23.38 10.8 1.6 0.7 NA NA 40.67
1981213 1981 08 01 165.22 20.11 12.3 0 1.4 NA NA 55.12
1981214 1981 08 02 243.19 24 12.1 0 2.9 NA NA 38.25
1981215 1981 08 03 294.98 28.83 14.02 0 2.6 NA NA 31
1981216 1981 08 04 209.49 28.7 17.8 0 3.2 NA NA 31.2
1981217 1981 08 05 289.35 25.9 12.8 0 1.5 NA NA 35.25
1981218 1981 08 06 110.76 22.2 12.3 11.36 1.6 NA NA 61.17
1981219 1981 08 07 197.92 21.5 13 0 3.3 NA NA 50.26
1981220 1981 08 08 209.91 23.4 11.3 0 0.9 NA NA 40.61
1981221 1981 08 09 242.72 25.2 10.66 0 2.1 NA NA 34.7
1981222 1981 08 10 210.65 25.44 13.7 9 2.6 NA NA 41.84
1981223 1981 08 11 301.64 24.9 10.13 0 0.8 NA NA 36.29
1981224 1981 08 12 272.05 25.59 10.7 0 1.7 NA NA 34.39
1981225 1981 08 13 283.7 25.8 10.7 0 0.7 NA NA 34.9
1981226 1981 08 14 282.59 27.61 10.8 0 0.3 NA NA 34.16
1981227 1981 08 15 254.77 28.2 15.2 0 1.6 NA NA 35.73
1981228 1981 08 16 234.95 28.9 16.5 0 1.8 NA NA 34.72
1981229 1981 08 17 221.52 30.76 15.9 0 1.4 NA NA 32.2
1981230 1981 08 18 58.71 22 15.5 3.14 1.6 NA NA 77.45
1981231 1981 08 19 201.39 24.2 10.71 0 0.9 NA NA 40.89
1981232 1981 08 20 227.95 23.1 9.3 0 1.7 NA NA 33.96
1981233 1981 08 21 207.18 23.9 9.08 0 1.54 NA NA 31.78
1981234 1981 08 22 120.31 22.3 13.02 0 2.7 NA NA 46.35
1981235 1981 08 23 259.26 28.31 13.3 0 2.1 NA NA 31.3
1981236 1981 08 24 269.68 28.6 12.2 0 0.7 NA NA 29.17
1981237 1981 08 25 241.9 29.4 14.05 0 1.5 NA NA 28.6
1981238 1981 08 26 264.62 28.21 12.9 0 0.9 NA NA 30.84
1981239 1981 08 27 259.26 29.01 14 0 0.8 NA NA 27.79
1981240 1981 08 28 258.1 30.11 16.2 0 2.6 NA NA 28.54
1981241 1981 08 29 207.43 30.31 17.46 1.9 2.6 NA NA 27.6
1981242 1981 08 30 109.86 21.87 12.2 11.95 3.2 NA NA 57.58
1981243 1981 08 31 177.08 21.4 11.19 0 2.3 NA NA 34.9
1981244 1981 09 01 89.23 20.92 12 0 2.6 NA NA 43.33
1981245 1981 09 02 162.04 24.9 14.51 0 2.4 NA NA 40.7
1981246 1981 09 03 101.86 24 14.6 0 1.2 NA NA 52.47
1981247 1981 09 04 234.95 23.43 10.03 0 2.2 NA NA 31.5
1981248 1981 09 05 234.95 24.8 8 0 1.8 NA NA 27.89
1981249 1981 09 06 233.8 30.14 9.4 0 1.5 NA NA 24.28
1981250 1981 09 07 221.11 29.4 11.7 0 1.03 NA NA 26.9
1981251 1981 09 08 223.38 30.45 15.85 3.4 4.4 NA NA 23.4
1981252 1981 09 09 194.44 23.01 11.1 0 2.3 NA NA 32.7
1981253 1981 09 10 179.4 21.9 10.5 0 3.4 NA NA 31.37
1981254 1981 09 11 92.59 20.9 13.1 0 3.7 NA NA 59.18
1981255 1981 09 12 230.37 22.99 8.9 0 1.53 NA NA 32.87
1981256 1981 09 13 87.88 20.9 8 15.07 1.9 NA NA 45.33
1981257 1981 09 14 61.34 19.3 13.2 10.99 2.2 NA NA 80.77
1981258 1981 09 15 112.27 23.1 13.8 1.2 0.36 NA NA 62.33
1981259 1981 09 16 151.1 25.41 14.9 14.81 3 NA NA 50.6
1981260 1981 09 17 164.35 18.79 11.1 0 3.4 NA NA 49.34
1981261 1981 09 18 85.65 18.3 10.4 4.1 4.1 NA NA 59.9
1981262 1981 09 19 109.51 16.1 8.7 3.96 4.4 NA NA 51.97
1981263 1981 09 20 97.22 16.4 8.9 0 3.6 NA NA 57.72
1981264 1981 09 21 88.93 21.7 11.8 1.77 4.8 NA NA 50.87
1981265 1981 09 22 162.2 19 9.4 0 3.1 NA NA 53.62
1981266 1981 09 23 193.34 18.9 5.69 0 1 NA NA 37.31
1981267 1981 09 24 182.87 25.92 9.4 0 3.8 NA NA 31.98
1981268 1981 09 25 48.18 21.5 10.5 5.1 3.4 NA NA 53.73
1981269 1981 09 26 163.02 18.5 7.9 0 2.6 NA NA 42.81
1981270 1981 09 27 114.62 16.1 7.78 0 3.4 NA NA 44.02
1981271 1981 09 28 125.96 16.18 5.49 3.3 3 NA NA 42.78
1981272 1981 09 29 89.12 18.47 9.8 5.5 4.37 NA NA 55.75
1981273 1981 09 30 94.91 16.44 8.9 0 3 NA NA 61.41
1981274 1981 10 01 117.62 18.2 7.2 1.6 3.1 NA NA 48.26
1981275 1981 10 02 145.83 25.24 12.9 0 3.7 NA NA 41.5
1981276 1981 10 03 26.68 18.5 11.8 15.06 1.4 NA NA 85.66
1981277 1981 10 04 86.81 18.18 10.4 0 1.3 NA NA 60.99
1981278 1981 10 05 143.52 18.3 6.09 0 0.9 NA NA 40.9
1981279 1981 10 06 68.23 17.7 10.2 0 1.44 NA NA 59.89
1981280 1981 10 07 74.92 18.23 7.87 0 0.4 NA NA 63.02
1981281 1981 10 08 146.99 15.1 5.5 0 2.5 NA NA 45.95
1981282 1981 10 09 146.99 14.7 3.18 0 2.1 NA NA 36.52
1981283 1981 10 10 140.11 13.29 1.91 0 1.8 NA NA 32.52
1981284 1981 10 11 132.28 14.2 0.67 0 1 NA NA 32.05
1981285 1981 10 12 143.52 17.68 2.6 0 3.4 NA NA 36.1
1981286 1981 10 13 90.28 14.68 6.7 0 4.6 NA NA 43.72
1981287 1981 10 14 114.81 11.34 3.4 0 3.1 NA NA 46.6
1981288 1981 10 15 41.67 15.77 8.7 0 4.54 NA NA 68.47
1981289 1981 10 16 59.03 16.9 11.7 0 3.1 NA NA 59.34
1981290 1981 10 17 73.48 17.8 10.72 0 2.1 NA NA 49.5
1981291 1981 10 18 62.5 17.74 11.3 0 0.6 NA NA 53.36
1981292 1981 10 19 60.19 13.6 4.8 0 2.4 NA NA 67.11
1981293 1981 10 20 119.31 11.5 1.73 0 2.3 NA NA 40.28
1981294 1981 10 21 119.27 11.5 -2.8 0 0.9 NA NA 33.43
1981295 1981 10 22 113.43 17.3 2.03 0 2.92 NA NA 34.97
1981296 1981 10 23 69.98 17.7 9.07 0 1.6 NA NA 55.29
1981297 1981 10 24 97.22 19.1 11.8 0 3.5 NA NA 46.76
1981298 1981 10 25 74.07 19.81 11.43 0 4.8 NA NA 42.2
1981299 1981 10 26 41.67 14.82 4.3 1.6 2.4 NA NA 73.95
1981300 1981 10 27 97.22 14.6 2.2 0 2 NA NA 39.88
1981301 1981 10 28 108.91 14.6 3.88 0 2.5 NA NA 39.3
1981302 1981 10 29 113.43 15.1 2.54 0 1.5 NA NA 37.21
1981303 1981 10 30 41.67 16.2 3.7 0 2.4 NA NA 48.1
1981304 1981 10 31 32.41 11.2 3.4 1.4 1.4 NA NA 90.05
1981305 1981 11 01 93.75 11.38 -0.17 0 0.4 NA NA 43.91
1981306 1981 11 02 89.8 13.64 -0.63 0 0.57 NA NA 37.21
1981307 1981 11 03 85.65 15.67 3.4 0 2.8 NA NA 49.13
1981308 1981 11 04 78.7 19.41 7.9 0 3.8 NA NA 47.85
1981309 1981 11 05 61.53 21.1 11.5 0 4.3 NA NA 42.99
1981310 1981 11 06 79.91 18.5 6.24 0 2 NA NA 43
1981311 1981 11 07 78.93 17.31 4.3 0 0.5 NA NA 40.37
1981312 1981 11 08 93.83 16.19 3.1 0 0.62 NA NA 45.14
1981313 1981 11 09 35.88 12.8 6.6 4.42 2.8 NA NA 78.21
1981314 1981 11 10 52.08 8.6 1.89 0 2.2 NA NA 73.19
1981315 1981 11 11 59.03 8.8 3.7 0 2.8 NA NA 49.2
1981316 1981 11 12 71.76 11.41 3.3 0 2 NA NA 67.59
1981317 1981 11 13 84.51 11 2.67 0 3.6 NA NA 53.18
1981318 1981 11 14 76.39 11.27 3.95 0 4.1 NA NA 42.62
1981319 1981 11 15 63.66 12.3 4.59 0 3.2 NA NA 46.64
1981320 1981 11 16 76.21 10.5 1.18 0 2.08 NA NA 59.08
1981321 1981 11 17 33.56 12 1.6 31 2.6 NA NA 70.2
1981322 1981 11 18 33.62 15 10.1 0 4.3 NA NA 61.12
1981323 1981 11 19 65.97 13.7 7.2 0 4.25 NA NA 46.99
1981324 1981 11 20 38.19 11.91 4.7 0 2.6 NA NA 85.64
1981325 1981 11 21 63.66 9.97 2.9 0 3.8 NA NA 45.9
1981326 1981 11 22 63.66 4.5 0.18 0 4.2 NA NA 42.99
1981327 1981 11 23 61.34 3.5 -1.91 0 4 NA NA 37.22
1981328 1981 11 24 63.66 0.29 -4.22 0 2.9 NA NA 45.84
1981329 1981 11 25 62.5 -0.15 -6.1 0 2.4 NA NA 36.56
1981330 1981 11 26 62.5 0.29 -5.76 0 2.4 NA NA 32.27
1981331 1981 11 27 41.69 0.39 -6.45 0 2 NA NA 82.5
1981332 1981 11 28 67.13 1.8 -7.63 0 1.78 NA NA 63.7
1981333 1981 11 29 25.46 4.9 -2.1 0 3.5 NA NA 45.86
1981334 1981 11 30 27.78 9.3 3.5 3.3 4.96 NA NA 81.36
1981335 1981 12 01 39.85 11.4 0.3 1.5 1.8 NA NA 69
1981336 1981 12 02 21.99 12.3 8.6 21.47 3.5 NA NA 92.51
1981337 1981 12 03 59.03 8.2 1.1 0 2.4 NA NA 68.26
1981338 1981 12 04 33.56 9.26 4.9 1.4 4.2 NA NA 78.46
1981339 1981 12 05 28.94 8.79 5.31 3.7 2.7 NA NA 88.9
1981340 1981 12 06 35.88 7.9 4 0 3.2 NA NA 86.8
1981341 1981 12 07 39.35 7.6 2.2 0 3.7 NA NA 64.99
1981342 1981 12 08 48.61 6.88 1.1 0 2.3 NA NA 80.66
1981343 1981 12 09 45.14 4.5 -1.8 0 0.7 NA NA 73.32
1981344 1981 12 10 52.08 3.8 -1.8 0 2.1 NA NA 68.96
1981345 1981 12 11 47.45 3.8 -2.61 0 1.6 NA NA 68.22
1981346 1981 12 12 46.3 6.1 -1.9 0 1 NA NA 63.6
1981347 1981 12 13 50.93 8.02 -1.2 0 1.7 NA NA 57.01
1981348 1981 12 14 49.15 5.7 -1.3 0 1.8 NA NA 65.6
1981349 1981 12 15 21.99 6.79 -0.4 1.1 1.9 NA NA 86.3
1981350 1981 12 16 20.46 9.4 4.6 0 1.9 NA NA 90.6
1981351 1981 12 17 27.78 9.3 -0.08 0 0.4 NA NA 83
1981352 1981 12 18 42.7 5.3 -1.7 0 0.6 NA NA 66.86
1981353 1981 12 19 49.48 3.02 -3.4 0 1 NA NA 75.39
1981354 1981 12 20 61.34 2.09 -6 0 1.8 NA NA 59.58
1981355 1981 12 21 19.68 3.27 -3.01 2.5 2.41 NA NA 79.5
1981356 1981 12 22 40.51 2.96 -5.89 0 1.7 NA NA 88.02
1981357 1981 12 23 33.81 3.05 -5.6 2.2 2.1 NA NA 82.83
1981358 1981 12 24 21.99 4.7 0 1.2 2.62 NA NA 82
1981359 1981 12 25 19.68 9.9 5.3 0 3.4 NA NA 90.6
1981360 1981 12 26 24.31 11 8.32 1.7 4.3 NA NA 90.46
1981361 1981 12 27 33.56 8.5 4.5 0 3.4 NA NA 65.44
1981362 1981 12 28 35.88 9.1 3.5 0 5.3 NA NA 67.5
1981363 1981 12 29 20.83 10.1 8.64 0 6.1 NA NA 86.24
1981364 1981 12 30 41.62 9.36 2.8 3.9 3.6 NA NA 64.61
1981365 1981 12 31 47.45 6.12 -2.2 0 1.7 NA NA 69.54
1982001 1982 01 01 44.19 2.39 -5.54 0 1.1 NA NA 84.47
1982002 1982 01 02 45.14 0.28 -7.9 0 1.23 NA NA 84.6
1982003 1982 01 03 21.99 3.3 -4.31 0 2.2 NA NA 75.9
1982004 1982 01 04 52.08 4.5 -0.41 0 3.8 NA NA 79.24
1982005 1982 01 05 34.72 8.1 3.45 2.5 5.4 NA NA 73.46
1982006 1982 01 06 37.04 7.2 3.9 0 4.3 NA NA 81.66
1982007 1982 01 07 26.62 10.71 3.9 2.3 6.9 NA NA 64.3
1982008 1982 01 08 40.51 10 4.72 2.5 4.11 NA NA 73.26
1982009 1982 01 09 40.51 7.4 2.05 0 5 NA NA 66.37
1982010 1982 01 10 30.09 8.7 3.63 0 5.2 NA NA 76.54
1982011 1982 01 11 43.98 9 2.7 0 3.7 NA NA 72.69
1982012 1982 01 12 50.93 6.3 -0.8 0 1.7 NA NA 69.23
1982013 1982 01 13 46.3 5.84 -1.5 0 2 NA NA 72.78
1982014 1982 01 14 25.46 10.31 3.74 4.9 3.3 NA NA 71.8
1982015 1982 01 15 43.98 8.3 2.7 1.2 3.2 NA NA 73.8
1982016 1982 01 16 57.87 7.8 3.2 1.6 4.9 NA NA 81.92
1982017 1982 01 17 32.18 7.4 1.3 0 3.6 NA NA 74.4
1982018 1982 01 18 72.15 5.65 -2.6 0 1 NA NA 63.53
1982019 1982 01 19 23.15 4.29 -2.9 3.4 1.1 NA NA 78.35
1982020 1982 01 20 40.51 9.59 3.6 0 2.2 NA NA 84.11
1982021 1982 01 21 21.99 10.6 3.8 12.17 5.2 NA NA 85.6
1982022 1982 01 22 48.61 5.48 1.2 0 5.46 NA NA 73.12
1982023 1982 01 23 70.6 4.1 -0.8 0 2.6 NA NA 55.69
1982024 1982 01 24 43.98 7.8 -0.7 3.3 5.2 NA NA 65.3
1982025 1982 01 25 30.09 5.18 -0.4 1.57 5.29 NA NA 78.37
1982026 1982 01 26 37.04 9.82 -0.6 0 3.14 NA NA 52.28
1982027 1982 01 27 59.03 13.36 2.55 6.78 5.5 NA NA 55.67
1982028 1982 01 28 43.98 9.3 -1.2 3.4 1.9 NA NA 71.93
1982029 1982 01 29 84.58 7.9 -1.9 0 1.69 NA NA 49.47
1982030 1982 01 30 83.33 11.2 0 0 2.4 NA NA 47.89
1982031 1982 01 31 82.2 12.1 2.6 0 2.6 NA NA 57.19
1982032 1982 02 01 29.99 10.79 6.3 0 2.9 NA NA 85.9
1982033 1982 02 02 41.67 11.13 6.5 0 3.4 NA NA 85.06
1982034 1982 02 03 92.7 8.18 -1.4 0 1.2 NA NA 56.32
1982035 1982 02 04 96.06 6.6 -2.7 0 0.8 NA NA 43.96
1982036 1982 02 05 93.46 5.9 -4.04 0 2 NA NA 54.08
1982037 1982 02 06 90.92 9.8 0.8 0 2.1 NA NA 62.5
1982038 1982 02 07 64.81 5.6 -0.2 0 3.8 NA NA 56.82
1982039 1982 02 08 97.2 4.59 -2.6 0 1.8 NA NA 48.29
1982040 1982 02 09 54.4 9.8 -1.91 2.93 4.1 NA NA 39.29
1982041 1982 02 10 70.6 10.8 2.08 0 2.4 NA NA 75.23
1982042 1982 02 11 42.82 12.4 1.6 0 3.2 NA NA 72.67
1982043 1982 02 12 25.46 12.2 11.54 3.7 3.5 NA NA 93.94
1982044 1982 02 13 24.3 11.62 8.26 6.65 3.1 NA NA 90.4
1982045 1982 02 14 57.87 11.91 5.29 0 1.9 NA NA 62.47
1982046 1982 02 15 42.82 12.2 7.3 3.3 5.9 NA NA 85
1982047 1982 02 16 47.45 13.31 7.1 2.5 6.66 NA NA 76.7
1982048 1982 02 17 30.08 10.03 5.5 4.59 1.8 NA NA 79.94
1982049 1982 02 18 45.14 12.1 7.4 4.1 2.9 NA NA 85.69
1982050 1982 02 19 106.43 10.08 1.16 0 2.1 NA NA 62.11
1982051 1982 02 20 114.88 12.1 -1.4 0 2 NA NA 41.29
1982052 1982 02 21 69.44 12.4 3.5 0 2.9 NA NA 53.71
1982053 1982 02 22 120.18 15.66 3 0 2.1 NA NA 48.26
1982054 1982 02 23 131.94 16.3 3.3 0 2.2 NA NA 43.29
1982055 1982 02 24 129.63 14.1 1.3 0 2.6 NA NA 41.27
1982056 1982 02 25 125 12.22 -0.4 0 1.3 NA NA 45.5
1982057 1982 02 26 57.87 9.3 -0.3 1.9 1.7 NA NA 61.14
1982058 1982 02 27 130.79 8.9 1.1 0 2 NA NA 49.87
1982059 1982 02 28 34.72 8.9 1.07 1.1 3.6 NA NA 68.3
1982060 1982 03 01 68.49 14.3 4.6 0 1.8 NA NA 71.42
1982061 1982 03 02 156.25 16.92 3.5 1.1 3.1 NA NA 40.2
1982062 1982 03 03 53.24 15.7 7.54 3.7 3.7 NA NA 70.7
1982063 1982 03 04 131.9 17.4 7.5 0 4.61 NA NA 49.3
1982064 1982 03 05 98.38 14.2 6.69 1.46 4.91 NA NA 59.2
1982065 1982 03 06 86.81 14.1 6.6 2 4.8 NA NA 55
1982066 1982 03 07 86.81 13 4.7 0 3.7 NA NA 53.3
1982067 1982 03 08 123.94 15.3 2.9 0 2.9 NA NA 44.52
1982068 1982 03 09 149.43 13.8 -0.5 0 0.5 NA NA 46.32
1982069 1982 03 10 151.63 16.7 1 0 1.6 NA NA 41.24
1982070 1982 03 11 116.9 12.77 3.3 0 2.3 NA NA 65.3
1982071 1982 03 12 169.92 14.16 -0.91 0 1.7 NA NA 38.7
1982072 1982 03 13 75.44 12.9 3.3 2.78 3.04 NA NA 53.8
1982073 1982 03 14 79.86 11.6 3.7 2 4.7 NA NA 55.42
1982074 1982 03 15 111.06 10 2.2 1.9 3.6 NA NA 40.62
1982075 1982 03 16 83.33 13.5 5.95 6.21 2.8 NA NA 76.17
1982076 1982 03 17 127.93 14.1 7.15 3.7 1.5 NA NA 60
1982077 1982 03 18 78.61 11.6 4.13 0 4.1 NA NA 67.3
1982078 1982 03 19 99.54 8.3 1.6 0 2.4 NA NA 56.21
1982079 1982 03 20 200.25 8.3 -2.5 0 1.1 NA NA 34.77
1982080 1982 03 21 202.55 9.5 -2.93 0 0.5 NA NA 30.19
1982081 1982 03 22 165.51 12.03 -1.4 3.55 3.3 NA NA 34.8
1982082 1982 03 23 132.81 13 3.28 0 3.9 NA NA 53.7
1982083 1982 03 24 98.38 15.41 6.71 5.2 4.1 NA NA 68.94
1982084 1982 03 25 84.57 16.3 9 0 5.1 NA NA 69.2
1982085 1982 03 26 125 17.31 9 5.1 3.2 NA NA 67.71
1982086 1982 03 27 65.97 16.25 9 25.85 3.3 NA NA 79.21
1982087 1982 03 28 99.54 17.9 8.67 2 3.3 NA NA 62.62
1982088 1982 03 29 127.31 13.7 4 0 3.1 NA NA 50.8
1982089 1982 03 30 192.17 15.61 2.2 0 2.92 NA NA 39.6
1982090 1982 03 31 138.89 13.1 4.21 0 3.1 NA NA 49.01
1982091 1982 04 01 117.07 13.07 5.2 2.5 4.1 NA NA 54.7
1982092 1982 04 02 112.27 11.4 5.6 2.72 7.47 NA NA 52.61
1982093 1982 04 03 166.21 17.1 3.5 4 3.8 NA NA 37.59
1982094 1982 04 04 135.42 14.3 8.23 0 5 NA NA 63.9
1982095 1982 04 05 169.62 13.4 6.21 0 4.2 NA NA 47.07
1982096 1982 04 06 192.71 17.8 6.6 1.57 2.9 NA NA 47
1982097 1982 04 07 130.72 16.2 9.4 2.4 1.4 NA NA 73.31
1982098 1982 04 08 84.49 14.6 6.5 0 2.8 NA NA 78.82
1982099 1982 04 09 68.38 10.63 5.77 7.96 2.2 NA NA 79.72
1982100 1982 04 10 99.54 12.49 6.72 8.6 4.4 NA NA 79.14
1982101 1982 04 11 71.75 14.3 7.9 4.4 4.6 NA NA 60.93
1982102 1982 04 12 240.96 16.59 5.3 0 4.5 NA NA 39.3
1982103 1982 04 13 185.37 17.1 7.2 0 4.2 NA NA 42.39
1982104 1982 04 14 246.53 19.8 6.05 0 2.48 NA NA 38.1
1982105 1982 04 15 180.56 19.67 5.2 0 0.9 NA NA 40.19
1982106 1982 04 16 141.2 18.1 9.51 0 1.2 NA NA 44.5
1982107 1982 04 17 256.39 14.7 5.2 0 3 NA NA 40.17
1982108 1982 04 18 164.75 13.09 4.1 0 3.2 NA NA 44.5
1982109 1982 04 19 259.34 16.3 3.8 0 2.9 NA NA 33.33
1982110 1982 04 20 205.53 17.5 2.2 0 1.2 NA NA 37.45
1982111 1982 04 21 91.44 15 6.5 0 1.6 NA NA 67.91
1982112 1982 04 22 250.24 20.53 6.9 1.1 2.5 NA NA 39.81
1982113 1982 04 23 233.87 21.25 9.2 0 2.8 NA NA 42.07
1982114 1982 04 24 225.32 16.4 6.44 0 4.5 NA NA 41.56
1982115 1982 04 25 266.55 15 3.4 0 3.1 NA NA 30.4
1982116 1982 04 26 226.01 15.4 3.7 0 3.1 NA NA 33.37
1982117 1982 04 27 203.7 15.35 6.05 0 4.2 NA NA 37.58
1982118 1982 04 28 143.26 11.02 5.1 0 4.4 NA NA 55.25
1982119 1982 04 29 103.61 13.87 8.45 0 3.5 NA NA 74.15
1982120 1982 04 30 155.48 19.2 8.6 0 3.5 NA NA 48.06
1982121 1982 05 01 178.93 17.05 9.1 0 3.7 NA NA 50.64
1982122 1982 05 02 233.8 17.4 7.4 0 1.8 NA NA 43.1
1982123 1982 05 03 234.95 20.9 8.4 0 0.9 NA NA 42.98
1982124 1982 05 04 295 24.6 8 0 1.5 NA NA 37.71
1982125 1982 05 05 302.29 26.24 8.86 0 1.1 NA NA 37.79
1982126 1982 05 06 291.67 26.64 12.1 0 2.2 NA NA 36.93
1982127 1982 05 07 298.33 24.9 11.6 0 2.6 NA NA 37.97
1982128 1982 05 08 222.22 24.82 10.61 6.5 2.1 NA NA 44.6
1982129 1982 05 09 251.47 24.81 10.3 0 0.8 NA NA 43.6
1982130 1982 05 10 283.56 25.51 10.4 0 1.5 NA NA 40.4
1982131 1982 05 11 240.74 27.37 12.1 6.5 1 NA NA 39.52
1982132 1982 05 12 264.21 26.2 11.7 2.04 2.1 NA NA 42.2
1982133 1982 05 13 199.07 24.45 13.4 0 2.1 NA NA 49.94
1982134 1982 05 14 191.42 25.8 11.31 5.93 0.9 NA NA 43.39
1982135 1982 05 15 299.48 25.8 12.45 0 2.3 NA NA 39.17
1982136 1982 05 16 262.26 26.1 13.7 6.1 3.5 NA NA 36
1982137 1982 05 17 213.48 24.1 11.5 1.2 2.9 NA NA 47.6
1982138 1982 05 18 254.63 23.4 9.6 0 1.19 NA NA 45
1982139 1982 05 19 233.8 25 12.1 6.1 2.6 NA NA 43.26
1982140 1982 05 20 247.2 23.3 11.3 0 2.9 NA NA 49.22
1982141 1982 05 21 294.5 25 10.79 0 3.3 NA NA 33.23
1982142 1982 05 22 302.24 23.91 10.45 0 2.4 NA NA 36.11
1982143 1982 05 23 258.36 22.71 8.55 0 1.5 NA NA 41.74
1982144 1982 05 24 191.9 19.5 9.2 0 0.7 NA NA 51.7
1982145 1982 05 25 286.8 24.56 8.19 2.7 2.3 NA NA 26.58
1982146 1982 05 26 211.81 24.61 12.1 0 2.6 NA NA 43.6
1982147 1982 05 27 145.83 22.41 16.04 19.04 3.2 NA NA 64.35
1982148 1982 05 28 173.45 21 13.97 3 2.8 NA NA 68.82
1982149 1982 05 29 219.89 22.5 10.8 3 1.3 NA NA 53.62
1982150 1982 05 30 242.5 20.23 9.5 0 2.8 NA NA 49.71
1982151 1982 05 31 194.44 18.4 10.7 3.49 3.8 NA NA 59.1
1982152 1982 06 01 192.13 18.2 9.95 0 2.5 NA NA 54.45
1982153 1982 06 02 227.9 19.9 8.7 0 1.5 NA NA 51
1982154 1982 06 03 268.52 21.4 7.29 0 1.1 NA NA 40.7
1982155 1982 06 04 210.48 21.56 10.2 0 1.6 NA NA 50.62
1982156 1982 06 05 221.34 22.92 14.97 0 1.8 NA NA 49.39
1982157 1982 06 06 187.86 23.21 14.01 0 0.8 NA NA 47.69
1982158 1982 06 07 224.23 22.5 11.58 0 2 NA NA 51.15
1982159 1982 06 08 324.19 23.04 9.66 0 1.3 NA NA 38.8
1982160 1982 06 09 232.54 24.3 8.28 0 0.19 NA NA 39.88
1982161 1982 06 10 209.05 22.4 12.4 1.8 1.6 NA NA 52.4
1982162 1982 06 11 209.73 19.6 10.2 0 2.3 NA NA 47.4
1982163 1982 06 12 200.45 19.3 8.68 0 2.8 NA NA 43.9
1982164 1982 06 13 253.77 21.1 7.69 0 1.1 NA NA 39.8
1982165 1982 06 14 137.66 16.7 10.6 16.26 3.1 NA NA 67.5
1982166 1982 06 15 191.7 18.7 9.59 0 2.22 NA NA 50.12
1982167 1982 06 16 111.11 17.5 8.25 6.28 2.7 NA NA 52.42
1982168 1982 06 17 222.13 18.29 6.7 0 2.5 NA NA 47.92
1982169 1982 06 18 188.66 21 10.5 0 0.8 NA NA 54.07
1982170 1982 06 19 186.34 23 11.8 0 1.1 NA NA 50.3
1982171 1982 06 20 163.02 24 12.09 0 1.8 NA NA 49.57
1982172 1982 06 21 190.97 23.7 15.44 0 1 NA NA 55.21
1982173 1982 06 22 228.01 24.4 14.2 0 1.4 NA NA 44.55
1982174 1982 06 23 284.72 24.8 13.9 0 2.22 NA NA 38.7
1982175 1982 06 24 315.8 25.4 11.3 0 2.1 NA NA 37.5
1982176 1982 06 25 303.62 26.32 12.2 0 1.4 NA NA 36.8
1982177 1982 06 26 288.19 27.62 11.6 2.8 0.8 NA NA 36.39
1982178 1982 06 27 314.81 27.2 11.8 0 0.4 NA NA 37.5
1982179 1982 06 28 298.67 28.92 13.51 0 1.17 NA NA 35.43
1982180 1982 06 29 218.75 26.18 14.9 3.4 2.8 NA NA 42.8
1982181 1982 06 30 151.5 22.26 14.47 0 1.7 NA NA 52.81
1982182 1982 07 01 217.59 21.59 12 9.8 2.5 NA NA 47.49
1982183 1982 07 02 157.82 21.03 11.6 0 3.4 NA NA 44.62
1982184 1982 07 03 115.7 22.27 11.23 2.3 2.6 NA NA 50.62
1982185 1982 07 04 81.04 21.8 14.65 10.07 4 NA NA 77.22
1982186 1982 07 05 211.79 23.18 13.5 0 3.1 NA NA 44.2
1982187 1982 07 06 71.53 22.48 14.2 5.8 3.3 NA NA 76.12
1982188 1982 07 07 184.17 23.92 15.81 0 3.4 NA NA 56.63
1982189 1982 07 08 180.43 24.2 14.4 2.57 2.9 NA NA 52.75
1982190 1982 07 09 259.87 22.7 12.1 0 1.9 NA NA 44.21
1982191 1982 07 10 251.24 22.8 9.9 0 1.2 NA NA 38.1
1982192 1982 07 11 327.61 25.35 8.4 0 1.3 NA NA 32.63
1982193 1982 07 12 184.03 22.1 13.6 0 3.7 NA NA 42.99
1982194 1982 07 13 111.1 16.94 10.8 8.8 3.2 NA NA 56.21
1982195 1982 07 14 146.88 20.59 11.9 10.75 5.95 NA NA 53.13
1982196 1982 07 15 187.37 20 11.12 2.5 4.2 NA NA 41.78
1982197 1982 07 16 207.56 20.39 8.4 0 3.4 NA NA 43.89
1982198 1982 07 17 329.89 26.2 6.72 0 1.9 NA NA 29.62
1982199 1982 07 18 181.71 26.2 13.7 6.54 3.6 NA NA 42
1982200 1982 07 19 193.29 20.8 12.3 0 4.2 NA NA 43.35
1982201 1982 07 20 192.98 20.9 12 0 3.5 NA NA 47.11
1982202 1982 07 21 181.51 19.5 10.7 0 1.6 NA NA 47.9
1982203 1982 07 22 80.2 19.43 10.21 3.45 2.8 NA NA 59.77
1982204 1982 07 23 199.07 24.5 14.41 0 1.7 NA NA 52.59
1982205 1982 07 24 329.92 28.88 15.4 0 1.6 NA NA 36.2
1982206 1982 07 25 283.06 31.85 17.9 0 3.1 NA NA 25.7
1982207 1982 07 26 192.13 30 17.7 3.15 1 NA NA 36.48
1982208 1982 07 27 226.85 26.5 14 13.31 3.1 NA NA 43.25
1982209 1982 07 28 180.4 22.4 13.12 0 3.4 NA NA 39
1982210 1982 07 29 254.94 24.19 11.62 0 1.7 NA NA 34.18
1982211 1982 07 30 254.46 25.87 11.3 1.2 2.8 NA NA 31.87
1982212 1982 07 31 199.07 21.8 12.2 0 3.3 NA NA 40.57
1982213 1982 08 01 208.06 24.4 13.4 0 2 NA NA 34.62
1982214 1982 08 02 187.48 25 12.8 0 2.6 NA NA 42.9
1982215 1982 08 03 259.26 28.22 12.8 0 2.5 NA NA 33.01
1982216 1982 08 04 241.08 22 12.1 0 3.52 NA NA 41.11
1982217 1982 08 05 207.8 23.1 10.75 0 2.4 NA NA 34.68
1982218 1982 08 06 219.36 24.3 13.4 0 2.8 NA NA 34.45
1982219 1982 08 07 152.78 19.5 12.3 0 2.2 NA NA 49.81
1982220 1982 08 08 155.34 23.79 13.7 0 2.1 NA NA 41.7
1982221 1982 08 09 182.87 22.1 13.13 1.9 3 NA NA 41.34
1982222 1982 08 10 199.41 24.43 13.1 3 3.65 NA NA 36.83
1982223 1982 08 11 193.29 23.7 12.5 0 2.4 NA NA 40.2
1982224 1982 08 12 289.4 29.34 14.6 0 1.6 NA NA 28.38
1982225 1982 08 13 179.4 27.7 14.33 7.17 2.7 NA NA 36.42
1982226 1982 08 14 193.29 23.18 12.8 0 4.3 NA NA 34.9
1982227 1982 08 15 226.85 22.78 9.9 0 2.4 NA NA 36.6
1982228 1982 08 16 152.78 19.58 10.12 0 2.7 NA NA 43.38
1982229 1982 08 17 213.29 21.1 8.09 0 1.8 NA NA 33.15
1982230 1982 08 18 207.97 24.6 8.97 0 2.34 NA NA 31.55
1982231 1982 08 19 135.89 24.2 14.9 0 3 NA NA 43.5
1982232 1982 08 20 86.99 22.2 13.7 5.9 4.22 NA NA 66.7
1982233 1982 08 21 139.89 18.9 11.8 0 4.1 NA NA 36.5
1982234 1982 08 22 148.59 18.77 11.6 0 3.2 NA NA 36.66
1982235 1982 08 23 179.95 20.26 11 0 2.4 NA NA 37.04
1982236 1982 08 24 94.01 19.78 11.5 0 0.6 NA NA 62.17
1982237 1982 08 25 138.23 24.2 14.5 0 0.7 NA NA 41.64
1982238 1982 08 26 246.53 29.4 12.14 0 1.9 NA NA 25.75
1982239 1982 08 27 105.04 22.3 12.5 0 1.8 NA NA 57.56
1982240 1982 08 28 244.37 22.3 9.9 0 2.4 NA NA 36.2
1982241 1982 08 29 233.94 23.6 8.15 0 0.79 NA NA 30.57
1982242 1982 08 30 242.06 25.7 8.1 0 1.4 NA NA 27.75
1982243 1982 08 31 233.8 27.7 10.05 0 1.8 NA NA 26.34
1982244 1982 09 01 241.9 28.9 10.94 0 1.1 NA NA 25.89
1982245 1982 09 02 234.95 28.2 16.4 0 2.1 NA NA 31.1
1982246 1982 09 03 166.96 27.4 18.03 0 2 NA NA 37.3
1982247 1982 09 04 127.31 25.8 14.6 0 2.9 NA NA 40.56
1982248 1982 09 05 236.11 23.01 9.31 0 3.4 NA NA 27.98
1982249 1982 09 06 233.8 24.72 8.5 0 2.4 NA NA 26.1
1982250 1982 09 07 226.89 28.61 8.9 0 2.4 NA NA 22.05
1982251 1982 09 08 228.15 21.9 9.28 0 3.17 NA NA 30.49
1982252 1982 09 09 215.39 24.4 8.48 0 3.4 NA NA 26.1
1982253 1982 09 10 162.53 24.9 15 0 4 NA NA 27.98
1982254 1982 09 11 137.73 21.05 8.9 0 3.5 NA NA 29.6
1982255 1982 09 12 179.4 19 7.06 0 1.9 NA NA 27.8
1982256 1982 09 13 143.5 22.9 6.9 0 3.5 NA NA 24.08
1982257 1982 09 14 95.96 20.6 12.2 0 4.4 NA NA 44.57
1982258 1982 09 15 92.59 21.7 11.4 0 3.3 NA NA 47.52
1982259 1982 09 16 221.06 24.4 9 0 2.36 NA NA 28.97
1982260 1982 09 17 188.81 29.5 8.3 0 2.3 NA NA 22.18
1982261 1982 09 18 193.43 28.49 14.9 0 3.2 NA NA 23.2
1982262 1982 09 19 39.35 20.63 11.53 7.04 2.88 NA NA 53.1
1982263 1982 09 20 156.08 20.43 7.7 0 1.7 NA NA 35.8
1982264 1982 09 21 196.6 23.97 9.5 0 1.9 NA NA 26.62
1982265 1982 09 22 194.44 28.48 10 0 2.9 NA NA 21.97
1982266 1982 09 23 131.07 26.4 13.7 0 2.7 NA NA 24.49
1982267 1982 09 24 59.03 21.5 13 11.16 0.7 NA NA 64.51
1982268 1982 09 25 125 21.4 13.8 13.15 2.75 NA NA 64.2
1982269 1982 09 26 97.22 20.12 12.5 4.23 2.1 NA NA 70.31
1982270 1982 09 27 55.56 20.3 13.5 3.6 1.49 NA NA 78.89
1982271 1982 09 28 147.03 27.15 14.8 16.75 3.6 NA NA 40.7
1982272 1982 09 29 63.58 21.43 13.71 1.2 1.5 NA NA 75
1982273 1982 09 30 177.08 26.13 10.91 0 1.2 NA NA 36.42
1982274 1982 10 01 162.06 23.52 10.7 0 1.8 NA NA 39.94
1982275 1982 10 02 142.79 24.68 11.82 0 1.9 NA NA 46.4
1982276 1982 10 03 90.44 21.7 11.22 1.4 3.9 NA NA 50.92
1982277 1982 10 04 129.63 19.7 8.5 0 1.1 NA NA 47.22
1982278 1982 10 05 148.52 24.2 10.1 0 2.4 NA NA 38.53
1982279 1982 10 06 145.83 24.7 11.95 0 2 NA NA 40.67
1982280 1982 10 07 145.83 22.97 11.3 0 2 NA NA 41.31
1982281 1982 10 08 141.2 24.19 9.8 0 1.06 NA NA 34.5
1982282 1982 10 09 112.27 20.92 9.1 4.8 2.2 NA NA 40.61
1982283 1982 10 10 39.35 17.17 12.01 14.86 2.5 NA NA 84.72
1982284 1982 10 11 100.24 19.3 9.9 0 2.5 NA NA 53.65
1982285 1982 10 12 35.87 16.7 10.3 14.07 3.1 NA NA 80.95
1982286 1982 10 13 57.87 14.93 9.9 0 1.7 NA NA 80.6
1982287 1982 10 14 51.17 15.1 10.3 0 1.6 NA NA 84.5
1982288 1982 10 15 114.58 17.5 7.3 0 1.25 NA NA 58.7
1982289 1982 10 16 60.19 16.3 7.2 0 1.6 NA NA 68.92
1982290 1982 10 17 56.71 17.02 11.6 0 2.3 NA NA 71.03
1982291 1982 10 18 106.48 18.4 8.4 0 0.9 NA NA 53.17
1982292 1982 10 19 113.43 18.45 6.4 0 2.5 NA NA 42.99
1982293 1982 10 20 62.5 14.7 9.9 14.33 3.3 NA NA 80.65
1982294 1982 10 21 96.06 13.17 7.6 0 2 NA NA 57.13
1982295 1982 10 22 87.21 13.99 6.6 0 1.5 NA NA 44.29
1982296 1982 10 23 82.18 16.2 8.22 0 3.5 NA NA 60.13
1982297 1982 10 24 41.67 13.08 7.92 5.9 4.1 NA NA 80.66
1982298 1982 10 25 59.03 13.4 6 3.94 4.42 NA NA 68.34
1982299 1982 10 26 41.67 15 11.21 1.5 5.98 NA NA 76.2
1982300 1982 10 27 64.81 18.1 11.01 2.35 5.59 NA NA 60.78
1982301 1982 10 28 53.24 18.75 11.2 20.87 3.4 NA NA 66.25
1982302 1982 10 29 81.56 12.7 5.8 5.4 4.4 NA NA 56.77
1982303 1982 10 30 57.87 11.8 3.8 0 2.9 NA NA 60.95
1982304 1982 10 31 91.78 14.6 6.1 0 4 NA NA 53.61
1982305 1982 11 01 75.23 11.8 6.05 3.6 2.97 NA NA 73.03
1982306 1982 11 02 89.8 13.42 3.1 0 1.8 NA NA 53
1982307 1982 11 03 81.02 12.2 3 0 1.8 NA NA 54.81
1982308 1982 11 04 79.86 18.2 4.1 0 1.79 NA NA 44.59
1982309 1982 11 05 78.7 18 6.2 0 1.67 NA NA 54.05
1982310 1982 11 06 76.39 15.2 4.8 0 1.6 NA NA 58.72
1982311 1982 11 07 78.23 14 3.3 0 1.6 NA NA 50.48
1982312 1982 11 08 54.4 12.16 1.3 0 2.16 NA NA 66.21
1982313 1982 11 09 84.49 8.3 -1.48 0 1.85 NA NA 45.62
1982314 1982 11 10 81.02 8.27 0.29 0 3.2 NA NA 43.83
1982315 1982 11 11 77.55 6.09 -0.88 0 2.8 NA NA 61.13
1982316 1982 11 12 59.22 5.5 -1.27 0 2.5 NA NA 68.58
1982317 1982 11 13 40.51 5.54 -0.51 0 2 NA NA 64.09
1982318 1982 11 14 76.39 0.46 -4.5 0 1.5 NA NA 66.32
1982319 1982 11 15 75.23 1 -6.03 1.62 1.17 NA NA 49.99
1982320 1982 11 16 41.67 11.2 0.3 5.4 2.68 NA NA 63.6
1982321 1982 11 17 32.41 11.9 8.5 0 3.5 NA NA 86.4
1982322 1982 11 18 56.26 12 5.61 0 2.3 NA NA 84.78
1982323 1982 11 19 61.34 11.2 1.9 0 2.3 NA NA 62.39
1982324 1982 11 20 61.34 13.7 5.78 0 3.5 NA NA 57.23
1982325 1982 11 21 33.56 12.35 8.8 0 4 NA NA 64
1982326 1982 11 22 21.99 12 8.61 1.57 3 NA NA 81
1982327 1982 11 23 38.19 13.93 4.7 0 1.1 NA NA 79.73
1982328 1982 11 24 57.93 12.2 4 0 1.8 NA NA 65.18
1982329 1982 11 25 56.71 10 1.4 0 1.2 NA NA 68.07
1982330 1982 11 26 56.71 5.4 -1.85 0 1.2 NA NA 75.35
1982331 1982 11 27 38.19 3.6 -2.58 0 0.45 NA NA 71.91
1982332 1982 11 28 42.82 3.44 -2.56 0 0.5 NA NA 70.89
1982333 1982 11 29 61.34 2.57 -5.6 0 1.7 NA NA 73.27
1982334 1982 11 30 21.99 5.4 0.1 6.51 2.29 NA NA 82.5
1982335 1982 12 01 16.2 9.6 4.5 9.7 5.2 NA NA 87.6
1982336 1982 12 02 34.72 5.1 1.02 0 2.86 NA NA 82.3
1982337 1982 12 03 26.62 7.7 1.1 6.46 3.9 NA NA 82.98
1982338 1982 12 04 30.09 9.3 3.8 2.19 5.97 NA NA 62.82
1982339 1982 12 05 40.51 3.8 -0.76 0 3.3 NA NA 86.09
1982340 1982 12 06 43.98 4 -1.7 0 2.4 NA NA 69.14
1982341 1982 12 07 25.46 3.9 -2 0 2.19 NA NA 72.47
1982342 1982 12 08 23.15 9.3 2.7 8.75 7 NA NA 74.9
1982343 1982 12 09 16.2 5.83 3.9 6 7 NA NA 90.45
1982344 1982 12 10 52.08 3.8 -1.2 0 2.2 NA NA 78.06
1982345 1982 12 11 13.89 5.3 -1.2 8.3 3.3 NA NA 69.97
1982346 1982 12 12 33.56 5.47 2.6 0 2.2 NA NA 91.3
1982347 1982 12 13 28.94 8.5 2.2 9.22 3 NA NA 78.89
1982348 1982 12 14 50.93 8 1.6 0 3.8 NA NA 55.12
1982349 1982 12 15 45.14 4 -0.78 0 2.7 NA NA 71.31
1982350 1982 12 16 34.72 3.1 -2.2 0 2.7 NA NA 74.8
1982351 1982 12 17 21.99 2.99 -2.86 0 2 NA NA 76.73
1982352 1982 12 18 25.46 8 1.77 3.9 3.8 NA NA 62.84
1982353 1982 12 19 27.78 9.4 4.2 10.3 5.8 NA NA 87.31
1982354 1982 12 20 40.01 6.76 2.3 0 6.9 NA NA 53.7
1982355 1982 12 21 21.99 5.4 2.1 1.1 6.9 NA NA 60.4
1982356 1982 12 22 35.88 5.7 2.1 4.21 7 NA NA 68.4
1982357 1982 12 23 33.56 4.2 0.2 1.7 3.7 NA NA 86.2
1982358 1982 12 24 37.04 6.73 3.76 0 3.7 NA NA 79.29
1982359 1982 12 25 23.15 6 2.6 3.2 1.6 NA NA 88.9
1982360 1982 12 26 35.88 5 0.8 0 1.6 NA NA 84.32
1982361 1982 12 27 40.51 4.8 0.9 0 2.2 NA NA 84.94
1982362 1982 12 28 48.61 6.4 0.7 0 1.86 NA NA 76.36
1982363 1982 12 29 26.62 5 0.59 0 2 NA NA 83.1
1982364 1982 12 30 33.56 3.7 -1.08 0 2.3 NA NA 84.65
1982365 1982 12 31 19.68 5.9 -0.4 3 2.5 NA NA 75.22
1983001 1983 01 01 20.83 6.03 0.8 0 3.1 NA NA 82.93
1983002 1983 01 02 55.56 5.3 -2 0 1 NA NA 69.4
1983003 1983 01 03 50.93 4.34 -1.2 0 2.2 NA NA 76.52
1983004 1983 01 04 49.43 4.6 -1.2 0 2.2 NA NA 72.79
1983005 1983 01 05 14.9 8.7 2.7 6.55 3.5 NA NA 81.76
1983006 1983 01 06 41.67 7.2 -0.4 0 2.1 NA NA 78.01
1983007 1983 01 07 47.45 4.2 -2.13 0 1.9 NA NA 73.93
1983008 1983 01 08 20.83 3.93 -0.1 1.5 2.9 NA NA 82
1983009 1983 01 09 28.69 11.8 3.86 11.19 3.7 NA NA 82.09
1983010 1983 01 10 21.99 14.3 9.17 0 2.5 NA NA 89.48
1983011 1983 01 11 59.16 14.34 7.8 0 1.9 NA NA 77.4
1983012 1983 01 12 43.98 13.45 7.91 0 3.8 NA NA 82.5
1983013 1983 01 13 50.93 10.5 1.9 0 1.7 NA NA 70.32
1983014 1983 01 14 43.98 12 5.8 2 5.2 NA NA 79.12
1983015 1983 01 15 35.88 10.3 7.6 2.71 6.37 NA NA 81.75
1983016 1983 01 16 32.57 10.1 4.4 3 6.8 NA NA 64.89
1983017 1983 01 17 41.67 7 0.95 2.48 4.4 NA NA 67.68
1983018 1983 01 18 40.51 9.8 4.4 2.39 7.2 NA NA 67.28
1983019 1983 01 19 23.15 8.8 5.71 12.48 6.4 NA NA 84.11
1983020 1983 01 20 47.52 7.11 2.11 0 4.5 NA NA 73.49
1983021 1983 01 21 32.41 5.6 1.07 2 4.2 NA NA 78.29
1983022 1983 01 22 59.03 7.23 1.3 0 4.1 NA NA 60.4
1983023 1983 01 23 38.19 4.6 -0.4 0 2.3 NA NA 76.7
1983024 1983 01 24 74.07 5.7 0.53 0 2.6 NA NA 76.31
1983025 1983 01 25 48.61 7.85 0 2.5 3.6 NA NA 55.89
1983026 1983 01 26 41.67 4.2 -0.77 0 3.4 NA NA 68.68
1983027 1983 01 27 62.81 10.3 -0.7 3.49 4.74 NA NA 49.23
1983028 1983 01 28 44.58 10.1 5.1 2.43 7.54 NA NA 60.31
1983029 1983 01 29 42.82 10.2 5.33 0 8.3 NA NA 52.93
1983030 1983 01 30 57.87 9.3 3.51 0 3.5 NA NA 72.74
1983031 1983 01 31 41.67 7.93 1.8 0 3.62 NA NA 66.05
1983032 1983 02 01 43.98 8.9 1.1 0 4.8 NA NA 75
1983033 1983 02 02 43.98 11 8.1 0 6.05 NA NA 71.7
1983034 1983 02 03 24.18 9.5 6.51 3.65 4.2 NA NA 84.31
1983035 1983 02 04 43.98 10.2 5.56 0 5.5 NA NA 69.86
1983036 1983 02 05 48.61 8.9 3.97 8.16 6 NA NA 78.31
1983037 1983 02 06 90.28 7.9 0.8 6.12 2.8 NA NA 77.13
1983038 1983 02 07 78.7 7.1 0 2 4 NA NA 54.1
1983039 1983 02 08 52.08 9.4 5.29 3.64 5.4 NA NA 79.18
1983040 1983 02 09 33.56 11.1 3.9 2.4 5.8 NA NA 63.05
1983041 1983 02 10 49.44 6.77 2.7 0 9.5 NA NA 54.39
1983042 1983 02 11 90.28 8.2 2.6 8.13 4.5 NA NA 57.68
1983043 1983 02 12 53.24 5.6 1.42 7.15 4.23 NA NA 77.77
1983044 1983 02 13 85.65 6.31 0.8 0 4.12 NA NA 52.13
1983045 1983 02 14 83.3 5.8 -1.2 3.2 3.1 NA NA 64.67
1983046 1983 02 15 59.03 6.68 3.07 3.99 3.7 NA NA 74.81
1983047 1983 02 16 34.65 3.6 0.29 5.4 2.5 NA NA 87.61
1983048 1983 02 17 112.28 3.05 -3.6 0 2.9 NA NA 54.3
1983049 1983 02 18 17.44 -0.25 -1.92 3.4 4.12 NA NA 87.16
1983050 1983 02 19 113.43 1.3 -10.61 0 2.3 NA NA 60.05
1983051 1983 02 20 105.38 -0.06 -10.62 0 0.6 NA NA 68.3
1983052 1983 02 21 103.01 1.27 -9.46 0 1.8 NA NA 59.4
1983053 1983 02 22 123.4 1.75 -9.61 0 2.8 NA NA 44.68
1983054 1983 02 23 117.01 6.9 -0.5 0 3.6 NA NA 57.9
1983055 1983 02 24 46.01 9.9 3.21 11.98 4.41 NA NA 80.3
1983056 1983 02 25 55.42 13.9 6.01 4.43 5.35 NA NA 70.31
1983057 1983 02 26 21.19 13.3 5.7 8.3 5.51 NA NA 77.4
1983058 1983 02 27 70.6 11.6 7.8 0 4.4 NA NA 70.18
1983059 1983 02 28 55.27 14.8 8.1 0 4.2 NA NA 67.63
1983060 1983 03 01 130.79 13 2.6 0 4.1 NA NA 53.7
1983061 1983 03 02 118.88 8.7 1.1 0 2.5 NA NA 49.89
1983062 1983 03 03 94.91 4.4 -0.6 0 2.4 NA NA 54.28
1983063 1983 03 04 52.08 11.7 -0.71 1.9 3.6 NA NA 55.58
1983064 1983 03 05 62.5 13.49 7.3 0 2.8 NA NA 70.73
1983065 1983 03 06 83.74 13.47 7.57 0 2.8 NA NA 63.67
1983066 1983 03 07 61.18 11.5 6.8 0 1.74 NA NA 83.16
1983067 1983 03 08 99.54 13.3 4.01 0 2 NA NA 62.7
1983068 1983 03 09 64.81 9.38 3.3 0 3.1 NA NA 64.13
1983069 1983 03 10 60.19 9.01 2.3 1.6 4.9 NA NA 59.54
1983070 1983 03 11 71.76 13.34 7.9 0 5.8 NA NA 70.26
1983071 1983 03 12 56.71 13.8 7.9 6.55 6.8 NA NA 71.15
1983072 1983 03 13 113.43 15.34 7.71 2.7 3.6 NA NA 55.75
1983073 1983 03 14 78.7 14.7 8.6 0 2.7 NA NA 75.54
1983074 1983 03 15 74.07 13.5 4.3 1.82 1.9 NA NA 70.2
1983075 1983 03 16 39.35 11.6 5.1 7.41 3.1 NA NA 74.97
1983076 1983 03 17 153.05 14.27 2.4 1.2 2.6 NA NA 48.33
1983077 1983 03 18 68.25 17.2 6.6 0 2.7 NA NA 63.72
1983078 1983 03 19 40.76 16.2 6 4.9 2.4 NA NA 69.49
1983079 1983 03 20 114.58 17.2 9.46 3.29 2.64 NA NA 60.9
1983080 1983 03 21 91.29 14.9 4.21 0 2.1 NA NA 65.2
1983081 1983 03 22 190.22 14.1 0.91 0 0.87 NA NA 44.21
1983082 1983 03 23 87.96 12.3 6.1 1.4 0.21 NA NA 79.86
1983083 1983 03 24 83.33 11.87 6.78 5.3 2.3 NA NA 81.24
1983084 1983 03 25 218.64 13.8 3.4 1.7 2.5 NA NA 43.05
1983085 1983 03 26 208.44 19.54 7.8 1.2 6.56 NA NA 41.08
1983086 1983 03 27 92.59 15.93 8.6 0 4.2 NA NA 66.02
1983087 1983 03 28 126.89 21.8 8.11 0 3.9 NA NA 37.44
1983088 1983 03 29 99.54 17.5 7.4 2 4.3 NA NA 54.51
1983089 1983 03 30 119.32 14.5 6.29 0 4.9 NA NA 41.56
1983090 1983 03 31 129.37 15 5.62 3.8 4.5 NA NA 50.97
1983091 1983 04 01 152.26 12.9 4.3 0 3.2 NA NA 48.5
1983092 1983 04 02 109.04 15.3 7.9 2.26 4.86 NA NA 60.52
1983093 1983 04 03 109.95 13.36 6.7 2.5 4.4 NA NA 63.51
1983094 1983 04 04 100.69 12.29 6 2.7 4.3 NA NA 67
1983095 1983 04 05 108.94 10.93 4.6 2.7 4.71 NA NA 50.56
1983096 1983 04 06 145.75 14 6.57 0 4.6 NA NA 50.68
1983097 1983 04 07 119.81 12.9 5.4 0 4.2 NA NA 51.2
1983098 1983 04 08 149.24 15.99 3.1 0 1.98 NA NA 43.42
1983099 1983 04 09 109.05 19.15 5.86 0 3.32 NA NA 45.58
1983100 1983 04 10 128.96 15.3 6.94 1.23 4.5 NA NA 57.51
1983101 1983 04 11 135.09 15.3 5.61 0 3.4 NA NA 52.5
1983102 1983 04 12 148.15 10.4 4.79 1.9 3.74 NA NA 63.13
1983103 1983 04 13 167.82 9.9 2.36 0 3.29 NA NA 35.2
1983104 1983 04 14 175.31 9.7 0.57 0 2.8 NA NA 33.3
1983105 1983 04 15 241.9 13.2 -1.44 0 1.28 NA NA 32
1983106 1983 04 16 51.46 15.6 5.9 8.48 2.4 NA NA 60.51
1983107 1983 04 17 72.55 16.3 5.8 0 2.77 NA NA 77.06
1983108 1983 04 18 250.13 16.7 1.75 0 1.2 NA NA 39.3
1983109 1983 04 19 284.63 18.69 2.1 0 0.83 NA NA 35.23
1983110 1983 04 20 280.12 20.34 4.2 0 1.5 NA NA 35.29
1983111 1983 04 21 259.36 23.1 7.1 1.2 1.2 NA NA 38.56
1983112 1983 04 22 121.29 17.6 9.6 2.4 2.6 NA NA 68.17
1983113 1983 04 23 76.89 14.5 8.6 3 2.1 NA NA 84.19
1983114 1983 04 24 121.53 12.8 4.8 0 2.18 NA NA 57.67
1983115 1983 04 25 116.9 15.81 4.55 13.32 2.2 NA NA 57.81
1983116 1983 04 26 190.97 24.5 11.9 6.79 3.8 NA NA 42.69
1983117 1983 04 27 171.14 21.7 14.32 2.8 3.5 NA NA 50.34
1983118 1983 04 28 197.99 22.7 13.34 0 4 NA NA 37.56
1983119 1983 04 29 275.67 24.11 10.2 0 2.1 NA NA 34.6
1983120 1983 04 30 165.51 22.4 9.92 0 1.4 NA NA 50.65
1983121 1983 05 01 241.9 24.4 12.32 1.4 2.3 NA NA 43.3
1983122 1983 05 02 262.77 21.69 11.3 0 3.8 NA NA 44.5
1983123 1983 05 03 292.82 18.1 7.9 0 4.4 NA NA 27.3
1983124 1983 05 04 223.39 16.07 6.15 0 3.7 NA NA 43.8
1983125 1983 05 05 190.97 18.5 7.48 0 1 NA NA 44.5
1983126 1983 05 06 313.31 22.84 5.5 0 1.8 NA NA 35.64
1983127 1983 05 07 214.12 24.3 11.3 0 1.1 NA NA 46.61
1983128 1983 05 08 282.49 24.5 9 0 2.6 NA NA 35.2
1983129 1983 05 09 275.99 24.3 10.71 0 3 NA NA 37.79
1983130 1983 05 10 276.62 23.63 8.8 0 1.6 NA NA 34.39
1983131 1983 05 11 246.53 24.06 9.8 2.98 1.8 NA NA 37.11
1983132 1983 05 12 275.64 22.1 9.2 0 2.6 NA NA 39.45
1983133 1983 05 13 229.17 21.52 8.7 1.2 1.8 NA NA 41.89
1983134 1983 05 14 236.23 21.7 8.24 0 1.5 NA NA 46.1
1983135 1983 05 15 332.25 23.7 9.6 1.2 2.2 NA NA 41.37
1983136 1983 05 16 105.37 21.1 8.73 6 0.5 NA NA 63.19
1983137 1983 05 17 173.21 23 7.9 6.35 0.18 NA NA 47.68
1983138 1983 05 18 224.54 22.95 9 4.8 1.3 NA NA 49.9
1983139 1983 05 19 202.55 23.2 10.1 3 0.7 NA NA 48.1
1983140 1983 05 20 274.7 22.4 11.1 0 2.5 NA NA 47.4
1983141 1983 05 21 157.41 17.3 10.7 6.09 3.8 NA NA 64.46
1983142 1983 05 22 157.41 17.4 9.8 0 4.6 NA NA 55.94
1983143 1983 05 23 186.13 17.8 7.57 0 1.4 NA NA 54.43
1983144 1983 05 24 156.25 17.4 9.2 5.46 2.4 NA NA 64.21
1983145 1983 05 25 194.01 14.73 8 7.1 1.7 NA NA 71.5
1983146 1983 05 26 149.17 15.98 5.4 3.5 1.2 NA NA 56.3
1983147 1983 05 27 223.38 16.89 4.9 0 3.03 NA NA 45.81
1983148 1983 05 28 177.08 16.39 6.35 2.5 2.5 NA NA 60.06
1983149 1983 05 29 252.53 18.79 6.5 0 2 NA NA 47.3
1983150 1983 05 30 265.58 21.07 7.03 0 0.7 NA NA 41.34
1983151 1983 05 31 323.29 21.3 9.4 0 4.1 NA NA 40.6
1983152 1983 06 01 188.66 20.38 10.7 18.4 5.2 NA NA 42.9
1983153 1983 06 02 197.14 20.5 12.03 0 1.59 NA NA 55.63
1983154 1983 06 03 114.8 20.4 10.1 7.3 3.2 NA NA 55.9
1983155 1983 06 04 181.22 20.15 11.3 0 3.7 NA NA 53.76
1983156 1983 06 05 225.96 21.15 8.3 0 1.69 NA NA 51.7
1983157 1983 06 06 211.4 19.9 11 0 2.9 NA NA 52.51
1983158 1983 06 07 264.08 19.9 8 0 2.5 NA NA 45.23
1983159 1983 06 08 335.88 21.13 8 0 3 NA NA 40.61
1983160 1983 06 09 207.62 22.5 9 2.8 2.2 NA NA 46.57
1983161 1983 06 10 108.74 18.7 12.4 4 1.4 NA NA 77.95
1983162 1983 06 11 169.93 17.9 10.7 0 2.9 NA NA 55.7
1983163 1983 06 12 287.04 18.4 6.7 0 2.3 NA NA 37.36
1983164 1983 06 13 195.51 15.9 6.6 1.9 3.3 NA NA 52.04
1983165 1983 06 14 180.56 14.9 4.9 0 2.1 NA NA 49.75
1983166 1983 06 15 219.58 16.9 3.9 0 1.8 NA NA 50.22
1983167 1983 06 16 349.54 19.68 5.73 0 2.3 NA NA 39.55
1983168 1983 06 17 267.61 22.2 5.81 0 1.6 NA NA 41.02
1983169 1983 06 18 193.73 22.03 10.09 0 2.8 NA NA 50.27
1983170 1983 06 19 337.96 23 9.3 0 3 NA NA 39.6
1983171 1983 06 20 367.29 25.4 10.1 0 3.1 NA NA 31.49
1983172 1983 06 21 186.34 26.2 15.31 0 2.8 NA NA 40.08
1983173 1983 06 22 135.4 23.5 15.8 8.4 4.3 NA NA 62.26
1983174 1983 06 23 313.66 23.7 13 0 3.5 NA NA 44.3
1983175 1983 06 24 170.01 23.32 12.63 0 2.1 NA NA 45.43
1983176 1983 06 25 207.18 25.4 11.7 2.3 3.1 NA NA 40.62
1983177 1983 06 26 130.63 21.1 13.5 0 3.7 NA NA 54.3
1983178 1983 06 27 163.19 22.8 12.89 0 3.2 NA NA 52.8
1983179 1983 06 28 159.07 23.5 14.1 0 3.1 NA NA 54.22
1983180 1983 06 29 283.74 26.27 12.4 0 1.6 NA NA 41.16
1983181 1983 06 30 369.38 27.1 15.5 2.3 3.4 NA NA 41.56
1983182 1983 07 01 188.66 23.54 13.73 15.67 3.6 NA NA 57.52
1983183 1983 07 02 310.31 24.6 11.06 0 1.8 NA NA 39.98
1983184 1983 07 03 356.49 27.02 11.5 0 1.5 NA NA 36.61
1983185 1983 07 04 278.07 25.5 13 0 2.8 NA NA 43.91
1983186 1983 07 05 255.15 23.6 15 0 3.14 NA NA 43.75
1983187 1983 07 06 228.01 22.3 11.4 0 2.4 NA NA 39.87
1983188 1983 07 07 276.76 24.9 12.86 0 2 NA NA 36.87
1983189 1983 07 08 340.28 25.42 11.3 0 2.7 NA NA 36.71
1983190 1983 07 09 149.18 22.4 11.5 1.9 2.9 NA NA 52.11
1983191 1983 07 10 193.42 21.88 7.9 0 1.1 NA NA 38.21
1983192 1983 07 11 120.37 16.51 11.43 15.95 2.1 NA NA 69.02
1983193 1983 07 12 217.59 20.9 9.1 5.8 2.9 NA NA 43
1983194 1983 07 13 192.02 20.4 9.5 7.29 3.2 NA NA 50.85
1983195 1983 07 14 181.71 18.05 9.4 2 3.2 NA NA 52.83
1983196 1983 07 15 212.96 21.06 10.1 4.9 2.47 NA NA 49.47
1983197 1983 07 16 188.66 20.4 9.3 5.6 2.7 NA NA 48.49
1983198 1983 07 17 194.44 19.37 10.7 1.9 2.5 NA NA 52.51
1983199 1983 07 18 157.41 21.7 12.4 11.28 3.8 NA NA 60.41
1983200 1983 07 19 135.34 20.36 13.4 4.5 4 NA NA 64.66
1983201 1983 07 20 80.58 20.1 13.34 4.6 3.6 NA NA 67.75
1983202 1983 07 21 117.55 22.1 15.1 26.7 4 NA NA 71.51
1983203 1983 07 22 80.36 18.13 13.6 2.83 3.2 NA NA 84.68
1983204 1983 07 23 171.3 19.61 12.8 0 2.7 NA NA 50.69
1983205 1983 07 24 225.63 20.91 11 0 2.34 NA NA 45.28
1983206 1983 07 25 137.73 20.46 10.8 0 1.2 NA NA 56.05
1983207 1983 07 26 218.11 24.09 9.55 6.54 3.1 NA NA 44.16
1983208 1983 07 27 195.6 23.15 13.71 2.96 3.6 NA NA 53.32
1983209 1983 07 28 178.24 23 14.2 0 2.7 NA NA 54.23
1983210 1983 07 29 203.28 23.32 13.2 0 1.75 NA NA 51.93
1983211 1983 07 30 208.33 23.7 12.1 0 2.16 NA NA 50.65
1983212 1983 07 31 193.68 24.74 15.5 0 2.8 NA NA 50.27
1983213 1983 08 01 304.4 26.8 13 0 2.4 NA NA 38.93
1983214 1983 08 02 128.39 20.8 12.2 12.6 2.2 NA NA 69.18
1983215 1983 08 03 193.24 26 11 0 1.27 NA NA 41.1
1983216 1983 08 04 234.23 30.63 17.01 46.86 2.45 NA NA 35.39
1983217 1983 08 05 167.46 22.6 11.5 0 2.5 NA NA 54.29
1983218 1983 08 06 259.26 25.8 10.7 0 0.5 NA NA 40.9
1983219 1983 08 07 215.08 25.27 15.1 0 1.3 NA NA 48.17
1983220 1983 08 08 155.09 24.9 16 0 0.9 NA NA 50.57
1983221 1983 08 09 218.75 27 15.5 3.39 2.2 NA NA 42.62
1983222 1983 08 10 186.34 23.4 13.72 1.4 2.51 NA NA 54.76
1983223 1983 08 11 234.95 23.7 12.7 1.4 4.6 NA NA 43.12
1983224 1983 08 12 241.9 24.6 12.9 0 2.9 NA NA 41.5
1983225 1983 08 13 272.41 21.79 10.6 0 1.95 NA NA 43.67
1983226 1983 08 14 233.92 22.48 7.66 0 1.4 NA NA 38.1
1983227 1983 08 15 277.78 25.1 8.22 0 1.77 NA NA 34.4
1983228 1983 08 16 209.49 27.06 12.4 0 0.6 NA NA 37.64
1983229 1983 08 17 231.48 25.8 12.8 1.4 1.6 NA NA 46.32
1983230 1983 08 18 221.35 25.5 10.39 0 0.43 NA NA 40.39
1983231 1983 08 19 207.58 24.4 12.9 0 2.2 NA NA 45.8
1983232 1983 08 20 207.18 24.6 12.5 0 2.2 NA NA 38.3
1983233 1983 08 21 265.09 24.9 9.99 0 1.3 NA NA 35.3
1983234 1983 08 22 259.42 25.77 9.2 0 0.8 NA NA 34.22
1983235 1983 08 23 283.56 28.2 10.8 0 1.2 NA NA 31.8
1983236 1983 08 24 250.33 28.5 13 0 1.1 NA NA 31.99
1983237 1983 08 25 251.16 28.5 12.1 0 1.4 NA NA 31.22
1983238 1983 08 26 122.69 25.12 15.6 0 1.8 NA NA 45.41
1983239 1983 08 27 125.47 21.36 14 0 2.88 NA NA 53.07
1983240 1983 08 28 148.15 18.3 10.6 0 3.8 NA NA 45.72
1983241 1983 08 29 99.66 18.79 9.9 17.2 4.1 NA NA 55
1983242 1983 08 30 92.12 16.21 12.3 4.6 2.7 NA NA 79.3
1983243 1983 08 31 118.06 19.7 9.3 2.17 3.31 NA NA 52.83
1983244 1983 09 01 152.78 16.3 7.54 6.7 3.3 NA NA 58.11
1983245 1983 09 02 153.48 17.29 5.8 3.39 2 NA NA 46
1983246 1983 09 03 159.55 18.8 10.5 3.4 4.7 NA NA 52.63
1983247 1983 09 04 155.09 15.19 8.19 5.5 2.2 NA NA 62.27
1983248 1983 09 05 101.85 16.35 8.5 0 3.1 NA NA 61.51
1983249 1983 09 06 184.03 21.3 10.8 0 2.7 NA NA 42.28
1983250 1983 09 07 207.18 23.3 10.1 0 2.8 NA NA 36.3
1983251 1983 09 08 237.28 23.13 8.5 0 1.9 NA NA 37.81
1983252 1983 09 09 223.38 25.92 10.2 0 1.6 NA NA 33.76
1983253 1983 09 10 205.5 26 13.7 0 2.5 NA NA 33.09
1983254 1983 09 11 107.64 24.27 14.8 2.16 1.09 NA NA 57.22
1983255 1983 09 12 242.4 27.03 13 0 1.9 NA NA 33.11
1983256 1983 09 13 222.68 27.1 12.71 0 2.6 NA NA 30.5
1983257 1983 09 14 206.02 26.31 12.33 0 2.8 NA NA 30.27
1983258 1983 09 15 202.55 23.1 10.3 0 1.9 NA NA 41.31
1983259 1983 09 16 168.98 22.5 8.27 0 1.3 NA NA 40.6
1983260 1983 09 17 129.1 18.9 7.7 0 2.8 NA NA 51.82
1983261 1983 09 18 172.16 21.6 7.28 0 1.7 NA NA 35.83
1983262 1983 09 19 192.13 20.67 8 0 2.5 NA NA 38.26
1983263 1983 09 20 151.14 21.1 8.89 5.36 4.41 NA NA 40.59
1983264 1983 09 21 120.37 21.6 13.1 0 3.8 NA NA 57.63
1983265 1983 09 22 81.02 18.6 12.5 0 3.9 NA NA 61.9
1983266 1983 09 23 114.58 21.6 11.7 0 2.58 NA NA 47.6
1983267 1983 09 24 137.73 24.5 11.92 4.6 1.7 NA NA 40.6
1983268 1983 09 25 77.55 17.7 9.7 1.63 3.7 NA NA 75.14
1983269 1983 09 26 153.94 15.66 7.43 0 3.5 NA NA 48.15
1983270 1983 09 27 107.64 15.1 7 0 3.5 NA NA 49.77
1983271 1983 09 28 174.06 16.18 5.02 1.51 2.04 NA NA 42.29
1983272 1983 09 29 92.66 15.1 2.41 0 0.6 NA NA 41.43
1983273 1983 09 30 81.46 19.9 7.41 0 1.9 NA NA 42.87
1983274 1983 10 01 86.81 18.9 8.7 0 1.8 NA NA 58.71
1983275 1983 10 02 65.83 14.5 9.1 0 3.5 NA NA 60.87
1983276 1983 10 03 134.26 15.1 7.4 1.4 2.7 NA NA 48.1
1983277 1983 10 04 128.47 12.09 3.48 0 2.5 NA NA 39.6
1983278 1983 10 05 148.3 14.09 2.48 0 2.1 NA NA 34.48
1983279 1983 10 06 88.79 13.9 3.1 0 0.73 NA NA 52.1
1983280 1983 10 07 143.52 14.8 2.89 0 1.5 NA NA 35.9
1983281 1983 10 08 74.57 18.7 5.1 0 3.7 NA NA 31.45
1983282 1983 10 09 94.91 23.3 13 0 5.8 NA NA 33.87
1983283 1983 10 10 78.57 16 9.22 0 5.9 NA NA 44.37
1983284 1983 10 11 54.4 14 5.5 4 4.8 NA NA 68.72
1983285 1983 10 12 97.22 10.05 1.99 0 2.2 NA NA 45.47
1983286 1983 10 13 82.95 13.58 5.9 0 3.3 NA NA 56.3
1983287 1983 10 14 144.29 16.4 4.8 0 2 NA NA 39.34
1983288 1983 10 15 114.2 17.79 4.29 0 1.7 NA NA 42.7
1983289 1983 10 16 89.12 16.3 8.4 0 2.5 NA NA 62.81
1983290 1983 10 17 47.49 18.4 8.3 3.6 4.42 NA NA 51.75
1983291 1983 10 18 90.95 14.52 7.9 0 3 NA NA 50.54
1983292 1983 10 19 67.13 15.86 6.28 5.97 3.6 NA NA 56.7
1983293 1983 10 20 55.56 17.2 8.5 5.49 5.07 NA NA 68.29
1983294 1983 10 21 69.44 12.94 7.84 3.8 5.3 NA NA 66.3
1983295 1983 10 22 57.72 13.28 6.7 0 4.6 NA NA 63.81
1983296 1983 10 23 109.95 12.6 3.9 0 2.29 NA NA 56.85
1983297 1983 10 24 65.97 9.9 4.18 1.6 2.2 NA NA 69.4
1983298 1983 10 25 49.62 10.9 3.68 1.5 2 NA NA 70.34
1983299 1983 10 26 75.23 13.3 7.9 0 4.1 NA NA 57.69
1983300 1983 10 27 34.72 14.8 8.6 3.8 4.81 NA NA 68.89
1983301 1983 10 28 67.13 12 6.06 0 5.8 NA NA 43.8
1983302 1983 10 29 71.32 12 5.2 0 3.79 NA NA 53.75
1983303 1983 10 30 96.06 13.3 2.51 0 2.1 NA NA 43.39
1983304 1983 10 31 94.02 15 2.6 0 2.5 NA NA 38.32
1983305 1983 11 01 83.33 16.71 4.1 0 2.2 NA NA 50.13
1983306 1983 11 02 65.97 17.9 7.9 0 1 NA NA 65.31
1983307 1983 11 03 72.19 14.81 6.1 0 2 NA NA 61.31
1983308 1983 11 04 94.86 12.7 2.25 0 1.6 NA NA 43.28
1983309 1983 11 05 83.33 13.5 0.9 0 1.3 NA NA 50.86
1983310 1983 11 06 39.35 10.9 5.7 0 2.6 NA NA 74.53
1983311 1983 11 07 83.33 10.88 1.09 0 0.8 NA NA 53.32
1983312 1983 11 08 77.55 11.1 0.19 1.8 3.4 NA NA 37.19
1983313 1983 11 09 41.67 10.68 6.23 0 5.9 NA NA 67.72
1983314 1983 11 10 85.65 5.76 -1.56 0 2.3 NA NA 38.38
1983315 1983 11 11 42.82 4.41 -2 2.3 2.7 NA NA 53.48
1983316 1983 11 12 26.62 10.89 4.5 6.04 2.3 NA NA 84.57
1983317 1983 11 13 45.14 8.06 4.54 0 4.32 NA NA 66.36
1983318 1983 11 14 62.5 8.7 1.9 0 2.5 NA NA 64.7
1983319 1983 11 15 69.44 8.3 2.4 1.2 3.4 NA NA 65.52
1983320 1983 11 16 27.78 9.9 1.7 10.3 4 NA NA 76.11
1983321 1983 11 17 56.71 7.08 1.61 0 2.3 NA NA 75.3
1983322 1983 11 18 38.19 7.89 3.26 3 3.4 NA NA 84.21
1983323 1983 11 19 43.62 10.4 5.2 7.6 5.3 NA NA 73.72
1983324 1983 11 20 42.82 6.4 2.5 0 4.8 NA NA 62.8
1983325 1983 11 21 57.87 5.08 1.4 0 2.8 NA NA 76.88
1983326 1983 11 22 23.15 3.7 -0.13 2.3 2.1 NA NA 87.2
1983327 1983 11 23 35.86 4.89 -1.5 0 2.1 NA NA 72.53
1983328 1983 11 24 23.15 4.36 -0.72 4.3 2.4 NA NA 85
1983329 1983 11 25 59.1 3.1 -1.8 0 2.6 NA NA 73.76
1983330 1983 11 26 39.35 3.1 -1.1 0 2.9 NA NA 87.51
1983331 1983 11 27 53.24 1.06 -2.4 0 2.2 NA NA 81.1
1983332 1983 11 28 26.62 4.3 -2.3 3.4 2 NA NA 82.52
1983333 1983 11 29 25.46 9.2 3.7 2.5 3 NA NA 84.8
1983334 1983 11 30 27.78 7.7 5.23 1.4 2.9 NA NA 88.84
1983335 1983 12 01 32.41 5.64 0.8 3 3.7 NA NA 77.1
1983336 1983 12 02 15.05 9.44 0.8 13.78 4 NA NA 82.34
1983337 1983 12 03 33.56 8.5 -0.66 0 6.6 NA NA 35.91
1983338 1983 12 04 34.13 2.05 -1.1 1.2 5.1 NA NA 80.82
1983339 1983 12 05 38.19 3.3 0 0 3.51 NA NA 70.68
1983340 1983 12 06 13.89 8.9 0.4 11.88 4.1 NA NA 83.2
1983341 1983 12 07 28.94 6.95 3.8 3 6.2 NA NA 73.7
1983342 1983 12 08 27.78 4.7 1.4 1.8 4.5 NA NA 82.3
1983343 1983 12 09 53.24 4.2 -2 0 2 NA NA 77.2
1983344 1983 12 10 56.71 4.1 -2.1 0 1.7 NA NA 68.6
1983345 1983 12 11 48.61 4.2 -1.18 0 1.9 NA NA 79.44
1983346 1983 12 12 33.56 8.6 -1.2 1.4 2.3 NA NA 57.61
1983347 1983 12 13 53.24 8 1.5 0 2.2 NA NA 62.94
1983348 1983 12 14 43.98 6.69 0.41 0 3.7 NA NA 59.28
1983349 1983 12 15 19.48 7.7 4.02 6.6 3.4 NA NA 89.3
1983350 1983 12 16 50.79 5.47 -0.1 0 2.3 NA NA 81.6
1983351 1983 12 17 33.56 6.76 1.9 0 2 NA NA 89.01
1983352 1983 12 18 34.72 3.96 -0.43 6.55 3.11 NA NA 87.53
1983353 1983 12 19 34.72 4.24 2.3 0 3 NA NA 83.23
1983354 1983 12 20 33.56 4.2 0.58 0 1.4 NA NA 83.1
1983355 1983 12 21 18.52 5.8 -0.4 6.73 3.7 NA NA 76.37
1983356 1983 12 22 25.46 4.1 0.07 0 2.7 NA NA 87.18
1983357 1983 12 23 41.67 3.1 -2.3 0 1.6 NA NA 83.9
1983358 1983 12 24 34.72 4.5 -2.1 0 3 NA NA 77.38
1983359 1983 12 25 33.56 6.12 2.6 0 4.69 NA NA 78.94
1983360 1983 12 26 30.09 8.07 1.9 0 2.8 NA NA 81.8
1983361 1983 12 27 53.24 9.34 2.32 1.1 1.9 NA NA 69.49
1983362 1983 12 28 32.41 7.4 3.44 0 2.3 NA NA 86.1
1983363 1983 12 29 43.98 6.9 1.5 2 3.6 NA NA 81.6
1983364 1983 12 30 33.56 9.78 5.1 11.19 6.5 NA NA 72.17
1983365 1983 12 31 54.4 6.5 2.72 3.76 4.1 NA NA 62.64
1984001 1984 01 01 16.2 13.39 4.1 21.82 7.26 NA NA 68.13
1984002 1984 01 02 37.45 6.7 3.7 0 3.07 NA NA 72.16
1984003 1984 01 03 31.25 5.8 0.61 6.6 3.6 NA NA 86.1
1984004 1984 01 04 52.08 4.1 -0.4 0 1.7 NA NA 80.44
1984005 1984 01 05 35.88 3.3 -2 0 2.09 NA NA 83.32
1984006 1984 01 06 34.72 2.59 -1.2 0 3.84 NA NA 75.46
1984007 1984 01 07 35.88 -0.8 -1.85 0 3.4 NA NA 79.07
1984008 1984 01 08 37.04 -3.45 -3.4 0 2.9 NA NA 75.34
1984009 1984 01 09 34.72 0.2 -7.3 0 1.72 NA NA 84.4
1984010 1984 01 10 38.19 0.04 -7.3 0 1.95 NA NA 80.3
1984011 1984 01 11 56.71 -2.76 -8.1 0 1.7 NA NA 84.57
1984012 1984 01 12 55.56 3.3 -5.18 0 3.2 NA NA 80.5
1984013 1984 01 13 49.77 3.6 0.1 0 4.4 NA NA 71.76
1984014 1984 01 14 34.72 2.99 -2.21 0 1.9 NA NA 88.87
1984015 1984 01 15 60.19 3.85 0.1 3.01 4.6 NA NA 75.9
1984016 1984 01 16 27.78 3 -0.01 0 4.3 NA NA 86.3
1984017 1984 01 17 33.56 3.34 -0.7 0 2.18 NA NA 84.7
1984018 1984 01 18 46.64 3.63 -0.7 1.2 1.6 NA NA 86
1984019 1984 01 19 23.15 4.3 -0.42 0 1.49 NA NA 90.29
1984020 1984 01 20 56.71 3.12 -4.1 0 0.7 NA NA 82.77
1984021 1984 01 21 67.13 2.29 -3.83 0 1.9 NA NA 74.12
1984022 1984 01 22 70.6 -0.07 -5.31 0 2.44 NA NA 54.79
1984023 1984 01 23 71.76 -3.36 -5.21 0 4.7 NA NA 38.54
1984024 1984 01 24 84.49 -3.99 -6.38 0 4.7 NA NA 35.2
1984025 1984 01 25 91.48 -0.85 -6.23 0 5.91 NA NA 23.35
1984026 1984 01 26 83.33 -3.98 -6.57 0 3.6 NA NA 33.51
1984027 1984 01 27 91.51 -1.44 -9 0 2.2 NA NA 37.71
1984028 1984 01 28 85.1 -4.49 -8.82 0 1.88 NA NA 35.63
1984029 1984 01 29 43.98 1.3 -10.04 0 2.7 NA NA 35.73
1984030 1984 01 30 83.1 1.28 -4.5 0 4.4 NA NA 53.47
1984031 1984 01 31 82.69 2.3 -3.5 0 3.4 NA NA 60.36
1984032 1984 02 01 64.83 2.88 -3.1 0 1.6 NA NA 80.65
1984033 1984 02 02 90.28 2.3 -4.81 0 2.2 NA NA 46.64
1984034 1984 02 03 34.63 5.7 -1.9 2.4 4.9 NA NA 82.87
1984035 1984 02 04 24.31 8.9 2.7 12.88 5.2 NA NA 84.96
1984036 1984 02 05 38.19 10.3 0.8 2.7 6.2 NA NA 71.72
1984037 1984 02 06 42.82 3.8 -1.8 0 3.32 NA NA 81.1
1984038 1984 02 07 71.76 3.2 -2.69 1.9 2.7 NA NA 76.44
1984039 1984 02 08 94.43 4.8 -2.65 0 2.4 NA NA 58.04
1984040 1984 02 09 35.75 9.8 0 3.2 5.4 NA NA 55.66
1984041 1984 02 10 76.39 8.4 1.95 1.2 4.7 NA NA 66.12
1984042 1984 02 11 55.56 11.75 6.6 0 4.94 NA NA 72.85
1984043 1984 02 12 18.39 12.4 6.6 15.09 5.41 NA NA 83.59
1984044 1984 02 13 97.22 17.68 11.98 0 5.9 NA NA 55.5
1984045 1984 02 14 28.94 13.3 7.54 4 5.3 NA NA 71.93
1984046 1984 02 15 106.48 13.3 5.2 0 5 NA NA 50.99
1984047 1984 02 16 28.65 11.5 7.61 18.47 4.73 NA NA 85.31
1984048 1984 02 17 78.61 10.8 3.8 2.3 5.1 NA NA 68.57
1984049 1984 02 18 55.84 6.6 1.2 2 4.2 NA NA 68.89
1984050 1984 02 19 53.24 5.86 0.91 0 4 NA NA 72
1984051 1984 02 20 55.56 11.08 1.5 3.9 4.7 NA NA 65.7
1984052 1984 02 21 36.21 12.16 3.06 10.59 6 NA NA 70.45
1984053 1984 02 22 59.03 11.8 6.2 0 8.89 NA NA 55.3
1984054 1984 02 23 53.24 11.73 5.71 7.29 4.6 NA NA 66.8
1984055 1984 02 24 64.81 11.5 3.91 8.74 6.48 NA NA 69.3
1984056 1984 02 25 47.45 10.2 2.89 8.3 5.52 NA NA 70
1984057 1984 02 26 48.49 13 8.3 1.9 5.5 NA NA 77.17
1984058 1984 02 27 61.34 12.97 8.11 0 5.1 NA NA 57.54
1984059 1984 02 28 23.47 11.43 5.4 8.99 4.31 NA NA 87.87
1984060 1984 02 29 0 0 0 0 0 NA NA 0
1984061 1984 03 01 86.81 4.4 0.98 1.9 4.71 NA NA 63.28
1984062 1984 03 02 94.21 5.52 0.9 0 4.1 NA NA 52.42
1984063 1984 03 03 82.18 10.86 0.9 0 2.7 NA NA 54.5
1984064 1984 03 04 85.38 13.35 4.11 0 2.3 NA NA 63.02
1984065 1984 03 05 95.82 15.01 6.43 0 2.2 NA NA 55.9
1984066 1984 03 06 82.22 15 5.51 0 2.7 NA NA 61.64
1984067 1984 03 07 142.36 15.11 5.2 0 3.2 NA NA 49.4
1984068 1984 03 08 155.46 14.2 2.3 0 2.4 NA NA 43.49
1984069 1984 03 09 163.19 14.8 -0.6 0 0.82 NA NA 34.79
1984070 1984 03 10 165.51 15.3 -1.3 0 1.2 NA NA 32.66
1984071 1984 03 11 166.65 17.09 1.15 0 3.1 NA NA 31.18
1984072 1984 03 12 66.81 15.1 8.8 0 4.57 NA NA 64.54
1984073 1984 03 13 76.72 16.3 7.8 2.39 4.73 NA NA 56.81
1984074 1984 03 14 111.11 14.1 5.36 1.5 0.9 NA NA 64.88
1984075 1984 03 15 71.76 13.82 2.9 0 0.34 NA NA 64.7
1984076 1984 03 16 188.75 17.71 1.5 0 0.5 NA NA 39.48
1984077 1984 03 17 185.19 17.1 -0.1 0 1.03 NA NA 39.08
1984078 1984 03 18 84.49 17.1 8.41 0 2.6 NA NA 58.7
1984079 1984 03 19 83.33 14.9 7.51 0 3.3 NA NA 58.55
1984080 1984 03 20 58.44 13.4 6.6 4.8 2.7 NA NA 72.34
1984081 1984 03 21 81.02 14.2 7.8 0 3.24 NA NA 67.11
1984082 1984 03 22 44.96 14.1 7.8 3.8 4 NA NA 80.51
1984083 1984 03 23 125.47 15.6 4.3 0 3.1 NA NA 53.12
1984084 1984 03 24 201.97 15 0.9 0 0.9 NA NA 41.31
1984085 1984 03 25 105.05 16.33 4.2 0 2.3 NA NA 47.61
1984086 1984 03 26 204.61 15.94 4.8 0 1.5 NA NA 50.72
1984087 1984 03 27 207.27 17.4 4.9 0 2.34 NA NA 39.87
1984088 1984 03 28 99.54 15.82 6.41 0 2.6 NA NA 60.52
1984089 1984 03 29 218.75 21.52 6.4 0 3.15 NA NA 33.08
1984090 1984 03 30 126.34 16.5 7.9 0 4.8 NA NA 53
1984091 1984 03 31 136.57 11.89 5.6 3 5.55 NA NA 57.38
1984092 1984 04 01 98.38 12.65 6.7 3.9 5.8 NA NA 68.27
1984093 1984 04 02 174.77 13.69 4.7 0 3.3 NA NA 42.08
1984094 1984 04 03 228.07 11.4 3.5 0 4.8 NA NA 35.27
1984095 1984 04 04 199.27 11.3 1.4 0 5.1 NA NA 31.57
1984096 1984 04 05 188.26 17.14 4.1 0 3.1 NA NA 42.61
1984097 1984 04 06 159.32 19.8 7.35 10.09 2.5 NA NA 52.83
1984098 1984 04 07 233.88 20.22 7.89 0 2.9 NA NA 39.3
1984099 1984 04 08 228.01 20.62 6.52 0 3 NA NA 34.16
1984100 1984 04 09 237.7 20.61 7.1 0 2.9 NA NA 34.5
1984101 1984 04 10 258.47 23.36 8.16 0 1.2 NA NA 30.69
1984102 1984 04 11 168.98 21.5 5.6 2.7 1.6 NA NA 40.73
1984103 1984 04 12 233.95 19.2 6 0 2 NA NA 40.6
1984104 1984 04 13 236.62 19.8 4.8 0 2.5 NA NA 33.63
1984105 1984 04 14 246.53 19.8 5.7 0 3.1 NA NA 31.62
1984106 1984 04 15 246.53 15.4 5 0 3.7 NA NA 37.6
1984107 1984 04 16 218.77 13.45 2.8 0 2.7 NA NA 35.97
1984108 1984 04 17 165.04 12.86 3.9 0 1 NA NA 40.55
1984109 1984 04 18 166.12 11.32 1.9 1.1 3.1 NA NA 48.55
1984110 1984 04 19 112.27 9.7 5 6.23 4.36 NA NA 57.71
1984111 1984 04 20 155.08 9.17 3.29 0 3.7 NA NA 47.65
1984112 1984 04 21 221.44 8.5 2.1 0 4.4 NA NA 30.74
1984113 1984 04 22 230.32 9.4 -1.39 0 2.3 NA NA 31.64
1984114 1984 04 23 162.04 10.5 -3.52 0 1.5 NA NA 45.6
1984115 1984 04 24 276.62 10.11 1.8 0 2.7 NA NA 40.83
1984116 1984 04 25 212.98 9.3 -1.45 0 2.2 NA NA 33.67
1984117 1984 04 26 182.87 8.9 -0.14 0 3.32 NA NA 40.78
1984118 1984 04 27 129.63 9.32 3.32 0 3.8 NA NA 44.6
1984119 1984 04 28 198.32 10.69 1.2 0 2.7 NA NA 41.35
1984120 1984 04 29 184 13.74 -1.23 0 2 NA NA 39.2
1984121 1984 04 30 170.14 18.2 7 11.3 3.2 NA NA 49.04
1984122 1984 05 01 120.64 15.48 8 6.23 7.51 NA NA 65.1
1984123 1984 05 02 119.14 10.78 6.7 0 5.1 NA NA 61.32
1984124 1984 05 03 157.41 14.1 6.9 6.49 4.5 NA NA 55.45
1984125 1984 05 04 116.84 13.65 7.6 15.5 6.15 NA NA 63.71
1984126 1984 05 05 129.63 11.51 5.7 6.53 5.18 NA NA 60.04
1984127 1984 05 06 177.71 11.6 4.3 0 3.7 NA NA 48.37
1984128 1984 05 07 216.21 14.59 1.49 0 2.3 NA NA 32.7
1984129 1984 05 08 164.12 16.4 6.5 0 2.09 NA NA 55
1984130 1984 05 09 291.67 22.5 8.7 0 2.1 NA NA 38.8
1984131 1984 05 10 303.13 24.19 10.1 0 3.3 NA NA 31.21
1984132 1984 05 11 101.85 18.7 9.93 3 3.5 NA NA 56.67
1984133 1984 05 12 119.11 19.4 7.9 0 3.5 NA NA 54.1
1984134 1984 05 13 202.55 21.3 13.4 1.4 2.8 NA NA 62.46
1984135 1984 05 14 151.18 21.85 11.6 8.24 3.71 NA NA 51.3
1984136 1984 05 15 228.85 19.15 8.6 0 2.3 NA NA 49.16
1984137 1984 05 16 112.61 19.8 8.7 6.1 3.3 NA NA 60.2
1984138 1984 05 17 175.93 18.56 10.5 0 3.1 NA NA 59.95
1984139 1984 05 18 208.4 18.7 9.6 0 2.7 NA NA 47.75
1984140 1984 05 19 217.22 20.1 8.6 0 0.7 NA NA 47.48
1984141 1984 05 20 203.7 20.5 10.8 0 1.7 NA NA 51.5
1984142 1984 05 21 312.57 21.17 7.5 0 2.4 NA NA 36.68
1984143 1984 05 22 281.88 20.8 8.39 0 2.9 NA NA 40.68
1984144 1984 05 23 307.88 18.1 6.19 0 2.5 NA NA 36.24
1984145 1984 05 24 165.51 16.1 5.58 0 0.9 NA NA 52.82
1984146 1984 05 25 154.91 15.4 7.2 0 3.05 NA NA 55.38
1984147 1984 05 26 211.81 14.54 3.29 2.9 2.3 NA NA 46.55
1984148 1984 05 27 148.56 11.3 4.5 10.1 2.3 NA NA 70.01
1984149 1984 05 28 130.44 13.57 7.6 10.59 4.5 NA NA 66.6
1984150 1984 05 29 186.74 13.9 6.6 0 4.78 NA NA 51.5
1984151 1984 05 30 179.01 15.03 7.6 0 2.7 NA NA 50.03
1984152 1984 05 31 186.34 16.49 7.5 16.59 2.7 NA NA 61.54
1984153 1984 06 01 230.5 18.96 7.68 2.81 1.5 NA NA 50.29
1984154 1984 06 02 219.57 19.7 8.2 1.2 0.7 NA NA 56.94
1984155 1984 06 03 106.48 16.11 7.5 1.9 2.4 NA NA 65.59
1984156 1984 06 04 153.36 18.09 9.4 4.6 3.1 NA NA 61.8
1984157 1984 06 05 226.85 19.28 8 0 2.9 NA NA 50.76
1984158 1984 06 06 308.01 20.39 5.99 0 2.8 NA NA 40.8
1984159 1984 06 07 214.12 22.97 12 0 3.5 NA NA 43.8
1984160 1984 06 08 277.78 22.4 9.36 0 1.4 NA NA 45.59
1984161 1984 06 09 179.21 25.32 14 7.33 2.7 NA NA 42.45
1984162 1984 06 10 285.88 19.59 8.58 0 2.6 NA NA 50.64
1984163 1984 06 11 366.9 21.14 5.3 0 0.3 NA NA 40.2
1984164 1984 06 12 339.13 23.6 6.31 0 1.3 NA NA 34.76
1984165 1984 06 13 301.18 23.3 8.5 0 1.2 NA NA 42.88
1984166 1984 06 14 288.92 29.72 11.1 0 2.6 NA NA 30.52
1984167 1984 06 15 260.42 25.2 15.41 0 3.2 NA NA 47.48
1984168 1984 06 16 340.28 24.1 13.1 0 1.5 NA NA 45.15
1984169 1984 06 17 313.66 25.4 10.1 0 1.7 NA NA 38.19
1984170 1984 06 18 281.91 25.9 13.5 0 2 NA NA 42.1
1984171 1984 06 19 333.57 24 9.29 0 1.9 NA NA 36.4
1984172 1984 06 20 355.34 25.92 9.2 0 1.59 NA NA 34.78
1984173 1984 06 21 256.93 28.51 13.85 0 2.6 NA NA 35.16
1984174 1984 06 22 149.24 22.92 14.38 2.8 4 NA NA 52.73
1984175 1984 06 23 150.31 22.1 13.26 0 3 NA NA 52.7
1984176 1984 06 24 156.25 20.1 11.7 2.81 3.1 NA NA 60.56
1984177 1984 06 25 145.75 15.81 10.6 1.1 3.5 NA NA 60.75
1984178 1984 06 26 91.95 16.81 10.3 16.52 3.5 NA NA 63.81
1984179 1984 06 27 157.31 15.16 8.89 7.44 3.5 NA NA 62.55
1984180 1984 06 28 196.98 17.4 7.3 1.1 2.5 NA NA 49.16
1984181 1984 06 29 180.09 17.4 8.2 6.58 2.6 NA NA 50.91
1984182 1984 06 30 118.06 14.19 7.5 4.88 3.6 NA NA 57.3
1984183 1984 07 01 187.27 20.88 9.8 2.7 3.32 NA NA 44.15
1984184 1984 07 02 214.32 21.35 8.5 4.95 2.6 NA NA 45.92
1984185 1984 07 03 239.58 20.1 8.6 0 2.89 NA NA 44.27
1984186 1984 07 04 184.87 20.3 10.19 4.97 4 NA NA 51.98
1984187 1984 07 05 224.54 19.05 9.79 0 3.4 NA NA 44.2
1984188 1984 07 06 120.53 16.94 8.2 6.62 2.9 NA NA 53.27
1984189 1984 07 07 229.35 20.2 7.42 0 1.5 NA NA 42.4
1984190 1984 07 08 369.76 24 7.49 0 2.2 NA NA 35.2
1984191 1984 07 09 259.18 25.09 10.7 0 2.2 NA NA 40.5
1984192 1984 07 10 147.36 21.4 13.3 13.83 3.4 NA NA 68.6
1984193 1984 07 11 215.2 22.18 12.3 0 4.13 NA NA 49.63
1984194 1984 07 12 188.66 22.5 10.49 0 1.7 NA NA 48.91
1984195 1984 07 13 219.45 24.98 8 2.5 0.35 NA NA 41
1984196 1984 07 14 169.93 21.21 11.14 0 2.8 NA NA 56.21
1984197 1984 07 15 192.13 20.6 12.8 0 2.33 NA NA 49.11
1984198 1984 07 16 138.4 18.02 11.8 8.73 2.6 NA NA 69.52
1984199 1984 07 17 248.84 21.97 9.4 0 1.7 NA NA 44.2
1984200 1984 07 18 106.48 20.69 12.33 11.4 2.8 NA NA 65.36
1984201 1984 07 19 157.33 19.75 13.3 2.8 2.9 NA NA 62.66
1984202 1984 07 20 192.42 18 11.9 2.4 2.6 NA NA 63.6
1984203 1984 07 21 216.44 19.93 10.2 2.36 1.89 NA NA 45.57
1984204 1984 07 22 172.48 22 12 14.38 4 NA NA 59.31
1984205 1984 07 23 154.2 20 10.9 2.51 4.1 NA NA 51.51
1984206 1984 07 24 121 19.62 11.98 0 2.6 NA NA 63.69
1984207 1984 07 25 152.78 22.8 15.18 1.9 3.4 NA NA 69.36
1984208 1984 07 26 238.43 24 11.9 0 3 NA NA 44.35
1984209 1984 07 27 171.3 22.4 11.6 0 2.1 NA NA 53.16
1984210 1984 07 28 173.61 24.8 16.62 0 3 NA NA 55.24
1984211 1984 07 29 261.43 25.59 12.49 0 2.1 NA NA 42.4
1984212 1984 07 30 302.71 23.58 10.8 0 1.72 NA NA 42.44
1984213 1984 07 31 306.71 25.37 7.8 0 0.67 NA NA 34.52
1984214 1984 08 01 154.55 24.5 11.2 0 2.6 NA NA 42.8
1984215 1984 08 02 233.8 22.3 12.5 0 4.55 NA NA 38.77
1984216 1984 08 03 199.13 20.64 10 13.08 2.3 NA NA 42.8
1984217 1984 08 04 150.46 21.1 13.5 10.03 2.74 NA NA 66.81
1984218 1984 08 05 243.14 21 11.1 0 2.2 NA NA 43.31
1984219 1984 08 06 200.23 20.89 7.76 9.03 1.1 NA NA 47.83
1984220 1984 08 07 184.87 20.6 10.4 3 2.6 NA NA 51.14
1984221 1984 08 08 155.09 17.65 9.5 0 3.2 NA NA 50.3
1984222 1984 08 09 97.35 20.7 11.3 6.14 3.3 NA NA 56.42
1984223 1984 08 10 131.81 23.38 14.5 9.44 3.66 NA NA 63.65
1984224 1984 08 11 209.49 20.41 11.18 0 2.8 NA NA 46.09
1984225 1984 08 12 209.49 20.9 11 0 1.9 NA NA 43.14
1984226 1984 08 13 212.56 23.6 7.62 0 0.36 NA NA 40.49
1984227 1984 08 14 171.3 24.56 13.47 0 1.6 NA NA 46.76
1984228 1984 08 15 140.05 22.2 13.92 0 1.9 NA NA 61.96
1984229 1984 08 16 196.76 21.5 13.1 7.12 6.51 NA NA 50.28
1984230 1984 08 17 153.2 18.15 12.2 0 5.6 NA NA 45.8
1984231 1984 08 18 193.29 20.9 11.6 0 3.3 NA NA 40.35
1984232 1984 08 19 284.72 28.5 12 0 3.3 NA NA 31.8
1984233 1984 08 20 240.74 21.58 13.4 3.8 4.1 NA NA 46.21
1984234 1984 08 21 187.5 20.72 10.7 0 1.65 NA NA 43.5
1984235 1984 08 22 273.15 24.2 8 0 0.8 NA NA 36.2
1984236 1984 08 23 246.64 28.42 10.38 0 1.9 NA NA 32.3
1984237 1984 08 24 254.69 28.85 17.33 0 2.9 NA NA 32.4
1984238 1984 08 25 107.56 22.18 11 12.28 2.2 NA NA 55.61
1984239 1984 08 26 255.81 21.9 7.42 0 1 NA NA 36.56
1984240 1984 08 27 248.84 25 7.6 0 0.7 NA NA 36.2
1984241 1984 08 28 232.64 27.99 12.8 0 1.67 NA NA 36.9
1984242 1984 08 29 239.76 28.3 15.4 0 1.8 NA NA 36
1984243 1984 08 30 253.47 28.6 13.6 0 1.5 NA NA 33.2
1984244 1984 08 31 233.8 27.4 14.16 0 2 NA NA 36.19
1984245 1984 09 01 227.15 27.11 13.53 0 2.4 NA NA 34.3
1984246 1984 09 02 202.39 25.7 14.2 0 2.2 NA NA 40.72
1984247 1984 09 03 156.25 23.6 13.7 0 1.7 NA NA 54.42
1984248 1984 09 04 236.76 25.9 11.1 0 0.6 NA NA 36.6
1984249 1984 09 05 107.58 22.4 12.2 7 0.99 NA NA 61.41
1984250 1984 09 06 85.65 20.6 12.8 4.6 2.8 NA NA 77.07
1984251 1984 09 07 134.26 18.3 10.6 2 5.23 NA NA 55.03
1984252 1984 09 08 181.07 19.39 8.2 0 2 NA NA 37.4
1984253 1984 09 09 189.66 20.7 7.7 0 0.4 NA NA 39.4
1984254 1984 09 10 175.93 21.2 6.3 0 0.7 NA NA 39.1
1984255 1984 09 11 135.26 20.9 12.1 0 1.4 NA NA 55.98
1984256 1984 09 12 42.55 18.3 11.8 4.6 1.8 NA NA 72.99
1984257 1984 09 13 175.11 19.4 8 0 1.6 NA NA 42.82
1984258 1984 09 14 242.25 21.9 6.3 0 1 NA NA 35.31
1984259 1984 09 15 218.43 23.3 5.9 0 0.5 NA NA 34.94
1984260 1984 09 16 221.06 25.3 9 0 1.5 NA NA 35.71
1984261 1984 09 17 174.96 25.5 13.6 0 2.3 NA NA 38.56
1984262 1984 09 18 100.69 24.7 15.9 0 2.1 NA NA 51.64
1984263 1984 09 19 59.03 19.88 8.5 2 2.7 NA NA 68.87
1984264 1984 09 20 208.33 18.6 5.5 0 2.6 NA NA 33.37
1984265 1984 09 21 211.28 25 8.5 0 1.8 NA NA 30.66
1984266 1984 09 22 180.56 26.91 11.3 0 1.8 NA NA 37.87
1984267 1984 09 23 188.66 27.4 14.3 0 2.7 NA NA 38.6
1984268 1984 09 24 189.93 28.4 15.09 0 3.4 NA NA 33.52
1984269 1984 09 25 176 27.64 15.1 0 3.1 NA NA 33.63
1984270 1984 09 26 185.53 27.5 15 4.3 5.1 NA NA 28.28
1984271 1984 09 27 105.43 18.5 9.2 3.8 4.4 NA NA 46.21
1984272 1984 09 28 133.1 14.6 7.5 0 3.2 NA NA 51.51
1984273 1984 09 29 92.34 14.29 7.9 0 3 NA NA 51.33
1984274 1984 09 30 128.63 15.1 7.34 0 2.5 NA NA 50.05
1984275 1984 10 01 78.7 15.1 9 0 3.5 NA NA 51.23
1984276 1984 10 02 119.21 11.13 3.28 0 2 NA NA 37.49
1984277 1984 10 03 111.11 10.35 1.87 4 3.1 NA NA 41.22
1984278 1984 10 04 106.48 11.04 4.1 0 3.5 NA NA 49.5
1984279 1984 10 05 93.75 11.03 3.32 0 2.6 NA NA 50.45
1984280 1984 10 06 145.83 14.49 0.64 0 1.4 NA NA 36.79
1984281 1984 10 07 112.27 17.9 7.57 0 3.1 NA NA 39.99
1984282 1984 10 08 142.36 19.3 8 1.5 3.9 NA NA 33.69
1984283 1984 10 09 68.92 16.39 11.28 3.6 3 NA NA 80.6
1984284 1984 10 10 96.81 21.79 10.87 0 4.3 NA NA 40.03
1984285 1984 10 11 42.67 19 11.2 15.17 3.6 NA NA 65.67
1984286 1984 10 12 67.13 15.8 8.3 0 0.9 NA NA 69.33
1984287 1984 10 13 111.11 18.2 6.2 0 -0.03 NA NA 52.1
1984288 1984 10 14 141.71 19.31 9.7 0 3.3 NA NA 43.98
1984289 1984 10 15 30.09 15.86 11.53 6.6 3.5 NA NA 87.22
1984290 1984 10 16 23.46 16.8 12.6 9.4 1.49 NA NA 91.95
1984291 1984 10 17 76.39 16.72 9.5 8.05 3.6 NA NA 75.51
1984292 1984 10 18 69.34 11.78 7.9 2.86 2.2 NA NA 81.95
1984293 1984 10 19 70.6 16.3 9.1 1.2 3.4 NA NA 67.37
1984294 1984 10 20 39.35 15.1 11.31 3.16 3.5 NA NA 91.41
1984295 1984 10 21 46.3 17.8 6.52 5.47 1 NA NA 73.8
1984296 1984 10 22 65.97 16.3 6.4 0 2 NA NA 66.53
1984297 1984 10 23 42.82 12.9 9.9 0 3.1 NA NA 86.45
1984298 1984 10 24 69.02 12.93 9 3.3 2.99 NA NA 77.52
1984299 1984 10 25 61.34 11.41 6.99 6.6 4 NA NA 81.72
1984300 1984 10 26 41.67 10.9 6.96 3.01 4.5 NA NA 69.62
1984301 1984 10 27 60.19 11.87 5.43 1.6 5.8 NA NA 64.88
1984302 1984 10 28 96.82 10.9 2.99 0 2.6 NA NA 52.38
1984303 1984 10 29 76.39 10.9 2.87 3.37 4.3 NA NA 63.62
1984304 1984 10 30 91.7 11.8 5.74 4.76 3.4 NA NA 67.41
1984305 1984 10 31 39.35 15.32 7.61 13.97 6.48 NA NA 63.84
1984306 1984 11 01 85.65 10.68 4.3 0 3.7 NA NA 55.25
1984307 1984 11 02 78 9.9 4.2 6.6 3.3 NA NA 66.8
1984308 1984 11 03 49.77 9.3 5.36 1.2 3.1 NA NA 83.17
1984309 1984 11 04 31.2 12.45 7.61 2.97 2.9 NA NA 87.59
1984310 1984 11 05 75.35 12.5 6.1 0 2.9 NA NA 74.62
1984311 1984 11 06 38.19 12.9 6.3 9.39 2.1 NA NA 77.36
1984312 1984 11 07 76.52 13.3 2.6 0 1.6 NA NA 60.79
1984313 1984 11 08 74.07 17.8 6 0 2.9 NA NA 48.51
1984314 1984 11 09 81.26 18.33 8.82 0 2.8 NA NA 54.97
1984315 1984 11 10 79.86 16.8 7 0 2 NA NA 64.7
1984316 1984 11 11 65.97 14.61 5.4 0 0.4 NA NA 70.35
1984317 1984 11 12 62.5 14 5.8 0 0.7 NA NA 74.1
1984318 1984 11 13 34.72 12.2 3.3 0 1.8 NA NA 73.43
1984319 1984 11 14 81.02 6.8 -0.5 0 0.8 NA NA 55.78
1984320 1984 11 15 34.72 5.29 -0.21 0 1.5 NA NA 77.53
1984321 1984 11 16 79.9 6.8 1.8 0 2.8 NA NA 73.12
1984322 1984 11 17 84.57 4.41 -0.24 0 3.8 NA NA 45.1
1984323 1984 11 18 41.67 5.8 1 2 4 NA NA 70.9
1984324 1984 11 19 40.51 7.5 4.7 0 1.5 NA NA 88.9
1984325 1984 11 20 43.98 8.5 5.4 0 2.3 NA NA 83.58
1984326 1984 11 21 27.78 12.3 6.8 9.7 3.4 NA NA 75.78
1984327 1984 11 22 45.14 11 6 0 3 NA NA 84.8
1984328 1984 11 23 30.09 10.7 6.71 6.02 5.44 NA NA 76.34
1984329 1984 11 24 20.05 11.7 5.57 8.8 5 NA NA 64.56
1984330 1984 11 25 32.41 5.59 3 0 3.69 NA NA 82.03
1984331 1984 11 26 57.87 7.4 0.8 0 3.2 NA NA 73.04
1984332 1984 11 27 56.71 6.48 2.6 0 3.6 NA NA 78.2
1984333 1984 11 28 33.56 5.38 1.8 0 2 NA NA 83.82
1984334 1984 11 29 76.39 5.4 -0.39 0 3.4 NA NA 45.35
1984335 1984 11 30 55.17 6.5 0.48 0 2.9 NA NA 44.33
1984336 1984 12 01 56.52 5.58 -1.7 0 1.6 NA NA 55.6
1984337 1984 12 02 59.03 3.49 -2.9 0 1.7 NA NA 57.58
1984338 1984 12 03 56.71 1.58 -4.51 0 2.4 NA NA 57.3
1984339 1984 12 04 55.56 1.7 -4.1 0 3 NA NA 71.98
1984340 1984 12 05 59.03 1.8 -4.78 0 1.92 NA NA 79.1
1984341 1984 12 06 33.56 2.6 -1.7 0 2.9 NA NA 87.58
1984342 1984 12 07 33.56 3 -1.71 0 3.16 NA NA 83.2
1984343 1984 12 08 25.46 3.5 -1.09 1.7 3 NA NA 85
1984344 1984 12 09 52.08 2.38 -2.6 0 1.9 NA NA 78.1
1984345 1984 12 10 25.46 4.2 -1.1 4.9 2.96 NA NA 89.93
1984346 1984 12 11 34.72 5.2 0.12 8.3 4.3 NA NA 82.33
1984347 1984 12 12 21.99 2.37 -1.7 3 3 NA NA 88.88
1984348 1984 12 13 25.46 2.61 -1.71 1.2 2.7 NA NA 86.2
1984349 1984 12 14 35.88 1.79 -2.63 0 2 NA NA 83
1984350 1984 12 15 32.41 0.54 -3.47 0 1.55 NA NA 83.49
1984351 1984 12 16 35.88 2 -3.75 0 1.8 NA NA 85.51
1984352 1984 12 17 19.68 3.6 -1.3 4.3 4.4 NA NA 83.32
1984353 1984 12 18 40.51 6.3 0.8 0 3.6 NA NA 80.21
1984354 1984 12 19 38.19 4.3 2.1 0 2.3 NA NA 92
1984355 1984 12 20 42.82 4.2 -0.78 0 1.9 NA NA 86.91
1984356 1984 12 21 19.68 2.59 -1.26 0 2.2 NA NA 90.7
1984357 1984 12 22 35.88 3.76 -3 1.1 2.2 NA NA 68.4
1984358 1984 12 23 30.09 9.6 4.9 1.7 4.26 NA NA 77.57
1984359 1984 12 24 35.88 9.96 7.5 3 3.7 NA NA 79.63
1984360 1984 12 25 34.72 10.2 4.47 0 5.3 NA NA 71.77
1984361 1984 12 26 19.68 5.5 3.37 7.24 3.2 NA NA 91.15
1984362 1984 12 27 17.36 5.3 2.36 2.7 4 NA NA 89.2
1984363 1984 12 28 28.94 3.4 0.1 0 2.7 NA NA 82.94
1984364 1984 12 29 20.83 3.1 -0.1 0 2.38 NA NA 89.3
1984365 1984 12 30 46.3 4.68 -0.72 0 2.4 NA NA 74.35
1984366 1984 12 31 23.15 9.83 2.92 3.08 3.1 NA NA 85.72
