*WEATHER DATA - Station:Thessaloniki - BADJAM DATA - BADJer: UC - Method: EQMs - Source model: ICHEC
 
@ INSI LAT LONG ELEV TAV AMP REFHT WNDHT
Thessaloniki 41.08 22.15 798.54 10.44 NA 2.0 NA
@DATE YYYY MM DD SRAD TMAX TMIN RAIN  WIND DEWP VPRS RHUM 
1980001 1980 01 01 105.32 8.81 -1.2 0 2.1 NA NA 56.18
1980002 1980 01 02 60.5 5.4 -3.05 0 0.4 NA NA 72.97
1980003 1980 01 03 96.06 5 -1.9 0 0.97 NA NA 68.7
1980004 1980 01 04 81.02 3.6 -2.86 0 1.5 NA NA 68.81
1980005 1980 01 05 72.92 2.16 -5.5 0 0.7 NA NA 64.94
1980006 1980 01 06 104.3 2.2 -6.4 0 1.2 NA NA 38.55
1980007 1980 01 07 89.42 3.3 -3.5 0 2.3 NA NA 48.73
1980008 1980 01 08 86.81 3.98 -1.92 0 2.7 NA NA 63.43
1980009 1980 01 09 86.81 2.9 -2.7 0 2.1 NA NA 69.41
1980010 1980 01 10 87.96 1.4 -3.7 0 1.4 NA NA 68.06
1980011 1980 01 11 75.37 1.2 -4.6 0 0.99 NA NA 72.4
1980012 1980 01 12 63.66 1.9 -4.9 0 0.9 NA NA 68.93
1980013 1980 01 13 64.81 3.7 -2.2 0 2 NA NA 69.3
1980014 1980 01 14 87.96 6.7 -0.79 0 3.2 NA NA 60.05
1980015 1980 01 15 101.85 1.08 -9.81 0 4.2 NA NA 37.81
1980016 1980 01 16 85.52 -3.6 -10.51 0 4.49 NA NA 37
1980017 1980 01 17 101.85 2.7 -4.9 0 3.7 NA NA 45.2
1980018 1980 01 18 101.85 5 -1.68 0 3.1 NA NA 54.1
1980019 1980 01 19 106.48 6.5 -0.42 0 2.7 NA NA 53.99
1980020 1980 01 20 48.53 5.01 -0.3 3.3 0.6 NA NA 76.53
1980021 1980 01 21 56.71 5.2 -1.6 0 0.4 NA NA 73.47
1980022 1980 01 22 96.06 5.1 -2.7 0 1 NA NA 62.12
1980023 1980 01 23 65.97 7.5 -1.2 1.4 2 NA NA 58.56
1980024 1980 01 24 119.21 2.2 -3.9 0 1.3 NA NA 61.1
1980025 1980 01 25 96.06 1.5 -5.04 0 0.5 NA NA 53.52
1980026 1980 01 26 50.93 2.14 -4.9 0 1.4 NA NA 74.39
1980027 1980 01 27 38.19 5.46 -3.2 4.31 2.6 NA NA 67.2
1980028 1980 01 28 109.95 4.5 -3 0 2.8 NA NA 49.91
1980029 1980 01 29 115.73 8.2 -0.6 0 2.8 NA NA 44.8
1980030 1980 01 30 45.14 7.35 -1.6 2.84 2.2 NA NA 61.8
1980031 1980 01 31 120.44 2.4 -4.4 0 2.4 NA NA 43.39
1980032 1980 02 01 123.84 3.9 -4.9 0 2.7 NA NA 38.15
1980033 1980 02 02 55.55 6.2 0.2 4 3.1 NA NA 65.45
1980034 1980 02 03 109.95 2.09 -3.1 0 3.71 NA NA 48.78
1980035 1980 02 04 109.95 9.6 -0.8 0 4 NA NA 47.86
1980036 1980 02 05 118.06 11.3 3.96 0 4.59 NA NA 50.97
1980037 1980 02 06 121.53 11.69 2.9 0 4.2 NA NA 43.73
1980038 1980 02 07 122.69 12.31 2.9 0 4.1 NA NA 42.8
1980039 1980 02 08 76.39 12.46 5.94 0 3.86 NA NA 55.5
1980040 1980 02 09 45.91 12.6 5.87 0 2.1 NA NA 62.65
1980041 1980 02 10 143.77 15.82 3.6 0 2.7 NA NA 36.8
1980042 1980 02 11 151.62 16.24 1.95 0 1.8 NA NA 32.43
1980043 1980 02 12 114.58 14.66 1.74 0 1.09 NA NA 37.49
1980044 1980 02 13 144.73 14.5 0.6 0 0.7 NA NA 37.42
1980045 1980 02 14 156.35 14.5 -0.2 0 0.7 NA NA 34.26
1980046 1980 02 15 141.2 8.2 -2.41 0 2.8 NA NA 46.62
1980047 1980 02 16 143.85 8.74 -3.8 0 0.6 NA NA 32.08
1980048 1980 02 17 142.36 12.59 -0.58 0 1.6 NA NA 36.74
1980049 1980 02 18 118.06 10.02 0.04 0 2.8 NA NA 52.84
1980050 1980 02 19 149.31 9.9 -1.7 0 1.5 NA NA 45.51
1980051 1980 02 20 152.78 12.6 0 0 2.2 NA NA 39.99
1980052 1980 02 21 156.25 13 0 0 1.8 NA NA 37.49
1980053 1980 02 22 171.88 13.7 -0.8 0 1.2 NA NA 32.24
1980054 1980 02 23 169.15 13.7 0 0 2 NA NA 42
1980055 1980 02 24 56.71 11.91 2.72 4.4 2.7 NA NA 67.61
1980056 1980 02 25 77.68 9.7 1.73 1.5 2.5 NA NA 60.4
1980057 1980 02 26 85.65 2.09 -5.5 7.28 4.39 NA NA 52.23
1980058 1980 02 27 179.49 4.63 -5.54 0 2.6 NA NA 31.12
1980059 1980 02 28 166.94 12 0 0 1.5 NA NA 47.8
1980060 1980 02 29 0 0 0 0 0 NA NA 0
1980061 1980 03 01 179.86 18.79 2.4 0 1.2 NA NA 36.09
1980062 1980 03 02 175.04 18.29 1.9 0 1.7 NA NA 34.94
1980063 1980 03 03 187.5 11.6 0.71 0 2.3 NA NA 47.7
1980064 1980 03 04 188.66 9.7 -1.4 0 1.8 NA NA 31.05
1980065 1980 03 05 198.63 13.1 -2.22 0 0.4 NA NA 31.29
1980066 1980 03 06 196.76 15.9 0.5 0 0.7 NA NA 39.18
1980067 1980 03 07 185.93 16.18 0.21 0 0.6 NA NA 37.09
1980068 1980 03 08 193.29 16.2 -0.2 0 0.5 NA NA 31.74
1980069 1980 03 09 196.76 17 -0.7 0 0.52 NA NA 29.58
1980070 1980 03 10 201.55 16.3 -0.1 0 0.6 NA NA 30.04
1980071 1980 03 11 206.02 17.4 0.5 0 1 NA NA 30.71
1980072 1980 03 12 207.21 17 3 0 2.3 NA NA 35.53
1980073 1980 03 13 170.14 17.7 3.9 0 2.3 NA NA 40.58
1980074 1980 03 14 101.62 17.3 7 2.16 2.2 NA NA 46.2
1980075 1980 03 15 115.55 12.91 4.1 0 1.2 NA NA 52.49
1980076 1980 03 16 119.28 16.1 5.15 0 2.6 NA NA 53.38
1980077 1980 03 17 228.72 19.72 5.6 0 2.4 NA NA 37.75
1980078 1980 03 18 232.64 24.64 4.1 0 1.2 NA NA 28.36
1980079 1980 03 19 203.66 19.89 2.9 0 0.7 NA NA 32.29
1980080 1980 03 20 167.82 18.3 5.79 0 0.15 NA NA 43.27
1980081 1980 03 21 185.19 19.74 7.31 0 1.2 NA NA 39.9
1980082 1980 03 22 143.52 17.73 6.3 0 1.84 NA NA 50.01
1980083 1980 03 23 216.44 19.07 5.2 0 1.2 NA NA 40.7
1980084 1980 03 24 226.85 19.1 4.2 0 0.6 NA NA 31.69
1980085 1980 03 25 223.57 18.6 4.68 0 1.6 NA NA 36
1980086 1980 03 26 155.09 17.1 4.8 0 0.6 NA NA 49.17
1980087 1980 03 27 232.74 17.76 4.15 0 1.3 NA NA 30.95
1980088 1980 03 28 180.37 17.6 4.9 0 1.5 NA NA 39.7
1980089 1980 03 29 234.95 17 4 0 1.3 NA NA 37.7
1980090 1980 03 30 236.17 17.1 0 0 0.7 NA NA 23.15
1980091 1980 03 31 206.48 17.6 0.39 0 0.7 NA NA 32.79
1980092 1980 04 01 177.08 17.61 4.6 5.3 2.7 NA NA 40.96
1980093 1980 04 02 124.43 15.8 7.01 3.86 3.1 NA NA 50.8
1980094 1980 04 03 112.27 15.3 6.6 6.5 3.2 NA NA 51.52
1980095 1980 04 04 127.31 12.9 5.7 0 2.7 NA NA 48.69
1980096 1980 04 05 104.08 14.2 5.82 1.7 1.2 NA NA 52.53
1980097 1980 04 06 134.68 12.89 5.1 0 2.6 NA NA 49.71
1980098 1980 04 07 215.28 13.6 4 0 2.6 NA NA 39.36
1980099 1980 04 08 226.85 13.9 1.9 0 0.6 NA NA 35.8
1980100 1980 04 09 253.47 15.4 3.1 0 0.9 NA NA 28.57
1980101 1980 04 10 267.41 17.4 0.18 0 1.2 NA NA 27.41
1980102 1980 04 11 142.36 11.4 3 6.32 1.5 NA NA 55.53
1980103 1980 04 12 206.02 14.3 2.7 0 1.2 NA NA 41.24
1980104 1980 04 13 206.34 16.85 4.8 0 1.3 NA NA 41
1980105 1980 04 14 203.7 19.2 7.79 0 2.5 NA NA 33.49
1980106 1980 04 15 81.63 15.95 6.2 6.6 2.6 NA NA 50.52
1980107 1980 04 16 207.18 14.3 5.6 0 2.7 NA NA 42.51
1980108 1980 04 17 166.65 14.01 4.2 1.2 1.3 NA NA 45.6
1980109 1980 04 18 190.54 14.5 3.49 2.84 0.9 NA NA 44.25
1980110 1980 04 19 101.8 11.6 5.2 3.7 0.7 NA NA 63.12
1980111 1980 04 20 189.29 13.28 4.6 0 1.8 NA NA 40.68
1980112 1980 04 21 122.5 13.15 5 3.3 2.02 NA NA 53.19
1980113 1980 04 22 86.5 9.7 7.7 15.47 2.2 NA NA 76.05
1980114 1980 04 23 119.21 15.21 4.9 0 0.4 NA NA 52.08
1980115 1980 04 24 289.35 19.43 2.8 0 1.1 NA NA 38.4
1980116 1980 04 25 287.04 19.1 5.9 0 2.6 NA NA 42.4
1980117 1980 04 26 114.25 17.8 8.9 1.2 2.81 NA NA 47.96
1980118 1980 04 27 179.4 11.95 4.58 0 2.4 NA NA 45.09
1980119 1980 04 28 152.93 12.3 4.1 1.61 2.4 NA NA 51.78
1980120 1980 04 29 148.15 16.6 8.6 0 2.3 NA NA 47.32
1980121 1980 04 30 144.66 14.7 7.3 1.6 2.2 NA NA 48.74
1980122 1980 05 01 226.85 16.2 6.3 0 2.7 NA NA 41.68
1980123 1980 05 02 179.14 17.4 6.3 0 2.1 NA NA 46.32
1980124 1980 05 03 311.34 24.47 9.1 0 2 NA NA 23.69
1980125 1980 05 04 248.14 24.34 8.2 0 1.5 NA NA 25.52
1980126 1980 05 05 282.36 23.9 10.3 1.6 0.7 NA NA 38.7
1980127 1980 05 06 289.35 25.55 7.8 0 0.9 NA NA 26.4
1980128 1980 05 07 291.67 25.2 8.2 0 1.6 NA NA 26.1
1980129 1980 05 08 314.84 24.1 7.13 0 1.2 NA NA 31.45
1980130 1980 05 09 260.68 24.2 7.1 3.9 0.4 NA NA 42.37
1980131 1980 05 10 91.44 20.5 13 16.46 0.7 NA NA 64.16
1980132 1980 05 11 70.57 15.4 8.82 11.28 0.3 NA NA 74.39
1980133 1980 05 12 186.15 19.6 6.2 2.22 0.8 NA NA 46.13
1980134 1980 05 13 62.49 13.69 12.4 25.36 2 NA NA 78.61
1980135 1980 05 14 68.5 14.2 12 6.4 1.9 NA NA 75.57
1980136 1980 05 15 90.84 15.9 13 7 2.2 NA NA 74.21
1980137 1980 05 16 208.33 20.9 11.6 3.56 2 NA NA 52.38
1980138 1980 05 17 127.05 18.6 10.9 11.02 1.2 NA NA 64.27
1980139 1980 05 18 237.27 19.4 9.3 0 1.1 NA NA 46
1980140 1980 05 19 237.27 19.9 7.5 0 1.5 NA NA 42.5
1980141 1980 05 20 182.87 18.91 11.51 0 1.4 NA NA 49.22
1980142 1980 05 21 303.24 19.9 7.8 0 1.1 NA NA 40.8
1980143 1980 05 22 262.73 20.2 7.17 0 0.8 NA NA 39.57
1980144 1980 05 23 205.75 19.2 6.7 0 0.6 NA NA 45.52
1980145 1980 05 24 226.85 20.4 6.2 0 0.54 NA NA 42.5
1980146 1980 05 25 280.09 22.4 8.65 0 1.4 NA NA 33.2
1980147 1980 05 26 237.27 22.7 9.5 2 1.2 NA NA 36.4
1980148 1980 05 27 219.38 22 9.3 3.25 0.8 NA NA 45.9
1980149 1980 05 28 264 24 11.2 0 1.1 NA NA 34.89
1980150 1980 05 29 311.47 23.4 11.1 0 1.1 NA NA 36.14
1980151 1980 05 30 337.96 24.7 11 0 0.5 NA NA 33.96
1980152 1980 05 31 271.99 26.82 10.5 0 1.7 NA NA 22.49
1980153 1980 06 01 118 22.6 11.9 10.2 1.6 NA NA 46.4
1980154 1980 06 02 309.03 22.1 9.58 0 1.3 NA NA 33.4
1980155 1980 06 03 222.22 22.2 7.9 4.32 1.8 NA NA 44
1980156 1980 06 04 335.66 20.3 9.59 0 1.8 NA NA 42.32
1980157 1980 06 05 223.38 19.2 6.81 3.7 1.2 NA NA 45.57
1980158 1980 06 06 194.44 17.2 5.19 1.9 1.4 NA NA 44.28
1980159 1980 06 07 261.35 16 7.91 0 3.66 NA NA 35.83
1980160 1980 06 08 226.77 20.15 9.8 0 2.1 NA NA 43.23
1980161 1980 06 09 317.36 23.21 10 0 1.3 NA NA 34.4
1980162 1980 06 10 344.06 22.9 11.68 0 2.2 NA NA 38.54
1980163 1980 06 11 363.43 19.9 10 0 2.1 NA NA 30.28
1980164 1980 06 12 234.67 21.49 8.7 0 1.83 NA NA 40.56
1980165 1980 06 13 219.36 23.56 11.6 0 0.8 NA NA 42.48
1980166 1980 06 14 280.85 26 12.23 0 0.9 NA NA 28.1
1980167 1980 06 15 341.57 27.27 12.1 0 0.7 NA NA 23.09
1980168 1980 06 16 170.08 26.42 14.7 7.14 1.4 NA NA 33.22
1980169 1980 06 17 237.78 24.7 10.9 5.31 0.4 NA NA 51.31
1980170 1980 06 18 263.89 25.2 10.9 0 0.4 NA NA 35.87
1980171 1980 06 19 300.2 28.42 14.82 0 1.4 NA NA 22.75
1980172 1980 06 20 266.2 28.1 15.73 0 1.53 NA NA 26.38
1980173 1980 06 21 190.72 24.59 13.69 4.6 0.5 NA NA 53.8
1980174 1980 06 22 170.13 22.09 13.3 5 1 NA NA 59.06
1980175 1980 06 23 312.5 26.1 10.2 0 0.3 NA NA 33.33
1980176 1980 06 24 307.14 29 14 0 0.9 NA NA 22.95
1980177 1980 06 25 295.14 30.6 17.5 0 0.9 NA NA 24.02
1980178 1980 06 26 365.75 32.6 15.01 0 0.5 NA NA 19.02
1980179 1980 06 27 263.89 35.85 17.81 0 1.9 NA NA 14.25
1980180 1980 06 28 332.18 32.56 18.33 0 1.8 NA NA 15.69
1980181 1980 06 29 322.92 31.15 17.7 0 3.1 NA NA 16.89
1980182 1980 06 30 346.06 26.2 14.3 0 1.7 NA NA 19.93
1980183 1980 07 01 255.79 24.92 13.71 0 2.3 NA NA 26.05
1980184 1980 07 02 313.53 26 13.1 0 1.8 NA NA 24.22
1980185 1980 07 03 305.56 28.43 15.8 0 1.2 NA NA 18.5
1980186 1980 07 04 253.44 29.7 18.18 0 1 NA NA 19.8
1980187 1980 07 05 248.68 30.6 17.4 2.4 0.9 NA NA 21.86
1980188 1980 07 06 187.5 22.8 13.6 5.1 2.2 NA NA 47.28
1980189 1980 07 07 118.2 18.51 12.8 0 3.33 NA NA 58.41
1980190 1980 07 08 175.92 22.6 16.4 0 2.7 NA NA 52.99
1980191 1980 07 09 275.46 24.95 15.1 0 2.7 NA NA 42.82
1980192 1980 07 10 247.47 26.2 15.9 0 2.1 NA NA 37.88
1980193 1980 07 11 285.88 27.96 16.8 0 2.2 NA NA 32.3
1980194 1980 07 12 300.39 27 17.1 0 2.2 NA NA 31.98
1980195 1980 07 13 299.77 27 14.2 0 1.3 NA NA 24.57
1980196 1980 07 14 219.81 26.1 16.4 2 0.8 NA NA 27.05
1980197 1980 07 15 310.66 27.7 14.34 0 1.4 NA NA 19.81
1980198 1980 07 16 316.52 27.2 14.9 0 1.2 NA NA 20.3
1980199 1980 07 17 291.67 27.2 15.1 0 0.7 NA NA 21.2
1980200 1980 07 18 255.79 29.14 15.1 0 1.1 NA NA 21.2
1980201 1980 07 19 114.35 19.9 15.32 1.9 2.7 NA NA 64.56
1980202 1980 07 20 297.45 26.68 14.81 0 1.6 NA NA 26.96
1980203 1980 07 21 120.23 27.4 18.76 0 0.9 NA NA 22.24
1980204 1980 07 22 297.45 28.7 15.51 0 1.3 NA NA 16.9
1980205 1980 07 23 298.03 25.7 15.5 0 2.1 NA NA 28.75
1980206 1980 07 24 305.56 27.2 13.2 0 0.8 NA NA 18.7
1980207 1980 07 25 263.89 29.5 15.1 0 1.7 NA NA 21.83
1980208 1980 07 26 290.51 30.11 16.3 0 1.4 NA NA 25.92
1980209 1980 07 27 243.06 29.83 17.1 0 1.4 NA NA 17.6
1980210 1980 07 28 246.73 31.61 17.78 0 0.8 NA NA 23.09
1980211 1980 07 29 258.1 32.07 18.31 0 1.4 NA NA 22.5
1980212 1980 07 30 163.03 28.7 15.4 1.5 2.7 NA NA 31.44
1980213 1980 07 31 238.43 23.19 14.7 0 3.2 NA NA 34.61
1980214 1980 08 01 303.24 27.09 12.6 0 1.3 NA NA 21
1980215 1980 08 02 295.39 29.4 12.6 0 0.76 NA NA 17.83
1980216 1980 08 03 292.82 30.9 13.3 0 0.2 NA NA 14.25
1980217 1980 08 04 290.51 32.58 16.4 0 1 NA NA 14.9
1980218 1980 08 05 276.22 29.4 19.79 0 1.9 NA NA 22.75
1980219 1980 08 06 183.83 29.3 20.63 0 0.7 NA NA 17.7
1980220 1980 08 07 188.66 30.3 20.41 1.1 0.5 NA NA 18.04
1980221 1980 08 08 223.67 30.1 18.9 0 0.8 NA NA 18.7
1980222 1980 08 09 279.58 29.5 16.81 0 1.3 NA NA 16.9
1980223 1980 08 10 274.67 28.2 13.88 0 0.7 NA NA 18.7
1980224 1980 08 11 280.09 29 12.23 0 0.8 NA NA 12.98
1980225 1980 08 12 258.1 27.7 16.4 0 1.4 NA NA 24.6
1980226 1980 08 13 271.4 27.7 13.2 0 0.7 NA NA 21.16
1980227 1980 08 14 274.31 28.79 13.5 0 0.5 NA NA 16.65
1980228 1980 08 15 243.06 29.57 14.1 0 0.59 NA NA 14.88
1980229 1980 08 16 234.95 29.7 16.8 1.2 0.7 NA NA 21.55
1980230 1980 08 17 248.84 30.5 17.7 0 1.4 NA NA 19.41
1980231 1980 08 18 202.54 30.3 15.4 0 0.9 NA NA 21.84
1980232 1980 08 19 205.17 30.6 18.65 0 1.2 NA NA 18.34
1980233 1980 08 20 248.84 30.3 15.4 0 0.7 NA NA 17.56
1980234 1980 08 21 247.69 27 16.45 0 2.1 NA NA 31.55
1980235 1980 08 22 241.9 27.3 16 0 1.8 NA NA 29.99
1980236 1980 08 23 262.73 29.6 15.2 0 0.4 NA NA 20.42
1980237 1980 08 24 260.35 29.71 17.49 1.17 1.5 NA NA 21.41
1980238 1980 08 25 199.07 22.1 13.8 0 2.7 NA NA 35.17
1980239 1980 08 26 121.53 18.54 10.9 1.1 0.8 NA NA 34.69
1980240 1980 08 27 251.38 21.6 9.49 0 0.9 NA NA 20.56
1980241 1980 08 28 175.87 22.38 11.58 4.85 1.6 NA NA 36.71
1980242 1980 08 29 157.54 19.29 10.7 2 2.2 NA NA 41.56
1980243 1980 08 30 239.9 17.42 8.3 0 2.5 NA NA 31.39
1980244 1980 08 31 246.64 19.8 6.39 0 1.6 NA NA 25
1980245 1980 09 01 241.9 22.2 8.2 0 0.5 NA NA 25.2
1980246 1980 09 02 241.9 24.5 9.24 0 0.9 NA NA 20.7
1980247 1980 09 03 233.8 25.7 10.54 0 1.2 NA NA 19.8
1980248 1980 09 04 223.38 24.68 10.3 0 1.2 NA NA 23
1980249 1980 09 05 241.9 23.4 11.5 0 1.7 NA NA 19.75
1980250 1980 09 06 238.43 23.5 10.85 0 2.6 NA NA 18.29
1980251 1980 09 07 240.74 22.2 10.68 0 2.7 NA NA 15.1
1980252 1980 09 08 244.21 22.95 10.7 0 2.8 NA NA 10.8
1980253 1980 09 09 225.84 23.2 11.7 0 2.3 NA NA 19.41
1980254 1980 09 10 224.54 22.4 11.21 0 1.5 NA NA 17
1980255 1980 09 11 228.62 22.5 11 0 1.25 NA NA 16.94
1980256 1980 09 12 143.52 22.2 11.7 0 0.8 NA NA 19.3
1980257 1980 09 13 220.63 24.1 11.6 0 1.81 NA NA 21.01
1980258 1980 09 14 223.38 18.3 8.3 0 2.2 NA NA 24.9
1980259 1980 09 15 222.22 18.93 5.01 0 0.5 NA NA 19.3
1980260 1980 09 16 182.87 24.1 7.4 9.32 1.3 NA NA 24.39
1980261 1980 09 17 60.17 20.19 15.56 11.43 0.7 NA NA 74.09
1980262 1980 09 18 62.99 20.2 14.41 4.98 1.9 NA NA 67.97
1980263 1980 09 19 137.24 19.9 12.9 0 2.2 NA NA 52.53
1980264 1980 09 20 174.77 15.38 8.5 0 1.9 NA NA 34.34
1980265 1980 09 21 214.12 15.9 5.3 0 1.1 NA NA 26.29
1980266 1980 09 22 111.11 14.6 6.4 1.34 1.71 NA NA 50.77
1980267 1980 09 23 76.39 17.2 10.44 0 0.6 NA NA 51.17
1980268 1980 09 24 188.72 20.8 11.6 0 0.9 NA NA 35.85
1980269 1980 09 25 107.64 19.9 10.7 6.51 2.4 NA NA 55.74
1980270 1980 09 26 165.84 19.3 12.8 3.81 2.7 NA NA 53.7
1980271 1980 09 27 114.61 17.13 12.1 0 2.1 NA NA 53
1980272 1980 09 28 68.21 15.5 10.9 0 0.68 NA NA 59.82
1980273 1980 09 29 182.87 18.59 8.4 0 1.5 NA NA 35.51
1980274 1980 09 30 124.89 17.79 11.1 4.1 2.2 NA NA 48.5
1980275 1980 10 01 111.11 13.1 9 1.28 2.6 NA NA 50.13
1980276 1980 10 02 177.08 14.82 7.39 0 1.9 NA NA 37.27
1980277 1980 10 03 179.11 18.3 5.88 0 1.4 NA NA 32.01
1980278 1980 10 04 119.21 18.6 7.8 0 2 NA NA 42.4
1980279 1980 10 05 35.33 18.9 11.3 6.61 2.7 NA NA 67.32
1980280 1980 10 06 100.26 14.29 9.4 0 2.1 NA NA 49.85
1980281 1980 10 07 96.06 13.2 6.14 0 0.5 NA NA 47.03
1980282 1980 10 08 45.14 8.04 3.6 18.79 1.1 NA NA 81.24
1980283 1980 10 09 59.57 9.93 5.29 0 2.2 NA NA 66.76
1980284 1980 10 10 65.46 9.9 4.83 0 2.7 NA NA 57.34
1980285 1980 10 11 162.26 13.51 3.4 0 2 NA NA 33.13
1980286 1980 10 12 145.69 17.9 7.31 0 1.3 NA NA 39.99
1980287 1980 10 13 150.46 17.4 5.7 0 0.6 NA NA 37.04
1980288 1980 10 14 137.45 17.1 4.25 0 0.5 NA NA 35.48
1980289 1980 10 15 98.38 14.37 7.2 0 2 NA NA 44.44
1980290 1980 10 16 116.52 13.56 6.05 0 2.17 NA NA 41.54
1980291 1980 10 17 130.79 14.82 8.38 0 1.7 NA NA 40.08
1980292 1980 10 18 84.22 18.8 9.6 0 1.7 NA NA 40.76
1980293 1980 10 19 67.31 15.9 7.5 0 1.22 NA NA 45.18
1980294 1980 10 20 42.76 14.5 10.9 4.3 2.9 NA NA 78.26
1980295 1980 10 21 35.88 15.23 11.6 42.01 2.8 NA NA 79.96
1980296 1980 10 22 35.81 10.94 10.84 36.7 2.55 NA NA 86.78
1980297 1980 10 23 49.74 10.56 8.11 0 2.5 NA NA 79.66
1980298 1980 10 24 134.26 10.46 2.7 0 1.1 NA NA 51.38
1980299 1980 10 25 126.16 12.77 0.9 0 0.3 NA NA 48.21
1980300 1980 10 26 142.42 15.6 4.7 0 1.1 NA NA 39.8
1980301 1980 10 27 134.22 16.5 5.61 0 0.8 NA NA 41.35
1980302 1980 10 28 134.26 16.2 4.07 0 0.8 NA NA 42.92
1980303 1980 10 29 125.81 18.3 7.8 0 1.7 NA NA 46.16
1980304 1980 10 30 129.63 17.9 10.1 0 2.6 NA NA 57.73
1980305 1980 10 31 33.92 13.99 9.3 0 2.6 NA NA 69.61
1980306 1980 11 01 -9.77 10.3 8 2 1.3 NA NA 78.49
1980307 1980 11 02 16.17 9.9 5.46 2.5 0.8 NA NA 77.1
1980308 1980 11 03 104.17 13.14 5.12 0 1.7 NA NA 59.1
1980309 1980 11 04 57.87 10.94 4.7 1.7 1.5 NA NA 66.68
1980310 1980 11 05 1.41 7.9 8.13 17.55 1.6 NA NA 92.86
1980311 1980 11 06 99.54 12.2 5.46 0 0.7 NA NA 63.54
1980312 1980 11 07 42.65 6.2 0.09 3.01 2.9 NA NA 68.48
1980313 1980 11 08 119.21 1.19 -3.96 0 3.5 NA NA 38.62
1980314 1980 11 09 124.86 -0.31 -5.27 0 1.4 NA NA 27.79
1980315 1980 11 10 86.81 7.2 -1.51 0 2.7 NA NA 52.56
1980316 1980 11 11 34.72 10.2 4.9 0 2 NA NA 68.52
1980317 1980 11 12 81.02 9.9 4.4 0 1 NA NA 64.12
1980318 1980 11 13 39.3 11 4.89 0 1.1 NA NA 73.7
1980319 1980 11 14 15.04 4.77 3.68 4.07 1.7 NA NA 84.49
1980320 1980 11 15 20.8 8.29 3.7 8.47 1.3 NA NA 75.37
1980321 1980 11 16 81.02 9.8 4.23 6.67 1 NA NA 74.18
1980322 1980 11 17 24.31 6.6 2.31 7.8 1.4 NA NA 84.15
1980323 1980 11 18 31.25 6.3 0.6 0 1.09 NA NA 68.31
1980324 1980 11 19 93.75 7 -1.02 0 0.8 NA NA 56
1980325 1980 11 20 51.52 3.6 -0.35 0 2.1 NA NA 76.54
1980326 1980 11 21 92.59 2.39 -3.3 0 1.7 NA NA 58.12
1980327 1980 11 22 111.11 2.5 -4 0 0.5 NA NA 52.96
1980328 1980 11 23 95.13 3.37 -3.8 0 0.4 NA NA 56.8
1980329 1980 11 24 65.71 0.2 -5.1 6.48 2.5 NA NA 69.39
1980330 1980 11 25 107.16 0.12 -5.5 0 3.33 NA NA 46.74
1980331 1980 11 26 101.85 0 -6.4 0 2.9 NA NA 36.93
1980332 1980 11 27 60.19 2.4 -3.5 0 3.2 NA NA 66.59
1980333 1980 11 28 98.38 -0.4 -6.13 0 2.1 NA NA 48.4
1980334 1980 11 29 96.06 -0.7 -6.91 0 1.5 NA NA 45.72
1980335 1980 11 30 101.98 -0.13 -7.6 0 1.2 NA NA 32.99
1980336 1980 12 01 84.49 1.5 -5.2 0 2.2 NA NA 30.43
1980337 1980 12 02 75.23 1.68 -4.05 0 2.2 NA NA 52
1980338 1980 12 03 74.07 1.11 -4.8 0 0.7 NA NA 70.35
1980339 1980 12 04 81.02 2.3 -4.59 0 1.3 NA NA 62.92
1980340 1980 12 05 79.86 3.39 -3.3 0 1.8 NA NA 63.58
1980341 1980 12 06 35.88 4.4 -1.8 4.39 1.5 NA NA 77.82
1980342 1980 12 07 87.96 2.4 -4.1 0 0.9 NA NA 69
1980343 1980 12 08 91.44 2 -5.1 0 0.6 NA NA 56.1
1980344 1980 12 09 82.18 2.8 -4.7 0 0.6 NA NA 59.97
1980345 1980 12 10 82.18 2 -5.3 0 0.7 NA NA 63.77
1980346 1980 12 11 23.15 1.4 -3.7 0 1.6 NA NA 83.5
1980347 1980 12 12 59.03 3.14 -3 0 0.4 NA NA 75.21
1980348 1980 12 13 85.65 2.45 -4.2 0 0.7 NA NA 58.9
1980349 1980 12 14 114.25 2.1 -4.78 0 0.9 NA NA 54.2
1980350 1980 12 15 54.4 0.3 -5.4 0 0.7 NA NA 73.36
1980351 1980 12 16 68.29 -0.7 -5.5 0 0.22 NA NA 75.32
1980352 1980 12 17 86.81 1.73 -5.43 0 1.6 NA NA 62.2
1980353 1980 12 18 84.49 5.44 -2.1 0 2.4 NA NA 62.01
1980354 1980 12 19 61.34 9 0.31 0 2.4 NA NA 62.48
1980355 1980 12 20 49.77 6.7 -2.98 0 2.62 NA NA 60.2
1980356 1980 12 21 86.81 -1.1 -7.2 0 2.7 NA NA 48.9
1980357 1980 12 22 89.12 2 -5.8 0 2.3 NA NA 42.22
1980358 1980 12 23 103.01 1.8 -3 0 2.4 NA NA 52.78
1980359 1980 12 24 72.92 2.9 -3.3 0 2.3 NA NA 65.8
1980360 1980 12 25 52.99 8.74 0.6 0 3.3 NA NA 60.07
1980361 1980 12 26 53.24 9.85 -1.73 0 2.6 NA NA 53.98
1980362 1980 12 27 96.06 3.3 -3.1 0 1.4 NA NA 60.03
1980363 1980 12 28 92.08 3.3 -3.67 0 1.2 NA NA 63.5
1980364 1980 12 29 74.41 7.41 -1.7 0 2.42 NA NA 57.83
1980365 1980 12 30 36.98 8.7 -1.4 0 3 NA NA 60.39
1980366 1980 12 31 90.28 5.5 -2.81 0 1.65 NA NA 57.25
1981001 1981 01 01 26.62 8.5 -0.9 2.33 2.9 NA NA 72.36
1981002 1981 01 02 92.59 2.11 -3.75 0 1.7 NA NA 59.31
1981003 1981 01 03 86.81 0.07 -4.8 0 2.9 NA NA 50.5
1981004 1981 01 04 84.49 0 -6.47 0 1 NA NA 47.92
1981005 1981 01 05 68.29 -2.88 -9.4 0 3.4 NA NA 46.34
1981006 1981 01 06 103.01 -4.66 -10.6 0 2.9 NA NA 38.31
1981007 1981 01 07 97.22 -3.3 -11.28 0 2.6 NA NA 40.1
1981008 1981 01 08 96 -2.2 -10.57 0 1.5 NA NA 41.75
1981009 1981 01 09 94.91 1.65 -7.78 0 2.4 NA NA 52.5
1981010 1981 01 10 56.71 -1.61 -8.93 2.9 2.9 NA NA 65.66
1981011 1981 01 11 63.56 0.9 -8.6 0 3.6 NA NA 49.29
1981012 1981 01 12 65.97 -0.7 -3.7 0 4 NA NA 65.31
1981013 1981 01 13 52.08 2.7 -2.1 0 2.9 NA NA 70.37
1981014 1981 01 14 105.32 3.34 -2.7 0 2.3 NA NA 60.9
1981015 1981 01 15 99.54 3.84 -2.3 0 2 NA NA 57.59
1981016 1981 01 16 103.01 5 -2 0 3.4 NA NA 58.41
1981017 1981 01 17 65.97 4.33 -4.5 0 2.5 NA NA 57.9
1981018 1981 01 18 104.17 3.34 -5.07 0 0.6 NA NA 37
1981019 1981 01 19 106.48 4.6 -3.8 0 0.8 NA NA 47.02
1981020 1981 01 20 97.22 5.78 -3.1 0 1 NA NA 58.97
1981021 1981 01 21 51.06 7.3 -0.4 0 1.5 NA NA 67.52
1981022 1981 01 22 77.55 6.5 -1.6 0 1.8 NA NA 69.25
1981023 1981 01 23 21.27 6.2 -0.7 4.1 2.8 NA NA 78.65
1981024 1981 01 24 93.75 6.2 -0.8 0 1.7 NA NA 62.8
1981025 1981 01 25 50.93 9.9 0.05 0 2.1 NA NA 62.34
1981026 1981 01 26 37.04 7.5 -1.8 0 2.8 NA NA 65.3
1981027 1981 01 27 21.99 5.7 -2.3 5.6 2.5 NA NA 68
1981028 1981 01 28 53.24 2.54 -3.3 0 2.7 NA NA 60.13
1981029 1981 01 29 105.32 9.86 -1.72 0 2.4 NA NA 46.69
1981030 1981 01 30 64.81 9.59 -0.1 0 3.9 NA NA 48.7
1981031 1981 01 31 111.01 6.62 -2.18 0 2.9 NA NA 50.31
1981032 1981 02 01 93.75 6.34 0.92 0 4.3 NA NA 55.34
1981033 1981 02 02 83.33 7.5 0.01 0 5.45 NA NA 54.97
1981034 1981 02 03 76.39 2.67 -5.27 0 3.6 NA NA 47.62
1981035 1981 02 04 124.14 -2.28 -6.7 0 2.1 NA NA 29.63
1981036 1981 02 05 127.31 -1.7 -7.4 0 2.9 NA NA 24.98
1981037 1981 02 06 130.79 -1.45 -7.71 0 1.8 NA NA 31.67
1981038 1981 02 07 56.71 4.24 -5.3 0 1.5 NA NA 45.43
1981039 1981 02 08 121.53 9.7 -0.34 0 1.8 NA NA 49.98
1981040 1981 02 09 128.47 9.61 -0.5 0 1.6 NA NA 48.55
1981041 1981 02 10 128.47 9.8 -0.6 0 1.7 NA NA 48.83
1981042 1981 02 11 131.74 10 -0.7 0 1.4 NA NA 48.39
1981043 1981 02 12 124.36 11.19 0.6 0 2.9 NA NA 46.72
1981044 1981 02 13 70.6 9.18 -0.1 0 2.9 NA NA 57.34
1981045 1981 02 14 90.07 10.91 0.4 0 3.61 NA NA 52.8
1981046 1981 02 15 144.68 5.2 -2.76 0 3.8 NA NA 44.88
1981047 1981 02 16 146.99 8.1 -4.04 0 1.4 NA NA 32.25
1981048 1981 02 17 145.83 10.11 -2.1 0 1.3 NA NA 37.04
1981049 1981 02 18 103.01 11.21 -0.6 0 2 NA NA 50.24
1981050 1981 02 19 41.65 11.3 2.7 7.05 2.7 NA NA 68.12
1981051 1981 02 20 99.13 13.7 3 5.11 0.6 NA NA 62.13
1981052 1981 02 21 50.87 10.7 2.01 10.03 1.2 NA NA 77.51
1981053 1981 02 22 95.92 11.73 0.21 3.8 0.6 NA NA 63.43
1981054 1981 02 23 84.49 13 2.62 0 1.8 NA NA 63.26
1981055 1981 02 24 53.19 10.3 0.5 0 1.3 NA NA 67.29
1981056 1981 02 25 144.68 10.31 -1 0 1.1 NA NA 46.36
1981057 1981 02 26 64.32 7.96 0 0 1.1 NA NA 60.85
1981058 1981 02 27 175.93 10.4 -1.2 0 1.94 NA NA 42.89
1981059 1981 02 28 167.82 5.8 -4.24 0 2 NA NA 26.67
1981060 1981 03 01 155.09 10.3 0.3 0 3 NA NA 39.91
1981061 1981 03 02 107.64 13.1 1.41 0 2.5 NA NA 51
1981062 1981 03 03 96.06 10.44 -0.2 0 3.54 NA NA 45.21
1981063 1981 03 04 134.26 2.94 -3.1 0 2.1 NA NA 40.49
1981064 1981 03 05 187.5 4.7 -4.26 0 1.95 NA NA 27.39
1981065 1981 03 06 206.02 6.13 -4.3 0 1 NA NA 32.24
1981066 1981 03 07 92.8 4.59 -2.1 1.9 1.75 NA NA 57.36
1981067 1981 03 08 107.64 4.02 -1.76 1.9 2.2 NA NA 53.3
1981068 1981 03 09 144.68 4.69 -4.3 0 2 NA NA 49.85
1981069 1981 03 10 129.63 5.5 -2.78 0 1.4 NA NA 47.17
1981070 1981 03 11 142.34 6.1 -3 0 2.2 NA NA 50.08
1981071 1981 03 12 86.63 6.6 1.7 0 3.6 NA NA 58.9
1981072 1981 03 13 118.19 5.8 0.45 0 3.4 NA NA 49.81
1981073 1981 03 14 181.71 6.52 -0.2 0 2.87 NA NA 40.25
1981074 1981 03 15 157.24 7.88 -1.7 2.77 2.5 NA NA 49.26
1981075 1981 03 16 108.58 9.62 2.9 0 1.6 NA NA 54.09
1981076 1981 03 17 134.26 8.19 1.28 0 0.8 NA NA 45.92
1981077 1981 03 18 212.96 7.29 -1 0 1.4 NA NA 36.96
1981078 1981 03 19 177.08 9.08 -2.7 0 2.3 NA NA 41.7
1981079 1981 03 20 70.6 5.41 2.5 5.31 3.2 NA NA 68.55
1981080 1981 03 21 91.44 5.94 1.4 0 1.2 NA NA 58.41
1981081 1981 03 22 251.99 7.96 -1.5 0 1.6 NA NA 33.96
1981082 1981 03 23 221.25 5.98 -4.12 0 1.8 NA NA 33.44
1981083 1981 03 24 230.47 8.6 -3.1 0 1 NA NA 32.7
1981084 1981 03 25 230.32 11.88 -2.76 0 0.67 NA NA 31.3
1981085 1981 03 26 216.44 11.34 0 0 2.3 NA NA 41.89
1981086 1981 03 27 243.06 11.8 0.14 0 0.8 NA NA 36
1981087 1981 03 28 234.95 14.5 -1.42 0 0.4 NA NA 28.66
1981088 1981 03 29 240.74 16 -1.37 0 0.8 NA NA 33.93
1981089 1981 03 30 252.31 16.6 -1.1 0 1.1 NA NA 28.89
1981090 1981 03 31 241.97 19.1 2.2 0 0.24 NA NA 28.9
1981091 1981 04 01 230.32 20 4.5 0 0.6 NA NA 31.02
1981092 1981 04 02 243.06 19.96 4.9 0 0.6 NA NA 31.3
1981093 1981 04 03 129.63 18.2 3 0 1.1 NA NA 40.93
1981094 1981 04 04 197.92 16.46 1 1.5 0.9 NA NA 41.05
1981095 1981 04 05 225.89 18.3 4.1 0 0.6 NA NA 36.02
1981096 1981 04 06 211.76 19 3.9 0 0.5 NA NA 34.84
1981097 1981 04 07 246.53 18.24 2.91 0 0.92 NA NA 28.51
1981098 1981 04 08 257.03 17 -0.64 0 1.3 NA NA 27.43
1981099 1981 04 09 268.52 17.6 -1.3 0 0.9 NA NA 25.59
1981100 1981 04 10 255.12 18.5 -0.4 0 0.8 NA NA 27.42
1981101 1981 04 11 93.62 13.6 3.1 5.4 1.2 NA NA 62.41
1981102 1981 04 12 177.08 18.5 7.3 1.5 0.7 NA NA 42.56
1981103 1981 04 13 226.46 18.8 6.8 0 1.6 NA NA 39.6
1981104 1981 04 14 108.8 16.89 7.44 7.3 2.4 NA NA 48.5
1981105 1981 04 15 224.66 17.1 7 0 2.7 NA NA 38.38
1981106 1981 04 16 226.85 17.22 5.46 0 1.99 NA NA 37.78
1981107 1981 04 17 260.74 18.41 5.7 0 1 NA NA 37.6
1981108 1981 04 18 282.14 19.5 7.2 0 2 NA NA 33.25
1981109 1981 04 19 167.82 17.2 4.7 0 3.6 NA NA 43.84
1981110 1981 04 20 153.94 4.11 -0.18 1.2 4.4 NA NA 38.32
1981111 1981 04 21 295.48 8.67 -0.4 0 3.5 NA NA 19.58
1981112 1981 04 22 295.68 13.7 -1 0 2.6 NA NA 20.12
1981113 1981 04 23 287.07 20.1 3.7 0 2.03 NA NA 23.18
1981114 1981 04 24 294.04 20.9 8.4 0 2.6 NA NA 25.62
1981115 1981 04 25 290.57 20.7 9.4 0 2.7 NA NA 31.38
1981116 1981 04 26 85.65 15.34 7.1 5.36 1 NA NA 66.67
1981117 1981 04 27 297.45 19.01 4.99 0 1.3 NA NA 31.72
1981118 1981 04 28 300.93 27.12 8.5 0 2.7 NA NA 15.95
1981119 1981 04 29 205.58 25.46 15.29 1.5 2.9 NA NA 37.8
1981120 1981 04 30 290.51 19.63 9.51 0 2.8 NA NA 41.4
1981121 1981 05 01 169.73 15.23 7.2 3.96 1.1 NA NA 60.77
1981122 1981 05 02 261.85 14.5 6.5 0 1.8 NA NA 37.49
1981123 1981 05 03 174.5 14.08 6.66 0 1.4 NA NA 38.8
1981124 1981 05 04 191.09 15.41 6.55 0 1 NA NA 41.9
1981125 1981 05 05 212.96 17.1 5.4 0 0.6 NA NA 36.39
1981126 1981 05 06 261.57 19.9 4.5 0 0.89 NA NA 27.52
1981127 1981 05 07 291.67 22.1 6.6 0 1 NA NA 26.44
1981128 1981 05 08 319.34 22.65 8.3 0 2.2 NA NA 31.5
1981129 1981 05 09 325.23 23.9 9.51 0 2.09 NA NA 32.9
1981130 1981 05 10 297.45 23.94 9.24 0 1.7 NA NA 27.47
1981131 1981 05 11 243.69 23 10.49 0 2.1 NA NA 33.29
1981132 1981 05 12 267.74 24.61 12.88 1.7 2.6 NA NA 33.58
1981133 1981 05 13 70.6 17.3 8.4 10.8 2.1 NA NA 66.3
1981134 1981 05 14 251.16 18.9 6.19 1.7 1.6 NA NA 45.7
1981135 1981 05 15 125.96 19.8 5.5 1.1 1.1 NA NA 38.4
1981136 1981 05 16 68.18 14.26 5.5 6.66 1 NA NA 68.02
1981137 1981 05 17 212.96 19.06 4.8 2.5 0.8 NA NA 48.01
1981138 1981 05 18 329.64 17.9 7.9 0 2.7 NA NA 36.6
1981139 1981 05 19 311.85 17.6 5.1 0 1.2 NA NA 29.74
1981140 1981 05 20 271.21 20.4 5.5 0 0.7 NA NA 33.27
1981141 1981 05 21 326.76 22.3 7.4 0 0.5 NA NA 31.35
1981142 1981 05 22 144.43 20.4 10 4.1 1.7 NA NA 47.65
1981143 1981 05 23 213.74 22.7 9.3 0 0.4 NA NA 39.67
1981144 1981 05 24 159.68 24 13.74 5.31 1.4 NA NA 39.49
1981145 1981 05 25 212.24 24.77 12.07 3.44 1.4 NA NA 39.6
1981146 1981 05 26 147.63 24.7 13.69 8.18 1.4 NA NA 42.2
1981147 1981 05 27 193.72 19.5 12 3.8 1.56 NA NA 56.5
1981148 1981 05 28 290.51 20.59 10.3 0 2.3 NA NA 41.84
1981149 1981 05 29 236.11 21.96 9.7 0 2 NA NA 42.5
1981150 1981 05 30 290.51 22.3 6.8 0 1 NA NA 30.8
1981151 1981 05 31 183.53 20.5 9.5 4.04 1.2 NA NA 41.19
1981152 1981 06 01 317.13 22.4 9.1 0 1 NA NA 31.78
1981153 1981 06 02 287.13 24.2 6.68 0 0.69 NA NA 26.29
1981154 1981 06 03 264.34 24.51 8.03 0 1.1 NA NA 24.3
1981155 1981 06 04 180.21 20.3 11.9 12.65 1.5 NA NA 42.5
1981156 1981 06 05 198.21 21 9.88 3.2 0.7 NA NA 42.04
1981157 1981 06 06 172.76 20.4 9.5 3.6 0.7 NA NA 46.02
1981158 1981 06 07 271.25 22.53 10.4 0 1.6 NA NA 35.8
1981159 1981 06 08 254.63 22.3 11.7 0 2 NA NA 35.55
1981160 1981 06 09 151.1 21.5 13.8 4.1 1.8 NA NA 52.9
1981161 1981 06 10 96.84 20 12.76 6.55 1.3 NA NA 60.28
1981162 1981 06 11 333.33 22.1 11 0 1.8 NA NA 33.98
1981163 1981 06 12 328.7 24.7 10.4 0 1.1 NA NA 26.18
1981164 1981 06 13 312.5 26.7 13.4 0 1.8 NA NA 24.55
1981165 1981 06 14 335.65 27.6 15.2 0 2.6 NA NA 19.4
1981166 1981 06 15 310.19 29 16.9 0 2.8 NA NA 17.49
1981167 1981 06 16 299.51 29.61 18.75 0 4.25 NA NA 19.55
1981168 1981 06 17 276.62 27.3 17.36 1.2 2.7 NA NA 32.14
1981169 1981 06 18 208.8 24.4 14.4 4.5 1.6 NA NA 40.03
1981170 1981 06 19 206.16 20.09 12.7 3.37 2.3 NA NA 46.4
1981171 1981 06 20 197.92 19.7 12.67 0 2.8 NA NA 51.39
1981172 1981 06 21 327.55 25.63 12.46 0 1.6 NA NA 27.6
1981173 1981 06 22 303.4 31.3 16.3 0 2.42 NA NA 19.8
1981174 1981 06 23 296.3 37.37 14.33 4.65 1.5 NA NA 15.9
1981175 1981 06 24 350.69 29.7 16.97 0 2.5 NA NA 20
1981176 1981 06 25 349.54 25.88 13.7 0 2.82 NA NA 18.1
1981177 1981 06 26 350.8 23.08 12.16 0 2.5 NA NA 21.67
1981178 1981 06 27 349.54 24.19 11.1 0 1.6 NA NA 18.35
1981179 1981 06 28 341.58 28.21 14 0 1.41 NA NA 15.99
1981180 1981 06 29 271.58 33.1 14.1 0 1.8 NA NA 9.8
1981181 1981 06 30 193.03 25.4 14.04 3.8 2.82 NA NA 25.08
1981182 1981 07 01 340.4 25.06 11.4 0 1.7 NA NA 21.19
1981183 1981 07 02 303.44 27.6 14.1 0 1.7 NA NA 20.9
1981184 1981 07 03 305.73 30.6 17.2 0 1 NA NA 18.3
1981185 1981 07 04 326.39 32.1 19 0 1.8 NA NA 15.12
1981186 1981 07 05 322.79 25.6 16.3 0 2.9 NA NA 18.3
1981187 1981 07 06 348.44 22.89 12.6 0 2.3 NA NA 16.04
1981188 1981 07 07 343.85 23.42 10.3 0 1.3 NA NA 15.1
1981189 1981 07 08 334.49 24.31 8.41 0 0.6 NA NA 15.7
1981190 1981 07 09 347.22 25.02 9.4 0 0.7 NA NA 14.9
1981191 1981 07 10 326.39 25.9 9.9 0 0.7 NA NA 14.83
1981192 1981 07 11 320.6 26.5 11.09 0 0.7 NA NA 13.7
1981193 1981 07 12 214.06 27 14.6 4.15 0.9 NA NA 23.84
1981194 1981 07 13 305.56 26.5 14.6 0 0.9 NA NA 25.87
1981195 1981 07 14 252.31 27.74 10.87 0 0.4 NA NA 19.93
1981196 1981 07 15 302.08 27.18 16.9 0 1.8 NA NA 21.14
1981197 1981 07 16 318.29 28 11.89 0 0.69 NA NA 12
1981198 1981 07 17 302.79 29.83 14.9 0 1.18 NA NA 16.5
1981199 1981 07 18 306.71 29.6 17.2 0 2 NA NA 22.49
1981200 1981 07 19 303.24 31.12 17 0 0.4 NA NA 16.1
1981201 1981 07 20 251.36 31.91 14.6 1.92 0.9 NA NA 16.73
1981202 1981 07 21 305.8 30.4 17.2 0 1.3 NA NA 16.64
1981203 1981 07 22 309.03 30.2 17.3 0 1.3 NA NA 14.29
1981204 1981 07 23 309.03 27.7 17.53 0 2.7 NA NA 16.4
1981205 1981 07 24 247.69 24.33 14.7 0 1.2 NA NA 26.01
1981206 1981 07 25 80.92 21.3 14.1 15.37 1 NA NA 55.09
1981207 1981 07 26 133.95 16.7 13.17 2.7 2 NA NA 72.37
1981208 1981 07 27 187.31 20.28 14.7 5.99 2.3 NA NA 59.72
1981209 1981 07 28 305.56 21.8 12.3 0 1.3 NA NA 35.22
1981210 1981 07 29 299.77 24.7 11.23 0 0.2 NA NA 30.42
1981211 1981 07 30 297.45 27.4 12.8 0 0.5 NA NA 22.3
1981212 1981 07 31 267.36 30 14 0 1.53 NA NA 19.54
1981213 1981 08 01 249.77 26.54 16.13 0 1.5 NA NA 29.29
1981214 1981 08 02 303.24 26 13.4 0 2 NA NA 23.07
1981215 1981 08 03 244.21 24.1 14.1 0 1.9 NA NA 31.44
1981216 1981 08 04 245.37 20.9 13.4 0 2.2 NA NA 40.2
1981217 1981 08 05 295 21.4 10.35 0 0.9 NA NA 26.31
1981218 1981 08 06 290.51 24.5 9.14 0 0.6 NA NA 18.7
1981219 1981 08 07 288.19 26.2 10.43 0 0.6 NA NA 17.7
1981220 1981 08 08 215.26 24.1 13.4 1.7 1.1 NA NA 29.78
1981221 1981 08 09 210.21 21.84 13.4 0 2 NA NA 43.27
1981222 1981 08 10 238.43 21.44 13.2 0 1.7 NA NA 32.13
1981223 1981 08 11 277.78 22.62 11.3 0 0.6 NA NA 24.09
1981224 1981 08 12 276.62 26 12.3 0 0.7 NA NA 18.7
1981225 1981 08 13 291.67 27.4 11.8 0 0.6 NA NA 16.88
1981226 1981 08 14 167.82 27.88 12.48 0 1.1 NA NA 21.5
1981227 1981 08 15 193.25 27 15.43 0 2 NA NA 41.41
1981228 1981 08 16 275.46 22.49 12.67 0 2.6 NA NA 21.83
1981229 1981 08 17 280.71 21.4 11.2 0 1.68 NA NA 22.1
1981230 1981 08 18 266.88 21.7 11.39 0 1.6 NA NA 23.98
1981231 1981 08 19 264.7 22.92 11.2 0 1.4 NA NA 21.4
1981232 1981 08 20 256.94 25.3 12.19 0 1.4 NA NA 20.86
1981233 1981 08 21 283.96 26.65 13.3 0 0.8 NA NA 21.45
1981234 1981 08 22 200 25.7 14.6 0 0.6 NA NA 23.51
1981235 1981 08 23 224.54 25.21 17.41 0 0.8 NA NA 21.7
1981236 1981 08 24 234.95 25.3 15.6 0 0.5 NA NA 23.75
1981237 1981 08 25 185.19 24.98 13.2 6.55 0.9 NA NA 27.45
1981238 1981 08 26 177.05 25.02 13.9 2.9 2.01 NA NA 29.57
1981239 1981 08 27 247.69 21.3 11.4 0 1.9 NA NA 28.4
1981240 1981 08 28 247.69 20.1 9.1 0 1.9 NA NA 25.63
1981241 1981 08 29 104.39 19.23 11.61 1.61 2.4 NA NA 41.53
1981242 1981 08 30 247.69 21.1 8.9 0 1.2 NA NA 25
1981243 1981 08 31 249.19 22.3 9.01 0 0.8 NA NA 22.17
1981244 1981 09 01 104.12 20.2 10.7 1.67 1.3 NA NA 34.99
1981245 1981 09 02 42.42 17.54 15.1 9.78 2.3 NA NA 79.84
1981246 1981 09 03 129.03 20.58 14.4 0 1 NA NA 58.64
1981247 1981 09 04 102.75 18 11.4 1.7 1.2 NA NA 62.65
1981248 1981 09 05 234.86 21.7 9.5 0 0.3 NA NA 36.71
1981249 1981 09 06 178.24 22.69 11.4 0 0.6 NA NA 33.7
1981250 1981 09 07 243.28 23.1 11.7 0 1.9 NA NA 27.07
1981251 1981 09 08 147.66 23.2 12.1 0 2.9 NA NA 25.1
1981252 1981 09 09 121.53 20.1 10.7 0 1.4 NA NA 41.74
1981253 1981 09 10 114.58 20.98 11.65 0 1.2 NA NA 35.76
1981254 1981 09 11 224.8 22.14 10.8 0 1.6 NA NA 26.49
1981255 1981 09 12 222.22 22.94 8.3 0 0.7 NA NA 23.37
1981256 1981 09 13 214.12 23.6 8.3 0 0.9 NA NA 24.79
1981257 1981 09 14 218.75 22.5 11.7 0 1.6 NA NA 25.26
1981258 1981 09 15 219.91 23.13 9.77 0 0.8 NA NA 23.32
1981259 1981 09 16 40.7 18.4 9.8 5.1 0.97 NA NA 51.56
1981260 1981 09 17 214.12 19.3 11.1 1.39 1.35 NA NA 32.38
1981261 1981 09 18 178.24 18.3 8.5 0 2.9 NA NA 40.46
1981262 1981 09 19 215.19 21.9 5.91 0 1.3 NA NA 23.76
1981263 1981 09 20 186.52 19.3 9.7 0 2.7 NA NA 29.62
1981264 1981 09 21 208.62 21.5 9.08 0 2.5 NA NA 27.89
1981265 1981 09 22 195.08 24.38 12.3 0 1.4 NA NA 28.83
1981266 1981 09 23 205.29 26.9 10.3 0 1 NA NA 22.1
1981267 1981 09 24 197.92 27.21 9.4 0 0.9 NA NA 19.59
1981268 1981 09 25 195.89 27.12 10.3 0 1.3 NA NA 16.31
1981269 1981 09 26 193.29 24.9 9.09 0 1.5 NA NA 22.16
1981270 1981 09 27 194.44 22.3 7.5 0 0.97 NA NA 21.8
1981271 1981 09 28 192.13 22.2 3.9 0 0.4 NA NA 18.49
1981272 1981 09 29 188.72 24.71 7.66 0 1 NA NA 10.14
1981273 1981 09 30 184.17 23.8 8.5 0 0.8 NA NA 14.12
1981274 1981 10 01 182.38 25 6.3 0 0.3 NA NA 15.2
1981275 1981 10 02 123.84 23.25 10.2 0 0.6 NA NA 20.88
1981276 1981 10 03 121.01 22.72 9.5 0 1.1 NA NA 20.99
1981277 1981 10 04 173.61 22.82 9.7 0 1.6 NA NA 21.3
1981278 1981 10 05 171.3 19.37 9.6 0 2.2 NA NA 28.39
1981279 1981 10 06 168.98 20.1 6.38 0 0.8 NA NA 21.82
1981280 1981 10 07 167.94 20.5 7.9 0 2 NA NA 21.1
1981281 1981 10 08 157.44 17.8 4.8 0 1.9 NA NA 28.56
1981282 1981 10 09 166.67 19.2 2.35 0 0.3 NA NA 21.6
1981283 1981 10 10 162.13 21.01 4.3 0 0.5 NA NA 20.6
1981284 1981 10 11 164.35 20.2 5.4 0 1.1 NA NA 24.64
1981285 1981 10 12 163.19 21.8 3.17 0 0.5 NA NA 17.87
1981286 1981 10 13 164.35 23.5 8.43 0 1.2 NA NA 19.94
1981287 1981 10 14 170.51 24.2 9.3 0 2.2 NA NA 23.14
1981288 1981 10 15 125.07 22.76 12.28 0 1.4 NA NA 30.6
1981289 1981 10 16 87.96 17.8 9.5 0 2.2 NA NA 33
1981290 1981 10 17 83.17 13.9 5.5 0 2.7 NA NA 42.41
1981291 1981 10 18 152.78 4.9 -0.8 0 3 NA NA 23.6
1981292 1981 10 19 152.78 4.9 -3.62 0 1.5 NA NA 17.37
1981293 1981 10 20 158.56 8.6 -4.2 0 1.1 NA NA 14.05
1981294 1981 10 21 26.64 14.2 5.6 23.2 3.46 NA NA 65.06
1981295 1981 10 22 22.39 15.93 11.3 21.54 2.3 NA NA 80.03
1981296 1981 10 23 106.22 14.76 8.2 0 2.5 NA NA 53.08
1981297 1981 10 24 32.38 6 3.8 0 1.9 NA NA 70.86
1981298 1981 10 25 140.2 4.85 -0.5 0 1.7 NA NA 34.88
1981299 1981 10 26 140.05 4.9 -2.52 0 0.6 NA NA 32.55
1981300 1981 10 27 137.73 7.52 -1.9 0 0.7 NA NA 33.65
1981301 1981 10 28 134.26 9.59 0.8 0 0.9 NA NA 37.69
1981302 1981 10 29 127.31 11.2 -0.3 0 1.3 NA NA 43.28
1981303 1981 10 30 127.31 16.23 6 0 1.8 NA NA 49.13
1981304 1981 10 31 49.77 15.01 5.12 3.05 1.18 NA NA 66.53
1981305 1981 11 01 70.53 14.73 3.3 0 0.5 NA NA 51.25
1981306 1981 11 02 128.47 14.24 2.1 0 0.6 NA NA 38.43
1981307 1981 11 03 28.93 16.2 7 0 1.7 NA NA 66.88
1981308 1981 11 04 99.54 16.21 7.6 0 3.89 NA NA 53.08
1981309 1981 11 05 63.66 9.46 2.8 0 2.1 NA NA 51
1981310 1981 11 06 129.94 8.2 -0.04 0 0.6 NA NA 36.69
1981311 1981 11 07 130.89 10.1 -1.63 0 0.6 NA NA 35.87
1981312 1981 11 08 114.58 8.2 -0.14 0 1.3 NA NA 42.97
1981313 1981 11 09 116.52 8.62 -1.59 0 0.6 NA NA 37.68
1981314 1981 11 10 108.8 8.9 -3.8 1.48 1.4 NA NA 40.63
1981315 1981 11 11 10.46 7.9 5.52 21.15 2.2 NA NA 83.46
1981316 1981 11 12 99.54 8.2 2.5 0 2.6 NA NA 59.57
1981317 1981 11 13 55.56 11.6 1.9 0 1.5 NA NA 59.62
1981318 1981 11 14 27.82 12.8 6.5 3.09 1.9 NA NA 78.96
1981319 1981 11 15 28.94 12.2 9.2 8.84 3.77 NA NA 86.81
1981320 1981 11 16 5.79 10.49 9.29 28.6 3.6 NA NA 91.34
1981321 1981 11 17 94.98 9.81 6.04 7.51 1.5 NA NA 74.69
1981322 1981 11 18 74.07 8.2 2.38 2.4 1.6 NA NA 63.66
1981323 1981 11 19 41.67 6.51 1.5 0 2.1 NA NA 77.27
1981324 1981 11 20 107.85 6.6 0.7 0 1.9 NA NA 59.09
1981325 1981 11 21 53.24 5.49 -0.99 0 1.3 NA NA 69.37
1981326 1981 11 22 63.66 6.3 -0.22 0 1 NA NA 64
1981327 1981 11 23 94.91 5.89 -2.5 0 1.9 NA NA 54.51
1981328 1981 11 24 90.28 8.19 1.2 0 2.4 NA NA 59.57
1981329 1981 11 25 68.29 7 -1 0 1.7 NA NA 52.1
1981330 1981 11 26 96.93 4.48 -3.95 0 0.6 NA NA 46.99
1981331 1981 11 27 97.22 4.69 -5 0 0.04 NA NA 43.68
1981332 1981 11 28 106.48 5.5 -3.3 0 1.3 NA NA 41.84
1981333 1981 11 29 90.28 4.29 -0.56 0 2.6 NA NA 63.26
1981334 1981 11 30 84.49 7.84 0.5 0 2.7 NA NA 48.83
1981335 1981 12 01 70.47 9.4 1.9 0 2.8 NA NA 51.81
1981336 1981 12 02 71.76 10.9 4.61 0 2.8 NA NA 55.78
1981337 1981 12 03 74.07 11.2 3.02 0 1.6 NA NA 54.79
1981338 1981 12 04 28.94 9.36 1.9 0 1.6 NA NA 73.31
1981339 1981 12 05 35.88 9.8 4.22 5.93 2.8 NA NA 72.93
1981340 1981 12 06 65.97 5.5 -1.8 0 2.71 NA NA 54.13
1981341 1981 12 07 42.92 6.53 -1.87 3.9 3.2 NA NA 47.96
1981342 1981 12 08 93.8 0.8 -3.9 0 1.49 NA NA 39.53
1981343 1981 12 09 24.31 -1.46 -4.86 5.9 1.7 NA NA 80.31
1981344 1981 12 10 21.97 2.4 -1.36 0 1.64 NA NA 84.04
1981345 1981 12 11 23.15 4.34 0.8 0 1.9 NA NA 80.68
1981346 1981 12 12 25.46 4.12 -0.78 0 2.6 NA NA 77.29
1981347 1981 12 13 68.29 2.3 -2.52 0 2.7 NA NA 59.16
1981348 1981 12 14 70.6 1.28 -4.14 0 1.96 NA NA 56.89
1981349 1981 12 15 56.71 0.8 -4.8 0 0.9 NA NA 66.78
1981350 1981 12 16 46.43 2 -2.6 0 0.8 NA NA 73.91
1981351 1981 12 17 24.27 3.27 -0.4 8.5 2.9 NA NA 85.8
1981352 1981 12 18 49.77 5.44 -2.2 9 2.4 NA NA 77.81
1981353 1981 12 19 37.2 9.24 -0.7 3.44 3.7 NA NA 67.61
1981354 1981 12 20 35.72 6.2 -2 2.5 1.92 NA NA 72.41
1981355 1981 12 21 51.12 7.21 0 3.8 1.4 NA NA 71.92
1981356 1981 12 22 26.62 3.76 -1.8 2 1.9 NA NA 79.47
1981357 1981 12 23 72.92 6.41 -2.67 0 1.1 NA NA 56.18
1981358 1981 12 24 35.78 9.63 -0.7 0 0.9 NA NA 62.46
1981359 1981 12 25 50.93 8.6 -1.5 0 1.9 NA NA 63.8
1981360 1981 12 26 48.61 2.68 -3.79 0 2.42 NA NA 64.44
1981361 1981 12 27 87.96 -1.7 -5.93 0 1.26 NA NA 58.91
1981362 1981 12 28 79.86 0.68 -6.27 0 1.6 NA NA 46.28
1981363 1981 12 29 77.73 2.2 -4.9 3 1.55 NA NA 66.09
1981364 1981 12 30 94.91 -1.51 -8.26 0 2.9 NA NA 47.08
1981365 1981 12 31 92.59 -3.71 -9.3 0 2.6 NA NA 52.7
1982001 1982 01 01 97.22 -4.09 -11.5 0 2.37 NA NA 38.4
1982002 1982 01 02 107.64 -4.6 -15.31 0 1.1 NA NA 30.8
1982003 1982 01 03 86.81 -1.55 -11.29 0 0.9 NA NA 40.97
1982004 1982 01 04 60.19 1.3 -5.49 0 1.3 NA NA 73.5
1982005 1982 01 05 67.13 -1.8 -5.3 0 2.5 NA NA 73.87
1982006 1982 01 06 61.34 -2.9 -8.69 0 2.1 NA NA 61.69
1982007 1982 01 07 97.22 -3.56 -9.6 0 1.48 NA NA 39.05
1982008 1982 01 08 78.22 -2.92 -12.12 0 0.7 NA NA 64.99
1982009 1982 01 09 79.86 -2.2 -8.8 0 0.12 NA NA 72.4
1982010 1982 01 10 100.69 -1 -9.81 0 0.8 NA NA 50.68
1982011 1982 01 11 89.34 0.23 -8.5 0 0.9 NA NA 62.44
1982012 1982 01 12 72.92 3.7 -4.64 2.46 2.3 NA NA 70.52
1982013 1982 01 13 54.4 4.01 -0.9 11.3 1.5 NA NA 78.22
1982014 1982 01 14 103.01 1.4 -4.05 0 2.4 NA NA 50.59
1982015 1982 01 15 63.27 3.3 -3.8 0 1.2 NA NA 59.93
1982016 1982 01 16 59.03 7.12 -0.09 0 2.6 NA NA 65
1982017 1982 01 17 68.04 5 -0.5 0 2.4 NA NA 63.47
1982018 1982 01 18 104.16 3.81 -1.21 0 2.3 NA NA 58.6
1982019 1982 01 19 45.14 4.7 -1.96 1.2 2.9 NA NA 72.6
1982020 1982 01 20 67.12 4.5 -3.04 6.32 2.4 NA NA 68.08
1982021 1982 01 21 108.42 2.66 -4.81 0 0.7 NA NA 50.1
1982022 1982 01 22 106.48 3.7 -4.95 0 0.5 NA NA 44.15
1982023 1982 01 23 105.32 4.4 -3.9 0 0.7 NA NA 51.03
1982024 1982 01 24 97.22 5.2 -2.1 0 0.6 NA NA 69.82
1982025 1982 01 25 40.49 4.5 0.2 1.5 1.14 NA NA 76.6
1982026 1982 01 26 45.14 4.1 0.4 8.8 2.85 NA NA 78.7
1982027 1982 01 27 49.72 5.7 1.21 4.55 3.7 NA NA 79.48
1982028 1982 01 28 17.05 4.72 0.1 14.32 2.8 NA NA 84.14
1982029 1982 01 29 98.38 7.11 -0.89 0 1.1 NA NA 62.19
1982030 1982 01 30 119.54 5.6 -2.3 0 2 NA NA 47.27
1982031 1982 01 31 33.56 4.04 -2.23 10.8 2.1 NA NA 73.34
1982032 1982 02 01 107.64 5.8 -3.1 1.9 0.9 NA NA 61.9
1982033 1982 02 02 83.33 9.73 1.63 0 1.2 NA NA 67.71
1982034 1982 02 03 92.59 10.58 0.89 0 1 NA NA 63.7
1982035 1982 02 04 74.07 9.83 0.2 0 2 NA NA 52.3
1982036 1982 02 05 122.69 10.41 -1.51 0 1.8 NA NA 47.42
1982037 1982 02 06 107.64 9.5 -2.96 0 1 NA NA 51.47
1982038 1982 02 07 132.15 12.12 0.8 0 2.3 NA NA 43.4
1982039 1982 02 08 105.32 12.02 1.82 0 2 NA NA 46.7
1982040 1982 02 09 64.81 9.6 1.89 9.92 3.6 NA NA 72.06
1982041 1982 02 10 73.83 9.93 0.48 3.27 2.94 NA NA 61.97
1982042 1982 02 11 72.67 7.6 0.4 0 2.3 NA NA 56.87
1982043 1982 02 12 136.57 8.93 -0.6 0 2 NA NA 44.17
1982044 1982 02 13 60.87 8.2 -0.7 4.1 1.7 NA NA 65.1
1982045 1982 02 14 82.85 3.09 -2.7 0 3.8 NA NA 54.61
1982046 1982 02 15 144.68 3.4 -3.34 0 4.2 NA NA 36.3
1982047 1982 02 16 147.11 5.5 -3.9 0 3 NA NA 25
1982048 1982 02 17 142.36 7.64 -3.1 0 1.5 NA NA 45.24
1982049 1982 02 18 146.99 8.52 -2.9 0 0.6 NA NA 47.68
1982050 1982 02 19 150.46 9.9 -3.1 0 0.4 NA NA 43.51
1982051 1982 02 20 156.25 10.7 -3.3 0 0.4 NA NA 38.04
1982052 1982 02 21 179.46 9.9 -4.1 0 0.4 NA NA 43.2
1982053 1982 02 22 178.27 8.66 -4.24 0 0.6 NA NA 48.02
1982054 1982 02 23 99.54 8.67 -2.77 0 1.2 NA NA 60.42
1982055 1982 02 24 64.81 10.3 2 3.85 1.69 NA NA 68.79
1982056 1982 02 25 148.15 5.46 -0.7 0 4.1 NA NA 38.9
1982057 1982 02 26 154.16 11.33 -2.1 0 2 NA NA 37.45
1982058 1982 02 27 81.26 10.94 0.6 2.8 2.4 NA NA 56.69
1982059 1982 02 28 172.59 6.8 -0.2 0 2.5 NA NA 43.49
1982060 1982 03 01 101.83 8.21 -0.13 0 2.1 NA NA 50.51
1982061 1982 03 02 180.56 6.1 -2.3 0 2.5 NA NA 39.67
1982062 1982 03 03 184.03 5.9 -3.16 0 1.6 NA NA 39.8
1982063 1982 03 04 190.97 6.4 -3.8 0 1.3 NA NA 31.11
1982064 1982 03 05 194.47 6.8 -4 0 0.5 NA NA 27.18
1982065 1982 03 06 190.97 10.3 -3.9 0 0.11 NA NA 31.89
1982066 1982 03 07 184.1 11.11 -3.02 0 0.6 NA NA 43.35
1982067 1982 03 08 107.64 11.88 0.4 0 0.6 NA NA 51.39
1982068 1982 03 09 168.98 12.5 0.4 0 2 NA NA 46.66
1982069 1982 03 10 194.44 10.05 0.8 0 3.2 NA NA 39.23
1982070 1982 03 11 199.31 9.9 -1.5 0 1.78 NA NA 37.7
1982071 1982 03 12 193.79 11.45 -3.5 0 0.17 NA NA 41.67
1982072 1982 03 13 122.68 14.02 2.95 0 0.9 NA NA 53.34
1982073 1982 03 14 158.56 15 2.3 0 1.55 NA NA 44.89
1982074 1982 03 15 127.31 15 1.5 0 1.4 NA NA 48.01
1982075 1982 03 16 183.18 16.72 3.56 0 1.7 NA NA 47.94
1982076 1982 03 17 130.72 17.3 5.2 4.6 2.3 NA NA 49.1
1982077 1982 03 18 162.04 12.1 2.3 0 2.7 NA NA 43
1982078 1982 03 19 136.57 9.5 1 0 2.5 NA NA 47.75
1982079 1982 03 20 224.54 12.91 3.91 0 2.8 NA NA 38.71
1982080 1982 03 21 125 15.5 3.31 0 2.2 NA NA 49.71
1982081 1982 03 22 230.42 19.81 6.24 0 1.9 NA NA 33.06
1982082 1982 03 23 193.07 17.5 7.16 0 3.21 NA NA 50.19
1982083 1982 03 24 80.98 16.83 7.57 3.4 2.2 NA NA 58.16
1982084 1982 03 25 129.63 17.5 5.1 1.27 0.5 NA NA 55.75
1982085 1982 03 26 150.07 18.52 4.5 0 0.5 NA NA 45.39
1982086 1982 03 27 147.63 19.74 3.48 2.5 0.8 NA NA 40.72
1982087 1982 03 28 225.48 22.9 5.08 0 0.7 NA NA 37.02
1982088 1982 03 29 250 20 6.01 0 1.8 NA NA 39.69
1982089 1982 03 30 162.04 18.3 7.69 1.4 2.1 NA NA 42.57
1982090 1982 03 31 50.68 13.83 7 4.36 2.3 NA NA 68.57
1982091 1982 04 01 205.27 14.15 4.3 0 2.7 NA NA 39.39
1982092 1982 04 02 230.56 17.1 4.11 0 1.9 NA NA 36.89
1982093 1982 04 03 181.35 16.7 4.6 0 1.6 NA NA 42.7
1982094 1982 04 04 259.26 17.87 2.61 0 1.3 NA NA 35.99
1982095 1982 04 05 159.99 16.9 4.5 0 2.4 NA NA 39.57
1982096 1982 04 06 92.68 15.23 4.6 3.5 1.5 NA NA 59.9
1982097 1982 04 07 116.9 17.1 2.5 2.5 1.3 NA NA 48.5
1982098 1982 04 08 84.46 16 8.53 2.4 3.1 NA NA 61.7
1982099 1982 04 09 89.12 15.32 8.29 47.03 1.1 NA NA 69.41
1982100 1982 04 10 141.2 12.2 5.3 5.3 3.4 NA NA 70.98
1982101 1982 04 11 205.68 10.6 3.3 0 2.3 NA NA 41.13
1982102 1982 04 12 170.66 9.6 0.3 0 2.8 NA NA 37.97
1982103 1982 04 13 282.41 6.73 -3.05 0 1.3 NA NA 26.76
1982104 1982 04 14 226.62 11.2 -2.8 0 0.74 NA NA 32.8
1982105 1982 04 15 262.21 11.01 1.8 0 1.3 NA NA 40.09
1982106 1982 04 16 186.54 10.79 1.8 0 0.7 NA NA 44.54
1982107 1982 04 17 156.25 11 2.76 0 0.3 NA NA 48.3
1982108 1982 04 18 94.9 8.8 3.1 2.5 2.47 NA NA 63.47
1982109 1982 04 19 118.06 4.33 4.1 10.8 2.7 NA NA 75.43
1982110 1982 04 20 193.29 13 2 0 0.5 NA NA 42.79
1982111 1982 04 21 162.04 16.7 4.3 2.5 2.3 NA NA 39.12
1982112 1982 04 22 291.67 17.7 4.3 0 1.7 NA NA 35.6
1982113 1982 04 23 260.78 23.65 7.1 0 1.3 NA NA 31.4
1982114 1982 04 24 100.11 20.1 10.4 3.3 1.5 NA NA 52.74
1982115 1982 04 25 165.51 20.7 8.4 5.52 0.8 NA NA 53.18
1982116 1982 04 26 135.72 19.01 9.1 6.3 2.4 NA NA 51.99
1982117 1982 04 27 239.58 15.09 7.4 0 2.9 NA NA 43.7
1982118 1982 04 28 149.31 16.1 5.6 4.91 2.1 NA NA 49.81
1982119 1982 04 29 238.74 13.8 6.47 0 2.6 NA NA 45.9
1982120 1982 04 30 290.51 14.1 4.3 0 1.7 NA NA 42.5
1982121 1982 05 01 222.02 14.09 4.41 0 1.7 NA NA 41.9
1982122 1982 05 02 133.1 13.91 7.1 2.5 1.4 NA NA 64.01
1982123 1982 05 03 230.32 16.4 7.5 1.1 2.75 NA NA 46.24
1982124 1982 05 04 194.44 16.47 9.1 5.36 2.6 NA NA 53.21
1982125 1982 05 05 106.16 14.5 9.2 18.05 1.1 NA NA 66.91
1982126 1982 05 06 72.48 9.64 8.4 11.21 2.3 NA NA 79.01
1982127 1982 05 07 101.43 12.24 9 12.26 2.6 NA NA 74.13
1982128 1982 05 08 215.28 17.3 7.2 0 1.4 NA NA 46.93
1982129 1982 05 09 76.94 16.58 8.7 7.98 1.2 NA NA 61.8
1982130 1982 05 10 276.12 17.1 8.81 0 2.9 NA NA 43.78
1982131 1982 05 11 258.1 18.2 8.8 0 2 NA NA 43.99
1982132 1982 05 12 296.3 20.5 8.4 0 0.5 NA NA 45.63
1982133 1982 05 13 213.27 22.8 8.4 0 1.4 NA NA 39.6
1982134 1982 05 14 90.43 19.4 12.5 7.71 2.3 NA NA 69.45
1982135 1982 05 15 291.67 22.8 13.41 0 1.4 NA NA 46.78
1982136 1982 05 16 296.3 21.55 12.1 0 2.6 NA NA 43.41
1982137 1982 05 17 230.32 16.4 10.52 0 2.7 NA NA 49.71
1982138 1982 05 18 221.06 15.18 8.87 0 3.1 NA NA 47.9
1982139 1982 05 19 242.97 18.4 7.5 0 1.9 NA NA 43.43
1982140 1982 05 20 268.52 21.73 7.3 0 0.7 NA NA 39.27
1982141 1982 05 21 94.1 14.4 9.3 2.5 1 NA NA 66.71
1982142 1982 05 22 276.62 17.8 9.16 0 3.9 NA NA 42.44
1982143 1982 05 23 221.06 20.5 11.1 0 2 NA NA 47.3
1982144 1982 05 24 238.62 22.6 10 5.31 1.4 NA NA 42.5
1982145 1982 05 25 284.09 21 9.9 0 1.9 NA NA 44.7
1982146 1982 05 26 321.84 22.5 9.6 0 1.6 NA NA 39.03
1982147 1982 05 27 244.21 21.6 11.4 0 1.2 NA NA 41.43
1982148 1982 05 28 197.71 20.9 12.4 0 2 NA NA 50.72
1982149 1982 05 29 349.51 25.8 12.55 0 2.1 NA NA 32.8
1982150 1982 05 30 277.78 27 17.1 0 4.06 NA NA 22.39
1982151 1982 05 31 183.96 21.9 11.9 3.7 2.8 NA NA 48.62
1982152 1982 06 01 203.7 13.88 7.7 0 2.2 NA NA 45.9
1982153 1982 06 02 203.83 13.2 4.72 3.01 1.3 NA NA 47.23
1982154 1982 06 03 252.31 13.48 4.81 4.99 1.6 NA NA 42.26
1982155 1982 06 04 259.19 18.16 2.74 0 1.2 NA NA 34.8
1982156 1982 06 05 173.5 17.07 9.7 5 2.2 NA NA 49.91
1982157 1982 06 06 342.59 19.7 8 0 2.1 NA NA 35.59
1982158 1982 06 07 304.4 21.56 7.9 0 0.79 NA NA 30.9
1982159 1982 06 08 136.46 17.28 11.5 11.74 2.31 NA NA 59.13
1982160 1982 06 09 255.79 21 12.3 3 2.8 NA NA 42.71
1982161 1982 06 10 286.71 21.9 9.89 0 3.1 NA NA 26.75
1982162 1982 06 11 163.08 20.79 12.53 1.2 2.5 NA NA 32.08
1982163 1982 06 12 82.79 18.5 13.8 8.14 2.1 NA NA 48.58
1982164 1982 06 13 159.96 19.34 12.3 8.14 2.3 NA NA 54.8
1982165 1982 06 14 261.57 20.49 9.7 0 2.1 NA NA 35.65
1982166 1982 06 15 343.59 21.9 8.6 0 0.6 NA NA 36.99
1982167 1982 06 16 245.37 23.93 9.72 0 1.1 NA NA 33.2
1982168 1982 06 17 188.57 18.97 12.36 8.77 1 NA NA 62.01
1982169 1982 06 18 291.67 21.4 8.89 4.41 0.5 NA NA 46.55
1982170 1982 06 19 261.57 23.28 9.8 0 0.9 NA NA 35.52
1982171 1982 06 20 261.57 25.1 9.9 0 0.47 NA NA 31.8
1982172 1982 06 21 283.48 26.4 12.9 0 0.6 NA NA 30.2
1982173 1982 06 22 315.97 27.14 13.7 0 1.3 NA NA 23.87
1982174 1982 06 23 226.65 25.17 13.5 4.51 1.1 NA NA 32.9
1982175 1982 06 24 262.03 24.5 13.5 0 1 NA NA 42.31
1982176 1982 06 25 264.35 25.1 10.1 0 0.4 NA NA 34.77
1982177 1982 06 26 189.39 21.79 12.19 0 0.9 NA NA 33.46
1982178 1982 06 27 252.31 24.7 16.1 0 2.74 NA NA 20
1982179 1982 06 28 385.61 25.4 13.55 0 2.31 NA NA 18.56
1982180 1982 06 29 285.59 26 13.3 0 1 NA NA 22.19
1982181 1982 06 30 280.5 27.9 14.63 0 2.1 NA NA 25.9
1982182 1982 07 01 304.45 28.97 17.79 0 2.1 NA NA 20.4
1982183 1982 07 02 320.6 29 15.9 0 1.3 NA NA 16.58
1982184 1982 07 03 334.49 28.4 17.2 0 1.9 NA NA 19.28
1982185 1982 07 04 325 28.6 15 0 1.6 NA NA 16.7
1982186 1982 07 05 310.26 27.6 15.5 0 1.8 NA NA 18.4
1982187 1982 07 06 331.21 27.43 14 0 1.3 NA NA 17.72
1982188 1982 07 07 247.69 28 15.49 0 1.1 NA NA 24.25
1982189 1982 07 08 277.39 29.01 17.4 0 0.3 NA NA 23.57
1982190 1982 07 09 318.29 30.5 17.99 0 0.8 NA NA 20.65
1982191 1982 07 10 270.44 30.7 18.93 0 1.1 NA NA 18.6
1982192 1982 07 11 251.82 28.97 18.6 0 1.4 NA NA 26.69
1982193 1982 07 12 267.82 26.2 17.1 0 1.9 NA NA 27.42
1982194 1982 07 13 204.86 26 16.6 4.3 1.9 NA NA 35.08
1982195 1982 07 14 130.44 23.49 15.6 8.8 1.8 NA NA 54.57
1982196 1982 07 15 366.23 24.5 13.1 0 1.3 NA NA 27.4
1982197 1982 07 16 319.44 25.6 13.2 0 1.1 NA NA 20.48
1982198 1982 07 17 313.66 27.45 12.9 0 1.4 NA NA 14.8
1982199 1982 07 18 192.43 26.98 13.7 0 1.2 NA NA 19.68
1982200 1982 07 19 95.37 25.4 14.4 10.89 1.4 NA NA 38.2
1982201 1982 07 20 233.64 27.1 15 2.9 1.92 NA NA 36.56
1982202 1982 07 21 259.63 27.04 15.6 0 2.2 NA NA 34.33
1982203 1982 07 22 297.73 28 16.3 0 2 NA NA 28.3
1982204 1982 07 23 303.24 29 14.6 0 1.1 NA NA 20.3
1982205 1982 07 24 275.46 28.8 13.6 0 0.6 NA NA 21.02
1982206 1982 07 25 290.51 29.3 15.1 0 0.59 NA NA 20.19
1982207 1982 07 26 256.7 30.1 15 0 0.2 NA NA 19.18
1982208 1982 07 27 212.87 30.8 17.68 8.8 0.9 NA NA 30.98
1982209 1982 07 28 165.72 30.1 17.3 9.31 0.9 NA NA 42.73
1982210 1982 07 29 283.77 30.6 17 0 1.7 NA NA 23.3
1982211 1982 07 30 268.52 31.7 16.9 0 0.8 NA NA 20.06
1982212 1982 07 31 289.35 32.6 19.15 0 1.3 NA NA 16.6
1982213 1982 08 01 131.92 29.4 22.72 0 1 NA NA 24.27
1982214 1982 08 02 228.28 30.51 21.45 0 1.6 NA NA 21.2
1982215 1982 08 03 303.24 30.5 19.2 0 0.82 NA NA 16.6
1982216 1982 08 04 219.82 30.1 17.5 3.73 1.8 NA NA 27.5
1982217 1982 08 05 107.18 24.7 18.41 28.65 1.4 NA NA 70.3
1982218 1982 08 06 106.22 21.8 14.3 3.9 0.9 NA NA 59.75
1982219 1982 08 07 290.51 26 12.3 0 0.7 NA NA 24.67
1982220 1982 08 08 282.41 27.8 12.1 0 0.5 NA NA 22.6
1982221 1982 08 09 260.04 26.31 15.8 0 2.3 NA NA 38.92
1982222 1982 08 10 276.88 25.8 13.9 0 1.5 NA NA 32.19
1982223 1982 08 11 291.67 25.5 13 0 1.3 NA NA 23.5
1982224 1982 08 12 280.63 22 13.5 0 2.7 NA NA 25.41
1982225 1982 08 13 281.41 21.66 11.6 0 1.6 NA NA 18.5
1982226 1982 08 14 275.46 24.3 9.83 0 0.3 NA NA 23.69
1982227 1982 08 15 250 26.9 12.3 0 0.4 NA NA 19.75
1982228 1982 08 16 267.5 28.09 11.6 0 0.06 NA NA 21
1982229 1982 08 17 246.82 28.6 12.8 0 0.4 NA NA 21.87
1982230 1982 08 18 189.33 27.3 15.6 0 0.5 NA NA 24.07
1982231 1982 08 19 258.1 27.8 12 0 0.7 NA NA 20.52
1982232 1982 08 20 181.31 27.2 13.07 0 0.5 NA NA 24.9
1982233 1982 08 21 260.42 27.5 10.9 0 0.69 NA NA 17.07
1982234 1982 08 22 273.15 27.7 9.5 0 0.3 NA NA 15.17
1982235 1982 08 23 251.16 26.19 10.69 0 -0.15 NA NA 19.53
1982236 1982 08 24 253.47 26.9 10.6 0 1 NA NA 14.27
1982237 1982 08 25 256.94 26.95 11.8 0 1.2 NA NA 9.93
1982238 1982 08 26 258.1 28.2 11.3 0 0.9 NA NA 6.61
1982239 1982 08 27 251.16 29.9 13.6 0 1.3 NA NA 6.92
1982240 1982 08 28 245.37 30.9 16.1 0 1.6 NA NA 12.46
1982241 1982 08 29 244.21 30.6 17.2 0 1.2 NA NA 15.68
1982242 1982 08 30 240.41 31.4 16.1 0 0.8 NA NA 16.5
1982243 1982 08 31 177.08 30.52 17.81 0 1.6 NA NA 22.7
1982244 1982 09 01 236.35 24.25 15.09 0 1.9 NA NA 26.33
1982245 1982 09 02 246.53 22.22 12.4 0 2.1 NA NA 19.88
1982246 1982 09 03 236.84 21.64 11.9 0 2.2 NA NA 19.81
1982247 1982 09 04 157.41 19.9 12.95 0 1.9 NA NA 25
1982248 1982 09 05 150.42 19.87 9.77 0 0.9 NA NA 28.4
1982249 1982 09 06 228.81 22.4 8.9 0 1.2 NA NA 24.43
1982250 1982 09 07 236.11 22.27 9.3 0 0.5 NA NA 25.1
1982251 1982 09 08 222.22 23.1 10.8 0 0.9 NA NA 24.99
1982252 1982 09 09 239.62 24.93 11.7 0 0.4 NA NA 21.44
1982253 1982 09 10 212.96 25.5 12.1 0 0.6 NA NA 21.8
1982254 1982 09 11 236.11 21.2 11.26 0 2.5 NA NA 18.1
1982255 1982 09 12 243.06 20.81 7.1 0 1.2 NA NA 13.77
1982256 1982 09 13 218.75 20.24 9 0 1.2 NA NA 22.79
1982257 1982 09 14 220.22 20.9 6.3 0 0.8 NA NA 16.9
1982258 1982 09 15 219.09 21.3 7 0 1.1 NA NA 15.29
1982259 1982 09 16 214.12 21.8 8.13 0 0.9 NA NA 18.3
1982260 1982 09 17 145.64 22.1 11.3 0 0.5 NA NA 20.3
1982261 1982 09 18 166.44 22.3 11.3 0 1.6 NA NA 22.07
1982262 1982 09 19 141.05 23.5 11.6 3 2.6 NA NA 30.73
1982263 1982 09 20 211.95 15.81 5.8 0 2.86 NA NA 30.5
1982264 1982 09 21 82.18 11.17 4.02 6.3 1.6 NA NA 59.7
1982265 1982 09 22 164.35 14.63 6.29 0 2.37 NA NA 32.33
1982266 1982 09 23 86.24 15.04 9.6 0 1.5 NA NA 56.34
1982267 1982 09 24 112.44 17.9 8 5.39 0.7 NA NA 49.55
1982268 1982 09 25 49.12 16 10.53 11.3 0.6 NA NA 68.05
1982269 1982 09 26 182.87 19.13 9.4 0 0.5 NA NA 40.67
1982270 1982 09 27 49.72 17.4 10.7 6.54 2.2 NA NA 67.9
1982271 1982 09 28 132.95 14 6.39 0 2.9 NA NA 42.4
1982272 1982 09 29 193.29 10.41 4.59 0 2.25 NA NA 28.5
1982273 1982 09 30 123.82 12.29 3.6 0 1.6 NA NA 40.06
1982274 1982 10 01 94.21 11 3.2 0 1.5 NA NA 36.73
1982275 1982 10 02 182.87 11.03 2.1 0 0.9 NA NA 29.1
1982276 1982 10 03 179.7 13.59 2.32 0 0.9 NA NA 28.89
1982277 1982 10 04 173.61 15.3 4.98 0 1.4 NA NA 33.4
1982278 1982 10 05 166.67 18.5 8.4 0 1.7 NA NA 32.6
1982279 1982 10 06 173.61 18.9 8.1 0 1.5 NA NA 30.68
1982280 1982 10 07 166.67 20.04 8.5 0 1.3 NA NA 29.15
1982281 1982 10 08 149.31 20.4 9.01 0 1.7 NA NA 31.8
1982282 1982 10 09 156.25 21 9.5 0 1.5 NA NA 30.44
1982283 1982 10 10 159.72 21.74 9.4 0 1 NA NA 27.32
1982284 1982 10 11 157.58 22.06 7.6 0 0.9 NA NA 23.49
1982285 1982 10 12 157.89 21.2 5.41 0 0.6 NA NA 23.12
1982286 1982 10 13 155.09 20.8 6.7 0 0.6 NA NA 23.56
1982287 1982 10 14 155.09 21.1 6.08 0 0.9 NA NA 22.1
1982288 1982 10 15 135.55 21.16 4.3 0 1.3 NA NA 24.53
1982289 1982 10 16 84.6 18 7.97 0 2 NA NA 37.91
1982290 1982 10 17 108.49 14.7 6.92 0 2.1 NA NA 32.25
1982291 1982 10 18 38.19 15.67 8.5 3.87 2.7 NA NA 59.57
1982292 1982 10 19 19.7 10.59 5.58 3 1 NA NA 65.76
1982293 1982 10 20 96.7 13.16 6.5 0 2.4 NA NA 49.53
1982294 1982 10 21 116.85 19.2 8.2 0 2.8 NA NA 36.12
1982295 1982 10 22 144.68 20.11 7.8 0 1.7 NA NA 29.21
1982296 1982 10 23 143.52 18.2 6.03 0 1.1 NA NA 28.9
1982297 1982 10 24 140.05 19.41 5.1 0 0.8 NA NA 24.8
1982298 1982 10 25 34.71 17.2 7.95 13.06 1.9 NA NA 62.09
1982299 1982 10 26 24.27 11.3 6.32 4.87 2.1 NA NA 71.87
1982300 1982 10 27 129.63 8.4 4.32 0 2.56 NA NA 41.6
1982301 1982 10 28 53.24 10.3 3.69 0 1.9 NA NA 50.74
1982302 1982 10 29 63.66 10.4 1.6 0 1.6 NA NA 49.77
1982303 1982 10 30 27.78 13.5 8.1 0 2.6 NA NA 58.63
1982304 1982 10 31 137.73 10.8 4.37 0 1.9 NA NA 34.6
1982305 1982 11 01 124.18 16.6 4.4 0 1.7 NA NA 28.52
1982306 1982 11 02 82.15 11.66 4.6 0 1.2 NA NA 51.22
1982307 1982 11 03 47.96 12.9 4.17 0 1.5 NA NA 59.45
1982308 1982 11 04 35.88 11.1 4.3 4.1 2.5 NA NA 60.99
1982309 1982 11 05 121.53 6.97 1.5 0 1.3 NA NA 42.56
1982310 1982 11 06 86.16 5.2 0.57 0 1.9 NA NA 48.37
1982311 1982 11 07 100.69 12.35 0.61 0 1.7 NA NA 34.88
1982312 1982 11 08 39.35 12.74 2.65 0 0.9 NA NA 54.95
1982313 1982 11 09 45.14 13.03 6 0 0.5 NA NA 62.8
1982314 1982 11 10 24.31 12.31 5.8 1.6 1.5 NA NA 72.11
1982315 1982 11 11 -5.44 8.06 5.4 33.61 3.49 NA NA 88.64
1982316 1982 11 12 39.35 9.9 2.8 7.17 1.8 NA NA 77.32
1982317 1982 11 13 14.44 8.5 8 18.38 2.6 NA NA 89.82
1982318 1982 11 14 -7.81 8.4 7.94 12.92 2.6 NA NA 89.07
1982319 1982 11 15 28.94 10.67 7.3 8.47 2.5 NA NA 81.22
1982320 1982 11 16 49.12 11.2 6.3 0 0.44 NA NA 79.71
1982321 1982 11 17 63.66 11.78 3.3 4.2 1.5 NA NA 69.73
1982322 1982 11 18 18.79 11 8 20.62 2.6 NA NA 86.34
1982323 1982 11 19 4.61 10.51 6.47 23.95 2.9 NA NA 86.88
1982324 1982 11 20 87.96 7.75 2.82 6.5 1.9 NA NA 62.63
1982325 1982 11 21 25.46 7.1 4.1 13.02 2.2 NA NA 83.3
1982326 1982 11 22 32.18 5.36 3.3 0 3.9 NA NA 78.36
1982327 1982 11 23 84.49 5.3 0.5 0 1.6 NA NA 65.96
1982328 1982 11 24 30.09 0 -2.9 3.13 2.8 NA NA 81.72
1982329 1982 11 25 28.94 -2.65 -13.17 10.84 3.1 NA NA 86.41
1982330 1982 11 26 106.48 -15.2 -22.85 0 0.9 NA NA 31.44
1982331 1982 11 27 107.05 -10.92 -17.31 0 1.4 NA NA 29.14
1982332 1982 11 28 99.54 -2.21 -12.47 0 1.61 NA NA 51.76
1982333 1982 11 29 100.79 1.4 -5.8 0 2.5 NA NA 81.82
1982334 1982 11 30 16.2 3.6 1.61 7.03 3.9 NA NA 86.4
1982335 1982 12 01 52.08 6.4 0.53 3.9 2 NA NA 78.46
1982336 1982 12 02 84.49 6.1 -0.6 0 2.1 NA NA 59.11
1982337 1982 12 03 39.8 10.21 4.8 0 2.8 NA NA 71.81
1982338 1982 12 04 96.02 8.19 0.1 0 1.8 NA NA 64.08
1982339 1982 12 05 90.5 6.29 -1.4 0 0.7 NA NA 61.56
1982340 1982 12 06 9.25 6.33 -0.79 7.44 1.4 NA NA 78.51
1982341 1982 12 07 79.86 7.57 -0.7 0 1 NA NA 59.67
1982342 1982 12 08 48.61 7.8 -1.5 0 1.2 NA NA 67.65
1982343 1982 12 09 33.56 8.62 0.9 0 2.6 NA NA 75.64
1982344 1982 12 10 30.09 9.81 -1 0 3.05 NA NA 72.45
1982345 1982 12 11 84.49 3.6 -3.93 0 1.84 NA NA 43.9
1982346 1982 12 12 79.86 1.2 -4.08 0 2.3 NA NA 61.1
1982347 1982 12 13 79.86 2.3 -4.2 0 2.3 NA NA 39.49
1982348 1982 12 14 85.65 3.4 -2.7 0 1.9 NA NA 54.2
1982349 1982 12 15 65.97 4.41 -2.75 0 2.1 NA NA 59.57
1982350 1982 12 16 42.82 7.2 1.71 2.3 3.77 NA NA 72.13
1982351 1982 12 17 52.08 6.51 0.2 1.8 3.9 NA NA 54.2
1982352 1982 12 18 41.53 3.3 -1 0 2.6 NA NA 58.13
1982353 1982 12 19 72.92 5.92 -1.8 0 2.3 NA NA 51.77
1982354 1982 12 20 69.44 9.9 -0.38 0 2.8 NA NA 54.63
1982355 1982 12 21 52.08 5.3 -2.3 0 2.8 NA NA 56.16
1982356 1982 12 22 81.38 0.08 -4.11 0 2.7 NA NA 39.59
1982357 1982 12 23 90.28 -1.99 -6.52 0 2.4 NA NA 38.06
1982358 1982 12 24 56.71 2.35 -5.29 0 1.2 NA NA 53.56
1982359 1982 12 25 51.84 6.71 -0.2 2.4 2.4 NA NA 69.2
1982360 1982 12 26 59.03 3.23 -1.3 0 2.4 NA NA 62.03
1982361 1982 12 27 34.72 6.71 -1.18 3 2.8 NA NA 74.3
1982362 1982 12 28 26.62 8.5 1.11 8.55 2.8 NA NA 76.61
1982363 1982 12 29 35.88 3.8 -1.63 0 1.1 NA NA 74.3
1982364 1982 12 30 40.36 -1.94 -7.04 0 2.3 NA NA 73.3
1982365 1982 12 31 25.43 -0.7 -7.01 12.27 2 NA NA 73.9
1983001 1983 01 01 50.91 -1.04 -9.1 18.3 2.4 NA NA 85.01
1983002 1983 01 02 99.54 -6.38 -11.9 0 3.8 NA NA 61.9
1983003 1983 01 03 97.22 1.56 -7.3 0 3.3 NA NA 72.4
1983004 1983 01 04 82.18 3.8 -2.7 0 2.3 NA NA 72.4
1983005 1983 01 05 84.3 3.3 -3.9 0 1.2 NA NA 67.23
1983006 1983 01 06 84.49 2.8 -3.9 0 1.3 NA NA 68.5
1983007 1983 01 07 72.92 2.43 -4.7 0 0.8 NA NA 72.6
1983008 1983 01 08 32.41 2.4 -2.4 4.1 0.5 NA NA 85.96
1983009 1983 01 09 39.46 2.7 -2.7 0 1.5 NA NA 78.66
1983010 1983 01 10 96.06 2.87 -3.3 5 1.5 NA NA 69.12
1983011 1983 01 11 50.93 4.1 -1.13 8.1 2.1 NA NA 75.51
1983012 1983 01 12 97.22 0.22 -3.2 0 2.3 NA NA 64.69
1983013 1983 01 13 50.93 1.5 -3.78 7.01 2.5 NA NA 74.41
1983014 1983 01 14 50.74 -2.1 -4.15 0 4.67 NA NA 63.85
1983015 1983 01 15 97.22 -1.52 -5.03 0 3.9 NA NA 51.17
1983016 1983 01 16 104.17 1.5 -6.32 0 1.6 NA NA 54.32
1983017 1983 01 17 105.32 2.7 -5.41 0 0.6 NA NA 53.93
1983018 1983 01 18 103.01 2.9 -6.05 0 0.6 NA NA 62.74
1983019 1983 01 19 45.14 4.5 -0.9 0 0.7 NA NA 74.3
1983020 1983 01 20 106.48 6.3 -0.4 0 0.93 NA NA 69.82
1983021 1983 01 21 34.72 4.86 -1.64 0 1.6 NA NA 78.03
1983022 1983 01 22 35.88 3.8 -2.98 0 0.4 NA NA 74.39
1983023 1983 01 23 105.09 3.9 -3.1 0 1.1 NA NA 62.53
1983024 1983 01 24 37.04 3.3 -2.3 14.31 3.5 NA NA 80.31
1983025 1983 01 25 54.4 3.57 -3 0 1.6 NA NA 74.91
1983026 1983 01 26 100.01 0.82 -5.3 0 3.6 NA NA 50.89
1983027 1983 01 27 116.13 2.88 -5.8 0 0.75 NA NA 41.74
1983028 1983 01 28 64.81 4.04 -3 0 1.93 NA NA 56.3
1983029 1983 01 29 115.74 2.7 -3.95 0 2.2 NA NA 57.68
1983030 1983 01 30 116.9 3.8 -4.4 0 0.6 NA NA 60.23
1983031 1983 01 31 118.06 3.8 -5 0 0.4 NA NA 54.49
1983032 1983 02 01 116.9 4.5 -4.7 0 1.06 NA NA 54.51
1983033 1983 02 02 72.92 9.9 -0.5 0 2.5 NA NA 60.19
1983034 1983 02 03 53.18 11.1 2.9 0 2.9 NA NA 67.42
1983035 1983 02 04 30.09 9.8 2.9 6.36 1.7 NA NA 78.8
1983036 1983 02 05 81.02 12.21 2.6 0 2.5 NA NA 59.88
1983037 1983 02 06 127.31 10.9 0.3 0 2.4 NA NA 53.15
1983038 1983 02 07 106.48 5.4 -2.24 0 0.7 NA NA 55.07
1983039 1983 02 08 48.61 4.49 -0.8 2.78 2.2 NA NA 71.64
1983040 1983 02 09 90.49 1.5 -4.9 0 3.7 NA NA 48.59
1983041 1983 02 10 135.42 0 -6 0 1.2 NA NA 43.64
1983042 1983 02 11 130.79 1.24 -6.05 0 0.4 NA NA 43.79
1983043 1983 02 12 98.82 3.2 -4.43 0 0.4 NA NA 55.44
1983044 1983 02 13 88.47 0.74 -5 0 2.27 NA NA 56.48
1983045 1983 02 14 105.32 0.08 -4.4 0 3.2 NA NA 52.52
1983046 1983 02 15 141.77 1.1 -4.9 0 3.6 NA NA 43.2
1983047 1983 02 16 147.24 0.36 -5.7 0 3.01 NA NA 33.7
1983048 1983 02 17 103.93 -0.6 -4.8 0 1.4 NA NA 47.7
1983049 1983 02 18 167.29 -1.8 -6.4 0 1.6 NA NA 36.09
1983050 1983 02 19 159.72 -0.6 -7.2 0 1.62 NA NA 22.29
1983051 1983 02 20 96.06 3.2 -5.72 0 2.1 NA NA 42.21
1983052 1983 02 21 89.97 4.97 -2.7 0 1.7 NA NA 61.55
1983053 1983 02 22 153.94 6.06 -3.69 0 1 NA NA 52.42
1983054 1983 02 23 117.53 5 -2.46 0 2.1 NA NA 57.89
1983055 1983 02 24 123.84 2.77 -4.47 0 2.3 NA NA 49.14
1983056 1983 02 25 172.45 1.1 -5.73 0 1.5 NA NA 25.32
1983057 1983 02 26 174.78 2.7 -6 0 0.9 NA NA 24.14
1983058 1983 02 27 105.32 5.8 -3.4 0 2.2 NA NA 53.63
1983059 1983 02 28 77.55 6.3 -0.8 0 2 NA NA 60.9
1983060 1983 03 01 175.93 5.87 -3.08 0 1 NA NA 51.2
1983061 1983 03 02 177.08 7.1 -3 0 0.6 NA NA 46.97
1983062 1983 03 03 182.87 8.77 -2.36 0 0.2 NA NA 45.16
1983063 1983 03 04 185.21 10 -2.03 0 0.7 NA NA 47.76
1983064 1983 03 05 178.27 11.52 -0.3 0 0.9 NA NA 46.8
1983065 1983 03 06 85.51 12 0.11 0 1.9 NA NA 57.26
1983066 1983 03 07 77.39 11.4 3.76 3.2 3.5 NA NA 74.22
1983067 1983 03 08 122.69 14 5.46 1.9 3.6 NA NA 54.4
1983068 1983 03 09 86.81 9.2 3.1 18.18 2.9 NA NA 75.4
1983069 1983 03 10 68.26 4.46 1.66 2.5 3.5 NA NA 74.93
1983070 1983 03 11 131.94 6.38 0.2 0 2.5 NA NA 54.05
1983071 1983 03 12 131.94 6.7 -0.51 0 2.2 NA NA 52.96
1983072 1983 03 13 76.81 7.4 2.1 0 2.18 NA NA 61.54
1983073 1983 03 14 74.24 8.2 3 0 1.5 NA NA 64.01
1983074 1983 03 15 129.21 9.4 1.8 0 2 NA NA 56.71
1983075 1983 03 16 131 10.7 1.8 0 2.4 NA NA 48.63
1983076 1983 03 17 211.81 9.4 -1 0 1.5 NA NA 39.68
1983077 1983 03 18 131.94 8.66 1.8 0 1.1 NA NA 46
1983078 1983 03 19 192.13 9.65 1.36 0 0.9 NA NA 43.58
1983079 1983 03 20 221.06 12.9 0.3 0 1.8 NA NA 37.53
1983080 1983 03 21 226.63 13.6 -0.32 0 1 NA NA 34.26
1983081 1983 03 22 236.14 14.3 -2 1.5 0.9 NA NA 37.13
1983082 1983 03 23 142.36 9.6 4.5 10.49 2 NA NA 69.68
1983083 1983 03 24 33.28 9.2 2.6 2.5 0.7 NA NA 64.72
1983084 1983 03 25 187.5 12.44 2.1 0 2 NA NA 42.81
1983085 1983 03 26 216.44 10.44 0 0 1.1 NA NA 37.72
1983086 1983 03 27 196.89 11.25 -1.1 0 0.5 NA NA 40.71
1983087 1983 03 28 145.83 13.3 1.1 1.32 1.2 NA NA 48.78
1983088 1983 03 29 149.5 14.11 3.2 0 0.6 NA NA 49.62
1983089 1983 03 30 158.56 14.6 3.81 0 1.4 NA NA 44.53
1983090 1983 03 31 153.94 13.82 5.6 0 1.8 NA NA 46.42
1983091 1983 04 01 167.05 13.5 3.7 0 1.6 NA NA 43.03
1983092 1983 04 02 151.39 12.6 3.7 0 2.7 NA NA 49.35
1983093 1983 04 03 246.55 9.1 -0.79 0 2.8 NA NA 24.82
1983094 1983 04 04 186.41 8.9 0.98 0 2.8 NA NA 37.6
1983095 1983 04 05 243.06 10.4 -1.01 0 1.9 NA NA 38.79
1983096 1983 04 06 148.15 14.3 4 0 1.9 NA NA 48.88
1983097 1983 04 07 142.36 15.8 4.5 0 1.1 NA NA 48.12
1983098 1983 04 08 226.85 16.4 3.9 0 2.6 NA NA 44.42
1983099 1983 04 09 55.96 12.2 7.3 10.8 4.58 NA NA 73.35
1983100 1983 04 10 89.51 13.86 6.2 12.79 3 NA NA 73.34
1983101 1983 04 11 186.94 12.4 3.3 0 1.2 NA NA 48.14
1983102 1983 04 12 99.54 10 1.06 2.4 0.85 NA NA 58.42
1983103 1983 04 13 46.29 9.24 1.5 2.5 0.6 NA NA 61.39
1983104 1983 04 14 201.88 12.4 3.5 0 1.7 NA NA 43.66
1983105 1983 04 15 262.01 14.36 3.6 0 1.3 NA NA 40.07
1983106 1983 04 16 111.29 11.2 4.47 4 1.2 NA NA 57.86
1983107 1983 04 17 133.1 10.1 2.6 0 2.6 NA NA 49.62
1983108 1983 04 18 129.63 9.86 1.5 1.4 2.4 NA NA 55.9
1983109 1983 04 19 96.06 9.76 3.7 2 2.7 NA NA 63.89
1983110 1983 04 20 167.82 12.3 2.39 3.4 1.5 NA NA 53.69
1983111 1983 04 21 120.04 10.6 5.5 1.2 1.9 NA NA 64.72
1983112 1983 04 22 137.73 7.2 4.1 0 1.2 NA NA 57.8
1983113 1983 04 23 122.56 9.3 4.3 7.7 1.7 NA NA 66.25
1983114 1983 04 24 268.52 13.01 3.3 3 0.4 NA NA 45.5
1983115 1983 04 25 71.76 9.8 7.7 39.76 1.6 NA NA 78.43
1983116 1983 04 26 57.94 11.29 8.5 12.96 1.2 NA NA 75.42
1983117 1983 04 27 91.44 9.8 6.98 5.1 2 NA NA 74.21
1983118 1983 04 28 91.44 9.52 6.2 2.4 1.7 NA NA 68
1983119 1983 04 29 165.09 12.6 4.22 0 1.1 NA NA 51.1
1983120 1983 04 30 294.09 16.8 2.8 0 1.3 NA NA 38.96
1983121 1983 05 01 168.98 14.9 5.6 1.2 1 NA NA 57.43
1983122 1983 05 02 296.31 17.6 3.29 0 0.7 NA NA 34.36
1983123 1983 05 03 239.58 18.4 2.45 0 0.3 NA NA 43.88
1983124 1983 05 04 213.76 18.5 8.73 0 0.7 NA NA 45.3
1983125 1983 05 05 293.98 18.8 6.11 0 1 NA NA 38.43
1983126 1983 05 06 255.79 17.7 3.9 0 0.7 NA NA 42.09
1983127 1983 05 07 197.84 18 7.5 0 1.3 NA NA 45.87
1983128 1983 05 08 241.75 18.4 8.3 0 1.1 NA NA 45.12
1983129 1983 05 09 219.92 18.4 7.3 0 1 NA NA 45.59
1983130 1983 05 10 217.59 19.24 8.08 1.9 0.8 NA NA 49.6
1983131 1983 05 11 91.41 13.8 9 11.14 1.7 NA NA 71.52
1983132 1983 05 12 198.9 13.7 5.5 1.49 2.9 NA NA 53.02
1983133 1983 05 13 219.91 6.34 2.84 2.9 4.84 NA NA 58.07
1983134 1983 05 14 147.97 9.45 5.4 1.1 5.03 NA NA 58.29
1983135 1983 05 15 260.46 12.07 3.52 0 2.3 NA NA 39.6
1983136 1983 05 16 211.63 13.16 3.9 0 1.8 NA NA 49.15
1983137 1983 05 17 237.82 14.57 5.59 0 1.2 NA NA 48.6
1983138 1983 05 18 197.87 13.06 5.4 2.2 0.9 NA NA 52.45
1983139 1983 05 19 139.19 11.49 7.2 13.15 1.7 NA NA 72.35
1983140 1983 05 20 134.26 13 8.44 3 1.7 NA NA 66.3
1983141 1983 05 21 174.59 13.92 7.79 8.61 1.7 NA NA 65.18
1983142 1983 05 22 230.32 17.9 9.04 1.1 0.3 NA NA 54.1
1983143 1983 05 23 247.69 20.5 8.5 0 1.4 NA NA 45.31
1983144 1983 05 24 138.1 19.3 10.4 5.31 1 NA NA 53.4
1983145 1983 05 25 141.24 22.5 13.77 12.29 0.3 NA NA 58.44
1983146 1983 05 26 222.22 22.7 13.15 1.2 1.2 NA NA 52.7
1983147 1983 05 27 162.45 22.33 12.5 3.64 1.7 NA NA 51.11
1983148 1983 05 28 120.9 22.2 10.6 7.58 0.84 NA NA 57.21
1983149 1983 05 29 262.73 23.24 9.5 0 -0.07 NA NA 47.45
1983150 1983 05 30 231.48 23 12.41 4.5 0.5 NA NA 51.71
1983151 1983 05 31 224.44 22.02 12.5 3.49 0.7 NA NA 54.37
1983152 1983 06 01 155.04 22.2 11.8 7.14 0.8 NA NA 56.13
1983153 1983 06 02 133.52 22.3 13.9 4.6 2.3 NA NA 56.88
1983154 1983 06 03 83.33 19.7 13.76 12.93 2.2 NA NA 67.75
1983155 1983 06 04 134.23 22.6 14.81 14.47 1.2 NA NA 60.03
1983156 1983 06 05 237.16 23.5 14.11 0 1 NA NA 52.86
1983157 1983 06 06 263.96 24 13.9 0 1.1 NA NA 49.94
1983158 1983 06 07 278.73 25.3 13.3 3 0.4 NA NA 50.06
1983159 1983 06 08 289.35 25.8 15.18 0 1 NA NA 46.9
1983160 1983 06 09 275.52 24.23 13.9 0 1.7 NA NA 42.66
1983161 1983 06 10 197.92 22.1 14.3 2.9 1.8 NA NA 56.42
1983162 1983 06 11 248.91 21.2 13.6 0 0.5 NA NA 55.41
1983163 1983 06 12 184.01 22.6 11.2 0 0.69 NA NA 47.11
1983164 1983 06 13 222.17 22.8 14.3 0 1.4 NA NA 52.31
1983165 1983 06 14 258.89 22.8 14.2 0 2.1 NA NA 52.26
1983166 1983 06 15 302.08 23.83 13.06 0 2.2 NA NA 44.09
1983167 1983 06 16 196.61 22 12 3.3 2.1 NA NA 49.61
1983168 1983 06 17 342.59 22.91 8.9 0 0.49 NA NA 37.94
1983169 1983 06 18 324.07 24 11.1 0 0.7 NA NA 37.35
1983170 1983 06 19 261.57 24.05 10.18 0 0.7 NA NA 42.7
1983171 1983 06 20 364.58 24.1 10.9 0 1.6 NA NA 37.92
1983172 1983 06 21 351.85 22.1 12.3 0 1.08 NA NA 34.1
1983173 1983 06 22 359.96 22.5 9.75 0 1.36 NA NA 24.71
1983174 1983 06 23 363.45 25.4 8.9 0 0.8 NA NA 22
1983175 1983 06 24 226.78 26.2 15.2 0 1.5 NA NA 28.51
1983176 1983 06 25 342.75 24.6 13.2 0 2.1 NA NA 33.35
1983177 1983 06 26 349.54 25.92 11.48 0 1.8 NA NA 21.02
1983178 1983 06 27 305.56 30.6 13.22 0 1.1 NA NA 18.5
1983179 1983 06 28 203.1 30.8 18.52 0 1.4 NA NA 21.9
1983180 1983 06 29 270.05 28.1 15.1 0 1.7 NA NA 25.73
1983181 1983 06 30 350.69 24.7 15.3 0 2.6 NA NA 25.67
1983182 1983 07 01 339.94 24.7 12 0 1.4 NA NA 23.26
1983183 1983 07 02 323.73 28.11 8.24 0 0.4 NA NA 18.3
1983184 1983 07 03 311.6 30.58 14.1 0 1.1 NA NA 16.45
1983185 1983 07 04 269.68 30.7 14.8 0 0.91 NA NA 17.88
1983186 1983 07 05 318.84 29.14 16.8 0 0.8 NA NA 18.49
1983187 1983 07 06 341.44 28.52 16.82 0 2.66 NA NA 14.98
1983188 1983 07 07 349.25 22.1 13.1 0 3 NA NA 22.75
1983189 1983 07 08 322.92 25.48 10.7 0 1.6 NA NA 16.88
1983190 1983 07 09 280.09 28.9 12.6 0 0.9 NA NA 17.45
1983191 1983 07 10 241.9 32.1 15.1 0 0.9 NA NA 15.52
1983192 1983 07 11 299.77 30.47 19.3 0 1.9 NA NA 19.67
1983193 1983 07 12 328.7 28.8 14.5 0 1.1 NA NA 13.58
1983194 1983 07 13 305.33 30.8 10.79 0 0.4 NA NA 15.1
1983195 1983 07 14 312.5 31.92 13.6 0 0.3 NA NA 13.4
1983196 1983 07 15 272.94 33.97 15.2 0 1.2 NA NA 12.3
1983197 1983 07 16 321.76 25.79 15.4 0 2.7 NA NA 16.6
1983198 1983 07 17 317.13 26 12.2 0 1 NA NA 14.8
1983199 1983 07 18 303.24 28.22 15.6 0 1 NA NA 17.3
1983200 1983 07 19 303.38 30.59 13.8 0 0.3 NA NA 16.1
1983201 1983 07 20 304.4 32.49 18.84 0 1.9 NA NA 14.54
1983202 1983 07 21 302.08 32.1 19.12 0 1.6 NA NA 14.8
1983203 1983 07 22 311.47 31.2 14.8 0 1.3 NA NA 13.59
1983204 1983 07 23 328.7 30.9 11.58 0 1.1 NA NA 10.15
1983205 1983 07 24 314.84 30.8 11.5 0 0.3 NA NA 9.8
1983206 1983 07 25 247.69 29.63 13.29 16.89 1.05 NA NA 15.81
1983207 1983 07 26 245.72 26.7 17.2 0 2.3 NA NA 24.66
1983208 1983 07 27 297.69 28.5 13.2 0 0.3 NA NA 17.33
1983209 1983 07 28 304.58 27.7 14.8 0 0.5 NA NA 16.6
1983210 1983 07 29 300.93 28 15.5 0 0.9 NA NA 21.2
1983211 1983 07 30 297.45 31.2 13.79 0 1 NA NA 15.41
1983212 1983 07 31 303.75 32.1 14.7 0 0.7 NA NA 12.25
1983213 1983 08 01 303.24 31.31 14.4 0 0.9 NA NA 13.09
1983214 1983 08 02 303.24 26.3 16.4 0 1.8 NA NA 27
1983215 1983 08 03 190.95 22.1 17.2 0 4.68 NA NA 56.54
1983216 1983 08 04 297.45 24.09 14.7 0 2.2 NA NA 22.33
1983217 1983 08 05 297.73 26.36 12.49 0 0.9 NA NA 15.3
1983218 1983 08 06 289.56 29.3 13.2 0 0.2 NA NA 15.7
1983219 1983 08 07 280.09 31 14.7 0 0.5 NA NA 13.93
1983220 1983 08 08 278.06 31.1 14.54 0 0.4 NA NA 14.04
1983221 1983 08 09 280.09 31.3 15 0 0.7 NA NA 11.93
1983222 1983 08 10 278.94 31.1 13.38 0 0.74 NA NA 12.7
1983223 1983 08 11 204.85 28.97 15.9 13.31 0.8 NA NA 26.2
1983224 1983 08 12 259.26 27.2 16.5 4.82 1.8 NA NA 41.57
1983225 1983 08 13 277.78 27 14.19 0 1.6 NA NA 21.32
1983226 1983 08 14 275.96 26.7 13.2 0 1.06 NA NA 18.5
1983227 1983 08 15 201.3 27.3 11.59 0 0.7 NA NA 22.6
1983228 1983 08 16 175.12 23.39 16.1 7.03 0.5 NA NA 54.97
1983229 1983 08 17 247.69 27.7 15.2 0 1.11 NA NA 31.99
1983230 1983 08 18 267.06 29.9 16.1 0 1.3 NA NA 18.45
1983231 1983 08 19 177.08 29.5 16 7.51 2 NA NA 22.22
1983232 1983 08 20 191.57 23 13.7 0 2.5 NA NA 42.44
1983233 1983 08 21 199.22 25.7 15.3 0 1.9 NA NA 36.83
1983234 1983 08 22 20.54 24.5 15.1 5.4 0.97 NA NA 47.58
1983235 1983 08 23 123.34 22.7 14 8.48 0.8 NA NA 56.01
1983236 1983 08 24 189.66 23.7 12.91 5.16 0.5 NA NA 48.72
1983237 1983 08 25 112.21 21.49 14.1 4.74 0.4 NA NA 59.21
1983238 1983 08 26 250 23 12.3 0 1.52 NA NA 28.8
1983239 1983 08 27 243.06 21.95 12.9 0 1.9 NA NA 37.87
1983240 1983 08 28 176.92 22.4 12 0 1.3 NA NA 38.43
1983241 1983 08 29 240.11 23.4 12.1 0 1.2 NA NA 35.3
1983242 1983 08 30 131.94 22.1 11.62 0 2.2 NA NA 41.2
1983243 1983 08 31 248.84 21.7 8.7 0 1.5 NA NA 21.4
1983244 1983 09 01 243.27 22.29 9.35 0 0.9 NA NA 25
1983245 1983 09 02 199.9 23 10.7 26.72 1.1 NA NA 29.8
1983246 1983 09 03 240.68 23.99 11.19 0 0.8 NA NA 27.58
1983247 1983 09 04 239.58 22.69 11.7 0 1.2 NA NA 25.73
1983248 1983 09 05 237.41 21.8 12.29 0 2.1 NA NA 27.8
1983249 1983 09 06 200.91 20.5 10.59 2.35 1.2 NA NA 32.81
1983250 1983 09 07 120.33 19.1 9.9 4.83 0.6 NA NA 52.32
1983251 1983 09 08 177.08 19.94 10.84 0 1.6 NA NA 45.7
1983252 1983 09 09 129.59 20.58 11.5 0 1.2 NA NA 43.99
1983253 1983 09 10 174.77 23.6 11.4 0 0.8 NA NA 29.51
1983254 1983 09 11 93.72 21.3 13.2 1.81 1.7 NA NA 53.03
1983255 1983 09 12 114.5 15.9 8.3 0 2.3 NA NA 49.5
1983256 1983 09 13 235.12 17.34 6.24 0 2.1 NA NA 25.63
1983257 1983 09 14 212.96 21.41 8.2 0 1.5 NA NA 26
1983258 1983 09 15 166.67 23.1 10.3 0 1 NA NA 30.19
1983259 1983 09 16 170.14 26.5 12.1 0 1.9 NA NA 26.4
1983260 1983 09 17 96.45 21.7 12.3 0 1.9 NA NA 39.52
1983261 1983 09 18 196.76 19.34 9.58 0 2.2 NA NA 27.04
1983262 1983 09 19 214.12 17.19 7.3 0 2.1 NA NA 25
1983263 1983 09 20 209.49 20.8 6.2 0 0.9 NA NA 20.11
1983264 1983 09 21 204.86 24.16 7.2 0 1.9 NA NA 22.7
1983265 1983 09 22 164.35 24.5 13.41 0 1.6 NA NA 28.36
1983266 1983 09 23 201.39 24.5 11.2 0 1.6 NA NA 23.18
1983267 1983 09 24 122.69 22.25 10.7 0 1.1 NA NA 31.73
1983268 1983 09 25 170.14 20.8 10.02 0 1.6 NA NA 27.21
1983269 1983 09 26 190.97 22.3 12.37 0 2.5 NA NA 24.9
1983270 1983 09 27 120.37 21.5 10.9 0 1.7 NA NA 29.94
1983271 1983 09 28 49.74 20.6 13.43 0 2.1 NA NA 61.53
1983272 1983 09 29 189.81 27.07 14.21 0 2.1 NA NA 26.3
1983273 1983 09 30 176.57 27.3 13.99 0 2.1 NA NA 22.58
1983274 1983 10 01 176.96 28.29 13.4 0 1 NA NA 22.73
1983275 1983 10 02 173.61 29.66 11.9 0 1.1 NA NA 18.88
1983276 1983 10 03 180.56 26.37 11.8 0 0.8 NA NA 19.96
1983277 1983 10 04 171.3 26.29 8.3 0 0.6 NA NA 21.6
1983278 1983 10 05 172.45 26.59 8.9 0 0.7 NA NA 21.38
1983279 1983 10 06 157.01 27.2 13.2 0 2.1 NA NA 23.5
1983280 1983 10 07 87.96 24.51 13.04 1.5 2.9 NA NA 28.9
1983281 1983 10 08 134.26 17.67 8.4 0 2 NA NA 31.9
1983282 1983 10 09 140.47 17.33 8.1 0 1.4 NA NA 31.63
1983283 1983 10 10 156.25 18.13 11.39 0 3 NA NA 37.49
1983284 1983 10 11 140.6 15.75 7.3 0 2.4 NA NA 31.38
1983285 1983 10 12 77.55 16 7.1 0 2 NA NA 37.75
1983286 1983 10 13 105.35 15.65 7.4 0 1.7 NA NA 32.47
1983287 1983 10 14 61.07 11.1 8.3 0 1.3 NA NA 44.09
1983288 1983 10 15 155.09 13.55 5.08 0 1.3 NA NA 27.94
1983289 1983 10 16 24.85 14.5 6.1 0 2.6 NA NA 55.2
1983290 1983 10 17 55.22 18.7 12.53 4.1 2.5 NA NA 59.1
1983291 1983 10 18 157.41 24.63 12.63 0 2.2 NA NA 31.11
1983292 1983 10 19 128.47 24.15 13.2 4.6 2.3 NA NA 36.06
1983293 1983 10 20 49.49 18.71 11.24 2.23 2.3 NA NA 67.7
1983294 1983 10 21 39.15 13.85 6.9 8.28 1.6 NA NA 76.41
1983295 1983 10 22 45.5 11.2 6 10.92 0.9 NA NA 79.19
1983296 1983 10 23 20.25 11.4 10.3 11.93 1.9 NA NA 84.97
1983297 1983 10 24 59.03 16.34 8.6 0 1.3 NA NA 63.44
1983298 1983 10 25 121.53 16.2 7.7 0 1 NA NA 51.14
1983299 1983 10 26 17.74 11.07 7.7 2.9 2 NA NA 74.76
1983300 1983 10 27 16.81 6.24 5.87 8.62 1.9 NA NA 80.19
1983301 1983 10 28 112.27 10.29 4.34 0 1.6 NA NA 46.69
1983302 1983 10 29 31.74 11.26 7.21 4.9 2 NA NA 74.37
1983303 1983 10 30 81.02 11.3 5.94 2.4 1.6 NA NA 59.44
1983304 1983 10 31 67.13 10.6 5.02 0 1.2 NA NA 51.28
1983305 1983 11 01 32.35 11.17 4.4 1.5 1.8 NA NA 64.95
1983306 1983 11 02 130.9 10.79 3.1 0 1.5 NA NA 39.06
1983307 1983 11 03 48.61 11.6 4.35 0 1.8 NA NA 50.51
1983308 1983 11 04 122.69 9.8 1.6 0 1.5 NA NA 34.53
1983309 1983 11 05 131.94 11.67 2.19 0 1.6 NA NA 31.94
1983310 1983 11 06 116.17 11.4 2.63 0 1.3 NA NA 42.33
1983311 1983 11 07 114.58 11.75 3.02 0 1.1 NA NA 45.76
1983312 1983 11 08 105.32 11.42 1.96 0 1 NA NA 44.5
1983313 1983 11 09 106.48 10.68 1.3 0 0.9 NA NA 44.46
1983314 1983 11 10 113.75 9.9 0.74 0 1.2 NA NA 40.5
1983315 1983 11 11 102.57 9.57 1.3 0 1.9 NA NA 48.4
1983316 1983 11 12 47.41 8.5 3 0 3.1 NA NA 59.4
1983317 1983 11 13 65.97 5.99 0.8 0 2.6 NA NA 47.1
1983318 1983 11 14 109.95 2.5 -3.72 0 2.2 NA NA 33.99
1983319 1983 11 15 104.17 4.8 -4.42 0 1.5 NA NA 25.7
1983320 1983 11 16 40.14 5.9 0.4 0 2.81 NA NA 73.71
1983321 1983 11 17 105.48 2.77 -2.71 0 2.2 NA NA 44.94
1983322 1983 11 18 98.63 0.2 -4.7 0 1.9 NA NA 40.37
1983323 1983 11 19 100.28 0 -5.86 0 1.2 NA NA 42.88
1983324 1983 11 20 99.54 1.77 -5.91 0 0.8 NA NA 52.21
1983325 1983 11 21 109.95 1.9 -5 0 0.9 NA NA 60.76
1983326 1983 11 22 101.85 0 -5.1 0 2.2 NA NA 44.5
1983327 1983 11 23 81.02 -0.7 -5.3 0 2.2 NA NA 46.42
1983328 1983 11 24 99.54 -0.7 -6.54 0 0.7 NA NA 40.56
1983329 1983 11 25 106.69 2.26 -6.61 0 1.7 NA NA 43.69
1983330 1983 11 26 68.78 8.5 -1.2 1.2 3.6 NA NA 60.13
1983331 1983 11 27 46.07 10.1 4.2 15.38 2.27 NA NA 76.77
1983332 1983 11 28 59.55 8.37 0.7 0 1.9 NA NA 58.95
1983333 1983 11 29 73.56 -0.9 -8.12 0 3.2 NA NA 33.29
1983334 1983 11 30 103.01 -5.03 -9.6 0 1.3 NA NA 25.83
1983335 1983 12 01 103.01 -1.5 -10.98 2 0.8 NA NA 31.46
1983336 1983 12 02 15.05 0.09 -3.9 42.43 2.7 NA NA 86.19
1983337 1983 12 03 31.25 1.7 0.8 14.33 2.3 NA NA 93.96
1983338 1983 12 04 8.1 1.7 0 5.76 2.7 NA NA 92.87
1983339 1983 12 05 10.37 1.4 -0.3 1.1 2 NA NA 90.43
1983340 1983 12 06 19.68 2.1 0.2 5.44 1.9 NA NA 87.18
1983341 1983 12 07 16.17 1.58 -0.3 5.8 2 NA NA 87.77
1983342 1983 12 08 68.29 2.75 -0.8 0 1.7 NA NA 68
1983343 1983 12 09 46.3 2.3 -2.49 0 1.01 NA NA 75.14
1983344 1983 12 10 37.74 3.2 -2.7 0 0.6 NA NA 73.3
1983345 1983 12 11 82.18 2.37 -3.92 0 2 NA NA 36.68
1983346 1983 12 12 75.23 4.39 -2.5 0 2.3 NA NA 30.58
1983347 1983 12 13 81.02 5.7 -2.4 0 1.6 NA NA 33.01
1983348 1983 12 14 89.35 4 -3.3 0 1.6 NA NA 41.51
1983349 1983 12 15 60.09 6.11 -1.5 0 2.5 NA NA 61.4
1983350 1983 12 16 48.61 8.39 0.82 2.2 2.7 NA NA 66.73
1983351 1983 12 17 45.14 0.29 -3.1 12.54 2.1 NA NA 76.31
1983352 1983 12 18 40.51 -0.8 -7.7 6 2.5 NA NA 79.11
1983353 1983 12 19 46.29 -6.48 -12.27 2.5 4.43 NA NA 75.24
1983354 1983 12 20 106.48 -6.12 -13.08 0 4.3 NA NA 68.03
1983355 1983 12 21 85.81 -6.36 -16.51 0 3 NA NA 64.1
1983356 1983 12 22 103.01 -12.3 -18.79 0 2 NA NA 50.5
1983357 1983 12 23 89.12 -7.21 -15.6 0 2.3 NA NA 40.5
1983358 1983 12 24 89.12 -4.79 -11.34 0 2.4 NA NA 60.64
1983359 1983 12 25 92.59 -5.56 -11.9 0 2 NA NA 74.4
1983360 1983 12 26 80.12 -6.17 -15.02 0 1.38 NA NA 74.3
1983361 1983 12 27 75.23 -6.43 -15.6 0 0.3 NA NA 72.1
1983362 1983 12 28 81.02 -4.01 -11.31 0 1.8 NA NA 74.31
1983363 1983 12 29 119.38 -1.7 -8.22 0 1.6 NA NA 74.8
1983364 1983 12 30 62.4 -2.01 -7.57 4.9 0.9 NA NA 88.03
1983365 1983 12 31 106.49 -3.71 -13.7 0 2.4 NA NA 63.37
1984001 1984 01 01 70.6 -1.31 -11.51 1.6 1.5 NA NA 74.2
1984002 1984 01 02 75.83 0.03 -8.5 2.21 2.4 NA NA 78.15
1984003 1984 01 03 82.66 -2.7 -10.75 0 2.3 NA NA 66.1
1984004 1984 01 04 68.29 -4.7 -9.8 0 3.6 NA NA 72.62
1984005 1984 01 05 105.32 -3.08 -10.76 0 3.3 NA NA 63.75
1984006 1984 01 06 81.02 0.9 -2.2 0 3.5 NA NA 79.16
1984007 1984 01 07 81.02 1.71 -2.5 0 2.6 NA NA 78.6
1984008 1984 01 08 96.06 -1.1 -6.37 0 3.4 NA NA 68.01
1984009 1984 01 09 69.44 -2 -8.3 0 3.1 NA NA 69.29
1984010 1984 01 10 81.02 0.6 -5.46 0 2.9 NA NA 74.3
1984011 1984 01 11 97.22 0.9 -7.82 0 1.68 NA NA 65.3
1984012 1984 01 12 81.02 1.6 -5.28 0 2.11 NA NA 69.3
1984013 1984 01 13 51.08 0.96 -3.79 0 1.1 NA NA 79.67
1984014 1984 01 14 63.66 2.21 -4.7 0 1.8 NA NA 76.5
1984015 1984 01 15 97.22 1.6 -2.15 0 3.1 NA NA 67.21
1984016 1984 01 16 45.14 3.7 -1.69 0 3.2 NA NA 71.81
1984017 1984 01 17 111.11 -0.09 -3.3 0 3.4 NA NA 46.88
1984018 1984 01 18 83.12 -2.6 -7.29 0 3.5 NA NA 56.24
1984019 1984 01 19 106.48 0.3 -8.14 0 3.1 NA NA 58.45
1984020 1984 01 20 65.8 -1.6 -5.82 0 4.38 NA NA 60.29
1984021 1984 01 21 65.91 -3.87 -8.08 0 4.4 NA NA 58.48
1984022 1984 01 22 107.64 -3.4 -9.8 0 3.6 NA NA 52.09
1984023 1984 01 23 65.97 1.6 -3.1 0 3.71 NA NA 68.4
1984024 1984 01 24 108.02 -2.4 -7.8 0 4.4 NA NA 54.16
1984025 1984 01 25 109.95 -2.6 -9 0 3.1 NA NA 40.13
1984026 1984 01 26 108.63 1.6 -5.4 0 2.2 NA NA 59.78
1984027 1984 01 27 115.74 2.5 -5.1 0 2 NA NA 57.84
1984028 1984 01 28 107.64 2.2 -4.8 0 1.7 NA NA 63.04
1984029 1984 01 29 57.87 3.3 -2.89 0 1.9 NA NA 68.8
1984030 1984 01 30 119.21 0.6 -5.32 0 2.12 NA NA 56.3
1984031 1984 01 31 127.31 2.71 -5.5 0 1.6 NA NA 45.13
1984032 1984 02 01 123.84 1.5 -6.73 1.2 2 NA NA 59.14
1984033 1984 02 02 94.91 -2.9 -8 3 4.1 NA NA 54.63
1984034 1984 02 03 124.88 -3.97 -10.29 0 3.4 NA NA 49.4
1984035 1984 02 04 77.55 1.1 -10.21 0 2.1 NA NA 48.72
1984036 1984 02 05 121.53 1.6 -8.8 0 0.8 NA NA 52.89
1984037 1984 02 06 123.84 1.8 -7.8 0 0.7 NA NA 56.47
1984038 1984 02 07 123.84 1.98 -7.4 0 0.7 NA NA 58.18
1984039 1984 02 08 127.31 2.78 -7.3 0 1.2 NA NA 53.71
1984040 1984 02 09 103.48 2.6 -6 0 2.2 NA NA 61.42
1984041 1984 02 10 93.18 2.6 -4.5 0 2.3 NA NA 65.26
1984042 1984 02 11 134.26 1.2 -6.11 0 2 NA NA 50.35
1984043 1984 02 12 136.57 0.88 -7.4 0 1.7 NA NA 48.82
1984044 1984 02 13 121.02 1.16 -7.01 0 1.3 NA NA 56.7
1984045 1984 02 14 126.59 0.7 -6.7 0 1.5 NA NA 57.32
1984046 1984 02 15 69.99 -1.93 -5.5 17.79 3.4 NA NA 72.92
1984047 1984 02 16 53.54 -0.86 -6 11.68 3.8 NA NA 77.76
1984048 1984 02 17 73.19 -0.4 -9.79 0 0.5 NA NA 77.99
1984049 1984 02 18 148.15 1.6 -12.4 0 1.6 NA NA 46.89
1984050 1984 02 19 93.75 2.6 -2 3.5 3 NA NA 85.41
1984051 1984 02 20 52.05 2.16 -0.3 1.1 3.6 NA NA 83.15
1984052 1984 02 21 85.94 2.9 -0.5 1.78 2.6 NA NA 79.24
1984053 1984 02 22 50.93 0.6 -1.09 16.86 1.6 NA NA 89.33
1984054 1984 02 23 84.37 2.6 -1.4 2.2 1.8 NA NA 82.3
1984055 1984 02 24 154.29 -0.3 -7 0 3 NA NA 58.28
1984056 1984 02 25 165.51 0.29 -7.3 0 1.6 NA NA 46.46
1984057 1984 02 26 71.01 0.2 -5.67 2.2 0.7 NA NA 76.51
1984058 1984 02 27 127.31 2.22 -0.6 3.5 1.21 NA NA 82.17
1984059 1984 02 28 56.81 1.63 -5.4 1.8 0.7 NA NA 79.82
1984060 1984 02 29 0 0 0 0 0 NA NA 0
1984061 1984 03 01 113.24 4.38 -4.5 0 0.8 NA NA 64.6
1984062 1984 03 02 174.35 5.7 -1.6 1.5 2.3 NA NA 60.38
1984063 1984 03 03 42.81 5 0.41 3.35 2.17 NA NA 76.2
1984064 1984 03 04 171.3 12 -0.7 0 0.6 NA NA 50.4
1984065 1984 03 05 185.19 13.88 -0.3 0 0.7 NA NA 44.3
1984066 1984 03 06 187.5 14.45 -0.7 0 0.9 NA NA 40.48
1984067 1984 03 07 195.6 15.8 -0.4 0 0.9 NA NA 37.21
1984068 1984 03 08 202.44 16.11 -0.71 0 1.1 NA NA 34.99
1984069 1984 03 09 180.32 16.99 -0.3 0 1 NA NA 34.15
1984070 1984 03 10 150.81 17.01 0.3 0 1 NA NA 39.1
1984071 1984 03 11 212.96 18.57 2.6 0 2.2 NA NA 38.5
1984072 1984 03 12 141.2 17.1 2.46 0 2.5 NA NA 45.78
1984073 1984 03 13 122.37 10.71 0.8 0 1 NA NA 49.93
1984074 1984 03 14 134.76 9.4 1.2 2.09 1.4 NA NA 51.23
1984075 1984 03 15 172.49 8.36 0.9 0 1.4 NA NA 51.3
1984076 1984 03 16 194.44 10.6 0 0 1.4 NA NA 43.37
1984077 1984 03 17 170.14 10.28 1.53 11.22 3.3 NA NA 42.55
1984078 1984 03 18 161.63 11 0.45 0 2.7 NA NA 40.67
1984079 1984 03 19 131.94 16 2.9 0 1.7 NA NA 48.91
1984080 1984 03 20 195.6 18.21 2.9 0 1.6 NA NA 38.67
1984081 1984 03 21 212.96 18.8 4.2 0 1 NA NA 40.7
1984082 1984 03 22 234.95 18.7 3.1 0 1.2 NA NA 40.69
1984083 1984 03 23 222.22 17.5 6.7 0 2.3 NA NA 52.75
1984084 1984 03 24 145.83 15.8 6.67 10.37 3 NA NA 59.7
1984085 1984 03 25 108.8 10.8 3.7 0 1.9 NA NA 63.61
1984086 1984 03 26 143.35 13.17 3.2 1.1 1.2 NA NA 50.8
1984087 1984 03 27 70.6 12 3.6 0 2.6 NA NA 56.41
1984088 1984 03 28 230.32 11.8 -0.23 0 1.2 NA NA 40.37
1984089 1984 03 29 236.09 11.1 -2.65 0 0.3 NA NA 37.48
1984090 1984 03 30 196.79 13.5 1 0 0.6 NA NA 42.61
1984091 1984 03 31 226.03 13.8 2.4 0 1.4 NA NA 40.65
1984092 1984 04 01 124.85 9.6 0.9 5.01 1.6 NA NA 64.6
1984093 1984 04 02 77.03 8.2 2.7 2.3 2.7 NA NA 61.7
1984094 1984 04 03 162.83 9.2 0.5 2.2 2.5 NA NA 53.1
1984095 1984 04 04 105.17 9 4.02 6.46 2.9 NA NA 61.6
1984096 1984 04 05 85.37 9.2 4.6 3.81 2.35 NA NA 70.01
1984097 1984 04 06 49.11 9.09 5.4 7.31 2 NA NA 77
1984098 1984 04 07 128.47 12.93 6.1 1.7 0.3 NA NA 62.28
1984099 1984 04 08 91.06 12.6 4.8 2 1.6 NA NA 61.7
1984100 1984 04 09 71.72 9.9 3.06 6.6 2.4 NA NA 59.91
1984101 1984 04 10 94.55 10.58 1.7 5.1 1.4 NA NA 58.29
1984102 1984 04 11 123.75 11.19 3.3 0 1.9 NA NA 49.26
1984103 1984 04 12 143.12 8.89 3.09 18.1 1.14 NA NA 62.4
1984104 1984 04 13 171.3 8.71 0.29 4.6 2.3 NA NA 49.5
1984105 1984 04 14 229.17 8.8 0.52 4.28 2.2 NA NA 41.7
1984106 1984 04 15 180.47 8.8 -2.2 1.1 0.8 NA NA 43.7
1984107 1984 04 16 239.58 13.7 0.99 0 1.5 NA NA 40.9
1984108 1984 04 17 205.23 17.4 6.4 2.4 4 NA NA 45.9
1984109 1984 04 18 212.96 14.5 4.7 0 2.7 NA NA 44.6
1984110 1984 04 19 209.49 12.2 4.3 0 1.5 NA NA 46.5
1984111 1984 04 20 285.99 13.6 3.7 0 1.9 NA NA 40.36
1984112 1984 04 21 195.8 13.6 4 0 1.9 NA NA 43.7
1984113 1984 04 22 227.79 16.38 4.43 0 1.6 NA NA 41.42
1984114 1984 04 23 295.93 19.9 7.7 0 1.7 NA NA 36.08
1984115 1984 04 24 289.35 20.3 7.2 0 1.9 NA NA 29.06
1984116 1984 04 25 287.04 20.6 7.2 0 1.7 NA NA 36.4
1984117 1984 04 26 174.06 20.91 5.83 0 1.1 NA NA 35.49
1984118 1984 04 27 214.92 21.99 12.14 0 3.3 NA NA 35.55
1984119 1984 04 28 221.55 17.6 8.1 0 2 NA NA 44.35
1984120 1984 04 29 291.67 19.4 6.6 0 1.4 NA NA 35.09
1984121 1984 04 30 271.62 22.75 7.5 0 1.4 NA NA 28.2
1984122 1984 05 01 310.21 21.1 8.87 0 1 NA NA 37.72
1984123 1984 05 02 302.08 20.82 7.7 0 1 NA NA 31.51
1984124 1984 05 03 232.64 19.4 7.7 0 1.7 NA NA 41.56
1984125 1984 05 04 302.16 20.2 4.47 0 1 NA NA 25.94
1984126 1984 05 05 188.33 20.34 9 0 1.6 NA NA 42
1984127 1984 05 06 141.2 16.1 8.9 23.96 2.2 NA NA 71.55
1984128 1984 05 07 144.99 17.97 13.27 47.13 1.4 NA NA 73.71
1984129 1984 05 08 297.45 18.7 9.29 0 0.7 NA NA 45.93
1984130 1984 05 09 240.74 20.5 6.7 0 1.1 NA NA 42.54
1984131 1984 05 10 181.96 20.1 11.1 1.2 0.8 NA NA 46.3
1984132 1984 05 11 77.88 14.61 10.73 10.02 0.7 NA NA 74.38
1984133 1984 05 12 256.92 18 8.6 0 1.64 NA NA 47.72
1984134 1984 05 13 202.63 19.5 6.78 4.5 0.9 NA NA 48.48
1984135 1984 05 14 60.99 13.8 11.5 18.68 1.3 NA NA 76.94
1984136 1984 05 15 248.84 19.5 11.2 3.3 1.5 NA NA 49.76
1984137 1984 05 16 268.52 19.47 9.5 0 1.5 NA NA 45.2
1984138 1984 05 17 232.64 20.89 11.7 0 2.2 NA NA 49.01
1984139 1984 05 18 200.32 21 11.8 0 1.4 NA NA 50.94
1984140 1984 05 19 277.96 23.2 10.8 22.25 0.4 NA NA 46.1
1984141 1984 05 20 297.45 23.3 12.52 0 1 NA NA 43.68
1984142 1984 05 21 297.45 22.72 11.8 0 1.6 NA NA 42.3
1984143 1984 05 22 293.98 23.4 11.21 0 1.2 NA NA 38.7
1984144 1984 05 23 263.89 23.95 12.4 0 1.5 NA NA 41.87
1984145 1984 05 24 185.19 23.91 12.3 4.1 0.6 NA NA 50.6
1984146 1984 05 25 289.35 24.45 10.2 0 0.4 NA NA 40.4
1984147 1984 05 26 302.08 25.09 9.88 0 0.3 NA NA 36.4
1984148 1984 05 27 292.82 25.31 9.6 0 0.4 NA NA 33.44
1984149 1984 05 28 290.51 25.61 10.2 0 0.7 NA NA 33.19
1984150 1984 05 29 302.08 24.84 10.1 0 1.1 NA NA 32.42
1984151 1984 05 30 296.55 24.8 10.3 0 1 NA NA 33.9
1984152 1984 05 31 310.57 24.5 7.89 0 0.5 NA NA 28.22
1984153 1984 06 01 328.7 24.5 7.7 0 0.5 NA NA 26.34
1984154 1984 06 02 312.44 24.7 6.8 0 0.3 NA NA 27.22
1984155 1984 06 03 274.66 23.5 8.5 0 0.5 NA NA 34.3
1984156 1984 06 04 175.79 23.8 13.8 9.74 0.9 NA NA 48.82
1984157 1984 06 05 247.69 24.3 13.9 2.55 2.2 NA NA 34.85
1984158 1984 06 06 310.19 25.2 11.7 0 1 NA NA 28.08
1984159 1984 06 07 312.2 25.6 9.59 0 0.6 NA NA 24.58
1984160 1984 06 08 329.14 25.5 8.98 0 1.2 NA NA 23.18
1984161 1984 06 09 342.59 25.9 12.43 0 2 NA NA 23.1
1984162 1984 06 10 248.21 27 14.9 3 1.8 NA NA 29.01
1984163 1984 06 11 291.67 25.87 15.18 0 2 NA NA 30.89
1984164 1984 06 12 240.74 25.61 13.5 6.38 1 NA NA 37.5
1984165 1984 06 13 341.46 26.91 13.81 0 1.6 NA NA 30.4
1984166 1984 06 14 259.26 24.9 15 0 1.3 NA NA 39.41
1984167 1984 06 15 229.93 24.7 15.7 6.41 2 NA NA 43.16
1984168 1984 06 16 256.7 24.6 14.4 2.3 0.8 NA NA 39.26
1984169 1984 06 17 141.68 21.1 13.7 22.58 1.3 NA NA 58.72
1984170 1984 06 18 285.88 21.76 12.02 0 2.1 NA NA 41.24
1984171 1984 06 19 233.17 21.3 11.2 0 1.4 NA NA 44.36
1984172 1984 06 20 234.84 21.8 10.8 0 0.7 NA NA 42.8
1984173 1984 06 21 277.78 25.9 10.4 0 1.2 NA NA 25.84
1984174 1984 06 22 258.69 23.3 14.81 2.2 3.2 NA NA 40.17
1984175 1984 06 23 314.81 24.5 12.8 0 1.55 NA NA 33.26
1984176 1984 06 24 289.35 27.92 11.8 0 2.1 NA NA 24.74
1984177 1984 06 25 249.93 26.25 13.5 0 1.9 NA NA 32.42
1984178 1984 06 26 356.52 25.4 11.87 0 2.1 NA NA 18.62
1984179 1984 06 27 344.96 25.4 13.2 0 1.4 NA NA 20
1984180 1984 06 28 274.24 27.78 9.85 0 1 NA NA 18.28
1984181 1984 06 29 272.73 24.9 14.7 2.2 1.7 NA NA 29.79
1984182 1984 06 30 269.68 22.4 12.9 3.81 1.9 NA NA 24.7
1984183 1984 07 01 334.49 25.6 8.17 0 0.6 NA NA 16.3
1984184 1984 07 02 334.49 27.82 9.08 0 1.1 NA NA 17.22
1984185 1984 07 03 354.22 25.5 15.09 0 2 NA NA 21.9
1984186 1984 07 04 297.45 22.6 13.87 0 3.26 NA NA 27.53
1984187 1984 07 05 342.95 22.9 11.4 0 2.7 NA NA 20
1984188 1984 07 06 327.55 24.69 12.56 0 2.12 NA NA 23.31
1984189 1984 07 07 315.34 28.4 12.3 0 1.08 NA NA 16.28
1984190 1984 07 08 247.69 30.6 15.4 0 2.1 NA NA 18.67
1984191 1984 07 09 314.81 30.5 17.4 0 2.3 NA NA 18.84
1984192 1984 07 10 320.67 32.8 15.3 0 0.8 NA NA 10.27
1984193 1984 07 11 316.35 38.39 17.44 0 1.3 NA NA 11.2
1984194 1984 07 12 318.87 33.85 18.5 0 2.8 NA NA 12.43
1984195 1984 07 13 341.46 28.9 15.6 0 2.5 NA NA 9.1
1984196 1984 07 14 318.29 31.7 14.7 0 0.7 NA NA 11.3
1984197 1984 07 15 176.77 32.86 18.6 0 2.1 NA NA 13.01
1984198 1984 07 16 305.56 30 17 0 2.1 NA NA 18.07
1984199 1984 07 17 325.94 27.4 16.18 0 2.2 NA NA 12.89
1984200 1984 07 18 318.29 29.3 14.8 0 1.8 NA NA 12.49
1984201 1984 07 19 305.56 29.7 15 0 2.3 NA NA 16.4
1984202 1984 07 20 312.24 23.1 14 0 3 NA NA 23.45
1984203 1984 07 21 314.81 26.4 12.6 0 1.1 NA NA 16.14
1984204 1984 07 22 309.03 29.2 15.1 0 2.1 NA NA 17.7
1984205 1984 07 23 305.56 28.6 14.7 0 1.1 NA NA 21
1984206 1984 07 24 299.77 32.2 14.8 0 1.3 NA NA 14.09
1984207 1984 07 25 306.71 29.1 17.8 0 2.3 NA NA 22.36
1984208 1984 07 26 307.14 26.7 16.8 0 2.4 NA NA 16.88
1984209 1984 07 27 309.03 27.3 13.2 0 0.8 NA NA 12.2
1984210 1984 07 28 303.24 28.71 13.2 0 1 NA NA 15.64
1984211 1984 07 29 304.49 29.58 14.1 0 1 NA NA 14.2
1984212 1984 07 30 304.56 30.9 13.94 0 0.3 NA NA 11.66
1984213 1984 07 31 303.24 31.1 16.4 0 0.7 NA NA 12.29
1984214 1984 08 01 303.24 32 15.07 0 0.6 NA NA 11.59
1984215 1984 08 02 299.77 32.71 14.7 0 0.6 NA NA 11.2
1984216 1984 08 03 302.08 33.8 16.7 0 1.5 NA NA 10.3
1984217 1984 08 04 290.51 31 20.6 0 2.2 NA NA 15.09
1984218 1984 08 05 291.67 30.3 17 0 1.1 NA NA 10.97
1984219 1984 08 06 289.63 30.6 15.1 0 0.8 NA NA 15
1984220 1984 08 07 291.67 30.62 14.4 0 0.8 NA NA 9.38
1984221 1984 08 08 291.67 31.3 12.89 0 0.6 NA NA 7.5
1984222 1984 08 09 289.35 31.11 12.3 0 0.9 NA NA 9.3
1984223 1984 08 10 290.51 31.65 12.8 0 0.9 NA NA 10.02
1984224 1984 08 11 100.41 28.1 15.4 1.47 0.2 NA NA 25.28
1984225 1984 08 12 133.22 24.94 14.6 4.31 0.7 NA NA 56.43
1984226 1984 08 13 247.69 27.6 14.6 0 1.2 NA NA 35.61
1984227 1984 08 14 256.94 29.1 16.2 0 2.2 NA NA 25.23
1984228 1984 08 15 259.26 30.9 17.6 0 1.4 NA NA 19.7
1984229 1984 08 16 241.9 31.9 19.2 0 0.8 NA NA 15.5
1984230 1984 08 17 155.09 29.27 17.7 3.3 1.3 NA NA 38.94
1984231 1984 08 18 201.39 29.8 16.1 1.4 1.1 NA NA 31.41
1984232 1984 08 19 162.02 28.6 16.8 6.52 1.4 NA NA 42.9
1984233 1984 08 20 236.03 29.2 16.7 0 1.9 NA NA 27.15
1984234 1984 08 21 244.21 29.4 16.7 0 2.7 NA NA 20.16
1984235 1984 08 22 258.1 27.74 16.5 0 2.7 NA NA 15.4
1984236 1984 08 23 246.53 27.6 14.9 0 2.3 NA NA 13
1984237 1984 08 24 131.94 24.7 13.7 1.4 0.9 NA NA 27.08
1984238 1984 08 25 253.47 27.6 12.31 0 1.2 NA NA 16.53
1984239 1984 08 26 252.31 30.1 14.42 0 1.2 NA NA 9.58
1984240 1984 08 27 251.7 31.4 15.1 0 0.9 NA NA 7.44
1984241 1984 08 28 247.69 31.14 12.11 0 0.6 NA NA 11
1984242 1984 08 29 105.65 26.6 16.8 4.1 0.4 NA NA 37.04
1984243 1984 08 30 241.9 27.8 14.5 0 0.87 NA NA 23.78
1984244 1984 08 31 238.58 28.2 15 0 1.1 NA NA 21.92
1984245 1984 09 01 239.58 30.1 13.7 0 0.8 NA NA 15.04
1984246 1984 09 02 234.95 31.3 16.4 0 1.6 NA NA 14.4
1984247 1984 09 03 241.9 29.18 15.6 0 1.1 NA NA 16.3
1984248 1984 09 04 240.74 29.19 15.53 0 1.5 NA NA 15.78
1984249 1984 09 05 234.95 27.7 15 0 1.9 NA NA 21.6
1984250 1984 09 06 154.92 25.7 15.41 0 2.2 NA NA 29.67
1984251 1984 09 07 193.22 26.8 15.1 0 1.6 NA NA 26
1984252 1984 09 08 187.5 25.2 15.99 0 0.4 NA NA 24.62
1984253 1984 09 09 7.18 19.8 16.8 0 0.6 NA NA 28.81
1984254 1984 09 10 248.97 23.6 12.1 0 1.1 NA NA 16.76
1984255 1984 09 11 229.17 23.93 9.53 0 0.6 NA NA 16.88
1984256 1984 09 12 179.23 22.48 12 0 1.8 NA NA 21.36
1984257 1984 09 13 82.22 18.79 12.93 0 1.8 NA NA 22
1984258 1984 09 14 229.17 20.4 8.44 0 1.9 NA NA 12.46
1984259 1984 09 15 224.54 20.65 4.41 0 1 NA NA 13.3
1984260 1984 09 16 218.75 22.12 4.35 0 0.9 NA NA 15.7
1984261 1984 09 17 214.12 22.3 5.2 0 0.9 NA NA 18.89
1984262 1984 09 18 214.12 22.3 6.2 0 1.2 NA NA 18.8
1984263 1984 09 19 212.96 21.72 7.4 0 1.6 NA NA 20.89
1984264 1984 09 20 243.06 21.3 7 0 1.1 NA NA 21.19
1984265 1984 09 21 208.33 22.03 6.32 0 0.41 NA NA 19.3
1984266 1984 09 22 213.13 24.61 9.7 0 0.6 NA NA 15.84
1984267 1984 09 23 97.13 23.79 12.9 0 0.6 NA NA 19.26
1984268 1984 09 24 136.57 24.2 10.31 0 1.1 NA NA 27.63
1984269 1984 09 25 193.29 25.1 13.5 0 2 NA NA 21.91
1984270 1984 09 26 108.66 21.9 10 5.1 1.9 NA NA 33.3
1984271 1984 09 27 122.47 15.9 10 0 2.2 NA NA 38.97
1984272 1984 09 28 106.6 13.85 7.98 0 1.5 NA NA 52.18
1984273 1984 09 29 180.56 16.43 6.2 0 1.6 NA NA 30.07
1984274 1984 09 30 178.24 19.8 9.6 0 1.9 NA NA 26.84
1984275 1984 10 01 181.91 20.26 8.2 0 1.38 NA NA 24.15
1984276 1984 10 02 180.56 20.7 7.82 0 1 NA NA 21.6
1984277 1984 10 03 177.97 21.7 7.7 0 0.6 NA NA 19.89
1984278 1984 10 04 175.93 22.25 7.8 0 0.6 NA NA 17.5
1984279 1984 10 05 187.58 22.9 6.67 0 0.3 NA NA 17.4
1984280 1984 10 06 165.51 21 9.7 0 1.9 NA NA 26.4
1984281 1984 10 07 87.96 17.79 8 0 1.5 NA NA 38.75
1984282 1984 10 08 167.65 11.06 5.8 0 4.55 NA NA 34.01
1984283 1984 10 09 148.15 10 4.33 0 4.98 NA NA 25.9
1984284 1984 10 10 156.4 9.99 2.73 0 2.8 NA NA 26.1
1984285 1984 10 11 168.98 9.9 0.9 0 2 NA NA 21.5
1984286 1984 10 12 173.61 11.1 -1.9 0 1 NA NA 19.94
1984287 1984 10 13 39.34 9.39 1 9.16 1 NA NA 63.2
1984288 1984 10 14 27.62 13.6 9.5 2.4 0.7 NA NA 67.15
1984289 1984 10 15 140.05 18.99 7.6 0 0.6 NA NA 35.87
1984290 1984 10 16 148.15 19.3 4.3 0 0.3 NA NA 29.1
1984291 1984 10 17 148.15 19.9 6.4 0 0.7 NA NA 26.8
1984292 1984 10 18 157.41 19.6 6.5 0 0.8 NA NA 27.44
1984293 1984 10 19 130.79 19.31 6.98 0 0.9 NA NA 31.86
1984294 1984 10 20 27.78 14.54 7.7 37.66 1.5 NA NA 66.05
1984295 1984 10 21 92.44 11.1 7.9 1.15 1.5 NA NA 62.98
1984296 1984 10 22 114.58 9.64 4.28 1.8 3.1 NA NA 50.01
1984297 1984 10 23 145.83 6.06 0.68 0 1.2 NA NA 37.85
1984298 1984 10 24 99.54 4.9 -0.6 0 1.1 NA NA 45.89
1984299 1984 10 25 103.01 4.9 -2.5 0 2 NA NA 41.51
1984300 1984 10 26 134.26 4.33 -0.8 0 1.7 NA NA 46.38
1984301 1984 10 27 134.26 4.74 -2.71 0 1.6 NA NA 41.16
1984302 1984 10 28 103.01 4.96 -2.84 0 1.9 NA NA 48.26
1984303 1984 10 29 110.16 7 1.4 0 1.8 NA NA 50.02
1984304 1984 10 30 134.31 7.1 -0.5 0 0.9 NA NA 37.68
1984305 1984 10 31 115.83 10.27 -0.21 0 1.5 NA NA 37.68
1984306 1984 11 01 83.33 13.96 6.47 0 2.4 NA NA 55.11
1984307 1984 11 02 106.48 12.9 4.5 0 0.5 NA NA 54.75
1984308 1984 11 03 124.35 16.5 5.4 0 1.2 NA NA 44.21
1984309 1984 11 04 136.59 16.5 4.1 0 0.8 NA NA 42.25
1984310 1984 11 05 134.91 16.7 2 0 0.5 NA NA 35.32
1984311 1984 11 06 117.5 16.41 2.5 0 0.28 NA NA 36.1
1984312 1984 11 07 133.1 15.74 4.6 0 1.3 NA NA 35.95
1984313 1984 11 08 97.22 13.3 1.4 0 0.5 NA NA 40.4
1984314 1984 11 09 103.01 12.71 0.32 0 0.4 NA NA 39.35
1984315 1984 11 10 103.21 11.98 2.54 0 1.2 NA NA 40.52
1984316 1984 11 11 67.13 11.37 3.3 0 1.3 NA NA 49.62
1984317 1984 11 12 71.56 11.9 4.7 0 1.1 NA NA 52.9
1984318 1984 11 13 52.08 11.83 4.04 0 0.7 NA NA 49.16
1984319 1984 11 14 52.08 11.2 0.43 0 0.5 NA NA 48.3
1984320 1984 11 15 31.25 8.7 -1.4 0 0.8 NA NA 62.78
1984321 1984 11 16 14.55 10.11 6.9 7.55 2.7 NA NA 83.81
1984322 1984 11 17 38.19 11.45 7.62 6.06 2.4 NA NA 81.42
1984323 1984 11 18 29.73 9.8 7.04 13.4 3 NA NA 86.41
1984324 1984 11 19 45.14 11.4 8.21 7.46 3.06 NA NA 83.44
1984325 1984 11 20 27.52 11 5 2.47 0.7 NA NA 83.4
1984326 1984 11 21 28.21 10.1 5.1 7.55 1.3 NA NA 81.68
1984327 1984 11 22 76.39 9.4 3.59 0 0.9 NA NA 70.34
1984328 1984 11 23 40.88 7.1 3.4 16.42 0.6 NA NA 83.53
1984329 1984 11 24 65.97 6.1 -0.77 3.2 2.7 NA NA 68.23
1984330 1984 11 25 35.85 3.6 -2.2 0 3.2 NA NA 64.18
1984331 1984 11 26 78.56 7.6 0.3 0 2.3 NA NA 59.34
1984332 1984 11 27 92.59 11.2 4.6 0 3.08 NA NA 45.5
1984333 1984 11 28 91.54 12.1 2.23 0 2.2 NA NA 36.97
1984334 1984 11 29 104.17 10.1 0.34 0 1.3 NA NA 37.3
1984335 1984 11 30 83.48 11 1.3 0 1.8 NA NA 44.68
1984336 1984 12 01 94.91 11.2 1.3 0 1.8 NA NA 42.74
1984337 1984 12 02 81.02 10.49 1.6 0 1.9 NA NA 47.74
1984338 1984 12 03 74.07 10.31 1.2 0 1.6 NA NA 52.4
1984339 1984 12 04 64.81 8.2 -0.5 0 0.7 NA NA 64.26
1984340 1984 12 05 41.67 8.83 2.2 0 0.7 NA NA 69.05
1984341 1984 12 06 41.67 8.9 0.5 0 2.1 NA NA 58.87
1984342 1984 12 07 34.72 8.9 0.9 2.2 2.6 NA NA 52.43
1984343 1984 12 08 23.15 4.2 -1.1 8.3 2.4 NA NA 69.6
1984344 1984 12 09 74.14 -1.91 -6.19 0 4.14 NA NA 28.32
1984345 1984 12 10 59.66 1.57 -5.1 0 3.3 NA NA 50.81
1984346 1984 12 11 37.04 3.2 0 10.21 3.2 NA NA 77.81
1984347 1984 12 12 42.76 2.9 -2.38 4.18 1.1 NA NA 72.4
1984348 1984 12 13 84.49 -2.04 -6.89 0 2.9 NA NA 57.86
1984349 1984 12 14 54.4 -0.58 -7.6 0 2.9 NA NA 47.89
1984350 1984 12 15 41.67 1.94 -3.5 5.3 3 NA NA 79.2
1984351 1984 12 16 55.56 1.7 -2.6 2 3.8 NA NA 60.4
1984352 1984 12 17 71.94 0 -3.71 0 2.7 NA NA 40.37
1984353 1984 12 18 76.39 -1.31 -6.48 0 0.4 NA NA 59.07
1984354 1984 12 19 76.39 0.96 -7.4 0 1.4 NA NA 39.59
1984355 1984 12 20 76.28 1.61 -5.7 0 1.2 NA NA 44.57
1984356 1984 12 21 43.98 1.11 -3.95 0 2 NA NA 74.16
1984357 1984 12 22 79.86 -0.71 -6.72 0 0.7 NA NA 55.75
1984358 1984 12 23 54.4 -0.06 -6.08 0 0.3 NA NA 65.99
1984359 1984 12 24 59.03 -1.7 -7 0 1.4 NA NA 66.93
1984360 1984 12 25 77.55 -1.3 -8.3 0 0.6 NA NA 58.89
1984361 1984 12 26 84.49 -1.2 -8.56 0 1.4 NA NA 49.16
1984362 1984 12 27 74.07 -1.6 -8.33 0 0.6 NA NA 69.19
1984363 1984 12 28 88.16 -1.06 -9.27 0 1.2 NA NA 53.5
1984364 1984 12 29 25.46 0 -6.97 7.47 3.15 NA NA 79.61
1984365 1984 12 30 35.88 2.2 -3 0 1.9 NA NA 81.04
1984366 1984 12 31 50.93 -0.91 -4.2 0 3.1 NA NA 73.42
