*WEATHER DATA - Station:Izmir - BADJAM DATA - BADJer: UC - Method: EQMs - Source model: MPICCLM
 
@ INSI LAT LONG ELEV TAV AMP REFHT WNDHT
Izmir 38.6 27.06 1068.57 16.84 NA 2.0 NA
@DATE YYYY MM DD SRAD TMAX TMIN RAIN  WIND DEWP VPRS RHUM 
1980001 1980 01 01 111.11 15.7 7.9 0 2.7 NA NA 52.91
1980002 1980 01 02 79.86 15.7 7.9 0 2.3 NA NA 55.16
1980003 1980 01 03 50.93 14.5 10.7 13.07 0.9 NA NA 71.79
1980004 1980 01 04 52.08 12.04 5.5 12.63 4.98 NA NA 57.55
1980005 1980 01 05 72.92 7.9 3.87 0 6.64 NA NA 73
1980006 1980 01 06 67.13 9.09 2.71 0 5.19 NA NA 65.02
1980007 1980 01 07 94.93 10 4.26 0 4.57 NA NA 61.83
1980008 1980 01 08 71.76 8.2 2.5 0 3.8 NA NA 72.7
1980009 1980 01 09 67.13 9.1 2.2 0 0.9 NA NA 65.5
1980010 1980 01 10 74.07 10.54 4.91 0 0.6 NA NA 57.5
1980011 1980 01 11 72.92 11.13 3.41 5.14 3.6 NA NA 64.23
1980012 1980 01 12 78.7 11.3 7.3 1.8 3.8 NA NA 67.67
1980013 1980 01 13 29.11 10 7.6 12.04 2.1 NA NA 82.89
1980014 1980 01 14 77.52 8.74 1.33 11.74 2.1 NA NA 61.76
1980015 1980 01 15 101.85 9.8 2.4 0 1.2 NA NA 41.17
1980016 1980 01 16 61.34 7.83 1.4 18.6 2.8 NA NA 74.39
1980017 1980 01 17 61.34 8.2 1.48 0 3.4 NA NA 74.74
1980018 1980 01 18 75 7.69 1.25 0 1.5 NA NA 57.6
1980019 1980 01 19 26.62 10.7 1.27 17.13 4.3 NA NA 59.47
1980020 1980 01 20 87.96 10.3 -0.5 8.41 3.9 NA NA 45.29
1980021 1980 01 21 128.47 4.1 -0.7 0 0.3 NA NA 48.48
1980022 1980 01 22 120.37 4.22 -0.7 0 1.5 NA NA 52.04
1980023 1980 01 23 131.94 3.9 -1.75 0 0.9 NA NA 40.05
1980024 1980 01 24 61.23 9.8 -1 44.67 3.6 NA NA 32.7
1980025 1980 01 25 65.97 10.6 4.54 3.69 3.4 NA NA 56.6
1980026 1980 01 26 76.39 8.1 0.8 0 0.8 NA NA 57.9
1980027 1980 01 27 137.73 9.1 0.3 0 1.5 NA NA 40.35
1980028 1980 01 28 108.8 10.7 1.7 0 1.5 NA NA 36.29
1980029 1980 01 29 118.06 15.01 4.32 0 1.7 NA NA 35.7
1980030 1980 01 30 112.27 15.4 6.9 0 1.4 NA NA 45.8
1980031 1980 01 31 128.47 14.1 7 0 1.8 NA NA 51.79
1980032 1980 02 01 72.92 11.1 7.2 4.49 0.6 NA NA 71.29
1980033 1980 02 02 85.65 11 7 1.6 1 NA NA 68.86
1980034 1980 02 03 115.74 11.87 6.49 0 0.3 NA NA 49.21
1980035 1980 02 04 143.52 12.2 3.73 0 0.7 NA NA 39.99
1980036 1980 02 05 91.48 12.4 4 0 3.2 NA NA 56.95
1980037 1980 02 06 118.06 15.3 8.7 0 3.1 NA NA 55.41
1980038 1980 02 07 118.06 15.6 7.36 0 1.5 NA NA 54.3
1980039 1980 02 08 83.33 16.4 11.82 0 0.3 NA NA 56.47
1980040 1980 02 09 111.11 16.3 9.7 0 1 NA NA 60.05
1980041 1980 02 10 108.8 15.7 9.24 0 1.1 NA NA 57.44
1980042 1980 02 11 109.95 16.3 10.5 0 0.7 NA NA 57.75
1980043 1980 02 12 137.73 16.21 8.22 0 2 NA NA 51.68
1980044 1980 02 13 147.37 15.4 7.3 0 2.1 NA NA 49.98
1980045 1980 02 14 152.78 13.07 7.3 9.16 3.5 NA NA 56.9
1980046 1980 02 15 145.19 9.84 2.3 0 3.2 NA NA 52.03
1980047 1980 02 16 144.68 12.7 1.7 0 2.7 NA NA 45.39
1980048 1980 02 17 153.89 17.23 7.8 0 3.7 NA NA 45.23
1980049 1980 02 18 72.74 16.7 9.8 0 3.1 NA NA 61.41
1980050 1980 02 19 145.83 17.8 8.76 0 2.7 NA NA 45.2
1980051 1980 02 20 140.05 18.8 9.41 0 3.6 NA NA 27.37
1980052 1980 02 21 64.81 15.2 10.1 6 4.2 NA NA 61.37
1980053 1980 02 22 68.29 13.1 5.9 0 0.9 NA NA 67.22
1980054 1980 02 23 90.41 10.94 4.3 0 3.62 NA NA 58.1
1980055 1980 02 24 98.59 9.49 3.82 0 4.3 NA NA 62.21
1980056 1980 02 25 84.49 9 1.85 0 5 NA NA 60.22
1980057 1980 02 26 104.17 5.84 -0.6 0 5.53 NA NA 58.84
1980058 1980 02 27 173.61 5.05 -1.08 0 5.6 NA NA 48.34
1980059 1980 02 28 100.39 7.27 1 0 6.04 NA NA 52.6
1980060 1980 02 29 0 0 0 0 0 NA NA 0
1980061 1980 03 01 207.18 16.7 0.8 0 2.2 NA NA 21.82
1980062 1980 03 02 205.66 17.89 3.7 0 2.4 NA NA 26.06
1980063 1980 03 03 129.63 16.8 5.72 0 3.2 NA NA 34.87
1980064 1980 03 04 139.96 19.4 7.6 13.11 4.7 NA NA 28.9
1980065 1980 03 05 86.58 14.1 8.24 0 2.7 NA NA 61.92
1980066 1980 03 06 164.35 16.9 7.9 0 1.7 NA NA 41.6
1980067 1980 03 07 125.63 17.3 7.05 9.59 3.2 NA NA 41.48
1980068 1980 03 08 61.26 14.03 11.19 16.62 4.4 NA NA 75.94
1980069 1980 03 09 64.73 13.8 10.1 18.13 3.5 NA NA 79.07
1980070 1980 03 10 85.65 15.02 9.4 6.8 1.1 NA NA 56.68
1980071 1980 03 11 59.67 14 9 2.66 0.33 NA NA 75.69
1980072 1980 03 12 145.83 13.51 4.7 0 2.9 NA NA 52.72
1980073 1980 03 13 177.7 12.7 4.3 2.16 3.7 NA NA 51.38
1980074 1980 03 14 77.04 10.9 4.54 4.46 3.5 NA NA 58.52
1980075 1980 03 15 164.17 10.04 2.4 0 4.5 NA NA 54.43
1980076 1980 03 16 229.22 10.6 1 0 3.5 NA NA 43
1980077 1980 03 17 202.55 11.24 1.8 0 1 NA NA 46.46
1980078 1980 03 18 101.81 10.88 3.6 0 1.1 NA NA 57.54
1980079 1980 03 19 233.8 14.05 2.9 0 0.8 NA NA 41.43
1980080 1980 03 20 228.14 15.7 4.34 0 1.8 NA NA 38.3
1980081 1980 03 21 216.4 16.4 4 0 1.9 NA NA 39.42
1980082 1980 03 22 236.11 16.7 5.91 0 2.9 NA NA 41.3
1980083 1980 03 23 49.77 11.3 5.26 14.83 3.13 NA NA 78.3
1980084 1980 03 24 231.48 11.07 3.5 0 2.5 NA NA 46.2
1980085 1980 03 25 233.12 15.2 3.59 0 2.1 NA NA 41.33
1980086 1980 03 26 234.95 18.8 6.88 0 2 NA NA 38.2
1980087 1980 03 27 255.79 20.27 6.73 0 3.5 NA NA 29.95
1980088 1980 03 28 190.97 21 7.9 0 3.3 NA NA 28.93
1980089 1980 03 29 122.95 16.9 10.7 2.69 2.5 NA NA 57.02
1980090 1980 03 30 231.48 19.3 10 0 1.9 NA NA 40.3
1980091 1980 03 31 230.32 23 12.2 0 1.6 NA NA 35.35
1980092 1980 04 01 248.84 26 12 0 3.3 NA NA 24.36
1980093 1980 04 02 248.84 26 12.39 0 2.3 NA NA 27.42
1980094 1980 04 03 252.54 21.3 12.3 0 1.9 NA NA 40.05
1980095 1980 04 04 202.11 21.63 11.7 0 0.7 NA NA 26.61
1980096 1980 04 05 243.06 22.9 10.4 0 2.4 NA NA 29.98
1980097 1980 04 06 257.3 18.8 6.9 0 3.7 NA NA 38.49
1980098 1980 04 07 276.63 19.9 5 0 2.4 NA NA 29.1
1980099 1980 04 08 153.94 18.4 11.7 0 0.7 NA NA 44.2
1980100 1980 04 09 183.7 18.3 11.1 0 2.4 NA NA 49.04
1980101 1980 04 10 237.27 21.7 10.3 0 0.96 NA NA 39.36
1980102 1980 04 11 137.62 19.2 12 7.99 1.3 NA NA 51.68
1980103 1980 04 12 69.34 15.3 8.8 6.1 1.6 NA NA 78.3
1980104 1980 04 13 293.98 14.33 5.6 0 3.4 NA NA 34.6
1980105 1980 04 14 137.49 16.98 6.2 4.16 2.5 NA NA 51.56
1980106 1980 04 15 243.06 18.27 6.29 0 2 NA NA 39.43
1980107 1980 04 16 291.67 21.3 5.26 0 1.39 NA NA 29.43
1980108 1980 04 17 295.14 24 9.1 0 0.7 NA NA 31.36
1980109 1980 04 18 292.82 25.21 11.8 0 0.9 NA NA 32.52
1980110 1980 04 19 256 25.21 14.1 0 0.9 NA NA 34.7
1980111 1980 04 20 229.17 26.1 13.7 0 1.2 NA NA 36.54
1980112 1980 04 21 283.56 25.02 11.1 0 2.6 NA NA 32.89
1980113 1980 04 22 307.78 24.4 8.9 0 2.7 NA NA 28.59
1980114 1980 04 23 268.52 26.48 12.5 0 1.9 NA NA 27.3
1980115 1980 04 24 192.06 23 13.6 0 1.1 NA NA 41.67
1980116 1980 04 25 239.58 24.6 12.89 0 2.2 NA NA 34.4
1980117 1980 04 26 246.53 22.4 13.4 0 3.42 NA NA 38.79
1980118 1980 04 27 156.25 20.6 12.26 0 2.4 NA NA 47.7
1980119 1980 04 28 310.76 25.5 11.3 0 2.8 NA NA 29.5
1980120 1980 04 29 258.74 21.9 13 0 4.9 NA NA 37.1
1980121 1980 04 30 165.54 18.9 12.82 0 3.8 NA NA 43.21
1980122 1980 05 01 118.69 14.99 11.33 8.39 3.3 NA NA 58.51
1980123 1980 05 02 129.7 15.9 9.7 17.96 0.6 NA NA 59.36
1980124 1980 05 03 262.11 18.17 8.76 1.7 1.7 NA NA 47.69
1980125 1980 05 04 110.14 15.45 12.8 7.25 2.8 NA NA 78.23
1980126 1980 05 05 145.27 16.8 11.4 0 2.5 NA NA 60.8
1980127 1980 05 06 187.26 18.5 11.64 0 1.9 NA NA 49.52
1980128 1980 05 07 283.56 21.9 11.3 0 3.2 NA NA 41.51
1980129 1980 05 08 135.38 18.13 11.38 1.2 2.5 NA NA 56.56
1980130 1980 05 09 189.35 20.83 14 0 0.5 NA NA 50.42
1980131 1980 05 10 279.66 24.59 14.2 0 0.6 NA NA 40.31
1980132 1980 05 11 132.82 20.77 15.7 3.93 1.07 NA NA 64
1980133 1980 05 12 44.36 17.39 14.71 9.2 2.7 NA NA 76.43
1980134 1980 05 13 185.05 20.1 14.48 2.32 0.6 NA NA 54
1980135 1980 05 14 248.19 22.6 14.8 0 0.5 NA NA 45.19
1980136 1980 05 15 320.6 25.79 12.4 0 0.5 NA NA 35.5
1980137 1980 05 16 306.71 28.4 15.7 0 0.7 NA NA 35.1
1980138 1980 05 17 320.6 29.81 17.1 0 2.5 NA NA 34.12
1980139 1980 05 18 256.55 27.1 16.1 0 3.73 NA NA 41.57
1980140 1980 05 19 300.93 24.7 14.3 0 3.2 NA NA 38.92
1980141 1980 05 20 184.9 20.42 13.9 2.62 2.7 NA NA 53.8
1980142 1980 05 21 255.79 25.1 14.1 0 2.7 NA NA 38.47
1980143 1980 05 22 328.39 28.81 13.4 0 3.2 NA NA 27.85
1980144 1980 05 23 269.41 28.61 16.9 0 1.9 NA NA 33.7
1980145 1980 05 24 266.2 27.9 15.5 0 1.3 NA NA 37.8
1980146 1980 05 25 358.8 27.39 14 0 2.8 NA NA 28.57
1980147 1980 05 26 326.39 29.22 13.45 0 0.9 NA NA 27.9
1980148 1980 05 27 291.75 28.89 17.6 0 0.7 NA NA 33.7
1980149 1980 05 28 300.93 28.8 16.3 0 1.6 NA NA 31.19
1980150 1980 05 29 229.17 24.7 15.1 1.5 1.9 NA NA 38.29
1980151 1980 05 30 121.07 16.3 15.6 5.26 2.2 NA NA 77.76
1980152 1980 05 31 196.37 21.5 15.6 2.5 2 NA NA 52.91
1980153 1980 06 01 265.61 25.1 14.3 1.16 4.6 NA NA 39.78
1980154 1980 06 02 309.03 26.2 13.9 0 2.6 NA NA 35.73
1980155 1980 06 03 245.25 24.49 16.2 1.9 1 NA NA 49.8
1980156 1980 06 04 285.88 27.7 17.6 0 0.5 NA NA 39.02
1980157 1980 06 05 311.34 28.4 17.9 0 0.6 NA NA 34.8
1980158 1980 06 06 313.66 28.76 17.4 0 0.9 NA NA 33.57
1980159 1980 06 07 318.29 28.3 16.69 0 2.2 NA NA 32.7
1980160 1980 06 08 174.36 23.3 16.1 0 2.52 NA NA 52.67
1980161 1980 06 09 326.39 28.31 15.4 0 1.2 NA NA 29.91
1980162 1980 06 10 301.15 28.2 17.3 0 0.6 NA NA 30.45
1980163 1980 06 11 318.29 28.3 17.6 0 1.3 NA NA 30.52
1980164 1980 06 12 318.29 29.2 17.7 0 1.19 NA NA 27.21
1980165 1980 06 13 302.08 29.23 17.7 0 1.7 NA NA 29.35
1980166 1980 06 14 325.23 30.1 16.78 0 0.9 NA NA 23.2
1980167 1980 06 15 314.81 31.5 17.8 0 2 NA NA 23.04
1980168 1980 06 16 311.85 25.7 15.77 0 3.23 NA NA 31.72
1980169 1980 06 17 365.79 28.1 14.74 0 2.5 NA NA 22.35
1980170 1980 06 18 356.69 32.1 16.8 0 1.8 NA NA 18.8
1980171 1980 06 19 319.44 34.09 18.5 0 1.5 NA NA 16.59
1980172 1980 06 20 317.13 35.9 21.77 0 1.8 NA NA 13.66
1980173 1980 06 21 321.76 36.2 22.38 0 2.4 NA NA 14.39
1980174 1980 06 22 350.69 36.8 21.9 0 2.3 NA NA 15.09
1980175 1980 06 23 340.28 36.8 22.2 0 3.3 NA NA 19.15
1980176 1980 06 24 346.06 40.17 22.11 0 1.8 NA NA 11.6
1980177 1980 06 25 324.35 42.63 25.42 0 1.9 NA NA 10.72
1980178 1980 06 26 348.38 40 25.42 0 2.1 NA NA 12.9
1980179 1980 06 27 317.61 31.5 19.87 0 3.7 NA NA 29.61
1980180 1980 06 28 354.25 29.9 18.55 0 4.3 NA NA 20.87
1980181 1980 06 29 361.11 27.15 17.4 0 3.7 NA NA 19.57
1980182 1980 06 30 349.54 31.35 17.9 0 3.5 NA NA 19.89
1980183 1980 07 01 365.74 33.3 18.2 0 3.32 NA NA 18.2
1980184 1980 07 02 362.27 35.06 18.8 0 2.9 NA NA 16.09
1980185 1980 07 03 361.11 35.9 19.3 0 2.6 NA NA 15.4
1980186 1980 07 04 349.54 36.9 20.67 0 1.8 NA NA 17
1980187 1980 07 05 351.85 37.5 21.6 0 2.5 NA NA 16.38
1980188 1980 07 06 351.85 36.51 20.7 0 2.81 NA NA 19.22
1980189 1980 07 07 349.54 36.1 20.9 0 3.5 NA NA 21.4
1980190 1980 07 08 349.54 36 20.49 0 3.9 NA NA 17.76
1980191 1980 07 09 350.69 37.31 20.79 0 3.8 NA NA 14.33
1980192 1980 07 10 305.5 24.6 18 0 5.2 NA NA 42.78
1980193 1980 07 11 368.06 31.7 15.2 0 4 NA NA 17.5
1980194 1980 07 12 349.54 34.1 18.1 0 2.7 NA NA 16.05
1980195 1980 07 13 335.65 36.2 21.1 0 2.5 NA NA 13.5
1980196 1980 07 14 326.01 34.4 21.2 0 4.04 NA NA 20.5
1980197 1980 07 15 339.12 33.4 19.9 0 3.9 NA NA 21.1
1980198 1980 07 16 339.12 37.5 19.5 0 2.7 NA NA 13.1
1980199 1980 07 17 331.02 34.1 21 0 4.1 NA NA 17.82
1980200 1980 07 18 344.91 34.6 19.41 0 4.5 NA NA 17.28
1980201 1980 07 19 339.31 34.2 19.4 0 4.8 NA NA 18.36
1980202 1980 07 20 344.91 36.02 19.5 0 3.2 NA NA 14.5
1980203 1980 07 21 334.49 36.7 21.4 0 2.1 NA NA 14
1980204 1980 07 22 320.6 30.44 20.71 0 3.9 NA NA 28.92
1980205 1980 07 23 291.64 31.8 21.4 0 4.8 NA NA 26.63
1980206 1980 07 24 324.07 33.6 20.2 0 3.3 NA NA 20.5
1980207 1980 07 25 325.23 35.5 21.2 0 1.3 NA NA 16.6
1980208 1980 07 26 303.24 36.58 23.5 0 2.3 NA NA 17
1980209 1980 07 27 296 34.5 22.3 0 3.9 NA NA 21.9
1980210 1980 07 28 324.07 34.7 21.1 0 3 NA NA 18.2
1980211 1980 07 29 311.34 37 24.2 0 1.49 NA NA 14.59
1980212 1980 07 30 317.13 38.8 24.52 0 1.6 NA NA 15.11
1980213 1980 07 31 317.13 35.7 23.3 0 3.1 NA NA 17.8
1980214 1980 08 01 292.63 32.6 22.1 0 3.1 NA NA 23.81
1980215 1980 08 02 282.41 29.95 20.7 0 3 NA NA 28.9
1980216 1980 08 03 313.66 31.6 20 0 3.8 NA NA 21.9
1980217 1980 08 04 311.34 32 19 0 3.8 NA NA 21.38
1980218 1980 08 05 311.34 33.1 19 0 3.6 NA NA 19.96
1980219 1980 08 06 310.19 32.6 19.5 0 4.3 NA NA 23.2
1980220 1980 08 07 307.87 34 19 0 3.7 NA NA 19.16
1980221 1980 08 08 291.5 35.5 23.2 0 3.1 NA NA 17.3
1980222 1980 08 09 301.75 35.1 22 0 2.4 NA NA 19.71
1980223 1980 08 10 306.71 35.9 22.4 0 3.8 NA NA 17.8
1980224 1980 08 11 305.56 32.27 21.61 0 3.3 NA NA 26.75
1980225 1980 08 12 303.24 33.78 22.26 0 2.4 NA NA 18.29
1980226 1980 08 13 303.24 35.7 21.4 0 2.5 NA NA 15
1980227 1980 08 14 299.77 36.2 22.14 0 2.8 NA NA 15.08
1980228 1980 08 15 295.66 35.5 22.3 0 2.1 NA NA 17.89
1980229 1980 08 16 280.65 32.6 19.5 0 3.6 NA NA 24
1980230 1980 08 17 302.08 30.9 18.4 0 3.4 NA NA 19.83
1980231 1980 08 18 303.24 33.3 18.61 0 3 NA NA 11.15
1980232 1980 08 19 298.61 34.42 18.85 0 2.7 NA NA 11.89
1980233 1980 08 20 286.83 35.7 21.2 0 1.8 NA NA 13
1980234 1980 08 21 282.41 32.6 21.1 0 4.4 NA NA 21.84
1980235 1980 08 22 285.87 31.5 19.3 0 4.8 NA NA 24.9
1980236 1980 08 23 285.88 32.7 18.1 0 4.2 NA NA 19.5
1980237 1980 08 24 289.35 34.91 18.6 0 3.6 NA NA 14.4
1980238 1980 08 25 283.56 32.49 17.9 0 3.7 NA NA 20.9
1980239 1980 08 26 277.78 33.9 19 0 4 NA NA 19.5
1980240 1980 08 27 269.68 34.8 20.01 0 3.1 NA NA 19.5
1980241 1980 08 28 271.99 35.58 20.1 0 1.5 NA NA 20.29
1980242 1980 08 29 268.52 36.8 22.32 0 1.9 NA NA 19.17
1980243 1980 08 30 270.83 37.3 21.8 0 1.79 NA NA 16.74
1980244 1980 08 31 273.15 37.66 22.5 0 1.5 NA NA 12.4
1980245 1980 09 01 271.99 38.74 22 0 3.1 NA NA 11.1
1980246 1980 09 02 271.99 39.34 21.94 0 1.5 NA NA 11.8
1980247 1980 09 03 269.68 36.8 22.87 0 1.3 NA NA 15.78
1980248 1980 09 04 262.22 35.6 22.3 0 1.78 NA NA 18.54
1980249 1980 09 05 256.94 32.4 19.5 0 3.6 NA NA 25.21
1980250 1980 09 06 260.42 30 17.59 0 4.7 NA NA 25.5
1980251 1980 09 07 214.12 23.83 15.9 0 5.81 NA NA 29.8
1980252 1980 09 08 251.16 25.7 14.6 0 3.81 NA NA 22.54
1980253 1980 09 09 229.17 27.6 16 0 2.94 NA NA 22.05
1980254 1980 09 10 259.26 28.7 14.6 0 3.2 NA NA 16.4
1980255 1980 09 11 256.94 31.2 15.9 0 1.1 NA NA 11.59
1980256 1980 09 12 252.31 32.01 19 0 1.8 NA NA 15.64
1980257 1980 09 13 244.21 30.5 17.7 0 3.4 NA NA 23.6
1980258 1980 09 14 251.42 26.58 14.7 0 5 NA NA 22.95
1980259 1980 09 15 247.69 27.49 13 0 3.9 NA NA 18.69
1980260 1980 09 16 243.06 29.81 14.7 0 2.8 NA NA 14.83
1980261 1980 09 17 243.06 30.9 15.9 0 2 NA NA 12.84
1980262 1980 09 18 239.58 31.7 16.5 0 0.9 NA NA 12.52
1980263 1980 09 19 238.43 32.02 17.4 0 0.9 NA NA 12.29
1980264 1980 09 20 236.11 32.1 17.3 0 2.1 NA NA 13
1980265 1980 09 21 218.75 30.3 16.3 0 3.08 NA NA 20.24
1980266 1980 09 22 225.69 30.26 15.3 0 2.4 NA NA 21.26
1980267 1980 09 23 222.22 30.81 16 0 1.7 NA NA 21.31
1980268 1980 09 24 222.22 31.1 16.9 0 1.1 NA NA 18.59
1980269 1980 09 25 219.91 32.71 18.03 0 1.5 NA NA 11.24
1980270 1980 09 26 219.91 34.57 18.6 0 2.6 NA NA 8.6
1980271 1980 09 27 216.44 33.9 18.3 0 3.3 NA NA 11.2
1980272 1980 09 28 216.44 33.31 18 0 2.54 NA NA 11.37
1980273 1980 09 29 210.65 33.19 18.02 0 3.3 NA NA 11.37
1980274 1980 09 30 204.86 32.12 17.7 0 2.3 NA NA 17.6
1980275 1980 10 01 204.86 31.7 19.41 0 1.4 NA NA 18.77
1980276 1980 10 02 193.29 30.98 19.41 0 2.1 NA NA 21.57
1980277 1980 10 03 200.23 26.2 14.9 0 4.36 NA NA 33.34
1980278 1980 10 04 204.86 23.53 12.9 0 5.16 NA NA 25.92
1980279 1980 10 05 203.7 24.5 11.8 0 3.9 NA NA 23
1980280 1980 10 06 201.7 26.72 12.5 0 1.09 NA NA 16.4
1980281 1980 10 07 196.76 25.9 13.01 0 1.41 NA NA 19.3
1980282 1980 10 08 188.66 24.38 12 0 1.7 NA NA 22.88
1980283 1980 10 09 91.74 24.4 15.5 4.9 5 NA NA 41.82
1980284 1980 10 10 142.36 26.9 18.4 0 4.5 NA NA 38.62
1980285 1980 10 11 96.06 26.9 17.5 0 1.5 NA NA 37.17
1980286 1980 10 12 70.6 22.4 16.9 5.3 2.8 NA NA 49.62
1980287 1980 10 13 53.22 18.58 15.67 4.05 0.8 NA NA 54.7
1980288 1980 10 14 113.22 21.9 12.9 0 0.5 NA NA 34.01
1980289 1980 10 15 117.25 22.31 12.2 2.5 0.6 NA NA 31.82
1980290 1980 10 16 91.44 20.73 12.1 2.7 3.3 NA NA 45.39
1980291 1980 10 17 177.06 19.29 9.49 0 4.4 NA NA 38.31
1980292 1980 10 18 177.08 20.9 8.11 0 4.1 NA NA 29.3
1980293 1980 10 19 179.62 18.98 7.3 0 3.11 NA NA 24.66
1980294 1980 10 20 174.14 21.3 7.32 0 2.3 NA NA 17.39
1980295 1980 10 21 166.67 22.3 10.59 0 1 NA NA 20.6
1980296 1980 10 22 160.88 23.32 13 0 0.7 NA NA 31.24
1980297 1980 10 23 163.19 24.9 13.4 0 1.4 NA NA 28.87
1980298 1980 10 24 149.16 23.34 12.49 0 2.6 NA NA 40.89
1980299 1980 10 25 115.74 23.8 14 0 4.3 NA NA 42.43
1980300 1980 10 26 78.63 22.6 16.35 0 3.8 NA NA 48.02
1980301 1980 10 27 94.52 25.5 17.76 0 1.58 NA NA 40.78
1980302 1980 10 28 148.18 26.2 15.84 0 1.4 NA NA 31.89
1980303 1980 10 29 150.46 25.5 13.39 0 4 NA NA 30.97
1980304 1980 10 30 91.44 22.42 14.6 0 2.8 NA NA 47.15
1980305 1980 10 31 126.92 23 14.4 0 1.4 NA NA 44.11
1980306 1980 11 01 142.36 24.9 15 0 0.4 NA NA 32.9
1980307 1980 11 02 142.36 24.34 13.1 0 0.7 NA NA 28.91
1980308 1980 11 03 63.84 21 15.4 0 1.6 NA NA 43.17
1980309 1980 11 04 139.67 25.4 14.2 0 2.2 NA NA 26.06
1980310 1980 11 05 138.89 23.91 11.21 0 2.8 NA NA 32.58
1980311 1980 11 06 126.16 18.46 7 0 4.1 NA NA 42.9
1980312 1980 11 07 140.05 13.56 4.29 0 4.3 NA NA 29.18
1980313 1980 11 08 138.89 13.89 2.8 0 3.1 NA NA 27.58
1980314 1980 11 09 54.48 11.69 5.34 1.94 1.3 NA NA 43.3
1980315 1980 11 10 138.89 14.7 4.2 0 2.6 NA NA 20.55
1980316 1980 11 11 141.2 16.3 3.96 1.6 2 NA NA 19.38
1980317 1980 11 12 53.16 12.59 9.4 13.03 1.8 NA NA 56.54
1980318 1980 11 13 7.1 14.19 10.2 5.3 0.4 NA NA 67.1
1980319 1980 11 14 105.32 19.65 11.8 0 0.3 NA NA 32.9
1980320 1980 11 15 128.47 19.1 11.15 0 1.9 NA NA 28
1980321 1980 11 16 111.11 19.62 10.4 0 0.93 NA NA 26.74
1980322 1980 11 17 127.31 19.2 11.1 0 0.7 NA NA 24
1980323 1980 11 18 127.31 18.1 8.53 0 2.3 NA NA 21.99
1980324 1980 11 19 112.27 18.6 7.46 0 3.3 NA NA 39.7
1980325 1980 11 20 125.27 17.6 6.7 0 1.7 NA NA 29.06
1980326 1980 11 21 121.53 17.6 8.6 0 3.11 NA NA 23.96
1980327 1980 11 22 6.62 15.2 13 30.84 2.8 NA NA 88.57
1980328 1980 11 23 87.32 17.6 11.86 0 0.8 NA NA 72.54
1980329 1980 11 24 103.01 18.1 10.7 4.79 2.6 NA NA 57.64
1980330 1980 11 25 40.04 16.4 12.5 38.61 3 NA NA 75.39
1980331 1980 11 26 62.32 17.8 11.7 0 3.5 NA NA 57.75
1980332 1980 11 27 82.18 18.2 10.51 74.71 3.2 NA NA 50.75
1980333 1980 11 28 44.75 17.6 12.8 26.47 2.8 NA NA 69.15
1980334 1980 11 29 86.81 16.1 9.8 6.74 2.2 NA NA 66.5
1980335 1980 11 30 108.8 14.3 8.5 0 0.5 NA NA 54.7
1980336 1980 12 01 107.64 13.64 5.1 0 2.8 NA NA 53.42
1980337 1980 12 02 107.84 14.73 4.7 0 2.2 NA NA 45.88
1980338 1980 12 03 107.64 15.2 5.1 0 1.8 NA NA 41.9
1980339 1980 12 04 87.41 16.7 8 0 1.47 NA NA 51.07
1980340 1980 12 05 93.75 16.62 10.3 0 1.7 NA NA 56.53
1980341 1980 12 06 105.32 15.3 6.73 0 1.99 NA NA 50.46
1980342 1980 12 07 86.97 15.3 5.94 0 2.3 NA NA 41.85
1980343 1980 12 08 57.87 16.61 9.7 0 3.5 NA NA 50.91
1980344 1980 12 09 61.34 17.4 11.6 2.2 3.17 NA NA 63.05
1980345 1980 12 10 48.61 16.34 9.7 4.21 0.9 NA NA 69.68
1980346 1980 12 11 90.28 15.7 7.9 0 0.9 NA NA 53.72
1980347 1980 12 12 57.87 15.73 8.32 0 2.89 NA NA 54
1980348 1980 12 13 44.87 17.4 11.9 0 4.5 NA NA 58.84
1980349 1980 12 14 26.62 16.8 13.57 19.57 5.09 NA NA 71.69
1980350 1980 12 15 47.45 14.43 11.11 21.08 4.81 NA NA 77.78
1980351 1980 12 16 39.35 15 10 4.02 4.75 NA NA 71.8
1980352 1980 12 17 76.39 16.9 13 4.97 5.72 NA NA 51.45
1980353 1980 12 18 30.31 14.08 11.04 7.2 3.4 NA NA 84.39
1980354 1980 12 19 76.39 15.5 8 3.93 3.6 NA NA 66.7
1980355 1980 12 20 20.53 14.4 11.9 48.93 4.2 NA NA 83.24
1980356 1980 12 21 38.19 12.7 9.3 8.8 1.8 NA NA 85.94
1980357 1980 12 22 38.97 11.2 4.94 19.57 3.06 NA NA 75.71
1980358 1980 12 23 45.14 6.11 2.3 2.01 5.4 NA NA 77.82
1980359 1980 12 24 55.56 4.35 1.19 0 4.6 NA NA 74.56
1980360 1980 12 25 103.01 4.58 -1.3 0 3.6 NA NA 64.31
1980361 1980 12 26 113.43 4 -2.3 0 3.9 NA NA 55.7
1980362 1980 12 27 111.16 4.6 -2.33 0 3.6 NA NA 60.47
1980363 1980 12 28 83.33 8.2 0.8 0 3.2 NA NA 66.39
1980364 1980 12 29 41.67 7.29 2.43 4.95 0.9 NA NA 76.8
1980365 1980 12 30 86.81 8.5 2.8 0 0.62 NA NA 64.34
1980366 1980 12 31 46.3 7.3 2.53 4.6 2.6 NA NA 72.17
1981001 1981 01 01 42.82 8.16 5.6 3.9 2.1 NA NA 79.83
1981002 1981 01 02 67.13 10.1 5.24 10.64 2.5 NA NA 69.63
1981003 1981 01 03 76.39 9.1 1.6 0 3.5 NA NA 66.4
1981004 1981 01 04 112.27 7.1 0.18 0 2.8 NA NA 65.74
1981005 1981 01 05 85.65 5.68 -0.7 0 2.4 NA NA 61.93
1981006 1981 01 06 113.43 6.3 -1.3 0 2.4 NA NA 56.6
1981007 1981 01 07 67.6 7.16 -0.2 3.53 3.91 NA NA 69.35
1981008 1981 01 08 62.5 4.4 -1.11 0 4.4 NA NA 65.89
1981009 1981 01 09 99.54 4.7 -2.2 0 4.01 NA NA 51.45
1981010 1981 01 10 118.06 6.3 -1.93 0 2.4 NA NA 45.5
1981011 1981 01 11 118.16 8.19 -0.8 0 1.92 NA NA 45.24
1981012 1981 01 12 120.37 8.56 -0.4 0 1.6 NA NA 43
1981013 1981 01 13 86.1 11.6 2.2 0 2.34 NA NA 47.19
1981014 1981 01 14 72.92 12.4 6.27 0 2 NA NA 51.67
1981015 1981 01 15 108.8 12.1 2.8 0 2 NA NA 45.54
1981016 1981 01 16 125.01 10.31 1.4 0 2.9 NA NA 42.59
1981017 1981 01 17 127.31 10.2 0.3 0 3.3 NA NA 41.3
1981018 1981 01 18 121.53 11.2 1.09 0 3.1 NA NA 41.25
1981019 1981 01 19 127.31 11.19 0.8 0 1.8 NA NA 32.7
1981020 1981 01 20 125 12.1 2.3 0 0.8 NA NA 28.39
1981021 1981 01 21 128.47 10.2 0.3 0 2.9 NA NA 39.24
1981022 1981 01 22 128.53 9.06 -0.51 0 2.5 NA NA 34.99
1981023 1981 01 23 128.53 10 0.2 0 0.8 NA NA 33.08
1981024 1981 01 24 123.84 10.89 1.67 0 2 NA NA 37.02
1981025 1981 01 25 133.1 10.8 0.6 0 2 NA NA 35.76
1981026 1981 01 26 30.36 9.9 4.3 0 2.4 NA NA 81.97
1981027 1981 01 27 72.92 14.5 8.5 0 4 NA NA 67.72
1981028 1981 01 28 35.91 13.8 0.72 0 3.8 NA NA 56.66
1981029 1981 01 29 140.27 6.8 -1.1 0 3.71 NA NA 36.96
1981030 1981 01 30 143.52 7.29 -2.05 0 3.38 NA NA 33.29
1981031 1981 01 31 119.02 6.6 -2.31 0 1.7 NA NA 34.4
1981032 1981 02 01 142.36 6.91 -1.6 0 2.9 NA NA 41.48
1981033 1981 02 02 144.68 8.01 -1.3 0 1.7 NA NA 37.14
1981034 1981 02 03 142.36 9.8 -1.1 0 3.1 NA NA 33.41
1981035 1981 02 04 32 14.1 3.33 13.05 4.5 NA NA 72.22
1981036 1981 02 05 150.46 10 0.85 0 2 NA NA 39.92
1981037 1981 02 06 149.35 10.4 1.3 0 0.33 NA NA 34.54
1981038 1981 02 07 126.31 13.6 2.2 0 1.5 NA NA 39.37
1981039 1981 02 08 146.99 15.85 4.37 0 2.3 NA NA 40.81
1981040 1981 02 09 123.84 16.8 9.7 0 1.5 NA NA 53.66
1981041 1981 02 10 149.38 16.8 7.79 0 1.1 NA NA 40.35
1981042 1981 02 11 130.2 16.4 5.7 0 2 NA NA 43
1981043 1981 02 12 142.61 13.5 2.1 0 3 NA NA 30.79
1981044 1981 02 13 156.25 14.6 0.9 0 1.3 NA NA 22.76
1981045 1981 02 14 153.94 16.51 3.5 0 1.2 NA NA 23.2
1981046 1981 02 15 156.25 16.7 4 0 3.7 NA NA 27.94
1981047 1981 02 16 101.94 16.61 6.91 0 4.8 NA NA 39.35
1981048 1981 02 17 157.41 17.9 10.5 0 5.7 NA NA 28.78
1981049 1981 02 18 51.3 14 9.9 6.03 4.9 NA NA 72.33
1981050 1981 02 19 94.91 16.2 9.33 4.6 4.9 NA NA 41.36
1981051 1981 02 20 26.9 10.59 7.3 25.14 3 NA NA 86.94
1981052 1981 02 21 91.44 8.05 3.7 0 2.1 NA NA 64.91
1981053 1981 02 22 181.78 10.6 3.2 0 0.4 NA NA 36.41
1981054 1981 02 23 113.09 12 2.24 11.8 2.1 NA NA 55.5
1981055 1981 02 24 47.42 11.6 9.2 10.37 0.9 NA NA 85.39
1981056 1981 02 25 30.45 9.91 3.11 13.2 2.7 NA NA 74.46
1981057 1981 02 26 111.11 8.3 3 0 5.2 NA NA 57.89
1981058 1981 02 27 184.83 9.82 2.8 0 5.3 NA NA 48.5
1981059 1981 02 28 144.68 10.8 1.94 0 4 NA NA 52.6
1981060 1981 03 01 133.1 9.6 1.9 0 2.9 NA NA 57.24
1981061 1981 03 02 193.29 12.2 3.49 0 2.4 NA NA 42.74
1981062 1981 03 03 202.68 14 2.67 0 1.2 NA NA 37.49
1981063 1981 03 04 66.83 11.9 4.4 0 1.3 NA NA 56.85
1981064 1981 03 05 137.42 13.83 4.7 3.76 1.3 NA NA 48.58
1981065 1981 03 06 156.25 13.49 4.61 0 3.2 NA NA 51.69
1981066 1981 03 07 56.33 9.79 2.5 10.39 2.9 NA NA 61.65
1981067 1981 03 08 132.76 7 1.6 0 5.54 NA NA 53.6
1981068 1981 03 09 131.94 9.13 1.5 0 5.1 NA NA 51.42
1981069 1981 03 10 211.8 14.63 0.39 0 2.6 NA NA 38
1981070 1981 03 11 214.12 16.23 3.96 0 1 NA NA 36.73
1981071 1981 03 12 197.92 16.8 6 0 2.8 NA NA 39.43
1981072 1981 03 13 197.92 16.75 6.02 0 3.6 NA NA 42.18
1981073 1981 03 14 40.5 11.81 7.01 5.8 1.8 NA NA 79.43
1981074 1981 03 15 217.75 14.41 4.1 0 2.2 NA NA 42.77
1981075 1981 03 16 87.84 12.64 4.9 2.5 3.4 NA NA 58.52
1981076 1981 03 17 146.99 9.38 2.7 0 2.2 NA NA 48.13
1981077 1981 03 18 193.47 11.7 2.5 5.36 1.19 NA NA 38.22
1981078 1981 03 19 44.32 7.66 4.3 70.31 2.7 NA NA 83.94
1981079 1981 03 20 62.48 9.2 2.3 3.34 4.4 NA NA 59.61
1981080 1981 03 21 153.67 5.22 1.3 3.81 2.8 NA NA 53.63
1981081 1981 03 22 233.94 9.26 0.25 0 1 NA NA 42.54
1981082 1981 03 23 102.94 7.93 2.16 5.59 1.5 NA NA 63.13
1981083 1981 03 24 106.37 3.52 0.06 1.4 4.76 NA NA 64.3
1981084 1981 03 25 171.44 7.5 -3.36 0 2.3 NA NA 49.8
1981085 1981 03 26 146.32 2.82 -3.89 0 3.8 NA NA 58.86
1981086 1981 03 27 258.1 7.04 -5.14 0 1.99 NA NA 43.2
1981087 1981 03 28 258.13 14.49 1.2 0 0.7 NA NA 38.32
1981088 1981 03 29 250.09 17.6 7.3 0 1.9 NA NA 39.5
1981089 1981 03 30 261.66 17.5 5.3 0 3.6 NA NA 39.65
1981090 1981 03 31 261.57 18.05 3.78 0 2.6 NA NA 40.7
1981091 1981 04 01 253.25 19.9 6.4 0 1.07 NA NA 39.59
1981092 1981 04 02 260.47 20.2 10.4 0 0.4 NA NA 41.7
1981093 1981 04 03 263.89 20.2 6.3 0 3.13 NA NA 37.3
1981094 1981 04 04 267.36 16.2 4 0 3.5 NA NA 38.21
1981095 1981 04 05 217.59 19.18 3.69 0 2.5 NA NA 34.29
1981096 1981 04 06 260.42 19.5 5.96 0 3.4 NA NA 36.88
1981097 1981 04 07 267.36 17.07 4.5 0 4.5 NA NA 36.73
1981098 1981 04 08 271.99 17.6 3.53 0 3.8 NA NA 32.13
1981099 1981 04 09 269.68 19.8 3.8 0 3.6 NA NA 28.59
1981100 1981 04 10 214.94 18.88 5.62 0 4.37 NA NA 34.34
1981101 1981 04 11 166.67 16.6 7.18 0 3.9 NA NA 43.5
1981102 1981 04 12 133.07 15.39 6.6 1.2 3 NA NA 48
1981103 1981 04 13 290.94 20.22 5.5 0 1.5 NA NA 30.81
1981104 1981 04 14 225.05 21.03 9.5 0 2.9 NA NA 31.15
1981105 1981 04 15 197.76 21.8 12.5 0 3.5 NA NA 36.8
1981106 1981 04 16 39.76 16.08 10.5 7.02 0.9 NA NA 73.56
1981107 1981 04 17 243.5 21.1 9.18 0 2 NA NA 43.1
1981108 1981 04 18 263.89 22.7 12 0 1 NA NA 39.4
1981109 1981 04 19 248.84 24 12.06 0 1.3 NA NA 35.27
1981110 1981 04 20 291.82 25 11.7 0 1.8 NA NA 33.5
1981111 1981 04 21 277.29 26.56 12.3 0 2 NA NA 28.59
1981112 1981 04 22 166.51 22 8.13 2 3.34 NA NA 40.3
1981113 1981 04 23 175.35 16.61 8.4 0 3.7 NA NA 42.24
1981114 1981 04 24 83 15.88 8.83 1.8 2.9 NA NA 51.56
1981115 1981 04 25 256.93 22.14 9.9 1.1 3.5 NA NA 32.99
1981116 1981 04 26 72.01 17.68 11.3 23.44 5.95 NA NA 61.96
1981117 1981 04 27 239.58 17.9 7.49 0 2.9 NA NA 42.4
1981118 1981 04 28 304.4 21.7 6.7 0 1 NA NA 35.94
1981119 1981 04 29 304.4 22.9 9.7 0 2.6 NA NA 35.4
1981120 1981 04 30 302.08 22.4 7.7 0 3 NA NA 32.8
1981121 1981 05 01 283.56 21.6 6.85 0 2.1 NA NA 35.4
1981122 1981 05 02 262.77 20.87 8.57 0 1 NA NA 40.43
1981123 1981 05 03 256.94 21.3 12.6 0 1.2 NA NA 41.71
1981124 1981 05 04 251.16 22 11.8 0 0.9 NA NA 41.02
1981125 1981 05 05 246.32 22.39 11 0 1.3 NA NA 39.77
1981126 1981 05 06 150.46 19.75 11.6 0 1.7 NA NA 49.34
1981127 1981 05 07 203.84 20.1 11.5 0 1.2 NA NA 47.44
1981128 1981 05 08 319.26 23.5 9.5 0 1.3 NA NA 28.33
1981129 1981 05 09 222.02 22.96 14.42 0 0.6 NA NA 35.61
1981130 1981 05 10 129.84 18.2 13.6 1.5 2.6 NA NA 52.11
1981131 1981 05 11 245.37 22.9 12.1 0 3.2 NA NA 40.42
1981132 1981 05 12 171.3 19.53 12.1 0 2.5 NA NA 49.23
1981133 1981 05 13 217.42 19.79 10.97 4.93 2.8 NA NA 48.12
1981134 1981 05 14 211.81 22.3 13.4 1.5 0.6 NA NA 46.33
1981135 1981 05 15 333.86 25.6 12.2 0 1 NA NA 32.05
1981136 1981 05 16 299.94 27.32 14.8 0 0.7 NA NA 30.9
1981137 1981 05 17 297.45 28.3 15.06 0 0.5 NA NA 31.8
1981138 1981 05 18 296.3 29 16.1 0 1.6 NA NA 31.22
1981139 1981 05 19 269.68 29 16.61 0 1.3 NA NA 33.7
1981140 1981 05 20 224.32 25.4 16.3 2.3 2.2 NA NA 40.51
1981141 1981 05 21 182.87 24.49 15.6 0 0.7 NA NA 46.01
1981142 1981 05 22 309.03 26.6 15.3 0 2 NA NA 32.81
1981143 1981 05 23 256.5 27.4 15.6 0 1.3 NA NA 31.97
1981144 1981 05 24 293.78 30.2 16.5 0 1.8 NA NA 26.98
1981145 1981 05 25 317.27 28.9 16.68 0 3.3 NA NA 29.83
1981146 1981 05 26 263.87 28 16.8 0 1.4 NA NA 36.74
1981147 1981 05 27 315 29.8 17 0 1.3 NA NA 29.18
1981148 1981 05 28 321.76 30 16.8 0 1.8 NA NA 27.51
1981149 1981 05 29 317.32 30.2 17 0 1.2 NA NA 26.92
1981150 1981 05 30 278.77 29.8 17.1 0 2.4 NA NA 29.3
1981151 1981 05 31 259.08 26.47 16.3 4.18 2.9 NA NA 36.81
1981152 1981 06 01 199.62 24.5 15.6 0 1.9 NA NA 42.91
1981153 1981 06 02 221.57 25.29 16.11 3.27 2 NA NA 40.37
1981154 1981 06 03 317.13 28.6 15.6 0 2.2 NA NA 31.68
1981155 1981 06 04 289.66 27.5 15.8 2.36 1.1 NA NA 36.84
1981156 1981 06 05 292.82 27.02 16.7 0 1.9 NA NA 35.01
1981157 1981 06 06 202.66 23.93 17.7 6.26 0.5 NA NA 52.01
1981158 1981 06 07 166.35 23.3 18.1 5.6 0.39 NA NA 59.49
1981159 1981 06 08 282.41 27.29 17.79 1.2 0.7 NA NA 39.67
1981160 1981 06 09 289.3 28.1 17.7 0 0.8 NA NA 37.02
1981161 1981 06 10 290.51 28.7 17.5 1.2 1 NA NA 35.41
1981162 1981 06 11 318.29 28.79 17.6 0 1.89 NA NA 35.1
1981163 1981 06 12 312.5 30.6 17.43 0 0.7 NA NA 29.97
1981164 1981 06 13 283.47 30.4 20.4 0 0.6 NA NA 35.48
1981165 1981 06 14 311.34 33.21 20 0 0.7 NA NA 31
1981166 1981 06 15 307.87 35.18 20.1 0 1.5 NA NA 23.67
1981167 1981 06 16 309.95 35.61 20.8 0 1.9 NA NA 24.25
1981168 1981 06 17 334.49 33.9 20 0 2.7 NA NA 26.65
1981169 1981 06 18 338.96 33.2 19.2 0 2.8 NA NA 28.83
1981170 1981 06 19 315.97 34.28 19.3 0 1.2 NA NA 26.49
1981171 1981 06 20 312.07 33.3 20.2 0 2 NA NA 29.9
1981172 1981 06 21 310.19 32.42 19.8 0 2.7 NA NA 27.3
1981173 1981 06 22 317.13 30.69 19.7 0 2.2 NA NA 29.53
1981174 1981 06 23 319.44 33.2 19.7 0 1.2 NA NA 21.17
1981175 1981 06 24 304.04 33.3 20.33 0 2.4 NA NA 20
1981176 1981 06 25 298.47 32.9 20.4 0 1.4 NA NA 22.05
1981177 1981 06 26 297.45 29.78 19.7 0 3.7 NA NA 29.35
1981178 1981 06 27 246.53 26.04 18.9 0 3.2 NA NA 37.18
1981179 1981 06 28 246.03 26.68 18.8 3.92 1.5 NA NA 44.07
1981180 1981 06 29 344.91 30.9 18.4 0 1 NA NA 28.09
1981181 1981 06 30 316.96 33.83 20.9 0 2 NA NA 21.6
1981182 1981 07 01 246.51 29.9 22.2 1.4 1.3 NA NA 42.64
1981183 1981 07 02 314.59 34.3 21.58 0 2.2 NA NA 23.9
1981184 1981 07 03 311.34 29.8 20.7 0 3.3 NA NA 30.18
1981185 1981 07 04 257.8 27.36 20.4 0 3.7 NA NA 41.78
1981186 1981 07 05 343.75 33.4 19.4 0 2.2 NA NA 23.08
1981187 1981 07 06 336.81 32.6 19.86 0 3.4 NA NA 24.8
1981188 1981 07 07 361.11 32.26 18.6 0 3.1 NA NA 18.07
1981189 1981 07 08 317.13 34.4 20.7 0 1.82 NA NA 18.56
1981190 1981 07 09 311.34 33.2 21.3 0 3 NA NA 25.91
1981191 1981 07 10 344.64 33.4 20.4 0 3.1 NA NA 19.2
1981192 1981 07 11 348.23 35.8 20.7 0 2.5 NA NA 14.38
1981193 1981 07 12 342.59 37.1 21.5 0 3.4 NA NA 16.5
1981194 1981 07 13 347.22 37.6 21.7 0 3.1 NA NA 15.81
1981195 1981 07 14 342.59 38.8 22.7 0 2 NA NA 14.4
1981196 1981 07 15 337.96 37.1 22.02 0 3.2 NA NA 17.8
1981197 1981 07 16 336.76 32.7 20.7 0 4.2 NA NA 25.73
1981198 1981 07 17 347.22 32.95 19.03 0 4 NA NA 18.83
1981199 1981 07 18 341.44 34.8 19.5 0 1.9 NA NA 17.17
1981200 1981 07 19 334.49 36.2 22.9 0 1.3 NA NA 15.6
1981201 1981 07 20 329.86 34.3 22.2 0 2.3 NA NA 19.9
1981202 1981 07 21 331.02 30.4 19.8 0 3.1 NA NA 25.9
1981203 1981 07 22 320.6 28.7 18.6 0 3.2 NA NA 24.9
1981204 1981 07 23 341.44 32.1 18.28 0 2.71 NA NA 17.49
1981205 1981 07 24 331.02 34.9 20.1 0 1.3 NA NA 14.83
1981206 1981 07 25 331.07 36.77 23.5 0 1.3 NA NA 13.1
1981207 1981 07 26 322.92 38.89 23.5 0 1.9 NA NA 11.29
1981208 1981 07 27 282.4 34.4 23.8 0 3.1 NA NA 21.9
1981209 1981 07 28 317.13 31.58 21.3 0 3.7 NA NA 31.27
1981210 1981 07 29 329.86 33.9 20.1 0 1.8 NA NA 20.33
1981211 1981 07 30 312.12 32.1 20 0 3.4 NA NA 28.9
1981212 1981 07 31 327.75 32.1 19.5 0 4.7 NA NA 22.61
1981213 1981 08 01 331.02 36.2 19.29 0 4.2 NA NA 13.6
1981214 1981 08 02 324.07 39.5 22 0 2.2 NA NA 11.3
1981215 1981 08 03 318.29 39.6 24.9 0 1.7 NA NA 12.16
1981216 1981 08 04 311.34 32.7 21.6 0 5.16 NA NA 30.39
1981217 1981 08 05 311.34 35.7 20.5 0 4.8 NA NA 23.63
1981218 1981 08 06 318.29 37.2 20.8 0 4.2 NA NA 16.7
1981219 1981 08 07 320.6 38.4 21.6 0 1.8 NA NA 11.17
1981220 1981 08 08 313.8 37.91 24.5 0 1.8 NA NA 14.5
1981221 1981 08 09 306.71 36.91 22.4 0 2 NA NA 15.79
1981222 1981 08 10 305.56 31.4 19.7 0 4.6 NA NA 31.3
1981223 1981 08 11 306.71 31.8 18.3 0 4.3 NA NA 28.41
1981224 1981 08 12 302.08 34.28 19.4 0 3.8 NA NA 23.96
1981225 1981 08 13 298.61 35.1 20.3 0 3.4 NA NA 24.39
1981226 1981 08 14 296.91 35.8 21.2 0 2.9 NA NA 24.6
1981227 1981 08 15 294.16 36.46 21.5 0 2.4 NA NA 22.01
1981228 1981 08 16 298.61 35.1 21.3 0 2.1 NA NA 24.22
1981229 1981 08 17 292.32 31.59 20.3 0 2.8 NA NA 31.55
1981230 1981 08 18 235.14 29.6 20.1 1.2 0.4 NA NA 43.67
1981231 1981 08 19 200.94 28.65 21.8 0 3.2 NA NA 47.16
1981232 1981 08 20 251.16 31.9 21.3 0 0.9 NA NA 29.82
1981233 1981 08 21 283.47 32.17 20.7 0 3.7 NA NA 25.26
1981234 1981 08 22 285.88 32.1 19.4 0 3.67 NA NA 24.7
1981235 1981 08 23 281.25 31.63 19.3 0 4.62 NA NA 27.74
1981236 1981 08 24 289.35 31.9 17.98 0 4.5 NA NA 23.99
1981237 1981 08 25 282.41 32.16 18 0 3.8 NA NA 24.2
1981238 1981 08 26 287.04 35.4 19 0 2.6 NA NA 14.08
1981239 1981 08 27 278.94 35.2 20.09 0 3.5 NA NA 14.6
1981240 1981 08 28 275.08 32.66 20.9 0 4 NA NA 21.7
1981241 1981 08 29 278.94 35.54 19.32 0 3.3 NA NA 16.6
1981242 1981 08 30 274.31 36.56 20.6 0 1.6 NA NA 16
1981243 1981 08 31 275.46 35.6 21.8 0 2.4 NA NA 14.92
1981244 1981 09 01 271.99 34.7 21.54 0 2.6 NA NA 16.5
1981245 1981 09 02 218.7 27.1 18.4 0 3.2 NA NA 25.67
1981246 1981 09 03 265.05 31.4 16.98 0 1.2 NA NA 21.3
1981247 1981 09 04 252.31 31.18 20.11 0 1 NA NA 26.63
1981248 1981 09 05 263.89 30.3 18.6 0 3.3 NA NA 23.82
1981249 1981 09 06 267.36 29.4 16.09 0 3.7 NA NA 17.1
1981250 1981 09 07 269.68 31.2 14.9 0 2.1 NA NA 11.86
1981251 1981 09 08 265.05 32 16.77 0 3.02 NA NA 11.9
1981252 1981 09 09 256.94 32.32 18.5 0 3.3 NA NA 14.29
1981253 1981 09 10 256.94 33.7 18.3 0 1 NA NA 13.98
1981254 1981 09 11 252.31 33 20.6 0 1.1 NA NA 17.08
1981255 1981 09 12 247.69 33.4 20.4 0 0.7 NA NA 18.79
1981256 1981 09 13 245.78 33.6 19.3 0 1.4 NA NA 18.08
1981257 1981 09 14 245.37 33.6 19.6 0 1.5 NA NA 19.2
1981258 1981 09 15 244.21 33.6 19.3 0 1.6 NA NA 18.9
1981259 1981 09 16 241.9 33.41 20.6 0 1.1 NA NA 17.2
1981260 1981 09 17 240.74 32.06 18.51 0 1.2 NA NA 18.22
1981261 1981 09 18 238.43 30.87 18.6 0 1.6 NA NA 23.64
1981262 1981 09 19 216.44 29.7 18.2 6.66 4.02 NA NA 32.78
1981263 1981 09 20 186.32 28.58 19 7.89 4.7 NA NA 42.27
1981264 1981 09 21 172.35 24.74 15.8 5.07 3.4 NA NA 32.8
1981265 1981 09 22 236.11 24.2 14 0 3.1 NA NA 20
1981266 1981 09 23 228.01 27.11 13.9 0 2.6 NA NA 18.18
1981267 1981 09 24 225.69 28 15.4 0 3.6 NA NA 22.08
1981268 1981 09 25 222.22 25.64 14.8 0 4.5 NA NA 30.94
1981269 1981 09 26 217.59 22.8 12.4 0 4.3 NA NA 29.3
1981270 1981 09 27 224.21 23.3 11.61 0 1.6 NA NA 27.7
1981271 1981 09 28 157.31 24.3 13.58 0 1.7 NA NA 29.11
1981272 1981 09 29 212.4 29.1 16.3 0 1.29 NA NA 30.19
1981273 1981 09 30 212.96 31.4 19 0 2 NA NA 21.44
1981274 1981 10 01 215.28 32.3 17.4 0 3.3 NA NA 16.6
1981275 1981 10 02 209.49 28.2 15.9 0 3.8 NA NA 27.53
1981276 1981 10 03 207.18 27.7 14.7 0 3.7 NA NA 31.56
1981277 1981 10 04 203.7 28.8 15.08 0 1.4 NA NA 28.51
1981278 1981 10 05 202.55 29.42 16.8 0 0.6 NA NA 26.04
1981279 1981 10 06 195.6 29.6 17.02 0 0.8 NA NA 25.75
1981280 1981 10 07 158.59 27.99 16.9 0 1.7 NA NA 30.8
1981281 1981 10 08 199.07 26.5 14.7 0 3.4 NA NA 27.6
1981282 1981 10 09 96.04 15.3 10.4 1.5 5.39 NA NA 45.79
1981283 1981 10 10 56.69 10.85 9.44 10.8 5.1 NA NA 52.19
1981284 1981 10 11 56.65 12.87 8 6.2 4.77 NA NA 55.34
1981285 1981 10 12 89.47 13.45 6.9 1.38 3.1 NA NA 44.39
1981286 1981 10 13 102.92 16.37 7.53 5.25 3.1 NA NA 49.6
1981287 1981 10 14 76.1 19.8 13.4 0 2.9 NA NA 54.89
1981288 1981 10 15 94.91 18.41 13.6 14.21 3.2 NA NA 57.27
1981289 1981 10 16 84.41 19.04 12.73 10.8 2.3 NA NA 58.35
1981290 1981 10 17 170.33 20.1 10.9 0 3.14 NA NA 44.79
1981291 1981 10 18 178.48 20.4 9.7 0 2.4 NA NA 39.01
1981292 1981 10 19 173.67 21.8 11.5 0 1.1 NA NA 39.51
1981293 1981 10 20 149.11 20.98 11.5 0 2.9 NA NA 46.2
1981294 1981 10 21 33.56 14.6 10.8 5.75 2.8 NA NA 73.69
1981295 1981 10 22 166.67 17.8 8.06 0 3.3 NA NA 41.7
1981296 1981 10 23 168.98 18.5 7.19 0 2.81 NA NA 37.3
1981297 1981 10 24 169.05 20.67 7.8 0 3.1 NA NA 28.2
1981298 1981 10 25 167.82 21 7.99 0 3.2 NA NA 26.28
1981299 1981 10 26 151.62 20.9 8.32 0 2.5 NA NA 24.52
1981300 1981 10 27 159.72 21.3 9 0 0.8 NA NA 25
1981301 1981 10 28 153.94 22 11.3 0 1.2 NA NA 28.91
1981302 1981 10 29 152.78 20.51 9.31 0 2.4 NA NA 33.64
1981303 1981 10 30 153.08 20 8 0 2.2 NA NA 31
1981304 1981 10 31 152.59 20.05 7.9 0 1.3 NA NA 27.89
1981305 1981 11 01 151.62 20.93 9.73 0 1.1 NA NA 25.58
1981306 1981 11 02 150.46 19.6 8 0 3 NA NA 30
1981307 1981 11 03 138.89 19.59 8.6 0 4.1 NA NA 37.62
1981308 1981 11 04 141.2 19.2 7.9 0 3.1 NA NA 36.72
1981309 1981 11 05 138.62 22.3 9.88 0 1.4 NA NA 31.76
1981310 1981 11 06 74.07 21.3 15.4 0 0.9 NA NA 48.21
1981311 1981 11 07 120.34 22.35 12.9 0 1.1 NA NA 45.03
1981312 1981 11 08 137.73 21.8 11.6 0 1.69 NA NA 39.72
1981313 1981 11 09 112.27 21.5 11.6 0 0.3 NA NA 42.73
1981314 1981 11 10 89.1 21.11 14.86 7.4 2.4 NA NA 45.2
1981315 1981 11 11 69.25 19.97 13.2 1.29 1.4 NA NA 53.11
1981316 1981 11 12 128.73 21.5 12.22 0 0.4 NA NA 41.3
1981317 1981 11 13 79.86 19.91 14.55 0 0.5 NA NA 48.62
1981318 1981 11 14 96.1 20.52 12.9 3.7 1 NA NA 48.8
1981319 1981 11 15 58.21 18.9 14.76 1.94 1.5 NA NA 64.53
1981320 1981 11 16 91.44 20.36 11.9 0 2.1 NA NA 50.83
1981321 1981 11 17 95.89 18.9 10.83 0 3.7 NA NA 51.14
1981322 1981 11 18 126.16 18.2 9.5 0 3.4 NA NA 41.3
1981323 1981 11 19 127.58 16.1 6.5 0 4.2 NA NA 37.8
1981324 1981 11 20 118.06 14.4 4.49 0 2.51 NA NA 33.91
1981325 1981 11 21 30.03 12 8.5 16.1 3.6 NA NA 66.9
1981326 1981 11 22 101.85 14.4 6.8 0 2.26 NA NA 50.8
1981327 1981 11 23 75.61 14.1 6.8 0 3 NA NA 51.01
1981328 1981 11 24 111.66 15.3 7 0 2.2 NA NA 49.09
1981329 1981 11 25 106.7 17.1 7.14 0 0.9 NA NA 46.16
1981330 1981 11 26 31.25 14.38 10.5 24.39 1.8 NA NA 81.46
1981331 1981 11 27 56.71 12.05 9.3 0 1.5 NA NA 80.7
1981332 1981 11 28 50.93 13.54 6 0 3.29 NA NA 70.1
1981333 1981 11 29 111.11 13.53 4.8 0 2.8 NA NA 50.9
1981334 1981 11 30 75.23 14.1 4.55 3.81 0.5 NA NA 50.85
1981335 1981 12 01 46.3 14.3 10.4 17.27 0.4 NA NA 68.6
1981336 1981 12 02 103.01 15.5 6.39 0 2.53 NA NA 52.86
1981337 1981 12 03 107.64 14.1 5.1 0 2.8 NA NA 50.12
1981338 1981 12 04 108.58 13.9 4.64 0 2.2 NA NA 49.76
1981339 1981 12 05 107.64 14.2 4.17 0 0.83 NA NA 46.1
1981340 1981 12 06 79.86 17.6 10.9 0 3.18 NA NA 54.4
1981341 1981 12 07 18.5 14.97 12.8 0 2.71 NA NA 82.41
1981342 1981 12 08 41.55 17.88 13.6 0 0.93 NA NA 72.31
1981343 1981 12 09 46.3 17.81 13.6 0 3.44 NA NA 71.8
1981344 1981 12 10 68.29 15.7 4.6 2.49 4.6 NA NA 50.84
1981345 1981 12 11 109.95 7.2 -0.1 0 4 NA NA 50.29
1981346 1981 12 12 40.51 8.58 0.5 3.6 1.3 NA NA 51.59
1981347 1981 12 13 56.48 6.3 -0.7 7.48 3.6 NA NA 55.2
1981348 1981 12 14 104.17 3.72 -2 0 3.92 NA NA 54.7
1981349 1981 12 15 82.18 4.47 -2.85 5.42 0.8 NA NA 44.17
1981350 1981 12 16 97.22 7.26 -0.5 0 2.2 NA NA 44.75
1981351 1981 12 17 46.3 8 0.3 5.9 2.8 NA NA 40.6
1981352 1981 12 18 40.51 14.7 5.8 2 4 NA NA 53.59
1981353 1981 12 19 45.14 14 9.7 4.6 3.5 NA NA 75.19
1981354 1981 12 20 39.25 12.6 5.7 9.34 3.5 NA NA 79.8
1981355 1981 12 21 42.82 6.7 2.4 7.82 4.1 NA NA 81.28
1981356 1981 12 22 61.34 4.86 0.5 1.77 4.2 NA NA 76.07
1981357 1981 12 23 79.86 6.86 -0.48 0 3.9 NA NA 60.08
1981358 1981 12 24 79.86 3.83 -1.6 0 3.8 NA NA 70.82
1981359 1981 12 25 107.64 5.1 -1.87 0 0.6 NA NA 51.2
1981360 1981 12 26 65.97 8.2 2.49 0 0.28 NA NA 57.6
1981361 1981 12 27 64.83 12.5 5.8 0 0.7 NA NA 50.55
1981362 1981 12 28 17.34 10 5.27 0 2.2 NA NA 73.41
1981363 1981 12 29 100.81 14.1 5.7 0 1.3 NA NA 38.9
1981364 1981 12 30 93.75 14.2 5.1 0 2.1 NA NA 34.66
1981365 1981 12 31 52.08 14.1 7.8 0 3.6 NA NA 62.83
1982001 1982 01 01 16.2 14.32 8.5 8.25 4.5 NA NA 71.92
1982002 1982 01 02 92.48 14 6.8 0 1.16 NA NA 51.39
1982003 1982 01 03 39.79 11.92 9.4 6.26 0.6 NA NA 82.01
1982004 1982 01 04 72.92 12.5 6.93 0 1.9 NA NA 71.36
1982005 1982 01 05 90.28 11.5 5.57 0 3.2 NA NA 56.36
1982006 1982 01 06 68.29 10.3 4.4 0 2.3 NA NA 65.21
1982007 1982 01 07 79.86 11 3.5 0 1 NA NA 50.8
1982008 1982 01 08 49.77 13.1 7.1 0 2.1 NA NA 71.99
1982009 1982 01 09 97.22 17.74 10.7 0 2.7 NA NA 49.98
1982010 1982 01 10 107.64 16.95 8.8 0 2.5 NA NA 41.79
1982011 1982 01 11 91.26 16.5 8.7 0 1.8 NA NA 42.73
1982012 1982 01 12 37.22 14.5 11.8 12.64 1.15 NA NA 74.74
1982013 1982 01 13 113.43 16.6 10 0 0.8 NA NA 52.56
1982014 1982 01 14 103.51 15.55 8 0 1.3 NA NA 48.54
1982015 1982 01 15 76.27 14.5 8.61 0 2 NA NA 56.04
1982016 1982 01 16 54.4 12.86 10.71 0 0.3 NA NA 75.11
1982017 1982 01 17 74.07 13.8 8.9 0 0.9 NA NA 62.77
1982018 1982 01 18 14.86 12.6 10.3 22.01 2.5 NA NA 82.53
1982019 1982 01 19 61.34 12.5 7.61 1.2 0.6 NA NA 69.34
1982020 1982 01 20 85.65 9.1 2.6 0 4.34 NA NA 63.43
1982021 1982 01 21 87.96 6.44 -0.34 0 4.2 NA NA 56.21
1982022 1982 01 22 135.42 8.19 -0.7 0 0.9 NA NA 35.39
1982023 1982 01 23 95.15 8.6 -0.94 0 2.8 NA NA 43.86
1982024 1982 01 24 93.47 11.8 3.5 0 3.2 NA NA 44.1
1982025 1982 01 25 71.19 11 4.08 0 2.4 NA NA 58.25
1982026 1982 01 26 78.7 12.7 7.8 1.6 2.2 NA NA 60.64
1982027 1982 01 27 64.81 11.8 6.9 3.2 2.3 NA NA 74.41
1982028 1982 01 28 94.91 11.68 2.9 0 3.7 NA NA 61.8
1982029 1982 01 29 139 13.16 2.4 0 0.7 NA NA 35.79
1982030 1982 01 30 65.97 8.1 0.8 2.4 4.4 NA NA 66.11
1982031 1982 01 31 89.12 3.48 -1.4 8.2 5.8 NA NA 77.19
1982032 1982 02 01 129.41 -1.64 -4.03 0 4.8 NA NA 60.8
1982033 1982 02 02 125.04 2.53 -3.7 0 3.9 NA NA 52
1982034 1982 02 03 143.52 7.1 -1.8 0 1.5 NA NA 48.51
1982035 1982 02 04 97.22 7.99 0.43 0 1.9 NA NA 56.61
1982036 1982 02 05 111.11 10.4 2.2 0 2.5 NA NA 44.84
1982037 1982 02 06 83.31 10.28 2.22 0 0.7 NA NA 57.15
1982038 1982 02 07 67.29 10.6 5.71 0 2.3 NA NA 68.32
1982039 1982 02 08 65.97 10.8 0.8 12.91 4.11 NA NA 58.8
1982040 1982 02 09 99.37 7.72 -2.06 0 3.8 NA NA 41.65
1982041 1982 02 10 146.99 0.23 -4.14 0 5.21 NA NA 38.89
1982042 1982 02 11 137.73 -1.69 -5.44 0 4.15 NA NA 43.4
1982043 1982 02 12 149.31 2.35 -5.05 0 4.6 NA NA 35.42
1982044 1982 02 13 162.04 2.4 -5.19 0 3.1 NA NA 33.34
1982045 1982 02 14 162.04 7.9 -3.66 0 0.7 NA NA 23.53
1982046 1982 02 15 144.94 10.18 1.5 0 1.1 NA NA 28.19
1982047 1982 02 16 156.25 10.79 0.69 0 1.1 NA NA 36.11
1982048 1982 02 17 82.16 10.1 1.39 0 2.3 NA NA 57.2
1982049 1982 02 18 170.14 10.9 2.03 0 1.7 NA NA 36.66
1982050 1982 02 19 64.81 10.4 4.44 1.2 0.99 NA NA 52.41
1982051 1982 02 20 62.38 7.4 -0.7 7.44 4.2 NA NA 61.8
1982052 1982 02 21 94.91 4.53 -0.9 5.6 4.9 NA NA 68.17
1982053 1982 02 22 134.11 -0.43 -2.14 5.79 3.2 NA NA 75.65
1982054 1982 02 23 160.88 2.58 -2 0 1.3 NA NA 54.24
1982055 1982 02 24 139.69 0.25 -2.42 0 3.2 NA NA 66.7
1982056 1982 02 25 143.52 4.95 -1.8 0 3.1 NA NA 57.53
1982057 1982 02 26 122.69 6.22 -0.1 0 3 NA NA 62.9
1982058 1982 02 27 150.46 6.39 -0.8 0 3.5 NA NA 56.74
1982059 1982 02 28 194.57 8.06 -1.5 0 2.5 NA NA 46.89
1982060 1982 03 01 197.44 10.22 -1.4 0 2.1 NA NA 36.5
1982061 1982 03 02 180.56 8.3 -0.9 0 4.2 NA NA 48.25
1982062 1982 03 03 202.55 11.14 1.65 0 4.9 NA NA 42.89
1982063 1982 03 04 207.18 10.19 -0.41 0 3.9 NA NA 40.49
1982064 1982 03 05 209.62 9.9 -1.7 0 4.3 NA NA 37.4
1982065 1982 03 06 210.46 11.19 -1.5 0 4.3 NA NA 37.17
1982066 1982 03 07 210.68 13.5 -0.1 0 3.42 NA NA 33.47
1982067 1982 03 08 214.12 17.4 1.59 0 1.7 NA NA 17.27
1982068 1982 03 09 207.18 17.8 4.3 0 0.9 NA NA 20.24
1982069 1982 03 10 45.13 11.6 9.3 8.71 0.6 NA NA 77.41
1982070 1982 03 11 83.25 14.3 4.75 0 2.2 NA NA 60.84
1982071 1982 03 12 208.33 15.5 3.61 0 1.5 NA NA 38.57
1982072 1982 03 13 144.68 15.08 7.16 4.1 0.7 NA NA 47.46
1982073 1982 03 14 172.45 15.86 8.6 0 1 NA NA 46.59
1982074 1982 03 15 45.12 11.6 8.8 8.5 2.7 NA NA 82.06
1982075 1982 03 16 62.7 10.91 8.9 19.83 5.6 NA NA 77.06
1982076 1982 03 17 110.01 10.7 5.7 2.72 3.2 NA NA 60.68
1982077 1982 03 18 172.45 12.39 3.6 0 1.9 NA NA 42.82
1982078 1982 03 19 140.05 15.27 4.03 3.44 4.8 NA NA 50.4
1982079 1982 03 20 170.08 16.37 9.2 0 0.7 NA NA 40.9
1982080 1982 03 21 170.14 19.7 8.98 0 4.2 NA NA 38.3
1982081 1982 03 22 60.19 15.4 12.1 10.8 3 NA NA 77.48
1982082 1982 03 23 62.37 15.9 12.5 13.93 4 NA NA 76.71
1982083 1982 03 24 235.22 15.7 8.5 4.08 3 NA NA 53.61
1982084 1982 03 25 199.36 15.3 6.99 4.6 1.9 NA NA 50.61
1982085 1982 03 26 188.2 14.4 6.6 1.25 2.6 NA NA 53.6
1982086 1982 03 27 100.17 7.7 3.76 0 4.2 NA NA 67.29
1982087 1982 03 28 245.82 14.4 4 0 3.1 NA NA 45.02
1982088 1982 03 29 252.04 17.4 3.21 0 0.8 NA NA 38.46
1982089 1982 03 30 90.28 15.06 10.14 1.83 2.6 NA NA 66.15
1982090 1982 03 31 218.75 20.7 9.43 0 3.4 NA NA 38.7
1982091 1982 04 01 192.85 21.23 11.87 0 1 NA NA 43.06
1982092 1982 04 02 42.62 15.6 10.1 11.4 2.59 NA NA 71.88
1982093 1982 04 03 65.85 13.99 9.6 6.16 3.6 NA NA 69.07
1982094 1982 04 04 99.51 14.39 9.75 0 1.3 NA NA 59.89
1982095 1982 04 05 222.44 17.5 7.7 1.2 1.64 NA NA 45.02
1982096 1982 04 06 266.2 19.5 6.3 0 2 NA NA 42.88
1982097 1982 04 07 255.63 22.45 9.7 0 1.1 NA NA 40.3
1982098 1982 04 08 153.94 21.21 12.9 2.4 1 NA NA 49.98
1982099 1982 04 09 58.38 16.7 11.4 28.7 0.9 NA NA 77.13
1982100 1982 04 10 278.94 19.7 8.6 0 2.9 NA NA 46.01
1982101 1982 04 11 273.15 20.54 8.7 0 2.6 NA NA 40.3
1982102 1982 04 12 277.78 21.92 7.8 0 1.1 NA NA 38.3
1982103 1982 04 13 176.62 21.34 10.9 0 2.1 NA NA 42.27
1982104 1982 04 14 90.28 16.78 11.9 2.92 2.4 NA NA 64.46
1982105 1982 04 15 104.61 16.2 7.69 1.7 2.9 NA NA 61.69
1982106 1982 04 16 140.02 10.1 6.7 6.13 2.1 NA NA 66.18
1982107 1982 04 17 163.83 15 6.2 0 1 NA NA 53.43
1982108 1982 04 18 248.25 16.1 4.38 0 2.05 NA NA 40.3
1982109 1982 04 19 216.66 16.74 6.8 9 1.5 NA NA 50.25
1982110 1982 04 20 254.63 18.68 8.88 0 1.2 NA NA 43.39
1982111 1982 04 21 277.78 19.3 4.7 0 3.4 NA NA 34.4
1982112 1982 04 22 307.87 17.6 3.2 0 3.4 NA NA 33.4
1982113 1982 04 23 309.03 17.6 3.28 0 2.9 NA NA 29.09
1982114 1982 04 24 317.15 18.59 3.4 0 2.9 NA NA 29.16
1982115 1982 04 25 285.88 19.5 3.57 0 3.2 NA NA 27.59
1982116 1982 04 26 259.68 17.19 5.02 0 3.6 NA NA 40.3
1982117 1982 04 27 317.64 21.16 5.19 0 1.3 NA NA 29.12
1982118 1982 04 28 309.03 23.7 11.7 0 1.8 NA NA 28.8
1982119 1982 04 29 233.8 24.9 11.78 0 2.9 NA NA 34.18
1982120 1982 04 30 271.99 27.1 14.3 0 2.9 NA NA 28.29
1982121 1982 05 01 141.16 22.19 15.3 7.49 2.8 NA NA 44.9
1982122 1982 05 02 200.19 21.7 10.57 0 2.6 NA NA 46.21
1982123 1982 05 03 263.44 23.7 9.2 6.19 2.1 NA NA 38.1
1982124 1982 05 04 124.29 13.62 9.8 7.91 3.2 NA NA 67.86
1982125 1982 05 05 273.15 22.1 10.8 0 2.2 NA NA 41.2
1982126 1982 05 06 325.32 24.5 10 0 1.3 NA NA 34.8
1982127 1982 05 07 230.28 20.52 11 0 2.2 NA NA 43.11
1982128 1982 05 08 306.86 23.35 10.1 0 1.2 NA NA 35.01
1982129 1982 05 09 157.05 17.61 10.8 0 1.2 NA NA 49.39
1982130 1982 05 10 239.34 21.1 11.17 0 1 NA NA 39.88
1982131 1982 05 11 277.35 23.5 11.7 0 2.1 NA NA 39.9
1982132 1982 05 12 256.8 23.44 14.1 0 2.5 NA NA 41.46
1982133 1982 05 13 280.09 24.58 12.95 0 2.2 NA NA 38.1
1982134 1982 05 14 283.56 27.48 12.3 0 0.6 NA NA 33.6
1982135 1982 05 15 297.45 28.7 16 0 1.6 NA NA 30.9
1982136 1982 05 16 322.92 29.3 16.5 0 1.8 NA NA 30.9
1982137 1982 05 17 333.33 29.2 17 0 0.8 NA NA 28.85
1982138 1982 05 18 306.71 30.7 16.7 0 3.2 NA NA 24.79
1982139 1982 05 19 300.93 27.68 15 0 3.3 NA NA 32.78
1982140 1982 05 20 334.49 29.07 14.3 0 1.91 NA NA 26
1982141 1982 05 21 335.65 30.6 16.3 0 2.8 NA NA 24.2
1982142 1982 05 22 342.59 29.23 16.31 0 2 NA NA 22.7
1982143 1982 05 23 312.64 28.1 16.11 0 1.8 NA NA 23.7
1982144 1982 05 24 285.2 27.5 15.6 0 1.8 NA NA 29.53
1982145 1982 05 25 239.03 25.4 14.3 0 2.46 NA NA 34.8
1982146 1982 05 26 294.95 26.12 13.5 0 1.8 NA NA 31.8
1982147 1982 05 27 336.81 28.7 15.7 0 1.6 NA NA 21.13
1982148 1982 05 28 332.18 29.7 15.6 0 2.1 NA NA 19.5
1982149 1982 05 29 338.25 29.9 16.9 0 2.6 NA NA 20.3
1982150 1982 05 30 328.7 29.7 15.7 0 3.5 NA NA 24.2
1982151 1982 05 31 333.33 28.6 15.7 0 4.1 NA NA 27.09
1982152 1982 06 01 358.8 29.3 15.2 0 2.5 NA NA 24.1
1982153 1982 06 02 346.06 30.92 15.4 0 1.2 NA NA 19.7
1982154 1982 06 03 326.39 32.4 19.81 0 1.3 NA NA 22.67
1982155 1982 06 04 329.86 33.71 19.03 0 0.6 NA NA 23.78
1982156 1982 06 05 338.17 35 21 0 0.9 NA NA 18.98
1982157 1982 06 06 339.57 38.25 20.24 0 1.3 NA NA 16.9
1982158 1982 06 07 290.51 33.91 21.1 0 1.8 NA NA 21.32
1982159 1982 06 08 314.81 33.68 20.3 0 2 NA NA 19.89
1982160 1982 06 09 315.97 32.7 20.2 0 0.7 NA NA 19
1982161 1982 06 10 305.31 31.23 19.74 0 1.9 NA NA 21.7
1982162 1982 06 11 317.13 33.5 21 0 1.1 NA NA 21.32
1982163 1982 06 12 331.02 37.13 21.6 0 0.7 NA NA 16.76
1982164 1982 06 13 313.66 36.9 22.51 0 3.1 NA NA 15.9
1982165 1982 06 14 346.06 34.6 21.24 0 2.5 NA NA 18.08
1982166 1982 06 15 328.7 34.8 20.5 0 2.2 NA NA 20.9
1982167 1982 06 16 349.54 35.8 20.6 0 1.4 NA NA 18.23
1982168 1982 06 17 308.95 32.7 19.7 0 2.5 NA NA 20.8
1982169 1982 06 18 356.53 31.8 18.52 0 2.2 NA NA 17.02
1982170 1982 06 19 327.63 32.4 18.8 0 2.2 NA NA 16.62
1982171 1982 06 20 311.34 30.48 19.4 0 1.8 NA NA 20.8
1982172 1982 06 21 229.17 23.3 17.4 0 3.81 NA NA 48.76
1982173 1982 06 22 347.22 26.79 16 0 4.5 NA NA 20.8
1982174 1982 06 23 308.33 28.73 15.5 0 3.33 NA NA 22.2
1982175 1982 06 24 352.09 30.9 16.6 0 2.4 NA NA 20.3
1982176 1982 06 25 363.43 33.2 18 0 1.5 NA NA 16.59
1982177 1982 06 26 311.29 32.8 20.4 0 2 NA NA 18.4
1982178 1982 06 27 355.89 34.2 19.1 0 1.8 NA NA 20.29
1982179 1982 06 28 358.8 34.37 21.1 0 1.7 NA NA 17.3
1982180 1982 06 29 318.29 33.2 20.33 0 2.2 NA NA 21.6
1982181 1982 06 30 359.95 32.7 19.2 0 3.4 NA NA 16.78
1982182 1982 07 01 370.37 35.91 18.6 0 2.8 NA NA 11.8
1982183 1982 07 02 362.53 38.11 20.5 0 1.4 NA NA 11.19
1982184 1982 07 03 348.17 35.8 21.5 0 2.7 NA NA 16.3
1982185 1982 07 04 351.85 34.3 21.1 0 2.4 NA NA 17.49
1982186 1982 07 05 356.48 34.1 20.3 0 3.3 NA NA 15.4
1982187 1982 07 06 348.38 35.7 20.2 0 3.4 NA NA 13.8
1982188 1982 07 07 358.8 33.8 20 0 4.2 NA NA 18.6
1982189 1982 07 08 354.17 34.9 18.6 0 3.7 NA NA 17.41
1982190 1982 07 09 348.38 38.6 20.4 0 2 NA NA 13.22
1982191 1982 07 10 339.12 37.3 23.11 0 2.4 NA NA 15.2
1982192 1982 07 11 328.7 35.12 21 0 4.4 NA NA 17.8
1982193 1982 07 12 358.8 30.28 18.7 0 4.7 NA NA 20.09
1982194 1982 07 13 351.85 34.2 17.6 0 2.26 NA NA 15
1982195 1982 07 14 342.59 36.9 22.5 0 0.9 NA NA 12.2
1982196 1982 07 15 340.28 39.2 22.7 0 1.8 NA NA 11.3
1982197 1982 07 16 340.28 40.3 25 0 2.49 NA NA 10.69
1982198 1982 07 17 334.49 39 22.81 0 3.62 NA NA 11.4
1982199 1982 07 18 355.32 29.51 19.62 0 4.74 NA NA 15.62
1982200 1982 07 19 349.54 33.3 18.4 0 3.1 NA NA 12.2
1982201 1982 07 20 318.29 36.71 20.4 0 1.3 NA NA 10
1982202 1982 07 21 341.44 39.36 24.3 0 1.3 NA NA 9
1982203 1982 07 22 336.81 39.3 23.5 0 2.5 NA NA 10.19
1982204 1982 07 23 332.18 33.4 22.2 0 3.1 NA NA 19.41
1982205 1982 07 24 331.02 33.03 20.7 0 3 NA NA 18.7
1982206 1982 07 25 331.02 33.7 20.1 0 3 NA NA 17.44
1982207 1982 07 26 322.92 34.3 21 0 2.53 NA NA 17.6
1982208 1982 07 27 318.53 35.4 21.9 0 3.1 NA NA 17.1
1982209 1982 07 28 317.13 34.3 22.11 0 3.7 NA NA 20.83
1982210 1982 07 29 295.14 34.1 21.9 0 3.5 NA NA 20.9
1982211 1982 07 30 312.5 33.97 22 0 4 NA NA 24.82
1982212 1982 07 31 313.66 35.6 22 0 4 NA NA 20.3
1982213 1982 08 01 324.07 36.1 21.4 0 4.1 NA NA 16.04
1982214 1982 08 02 326.39 36.1 21.19 0 4.3 NA NA 16.43
1982215 1982 08 03 317.13 34.8 20.59 0 4.6 NA NA 21.93
1982216 1982 08 04 311.34 34.8 20.4 0 4.5 NA NA 22.2
1982217 1982 08 05 315.97 35.3 20.7 0 3.7 NA NA 19.8
1982218 1982 08 06 309.47 35.6 21.1 0 3.6 NA NA 16.08
1982219 1982 08 07 311.34 30.49 18.99 0 4.5 NA NA 26.4
1982220 1982 08 08 318.29 31.1 17.3 0 4.2 NA NA 18.9
1982221 1982 08 09 313.66 32.7 18.15 0 4 NA NA 18.8
1982222 1982 08 10 310.19 35.5 19.9 0 3.7 NA NA 15.87
1982223 1982 08 11 311.34 36.2 20.6 0 3.6 NA NA 14.04
1982224 1982 08 12 314.81 34.7 19.99 0 4.4 NA NA 17.6
1982225 1982 08 13 312.5 36.08 19.4 0 4.1 NA NA 12.61
1982226 1982 08 14 311.34 36.6 20.2 0 3.5 NA NA 10
1982227 1982 08 15 295.14 38.24 22.7 0 3.1 NA NA 10.03
1982228 1982 08 16 300.93 39.97 22.87 0 2.86 NA NA 10
1982229 1982 08 17 293.98 40.6 27.69 0 2.6 NA NA 10
1982230 1982 08 18 290.51 37.5 22 0 3.5 NA NA 16.98
1982231 1982 08 19 289.35 33.2 20.5 0 4.6 NA NA 24.53
1982232 1982 08 20 292.82 31.8 19 0 4.4 NA NA 20.1
1982233 1982 08 21 291.67 33.8 18.49 0 2.4 NA NA 13.8
1982234 1982 08 22 285.88 32.4 20.61 0 3.8 NA NA 24.95
1982235 1982 08 23 276.62 32.2 21.7 0 3.9 NA NA 27.03
1982236 1982 08 24 253.47 31.1 19.3 0 3.6 NA NA 29.5
1982237 1982 08 25 260.39 29.1 18.3 0 3.8 NA NA 35.33
1982238 1982 08 26 258.1 30 17.32 0 2.5 NA NA 29.86
1982239 1982 08 27 252.89 27.08 17.5 0 3 NA NA 34.87
1982240 1982 08 28 240.74 28.19 19.1 0 3 NA NA 26.49
1982241 1982 08 29 278.94 31.22 18.4 0 2 NA NA 19.2
1982242 1982 08 30 232.6 31.5 19.3 0 2.7 NA NA 23.6
1982243 1982 08 31 202.69 32.2 20.7 0 0.8 NA NA 21.2
1982244 1982 09 01 267.36 31.5 20.16 0 2 NA NA 29
1982245 1982 09 02 196.73 29.1 20.3 0 1.3 NA NA 38.58
1982246 1982 09 03 263.89 30.9 18.93 0 3 NA NA 23.91
1982247 1982 09 04 265.05 30 18.5 0 3.4 NA NA 23.6
1982248 1982 09 05 268.52 32.4 16.9 0 1.3 NA NA 16.4
1982249 1982 09 06 259.26 32.4 18.9 0 3.31 NA NA 18.57
1982250 1982 09 07 202.55 22.51 17.4 0 5 NA NA 42.29
1982251 1982 09 08 202.55 26.66 17.1 1.2 2.1 NA NA 30.74
1982252 1982 09 09 255.79 28.3 16.23 0 2.2 NA NA 28.93
1982253 1982 09 10 255.79 29.83 16 0 1.8 NA NA 28.4
1982254 1982 09 11 247.69 31.1 17.6 0 1.2 NA NA 22.9
1982255 1982 09 12 250 31.5 19.4 0 0.6 NA NA 20.1
1982256 1982 09 13 248.84 33.77 19.9 0 2 NA NA 17.1
1982257 1982 09 14 245.37 32.4 18 0 3.3 NA NA 21
1982258 1982 09 15 244.21 32.1 17.7 0 2.5 NA NA 19
1982259 1982 09 16 244.21 29.3 16.4 0 4.24 NA NA 23.5
1982260 1982 09 17 246.53 28.72 15 0 4 NA NA 23.4
1982261 1982 09 18 243.06 30.8 15.08 0 3.7 NA NA 17.99
1982262 1982 09 19 241.9 31 15.7 0 3.4 NA NA 18.19
1982263 1982 09 20 237.15 31.6 15.9 0 2.69 NA NA 17.97
1982264 1982 09 21 234.95 31.9 16.3 0 3 NA NA 20.9
1982265 1982 09 22 230.32 30.4 15.9 0 3.6 NA NA 23.6
1982266 1982 09 23 228.01 30.9 16.18 0 3.8 NA NA 22.78
1982267 1982 09 24 229.17 31.6 15.97 0 2.7 NA NA 20.24
1982268 1982 09 25 223.93 31.6 17.67 0 1.41 NA NA 18.8
1982269 1982 09 26 218.75 30.3 18.2 0 1.1 NA NA 22.76
1982270 1982 09 27 218.75 30.54 16.9 0 2.1 NA NA 19.85
1982271 1982 09 28 214.12 29.7 17.3 0 2.9 NA NA 19.1
1982272 1982 09 29 215.42 25.4 14.01 0 4.14 NA NA 33.47
1982273 1982 09 30 214.12 27.8 12.9 0 1.8 NA NA 24.6
1982274 1982 10 01 172.45 28.47 16 0 1 NA NA 28.04
1982275 1982 10 02 198.99 29.53 17.19 0 1.4 NA NA 23.29
1982276 1982 10 03 208.58 27.9 14.9 0 3.4 NA NA 24.3
1982277 1982 10 04 206.02 26.5 13.1 0 3.61 NA NA 27.76
1982278 1982 10 05 193.29 26.7 12.39 0 2.7 NA NA 23.6
1982279 1982 10 06 201.39 27.97 13.4 0 1.5 NA NA 21.93
1982280 1982 10 07 199.07 28.3 14.6 0 2.4 NA NA 21.4
1982281 1982 10 08 202.55 26.54 12.93 0 3.5 NA NA 18.01
1982282 1982 10 09 201.44 25.6 12.09 0 3.7 NA NA 19.98
1982283 1982 10 10 196.76 24.9 12.1 0 3.5 NA NA 25.43
1982284 1982 10 11 194.44 25.6 12.19 0 1.1 NA NA 18.39
1982285 1982 10 12 109.09 23.98 17.01 1.5 1.2 NA NA 36.55
1982286 1982 10 13 179.4 27.83 16.3 0 1.3 NA NA 27.5
1982287 1982 10 14 180.56 28.32 17.1 0 0.59 NA NA 27.1
1982288 1982 10 15 137.73 30 16.8 0 2.5 NA NA 22.18
1982289 1982 10 16 180.66 31.61 17.66 0 2.9 NA NA 20.88
1982290 1982 10 17 177.08 31.85 16.6 0 1.7 NA NA 18.6
1982291 1982 10 18 178.24 31.7 18.59 0 1 NA NA 18.12
1982292 1982 10 19 172.45 31.8 19.21 0 1.2 NA NA 15.9
1982293 1982 10 20 129.63 30.3 19.6 0 0.9 NA NA 17.65
1982294 1982 10 21 137.73 29.94 18.57 0 2 NA NA 22.73
1982295 1982 10 22 158.56 28.71 17.4 0 1.7 NA NA 23.3
1982296 1982 10 23 160.88 28.5 16.71 0 1.4 NA NA 24.29
1982297 1982 10 24 160.88 27.8 16.5 0 0.8 NA NA 25.19
1982298 1982 10 25 157.41 27.13 16.8 0 0.6 NA NA 23.19
1982299 1982 10 26 111.38 25.6 16.4 0 0.6 NA NA 25.04
1982300 1982 10 27 156.25 26.2 14.4 0 1.2 NA NA 25.83
1982301 1982 10 28 156.25 25.97 13.5 0 1.2 NA NA 26.78
1982302 1982 10 29 150.91 25.91 13.9 0 0.6 NA NA 24.27
1982303 1982 10 30 150.69 25.21 14.6 0 0.19 NA NA 27
1982304 1982 10 31 150.39 25 14.3 0 1.2 NA NA 23.89
1982305 1982 11 01 144.68 24.27 13.5 0 3.1 NA NA 26.79
1982306 1982 11 02 96.06 19.14 13.4 0 5.5 NA NA 45.32
1982307 1982 11 03 92.59 19.17 12.9 12.3 5 NA NA 48.75
1982308 1982 11 04 128.47 18.8 10 0 5.49 NA NA 36.8
1982309 1982 11 05 101.85 13 5.9 0 6.95 NA NA 41.04
1982310 1982 11 06 108.8 7.6 0.87 5.01 6.34 NA NA 50.26
1982311 1982 11 07 119.21 7.13 0.04 1.91 4.9 NA NA 45.8
1982312 1982 11 08 134.26 5.22 -1.53 1.9 3.86 NA NA 38.58
1982313 1982 11 09 97.53 3.75 0.45 3.97 2.9 NA NA 51.48
1982314 1982 11 10 140.05 10.2 0.63 0 1.7 NA NA 40.67
1982315 1982 11 11 129.79 14.84 2.17 0 1.9 NA NA 28.08
1982316 1982 11 12 55.35 15.41 8.73 24.2 4.16 NA NA 46.14
1982317 1982 11 13 4.77 15.1 12.51 10.24 3.2 NA NA 85.79
1982318 1982 11 14 7.45 17.68 13.6 15.02 4.7 NA NA 83.91
1982319 1982 11 15 5.66 18 16.3 24.9 4.2 NA NA 91.29
1982320 1982 11 16 30.07 17.14 13.9 15.02 3 NA NA 88.19
1982321 1982 11 17 50.83 15.2 4.59 12.14 4.5 NA NA 52.28
1982322 1982 11 18 97.22 7.14 3.3 0 4.4 NA NA 67.58
1982323 1982 11 19 65.97 9.6 6.1 0 4.6 NA NA 75.13
1982324 1982 11 20 122.88 12.5 5.53 0 2.7 NA NA 61.05
1982325 1982 11 21 126.16 12.9 4.3 0 2.52 NA NA 53.1
1982326 1982 11 22 121.53 13.24 4.2 0 2.76 NA NA 50.18
1982327 1982 11 23 101.07 7.58 0.2 0 4.75 NA NA 61.05
1982328 1982 11 24 126.16 7.78 -0.6 0 3.52 NA NA 53.1
1982329 1982 11 25 104.17 8.7 0.5 0 4.1 NA NA 53.1
1982330 1982 11 26 89.12 6.8 1 6.23 4.8 NA NA 66.07
1982331 1982 11 27 111.11 7.3 2 74.71 3.9 NA NA 54.7
1982332 1982 11 28 75.23 5.8 1.5 4.89 3.8 NA NA 61.91
1982333 1982 11 29 92.96 5.7 -0.17 0 3.5 NA NA 59.91
1982334 1982 11 30 112.27 7.06 -1.69 0 0.5 NA NA 47.06
1982335 1982 12 01 109.95 10.2 1.79 0 1.5 NA NA 50.8
1982336 1982 12 02 106.59 13.94 4.33 0 0.9 NA NA 43.1
1982337 1982 12 03 90.16 13.9 3.8 0 2.5 NA NA 44.7
1982338 1982 12 04 15.23 14.27 10.6 7.6 2.5 NA NA 88.41
1982339 1982 12 05 45.72 15.37 12.33 0 4.2 NA NA 72.92
1982340 1982 12 06 32.41 15.2 12.6 21.28 5.4 NA NA 80.43
1982341 1982 12 07 79.86 14.91 8.7 14.01 4.1 NA NA 70.81
1982342 1982 12 08 31.21 12.8 7.3 15.2 2.8 NA NA 78.12
1982343 1982 12 09 67.13 14.2 8.6 0 2.7 NA NA 67.09
1982344 1982 12 10 31.25 12.4 9.2 0 1.14 NA NA 79.2
1982345 1982 12 11 45.14 14 9.9 0 0.6 NA NA 72.4
1982346 1982 12 12 94.91 14.4 7.9 0 0.6 NA NA 60.07
1982347 1982 12 13 100.69 12.89 5.09 0 2.4 NA NA 54.27
1982348 1982 12 14 41.47 12.25 6.6 20.53 2.74 NA NA 77.76
1982349 1982 12 15 93.75 15.4 9.3 0 0.5 NA NA 58.39
1982350 1982 12 16 98.38 14 6.6 0 1.8 NA NA 55.23
1982351 1982 12 17 94.54 14 6.5 0 1.6 NA NA 51.27
1982352 1982 12 18 92.34 14.24 6.8 0 2.7 NA NA 51.65
1982353 1982 12 19 64.12 13.1 7.94 0 2.9 NA NA 66.45
1982354 1982 12 20 38.19 12.3 9.6 1.1 2.7 NA NA 79.81
1982355 1982 12 21 70.6 14.9 9.2 0 3.2 NA NA 67.17
1982356 1982 12 22 53.93 14.6 9.81 1.8 4.7 NA NA 72.8
1982357 1982 12 23 48.38 16 12.96 0 5.3 NA NA 64.99
1982358 1982 12 24 93.75 16.81 9.2 0 4.2 NA NA 55.58
1982359 1982 12 25 101.85 16.1 7.66 0 3.2 NA NA 44.68
1982360 1982 12 26 104.61 15.4 6.2 0 3.1 NA NA 36.24
1982361 1982 12 27 113.43 15.6 5.9 0 2.8 NA NA 34.05
1982362 1982 12 28 113.43 15.5 5.8 0 2.7 NA NA 34.32
1982363 1982 12 29 114.58 13.98 4.5 0 2.4 NA NA 34.48
1982364 1982 12 30 113.52 13.78 3.75 0 0.7 NA NA 31.57
1982365 1982 12 31 106.48 13.1 4.9 0 1 NA NA 32.63
1983001 1983 01 01 109.04 11.8 2.9 0 1.98 NA NA 40.5
1983002 1983 01 02 112.22 13.1 3.38 0 1.7 NA NA 34.96
1983003 1983 01 03 106.7 13.5 4.61 0 0.7 NA NA 31.5
1983004 1983 01 04 97.22 13.8 7.4 0 1.09 NA NA 33.9
1983005 1983 01 05 50.93 13.1 8.42 0 2.3 NA NA 68.6
1983006 1983 01 06 68.29 16.38 10.7 6.9 2.6 NA NA 53.66
1983007 1983 01 07 62.5 14.5 11.9 0 0.8 NA NA 71.74
1983008 1983 01 08 18.42 12.6 10.93 14.25 2.7 NA NA 83.16
1983009 1983 01 09 78.7 14.6 11.3 2 3.7 NA NA 69.6
1983010 1983 01 10 71.76 12.3 8 5.9 2.3 NA NA 75.11
1983011 1983 01 11 114.58 11.5 2.4 0 2.5 NA NA 69.6
1983012 1983 01 12 100.69 10.3 1.8 0 1.2 NA NA 50.68
1983013 1983 01 13 116.9 12.4 5.13 0 0.8 NA NA 51.73
1983014 1983 01 14 114.58 12.7 2.8 0 2.06 NA NA 36
1983015 1983 01 15 122.69 11.3 1.54 0 1.2 NA NA 25.33
1983016 1983 01 16 93.03 12.5 4.3 0 1.8 NA NA 32.7
1983017 1983 01 17 52.08 12.93 6.3 0 3.84 NA NA 71.13
1983018 1983 01 18 77.42 13.2 5.73 16.7 4.3 NA NA 64.58
1983019 1983 01 19 120.37 12.2 3.94 0 1.5 NA NA 47.01
1983020 1983 01 20 126.16 13.8 3.5 0 1.7 NA NA 42.33
1983021 1983 01 21 128.47 14.22 4 0 1.6 NA NA 44.1
1983022 1983 01 22 126.35 14.65 4.71 0 1.7 NA NA 44.1
1983023 1983 01 23 65.97 12.6 6.76 4.14 3.9 NA NA 71.61
1983024 1983 01 24 68.73 15 11.19 0 4.1 NA NA 74.68
1983025 1983 01 25 113.43 15.8 8.4 0 3.5 NA NA 44.97
1983026 1983 01 26 87.25 12.49 9.26 17.2 4.1 NA NA 72.31
1983027 1983 01 27 79.86 13.9 9.4 2.81 3.7 NA NA 69.35
1983028 1983 01 28 58.25 12.17 9.4 4.76 4.02 NA NA 77.36
1983029 1983 01 29 87.96 13.9 10.33 2 3.9 NA NA 63.36
1983030 1983 01 30 137.73 14.4 9.4 0 2.5 NA NA 55.33
1983031 1983 01 31 62.5 15.3 9.4 0 4.31 NA NA 69.37
1983032 1983 02 01 65.96 15.8 12.9 0 3.8 NA NA 74.14
1983033 1983 02 02 63.66 14.5 4.7 2.4 4.1 NA NA 67.97
1983034 1983 02 03 143.52 12.4 2.92 0 1.4 NA NA 42.15
1983035 1983 02 04 145.92 12.8 2.2 0 0.79 NA NA 35.72
1983036 1983 02 05 128.47 12.4 1.48 0 1.6 NA NA 39.4
1983037 1983 02 06 118.06 15 4 0 3.1 NA NA 43.39
1983038 1983 02 07 138.89 16.8 7.7 0 4.11 NA NA 40.35
1983039 1983 02 08 120.56 16.9 9.7 3.6 5.5 NA NA 40.48
1983040 1983 02 09 52.08 13.4 10.9 9.94 4.23 NA NA 78.65
1983041 1983 02 10 70.6 13 7.3 0 1.4 NA NA 65.9
1983042 1983 02 11 43.97 9 3.3 13.43 3.4 NA NA 81.19
1983043 1983 02 12 99.22 9.2 2.4 0 1.4 NA NA 55.29
1983044 1983 02 13 144.68 11.7 1.3 0 2.6 NA NA 40.18
1983045 1983 02 14 138.89 14.3 3.92 0 3.7 NA NA 40.19
1983046 1983 02 15 78.7 12.3 7.4 19.8 2.3 NA NA 73.5
1983047 1983 02 16 67.13 12.97 7.5 11.19 1.9 NA NA 74.14
1983048 1983 02 17 144.68 15.8 8.7 0 2.4 NA NA 57.47
1983049 1983 02 18 78.7 14.58 9.4 0 0.6 NA NA 64.14
1983050 1983 02 19 162.04 16.2 7.3 0 1.4 NA NA 46.29
1983051 1983 02 20 173.61 16.93 7.52 0 1.9 NA NA 43.67
1983052 1983 02 21 174.77 16.9 6.8 0 2.3 NA NA 45.43
1983053 1983 02 22 49.11 12.36 7.3 4.1 3 NA NA 74.51
1983054 1983 02 23 134.26 13.7 5.12 0 1.9 NA NA 50.27
1983055 1983 02 24 71.76 13.78 5.1 0 3 NA NA 64.72
1983056 1983 02 25 157.24 15.7 5.6 0 3.1 NA NA 47.81
1983057 1983 02 26 190.97 16.1 4.3 0 1.7 NA NA 42
1983058 1983 02 27 184.16 16.24 5.8 2.27 3.1 NA NA 44.3
1983059 1983 02 28 46.28 11.9 3.52 25.2 4.9 NA NA 62.13
1983060 1983 03 01 131.94 9.88 3.21 0 2.2 NA NA 49.5
1983061 1983 03 02 196.76 14.07 2.7 0 2.2 NA NA 42.15
1983062 1983 03 03 174.99 16.9 5.74 0 3.2 NA NA 46.8
1983063 1983 03 04 202.55 17.9 7.9 0 2.6 NA NA 42.75
1983064 1983 03 05 188.43 18.9 8.6 0 1.8 NA NA 38.09
1983065 1983 03 06 149.77 18.33 11.46 0 1.8 NA NA 41.13
1983066 1983 03 07 50.52 15 9.5 8.55 1.6 NA NA 77.4
1983067 1983 03 08 100.6 14.9 9.62 0 2.4 NA NA 63.93
1983068 1983 03 09 81.3 14 8.9 3.34 1.9 NA NA 71.7
1983069 1983 03 10 130.43 15.5 8.88 0 1.3 NA NA 52.69
1983070 1983 03 11 194.73 17.6 9.7 0 3.23 NA NA 40.9
1983071 1983 03 12 49.77 14.22 10.79 0 0.6 NA NA 67.48
1983072 1983 03 13 147.03 16.9 11.1 0 1.79 NA NA 53.6
1983073 1983 03 14 150.46 17.55 9.3 0 1.9 NA NA 50.59
1983074 1983 03 15 214.12 19 9.4 0 0.9 NA NA 41.67
1983075 1983 03 16 216.44 19.2 10.91 0 1 NA NA 40.15
1983076 1983 03 17 172.45 19.1 9.12 0 2.4 NA NA 41.6
1983077 1983 03 18 193.29 21.07 12.4 0 2.6 NA NA 40.19
1983078 1983 03 19 217.59 22.69 11.3 0 1.4 NA NA 33.47
1983079 1983 03 20 116.35 18 12.58 12.82 1.3 NA NA 51.24
1983080 1983 03 21 73.33 15.4 11.1 3.4 2.2 NA NA 70.26
1983081 1983 03 22 61.6 14 10.7 4.9 2.3 NA NA 76.18
1983082 1983 03 23 131.94 16.9 10.6 12.9 2.2 NA NA 59.66
1983083 1983 03 24 93.54 13.3 10.3 14.29 2.9 NA NA 77.98
1983084 1983 03 25 64.79 13.8 11.4 2.3 1.9 NA NA 78.57
1983085 1983 03 26 139.91 14.4 9.8 0 0.4 NA NA 63.16
1983086 1983 03 27 150.39 14.4 6 0 3 NA NA 59.9
1983087 1983 03 28 258.1 17.1 4.31 0 3.3 NA NA 41.6
1983088 1983 03 29 257.23 18.85 5.4 0 3.3 NA NA 37.3
1983089 1983 03 30 172.3 16.09 4.3 0 3.43 NA NA 45.64
1983090 1983 03 31 187.5 17.9 8.5 2.71 0.8 NA NA 48.13
1983091 1983 04 01 136.53 17 10 1.2 0.7 NA NA 57.04
1983092 1983 04 02 192.84 17.4 8.57 2.5 2.1 NA NA 51.82
1983093 1983 04 03 194.15 17.2 8.6 2.46 2.5 NA NA 52.32
1983094 1983 04 04 132.41 17.71 11.4 0 2.7 NA NA 54.59
1983095 1983 04 05 102.87 17.5 10.67 1.13 2.2 NA NA 57.85
1983096 1983 04 06 119.05 18.3 11.21 1.2 3.7 NA NA 57.99
1983097 1983 04 07 178.71 17.93 9.7 3 3.6 NA NA 49.8
1983098 1983 04 08 141.98 15.3 8.5 0 1.3 NA NA 54.44
1983099 1983 04 09 157.29 14.88 7.7 2 3.4 NA NA 53.78
1983100 1983 04 10 196.76 16.2 6.4 0 4.5 NA NA 46.17
1983101 1983 04 11 275.19 18.9 5.5 0 1.4 NA NA 37.3
1983102 1983 04 12 151.62 17.6 9.49 8.7 2.6 NA NA 49.71
1983103 1983 04 13 257.17 21.9 8.9 0 2.6 NA NA 38.48
1983104 1983 04 14 158.56 19.37 11.4 0 1.2 NA NA 54.03
1983105 1983 04 15 278.15 24.38 11.9 0 2.6 NA NA 38.91
1983106 1983 04 16 118.02 17.6 8.25 2.4 2.3 NA NA 58.58
1983107 1983 04 17 285.88 19.5 6.6 0 2 NA NA 35.17
1983108 1983 04 18 303.24 21.7 6.2 0 3.2 NA NA 27.58
1983109 1983 04 19 285.88 22.49 7.1 0 2.1 NA NA 30.69
1983110 1983 04 20 295.14 22.57 7.42 0 2.4 NA NA 33.45
1983111 1983 04 21 203.49 22 8.4 0 1.19 NA NA 39.7
1983112 1983 04 22 171.3 17.29 8.9 18.49 1.7 NA NA 52.31
1983113 1983 04 23 244.21 19.5 7.4 1.5 1.3 NA NA 43.77
1983114 1983 04 24 123.94 16.49 11.8 9.75 2.4 NA NA 67.1
1983115 1983 04 25 133.14 16.29 9.32 1.69 1.8 NA NA 58.27
1983116 1983 04 26 271.99 20.7 7.69 0 2.5 NA NA 40.3
1983117 1983 04 27 239.58 18.78 7.1 1.5 2 NA NA 46.92
1983118 1983 04 28 255.79 19.8 8.78 0 1.23 NA NA 43.33
1983119 1983 04 29 257.52 23.75 10.2 0 1.19 NA NA 35.83
1983120 1983 04 30 46.35 15.92 12.7 2.36 0.3 NA NA 74.37
1983121 1983 05 01 287.04 23.5 12.5 0 1.1 NA NA 39.88
1983122 1983 05 02 243.88 22.7 12.7 0 2.1 NA NA 42.03
1983123 1983 05 03 149.21 21.7 14.4 4.57 1.4 NA NA 49.52
1983124 1983 05 04 141.23 18.66 13.51 9.06 1.4 NA NA 69.88
1983125 1983 05 05 254.37 23.11 13.7 0 0.5 NA NA 42.6
1983126 1983 05 06 256.94 24.3 13.1 0 0.8 NA NA 42.28
1983127 1983 05 07 302.08 23.18 11.29 0 2.51 NA NA 39.78
1983128 1983 05 08 156.2 20.07 11.1 0 1.8 NA NA 49.27
1983129 1983 05 09 281.25 23.6 12.6 0 3.3 NA NA 40.3
1983130 1983 05 10 215.16 22.89 14.1 0 2.93 NA NA 44.81
1983131 1983 05 11 218.92 22.2 12.7 0 4.1 NA NA 43.15
1983132 1983 05 12 290.51 23.45 10.1 0 5.72 NA NA 28.4
1983133 1983 05 13 341.44 22.28 7.8 0 5.95 NA NA 20.4
1983134 1983 05 14 350.74 24.9 6.7 0 2.7 NA NA 19.8
1983135 1983 05 15 331.02 27.9 10.43 0 2.6 NA NA 22.79
1983136 1983 05 16 341.54 27.28 11.7 0 3.24 NA NA 23.71
1983137 1983 05 17 319.44 27.2 10.8 0 2.8 NA NA 24.71
1983138 1983 05 18 334.2 28 12.1 0 1.8 NA NA 24.89
1983139 1983 05 19 291.67 29.2 13.37 0 0.9 NA NA 24.41
1983140 1983 05 20 211.81 25.5 17.2 0 2.2 NA NA 35.93
1983141 1983 05 21 220.26 25.5 16.5 0 1.9 NA NA 35.5
1983142 1983 05 22 211.81 23.33 15.6 3.59 0.8 NA NA 45.81
1983143 1983 05 23 153.57 20.89 15.49 2.21 1.8 NA NA 56.1
1983144 1983 05 24 134.12 18.95 15.29 1.64 3 NA NA 58.6
1983145 1983 05 25 305.56 28.26 15.9 1.1 2.9 NA NA 34.04
1983146 1983 05 26 341.27 31.18 16.06 0 0.7 NA NA 25.7
1983147 1983 05 27 347.22 33 16.92 0 1.6 NA NA 24.95
1983148 1983 05 28 346.05 35.2 18 0 1.4 NA NA 21.5
1983149 1983 05 29 332.18 35.42 19.11 0 2.06 NA NA 19.72
1983150 1983 05 30 334.49 32.6 17.5 0 3.16 NA NA 23.02
1983151 1983 05 31 360 30.7 16.3 0 3.3 NA NA 22.8
1983152 1983 06 01 331.02 31.6 15.7 0 1.5 NA NA 20.4
1983153 1983 06 02 327.55 32.78 20 0 1.1 NA NA 20.58
1983154 1983 06 03 353.12 35.8 20.33 0 1 NA NA 17.56
1983155 1983 06 04 354.17 36.34 21.04 0 1.9 NA NA 13.28
1983156 1983 06 05 314.81 34.3 20 0 2.4 NA NA 16.6
1983157 1983 06 06 314.36 33.3 19.6 0 2.6 NA NA 19.5
1983158 1983 06 07 339.12 30.88 18 0 3 NA NA 23
1983159 1983 06 08 302.08 25.92 16.29 0 3.9 NA NA 31.8
1983160 1983 06 09 369.21 28.4 14.7 0 3.4 NA NA 20
1983161 1983 06 10 365.74 32.1 15.4 0 1.8 NA NA 12.7
1983162 1983 06 11 331.02 35 18.41 0 1.8 NA NA 12.5
1983163 1983 06 12 348.38 35.9 22.12 0 1.9 NA NA 14.96
1983164 1983 06 13 359.95 37.03 21.51 0 2.2 NA NA 13.1
1983165 1983 06 14 368.06 37.8 21.5 0 2.2 NA NA 11.6
1983166 1983 06 15 364.58 36.6 21.91 0 1.2 NA NA 14.49
1983167 1983 06 16 364.26 35.01 20.36 0 2.5 NA NA 18.39
1983168 1983 06 17 350.69 31.7 19.9 0 2.4 NA NA 20.9
1983169 1983 06 18 326.39 30.69 19.1 0 2.4 NA NA 18.91
1983170 1983 06 19 347.53 31.9 19.4 0 3.6 NA NA 23.23
1983171 1983 06 20 272.1 29.56 19 0 2.4 NA NA 32.56
1983172 1983 06 21 241.86 23.38 17.6 5.69 2.4 NA NA 43.29
1983173 1983 06 22 359.95 28.49 16.19 0 3.4 NA NA 19
1983174 1983 06 23 292.77 30.52 18.2 0 2.8 NA NA 21.29
1983175 1983 06 24 327.55 30.6 17.81 0 3.3 NA NA 24.71
1983176 1983 06 25 246.49 27 17.5 6.57 3.1 NA NA 42.52
1983177 1983 06 26 347.22 28.5 16.38 0 3.9 NA NA 23.9
1983178 1983 06 27 373.71 32.44 15.9 0 1.5 NA NA 14.59
1983179 1983 06 28 269.51 29.58 20.7 0 1.5 NA NA 22.2
1983180 1983 06 29 300.93 23.8 14.94 0 4.01 NA NA 43.49
1983181 1983 06 30 372.69 29.89 13.08 0 3.4 NA NA 17.39
1983182 1983 07 01 354.17 30.05 17.1 0 3.8 NA NA 22.3
1983183 1983 07 02 362.43 32.26 17.32 0 3.4 NA NA 17.86
1983184 1983 07 03 358.93 35.9 18.6 0 2.5 NA NA 13.56
1983185 1983 07 04 344.91 34.31 20.2 0 3.1 NA NA 18.62
1983186 1983 07 05 346.06 34.3 19.9 0 3.6 NA NA 17.9
1983187 1983 07 06 353.15 35.4 20.7 0 3 NA NA 16.5
1983188 1983 07 07 347.38 36.21 21.2 0 2.28 NA NA 15.69
1983189 1983 07 08 296.3 29.09 19.2 0 3.4 NA NA 41.21
1983190 1983 07 09 349.54 29.69 18.4 0 3.1 NA NA 23.88
1983191 1983 07 10 356.59 34.8 18.7 0 1.9 NA NA 13.85
1983192 1983 07 11 358.55 37.51 21.1 0 2.5 NA NA 11.97
1983193 1983 07 12 358.8 38.84 21.8 0 2.5 NA NA 10.5
1983194 1983 07 13 342.59 39.5 26.55 0 1.6 NA NA 9.92
1983195 1983 07 14 337.96 39.53 25 0 2.6 NA NA 10.6
1983196 1983 07 15 318.29 39.5 26.58 0 2.5 NA NA 10.7
1983197 1983 07 16 337.96 39.2 24.18 0 2.7 NA NA 11.9
1983198 1983 07 17 343.52 38.9 23.41 0 2.2 NA NA 11.4
1983199 1983 07 18 324.07 35.9 22.3 0 3.4 NA NA 15.58
1983200 1983 07 19 337.96 30.8 20.3 0 4.25 NA NA 24.31
1983201 1983 07 20 341.44 32.7 18.8 0 2.09 NA NA 17.5
1983202 1983 07 21 331.57 33 21.3 0 1.6 NA NA 17.09
1983203 1983 07 22 337.96 34.41 20.5 0 1.5 NA NA 12.58
1983204 1983 07 23 335.65 35.9 21.8 0 1.5 NA NA 13.77
1983205 1983 07 24 328.7 36.97 23.51 0 1 NA NA 13.8
1983206 1983 07 25 320.58 35.56 22.8 0 3 NA NA 18.44
1983207 1983 07 26 331.02 35.9 21.4 0 2.7 NA NA 13.86
1983208 1983 07 27 333.33 35.5 21.5 0 4 NA NA 14.67
1983209 1983 07 28 329.98 34.62 20.1 0 3.86 NA NA 17.38
1983210 1983 07 29 319.44 34.1 20.1 0 3.3 NA NA 22.05
1983211 1983 07 30 324.07 33.7 20.3 0 4 NA NA 22.24
1983212 1983 07 31 327.59 34.4 19.6 0 3.9 NA NA 17.8
1983213 1983 08 01 317.13 33.6 20 0 4.2 NA NA 21.6
1983214 1983 08 02 325.23 33.38 19.6 0 4.2 NA NA 19.38
1983215 1983 08 03 328.6 35.3 19 0 4.2 NA NA 14
1983216 1983 08 04 322.92 34.2 20.1 0 5.13 NA NA 18.4
1983217 1983 08 05 318.29 32.6 18.57 0 5.09 NA NA 22.8
1983218 1983 08 06 317.13 33.7 18.8 0 4.4 NA NA 20.8
1983219 1983 08 07 281.36 37 20.3 0 2.9 NA NA 15.49
1983220 1983 08 08 295.28 35.14 23.4 0 1.7 NA NA 21.33
1983221 1983 08 09 273.1 36 23.28 0 1.2 NA NA 21.45
1983222 1983 08 10 305.56 37.7 22.6 0 3.6 NA NA 15.6
1983223 1983 08 11 309.03 36.8 21 0 4.5 NA NA 16.96
1983224 1983 08 12 311.34 38.4 21.7 0 4.8 NA NA 13.2
1983225 1983 08 13 310.19 40.08 22.5 0 4.5 NA NA 10.64
1983226 1983 08 14 309.03 39.09 24.38 0 3.3 NA NA 10.25
1983227 1983 08 15 298.61 34.2 21.3 0 4.2 NA NA 22.39
1983228 1983 08 16 293.98 34.3 20.2 0 4 NA NA 23.32
1983229 1983 08 17 293.98 36.4 20.1 0 2.48 NA NA 20.1
1983230 1983 08 18 287.04 35.7 22.6 0 1.2 NA NA 21.5
1983231 1983 08 19 293.98 36.7 21.7 0 3 NA NA 16.07
1983232 1983 08 20 288.19 37.84 22 0 2.1 NA NA 11
1983233 1983 08 21 285.88 36.1 22.84 0 2.8 NA NA 17.2
1983234 1983 08 22 284.06 36.4 21.6 0 3.4 NA NA 18.69
1983235 1983 08 23 281.25 35.1 20.9 0 3.9 NA NA 19.29
1983236 1983 08 24 284.72 31 19.3 0 4.5 NA NA 21.12
1983237 1983 08 25 281.25 29.4 18.3 0 4.5 NA NA 24.7
1983238 1983 08 26 288.19 32 16.05 0 2.8 NA NA 14.29
1983239 1983 08 27 282.41 31.88 18.27 0 2.5 NA NA 14.7
1983240 1983 08 28 257.85 31.53 18.2 0 2.8 NA NA 22.3
1983241 1983 08 29 266.2 32 19.8 0 3 NA NA 24.2
1983242 1983 08 30 271 33.4 20.6 0 2.3 NA NA 20.26
1983243 1983 08 31 255.79 35.31 22.26 0 1.1 NA NA 17.87
1983244 1983 09 01 240.74 37.3 24.5 0 2.2 NA NA 14.6
1983245 1983 09 02 269.68 37.6 24.47 0 2.1 NA NA 12.69
1983246 1983 09 03 265.05 33.42 20.1 0 3 NA NA 16.9
1983247 1983 09 04 273.15 32.3 18.4 0 2.5 NA NA 16.3
1983248 1983 09 05 270.83 33.61 18.8 0 2 NA NA 17.69
1983249 1983 09 06 267.36 33.4 19.4 0 3.21 NA NA 18
1983250 1983 09 07 214.12 26.89 18.2 0 5.56 NA NA 33.51
1983251 1983 09 08 209.49 24.85 17.1 1.21 5.56 NA NA 34.16
1983252 1983 09 09 250.28 30.3 16.3 0 2.4 NA NA 23.6
1983253 1983 09 10 196.76 28.4 17.6 0 0.8 NA NA 30.61
1983254 1983 09 11 215.83 30.1 18.6 0 0.47 NA NA 27.56
1983255 1983 09 12 238.43 30.53 19.5 0 0.46 NA NA 26.24
1983256 1983 09 13 247.69 31.7 18.8 0 2.4 NA NA 18.8
1983257 1983 09 14 238.43 31.8 18.3 0 2.3 NA NA 16.91
1983258 1983 09 15 231.48 28.19 14.7 0 3.71 NA NA 22.26
1983259 1983 09 16 221.06 26.85 13.4 0 3.6 NA NA 19.2
1983260 1983 09 17 241.9 28.2 13.57 0 3.2 NA NA 18.8
1983261 1983 09 18 246.53 30.8 14.2 0 3 NA NA 16.4
1983262 1983 09 19 234.66 32.2 16 0 1.2 NA NA 8.04
1983263 1983 09 20 244.21 33.9 17.9 0 1.7 NA NA 6.02
1983264 1983 09 21 240.84 35.5 18.53 0 1.6 NA NA 6.49
1983265 1983 09 22 231.48 35.9 19.5 0 1.3 NA NA 9.65
1983266 1983 09 23 196.76 34.1 21.29 0 2 NA NA 14
1983267 1983 09 24 219.39 28.4 16.71 0 5.2 NA NA 29.64
1983268 1983 09 25 216.44 30.4 15.8 0 2.7 NA NA 21.8
1983269 1983 09 26 164.09 27.67 18.22 0 2.3 NA NA 37.6
1983270 1983 09 27 148.75 26.33 17.4 0 3.3 NA NA 44.52
1983271 1983 09 28 154.04 26.25 14.8 1.7 3.4 NA NA 37.61
1983272 1983 09 29 222.22 25.69 12.8 0 0.9 NA NA 13.21
1983273 1983 09 30 212.16 27.6 15.99 0 1.1 NA NA 16.59
1983274 1983 10 01 207.18 28 15 0 2.9 NA NA 21.18
1983275 1983 10 02 204.6 29.3 15.7 0 0.9 NA NA 17.6
1983276 1983 10 03 136.13 29.91 19.39 0 3.1 NA NA 20.49
1983277 1983 10 04 158.35 26 17 0 2.7 NA NA 34.04
1983278 1983 10 05 202.55 27 16.5 0 0.6 NA NA 23.54
1983279 1983 10 06 197.85 27 16.5 0 3 NA NA 27.6
1983280 1983 10 07 123.84 26.3 17.13 0 1.1 NA NA 33.6
1983281 1983 10 08 97.62 22.5 13.87 2.5 3.3 NA NA 42.37
1983282 1983 10 09 56.71 15.3 12.4 12.45 4.4 NA NA 53.7
1983283 1983 10 10 157.41 25.6 14.4 0 2.6 NA NA 29.2
1983284 1983 10 11 177.33 28.3 18.1 0 0.8 NA NA 28.18
1983285 1983 10 12 182.87 27.7 16.59 0 2.4 NA NA 27.61
1983286 1983 10 13 186.34 28.7 16.29 0 0.6 NA NA 25.06
1983287 1983 10 14 184.03 28.9 19.4 0 0.99 NA NA 27.27
1983288 1983 10 15 176.66 29.94 18.15 0 1.3 NA NA 24.6
1983289 1983 10 16 181.71 30.99 17.62 0 2.2 NA NA 18.76
1983290 1983 10 17 184.58 30.87 16.9 0 2.05 NA NA 17.55
1983291 1983 10 18 178.24 30.1 18 0 1.1 NA NA 16.25
1983292 1983 10 19 134.78 29.99 19.66 0 1 NA NA 17.8
1983293 1983 10 20 113.39 28.75 16.72 0 2.7 NA NA 20.6
1983294 1983 10 21 166.67 26.9 14.3 0 3.2 NA NA 26.8
1983295 1983 10 22 111.01 27 15.5 0 2.2 NA NA 23.7
1983296 1983 10 23 101.46 23.8 15.02 0 1.4 NA NA 45.17
1983297 1983 10 24 162.04 24.9 13.5 0 0.9 NA NA 31.48
1983298 1983 10 25 150.46 25.4 14.15 0 1.8 NA NA 25.5
1983299 1983 10 26 91.44 25.21 17.5 0 2.28 NA NA 27.16
1983300 1983 10 27 136.57 27.8 17.64 0 0.3 NA NA 17.9
1983301 1983 10 28 152.78 28 17.89 0 1.2 NA NA 16.6
1983302 1983 10 29 151.62 27.29 16.6 0 0.8 NA NA 17.28
1983303 1983 10 30 148.15 25.8 15.5 0 0.6 NA NA 21.12
1983304 1983 10 31 81.02 22.3 14.09 0 1.8 NA NA 34.6
1983305 1983 11 01 94.72 21 13.23 3 2.21 NA NA 38.57
1983306 1983 11 02 78.7 19.28 13.6 6.42 1.5 NA NA 51.7
1983307 1983 11 03 119.94 23.7 14.1 0 2.07 NA NA 29.5
1983308 1983 11 04 78.7 21.9 15.21 1.91 1.8 NA NA 36.8
1983309 1983 11 05 56.64 19 14.66 5.59 0.7 NA NA 53.64
1983310 1983 11 06 54.22 18.37 14.1 0 1.8 NA NA 51.8
1983311 1983 11 07 85.6 19 12.8 0 0.7 NA NA 44.35
1983312 1983 11 08 68.29 18.3 13.3 28.51 3.11 NA NA 55.12
1983313 1983 11 09 99.54 16.29 11.4 5.36 1.6 NA NA 65.15
1983314 1983 11 10 54.24 14.85 8.47 0 1.1 NA NA 66.28
1983315 1983 11 11 125 18.73 7.66 0 1.7 NA NA 34.55
1983316 1983 11 12 127.31 19.62 9.12 0 1.5 NA NA 32
1983317 1983 11 13 70.54 18.2 12.3 8 2.2 NA NA 57.46
1983318 1983 11 14 55.46 16.06 12.1 4.56 2.2 NA NA 78.21
1983319 1983 11 15 57.85 18.3 11.4 5.44 4 NA NA 57.12
1983320 1983 11 16 72.92 17 10.45 14.07 4.3 NA NA 50.8
1983321 1983 11 17 25.09 14.29 10.4 9.3 3.6 NA NA 85.15
1983322 1983 11 18 69.76 16.6 11.9 2.03 0.8 NA NA 66.67
1983323 1983 11 19 25.46 13.6 10.9 22.33 1.3 NA NA 88.37
1983324 1983 11 20 72.92 14.2 7.87 0 2.4 NA NA 67.93
1983325 1983 11 21 121.53 14.02 5.98 0 3 NA NA 54.29
1983326 1983 11 22 111.01 14.6 5.05 0 0.4 NA NA 45
1983327 1983 11 23 63.66 13.8 8.6 0 2 NA NA 62.51
1983328 1983 11 24 21.99 13.5 10.9 8.31 1.7 NA NA 86.14
1983329 1983 11 25 10.41 14.1 11.9 31.86 2.8 NA NA 88.89
1983330 1983 11 26 49.11 14.57 11.8 10.3 2.73 NA NA 85.56
1983331 1983 11 27 57.87 14.28 10.4 0 2.7 NA NA 80.41
1983332 1983 11 28 15.05 12.4 11.2 7.99 2.4 NA NA 88.61
1983333 1983 11 29 41.92 14.1 10.8 14.01 0.9 NA NA 81.46
1983334 1983 11 30 15.04 12.6 10.7 20.65 2.6 NA NA 88.51
1983335 1983 12 01 57.7 14.1 10.9 20.38 2.5 NA NA 78.88
1983336 1983 12 02 99.54 14.09 8.8 1.59 3.7 NA NA 72.94
1983337 1983 12 03 74.07 13.66 6.37 15.05 4.2 NA NA 70.79
1983338 1983 12 04 39.35 13.9 7.7 5.01 3.5 NA NA 71.8
1983339 1983 12 05 41.66 15.2 12.4 4.82 4.9 NA NA 80.03
1983340 1983 12 06 45 14.03 7.9 20.57 4.8 NA NA 71.8
1983341 1983 12 07 49.8 11.1 5.6 1.72 0.8 NA NA 72.42
1983342 1983 12 08 99.54 12.1 4.3 0 2.5 NA NA 56.79
1983343 1983 12 09 91.44 14.03 6.4 0 2.2 NA NA 55.5
1983344 1983 12 10 108.2 12.2 4.6 0 1.8 NA NA 56.86
1983345 1983 12 11 102.87 11.8 4.01 0 2.3 NA NA 57.03
1983346 1983 12 12 90.28 11.8 3.64 0 2.3 NA NA 59.31
1983347 1983 12 13 32.41 11.5 9.26 0 1.5 NA NA 79.61
1983348 1983 12 14 39.35 11.68 6.74 1.42 2.1 NA NA 74.59
1983349 1983 12 15 52.08 10.8 3.11 0 3.5 NA NA 71.16
1983350 1983 12 16 98.38 9.44 2.37 0 2.6 NA NA 55.38
1983351 1983 12 17 46.3 10.6 5.7 8.22 2.5 NA NA 73.69
1983352 1983 12 18 18.52 14.6 10.2 21.03 3 NA NA 77.57
1983353 1983 12 19 39.35 16.1 12.74 10 4.6 NA NA 82.51
1983354 1983 12 20 78.7 14.8 10.7 31.77 4.5 NA NA 72.79
1983355 1983 12 21 50.93 14.2 9.5 10.25 0.7 NA NA 69.4
1983356 1983 12 22 68.29 14.55 7.3 0 2.8 NA NA 57.56
1983357 1983 12 23 82.18 15.8 8.61 0 2.8 NA NA 56.18
1983358 1983 12 24 73.67 16.3 10.4 0 4.41 NA NA 70.71
1983359 1983 12 25 71.61 17 14.5 1.92 3.8 NA NA 76.27
1983360 1983 12 26 27.78 15.6 10.9 51.55 4.4 NA NA 86.21
1983361 1983 12 27 100.69 14 7.5 0 1.5 NA NA 55.27
1983362 1983 12 28 104.22 13.7 5.97 0 2.2 NA NA 47.79
1983363 1983 12 29 105.32 13.75 5.8 0 2 NA NA 45.08
1983364 1983 12 30 98.38 14.6 7.3 0 1.19 NA NA 49.65
1983365 1983 12 31 85.65 14.7 7.8 0 1.4 NA NA 55.22
1984001 1984 01 01 76.39 14.3 10.29 3.61 3 NA NA 68.94
1984002 1984 01 02 73.78 14.18 12.06 1.4 3.4 NA NA 76.8
1984003 1984 01 03 48.68 14.2 7.9 22.21 4 NA NA 73.53
1984004 1984 01 04 101.85 10.7 6.62 0 1.1 NA NA 62.2
1984005 1984 01 05 76.39 13.6 6.37 0 3.28 NA NA 55.71
1984006 1984 01 06 92.38 14.5 6.63 0 3.2 NA NA 56.6
1984007 1984 01 07 112.27 14.7 5.9 0 4.2 NA NA 55.99
1984008 1984 01 08 52.08 13.7 7.9 30.78 2.9 NA NA 69.3
1984009 1984 01 09 70.6 13.4 7.55 0 2.9 NA NA 53.73
1984010 1984 01 10 54.4 12.3 7.1 0 1.3 NA NA 65.93
1984011 1984 01 11 46.3 10.6 6.9 0 1.5 NA NA 75.8
1984012 1984 01 12 77.55 12.56 7.9 5.34 1.8 NA NA 67.69
1984013 1984 01 13 73.53 12.7 8.3 0 0.6 NA NA 64.92
1984014 1984 01 14 92.59 12.6 5.2 0 0.4 NA NA 55.6
1984015 1984 01 15 83.52 11.6 4.7 0 1.6 NA NA 56.15
1984016 1984 01 16 30.09 10.3 6.83 3.5 2.3 NA NA 81.8
1984017 1984 01 17 48.61 12.42 8 8.12 3.4 NA NA 76.17
1984018 1984 01 18 79.86 12.6 8.5 16.59 4.2 NA NA 69.13
1984019 1984 01 19 55.66 11.6 1.37 0 2 NA NA 65.92
1984020 1984 01 20 101.85 9.7 1.1 0 1.5 NA NA 47.01
1984021 1984 01 21 72.92 10.76 4.5 0 0.8 NA NA 54.94
1984022 1984 01 22 85.65 13.1 4.44 18.85 3.01 NA NA 53.5
1984023 1984 01 23 51.99 10.2 4.53 2.8 2.9 NA NA 68.03
1984024 1984 01 24 74.87 8.69 2.8 0 1 NA NA 62.16
1984025 1984 01 25 64.81 9.8 2.88 6.1 1.9 NA NA 66.78
1984026 1984 01 26 64.06 14.4 8.7 3 4.7 NA NA 70.55
1984027 1984 01 27 47.79 12.8 9.5 14.06 4.7 NA NA 70.41
1984028 1984 01 28 63.66 12.4 7.31 0 1.8 NA NA 75.36
1984029 1984 01 29 56.66 12.5 6.7 12.37 4.3 NA NA 73
1984030 1984 01 30 76.39 15.3 12.1 8.8 5.6 NA NA 69.71
1984031 1984 01 31 61.88 13.7 8.7 7.5 4.3 NA NA 73.35
1984032 1984 02 01 41.65 9.48 3.02 11.2 3.5 NA NA 76.2
1984033 1984 02 02 102.06 8 1.3 0 1.5 NA NA 46.62
1984034 1984 02 03 68.29 6.8 0.87 4.65 1.6 NA NA 71.6
1984035 1984 02 04 70.6 10.57 2.2 0 0.9 NA NA 59.67
1984036 1984 02 05 112.42 14.1 6.1 0 2.4 NA NA 49.61
1984037 1984 02 06 88.94 12.6 8 3.85 3.1 NA NA 61.91
1984038 1984 02 07 41.67 11.9 6.9 20.88 4 NA NA 74.22
1984039 1984 02 08 145.08 15 5 0 2.3 NA NA 51.45
1984040 1984 02 09 144.68 16.31 6.3 0 3.3 NA NA 41.31
1984041 1984 02 10 123.84 15.83 8 0 2.79 NA NA 57.35
1984042 1984 02 11 54.4 13.1 10 1.6 1.5 NA NA 76.86
1984043 1984 02 12 97.21 12.6 7.3 0 3.1 NA NA 73.4
1984044 1984 02 13 153.94 15.7 4.81 0 3.21 NA NA 47.49
1984045 1984 02 14 155.09 14.3 3.96 0 4.2 NA NA 50.01
1984046 1984 02 15 161.2 13.8 3.5 0 3.8 NA NA 49.46
1984047 1984 02 16 156.25 11.6 3.05 0 3.7 NA NA 51.51
1984048 1984 02 17 166.67 14.4 2.48 0 1 NA NA 39.19
1984049 1984 02 18 162.04 15.8 5.3 3.7 3 NA NA 47.92
1984050 1984 02 19 69.42 14.5 11.77 15.07 3.7 NA NA 74.67
1984051 1984 02 20 47.45 14.4 6.75 23.11 5.2 NA NA 71.8
1984052 1984 02 21 46.3 10.6 5.3 20.75 0.7 NA NA 79.3
1984053 1984 02 22 141.17 11.89 4.39 0 1.8 NA NA 48.41
1984054 1984 02 23 69.36 11.2 4.4 0 3.1 NA NA 66.06
1984055 1984 02 24 65.97 10.88 6.19 0 2.7 NA NA 70.11
1984056 1984 02 25 190.97 12.84 3.73 0 0.6 NA NA 46.84
1984057 1984 02 26 47.45 13.39 5.2 5.6 3.6 NA NA 59.5
1984058 1984 02 27 65.97 10.8 4.19 7.18 2.6 NA NA 65.68
1984059 1984 02 28 121.41 9 2.64 0 4.21 NA NA 57.24
1984060 1984 02 29 0 0 0 0 0 NA NA 0
1984061 1984 03 01 196.76 15.75 4.14 0 3.2 NA NA 44.87
1984062 1984 03 02 118.06 16.02 7.2 0 3.5 NA NA 51.52
1984063 1984 03 03 53.23 13.8 7.7 0 1.5 NA NA 67.57
1984064 1984 03 04 108.62 10.98 1.7 1.68 2.8 NA NA 60.56
1984065 1984 03 05 180.76 9.8 0.88 0 2.5 NA NA 45.23
1984066 1984 03 06 136.57 13.86 5.1 0 1.89 NA NA 45.09
1984067 1984 03 07 160.88 9.9 2.5 0 3 NA NA 49.64
1984068 1984 03 08 216.44 11.3 0.8 0 0.8 NA NA 35.87
1984069 1984 03 09 216.44 12.18 1.73 0 0.6 NA NA 32.79
1984070 1984 03 10 180.68 12.82 2.6 0 3.8 NA NA 41.71
1984071 1984 03 11 206.45 15.23 2.3 0 3 NA NA 39.53
1984072 1984 03 12 215.28 16.1 3.2 0 2.6 NA NA 38.58
1984073 1984 03 13 126.06 14.5 4.4 0 2.53 NA NA 48.73
1984074 1984 03 14 90.28 14.2 7.9 21.91 0.4 NA NA 64.3
1984075 1984 03 15 166.67 15 8.5 0 2.5 NA NA 55.9
1984076 1984 03 16 170.08 11.3 5.47 0 5.03 NA NA 53.25
1984077 1984 03 17 117.91 11 3.5 0 4.8 NA NA 55.7
1984078 1984 03 18 149.05 13.8 2.8 0 2.6 NA NA 48.62
1984079 1984 03 19 233.38 18.2 7.5 0 0.79 NA NA 41.66
1984080 1984 03 20 233.8 18.9 8.7 0 3.12 NA NA 42.65
1984081 1984 03 21 237.27 19.42 8.7 0 3.52 NA NA 40.8
1984082 1984 03 22 169.87 20.5 9.9 0 4.2 NA NA 38.35
1984083 1984 03 23 153.94 17.4 12 3.7 4.2 NA NA 60.57
1984084 1984 03 24 156.25 17.5 10.61 0 4.7 NA NA 50.15
1984085 1984 03 25 99.47 12.48 8.5 8.55 2.9 NA NA 62.05
1984086 1984 03 26 69.53 11 3.8 1.45 1.6 NA NA 60.53
1984087 1984 03 27 138.63 8.28 3.29 4.74 0.99 NA NA 56.26
1984088 1984 03 28 231.32 11.8 2.4 0 1.6 NA NA 43.5
1984089 1984 03 29 202.55 16.98 3.5 3.3 2.27 NA NA 44.49
1984090 1984 03 30 170.14 12 3.6 10.52 3.7 NA NA 59.32
1984091 1984 03 31 267.36 17.7 3.07 0 0.74 NA NA 37.53
1984092 1984 04 01 244.82 19.9 7.5 0 2.3 NA NA 37.3
1984093 1984 04 02 265.95 22.35 7.87 0 1.8 NA NA 32.46
1984094 1984 04 03 207.58 23.2 10.46 0 1.9 NA NA 35.27
1984095 1984 04 04 222.22 26.24 12.2 0 2.3 NA NA 26.2
1984096 1984 04 05 209.49 25.8 13.01 0 1.9 NA NA 28.6
1984097 1984 04 06 201.39 27.01 12.2 0 2.7 NA NA 26.99
1984098 1984 04 07 207.18 17.8 10.83 0 3.6 NA NA 48.18
1984099 1984 04 08 157.07 17.19 10.7 1.75 3.7 NA NA 49.8
1984100 1984 04 09 105.32 15.29 9.6 6.31 2.9 NA NA 67.1
1984101 1984 04 10 269.68 19.5 8.3 0 1.9 NA NA 41.6
1984102 1984 04 11 250.22 22.3 10.6 0 1.09 NA NA 32.07
1984103 1984 04 12 252.56 23.8 11.5 0 3.6 NA NA 29.39
1984104 1984 04 13 271.57 21.7 10.3 0 2.6 NA NA 39.16
1984105 1984 04 14 149.6 16.86 9.49 2.17 1 NA NA 57.91
1984106 1984 04 15 205.99 19.15 9.1 0 1.6 NA NA 41.66
1984107 1984 04 16 288 23.2 8.4 0 2.1 NA NA 30.36
1984108 1984 04 17 222.22 24.5 12.3 0 5.05 NA NA 21.19
1984109 1984 04 18 273.57 24.4 12.71 0 4.67 NA NA 31
1984110 1984 04 19 295.14 23.8 11.8 0 2.9 NA NA 33.5
1984111 1984 04 20 297.45 24.2 11.4 0 2.2 NA NA 31.19
1984112 1984 04 21 247.05 28.04 12.8 0 3.4 NA NA 19.5
1984113 1984 04 22 125.43 25.1 15.3 0 3.2 NA NA 37.14
1984114 1984 04 23 183.82 24.6 15 0 1.8 NA NA 43.14
1984115 1984 04 24 94.67 20.93 15.2 0 1.4 NA NA 63.24
1984116 1984 04 25 202.84 19.7 9.67 0 5 NA NA 44.73
1984117 1984 04 26 227.69 19.5 9.69 0 3.4 NA NA 40.5
1984118 1984 04 27 213.57 19.48 8.75 0 3.2 NA NA 37.09
1984119 1984 04 28 163.76 17.2 8.6 1.5 2.7 NA NA 45
1984120 1984 04 29 218.02 17.24 7 0 2.6 NA NA 41.3
1984121 1984 04 30 262.73 19.1 6.9 0 1.3 NA NA 34.1
1984122 1984 05 01 302.36 22.4 6.46 0 3.3 NA NA 32.27
1984123 1984 05 02 291.5 23.21 10.7 0 4.17 NA NA 37.08
1984124 1984 05 03 317.13 24.7 10.8 0 3.3 NA NA 30.91
1984125 1984 05 04 305.73 24.63 12.13 0 2.9 NA NA 30.9
1984126 1984 05 05 290.51 21.7 12.2 0 3.11 NA NA 36.61
1984127 1984 05 06 288.19 23.4 12.1 0 2.8 NA NA 30.64
1984128 1984 05 07 324.07 25.6 10.8 0 2.5 NA NA 28.45
1984129 1984 05 08 189.52 22.63 7.7 0 2.5 NA NA 36.99
1984130 1984 05 09 339.2 21.84 7.1 0 4.2 NA NA 29.5
1984131 1984 05 10 321.76 23.6 8.35 0 4.6 NA NA 23.3
1984132 1984 05 11 263.84 23.1 9.53 1.1 1.4 NA NA 32.9
1984133 1984 05 12 184.49 19.79 10.9 0 1.38 NA NA 44
1984134 1984 05 13 319.44 22 9.6 0 4.2 NA NA 31.6
1984135 1984 05 14 347.22 25.35 8.54 0 4.3 NA NA 22.55
1984136 1984 05 15 327.55 27.1 10.8 0 4 NA NA 25.63
1984137 1984 05 16 291.67 27.28 14.1 0 2.27 NA NA 30.9
1984138 1984 05 17 248.42 26.4 15.7 0 0.4 NA NA 35.53
1984139 1984 05 18 171.3 21.1 14.6 4 0.9 NA NA 50.88
1984140 1984 05 19 172.71 23.4 16.3 0 0.7 NA NA 44.69
1984141 1984 05 20 281.25 28.5 14.8 4.6 1 NA NA 32.17
1984142 1984 05 21 239.37 23.4 12.8 0 2.8 NA NA 43.94
1984143 1984 05 22 354.17 24.42 11.2 0 3.5 NA NA 28.54
1984144 1984 05 23 357.07 26.8 10.74 0 1.6 NA NA 25.6
1984145 1984 05 24 328.8 28 14 0 1.6 NA NA 26.7
1984146 1984 05 25 341.44 29.65 15.74 0 0.5 NA NA 25.62
1984147 1984 05 26 314.81 30 16.8 0 1.7 NA NA 24.9
1984148 1984 05 27 302.47 29.8 16.8 0 2.6 NA NA 24.4
1984149 1984 05 28 296.87 28.1 16.7 0 2.2 NA NA 29.4
1984150 1984 05 29 357.64 30.8 17.1 0 0.6 NA NA 19.5
1984151 1984 05 30 353.81 33.71 17.7 0 1.1 NA NA 16.9
1984152 1984 05 31 351.85 35.71 19.9 0 1.7 NA NA 15
1984153 1984 06 01 314.81 36.35 20.1 0 1.7 NA NA 20.19
1984154 1984 06 02 361.21 37.8 19.8 0 2.3 NA NA 15.59
1984155 1984 06 03 348.21 35.8 20.4 0 1.7 NA NA 16.56
1984156 1984 06 04 337.96 34.41 19.8 0 1.4 NA NA 21
1984157 1984 06 05 356.48 30.69 19.3 0 2.56 NA NA 22.5
1984158 1984 06 06 322.92 28.6 17.1 0 3 NA NA 24.5
1984159 1984 06 07 309.03 28 16.3 0 2.4 NA NA 27.01
1984160 1984 06 08 283.36 24.2 15.7 0 3.4 NA NA 33.86
1984161 1984 06 09 305.25 26.39 13.4 0 4.55 NA NA 26.82
1984162 1984 06 10 373.85 27.18 11.3 0 3.7 NA NA 19.5
1984163 1984 06 11 369.21 27.3 13.12 0 3.7 NA NA 21.15
1984164 1984 06 12 364.58 28.6 14 0 3.7 NA NA 20.1
1984165 1984 06 13 372.69 29.74 14.7 0 3.68 NA NA 16.32
1984166 1984 06 14 376.33 31.8 15.4 0 3.6 NA NA 13.2
1984167 1984 06 15 364.4 30.6 16.7 0 4 NA NA 19.2
1984168 1984 06 16 368.06 34.1 16.1 0 2.3 NA NA 13.2
1984169 1984 06 17 332.18 28 16 0 4 NA NA 28.89
1984170 1984 06 18 373.84 24.69 14.2 0 3.97 NA NA 18.7
1984171 1984 06 19 372.14 27.47 13.85 0 2.8 NA NA 14.59
1984172 1984 06 20 353.57 31.9 16.9 0 1.5 NA NA 14.8
1984173 1984 06 21 350.69 30.2 17.64 0 3 NA NA 16.6
1984174 1984 06 22 372.69 28.5 15.9 0 3.2 NA NA 15
1984175 1984 06 23 358.8 33.7 16.2 0 1.2 NA NA 13.1
1984176 1984 06 24 347.75 37.43 20.3 0 1.4 NA NA 11.55
1984177 1984 06 25 355.32 38.2 23.2 0 1.3 NA NA 11.6
1984178 1984 06 26 347.24 34 20.25 0 2.8 NA NA 20.3
1984179 1984 06 27 342.59 30.7 19.51 0 3.3 NA NA 26.2
1984180 1984 06 28 286.48 28.4 19.1 0 3.3 NA NA 31
1984181 1984 06 29 327.55 32.5 18.3 0 2.73 NA NA 20.89
1984182 1984 06 30 341.44 34.3 20.7 0 1.7 NA NA 19.57
1984183 1984 07 01 349.54 36.42 21.1 0 2.5 NA NA 14.4
1984184 1984 07 02 349.85 38.9 21.5 0 2.1 NA NA 9.67
1984185 1984 07 03 357.64 38.5 22.6 0 3.39 NA NA 10.7
1984186 1984 07 04 318.29 38.2 22.51 0 2.9 NA NA 12.5
1984187 1984 07 05 350.69 37.71 22.11 0 3.2 NA NA 14.22
1984188 1984 07 06 364.58 36.9 20.9 0 3.46 NA NA 12.63
1984189 1984 07 07 357.64 36.02 19.9 0 3 NA NA 13.99
1984190 1984 07 08 306.71 34.8 20.8 0 2.97 NA NA 16.5
1984191 1984 07 09 325.23 25.68 18.7 0 2.99 NA NA 30.3
1984192 1984 07 10 349.54 31.4 18.5 0 1.3 NA NA 19.16
1984193 1984 07 11 339.12 36.4 20.6 0 2.8 NA NA 11.85
1984194 1984 07 12 334.16 31.6 20.5 0 3.7 NA NA 18.7
1984195 1984 07 13 337.57 33.2 20 0 2.24 NA NA 18.6
1984196 1984 07 14 337.96 35.9 21.2 0 2.9 NA NA 15.1
1984197 1984 07 15 335.65 39.01 22.6 0 2.7 NA NA 10.69
1984198 1984 07 16 333.33 35.9 21.7 0 2.7 NA NA 14.9
1984199 1984 07 17 342.59 32.6 20.8 0 2.6 NA NA 19.06
1984200 1984 07 18 327.55 31.4 20.4 1.2 3.1 NA NA 19.42
1984201 1984 07 19 296.3 29.6 20.2 0 2.7 NA NA 28.9
1984202 1984 07 20 267.79 31.48 20.1 0 0.8 NA NA 24.72
1984203 1984 07 21 325.23 32.9 21.4 0 1.2 NA NA 20.3
1984204 1984 07 22 294.08 29.3 20.47 0 3.7 NA NA 38.98
1984205 1984 07 23 296.3 32.2 20.6 0 2.3 NA NA 29.38
1984206 1984 07 24 326.39 34.5 20.84 0 2.3 NA NA 19.9
1984207 1984 07 25 319.44 35.2 22.9 0 2.53 NA NA 19
1984208 1984 07 26 319.44 32.18 20.09 0 4.2 NA NA 29.37
1984209 1984 07 27 332.73 32.68 18.38 0 4.5 NA NA 19.48
1984210 1984 07 28 320.6 32.4 18.7 0 4.21 NA NA 23.36
1984211 1984 07 29 318.29 32.19 18.6 0 4.5 NA NA 21.9
1984212 1984 07 30 324.07 31.1 19.6 0 5.05 NA NA 21.63
1984213 1984 07 31 327.55 35.8 18.59 0 3.9 NA NA 13.97
1984214 1984 08 01 324.07 36.4 20.3 0 4.1 NA NA 13.4
1984215 1984 08 02 318.29 36.19 20.1 0 3.8 NA NA 15.7
1984216 1984 08 03 318.29 37.1 21 0 3.5 NA NA 14.18
1984217 1984 08 04 317.13 37 21.3 0 3.5 NA NA 15.5
1984218 1984 08 05 311.34 36 21.29 0 4.2 NA NA 17.58
1984219 1984 08 06 311.51 37.52 20.7 0 4.3 NA NA 16.4
1984220 1984 08 07 306.71 36.1 21.7 0 4.3 NA NA 14.06
1984221 1984 08 08 306.71 37.6 21.6 0 3.1 NA NA 11.07
1984222 1984 08 09 302.08 34.1 22.2 0 3.5 NA NA 19.4
1984223 1984 08 10 309.03 30.95 19.8 0 4.8 NA NA 21.52
1984224 1984 08 11 311.34 33.6 17.98 0 4.4 NA NA 17.8
1984225 1984 08 12 307.87 35.6 19.3 0 3 NA NA 13.3
1984226 1984 08 13 303.24 36.8 21.1 0 3.4 NA NA 10.73
1984227 1984 08 14 303.24 33 19.98 0 4.5 NA NA 21.5
1984228 1984 08 15 305.56 35.8 18.5 0 3.7 NA NA 17.1
1984229 1984 08 16 305.56 38.7 20.79 0 3.2 NA NA 10.2
1984230 1984 08 17 288.19 39.81 24.52 0 3 NA NA 10
1984231 1984 08 18 289.35 34.5 21.7 0 3.1 NA NA 16.5
1984232 1984 08 19 274.31 30.1 19 0 5.47 NA NA 24.2
1984233 1984 08 20 290.51 28.49 17.9 0 5 NA NA 24.98
1984234 1984 08 21 291.53 29.6 15.27 0 3.76 NA NA 22.7
1984235 1984 08 22 274.31 32.6 18.19 0 2.8 NA NA 13.5
1984236 1984 08 23 245.37 28.79 17.6 0 4.86 NA NA 27.86
1984237 1984 08 24 290.39 29.3 15.1 0 4.7 NA NA 21.2
1984238 1984 08 25 288.19 30.83 14.27 0 4.18 NA NA 17.19
1984239 1984 08 26 283.56 31.58 15.96 0 4.3 NA NA 19.6
1984240 1984 08 27 267.36 30.1 16.42 0 4.4 NA NA 24.2
1984241 1984 08 28 273.15 31.5 16.79 0 4.21 NA NA 21.5
1984242 1984 08 29 274.31 31.8 18.5 0 3.8 NA NA 21.3
1984243 1984 08 30 274.65 34 18.4 0 3.5 NA NA 14.81
1984244 1984 08 31 268.63 30.1 15.9 0 5 NA NA 24.95
1984245 1984 09 01 271.99 24.9 14.8 0 5.4 NA NA 26.28
1984246 1984 09 02 263.89 24.55 15 0 5.14 NA NA 27.9
1984247 1984 09 03 205.12 24.79 15.9 0 3.6 NA NA 35.9
1984248 1984 09 04 263.96 31.04 16.76 0 1.9 NA NA 17.2
1984249 1984 09 05 263.89 32.09 17.1 0 3.1 NA NA 14.81
1984250 1984 09 06 260.42 32.3 18.12 0 1.3 NA NA 14.14
1984251 1984 09 07 263.89 33.2 18.91 0 1.3 NA NA 12.3
1984252 1984 09 08 260.42 35.1 21.48 0 1.3 NA NA 10.22
1984253 1984 09 09 259.26 34.82 20.04 0 1.5 NA NA 10.14
1984254 1984 09 10 252.31 30.2 17.8 0 3.2 NA NA 22.77
1984255 1984 09 11 240.74 27.7 16.82 0 2.7 NA NA 32.8
1984256 1984 09 12 221.59 28.79 16.3 0 3.2 NA NA 27.9
1984257 1984 09 13 221.06 26.5 15.8 0 2.7 NA NA 33.2
1984258 1984 09 14 228.89 26.49 14.99 0 3.7 NA NA 27.9
1984259 1984 09 15 247.69 26.5 13.98 0 4.4 NA NA 22.3
1984260 1984 09 16 246 25.9 12.4 0 4.5 NA NA 22.01
1984261 1984 09 17 229.17 24.42 14.2 0 4.7 NA NA 27.7
1984262 1984 09 18 233.8 27.5 14.1 0 3.9 NA NA 25.49
1984263 1984 09 19 231.59 29.71 15.2 0 1.3 NA NA 21.2
1984264 1984 09 20 225.69 29.06 16.9 0 2 NA NA 23.4
1984265 1984 09 21 204.86 27.9 16.46 0 2.7 NA NA 32.75
1984266 1984 09 22 174.72 26.4 16.2 0 2.85 NA NA 38.36
1984267 1984 09 23 225.69 23.54 12.21 0 5.5 NA NA 23.9
1984268 1984 09 24 231.48 21.9 11.6 0 5.56 NA NA 24.45
1984269 1984 09 25 225.69 23.21 11.1 0 4.5 NA NA 21.22
1984270 1984 09 26 221.4 25.9 11.5 0 2.8 NA NA 17.26
1984271 1984 09 27 218.53 29 13.3 0 0.9 NA NA 10.14
1984272 1984 09 28 215.28 29.55 16.9 0 1.3 NA NA 12.5
1984273 1984 09 29 212.96 29.1 16 0 1.7 NA NA 22.21
1984274 1984 09 30 213.61 31.53 17.7 0 0.5 NA NA 15.92
1984275 1984 10 01 214.12 31.82 17.5 0 0.8 NA NA 11.35
1984276 1984 10 02 144.55 30.8 20.2 0 0.6 NA NA 17.6
1984277 1984 10 03 184.03 32.89 20.2 0 1.2 NA NA 16.59
1984278 1984 10 04 208.33 32.1 18.74 0 1.37 NA NA 11.9
1984279 1984 10 05 206.02 31.8 19.2 0 1.8 NA NA 11.79
1984280 1984 10 06 202.43 32.1 18.7 0 0.6 NA NA 14.1
1984281 1984 10 07 199.07 31.23 18.77 0 1.6 NA NA 14.59
1984282 1984 10 08 175.93 27.5 14.1 0 2.5 NA NA 23.4
1984283 1984 10 09 196.58 25.6 13.3 0 3.7 NA NA 22.7
1984284 1984 10 10 186.56 25.4 12.1 0 2.5 NA NA 24.47
1984285 1984 10 11 180.56 24.3 12.6 0 3.1 NA NA 30.2
1984286 1984 10 12 189.81 24.6 11.64 0 3.4 NA NA 23.7
1984287 1984 10 13 186.54 25 12.1 0 3.7 NA NA 18.29
1984288 1984 10 14 185.19 24.6 11.5 0 3.2 NA NA 20.2
1984289 1984 10 15 184.03 25 11.3 0 3.2 NA NA 18
1984290 1984 10 16 182.87 24.8 11.12 0 3.6 NA NA 18.61
1984291 1984 10 17 184.03 23.7 9.79 0 3.2 NA NA 23.7
1984292 1984 10 18 182.96 24.8 10.4 0 2.4 NA NA 17.59
1984293 1984 10 19 180.56 25.6 11.9 0 1.6 NA NA 11.79
1984294 1984 10 20 178.46 26 12.1 0 2 NA NA 8.4
1984295 1984 10 21 170.14 26.5 12.6 0 1.7 NA NA 8.79
1984296 1984 10 22 168.98 27.2 13.44 0 1.4 NA NA 8.5
1984297 1984 10 23 167.82 26.2 12.2 0 2.8 NA NA 11.85
1984298 1984 10 24 160.88 24.9 11 0 3.1 NA NA 26.16
1984299 1984 10 25 152.75 24.21 11.6 0 1.4 NA NA 18.13
1984300 1984 10 26 108.8 20.7 12 0 3.7 NA NA 43.4
1984301 1984 10 27 86.74 22.53 15.5 35.96 4.4 NA NA 45.82
1984302 1984 10 28 81.02 18.5 13.34 0 1.77 NA NA 56.49
1984303 1984 10 29 90.16 20.3 12.92 0 0.8 NA NA 50.49
1984304 1984 10 30 53.91 14.8 11.3 13.07 4.1 NA NA 72.08
1984305 1984 10 31 90.61 16.32 10.55 2.22 3.6 NA NA 50.68
1984306 1984 11 01 51.36 14.71 9.9 5.47 2.8 NA NA 56.41
1984307 1984 11 02 106.48 17.78 10.8 1.76 0.4 NA NA 51.7
1984308 1984 11 03 142.36 18.17 9.6 0 0.7 NA NA 45.64
1984309 1984 11 04 134.26 20.2 9.7 0 1.6 NA NA 39.68
1984310 1984 11 05 113.43 21.01 10.82 0 1.8 NA NA 38
1984311 1984 11 06 92.59 21.05 12.7 0 2.2 NA NA 44.51
1984312 1984 11 07 62.46 18.4 13.7 30.6 1.5 NA NA 55.11
1984313 1984 11 08 76.39 16.87 12.8 12.25 2.27 NA NA 83.69
1984314 1984 11 09 49.68 15.5 9.09 2.15 1.8 NA NA 82.04
1984315 1984 11 10 96.06 12.9 8.3 0 1.3 NA NA 72.64
1984316 1984 11 11 64.71 13.69 9.5 23.77 2.7 NA NA 78.34
1984317 1984 11 12 56.71 15.1 11.2 15.04 2.8 NA NA 78.45
1984318 1984 11 13 119.21 16.1 8.6 0 1.86 NA NA 64.81
1984319 1984 11 14 128.47 14.6 7.69 0 0.9 NA NA 62.4
1984320 1984 11 15 23.44 14.4 3.3 9.83 2.9 NA NA 54.57
1984321 1984 11 16 130.21 11.55 1.73 0 1.7 NA NA 44
1984322 1984 11 17 28.9 14.7 6.8 9.12 2.9 NA NA 67.41
1984323 1984 11 18 76.39 18.3 13.2 4.1 3.9 NA NA 75.15
1984324 1984 11 19 85.65 18.6 12.7 0 2.7 NA NA 63.99
1984325 1984 11 20 94.91 18.8 11.6 0 2.4 NA NA 56.52
1984326 1984 11 21 88.63 19.2 12.32 0 2.1 NA NA 53.6
1984327 1984 11 22 109.95 19.4 11.82 0 1.4 NA NA 52.14
1984328 1984 11 23 112.27 17.9 10.55 0 0.36 NA NA 61.7
1984329 1984 11 24 82 17.9 12.3 0 1.1 NA NA 66.78
1984330 1984 11 25 110.13 18.1 11.4 0 0.5 NA NA 55.22
1984331 1984 11 26 76.39 18.01 10.62 15.2 3 NA NA 63.16
1984332 1984 11 27 24.88 14.93 7.24 82.24 4.6 NA NA 72.45
1984333 1984 11 28 112.27 11.14 3.9 0 3 NA NA 64.05
1984334 1984 11 29 90.38 11.4 3.2 0 2.3 NA NA 58.51
1984335 1984 11 30 31.24 14.52 8.6 43.1 4 NA NA 71.8
1984336 1984 12 01 46.3 13.3 4.1 17.27 2.4 NA NA 58.15
1984337 1984 12 02 55.51 10.56 3.94 1.8 0.5 NA NA 62.92
1984338 1984 12 03 105.36 8.85 3.2 0 1.5 NA NA 61.03
1984339 1984 12 04 77.55 9.89 3.3 0 1.7 NA NA 63.15
1984340 1984 12 05 98.97 8.69 2.49 0 1.4 NA NA 58.8
1984341 1984 12 06 20.83 6.7 1.5 14.36 3.4 NA NA 79.21
1984342 1984 12 07 80.26 10.9 2.69 2.76 3.1 NA NA 66.93
1984343 1984 12 08 16.19 13.65 9.7 13.17 5.1 NA NA 71.02
1984344 1984 12 09 15.63 11.4 7.36 51.76 4.7 NA NA 83.31
1984345 1984 12 10 18.52 8.32 5.55 11.77 2 NA NA 87.1
1984346 1984 12 11 68.29 8.8 4 0 2.3 NA NA 65.89
1984347 1984 12 12 82.05 8.9 2.7 6.64 3.6 NA NA 72.3
1984348 1984 12 13 69.42 12.4 9.14 8.44 5.66 NA NA 73.8
1984349 1984 12 14 21.68 13.84 12.3 20.63 4.7 NA NA 86.45
1984350 1984 12 15 33.56 14.3 12.71 6.64 3.4 NA NA 87.51
1984351 1984 12 16 57.47 15.9 11.7 19.57 4.6 NA NA 77.12
1984352 1984 12 17 37.57 12 8.8 42.35 4.28 NA NA 80.47
1984353 1984 12 18 47.45 11.6 6.28 1.58 2.5 NA NA 69.41
1984354 1984 12 19 77.55 12.96 6.7 0 2.7 NA NA 61.29
1984355 1984 12 20 78.7 14.56 8.1 0 2.7 NA NA 59.84
1984356 1984 12 21 71.58 16.21 10.6 0 2.3 NA NA 60.96
1984357 1984 12 22 82.18 16 9.02 0 2.71 NA NA 63.91
1984358 1984 12 23 88.95 16.5 10.2 0 2.7 NA NA 66.33
1984359 1984 12 24 65.9 16.03 10 0 3.33 NA NA 71.1
1984360 1984 12 25 39.35 15.9 10.3 14.01 3.6 NA NA 78
1984361 1984 12 26 72.92 16.5 10.2 0 2.99 NA NA 71.14
1984362 1984 12 27 84.66 16.58 10.7 0 2.3 NA NA 64.3
1984363 1984 12 28 91.44 17.13 10.8 0 2.5 NA NA 55.66
1984364 1984 12 29 83.33 16.3 9.22 0 2.9 NA NA 53.87
1984365 1984 12 30 77.26 16.35 10.7 2.9 2 NA NA 65.04
1984366 1984 12 31 77.55 15.61 9.48 0 0.8 NA NA 71.47
