*WEATHER DATA - Station:Sadovo - BADJAM DATA - BADJer: UC - Method: EQMs - Source model: MPIREMO09
 
@ INSI LAT LONG ELEV TAV AMP REFHT WNDHT
Sadovo 42.13 24.93 327.84 11.98 NA 2.0 NA
@DATE YYYY MM DD SRAD TMAX TMIN RAIN  WIND DEWP VPRS RHUM 
1980001 1980 01 01 60.19 13.89 3.61 0 2.1 NA NA 57.58
1980002 1980 01 02 32.41 4.4 3.17 0 0.7 NA NA 77.51
1980003 1980 01 03 69.44 10.62 1.62 1.1 2.6 NA NA 59.6
1980004 1980 01 04 23.15 2.09 -0.72 4.46 4.8 NA NA 79.63
1980005 1980 01 05 99.54 1.1 -8.21 0 4.62 NA NA 50.61
1980006 1980 01 06 45.14 -2.2 -8.93 0 3.7 NA NA 62.01
1980007 1980 01 07 93.75 0.57 -8.41 0 2.9 NA NA 66.51
1980008 1980 01 08 97.22 2.9 -5.7 0 2.7 NA NA 65.93
1980009 1980 01 09 68.03 0.77 -8.02 0 1.5 NA NA 72.6
1980010 1980 01 10 97.22 -0.21 -9.31 0 2 NA NA 66.56
1980011 1980 01 11 94.91 -2.5 -10.9 0 2.9 NA NA 56.78
1980012 1980 01 12 50.93 -4.1 -11.12 0 3.1 NA NA 71.42
1980013 1980 01 13 57.34 -3.4 -10.01 0 2 NA NA 70.49
1980014 1980 01 14 53.24 -4.41 -12.68 0 3.6 NA NA 47.67
1980015 1980 01 15 103.01 -3.88 -13.23 0 3.8 NA NA 58.9
1980016 1980 01 16 82.52 -4.02 -13.03 0 3 NA NA 67.23
1980017 1980 01 17 67.55 -4.05 -13.06 0 2.2 NA NA 77
1980018 1980 01 18 104.18 -5.41 -14.24 0 3.1 NA NA 70.6
1980019 1980 01 19 79.9 -4.36 -14.21 0 1 NA NA 67.97
1980020 1980 01 20 97.22 -3.04 -12.4 0 1.9 NA NA 69.87
1980021 1980 01 21 43.98 -3.3 -11.08 5.8 2.7 NA NA 92.96
1980022 1980 01 22 53.24 -3.8 -11.69 0 3 NA NA 79.56
1980023 1980 01 23 92.59 -4.81 -12.4 0 1.6 NA NA 76.03
1980024 1980 01 24 87 -3.88 -13.05 1.9 2.7 NA NA 75.77
1980025 1980 01 25 77.55 -0.37 -10.9 3.59 3.1 NA NA 78.43
1980026 1980 01 26 68.29 -0.42 -12.46 0 3.6 NA NA 72.94
1980027 1980 01 27 114.94 -0.84 -12.99 0 2.2 NA NA 70.7
1980028 1980 01 28 89.12 -1.8 -11.53 1.5 3.7 NA NA 78.64
1980029 1980 01 29 34.7 1.96 -5.36 0 3.4 NA NA 75.9
1980030 1980 01 30 52.92 3.7 1.42 1.5 3.6 NA NA 81.3
1980031 1980 01 31 42.82 4.37 -2.4 2.2 3 NA NA 77.8
1980032 1980 02 01 70.6 3.38 -3.93 0 0.7 NA NA 66.23
1980033 1980 02 02 76.39 5.25 -4.76 0 1.2 NA NA 60.66
1980034 1980 02 03 65.97 5.09 -0.9 0 1.1 NA NA 67.8
1980035 1980 02 04 61.34 4.73 -1.1 1.9 1.2 NA NA 68.3
1980036 1980 02 05 69.44 8.4 1.5 3.93 1.3 NA NA 66.41
1980037 1980 02 06 51.3 6 2.12 3.3 1.1 NA NA 71.66
1980038 1980 02 07 65.97 8.07 1.5 0 1.5 NA NA 62.91
1980039 1980 02 08 126.18 14.96 -0.47 0 0.7 NA NA 45.89
1980040 1980 02 09 128.47 15.4 0.1 0 1.14 NA NA 44.3
1980041 1980 02 10 129.63 15 0.2 0 2 NA NA 46.47
1980042 1980 02 11 106.33 13.34 2.5 1.6 3.43 NA NA 60.1
1980043 1980 02 12 27.34 4.69 1.4 5.4 2.5 NA NA 79.15
1980044 1980 02 13 84.49 9.17 -2.8 2.78 1.4 NA NA 47.1
1980045 1980 02 14 104.97 9.8 -2.3 0 2.1 NA NA 40.5
1980046 1980 02 15 108.8 9.3 0.1 0 2.5 NA NA 40.29
1980047 1980 02 16 54.4 8.14 3 1.6 1.7 NA NA 60.94
1980048 1980 02 17 101.85 15.22 3.41 0 2.5 NA NA 56.03
1980049 1980 02 18 127.31 14.8 5.2 0 2.5 NA NA 43.09
1980050 1980 02 19 53.45 8.6 4.7 0 1.8 NA NA 62.61
1980051 1980 02 20 69.44 9 4.69 3.35 3.3 NA NA 78.7
1980052 1980 02 21 56.71 8.2 2.9 1.72 4.15 NA NA 67.08
1980053 1980 02 22 90.28 6.8 0.81 0 1.9 NA NA 60.23
1980054 1980 02 23 70.6 3.4 -2.29 0 1.9 NA NA 65.76
1980055 1980 02 24 159.9 6.52 -4.5 0 2 NA NA 47.8
1980056 1980 02 25 75.23 1.2 -4.91 0 3 NA NA 63.81
1980057 1980 02 26 108.53 2.41 -5.8 0 2.2 NA NA 54.65
1980058 1980 02 27 89.12 2.24 -6.89 0 1.2 NA NA 60.1
1980059 1980 02 28 175.28 7.42 -3.91 0 1.5 NA NA 44.07
1980060 1980 02 29 0 0 0 0 0 NA NA 0
1980061 1980 03 01 165.51 18.97 -1.1 0 1.2 NA NA 32.06
1980062 1980 03 02 120.83 16.2 2.4 0 2.4 NA NA 34.45
1980063 1980 03 03 142.36 15.91 5.51 0 4.3 NA NA 54.9
1980064 1980 03 04 136.57 13.53 3 2 4.2 NA NA 52.7
1980065 1980 03 05 133.1 14.57 0.7 0 2.1 NA NA 43.76
1980066 1980 03 06 129.63 16.51 4.58 0 1.9 NA NA 47.8
1980067 1980 03 07 118.06 12.82 2.3 2.5 3.14 NA NA 55
1980068 1980 03 08 131.94 12.3 5.2 8.04 3.8 NA NA 64.81
1980069 1980 03 09 26.34 6.24 1.5 12.75 4.19 NA NA 79.32
1980070 1980 03 10 51.44 3 -1.61 9.7 3.2 NA NA 74.35
1980071 1980 03 11 105.72 4.25 -2.61 4.1 2.7 NA NA 67.75
1980072 1980 03 12 46.71 2.34 -0.69 7.4 2.6 NA NA 87.73
1980073 1980 03 13 40.41 1.96 -2.01 15.59 3.2 NA NA 85.82
1980074 1980 03 14 64.81 1.38 -2.12 3.7 2.4 NA NA 79
1980075 1980 03 15 75.23 3.29 -1.9 0 1.7 NA NA 73.12
1980076 1980 03 16 115.74 7.29 -3.31 0 1.9 NA NA 58.57
1980077 1980 03 17 67.06 5.1 -0.1 4.42 1.8 NA NA 76.59
1980078 1980 03 18 185.24 16.7 -1.6 2.4 0.8 NA NA 46.83
1980079 1980 03 19 173.97 14.7 2.1 0 1.4 NA NA 43.23
1980080 1980 03 20 107.35 11.59 0.5 0 2.1 NA NA 43.2
1980081 1980 03 21 202.55 12.4 1.1 0 2.2 NA NA 41.83
1980082 1980 03 22 135.42 11.47 -1.1 1.2 1.2 NA NA 38.03
1980083 1980 03 23 202.55 10.3 0.2 0 3.3 NA NA 35.3
1980084 1980 03 24 223.38 19.4 0 0 2.5 NA NA 30.71
1980085 1980 03 25 97.22 11.7 4.3 0 1.8 NA NA 47.91
1980086 1980 03 26 104.17 15.14 3.8 0 1.7 NA NA 43.14
1980087 1980 03 27 133.1 18.26 8.27 0 3 NA NA 53.2
1980088 1980 03 28 95.94 12.4 8.3 0 2.2 NA NA 65.44
1980089 1980 03 29 230.43 21.2 6.1 0 1.6 NA NA 35.8
1980090 1980 03 30 79.86 11.29 8.9 1.2 1.1 NA NA 61.12
1980091 1980 03 31 222.8 19.8 7 0 0.6 NA NA 39.72
1980092 1980 04 01 109.95 13.24 7.1 0 0.9 NA NA 50.37
1980093 1980 04 02 112.27 13.32 7.58 0 2.5 NA NA 50.74
1980094 1980 04 03 151.72 19.96 7.2 0 3.5 NA NA 46.58
1980095 1980 04 04 236.7 22.3 5.3 0 1.46 NA NA 39.96
1980096 1980 04 05 232.7 22.03 7.4 1.7 0.9 NA NA 42.85
1980097 1980 04 06 171.9 18.7 8.02 5.44 0.8 NA NA 53.2
1980098 1980 04 07 137.73 17.88 7.1 1.8 0.47 NA NA 49.3
1980099 1980 04 08 193.29 20.02 6.2 1.8 1.7 NA NA 45.76
1980100 1980 04 09 195.38 17.07 6.4 0 2.5 NA NA 48.3
1980101 1980 04 10 172.83 16.11 4.8 0 1.7 NA NA 45.73
1980102 1980 04 11 124.53 14.57 5.84 0 1.5 NA NA 49.57
1980103 1980 04 12 223.38 14.19 2.9 0 4.2 NA NA 36.5
1980104 1980 04 13 236.11 11.9 1.8 0 3.2 NA NA 37.3
1980105 1980 04 14 216.02 14.3 4.2 0 2.5 NA NA 46.1
1980106 1980 04 15 90.68 7.87 2.17 1.9 0.9 NA NA 65.14
1980107 1980 04 16 243.64 21.41 1.08 0 0.4 NA NA 37.16
1980108 1980 04 17 253.33 24.05 4.8 0 1 NA NA 26.9
1980109 1980 04 18 254.02 23.1 6.4 0 1.7 NA NA 35.58
1980110 1980 04 19 256.97 22.7 8.4 0 1.9 NA NA 37.59
1980111 1980 04 20 229.17 23.12 8.7 0 1.8 NA NA 38.8
1980112 1980 04 21 250.17 21.9 9.2 0 2.6 NA NA 38.8
1980113 1980 04 22 261.57 22.2 7.78 0 2.6 NA NA 37.65
1980114 1980 04 23 249.01 20.7 8.2 0 2.9 NA NA 46.1
1980115 1980 04 24 262.73 19.7 5.19 0 2.5 NA NA 40.97
1980116 1980 04 25 262.32 19.99 7.2 0 2.5 NA NA 45.7
1980117 1980 04 26 283.57 19.6 4.6 0 2.4 NA NA 43.88
1980118 1980 04 27 278.59 21.6 4.8 0 1.74 NA NA 36.9
1980119 1980 04 28 117.69 14.8 7.8 2.8 2.8 NA NA 57.04
1980120 1980 04 29 170.52 16.59 6.5 1.9 2.04 NA NA 42.12
1980121 1980 04 30 120.29 15.7 4 0 1.7 NA NA 42.94
1980122 1980 05 01 197.53 20 6.3 2.41 0.6 NA NA 39.9
1980123 1980 05 02 110.51 14.78 4.78 0 1.4 NA NA 60.63
1980124 1980 05 03 162.04 18.57 7.2 2.2 1.7 NA NA 51.59
1980125 1980 05 04 250 21.9 5.59 3 1.28 NA NA 43.42
1980126 1980 05 05 248.84 20.9 8.2 3.7 0.9 NA NA 50.2
1980127 1980 05 06 174.77 19.8 8.6 4.5 1.3 NA NA 49
1980128 1980 05 07 130.73 19.7 8.6 4.96 1.9 NA NA 51.34
1980129 1980 05 08 135.42 16.63 9.2 0 2.5 NA NA 60.6
1980130 1980 05 09 162.04 18 9.43 0 3.1 NA NA 56.12
1980131 1980 05 10 260.15 23.7 7.8 0 1.4 NA NA 40.63
1980132 1980 05 11 151.32 20.18 9.32 2.8 1.1 NA NA 57.1
1980133 1980 05 12 95.85 17.38 12.1 4.5 0.8 NA NA 70.2
1980134 1980 05 13 148.15 20.21 12.6 3.4 2.3 NA NA 62.68
1980135 1980 05 14 150.23 20.28 12.3 2.85 2.3 NA NA 59.96
1980136 1980 05 15 237.55 21.9 10.09 0 3.4 NA NA 48.7
1980137 1980 05 16 226.3 20.3 8.71 0 2.8 NA NA 42.99
1980138 1980 05 17 199.42 19.15 7.98 0 2.9 NA NA 54.2
1980139 1980 05 18 196.76 21 8 0 2.6 NA NA 52.91
1980140 1980 05 19 291.05 22.7 7 0 2.6 NA NA 43.98
1980141 1980 05 20 282.41 23.56 8.8 0 3.3 NA NA 46.1
1980142 1980 05 21 105.69 19.06 12.45 0 2.3 NA NA 64.86
1980143 1980 05 22 264.44 23.8 10.7 0 2.7 NA NA 48.68
1980144 1980 05 23 294.15 25.4 10.1 0 1.8 NA NA 44.8
1980145 1980 05 24 272.12 26.2 12.5 0 1.4 NA NA 40.66
1980146 1980 05 25 283.8 26.7 12.9 2.69 1 NA NA 44.17
1980147 1980 05 26 292.39 28.46 13.1 0 0.7 NA NA 34.14
1980148 1980 05 27 175.93 26 14.5 4.46 0.9 NA NA 51.33
1980149 1980 05 28 253.47 27.1 14.6 5.9 1.4 NA NA 54.6
1980150 1980 05 29 282.41 27 15.6 0 2.8 NA NA 42.05
1980151 1980 05 30 192.24 23.6 13.5 4.1 3.3 NA NA 49.9
1980152 1980 05 31 96.44 16.26 11.7 2.5 3.5 NA NA 71.78
1980153 1980 06 01 250.74 21.15 11.59 4.5 2.61 NA NA 58.14
1980154 1980 06 02 231.48 23.7 11.1 0 2.5 NA NA 49.04
1980155 1980 06 03 309.03 27.13 11.85 0 1.3 NA NA 34.19
1980156 1980 06 04 91.44 20.2 13.1 0 0.6 NA NA 57.99
1980157 1980 06 05 120.84 20.9 13.9 0 2.28 NA NA 62.09
1980158 1980 06 06 211.76 23.71 12.71 3.8 1.7 NA NA 52.6
1980159 1980 06 07 155.4 21.49 12.8 1.2 0.9 NA NA 61.01
1980160 1980 06 08 145.43 19.78 11.7 3.9 1.63 NA NA 64.4
1980161 1980 06 09 182.66 20.89 11 0 2.1 NA NA 58.48
1980162 1980 06 10 152.75 19.9 10.6 0 2.7 NA NA 62
1980163 1980 06 11 217.59 21.7 9.32 0 2.3 NA NA 43.41
1980164 1980 06 12 157.67 20.9 9.51 0 1.7 NA NA 53.85
1980165 1980 06 13 136.56 18.51 10.74 0 2.7 NA NA 64.02
1980166 1980 06 14 137.66 15.82 10.2 4 3.7 NA NA 64.43
1980167 1980 06 15 216.44 20.99 10 0 4.61 NA NA 48.8
1980168 1980 06 16 223.34 20.76 10.54 4.82 1.8 NA NA 54.6
1980169 1980 06 17 281.25 24.78 10.2 4.5 1.7 NA NA 48.79
1980170 1980 06 18 319.2 29.6 12.56 0 1.5 NA NA 33.24
1980171 1980 06 19 113.55 21 14.1 1.2 2.2 NA NA 60.71
1980172 1980 06 20 251.16 26.3 12.8 0 2.4 NA NA 45.77
1980173 1980 06 21 321.76 31.1 15.4 0 1.4 NA NA 36.49
1980174 1980 06 22 305.32 34.8 16.53 0 0.8 NA NA 27.39
1980175 1980 06 23 243.39 35.1 18.6 1.6 1.3 NA NA 42.42
1980176 1980 06 24 303.66 29.3 18.3 0 2.61 NA NA 43.9
1980177 1980 06 25 340.28 35.82 16.5 0 1.04 NA NA 16.3
1980178 1980 06 26 270.05 34.4 19.3 0 1.1 NA NA 19.96
1980179 1980 06 27 224.54 25.98 17.2 8.49 2.8 NA NA 58.6
1980180 1980 06 28 173.62 23.34 13.74 2 3.4 NA NA 50.91
1980181 1980 06 29 56.71 17.39 12.75 2.8 2.9 NA NA 90.24
1980182 1980 06 30 261.21 24.29 11.95 0 2.5 NA NA 41.92
1980183 1980 07 01 326.81 26.18 11.8 0 2.3 NA NA 33.75
1980184 1980 07 02 265.05 27.6 13.9 3.4 2.3 NA NA 42.46
1980185 1980 07 03 242.77 26.59 14.6 8.22 2.1 NA NA 55.84
1980186 1980 07 04 209.49 27.47 15 6.3 1.2 NA NA 58.17
1980187 1980 07 05 233.22 28.4 16.3 7.63 1.2 NA NA 57.78
1980188 1980 07 06 242.86 29.8 17 6.71 1.3 NA NA 54.61
1980189 1980 07 07 172.07 28.04 17.81 0 1.4 NA NA 50.9
1980190 1980 07 08 224.54 29.9 17.7 0 1.6 NA NA 39.75
1980191 1980 07 09 304.62 32.4 16.2 0 1.21 NA NA 26.73
1980192 1980 07 10 287.8 32.5 17.6 1.5 1.1 NA NA 28.86
1980193 1980 07 11 178.62 27.89 17.8 0 1.4 NA NA 58.7
1980194 1980 07 12 189.81 28.9 18.3 0 0.9 NA NA 51.39
1980195 1980 07 13 29.78 21.84 18.03 2.8 1.2 NA NA 89.15
1980196 1980 07 14 41.67 21.66 15.09 0 1.7 NA NA 88.53
1980197 1980 07 15 148.08 26.19 14.36 0 1.3 NA NA 33.4
1980198 1980 07 16 304.4 31.2 12.46 0 0.9 NA NA 22.3
1980199 1980 07 17 171.25 31.36 16.66 4.6 0.48 NA NA 36.16
1980200 1980 07 18 174.17 29.8 19.3 0 1.5 NA NA 47.44
1980201 1980 07 19 201.39 26.98 15.2 0 2.5 NA NA 47.05
1980202 1980 07 20 299.77 28.72 13.49 0 1.3 NA NA 27.02
1980203 1980 07 21 302.08 31.5 15.1 0 1.2 NA NA 24.1
1980204 1980 07 22 236.05 30.1 16.6 5.49 1.4 NA NA 42.97
1980205 1980 07 23 173.54 25.99 15.8 0 1.6 NA NA 54.03
1980206 1980 07 24 280.2 30.3 14.88 0 1.4 NA NA 28.84
1980207 1980 07 25 283.4 31.9 16.2 0 0.7 NA NA 26.01
1980208 1980 07 26 226.85 30.56 17.3 5.34 0.6 NA NA 36.41
1980209 1980 07 27 173.52 29 17.74 0 0.8 NA NA 34.1
1980210 1980 07 28 263.89 33.6 17 0 0.4 NA NA 22.5
1980211 1980 07 29 276.62 33.1 18.5 2.93 1.7 NA NA 33.4
1980212 1980 07 30 293.98 31.77 17.66 0 1.7 NA NA 22.4
1980213 1980 07 31 195.6 32.7 17.9 1.8 1.2 NA NA 35.56
1980214 1980 08 01 202.07 31 19.1 2.42 2.5 NA NA 46.32
1980215 1980 08 02 182.82 28.8 17.7 3.29 1.1 NA NA 48.88
1980216 1980 08 03 211.81 29.5 17.5 3 0.5 NA NA 45.72
1980217 1980 08 04 129.58 27.4 18.6 3 0.9 NA NA 53.1
1980218 1980 08 05 80.21 22.69 16 3.43 1.7 NA NA 72.79
1980219 1980 08 06 289.35 26 14.6 0 2.3 NA NA 37.21
1980220 1980 08 07 288.19 28.9 13.1 0 1.8 NA NA 26.4
1980221 1980 08 08 247.69 32.6 15.1 0 1.5 NA NA 20
1980222 1980 08 09 230.32 33.1 19.8 0 2 NA NA 28.9
1980223 1980 08 10 257.5 35.7 19.5 0 2.3 NA NA 20.05
1980224 1980 08 11 269.68 30.2 18.38 0 2.6 NA NA 29.2
1980225 1980 08 12 244.21 32.3 17.6 2.24 1.4 NA NA 24.4
1980226 1980 08 13 268.52 34.61 17.4 0 0.7 NA NA 20.89
1980227 1980 08 14 250 34.33 19.6 0 0.6 NA NA 25.59
1980228 1980 08 15 264.17 32.3 18.2 2.19 2 NA NA 28.52
1980229 1980 08 16 267.36 26.42 14.9 0 3.14 NA NA 26.8
1980230 1980 08 17 268.52 28.68 13.5 0 1.6 NA NA 21
1980231 1980 08 18 131.49 27 14.2 0 0.9 NA NA 26.27
1980232 1980 08 19 257.3 29.86 14.4 0 1.9 NA NA 29.1
1980233 1980 08 20 187.21 31.33 18.12 0 2 NA NA 23.79
1980234 1980 08 21 251.16 31 16.9 0 1.8 NA NA 27.55
1980235 1980 08 22 248.2 32.2 17.3 0 1.5 NA NA 28.37
1980236 1980 08 23 244.59 33.8 18.91 0 1.6 NA NA 28.1
1980237 1980 08 24 250 32.5 19.3 0 1.3 NA NA 23.5
1980238 1980 08 25 248.98 33.8 18.13 0 1.2 NA NA 19.18
1980239 1980 08 26 202.55 33.1 20.2 4.3 1.6 NA NA 33.73
1980240 1980 08 27 233.8 30.11 17.91 0 2 NA NA 36.87
1980241 1980 08 28 255.25 29.6 14.9 0 1 NA NA 21
1980242 1980 08 29 247.69 32.9 15.14 0 0.5 NA NA 19.98
1980243 1980 08 30 196.76 34.03 16.5 1.4 0.8 NA NA 23
1980244 1980 08 31 184.34 31.6 16.87 2.31 1.2 NA NA 27.8
1980245 1980 09 01 238.43 30.87 14.6 0 0.9 NA NA 23.29
1980246 1980 09 02 239.07 34.47 16.3 0 1.5 NA NA 19
1980247 1980 09 03 230.49 34 18.4 0 1.5 NA NA 20.89
1980248 1980 09 04 237.27 27.7 15.4 0 1.5 NA NA 24.3
1980249 1980 09 05 195.49 26.4 11.9 1.1 1.9 NA NA 26.1
1980250 1980 09 06 237.27 22.19 9.5 0 3.6 NA NA 30.94
1980251 1980 09 07 228.1 23 9.8 0 2.4 NA NA 26.3
1980252 1980 09 08 123.83 22.39 9.5 0 2.7 NA NA 39.38
1980253 1980 09 09 221.06 26.4 13.73 0 2.7 NA NA 31.66
1980254 1980 09 10 214.12 27.9 12.9 0 1.08 NA NA 27.36
1980255 1980 09 11 190.97 29.6 12.9 0 1 NA NA 24.4
1980256 1980 09 12 145.83 27.4 14.2 0 1.6 NA NA 30.95
1980257 1980 09 13 184.22 24.2 11.58 0 2.3 NA NA 24.85
1980258 1980 09 14 211.76 23.5 9.79 0 1.6 NA NA 25.1
1980259 1980 09 15 207.93 24.95 8.3 0 1.2 NA NA 22.76
1980260 1980 09 16 201.4 26.12 10.62 0 1.5 NA NA 24.87
1980261 1980 09 17 203.7 25.7 12 0 2.4 NA NA 33.65
1980262 1980 09 18 199.21 25.48 12.1 0 2.9 NA NA 41.74
1980263 1980 09 19 119.12 21.64 13 0 2.2 NA NA 59.06
1980264 1980 09 20 185.67 25.3 11.6 0 1.9 NA NA 40.67
1980265 1980 09 21 114.58 25.1 15.51 0 2.1 NA NA 50.98
1980266 1980 09 22 85.56 22.69 14 0 1.1 NA NA 48.04
1980267 1980 09 23 192.62 28.66 12.3 0 1.2 NA NA 28.5
1980268 1980 09 24 189.07 30.1 13.3 0 0.95 NA NA 27.1
1980269 1980 09 25 189.81 30.1 13.6 0 1.1 NA NA 21.9
1980270 1980 09 26 188.52 32.87 13.34 0 0.5 NA NA 16.94
1980271 1980 09 27 185.1 30.5 16 0 1.1 NA NA 25.89
1980272 1980 09 28 183.1 32 15.5 0 0.4 NA NA 23.58
1980273 1980 09 29 181.71 33.14 16.7 0 0.6 NA NA 21
1980274 1980 09 30 56.71 22.3 16.5 0 0.6 NA NA 37.97
1980275 1980 10 01 100.39 27.61 16.5 3.5 0.89 NA NA 31.44
1980276 1980 10 02 48.61 18.49 12.9 0 1.3 NA NA 53.6
1980277 1980 10 03 161.2 20.29 9 0 2.3 NA NA 36.57
1980278 1980 10 04 168.98 21.2 7.9 0 2.5 NA NA 33.8
1980279 1980 10 05 138.89 22.02 11.8 0 3 NA NA 37.38
1980280 1980 10 06 149.31 18 5.42 0 3.5 NA NA 34.26
1980281 1980 10 07 175.93 11.89 2.61 0 3 NA NA 29.9
1980282 1980 10 08 142.3 16.79 0.02 0 2.4 NA NA 29.9
1980283 1980 10 09 95.32 22.5 14.7 4.67 5.28 NA NA 59.95
1980284 1980 10 10 20.83 16.21 9.6 11.34 1.9 NA NA 83.14
1980285 1980 10 11 109.95 19.47 8 0 1.5 NA NA 37.49
1980286 1980 10 12 158.56 20 6.9 0 2.1 NA NA 34.3
1980287 1980 10 13 44.92 10.4 7.1 3 2.9 NA NA 63.42
1980288 1980 10 14 32.41 7.15 4.78 3.7 2.7 NA NA 82.43
1980289 1980 10 15 40.51 7.29 3.8 0 2.4 NA NA 55.53
1980290 1980 10 16 155.09 17.8 1.5 0 2.1 NA NA 27.79
1980291 1980 10 17 144.15 19.31 4.2 0 2.42 NA NA 37.73
1980292 1980 10 18 141.2 20.31 7.16 0 3.1 NA NA 37.83
1980293 1980 10 19 150.48 10.99 0.8 0 3.2 NA NA 27.1
1980294 1980 10 20 96.07 11.9 -1.2 0 2.8 NA NA 25.39
1980295 1980 10 21 128.47 8.06 0.5 0 3.5 NA NA 43.78
1980296 1980 10 22 125 11.9 2.07 0 3.5 NA NA 39.29
1980297 1980 10 23 121.53 11.78 2.51 0 2.4 NA NA 39.37
1980298 1980 10 24 67.13 7.12 2.06 0 1.5 NA NA 55.49
1980299 1980 10 25 133.1 10.11 -1.21 0 0.7 NA NA 39.76
1980300 1980 10 26 109.95 13 -2.6 3.57 1.8 NA NA 39.8
1980301 1980 10 27 116.9 22.1 7 0 1.8 NA NA 41.3
1980302 1980 10 28 100.69 23.8 10.9 0 2.3 NA NA 42.27
1980303 1980 10 29 49.77 20.3 15.1 0 3.3 NA NA 54.59
1980304 1980 10 30 108.99 21.5 10.46 0 3 NA NA 43.3
1980305 1980 10 31 82.18 19.3 6.73 0 1.6 NA NA 35.91
1980306 1980 11 01 105.6 15.87 2.88 0 2.5 NA NA 42.82
1980307 1980 11 02 98.38 21.5 10.9 1.84 2.8 NA NA 58.92
1980308 1980 11 03 117.05 22.6 9.3 0 1.9 NA NA 47.79
1980309 1980 11 04 116.9 23.6 8.69 0 1.25 NA NA 32.48
1980310 1980 11 05 76.65 22.27 9.96 0 1.7 NA NA 37.59
1980311 1980 11 06 38.13 16.63 11.68 6.34 3 NA NA 74.8
1980312 1980 11 07 106.48 19.91 8.5 0 2.5 NA NA 38.57
1980313 1980 11 08 42.74 18.3 10.9 0 3.8 NA NA 71.67
1980314 1980 11 09 103.01 23.92 14.7 0 3.61 NA NA 51.12
1980315 1980 11 10 25.33 17.7 13.89 3.8 3.2 NA NA 71.11
1980316 1980 11 11 54.4 20.54 9.53 0 3.4 NA NA 49.62
1980317 1980 11 12 68.29 17.9 7.22 0 2.6 NA NA 44.17
1980318 1980 11 13 46.3 15.6 8.8 4.8 2.9 NA NA 63.52
1980319 1980 11 14 71.76 21.54 13.3 0 4 NA NA 49.94
1980320 1980 11 15 103.22 18.84 8.21 0 1.5 NA NA 42.61
1980321 1980 11 16 50.93 17.39 8.11 7.77 4.61 NA NA 72.73
1980322 1980 11 17 91.44 18.41 12.54 0 4.4 NA NA 71.71
1980323 1980 11 18 36.94 15 8.3 1.1 3.9 NA NA 79.11
1980324 1980 11 19 97.22 17.2 6.02 0 1.9 NA NA 53.5
1980325 1980 11 20 99.19 17.27 7.71 0 3.4 NA NA 48.28
1980326 1980 11 21 25.46 9.3 5.71 12.68 1.7 NA NA 79.14
1980327 1980 11 22 88.33 17.2 7.6 0 2.6 NA NA 59.97
1980328 1980 11 23 89.12 14 4 0 1.4 NA NA 50.04
1980329 1980 11 24 87.96 12 1.5 0 0.8 NA NA 50.12
1980330 1980 11 25 90.28 8.2 -0.8 0 1.5 NA NA 54.05
1980331 1980 11 26 7.89 8.45 0.87 9.63 3.9 NA NA 82.88
1980332 1980 11 27 87.96 16.43 6.73 0 2.2 NA NA 62.15
1980333 1980 11 28 61.34 14.92 6.9 6.1 3.2 NA NA 75.44
1980334 1980 11 29 89.12 14.5 5.91 0 2.7 NA NA 51.25
1980335 1980 11 30 81.02 12.4 4.4 0 1.9 NA NA 42.98
1980336 1980 12 01 52.08 11.63 2.6 0 0.39 NA NA 53.6
1980337 1980 12 02 77.55 15.68 1.7 0 1.75 NA NA 57.58
1980338 1980 12 03 45.14 9.3 6.3 0 3.5 NA NA 83.51
1980339 1980 12 04 33.67 9.16 6.7 0 2.7 NA NA 80.01
1980340 1980 12 05 57.87 9.5 3.31 9.14 2.57 NA NA 75.65
1980341 1980 12 06 89.12 9.89 0.92 0 2.3 NA NA 46.28
1980342 1980 12 07 86.81 11.27 -0.61 0 1.6 NA NA 32.63
1980343 1980 12 08 69.44 9.16 -2.4 0 1.6 NA NA 34.02
1980344 1980 12 09 50.3 5.53 -1.8 0 0.6 NA NA 37.55
1980345 1980 12 10 55.81 8.8 -0.3 0 0.5 NA NA 33.89
1980346 1980 12 11 76.39 13.8 -1.1 0 0.8 NA NA 46.37
1980347 1980 12 12 60.19 9.79 -1.15 0 0.6 NA NA 43.57
1980348 1980 12 13 55.56 8.34 -0.65 0 1.5 NA NA 51.41
1980349 1980 12 14 38.09 8.6 5.3 0 2.9 NA NA 76.3
1980350 1980 12 15 59.03 13.5 3.39 1.1 2.1 NA NA 61.16
1980351 1980 12 16 25.46 11.21 2.81 0.89 3.4 NA NA 71.8
1980352 1980 12 17 52.08 12 6.1 6.29 1.9 NA NA 67.93
1980353 1980 12 18 64.81 14.3 4.6 0 1.7 NA NA 63.21
1980354 1980 12 19 48.61 9.44 3 0 2.4 NA NA 68.67
1980355 1980 12 20 62.73 9.55 3.4 0 2.1 NA NA 59.84
1980356 1980 12 21 72.92 3.5 -4.09 4.3 3.1 NA NA 61.63
1980357 1980 12 22 67.13 2.5 -6.2 0 2.5 NA NA 55.79
1980358 1980 12 23 85.65 2.2 -5.5 0 3.5 NA NA 61.55
1980359 1980 12 24 30.09 0.49 -7.11 4.18 1 NA NA 72.65
1980360 1980 12 25 17.36 1.9 -1.66 5.1 1.4 NA NA 82.49
1980361 1980 12 26 43.98 1.4 -5.2 0.92 0.6 NA NA 75.52
1980362 1980 12 27 24.31 2.7 -0.39 3.8 1.5 NA NA 82.8
1980363 1980 12 28 48.61 4.9 0 1.1 1.1 NA NA 71.2
1980364 1980 12 29 27.3 2.4 -7.5 0 4.1 NA NA 77.5
1980365 1980 12 30 27.68 -2.47 -10.6 0 5.76 NA NA 65.6
1980366 1980 12 31 72.92 -2.47 -11.89 0 2.5 NA NA 68.6
1981001 1981 01 01 70.6 -3.75 -12.44 0 2 NA NA 73.81
1981002 1981 01 02 96.06 -2.2 -12.01 0 1.2 NA NA 72.3
1981003 1981 01 03 71.76 -3.4 -12 0 2.2 NA NA 68.4
1981004 1981 01 04 93.75 -2.53 -12.21 0 1.6 NA NA 61.1
1981005 1981 01 05 61.34 -3.11 -12.33 0 2.5 NA NA 73.38
1981006 1981 01 06 28.94 -3.71 -9.34 4.85 2.1 NA NA 81.03
1981007 1981 01 07 70.62 -3.66 -10.82 0 4.1 NA NA 81.31
1981008 1981 01 08 75.23 -2.41 -9.96 0 4 NA NA 77.78
1981009 1981 01 09 53.59 -0.81 -9.64 0 3.2 NA NA 78.73
1981010 1981 01 10 85.65 4.74 -4.87 0 2.5 NA NA 63.18
1981011 1981 01 11 83.33 7.9 -3.55 0 1.4 NA NA 56
1981012 1981 01 12 99.28 8.9 -4.62 0 0.78 NA NA 45.07
1981013 1981 01 13 76.39 3.74 -5.8 0 0.4 NA NA 50.97
1981014 1981 01 14 98.38 9.8 -3.23 0 1.3 NA NA 54.4
1981015 1981 01 15 99.83 10.9 -3.8 0 0.47 NA NA 49.69
1981016 1981 01 16 100.69 11.86 -2.7 0 0.9 NA NA 42.46
1981017 1981 01 17 100.69 13.11 -0.36 0 2.4 NA NA 45.9
1981018 1981 01 18 100.69 12.71 -1.17 0 0.8 NA NA 43.92
1981019 1981 01 19 69.44 10.5 0.22 0 2.9 NA NA 39.58
1981020 1981 01 20 87.46 11.8 2.27 0 3.91 NA NA 50.33
1981021 1981 01 21 104.17 9.67 0 0 2.7 NA NA 55.4
1981022 1981 01 22 100.69 11.68 0.7 0 2.4 NA NA 44.2
1981023 1981 01 23 106.48 10 -0.2 0 3 NA NA 41.68
1981024 1981 01 24 102.91 10 0.51 0 2.4 NA NA 51.52
1981025 1981 01 25 106.48 13.6 -1.27 0 2.2 NA NA 37.29
1981026 1981 01 26 77.55 13.57 4.5 0 2.8 NA NA 46.95
1981027 1981 01 27 71.76 14.96 5 0 3 NA NA 46.66
1981028 1981 01 28 113.63 8.9 0.01 0 4.9 NA NA 49.06
1981029 1981 01 29 113.76 4.98 -3.4 0 2.3 NA NA 38.98
1981030 1981 01 30 63.66 1.6 -5.2 0 2.3 NA NA 39.71
1981031 1981 01 31 123.84 1.38 -8.35 0 3.2 NA NA 46.66
1981032 1981 02 01 78.7 0.2 -8.98 0 2.6 NA NA 47.29
1981033 1981 02 02 127.31 2.8 -8.4 0 1.3 NA NA 32.76
1981034 1981 02 03 111.11 6.6 -8.5 0 1 NA NA 39.49
1981035 1981 02 04 31.24 3.24 0.4 3.77 3.6 NA NA 73.6
1981036 1981 02 05 127.31 8.2 -1.54 0 3.5 NA NA 42.62
1981037 1981 02 06 37.16 2.9 0.32 1.2 2.8 NA NA 68.77
1981038 1981 02 07 83.33 13.77 3 0 3.5 NA NA 50.02
1981039 1981 02 08 93.75 15.7 3.12 0 2.1 NA NA 37.17
1981040 1981 02 09 76.39 15 4.2 0 2.5 NA NA 34.41
1981041 1981 02 10 67.13 8.91 3.6 0 1.45 NA NA 45
1981042 1981 02 11 41.67 5.4 2.3 2.2 2.4 NA NA 64.8
1981043 1981 02 12 133.1 8.5 -0.5 0 2.8 NA NA 46.39
1981044 1981 02 13 81.51 11.49 0.2 0 2.3 NA NA 42.65
1981045 1981 02 14 74.07 8.65 -0.17 0 1.1 NA NA 44.63
1981046 1981 02 15 84.49 15.8 4.21 0 2.4 NA NA 42.6
1981047 1981 02 16 77.95 13.32 5.8 0 4.2 NA NA 57.55
1981048 1981 02 17 94.91 14 6.01 2.2 5 NA NA 60.95
1981049 1981 02 18 72.92 8.7 4.65 0 2.53 NA NA 57.59
1981050 1981 02 19 143.52 14.8 3.02 0 2.1 NA NA 41.39
1981051 1981 02 20 87.96 6.2 -1.4 0 2.9 NA NA 47.1
1981052 1981 02 21 164.35 8.86 -3.71 0 1.8 NA NA 29.63
1981053 1981 02 22 161.61 7.9 -3.12 0 2.6 NA NA 34.7
1981054 1981 02 23 88.03 4.7 -5.11 0 0.7 NA NA 39.77
1981055 1981 02 24 59.03 2.5 0.1 0 2.1 NA NA 56.47
1981056 1981 02 25 71.11 1.7 -2.7 0 4.1 NA NA 58.44
1981057 1981 02 26 166.23 5.37 -5.77 0 3.3 NA NA 35.13
1981058 1981 02 27 162.27 9 -1.75 0 3.5 NA NA 48.25
1981059 1981 02 28 165.51 9.7 1 0 4.3 NA NA 51.82
1981060 1981 03 01 167.5 12.06 0.84 0 4.1 NA NA 50.14
1981061 1981 03 02 178.24 15.9 1.2 0 2.9 NA NA 32.6
1981062 1981 03 03 119.21 16.1 -0.1 0 2.7 NA NA 27.5
1981063 1981 03 04 178.55 11.36 2.5 0 4.71 NA NA 39.3
1981064 1981 03 05 119.21 10.15 2.28 0 5 NA NA 52.7
1981065 1981 03 06 89.12 8.4 0.8 0 3.4 NA NA 55.5
1981066 1981 03 07 159.72 6.9 0.7 0 4.83 NA NA 47.78
1981067 1981 03 08 181.74 7.4 -1.52 0 3.2 NA NA 44.36
1981068 1981 03 09 182.87 12.4 -3.3 0 1.1 NA NA 28.51
1981069 1981 03 10 187.5 19.82 -2.4 0 1.29 NA NA 22.07
1981070 1981 03 11 58.13 8.9 2.8 0 2 NA NA 48.71
1981071 1981 03 12 186.48 18.61 1.76 0 2.6 NA NA 36.54
1981072 1981 03 13 99.54 12.98 2.83 2 3.51 NA NA 48.52
1981073 1981 03 14 184.03 12.2 0 0 1.3 NA NA 31.4
1981074 1981 03 15 101.01 8.47 -1 5.01 2.5 NA NA 54.32
1981075 1981 03 16 49.77 3.89 0.13 5.67 2.7 NA NA 76.75
1981076 1981 03 17 87.96 4.79 -2.11 0 3.1 NA NA 57.18
1981077 1981 03 18 148.14 6.87 -3.6 2.5 2.3 NA NA 46.15
1981078 1981 03 19 40.5 0.49 -2.1 19.18 3.7 NA NA 89.99
1981079 1981 03 20 44.8 0.46 -2.22 7.58 3.7 NA NA 81.79
1981080 1981 03 21 75.16 1.9 -3.7 0 3 NA NA 61.1
1981081 1981 03 22 216.44 8.2 -5.01 0 2.7 NA NA 44.03
1981082 1981 03 23 178.24 7.4 -0.81 0 4.5 NA NA 52.88
1981083 1981 03 24 137.73 5.69 -1.8 0 4.2 NA NA 53.7
1981084 1981 03 25 103.01 5.7 -3.3 0 4.1 NA NA 53.3
1981085 1981 03 26 170.71 3 -4.15 2.7 3.6 NA NA 57.09
1981086 1981 03 27 233.2 6.15 -6.18 0 3.7 NA NA 42.71
1981087 1981 03 28 232.7 12.39 -2 0 2.1 NA NA 38.4
1981088 1981 03 29 241.92 18.4 -3.55 0 1.3 NA NA 26.89
1981089 1981 03 30 232.64 20.7 2.8 0 2.1 NA NA 35.6
1981090 1981 03 31 236.11 22.4 3.77 0 1.8 NA NA 32.49
1981091 1981 04 01 230.38 22.82 5.1 0 0.8 NA NA 31.2
1981092 1981 04 02 187.69 22.3 6.6 0 1.77 NA NA 27.75
1981093 1981 04 03 216.53 18 4.49 0 2.4 NA NA 38.8
1981094 1981 04 04 248.89 16.1 1.02 0 1.3 NA NA 30.6
1981095 1981 04 05 243.06 19.36 0.8 0 1.6 NA NA 30.75
1981096 1981 04 06 243.02 20.1 3.64 0 2.1 NA NA 38.86
1981097 1981 04 07 243.06 19.8 4.2 0 1.9 NA NA 38.3
1981098 1981 04 08 244.66 18.7 5.85 0 2.9 NA NA 40.3
1981099 1981 04 09 219.39 15.1 4 0 3.26 NA NA 49.87
1981100 1981 04 10 239.49 15.78 1.9 0 3.4 NA NA 47.3
1981101 1981 04 11 246.63 15.6 1.92 0 2.8 NA NA 42.4
1981102 1981 04 12 252.35 18 1.8 0 1.5 NA NA 34.7
1981103 1981 04 13 177 20.4 2.09 0 1.5 NA NA 32.5
1981104 1981 04 14 65.96 13.86 9.39 0 3 NA NA 48.74
1981105 1981 04 15 126.16 17 6.53 0 2.1 NA NA 41.8
1981106 1981 04 16 250 22.02 3.9 0 0.9 NA NA 28.44
1981107 1981 04 17 166.67 23.1 6.4 0 0.5 NA NA 32.5
1981108 1981 04 18 182.87 24.56 9.2 9.2 1 NA NA 37.39
1981109 1981 04 19 240.4 18.3 6.89 0 2.9 NA NA 34.9
1981110 1981 04 20 118.22 15.3 9.1 0 3 NA NA 54.71
1981111 1981 04 21 97.06 15.39 8 0 2.7 NA NA 56.74
1981112 1981 04 22 60.57 12.1 5.29 9.27 1 NA NA 66.72
1981113 1981 04 23 105.5 13.49 3.3 0 0.9 NA NA 51.3
1981114 1981 04 24 221.06 20.01 0.8 0 1.5 NA NA 33.5
1981115 1981 04 25 220.73 21 5.5 0 2.77 NA NA 40.39
1981116 1981 04 26 49.16 12.7 9.7 5.67 5.82 NA NA 80.97
1981117 1981 04 27 210.65 17.88 8.7 6.8 2.8 NA NA 57.1
1981118 1981 04 28 120.45 14.8 8.6 1.6 3.4 NA NA 61.62
1981119 1981 04 29 118.06 15 10.29 1.9 2.7 NA NA 66.53
1981120 1981 04 30 232.48 19.2 9.38 3 2.9 NA NA 56.02
1981121 1981 05 01 122.69 16.1 9.27 0 2.4 NA NA 60.89
1981122 1981 05 02 193.29 21.2 10.5 2.91 2.2 NA NA 52.37
1981123 1981 05 03 122.63 18.89 10 0 1.8 NA NA 53.9
1981124 1981 05 04 116.16 16.5 7.6 0 0.7 NA NA 54.7
1981125 1981 05 05 93.71 12.77 2.63 5.6 2.5 NA NA 61.69
1981126 1981 05 06 203.7 13.79 1.89 0 4.6 NA NA 41.3
1981127 1981 05 07 287.04 18 2.4 0 2.9 NA NA 36
1981128 1981 05 08 287.11 22.4 4.43 0 1.8 NA NA 34.47
1981129 1981 05 09 268.48 24.71 6.65 0 1.8 NA NA 39.52
1981130 1981 05 10 120.79 16.69 9.4 0 2.1 NA NA 62.77
1981131 1981 05 11 199.49 22.46 9 6.65 0.9 NA NA 48.39
1981132 1981 05 12 180.56 22.6 8.49 0 1.3 NA NA 43.08
1981133 1981 05 13 116.87 19.7 11.45 0 1 NA NA 52.66
1981134 1981 05 14 164.34 19.44 7.95 4.5 1.5 NA NA 57.6
1981135 1981 05 15 320.34 23.4 5 0 1.2 NA NA 33.84
1981136 1981 05 16 261.81 25.06 8.5 0 1.4 NA NA 39.5
1981137 1981 05 17 229.21 26 9.6 0 0.9 NA NA 37.83
1981138 1981 05 18 97.64 17.9 12.1 0 0.6 NA NA 57.81
1981139 1981 05 19 175.64 24.13 12.5 0 1.8 NA NA 36.44
1981140 1981 05 20 200.23 22.78 10.2 6.3 2.2 NA NA 52.49
1981141 1981 05 21 152.64 20.6 9 6.3 1.1 NA NA 56.01
1981142 1981 05 22 160.52 23.9 11.5 2 1.1 NA NA 42.57
1981143 1981 05 23 245.1 27 11.2 0 0.8 NA NA 37.17
1981144 1981 05 24 122.82 23.2 14 2.41 0.8 NA NA 57.57
1981145 1981 05 25 188.66 23.3 14.1 10.01 2 NA NA 61.84
1981146 1981 05 26 226.8 26.5 14.15 3.4 1.1 NA NA 49
1981147 1981 05 27 188.66 24.9 13.3 6.4 0.5 NA NA 54.56
1981148 1981 05 28 263.89 26.9 14.02 5.74 0.8 NA NA 50.1
1981149 1981 05 29 193.11 25.89 14.5 7.3 1.4 NA NA 58.52
1981150 1981 05 30 261.57 26.3 14.8 0 2.9 NA NA 56.15
1981151 1981 05 31 253.47 27.1 14.4 0 1.9 NA NA 56.72
1981152 1981 06 01 196.76 25.8 15.3 7.61 1.4 NA NA 58.61
1981153 1981 06 02 139.53 22.1 15.1 3.22 1 NA NA 64.3
1981154 1981 06 03 172.29 25.06 14.7 3.9 1.2 NA NA 52.2
1981155 1981 06 04 164.24 24.5 14.1 6.39 2.22 NA NA 54.2
1981156 1981 06 05 164.26 22.22 15.34 17.65 2 NA NA 66.51
1981157 1981 06 06 109.89 19.6 14.5 3.8 2.2 NA NA 72.92
1981158 1981 06 07 89.74 19.41 14.45 5.44 1.5 NA NA 72.89
1981159 1981 06 08 139.81 21.85 14.6 0 1.3 NA NA 66.01
1981160 1981 06 09 258.39 27.11 13.5 0 0.9 NA NA 51.35
1981161 1981 06 10 226.45 27.38 14.9 3.3 0.6 NA NA 52.9
1981162 1981 06 11 242.94 28.67 15.32 6.32 0.5 NA NA 44.35
1981163 1981 06 12 213.95 28.5 15.83 6.6 0.28 NA NA 52.5
1981164 1981 06 13 196.93 28.4 17.3 7.3 0.9 NA NA 55.1
1981165 1981 06 14 306.68 29.8 15.9 1.7 1.4 NA NA 43.35
1981166 1981 06 15 216.44 28.7 17.8 0 1.61 NA NA 44.32
1981167 1981 06 16 219.67 28.4 15.73 0 2.2 NA NA 48.7
1981168 1981 06 17 344.91 27 13.9 0 2.13 NA NA 41.4
1981169 1981 06 18 317.34 27.73 13.4 0 1.8 NA NA 32.18
1981170 1981 06 19 343.74 30.3 15 0 1.3 NA NA 28.36
1981171 1981 06 20 334.49 32.96 16.5 0 0.5 NA NA 26
1981172 1981 06 21 215.28 31.34 18.3 2.92 0.7 NA NA 40.9
1981173 1981 06 22 294.49 29.7 17.9 6.4 1.3 NA NA 51
1981174 1981 06 23 328.83 33.21 17.3 0 1.7 NA NA 27.03
1981175 1981 06 24 327.62 28.32 17.3 0 2.5 NA NA 41.58
1981176 1981 06 25 202.35 25.14 16.26 6.4 2.1 NA NA 66.09
1981177 1981 06 26 123.03 23.3 16.9 4.4 2.4 NA NA 67.69
1981178 1981 06 27 255.79 27.7 15.4 0 1.8 NA NA 33.73
1981179 1981 06 28 218.46 26 15.4 7.9 0.9 NA NA 54.89
1981180 1981 06 29 331.03 25.7 15.08 1.7 3.36 NA NA 47.36
1981181 1981 06 30 257.57 26 14.4 0 2.9 NA NA 47.8
1981182 1981 07 01 232.56 26.2 14.9 0 2.3 NA NA 54.71
1981183 1981 07 02 108.88 20.72 15.5 0 2.7 NA NA 78.45
1981184 1981 07 03 142.36 22.7 16.2 1.8 2.8 NA NA 75.51
1981185 1981 07 04 72.86 21.46 16.2 0 1.79 NA NA 86.23
1981186 1981 07 05 142.34 26.6 17.3 8.2 1.7 NA NA 68.01
1981187 1981 07 06 196.76 27.7 18.3 17.57 1.8 NA NA 66.53
1981188 1981 07 07 220.99 28.73 18.1 0 1.83 NA NA 55.84
1981189 1981 07 08 274.31 27.6 16.78 5.1 2.32 NA NA 53.35
1981190 1981 07 09 32.2 18.9 17.03 2 1.8 NA NA 95.64
1981191 1981 07 10 209.42 26.4 16.5 12.22 2 NA NA 65.89
1981192 1981 07 11 90.3 21.9 17.6 9.14 2.5 NA NA 90.89
1981193 1981 07 12 290.09 27 15.89 0 2.61 NA NA 48.1
1981194 1981 07 13 332.18 26.9 14.47 0 1.8 NA NA 31.1
1981195 1981 07 14 272.74 29.75 14.26 0 2.5 NA NA 33.98
1981196 1981 07 15 195.6 25.48 16.43 0 2.2 NA NA 62.75
1981197 1981 07 16 221.96 29.2 15 0 0.8 NA NA 28.6
1981198 1981 07 17 224.54 30.84 16.3 0 1.1 NA NA 27.8
1981199 1981 07 18 276.62 32.14 17.7 0 1.2 NA NA 35.63
1981200 1981 07 19 289.09 36 18.32 0 0.9 NA NA 27.75
1981201 1981 07 20 248.42 27.69 17 0 2.7 NA NA 44.32
1981202 1981 07 21 220.84 25.79 14.8 1.62 2.96 NA NA 38.85
1981203 1981 07 22 305.56 31.3 13.5 0 1.6 NA NA 20.06
1981204 1981 07 23 273.15 33.5 16.18 0 1.4 NA NA 22.7
1981205 1981 07 24 257.2 34.1 18.4 0 1.1 NA NA 26.2
1981206 1981 07 25 156.18 27.84 18.3 0 2 NA NA 49.11
1981207 1981 07 26 176.27 27.7 16.6 1.6 1.14 NA NA 36.81
1981208 1981 07 27 173.57 26.7 16.5 4.6 1.4 NA NA 45.32
1981209 1981 07 28 237.27 27.4 15.5 3.4 2.08 NA NA 36.8
1981210 1981 07 29 94.91 22.64 14.5 0 1.6 NA NA 61.9
1981211 1981 07 30 248.69 25.1 14.4 0 3.55 NA NA 40.82
1981212 1981 07 31 285.88 35 14.8 0 1.5 NA NA 16.89
1981213 1981 08 01 285.88 40.56 17.5 0 0.4 NA NA 14.69
1981214 1981 08 02 280.09 38.27 20 0 0.7 NA NA 18.13
1981215 1981 08 03 281.25 31.2 19.61 0 2.7 NA NA 35.57
1981216 1981 08 04 297.45 28.3 16.9 0 2.26 NA NA 28.61
1981217 1981 08 05 280.09 32.1 16.1 0 1.7 NA NA 26.34
1981218 1981 08 06 280.82 33.1 18 0 1.6 NA NA 27.17
1981219 1981 08 07 284.52 32.07 18.2 0 2 NA NA 25.8
1981220 1981 08 08 281.29 33.8 18.1 0 1.8 NA NA 28.9
1981221 1981 08 09 253.47 28.9 15.13 0 3.1 NA NA 32
1981222 1981 08 10 285.88 27.76 13.5 0 1.9 NA NA 21.42
1981223 1981 08 11 276.62 31.3 14.27 0 0.8 NA NA 17.9
1981224 1981 08 12 270.65 31.92 16.43 0 1.1 NA NA 20.59
1981225 1981 08 13 271.09 31.16 17 0 1.5 NA NA 23.81
1981226 1981 08 14 270.91 31.4 16.4 0 1.4 NA NA 25.52
1981227 1981 08 15 210.48 31.18 17.11 0 1.8 NA NA 27.83
1981228 1981 08 16 234.95 30.1 17.6 0 1.9 NA NA 31.35
1981229 1981 08 17 161.32 24.99 17.4 6.4 2.3 NA NA 54.61
1981230 1981 08 18 171.3 26.6 16 0 2 NA NA 44.71
1981231 1981 08 19 265.05 28.8 14.2 0 1.3 NA NA 28.99
1981232 1981 08 20 219.91 30 15.4 0 1.3 NA NA 33.37
1981233 1981 08 21 251.16 30.7 16.5 0 1.4 NA NA 30.58
1981234 1981 08 22 108.23 25.59 17.7 0 0.9 NA NA 44.71
1981235 1981 08 23 173.61 26.2 16.5 14.54 1.8 NA NA 48.06
1981236 1981 08 24 247.69 29.1 15.5 0 1.8 NA NA 31.03
1981237 1981 08 25 249.88 35.01 15.6 0 0.7 NA NA 19.5
1981238 1981 08 26 247.32 31.1 18.87 0 1.7 NA NA 27.85
1981239 1981 08 27 210.17 29.74 17.3 0 2.1 NA NA 29.22
1981240 1981 08 28 246.97 29.7 17.2 0 1.8 NA NA 30.23
1981241 1981 08 29 198.24 31.52 16.8 0 1.1 NA NA 28.1
1981242 1981 08 30 183.51 31 18.6 0 0.9 NA NA 28.63
1981243 1981 08 31 240.9 32.97 16.64 0 0.8 NA NA 24.7
1981244 1981 09 01 241.29 30 17.55 0 1.9 NA NA 28.18
1981245 1981 09 02 239.35 28.76 15.6 0 2.5 NA NA 33.47
1981246 1981 09 03 245.54 27.5 13.1 0 1.7 NA NA 27.97
1981247 1981 09 04 242.05 30.3 12.8 0 0.9 NA NA 16.9
1981248 1981 09 05 234.62 30.4 14.37 0 2.12 NA NA 20.19
1981249 1981 09 06 233.69 26.5 13.7 0 1.6 NA NA 23.6
1981250 1981 09 07 227.38 29.6 12 0 0.8 NA NA 18
1981251 1981 09 08 167.82 32.79 13.7 0 0.4 NA NA 16.79
1981252 1981 09 09 216.78 32.4 15.5 0 0.8 NA NA 19.6
1981253 1981 09 10 211.81 30.7 15.7 0 1 NA NA 21.89
1981254 1981 09 11 216.44 28.7 14.9 0 1.8 NA NA 26.7
1981255 1981 09 12 222.22 26.9 13 0 2 NA NA 24.6
1981256 1981 09 13 221.06 26.6 11.5 0 1.9 NA NA 25
1981257 1981 09 14 225.78 27.5 10.99 0 1.3 NA NA 15.21
1981258 1981 09 15 214.32 30.8 11.4 0 0.7 NA NA 9.92
1981259 1981 09 16 196.76 27.2 11.6 0 2.11 NA NA 25.42
1981260 1981 09 17 207.18 24.63 11.7 0 2.1 NA NA 29.4
1981261 1981 09 18 210.65 25.3 9.04 0 1.3 NA NA 18.98
1981262 1981 09 19 204.41 31 9.1 0 0.16 NA NA 13.41
1981263 1981 09 20 124.75 26.49 12.39 0 2.9 NA NA 26.48
1981264 1981 09 21 204.86 21.6 10.19 0 2.8 NA NA 24.45
1981265 1981 09 22 194.32 27.3 8.68 0 0.5 NA NA 18.8
1981266 1981 09 23 196.25 28.8 11.9 0 1.6 NA NA 21.71
1981267 1981 09 24 190.97 26.3 13.9 0 1.8 NA NA 34.67
1981268 1981 09 25 190.97 24.05 11.9 0 2 NA NA 29.02
1981269 1981 09 26 59.47 17.1 9.2 0 1.1 NA NA 45.11
1981270 1981 09 27 193.29 20 6.4 0 1.2 NA NA 22.78
1981271 1981 09 28 185.19 24.9 6.6 0 1.1 NA NA 27.03
1981272 1981 09 29 182.87 28.8 10.8 0 0.9 NA NA 26.64
1981273 1981 09 30 179.86 29 12.4 0 0.9 NA NA 29.4
1981274 1981 10 01 179.4 27.3 13.1 0 1.8 NA NA 26.29
1981275 1981 10 02 179.4 25.41 11.2 0 2.5 NA NA 30.6
1981276 1981 10 03 176.96 24.1 12.6 0 3 NA NA 32.43
1981277 1981 10 04 114.65 20.6 12.77 5.9 3 NA NA 60.64
1981278 1981 10 05 141.2 21.8 12.6 5.86 2.5 NA NA 62.28
1981279 1981 10 06 65.97 19.7 11.14 0 1.54 NA NA 58.16
1981280 1981 10 07 86.81 20.4 9.8 0 2.3 NA NA 40.27
1981281 1981 10 08 165.79 20.4 11.4 0 3.1 NA NA 34.4
1981282 1981 10 09 156.25 15.3 7.3 2.5 3.4 NA NA 44.6
1981283 1981 10 10 43.91 7.32 2.49 0 4.5 NA NA 33.79
1981284 1981 10 11 67.13 4.56 -3.45 0 3.5 NA NA 25.51
1981285 1981 10 12 138.3 10.6 -4.6 0 1.2 NA NA 14.44
1981286 1981 10 13 151.44 21.87 2.79 0 1.8 NA NA 23.68
1981287 1981 10 14 116.9 18.43 4.72 7.1 2.5 NA NA 44.81
1981288 1981 10 15 19.67 7.1 5.47 8.63 2.1 NA NA 85.22
1981289 1981 10 16 129.7 17.15 2.7 0 1.1 NA NA 50.75
1981290 1981 10 17 106.48 18.18 7.1 0 2 NA NA 42.5
1981291 1981 10 18 141.2 20.7 7.1 0 1.3 NA NA 35.11
1981292 1981 10 19 121.53 22.44 4.28 0 0.9 NA NA 25.49
1981293 1981 10 20 137.73 22.3 6.07 0 2.6 NA NA 29.18
1981294 1981 10 21 144.25 13.29 1.4 0 2.1 NA NA 29.9
1981295 1981 10 22 129.63 17.58 -0.11 0 1.4 NA NA 24.54
1981296 1981 10 23 140.05 20.29 1.6 0 1.4 NA NA 14.82
1981297 1981 10 24 134.33 20.4 3.2 0 1.5 NA NA 23.8
1981298 1981 10 25 133.43 20.58 2.47 0 0.8 NA NA 20.89
1981299 1981 10 26 135.42 22.3 3.01 0 0.8 NA NA 12.22
1981300 1981 10 27 97.22 20.07 3.75 0 1.2 NA NA 15.13
1981301 1981 10 28 97.41 19.12 3.96 0 1.8 NA NA 22.62
1981302 1981 10 29 127.31 18.53 2.68 0 0.8 NA NA 28.1
1981303 1981 10 30 127.31 19.91 3.07 0 1.2 NA NA 26.56
1981304 1981 10 31 123.53 17.9 3.2 0 1.55 NA NA 28.31
1981305 1981 11 01 79.45 12.62 3.2 0 1.9 NA NA 55.17
1981306 1981 11 02 65.74 11.4 4.6 0 3 NA NA 58.62
1981307 1981 11 03 38.14 8.87 3.32 0 2.2 NA NA 58.32
1981308 1981 11 04 84.33 11.34 2.48 3.8 2.6 NA NA 55.3
1981309 1981 11 05 108.8 17.52 7.5 2.7 2.5 NA NA 65.6
1981310 1981 11 06 114.58 18.58 5.8 0 1.3 NA NA 54.15
1981311 1981 11 07 114.58 19.9 3.6 0 0.6 NA NA 37.7
1981312 1981 11 08 113.43 19.1 3.1 0 1.6 NA NA 37.63
1981313 1981 11 09 33.51 9.8 6.87 0 1.9 NA NA 74.71
1981314 1981 11 10 50.93 13.36 7.5 0 1.9 NA NA 71.23
1981315 1981 11 11 28.2 11.5 7.6 11.1 2.9 NA NA 88.63
1981316 1981 11 12 25.46 10.29 6.7 10.14 0.9 NA NA 82.84
1981317 1981 11 13 71.32 14.9 5.1 4.97 2 NA NA 75.42
1981318 1981 11 14 81.02 16.43 5.4 0 1.1 NA NA 54.2
1981319 1981 11 15 60.19 14.45 3.66 0 0.5 NA NA 48.71
1981320 1981 11 16 102.03 15.67 4.25 0 2 NA NA 50.67
1981321 1981 11 17 100.69 14.2 3.1 0 2 NA NA 55.55
1981322 1981 11 18 103.01 10.01 0.98 0 2.8 NA NA 61.45
1981323 1981 11 19 66.73 6.5 -0.61 0 2.5 NA NA 66.89
1981324 1981 11 20 90.28 10.43 -1 0 2.2 NA NA 43.49
1981325 1981 11 21 21.99 3.1 2.3 14.23 3.3 NA NA 87.1
1981326 1981 11 22 9.73 3.19 -0.7 12.15 3.6 NA NA 86.7
1981327 1981 11 23 43.44 2.35 -1.2 0 3.3 NA NA 81.73
1981328 1981 11 24 76.39 5.4 1 0 3.5 NA NA 77.84
1981329 1981 11 25 44.92 4.62 2.59 1.13 3.5 NA NA 84.2
1981330 1981 11 26 79.97 6.67 -0.37 0 3.5 NA NA 71.08
1981331 1981 11 27 91.44 3.8 -2.5 0 2.75 NA NA 52.13
1981332 1981 11 28 92.86 4 -4.41 0 2.29 NA NA 35.29
1981333 1981 11 29 92.59 2.99 -6.12 0 1.91 NA NA 59.91
1981334 1981 11 30 91.63 4.7 -6.15 0 0.5 NA NA 41.97
1981335 1981 12 01 38.8 2.25 -4.1 0 0.99 NA NA 75.6
1981336 1981 12 02 89.12 7.8 -1.44 0 2 NA NA 57.44
1981337 1981 12 03 89.12 5.93 -2.8 0 2.2 NA NA 53.64
1981338 1981 12 04 57.18 3.1 -3 0 2.17 NA NA 77.4
1981339 1981 12 05 28.94 2.1 -4.56 5.99 0.8 NA NA 73.99
1981340 1981 12 06 19.68 3.4 -5.3 1.9 1.4 NA NA 69.36
1981341 1981 12 07 77.55 15.98 5 0 1.7 NA NA 56.89
1981342 1981 12 08 59.03 11.7 2.3 0 1.5 NA NA 68.6
1981343 1981 12 09 25.38 9.35 4.4 4.5 2.9 NA NA 72.9
1981344 1981 12 10 63.66 3.3 -0.06 0 3.7 NA NA 66.82
1981345 1981 12 11 46.3 4.52 0.02 0 4.5 NA NA 72.2
1981346 1981 12 12 55.06 5.4 1.18 0 6.46 NA NA 69.38
1981347 1981 12 13 81.02 2.39 -1.6 1.1 4.1 NA NA 68.52
1981348 1981 12 14 89.12 2.2 -5.9 0 2.9 NA NA 67.06
1981349 1981 12 15 45.14 0.05 -6.21 0 1.3 NA NA 74.05
1981350 1981 12 16 60.19 2.5 -7.31 0 1 NA NA 65
1981351 1981 12 17 18.52 1.63 -4.6 7.2 1.2 NA NA 77.86
1981352 1981 12 18 60.19 5.9 -2.32 3.8 1.8 NA NA 65
1981353 1981 12 19 24.31 0.3 -7.7 4.56 3.61 NA NA 81.82
1981354 1981 12 20 25.46 -2.5 -11.9 7.82 4.5 NA NA 87.19
1981355 1981 12 21 21.99 -5.9 -12.98 5.8 4.2 NA NA 87.92
1981356 1981 12 22 23.8 -3.3 -11.96 0 3.2 NA NA 83
1981357 1981 12 23 77.55 -0.9 -12.09 0 2.1 NA NA 76.35
1981358 1981 12 24 85.81 -1.93 -10.71 0 1.2 NA NA 79.74
1981359 1981 12 25 48.61 -2.43 -9.92 0 1.2 NA NA 82.55
1981360 1981 12 26 65.6 -1.13 -9.9 0 1.62 NA NA 79.58
1981361 1981 12 27 65.97 1.58 -4.7 7.8 2 NA NA 79.09
1981362 1981 12 28 59.03 3.7 -7.42 2.91 2.3 NA NA 66.62
1981363 1981 12 29 68.52 3.2 -7.98 0 2.06 NA NA 52.37
1981364 1981 12 30 79.86 6.5 -3.9 0 1.1 NA NA 54.03
1981365 1981 12 31 20.83 7 -2.05 0 3.3 NA NA 72.29
1982001 1982 01 01 74.07 11.28 1.87 2.51 2.2 NA NA 65
1982002 1982 01 02 27.08 1.84 -0.6 6.1 2.2 NA NA 82.78
1982003 1982 01 03 72.92 3.7 -3.71 0 2.7 NA NA 68.71
1982004 1982 01 04 98.38 4.3 -5.59 0 2.6 NA NA 46.1
1982005 1982 01 05 99.54 3.7 -7.01 0 1.3 NA NA 43.33
1982006 1982 01 06 99.54 1.88 -7.97 0 0.7 NA NA 52.57
1982007 1982 01 07 74.07 3.8 -6.94 0 0.9 NA NA 60.51
1982008 1982 01 08 52.08 6.74 -2.1 0 1.3 NA NA 59.17
1982009 1982 01 09 94.91 14.29 -0.8 0 0.8 NA NA 36.08
1982010 1982 01 10 99.54 12.9 -1.77 0 0.8 NA NA 34.22
1982011 1982 01 11 64.81 6.47 -0.98 0 1.3 NA NA 60.34
1982012 1982 01 12 62.5 6.98 0.5 0 1.4 NA NA 59.85
1982013 1982 01 13 98.38 13.2 -1 0 0.49 NA NA 38.72
1982014 1982 01 14 98.56 12.35 -0.33 0 1.2 NA NA 41.7
1982015 1982 01 15 99.54 7.74 -1.14 0 2.2 NA NA 60.77
1982016 1982 01 16 101.34 5.37 -4.38 0 1.6 NA NA 51.84
1982017 1982 01 17 101.85 6.93 -5 0 2.9 NA NA 58.94
1982018 1982 01 18 91.44 10.05 1 0 2 NA NA 65.81
1982019 1982 01 19 68.29 4.1 -0.46 0 2 NA NA 67.92
1982020 1982 01 20 53.24 1.67 -3.8 0 2.8 NA NA 67.68
1982021 1982 01 21 86.17 5.66 -5.64 0 1.9 NA NA 44.48
1982022 1982 01 22 43.98 8.37 3.89 0 3.3 NA NA 65.58
1982023 1982 01 23 61.34 5.9 2.3 3.84 1.9 NA NA 67.62
1982024 1982 01 24 35.88 4.26 2.4 5 0.9 NA NA 78.13
1982025 1982 01 25 85.65 9.61 1.9 0 1.2 NA NA 63.3
1982026 1982 01 26 43.98 6.32 1.9 1.4 3.1 NA NA 75.31
1982027 1982 01 27 25.45 4.98 1.6 7.73 2.6 NA NA 78.15
1982028 1982 01 28 113.57 9.36 -1.2 0 2.3 NA NA 41.89
1982029 1982 01 29 70.6 5.11 -2.74 0 3 NA NA 47.31
1982030 1982 01 30 83.33 2.8 -1.7 0 4.88 NA NA 56.9
1982031 1982 01 31 99.54 0.79 -6.41 0 4.9 NA NA 45.29
1982032 1982 02 01 125 0.6 -9.19 0 3 NA NA 44.06
1982033 1982 02 02 85.65 3.3 -6.28 0 2.6 NA NA 50.8
1982034 1982 02 03 45.14 2.4 -2.6 4.1 1.7 NA NA 74.38
1982035 1982 02 04 46.3 1.3 -4.4 4.1 3 NA NA 78.71
1982036 1982 02 05 125 5.9 -6.01 0 1.8 NA NA 45.74
1982037 1982 02 06 102.02 9.21 -1.4 0 3.2 NA NA 49.75
1982038 1982 02 07 47.45 1.58 -1.2 0 2 NA NA 66.15
1982039 1982 02 08 107.64 2.91 -4 0 3.5 NA NA 50.38
1982040 1982 02 09 109.42 1.6 -6.5 1.34 4.38 NA NA 51.86
1982041 1982 02 10 91.44 -1.61 -8.58 0 5.26 NA NA 50.2
1982042 1982 02 11 126.16 -3.31 -10.5 0 4.8 NA NA 54.61
1982043 1982 02 12 140.06 -3.3 -10.6 0 2.3 NA NA 42.58
1982044 1982 02 13 136.57 -0.52 -9.31 0 0.4 NA NA 62.9
1982045 1982 02 14 47.4 0.83 -6.3 3.3 1.7 NA NA 71.92
1982046 1982 02 15 138.89 8.79 -4 0 2.2 NA NA 47.1
1982047 1982 02 16 138.89 13.6 -4.13 0 1.9 NA NA 42.53
1982048 1982 02 17 75.23 7.3 2.02 3.5 4.4 NA NA 59.37
1982049 1982 02 18 105.17 6.6 0.1 0 4 NA NA 43.05
1982050 1982 02 19 48.27 1.93 -2.22 0 1.9 NA NA 56.82
1982051 1982 02 20 149.31 3.4 -4.8 0 3.6 NA NA 43.3
1982052 1982 02 21 170.15 1.1 -6.92 0 4 NA NA 30.91
1982053 1982 02 22 164.35 -1.2 -8.34 0 4.8 NA NA 43.3
1982054 1982 02 23 165.63 1.3 -7.57 0 4.4 NA NA 40.69
1982055 1982 02 24 166.19 3.39 -6.49 0 3.26 NA NA 31.7
1982056 1982 02 25 122.92 2.59 -6.4 0 1.7 NA NA 35.28
1982057 1982 02 26 165.62 4.8 -7.15 0 1.2 NA NA 38.29
1982058 1982 02 27 172.45 11.49 -6.51 0 0.9 NA NA 31.13
1982059 1982 02 28 71.76 6.8 -1.4 1.2 1.2 NA NA 54.31
1982060 1982 03 01 69.44 3.77 -3.1 0 2.3 NA NA 54.16
1982061 1982 03 02 178.98 6.68 -2.8 0 3.3 NA NA 42.29
1982062 1982 03 03 180.71 7.49 -3.36 0 2.4 NA NA 33.09
1982063 1982 03 04 185.08 8.87 -4.72 0 1.6 NA NA 24.52
1982064 1982 03 05 144.68 8.77 -3.34 0 1.6 NA NA 30.2
1982065 1982 03 06 182.87 9.5 -2.7 0 1.7 NA NA 41.74
1982066 1982 03 07 184.84 12.24 -2.97 0 1.2 NA NA 27.5
1982067 1982 03 08 123.81 13.13 -2.8 0 1 NA NA 27.49
1982068 1982 03 09 89.12 10.3 0.9 3.6 1 NA NA 57.62
1982069 1982 03 10 101.85 10.36 1.3 2.22 2.6 NA NA 55.57
1982070 1982 03 11 69.44 4.49 0.1 0 2.8 NA NA 62.18
1982071 1982 03 12 134.26 8.9 -0.5 0 2.74 NA NA 50.32
1982072 1982 03 13 86.81 4.8 -0.39 0 1.9 NA NA 62.06
1982073 1982 03 14 190.97 9.7 -1.87 0 0.9 NA NA 45.55
1982074 1982 03 15 97.42 6.89 -1.6 0 2.8 NA NA 56.61
1982075 1982 03 16 103.01 10.33 1.9 12.73 3.6 NA NA 62.34
1982076 1982 03 17 148.15 8.39 0.1 0 4.7 NA NA 47.48
1982077 1982 03 18 186.34 9.95 -1.14 2.7 2.9 NA NA 37.89
1982078 1982 03 19 170.14 11.2 -0.72 3.3 2.9 NA NA 52.88
1982079 1982 03 20 142.36 8.02 -1 0 1.1 NA NA 43.8
1982080 1982 03 21 53.24 1.87 -1.3 11.69 2.9 NA NA 75.3
1982081 1982 03 22 91.44 4.4 -1.3 8.8 3.2 NA NA 76.82
1982082 1982 03 23 156.58 13.91 2.9 0 3.31 NA NA 53.78
1982083 1982 03 24 148.15 12.4 -0.49 0 0.4 NA NA 40
1982084 1982 03 25 146.21 13.14 1.75 0 1.1 NA NA 39.41
1982085 1982 03 26 226.89 20.3 0.4 0 0.9 NA NA 31.32
1982086 1982 03 27 231.47 22.5 1.99 0 0.92 NA NA 29.17
1982087 1982 03 28 232.76 22.1 3.51 0 1.5 NA NA 25.09
1982088 1982 03 29 93.67 9.79 4.16 0 2 NA NA 52.8
1982089 1982 03 30 70.13 8.2 6.1 3.3 1.9 NA NA 71.8
1982090 1982 03 31 113.17 13.8 7 0 3.7 NA NA 62.13
1982091 1982 04 01 192.13 18.49 7.2 0 3.8 NA NA 57.49
1982092 1982 04 02 118.94 14.25 7.2 1.2 2.9 NA NA 62.02
1982093 1982 04 03 145.99 15.36 6.6 19.36 2.19 NA NA 58.52
1982094 1982 04 04 134.26 13.43 5.9 0 2.8 NA NA 58.66
1982095 1982 04 05 239.86 20.3 4.7 0 1.8 NA NA 48.08
1982096 1982 04 06 215.28 20.64 6.8 0 2.73 NA NA 48.82
1982097 1982 04 07 85.65 10.58 7 1.5 2.3 NA NA 73.07
1982098 1982 04 08 171.3 17.5 4.2 0 1.1 NA NA 48.89
1982099 1982 04 09 241.45 21 5.5 0 1 NA NA 41.73
1982100 1982 04 10 221.2 23.31 7.1 0 0.53 NA NA 33.5
1982101 1982 04 11 178.27 22.1 10.1 0 1 NA NA 39.47
1982102 1982 04 12 188.99 19.92 5.9 10.3 3.63 NA NA 48.42
1982103 1982 04 13 48.36 6.8 2.82 31.92 3.8 NA NA 70.9
1982104 1982 04 14 126.16 11.2 2.1 0 3 NA NA 51.83
1982105 1982 04 15 252.39 14.83 0.3 0 1.9 NA NA 36.44
1982106 1982 04 16 245.37 19.9 1.04 0 2 NA NA 34.78
1982107 1982 04 17 180.56 17.64 7.6 0 1.9 NA NA 45.12
1982108 1982 04 18 205.15 19 6.18 0 2.1 NA NA 36.01
1982109 1982 04 19 253.47 16.3 4.9 0 3.5 NA NA 35.67
1982110 1982 04 20 218.88 16 2.1 0 1.2 NA NA 32.5
1982111 1982 04 21 262.73 14.53 1.8 0 2 NA NA 37.31
1982112 1982 04 22 268.12 16.76 -0.6 0 0.8 NA NA 25.95
1982113 1982 04 23 262.03 21.1 3.4 0 2.5 NA NA 31.4
1982114 1982 04 24 252.01 22 7.8 0 1.6 NA NA 36.3
1982115 1982 04 25 160.59 18.77 7.9 0 1.9 NA NA 40.17
1982116 1982 04 26 142.36 20.77 8.75 0 0.2 NA NA 38.48
1982117 1982 04 27 229.75 22.7 9.41 2.2 0.3 NA NA 40.12
1982118 1982 04 28 93.75 15.99 8.7 0 0.9 NA NA 59
1982119 1982 04 29 146.38 19.4 10 0 1.9 NA NA 52.36
1982120 1982 04 30 267.36 26.7 9.1 0 0.9 NA NA 32.59
1982121 1982 05 01 197.58 24.3 13.71 0 2.9 NA NA 47.92
1982122 1982 05 02 178.24 22.7 12.31 0 3.4 NA NA 55.68
1982123 1982 05 03 251.2 22.7 12.5 4.5 2.8 NA NA 55.71
1982124 1982 05 04 166.02 19.7 13 4.5 2.61 NA NA 59.88
1982125 1982 05 05 128.47 20.64 12.6 0 2.79 NA NA 53.09
1982126 1982 05 06 167.22 22.4 12.7 0 2.9 NA NA 51.01
1982127 1982 05 07 56.29 15.84 11.3 6.1 3.1 NA NA 70.18
1982128 1982 05 08 192.13 21.1 11.5 0 3.1 NA NA 52.45
1982129 1982 05 09 196.76 20.9 10 0 3.16 NA NA 40.9
1982130 1982 05 10 118.06 16.5 9.4 0 2.6 NA NA 54.04
1982131 1982 05 11 230.85 22.5 9.3 0 2.84 NA NA 45.8
1982132 1982 05 12 243.99 23.82 10.5 2.8 2.6 NA NA 45.87
1982133 1982 05 13 277.97 17.6 6 2.3 3.3 NA NA 43.4
1982134 1982 05 14 187.48 17.3 5.31 1.2 1.7 NA NA 44.9
1982135 1982 05 15 183.21 20.9 5 0 2.7 NA NA 41.29
1982136 1982 05 16 210.97 24.7 8.9 6.98 1.6 NA NA 35.39
1982137 1982 05 17 263.89 23.5 10.2 0 1.9 NA NA 34.04
1982138 1982 05 18 314.86 24.6 9.2 0 0.5 NA NA 23.4
1982139 1982 05 19 282.46 24.13 9.6 2.5 0.3 NA NA 44.16
1982140 1982 05 20 231.48 29.8 12.1 0 0.9 NA NA 27.58
1982141 1982 05 21 245.37 31.5 16.03 0 2.1 NA NA 31.02
1982142 1982 05 22 181.59 31.5 17.6 0 1.3 NA NA 37
1982143 1982 05 23 267.6 26.1 15.92 0 2.81 NA NA 41.5
1982144 1982 05 24 203.7 22.74 9.15 2.2 4.23 NA NA 41.6
1982145 1982 05 25 245.43 17.98 7.28 0 5.43 NA NA 38.98
1982146 1982 05 26 298.06 19.55 6.29 0 5.68 NA NA 25.8
1982147 1982 05 27 334.44 20.1 6.94 0 3.51 NA NA 29.1
1982148 1982 05 28 193.02 24.7 7.05 0 0.9 NA NA 19.28
1982149 1982 05 29 184.61 26 13.9 0 1.2 NA NA 35.47
1982150 1982 05 30 208.02 31.57 15.6 0 0.7 NA NA 33.38
1982151 1982 05 31 167.82 33.05 17.5 1.2 0.3 NA NA 32.29
1982152 1982 06 01 271.36 35.6 16.01 0 0.4 NA NA 26.3
1982153 1982 06 02 255.59 35.59 18.6 0 0.7 NA NA 28.87
1982154 1982 06 03 244.37 28.9 17.17 8.19 0.9 NA NA 50.51
1982155 1982 06 04 288.49 28.51 15.71 0 1.7 NA NA 38.13
1982156 1982 06 05 211.81 28.6 16.5 8.2 0.9 NA NA 41.9
1982157 1982 06 06 212.83 26.8 16.16 6.57 0.4 NA NA 57.62
1982158 1982 06 07 101.67 21.7 15.7 0 1 NA NA 62.02
1982159 1982 06 08 168.98 22.6 14.52 6.7 0.9 NA NA 62.83
1982160 1982 06 09 106.48 20.82 13.6 0 1.2 NA NA 62.51
1982161 1982 06 10 340.14 23.55 12.3 0 2.1 NA NA 37.22
1982162 1982 06 11 278.15 27.64 11.2 0 1.1 NA NA 25.86
1982163 1982 06 12 328.7 27.5 13.41 0 1.2 NA NA 33.7
1982164 1982 06 13 336.04 27.98 13.62 0 1.5 NA NA 29.2
1982165 1982 06 14 204.59 28.25 14.9 0 1.6 NA NA 36.49
1982166 1982 06 15 294.04 30.01 16 2.3 1.1 NA NA 39.53
1982167 1982 06 16 291.43 30.8 16.72 1.2 0.7 NA NA 34.83
1982168 1982 06 17 270.83 27.9 15 4.77 1.8 NA NA 43.93
1982169 1982 06 18 189.69 24.5 14.32 1.1 2.4 NA NA 51.06
1982170 1982 06 19 262.73 27.17 15.3 1.9 3.4 NA NA 51.92
1982171 1982 06 20 106.47 20.9 11.56 0 0.9 NA NA 49.99
1982172 1982 06 21 134.2 20.98 10.48 3.2 0.9 NA NA 56.39
1982173 1982 06 22 282.41 24.3 10.44 0 1 NA NA 20.3
1982174 1982 06 23 306.71 27.8 10.7 0 1.6 NA NA 15.47
1982175 1982 06 24 209.49 26.9 12.52 3 0.9 NA NA 41.8
1982176 1982 06 25 247.24 27 14 7.4 1.85 NA NA 42.14
1982177 1982 06 26 326.39 28.15 13.58 0 1.9 NA NA 27.37
1982178 1982 06 27 229.17 29.1 15 7.57 1 NA NA 32.27
1982179 1982 06 28 200.23 25.6 15.1 7.6 1.6 NA NA 57.88
1982180 1982 06 29 152.76 25.18 15.4 3.97 0.8 NA NA 54.41
1982181 1982 06 30 246.32 29.3 13.7 0 1.1 NA NA 21.83
1982182 1982 07 01 335.17 37.34 14.4 0 0.4 NA NA 13.36
1982183 1982 07 02 335.31 35.13 17.8 0 1.3 NA NA 20.01
1982184 1982 07 03 347.44 32.75 16.06 0 1.4 NA NA 22.2
1982185 1982 07 04 240.78 30.3 18.4 6.6 2.2 NA NA 43.86
1982186 1982 07 05 317.13 30.3 17 0 2.3 NA NA 22.5
1982187 1982 07 06 285.88 31.15 15.6 0 1.51 NA NA 19.89
1982188 1982 07 07 303.24 34.2 17 0 1.2 NA NA 17.6
1982189 1982 07 08 289.66 35.1 19.61 0 0.8 NA NA 21.2
1982190 1982 07 09 297.45 33.41 20.4 0 1.5 NA NA 25.95
1982191 1982 07 10 317.41 37.54 18.1 0 1.2 NA NA 13.42
1982192 1982 07 11 209.49 28.38 16.6 0 3.2 NA NA 39.04
1982193 1982 07 12 318.29 27.63 14.97 0 1.9 NA NA 23.46
1982194 1982 07 13 317.61 31.62 12.6 0 0.9 NA NA 11.64
1982195 1982 07 14 298.61 36.71 16.12 0 0.5 NA NA 14.7
1982196 1982 07 15 292.3 37.4 19.1 0 0.5 NA NA 21.2
1982197 1982 07 16 281.25 34.76 22.6 9.11 0.8 NA NA 38.55
1982198 1982 07 17 319.44 25.7 16.8 0 3.73 NA NA 38
1982199 1982 07 18 334.53 26.4 15.31 0 3.1 NA NA 17.8
1982200 1982 07 19 213.76 32.6 13.7 0 1.1 NA NA 15.89
1982201 1982 07 20 189.81 34.22 16.7 0 1.92 NA NA 17.1
1982202 1982 07 21 212.75 35 20.3 0 1.6 NA NA 15.5
1982203 1982 07 22 310.35 36 18.1 0 2.2 NA NA 14.69
1982204 1982 07 23 199.06 32.16 19 1.1 2.2 NA NA 31.22
1982205 1982 07 24 289.35 31.1 18.5 0 2.9 NA NA 25.59
1982206 1982 07 25 177.05 26.6 17.6 0 2.4 NA NA 54.5
1982207 1982 07 26 284.72 31 16.67 0 1.7 NA NA 22.6
1982208 1982 07 27 182.87 29.34 16.89 2.8 2.15 NA NA 40.27
1982209 1982 07 28 117.81 26.51 18.3 0 1.4 NA NA 61.64
1982210 1982 07 29 153.05 31.2 18.13 0 0.71 NA NA 43.81
1982211 1982 07 30 274.96 31.68 17.3 5.6 1.6 NA NA 45.31
1982212 1982 07 31 210.65 31.21 17.5 7.2 1.2 NA NA 43.49
1982213 1982 08 01 278.94 33.1 17.7 0 1.6 NA NA 25.01
1982214 1982 08 02 275.67 34.1 18.3 0 1.84 NA NA 18.6
1982215 1982 08 03 283.06 32.1 17.5 0 1.6 NA NA 24.1
1982216 1982 08 04 299.77 31.1 16.8 0 1.5 NA NA 17.16
1982217 1982 08 05 298.61 34.5 15.5 0 1 NA NA 13.33
1982218 1982 08 06 134.21 34.26 17.1 0 0.3 NA NA 17.97
1982219 1982 08 07 180.97 32.2 18.1 7.86 1.5 NA NA 26.33
1982220 1982 08 08 210.58 28.7 16.5 0 1.7 NA NA 23.76
1982221 1982 08 09 283.78 30.6 15.03 0 1.2 NA NA 18.26
1982222 1982 08 10 281.25 31.5 15.8 0 1.2 NA NA 19.5
1982223 1982 08 11 277.15 32.5 16.4 0 1.55 NA NA 19.7
1982224 1982 08 12 282.41 32 16.55 0 1.5 NA NA 16.79
1982225 1982 08 13 267.36 32.7 16.8 0 1.21 NA NA 17.58
1982226 1982 08 14 266.72 34.8 18.6 0 0.73 NA NA 18.6
1982227 1982 08 15 257.06 35.5 19.2 0 1.4 NA NA 22.23
1982228 1982 08 16 230.52 35.8 19.9 0 1.5 NA NA 17.7
1982229 1982 08 17 265.05 37.16 20 0 2 NA NA 15
1982230 1982 08 18 256.94 33.7 20.94 0 1.91 NA NA 20.7
1982231 1982 08 19 158.58 28.27 18.51 0 0.8 NA NA 24.9
1982232 1982 08 20 266.2 31.5 15.67 0 1.2 NA NA 14.3
1982233 1982 08 21 260.87 34.5 15.7 0 1.8 NA NA 15.3
1982234 1982 08 22 110.38 24.2 15.3 0 2.15 NA NA 36.57
1982235 1982 08 23 262.88 27.5 12.8 0 1.8 NA NA 18.48
1982236 1982 08 24 128.19 23.2 12.1 0 1.4 NA NA 34.92
1982237 1982 08 25 187.18 27.3 11.3 0 1.7 NA NA 20.45
1982238 1982 08 26 182.73 27.8 13.8 0 2.04 NA NA 23.15
1982239 1982 08 27 108.47 22.85 15.5 3 1.1 NA NA 47.11
1982240 1982 08 28 108.09 22 13.29 0 1 NA NA 49.13
1982241 1982 08 29 122.69 25.48 12.7 0 2.3 NA NA 28.1
1982242 1982 08 30 123.18 22.99 14 0 1.9 NA NA 42.81
1982243 1982 08 31 217.59 26.67 12.09 0 1.4 NA NA 21.39
1982244 1982 09 01 244.21 27.9 10.19 0 1.1 NA NA 14.65
1982245 1982 09 02 243.06 31.02 11.4 0 0.95 NA NA 14.4
1982246 1982 09 03 187.5 28.4 15.3 0 3.1 NA NA 24.98
1982247 1982 09 04 236.35 29.71 15.4 0 2.1 NA NA 17
1982248 1982 09 05 216.63 34.34 14.4 0 2.1 NA NA 16.3
1982249 1982 09 06 119.21 21.6 11.95 0 2.6 NA NA 33.77
1982250 1982 09 07 231.48 23.7 10.45 0 2.66 NA NA 23.5
1982251 1982 09 08 229.17 26.63 8.7 0 1.3 NA NA 18.1
1982252 1982 09 09 92.59 18.6 11.8 0 1.2 NA NA 44.6
1982253 1982 09 10 217.59 27.4 10.39 0 0.7 NA NA 19.06
1982254 1982 09 11 160.88 29.4 10.6 0 1.4 NA NA 16.11
1982255 1982 09 12 142.36 29.7 15.5 0 1 NA NA 20.27
1982256 1982 09 13 199.77 26.04 11.5 0 2.4 NA NA 25.6
1982257 1982 09 14 216.44 26.18 9.08 0 2 NA NA 18.97
1982258 1982 09 15 143.52 27.49 12.7 0 1 NA NA 21.9
1982259 1982 09 16 208.33 27.7 12.8 0 1.6 NA NA 17.09
1982260 1982 09 17 207.55 30.1 11.5 0 0.4 NA NA 11.87
1982261 1982 09 18 202.67 30.14 13.9 0 1.5 NA NA 16.7
1982262 1982 09 19 201.56 30 13.74 0 1.2 NA NA 18.76
1982263 1982 09 20 200.23 30.1 13.92 0 1.8 NA NA 19.37
1982264 1982 09 21 200.23 30.11 14.41 0 2.1 NA NA 16.69
1982265 1982 09 22 193.69 30.6 16 0 2.1 NA NA 23.5
1982266 1982 09 23 194.44 28.91 15.5 0 2.3 NA NA 25.93
1982267 1982 09 24 195.6 27.57 13.1 0 2.3 NA NA 25.15
1982268 1982 09 25 194.44 29 12.6 0 2 NA NA 21.87
1982269 1982 09 26 191.44 29.3 12.51 0 1.6 NA NA 20.64
1982270 1982 09 27 189.81 29.4 12.43 0 1.4 NA NA 17.65
1982271 1982 09 28 187.5 29.4 13.53 0 1.95 NA NA 20.19
1982272 1982 09 29 186.34 29 13 0 1.7 NA NA 19.45
1982273 1982 09 30 112.06 26.8 14.2 0 1.8 NA NA 29.7
1982274 1982 10 01 180.56 25.2 13 0 1.7 NA NA 35.7
1982275 1982 10 02 55.48 19.1 12 0 0.72 NA NA 42.87
1982276 1982 10 03 163.19 25.7 11.1 0 1.7 NA NA 25.51
1982277 1982 10 04 163.61 24.4 12 2.5 2.4 NA NA 40.49
1982278 1982 10 05 86.81 20.18 13.1 5 2.3 NA NA 67.7
1982279 1982 10 06 42.83 15.2 11.6 7.1 1.2 NA NA 83.4
1982280 1982 10 07 165.51 24.6 9.6 0 0.8 NA NA 33.02
1982281 1982 10 08 165.59 24.8 9.4 0 1.5 NA NA 25.5
1982282 1982 10 09 83 22.41 10.05 0 0.5 NA NA 30.11
1982283 1982 10 10 74.48 21.79 13.97 0 2.1 NA NA 46.35
1982284 1982 10 11 150.46 24.3 11.9 0 2.65 NA NA 43.4
1982285 1982 10 12 89.12 23.7 13.25 0 1.7 NA NA 48.04
1982286 1982 10 13 67.05 21 14 10.1 1.3 NA NA 67.9
1982287 1982 10 14 153.94 27.29 11.7 0 1.02 NA NA 32.72
1982288 1982 10 15 97.85 26.7 13.2 0 1 NA NA 29.7
1982289 1982 10 16 91.44 25.2 13.33 0 2 NA NA 33.3
1982290 1982 10 17 21.13 18.48 15.41 0 0.52 NA NA 49.63
1982291 1982 10 18 19.39 13.8 13.49 3.55 0.4 NA NA 81.31
1982292 1982 10 19 32.41 14 9.9 3 0.8 NA NA 75.1
1982293 1982 10 20 131.94 22.9 8.7 0 1.4 NA NA 48.98
1982294 1982 10 21 102.53 22.72 11.32 0 1.7 NA NA 55.21
1982295 1982 10 22 48.61 16.38 11.6 1.72 1.3 NA NA 75.85
1982296 1982 10 23 103.01 22.2 12.6 0 1.9 NA NA 54.41
1982297 1982 10 24 85.65 21.91 11.01 0 2.1 NA NA 50.87
1982298 1982 10 25 132.03 21.92 7.97 0 1.2 NA NA 29.69
1982299 1982 10 26 129.63 23 5.2 0 1.3 NA NA 29.55
1982300 1982 10 27 125 23 8.2 0 1 NA NA 32.8
1982301 1982 10 28 112.27 26.33 12.57 4.15 0.9 NA NA 35.27
1982302 1982 10 29 125 25.8 9.84 0 1.2 NA NA 32.7
1982303 1982 10 30 107.64 24.41 10.21 0 1.3 NA NA 35.26
1982304 1982 10 31 32.41 16.64 11.9 0 1.5 NA NA 65.91
1982305 1982 11 01 121.64 17.74 7.7 0 2.9 NA NA 43.43
1982306 1982 11 02 125 15.7 3.2 0 1.7 NA NA 37.7
1982307 1982 11 03 88.88 14.52 0.82 0 2.5 NA NA 33.28
1982308 1982 11 04 45.76 8.57 4 0 3.5 NA NA 52.61
1982309 1982 11 05 59.29 6.33 0.11 0 4 NA NA 57.13
1982310 1982 11 06 113.43 6.74 -1.46 0 3 NA NA 29.6
1982311 1982 11 07 65.97 6.5 -2 0 0.6 NA NA 29.97
1982312 1982 11 08 77.55 10.1 -1.4 0 1.1 NA NA 37.62
1982313 1982 11 09 114.58 17.23 -2 0 0.7 NA NA 30.24
1982314 1982 11 10 76.39 15.8 3.2 0 1.8 NA NA 32.3
1982315 1982 11 11 116.13 10.7 0.79 0 2.8 NA NA 37.5
1982316 1982 11 12 114.69 10.19 -2.4 0 1.8 NA NA 32.27
1982317 1982 11 13 104.46 12.3 -2.61 0 1.9 NA NA 37.9
1982318 1982 11 14 25.46 9.37 4.93 1.91 2.5 NA NA 81.63
1982319 1982 11 15 97.22 20.01 3.1 0 1.5 NA NA 46.25
1982320 1982 11 16 25.46 9.9 8.3 9.19 1.3 NA NA 81.71
1982321 1982 11 17 6.94 6.6 1.2 11.8 3.3 NA NA 82.88
1982322 1982 11 18 84.49 2.5 -4.48 0 4.1 NA NA 59.39
1982323 1982 11 19 99.54 3.55 -5.7 0 3 NA NA 31.59
1982324 1982 11 20 106.48 8.69 -5.9 0 0.8 NA NA 16.77
1982325 1982 11 21 25.46 1.73 -5.7 0 2.7 NA NA 48.4
1982326 1982 11 22 100.69 1 -7.6 0 3.1 NA NA 48.49
1982327 1982 11 23 65.97 2.7 -7.7 0 3.2 NA NA 38.2
1982328 1982 11 24 89.12 7.9 0.1 0 3.61 NA NA 36.35
1982329 1982 11 25 23.15 0.68 -6.65 10.7 3.3 NA NA 86.4
1982330 1982 11 26 99.76 -1.6 -8.74 0 2.3 NA NA 77.73
1982331 1982 11 27 96.06 1.8 -6.39 0 3.9 NA NA 55.53
1982332 1982 11 28 91.45 2.9 -3.13 0 4 NA NA 60.98
1982333 1982 11 29 84.52 3.58 -4.61 0 2.19 NA NA 60.22
1982334 1982 11 30 89.12 6.2 -4.08 0 2.7 NA NA 42.2
1982335 1982 12 01 63.66 8.9 -0.8 12.71 3 NA NA 44.53
1982336 1982 12 02 28.94 3.8 -3.73 0 1.5 NA NA 68.3
1982337 1982 12 03 52.08 4 -5.64 1.26 1 NA NA 54.29
1982338 1982 12 04 46.3 7.45 0.1 3.6 0.9 NA NA 66.97
1982339 1982 12 05 59.03 13.2 0.1 0 2.2 NA NA 54.59
1982340 1982 12 06 58.57 14.5 5.9 0.97 4.4 NA NA 64.55
1982341 1982 12 07 47.41 5.7 1.11 1.1 1.8 NA NA 66.51
1982342 1982 12 08 63.66 4 -2.95 0 2.9 NA NA 58.59
1982343 1982 12 09 90.28 4.89 -6.3 0 1.7 NA NA 35.46
1982344 1982 12 10 71.76 6.14 -2.1 2.4 2.8 NA NA 57.02
1982345 1982 12 11 81.21 9.56 -0.96 2.39 0.6 NA NA 57.37
1982346 1982 12 12 42.82 6.94 -1.3 0 2.2 NA NA 68.59
1982347 1982 12 13 47.4 8.21 3.4 0 2 NA NA 71.58
1982348 1982 12 14 59.03 12.81 2.8 0 1.8 NA NA 62.93
1982349 1982 12 15 77.55 14.1 1.58 0 1.8 NA NA 52.66
1982350 1982 12 16 61.19 11.21 0.47 0 1.3 NA NA 53.6
1982351 1982 12 17 48.61 8.32 2.5 0 2.02 NA NA 44
1982352 1982 12 18 35.88 5.9 3.62 0 1.8 NA NA 71.74
1982353 1982 12 19 62.5 10.5 1.77 0 1.8 NA NA 67.38
1982354 1982 12 20 62.61 12.15 0.9 1.6 2.9 NA NA 61.14
1982355 1982 12 21 62.68 15.97 8.37 0 3.7 NA NA 67.08
1982356 1982 12 22 11.57 11.51 6.69 5.34 3.9 NA NA 75.02
1982357 1982 12 23 43.98 12.3 6.7 0 5.54 NA NA 69.99
1982358 1982 12 24 70.6 19.01 13.5 0 5.49 NA NA 64.99
1982359 1982 12 25 65.28 16.25 12.29 0 4.7 NA NA 64.52
1982360 1982 12 26 72.92 16.68 8.01 0 2.9 NA NA 62.77
1982361 1982 12 27 69.01 15.5 4.24 0 2.49 NA NA 47.29
1982362 1982 12 28 78.7 14.8 1.96 0 1.5 NA NA 22.38
1982363 1982 12 29 83.33 14.1 1 0 1.7 NA NA 32.7
1982364 1982 12 30 69.44 10.9 0.4 0 1.5 NA NA 38.02
1982365 1982 12 31 79.86 11.45 -1.47 0 0.9 NA NA 30.04
1983001 1983 01 01 92.61 11.2 -2.6 0 1.2 NA NA 36.79
1983002 1983 01 02 87.96 10.71 -2.6 0 2.1 NA NA 40.49
1983003 1983 01 03 48.61 6.75 2.26 0 1.09 NA NA 43.89
1983004 1983 01 04 69.44 10.86 0.7 0 0.52 NA NA 54.18
1983005 1983 01 05 23.87 3.9 -0.8 1.77 1.1 NA NA 74.9
1983006 1983 01 06 40.51 6.15 3.78 1.91 1.7 NA NA 83.24
1983007 1983 01 07 34.72 4.62 3.35 1.77 2 NA NA 85.66
1983008 1983 01 08 26.6 3.6 2.9 9.5 1.9 NA NA 87.28
1983009 1983 01 09 77.55 7.55 0.4 0 1.9 NA NA 71.82
1983010 1983 01 10 97.35 7.3 -3.5 0 2.3 NA NA 55.5
1983011 1983 01 11 77.55 5.9 -6.5 0 3.3 NA NA 55.9
1983012 1983 01 12 99.54 8.2 1.3 0 4.6 NA NA 56.03
1983013 1983 01 13 91.44 13.7 0.2 0 2.6 NA NA 45.28
1983014 1983 01 14 100.69 9.75 1.91 0 3.5 NA NA 44.42
1983015 1983 01 15 90.28 13.61 0.4 0 1 NA NA 33.25
1983016 1983 01 16 97.22 13.9 3.2 0 2.4 NA NA 43.2
1983017 1983 01 17 32.41 9.76 4.5 2.5 2.4 NA NA 70.55
1983018 1983 01 18 100.69 10 0.7 0 2.1 NA NA 49.29
1983019 1983 01 19 89.13 13.6 0.69 0 2.7 NA NA 42.82
1983020 1983 01 20 100.9 14.88 1.53 0 1.55 NA NA 39.25
1983021 1983 01 21 104.17 15.21 -1.27 0 0.3 NA NA 33.77
1983022 1983 01 22 100.69 13.95 -0.9 0 1.3 NA NA 43.89
1983023 1983 01 23 53.24 7.7 2.48 0 3.2 NA NA 74.45
1983024 1983 01 24 62.5 10.69 4.1 0 4 NA NA 71.22
1983025 1983 01 25 53.24 11.15 7.22 0 5.79 NA NA 73.25
1983026 1983 01 26 38.19 9.02 2.8 0 3.1 NA NA 71.94
1983027 1983 01 27 108.8 13.15 1.8 0 1.6 NA NA 50.32
1983028 1983 01 28 33.54 3.5 -1.32 1.7 0.7 NA NA 75.3
1983029 1983 01 29 101.85 13.5 -2.6 1.2 2.92 NA NA 45.32
1983030 1983 01 30 109.95 14.29 2.3 0 2.28 NA NA 43.2
1983031 1983 01 31 84.39 15.76 5.08 0 3 NA NA 48.8
1983032 1983 02 01 56.94 6.04 3.1 3.92 0.7 NA NA 68.92
1983033 1983 02 02 87.96 11.1 -0.18 2.92 2.5 NA NA 52.9
1983034 1983 02 03 119.97 14.8 -2.35 0 1 NA NA 30.06
1983035 1983 02 04 107.66 14.76 -1.37 0 1.5 NA NA 27.56
1983036 1983 02 05 68.29 5.8 -1.46 0 0.6 NA NA 29.89
1983037 1983 02 06 90.28 14.38 -2.7 0 1.1 NA NA 35.37
1983038 1983 02 07 46.3 8.3 5.04 0 2.7 NA NA 62.9
1983039 1983 02 08 65.97 11.9 4.1 1.9 3.6 NA NA 62.38
1983040 1983 02 09 72.92 8.98 1.3 1.6 2.4 NA NA 61.54
1983041 1983 02 10 85.65 7.9 1.2 1.2 4.2 NA NA 57.29
1983042 1983 02 11 48.44 2.39 1.2 1.81 4.6 NA NA 69.34
1983043 1983 02 12 135.42 8.86 0 0 3.4 NA NA 39.72
1983044 1983 02 13 49.53 6.65 0.1 1.4 2.8 NA NA 67.6
1983045 1983 02 14 71.76 11.05 5.4 0 4.9 NA NA 69.52
1983046 1983 02 15 134.26 13.92 1.7 1.4 3.02 NA NA 47.31
1983047 1983 02 16 86.55 9.3 0.6 0 0.9 NA NA 57.25
1983048 1983 02 17 142.36 14.46 -0.1 0 1.1 NA NA 40.3
1983049 1983 02 18 83.33 14.7 1.79 0 2 NA NA 46.19
1983050 1983 02 19 90.28 16.02 4.72 0 3.2 NA NA 51.36
1983051 1983 02 20 53.24 9.54 4.1 0 2.2 NA NA 62.37
1983052 1983 02 21 141.33 14.8 0.86 0 1.2 NA NA 36.57
1983053 1983 02 22 52.83 4.7 0.1 8.41 3.3 NA NA 67.33
1983054 1983 02 23 116.9 8.18 0 0 4.94 NA NA 43.9
1983055 1983 02 24 129.63 10.96 0.6 0 2.5 NA NA 34.29
1983056 1983 02 25 159.73 12.7 0.6 0 1.8 NA NA 31.99
1983057 1983 02 26 54.4 4.3 -0.2 1.62 0.77 NA NA 66.2
1983058 1983 02 27 52.08 4.74 -1.63 3.5 1.9 NA NA 64.09
1983059 1983 02 28 165.51 9.51 -1.32 0 2.5 NA NA 32.4
1983060 1983 03 01 158.55 17.2 -1.85 0 1.4 NA NA 30.95
1983061 1983 03 02 127.27 21.9 2.9 0 2.1 NA NA 30.2
1983062 1983 03 03 118.49 18.2 4.88 0 1.7 NA NA 40.8
1983063 1983 03 04 64.58 12.91 7.94 0 2.7 NA NA 60.9
1983064 1983 03 05 93.75 15.44 4.71 0 2.1 NA NA 53.5
1983065 1983 03 06 114.58 17.1 3.9 0 2.92 NA NA 43.3
1983066 1983 03 07 175.93 17.25 5.6 0 3.3 NA NA 53.08
1983067 1983 03 08 133.1 15.84 5.2 0 3.2 NA NA 56.52
1983068 1983 03 09 133.1 14.77 3.5 8.8 1.6 NA NA 57.35
1983069 1983 03 10 171.55 18.1 1.6 0 2.3 NA NA 44.81
1983070 1983 03 11 128.84 16.6 5 5.09 1.9 NA NA 51.72
1983071 1983 03 12 86.81 9.64 4.2 8.69 2.5 NA NA 72.02
1983072 1983 03 13 67.64 8.18 4.7 3.29 2.9 NA NA 72.22
1983073 1983 03 14 172.45 16.2 4.41 0 3.1 NA NA 47.16
1983074 1983 03 15 192.03 18.3 2.1 0 1.7 NA NA 36.27
1983075 1983 03 16 160.21 21.57 4.48 0 1.6 NA NA 35.7
1983076 1983 03 17 70.5 11.29 7.25 3.6 1.54 NA NA 67.17
1983077 1983 03 18 62.83 9.7 5 4.6 1.1 NA NA 73.23
1983078 1983 03 19 37.53 7.28 5 8.85 0.7 NA NA 77.87
1983079 1983 03 20 68.49 7.55 2.9 2.5 1.7 NA NA 71.84
1983080 1983 03 21 127.31 13.5 2.7 3.3 2 NA NA 61.14
1983081 1983 03 22 78.7 7.5 4.35 1.45 2 NA NA 76.38
1983082 1983 03 23 202.55 15.82 1.88 2.2 2.3 NA NA 53.73
1983083 1983 03 24 181.71 12.9 -0.1 0 1.3 NA NA 42.2
1983084 1983 03 25 219.91 17.4 -0.3 1.9 2.4 NA NA 35.38
1983085 1983 03 26 101.01 16.18 7.7 1.4 0.3 NA NA 54.11
1983086 1983 03 27 217.59 23.6 6.35 0 0.8 NA NA 35.36
1983087 1983 03 28 224.54 23.7 8.8 0 1.3 NA NA 33.84
1983088 1983 03 29 231.48 24.9 8 0 0.3 NA NA 27.29
1983089 1983 03 30 136.29 24.3 9.1 0 0.8 NA NA 29.6
1983090 1983 03 31 232.51 24.3 8.9 0 0.6 NA NA 31.2
1983091 1983 04 01 198.18 24.04 8.5 0 1.1 NA NA 31.04
1983092 1983 04 02 153.1 21.61 8.9 1.66 1.94 NA NA 40.89
1983093 1983 04 03 189.86 19.69 8.1 0 1.7 NA NA 42.57
1983094 1983 04 04 136.57 18.97 5.2 3.9 2.4 NA NA 48.5
1983095 1983 04 05 72.84 11.76 7.6 15.95 1.46 NA NA 65.01
1983096 1983 04 06 166.68 17.3 5.2 5.08 3 NA NA 46.48
1983097 1983 04 07 122.48 14.8 3.2 0 1 NA NA 41.31
1983098 1983 04 08 236.11 14.4 2.6 0 3.2 NA NA 42.4
1983099 1983 04 09 211.04 12.3 1.6 15.91 4 NA NA 53.72
1983100 1983 04 10 59.42 6.29 1.9 4.6 2.9 NA NA 65.58
1983101 1983 04 11 245.89 17.3 0.1 0 1.7 NA NA 36.9
1983102 1983 04 12 66.91 9.37 2.8 2.5 0.7 NA NA 67.51
1983103 1983 04 13 107.81 13.3 2.4 2 0.59 NA NA 49.71
1983104 1983 04 14 231.67 20.9 0.84 0 0.8 NA NA 30.4
1983105 1983 04 15 149.1 17.95 6.15 0 2.81 NA NA 46.62
1983106 1983 04 16 119.21 15.8 8.35 0 2.8 NA NA 61.57
1983107 1983 04 17 210.65 19.8 6.8 4.61 1.8 NA NA 42.9
1983108 1983 04 18 216.44 21.5 5.11 0 0.9 NA NA 33.46
1983109 1983 04 19 232.85 21.1 7.2 0 1.3 NA NA 40.74
1983110 1983 04 20 218.22 21 6.94 0 2.6 NA NA 41.87
1983111 1983 04 21 99.82 15 9.2 4.5 2.8 NA NA 59.76
1983112 1983 04 22 99.58 11.85 3.2 6.07 1.7 NA NA 65.72
1983113 1983 04 23 129.63 13.43 2.2 0 1 NA NA 57.96
1983114 1983 04 24 154.61 17.98 4.34 4.31 0.6 NA NA 46.41
1983115 1983 04 25 116.81 17.98 7.9 2.8 1.6 NA NA 48.62
1983116 1983 04 26 243.56 21.44 7.5 0 2.7 NA NA 44.33
1983117 1983 04 27 262.46 22.48 9 0 2.7 NA NA 41.35
1983118 1983 04 28 256.95 22.7 9.3 0 3.1 NA NA 43.06
1983119 1983 04 29 236.26 23.41 13.2 0 3.68 NA NA 41.43
1983120 1983 04 30 112.18 17.7 11.3 0 2 NA NA 51.32
1983121 1983 05 01 122.69 17.7 10.3 0 2.1 NA NA 53.89
1983122 1983 05 02 247.69 19.7 9 0 3.3 NA NA 40.03
1983123 1983 05 03 232.64 20.79 7.2 0 2.2 NA NA 35.95
1983124 1983 05 04 178.24 18.1 8.95 2.4 2.5 NA NA 54.7
1983125 1983 05 05 276.71 21.6 7.89 0 2 NA NA 37.89
1983126 1983 05 06 292.9 22.4 6.59 0 1.9 NA NA 30.83
1983127 1983 05 07 185.19 24.9 10.09 0 2.5 NA NA 37.33
1983128 1983 05 08 268 25 11.83 0 1.8 NA NA 37.2
1983129 1983 05 09 270.83 24.7 11.1 0 2.4 NA NA 39.03
1983130 1983 05 10 289.98 21.18 9.1 0 2.7 NA NA 39.4
1983131 1983 05 11 281.87 18.33 6.2 0 2.4 NA NA 40.9
1983132 1983 05 12 220.03 20.66 2.89 0 0.9 NA NA 35.51
1983133 1983 05 13 135.42 19.98 9.27 1.8 1.2 NA NA 50.81
1983134 1983 05 14 234.95 23.91 7.96 3.64 1.6 NA NA 45.4
1983135 1983 05 15 262.08 23.8 9.6 2.5 1.3 NA NA 45.2
1983136 1983 05 16 279.64 24.2 8.7 2.8 0.6 NA NA 42.29
1983137 1983 05 17 201.39 22.9 11.15 1.4 1.7 NA NA 48.2
1983138 1983 05 18 267.93 27.1 10.29 0 1 NA NA 30.6
1983139 1983 05 19 166.43 24.66 12.1 0 3.06 NA NA 43.47
1983140 1983 05 20 198 22.04 12.6 8.27 1.7 NA NA 56.45
1983141 1983 05 21 190.97 22.32 11.42 5.6 1.1 NA NA 48.27
1983142 1983 05 22 181.71 21.9 9.27 6.5 2.1 NA NA 56.71
1983143 1983 05 23 153.27 21.36 13.5 0 3.1 NA NA 61.8
1983144 1983 05 24 231.48 24 12.9 0 5.11 NA NA 53.5
1983145 1983 05 25 282.41 26.7 12.5 0 2.3 NA NA 39.55
1983146 1983 05 26 289.48 28.69 11.7 0 0.5 NA NA 26.17
1983147 1983 05 27 265.05 30.91 14.1 0 0.5 NA NA 25.83
1983148 1983 05 28 206.02 29.41 15.8 2.63 0.8 NA NA 40.9
1983149 1983 05 29 289.35 28.4 15.92 0 2.4 NA NA 39.18
1983150 1983 05 30 301.08 27.9 14.71 0 2.8 NA NA 27.6
1983151 1983 05 31 290.09 28.8 15.2 0 1.7 NA NA 30.8
1983152 1983 06 01 119.65 23.29 15 0 1.7 NA NA 58.38
1983153 1983 06 02 163.01 22.6 13.3 0 1.7 NA NA 34.3
1983154 1983 06 03 195.6 27.5 11.9 0 0.4 NA NA 26.3
1983155 1983 06 04 216.44 32.45 14.9 2 1.5 NA NA 23.89
1983156 1983 06 05 296.21 32.16 16.3 0 1.5 NA NA 17.06
1983157 1983 06 06 229.17 29.3 15.11 6.77 0.9 NA NA 33.45
1983158 1983 06 07 155.48 22 13.7 1.4 1.4 NA NA 60.01
1983159 1983 06 08 199.07 22.1 11.7 0 2.91 NA NA 41.9
1983160 1983 06 09 350.08 24.6 11.44 0 1.6 NA NA 26.99
1983161 1983 06 10 216.44 28.84 11.2 0 1 NA NA 20.25
1983162 1983 06 11 160.74 30.63 16 0 1.2 NA NA 14.41
1983163 1983 06 12 104.88 26.8 19.8 0 1.7 NA NA 20.29
1983164 1983 06 13 210.65 31.4 17.7 0 0.9 NA NA 25.25
1983165 1983 06 14 247.69 34.13 17.9 0 1.11 NA NA 14.48
1983166 1983 06 15 160.21 31.3 18.6 0 0.79 NA NA 33.6
1983167 1983 06 16 335.66 27.2 14.2 0 2.77 NA NA 30.4
1983168 1983 06 17 212.95 25.7 12.4 1.6 1.6 NA NA 22.33
1983169 1983 06 18 228.01 21.5 10.59 4 2.9 NA NA 48.69
1983170 1983 06 19 251.16 21.15 10.32 6.4 2.3 NA NA 44.44
1983171 1983 06 20 254.63 19.9 10.41 6.4 2.95 NA NA 51.74
1983172 1983 06 21 226.18 20.9 10.47 0 5.28 NA NA 40.8
1983173 1983 06 22 342.87 26 12.03 0 4.43 NA NA 29.24
1983174 1983 06 23 136.69 27.3 15.7 0 1.4 NA NA 19.69
1983175 1983 06 24 241.9 28.2 15.19 1.7 2.7 NA NA 28.43
1983176 1983 06 25 257.49 26 13.87 0 3.4 NA NA 32
1983177 1983 06 26 152.78 27.9 11.3 0 1.2 NA NA 14.57
1983178 1983 06 27 218.09 32.41 14.6 0 1.3 NA NA 16.28
1983179 1983 06 28 212.41 26.18 11.6 1.11 3.4 NA NA 47.8
1983180 1983 06 29 325.23 30.6 11.1 0 1.2 NA NA 16.2
1983181 1983 06 30 169.58 24.29 13.7 0 2.2 NA NA 37.4
1983182 1983 07 01 352.87 28.1 11.8 0 1.4 NA NA 14.5
1983183 1983 07 02 261.04 32.9 12.7 0 0.99 NA NA 14.2
1983184 1983 07 03 255.7 31.3 17.27 2.9 1.7 NA NA 20.6
1983185 1983 07 04 302.08 31.47 15.8 0 1.8 NA NA 18.69
1983186 1983 07 05 282.63 35.8 17.7 0 1 NA NA 14.4
1983187 1983 07 06 303.24 37.81 19.3 0 0.65 NA NA 14.46
1983188 1983 07 07 226.85 31.2 15.2 14.54 1.9 NA NA 38.5
1983189 1983 07 08 334.49 27.8 13.7 0 2.8 NA NA 20.6
1983190 1983 07 09 306.06 36.53 14.4 0 1 NA NA 11.62
1983191 1983 07 10 330.33 42.62 17 0 0.6 NA NA 5.18
1983192 1983 07 11 277.11 38.09 19.3 0 1.1 NA NA 14.47
1983193 1983 07 12 230.32 37.39 18.72 0 2.5 NA NA 10.85
1983194 1983 07 13 335.68 32.8 19.08 0 1.8 NA NA 13.13
1983195 1983 07 14 265.05 35.47 16.7 0 3 NA NA 9
1983196 1983 07 15 302.34 32.2 18.93 0 2.6 NA NA 11.56
1983197 1983 07 16 109.2 28.3 19.6 0 2 NA NA 19.3
1983198 1983 07 17 179.4 32.92 19.5 0 2.6 NA NA 12.46
1983199 1983 07 18 263.89 27.9 16 0 3.2 NA NA 20.71
1983200 1983 07 19 123.09 25.19 13.11 0 1.5 NA NA 20.52
1983201 1983 07 20 211.81 30.4 11 0 0.9 NA NA 18.15
1983202 1983 07 21 96.47 23.5 16.7 7.6 1.1 NA NA 68.79
1983203 1983 07 22 228.01 28.7 15.4 0 1.8 NA NA 32.45
1983204 1983 07 23 222.15 35 16.5 0 1.03 NA NA 15.7
1983205 1983 07 24 236.97 35.41 19.7 0 1.8 NA NA 21.89
1983206 1983 07 25 315.64 33.5 17.7 0 1.8 NA NA 13.07
1983207 1983 07 26 216.44 29.9 16.59 0 1.8 NA NA 15.91
1983208 1983 07 27 317.14 31 14.49 0 1.4 NA NA 11.8
1983209 1983 07 28 189.68 34.27 14.9 0 0.9 NA NA 12.27
1983210 1983 07 29 268.81 34.59 17.6 4.6 1.4 NA NA 22.47
1983211 1983 07 30 296.3 33.6 17.41 0 1.7 NA NA 15.3
1983212 1983 07 31 279.98 35.67 17.6 0 1.48 NA NA 12.64
1983213 1983 08 01 216.44 31.1 18.5 0 2.4 NA NA 18.1
1983214 1983 08 02 287.04 31.9 16.8 0 1.8 NA NA 17.5
1983215 1983 08 03 285.88 34.2 16.84 0 1.4 NA NA 13.19
1983216 1983 08 04 287.04 35.5 17.7 0 0.8 NA NA 12.86
1983217 1983 08 05 283.68 37.5 19.7 0 1.3 NA NA 12.7
1983218 1983 08 06 281.25 37.88 21.84 0 0.4 NA NA 12.95
1983219 1983 08 07 234.96 37.55 22.2 0 1.2 NA NA 13.17
1983220 1983 08 08 284.72 37.6 21.5 0 1.48 NA NA 11.97
1983221 1983 08 09 284.52 37.46 21.4 0 1.51 NA NA 11.9
1983222 1983 08 10 276.44 36.4 21 0 1.7 NA NA 13.45
1983223 1983 08 11 271.99 36.1 21 0 1.9 NA NA 14.79
1983224 1983 08 12 271.99 36 21.21 0 2 NA NA 14.24
1983225 1983 08 13 274.31 36.43 21 0 1.8 NA NA 13.7
1983226 1983 08 14 280.09 37.2 21.04 0 1.8 NA NA 12.03
1983227 1983 08 15 214.12 30.7 18.1 0 3.1 NA NA 27.09
1983228 1983 08 16 266.2 32.02 16.3 0 2.3 NA NA 19.5
1983229 1983 08 17 258.1 34.6 18.32 0 1.3 NA NA 17.88
1983230 1983 08 18 170.47 31.83 18.2 0 2.3 NA NA 14.2
1983231 1983 08 19 271.99 29.7 15.6 0 2 NA NA 11.9
1983232 1983 08 20 267.36 32 13.7 0 1.5 NA NA 11.92
1983233 1983 08 21 266.2 34.4 15.3 0 1.3 NA NA 12.3
1983234 1983 08 22 139.31 33.4 18.6 0 0.3 NA NA 15.95
1983235 1983 08 23 148.1 28 18.2 2.03 1.9 NA NA 37.2
1983236 1983 08 24 260.42 27.6 15.1 0 3.4 NA NA 22.28
1983237 1983 08 25 253.14 29.6 14 0 2.3 NA NA 17.1
1983238 1983 08 26 254.63 34.6 14.4 0 1.4 NA NA 12.8
1983239 1983 08 27 259.14 36.41 15.8 0 1 NA NA 11.6
1983240 1983 08 28 253.01 37.76 16.9 0 1 NA NA 11.72
1983241 1983 08 29 128.47 33.31 20.74 0 0.9 NA NA 17.78
1983242 1983 08 30 232.38 36.28 19.1 0 2.1 NA NA 16
1983243 1983 08 31 241.9 37 20.9 0 2.6 NA NA 13.98
1983244 1983 09 01 106.57 29.6 22.09 0 1.5 NA NA 14.25
1983245 1983 09 02 178.24 37.5 21.01 3.7 1.4 NA NA 15.16
1983246 1983 09 03 163.71 27.92 15.5 0 1.7 NA NA 19
1983247 1983 09 04 239.58 33.3 13.07 0 1.4 NA NA 11.55
1983248 1983 09 05 234.95 34.56 15.7 0 1 NA NA 12.2
1983249 1983 09 06 167.65 33.9 11.29 1.42 2.8 NA NA 16.9
1983250 1983 09 07 243.07 25.5 10.5 0 2.6 NA NA 17.1
1983251 1983 09 08 167.54 25.9 10.2 0 1.8 NA NA 18.09
1983252 1983 09 09 226.85 29.3 11.68 0 1.8 NA NA 14.86
1983253 1983 09 10 224.54 30.8 12.9 0 1.6 NA NA 13.38
1983254 1983 09 11 222.22 32.9 13.9 0 1.53 NA NA 12.09
1983255 1983 09 12 217.59 33.5 15.5 0 1.5 NA NA 10.18
1983256 1983 09 13 214.12 32.8 17.53 0 2.1 NA NA 15.7
1983257 1983 09 14 175.93 27.1 14.5 0 2.5 NA NA 23.3
1983258 1983 09 15 214.15 22.43 11.46 0 3.1 NA NA 18.59
1983259 1983 09 16 210.5 22.2 9.5 0 3 NA NA 25.2
1983260 1983 09 17 208.33 23.4 8.42 0 2.4 NA NA 23.69
1983261 1983 09 18 122.69 21.05 10.5 0 2 NA NA 41.5
1983262 1983 09 19 207.18 28.63 10.6 0 1.7 NA NA 14.8
1983263 1983 09 20 207.18 30.1 10.2 0 1.4 NA NA 10.95
1983264 1983 09 21 207.18 30.16 11.7 0 1.99 NA NA 12.97
1983265 1983 09 22 190.72 29 12.73 0 2.5 NA NA 18.43
1983266 1983 09 23 172.45 26.8 13.1 0 2.4 NA NA 29.95
1983267 1983 09 24 199.07 26.1 10.9 0 1.93 NA NA 20.09
1983268 1983 09 25 196.76 27.7 9.1 0 1.5 NA NA 16.7
1983269 1983 09 26 107.27 25.8 10.21 0 1.8 NA NA 25.19
1983270 1983 09 27 173.8 29.3 12.6 3.51 2.3 NA NA 25.38
1983271 1983 09 28 189.81 22.7 9.65 0 2.4 NA NA 20.3
1983272 1983 09 29 76.39 24.5 8.8 0 1.83 NA NA 26.01
1983273 1983 09 30 165.51 21.9 7.4 0 2.3 NA NA 24
1983274 1983 10 01 172.83 24.7 5.54 0 2 NA NA 14.52
1983275 1983 10 02 51.63 22.76 12.02 0 2.2 NA NA 33.61
1983276 1983 10 03 86.58 25.62 14.4 5.4 2 NA NA 45.93
1983277 1983 10 04 171.3 26.7 11.7 0 1 NA NA 28.09
1983278 1983 10 05 113.68 20.2 10.9 0 2.2 NA NA 30.6
1983279 1983 10 06 174.77 18.58 5.8 0 2.1 NA NA 23.55
1983280 1983 10 07 176.72 21 3.32 0 1 NA NA 12.69
1983281 1983 10 08 56.71 17.04 7.7 0 2.7 NA NA 34.64
1983282 1983 10 09 157.43 21.97 9.6 0 2.4 NA NA 37.96
1983283 1983 10 10 159.09 24 7.5 0 1.1 NA NA 26.88
1983284 1983 10 11 107.64 26.2 8.9 0 0.9 NA NA 29.77
1983285 1983 10 12 74.07 27.75 14.91 0 0.99 NA NA 26.97
1983286 1983 10 13 156.25 28.8 11.44 0 2.1 NA NA 27.65
1983287 1983 10 14 153.42 28.51 15.5 0 3 NA NA 38.1
1983288 1983 10 15 133.1 25.2 15.1 0 1.4 NA NA 40.4
1983289 1983 10 16 127.31 26.61 12 0 2 NA NA 32.3
1983290 1983 10 17 65.97 23.6 14.7 0 2.1 NA NA 33.33
1983291 1983 10 18 42.82 20.1 14 0 2.5 NA NA 59.03
1983292 1983 10 19 61.34 21.2 10.7 8.3 1.7 NA NA 51.28
1983293 1983 10 20 65.97 19 9 0 0.41 NA NA 58.94
1983294 1983 10 21 104.17 22.5 6.7 0 1.9 NA NA 34.47
1983295 1983 10 22 141.17 19.6 7.8 0 2.8 NA NA 26.14
1983296 1983 10 23 135.42 22.44 5.8 0 2.5 NA NA 28.49
1983297 1983 10 24 40.51 17.5 10.85 0 3.2 NA NA 71.01
1983298 1983 10 25 62.5 21.1 15.6 0 3.74 NA NA 60.23
1983299 1983 10 26 74.07 23.1 14.54 5.51 3.5 NA NA 51.22
1983300 1983 10 27 21.85 14.1 13.17 11.84 1.2 NA NA 82.93
1983301 1983 10 28 35.23 15.13 13.16 4.1 2.2 NA NA 75.53
1983302 1983 10 29 38.19 14.4 5.62 4.1 0.8 NA NA 67.54
1983303 1983 10 30 89.19 17.7 3.96 0 1.9 NA NA 35.18
1983304 1983 10 31 9.08 7.67 5.5 14.92 3.1 NA NA 81.11
1983305 1983 11 01 27.59 6.2 3.6 6.8 2.86 NA NA 83.15
1983306 1983 11 02 125 12.8 1.35 0 2.3 NA NA 36.57
1983307 1983 11 03 118.94 14.9 0.5 0 1.4 NA NA 28.52
1983308 1983 11 04 62.5 12.77 2.8 0 1.61 NA NA 39.32
1983309 1983 11 05 109.95 15.1 3.1 0 2.1 NA NA 49.31
1983310 1983 11 06 74.07 11.57 1 0 1.4 NA NA 42.21
1983311 1983 11 07 118.02 12.36 2.8 0 2.6 NA NA 48.35
1983312 1983 11 08 116.9 14.2 1.76 0 2.9 NA NA 37.61
1983313 1983 11 09 47.45 7.7 0.79 0 1.48 NA NA 48.45
1983314 1983 11 10 31.25 4.96 -1.11 9.01 2.28 NA NA 71.61
1983315 1983 11 11 120.37 2 -5.7 0 3.4 NA NA 55.33
1983316 1983 11 12 118.06 3.1 -6.41 0 0.89 NA NA 38.9
1983317 1983 11 13 106.63 14.28 -5.7 0 0.5 NA NA 32.83
1983318 1983 11 14 34.61 4.28 1.6 2.9 1.5 NA NA 81.4
1983319 1983 11 15 18.52 2.3 1.63 9.06 3.4 NA NA 88.2
1983320 1983 11 16 6.74 2.38 1.68 22.2 3.2 NA NA 90.76
1983321 1983 11 17 74.95 6.69 2.2 11 2.91 NA NA 73.31
1983322 1983 11 18 102.04 8.8 -1.56 0 2.3 NA NA 41.89
1983323 1983 11 19 44.88 2.9 -3 0 0.8 NA NA 45.72
1983324 1983 11 20 101.85 7.5 -5.09 0 0.5 NA NA 37.29
1983325 1983 11 21 93.84 9 -4.93 0 0.9 NA NA 48.4
1983326 1983 11 22 53.24 6.9 -1.6 0 1.4 NA NA 62.7
1983327 1983 11 23 41.67 6.39 0.78 0 1.3 NA NA 76.82
1983328 1983 11 24 53.24 14.1 3.74 0 1.8 NA NA 69.05
1983329 1983 11 25 39.35 5.42 0.99 1.2 2.1 NA NA 79.69
1983330 1983 11 26 7.39 2.9 2.8 13.03 2.9 NA NA 89.27
1983331 1983 11 27 76.39 6.35 1.05 0 2.5 NA NA 75.31
1983332 1983 11 28 5.58 1.9 1.2 12.8 3.41 NA NA 89.29
1983333 1983 11 29 17.36 2.87 2.6 11.69 3.1 NA NA 91.43
1983334 1983 11 30 11.57 2 1.9 11.98 2.3 NA NA 88.65
1983335 1983 12 01 50.93 5.37 -0.45 12.71 1.1 NA NA 70.7
1983336 1983 12 02 23.15 1.8 -2.3 5.6 2.3 NA NA 78.11
1983337 1983 12 03 63.66 3.5 -5.2 0 1.9 NA NA 57.53
1983338 1983 12 04 87.98 5.5 0.2 1.1 2.5 NA NA 61.73
1983339 1983 12 05 21.97 4.9 -0.84 8.12 3.7 NA NA 81.01
1983340 1983 12 06 49.77 6.8 -1.4 1.1 2.3 NA NA 69.08
1983341 1983 12 07 63.66 4.3 -4.61 5.99 2.17 NA NA 59.9
1983342 1983 12 08 77.85 14.83 4.31 0 1.8 NA NA 55.12
1983343 1983 12 09 76.39 14.8 3.91 0 1.4 NA NA 66.54
1983344 1983 12 10 48.61 8.92 4 0 2 NA NA 79.52
1983345 1983 12 11 59.32 9 4.9 1.65 2.81 NA NA 77.8
1983346 1983 12 12 57.87 5.74 -0.73 0 2.5 NA NA 74.7
1983347 1983 12 13 83.33 3.5 -3.11 0 2.1 NA NA 68.57
1983348 1983 12 14 79.86 3.19 -4.5 0 1.8 NA NA 67.7
1983349 1983 12 15 39.35 1.49 -5.83 0 1.1 NA NA 72.4
1983350 1983 12 16 33.56 1.1 -6.22 1.08 2.6 NA NA 71
1983351 1983 12 17 16.2 3.7 1.06 11.49 3 NA NA 85.37
1983352 1983 12 18 44.38 5.9 0.4 5.69 2.1 NA NA 78.95
1983353 1983 12 19 72.96 14.16 6.39 0 3.71 NA NA 66.13
1983354 1983 12 20 65.13 12.14 3.7 0 2.4 NA NA 57.93
1983355 1983 12 21 78.7 10.61 1.6 0 1.7 NA NA 48.07
1983356 1983 12 22 61.34 12.28 1.6 0 1.2 NA NA 54.87
1983357 1983 12 23 28.94 6.74 2.71 0 1.9 NA NA 57.92
1983358 1983 12 24 31.25 10.3 8.06 0 3.1 NA NA 74.47
1983359 1983 12 25 50.93 14.1 8.77 1.51 2.9 NA NA 63.93
1983360 1983 12 26 10.41 7.81 4.2 34.53 2.9 NA NA 82.25
1983361 1983 12 27 43.98 5.7 0.28 0 1.1 NA NA 54.26
1983362 1983 12 28 48.55 5.9 -1.1 0 0.7 NA NA 54.43
1983363 1983 12 29 59.03 10.63 1.9 0 2.3 NA NA 61.7
1983364 1983 12 30 60.19 9.8 4 0 1.7 NA NA 61.13
1983365 1983 12 31 76.39 11.22 1.6 0 2.4 NA NA 53.51
1984001 1984 01 01 22.41 5.7 0.2 9.49 3.4 NA NA 69.58
1984002 1984 01 02 47.45 3 -4.3 4.65 2.4 NA NA 72
1984003 1984 01 03 48.61 3.9 0.7 0 2.7 NA NA 75.71
1984004 1984 01 04 90.28 5.44 -0.2 0 2.05 NA NA 59.2
1984005 1984 01 05 23.15 4.7 0.2 4.3 2 NA NA 77
1984006 1984 01 06 53.24 6.95 1.7 1.9 1.7 NA NA 75.09
1984007 1984 01 07 53.18 3.8 0.2 0 1.5 NA NA 77.43
1984008 1984 01 08 42.82 2.02 -4.41 0 0.9 NA NA 66.49
1984009 1984 01 09 79.58 3.1 -6.71 0 0.7 NA NA 62.58
1984010 1984 01 10 74.7 2.5 -5.63 0 1.1 NA NA 63.59
1984011 1984 01 11 99.96 1.11 -8.72 0 2.8 NA NA 58.33
1984012 1984 01 12 99.54 -2.5 -10.93 0 3.3 NA NA 62.96
1984013 1984 01 13 79.86 -2.2 -9.8 0 2.9 NA NA 74.7
1984014 1984 01 14 100.69 -1.4 -10.31 0 2.32 NA NA 60.74
1984015 1984 01 15 101.85 0.5 -9.21 0 2 NA NA 58.72
1984016 1984 01 16 77.82 0.6 -8.2 0 2.33 NA NA 62.36
1984017 1984 01 17 101.85 6.5 -3.3 0 1.6 NA NA 62.77
1984018 1984 01 18 94.91 7.11 -1.8 0 3.5 NA NA 72.71
1984019 1984 01 19 52.08 5.8 2.9 1.8 5.55 NA NA 79.02
1984020 1984 01 20 52.08 5.8 3.3 1.6 4.6 NA NA 78.09
1984021 1984 01 21 83.33 5.6 -1.5 0 3.66 NA NA 72.29
1984022 1984 01 22 101.85 4 -3.85 0 2.7 NA NA 52.41
1984023 1984 01 23 107.64 2.8 -6.16 0 2.11 NA NA 39.17
1984024 1984 01 24 109.95 3.5 -8 0 1.7 NA NA 43.14
1984025 1984 01 25 39.29 1.9 -5 0 2.7 NA NA 67
1984026 1984 01 26 45.7 1.93 -5.1 4.32 2.2 NA NA 69.9
1984027 1984 01 27 31.25 1.99 -5 5.39 2.7 NA NA 75.9
1984028 1984 01 28 61.34 1.43 -4.91 0 2 NA NA 71.57
1984029 1984 01 29 53.24 5.8 -3.65 0 2.8 NA NA 67
1984030 1984 01 30 52.08 6 4.2 0 2.9 NA NA 70.6
1984031 1984 01 31 118.7 10 0.7 0 2.7 NA NA 45
1984032 1984 02 01 119.21 3.5 -3.9 0 2.6 NA NA 45.89
1984033 1984 02 02 76.39 1.33 -5 0 1.91 NA NA 51.11
1984034 1984 02 03 126.16 2 -7.1 0 2.6 NA NA 36.55
1984035 1984 02 04 96.06 7.23 -2.3 0 3.2 NA NA 38.9
1984036 1984 02 05 127.31 10.9 -1.8 0 2.5 NA NA 34.94
1984037 1984 02 06 117.62 11.4 -0.5 0 2.8 NA NA 52.67
1984038 1984 02 07 46.3 5.8 0.42 1.64 2.5 NA NA 68.33
1984039 1984 02 08 71 10.06 0.3 0 2.6 NA NA 56.55
1984040 1984 02 09 82.18 15.2 5.2 2.02 3.2 NA NA 46.66
1984041 1984 02 10 131.94 11.27 1.92 0 1.58 NA NA 43.14
1984042 1984 02 11 53.24 4.5 0.2 1.9 1.45 NA NA 65.44
1984043 1984 02 12 76.39 5.87 -3.81 0 0.6 NA NA 43.95
1984044 1984 02 13 123.96 15.56 -0.3 0 1.39 NA NA 42.98
1984045 1984 02 14 133.17 15.9 3.6 0 2.4 NA NA 47.41
1984046 1984 02 15 72.92 9.2 3.4 0 0.8 NA NA 52.13
1984047 1984 02 16 137.73 16.8 1.91 0 1.1 NA NA 34.99
1984048 1984 02 17 142.4 18.02 1.2 0 1 NA NA 25.6
1984049 1984 02 18 112.52 16.4 1.23 1.51 2.45 NA NA 35.76
1984050 1984 02 19 129.63 12.5 1.01 1.2 3 NA NA 42.2
1984051 1984 02 20 147.13 13.33 2.6 0 2.9 NA NA 43.43
1984052 1984 02 21 149.31 9.3 -0.93 0 2.2 NA NA 44
1984053 1984 02 22 144 12.18 -2.8 0 1.49 NA NA 32.6
1984054 1984 02 23 100.69 14.31 3.41 4.45 2.2 NA NA 51.98
1984055 1984 02 24 162.04 8.44 0.1 0 3.8 NA NA 41.1
1984056 1984 02 25 53.22 4.19 -0.04 2.55 0.8 NA NA 55.35
1984057 1984 02 26 148.15 10.7 1.5 1.72 2.5 NA NA 44.28
1984058 1984 02 27 127.31 8.2 0.34 1.2 4.1 NA NA 52.3
1984059 1984 02 28 89.12 10.91 0.9 0 3 NA NA 51.53
1984060 1984 02 29 0 0 0 0 0 NA NA 0
1984061 1984 03 01 139.29 18.56 2.5 0 2.5 NA NA 30.9
1984062 1984 03 02 52.34 8.4 3.5 1.4 1.1 NA NA 63.42
1984063 1984 03 03 141.03 8.6 0.03 0 3.32 NA NA 39.56
1984064 1984 03 04 174.77 6.8 -0.4 0 3.3 NA NA 43.55
1984065 1984 03 05 119.21 9.04 0.1 0 4.8 NA NA 54.3
1984066 1984 03 06 178.24 12.26 4.2 0 5.68 NA NA 52.8
1984067 1984 03 07 171.49 12.2 2.34 0 3.2 NA NA 45.3
1984068 1984 03 08 187.5 10.61 -0.2 0 1.8 NA NA 33.1
1984069 1984 03 09 187.5 12.5 -0.5 0 3.2 NA NA 27.5
1984070 1984 03 10 187.5 15.62 0.2 0 1.8 NA NA 33.28
1984071 1984 03 11 191.31 15.3 0.2 0 3 NA NA 36.62
1984072 1984 03 12 135.42 11.2 2.8 1.7 3.3 NA NA 59.19
1984073 1984 03 13 60 5.1 2.44 2.5 1.9 NA NA 72.11
1984074 1984 03 14 86.81 8.67 2.42 0 2.31 NA NA 56.26
1984075 1984 03 15 135.42 12.08 0.6 0 2.52 NA NA 44.9
1984076 1984 03 16 175.93 12.3 1.5 0 3.1 NA NA 38.3
1984077 1984 03 17 146.67 12.65 2.7 0 3.7 NA NA 32.66
1984078 1984 03 18 187.5 16.63 4.3 0 3.1 NA NA 42.46
1984079 1984 03 19 182.87 22.86 6.1 0 1.5 NA NA 34.54
1984080 1984 03 20 200.14 23.6 8.25 0 2 NA NA 29.48
1984081 1984 03 21 103.01 16.62 7.1 4.4 1.9 NA NA 51.85
1984082 1984 03 22 95.81 10.23 3.1 0 1.3 NA NA 61.21
1984083 1984 03 23 215.42 20.6 1.5 0 2.4 NA NA 39.05
1984084 1984 03 24 67.13 9.4 1.1 5.1 2.6 NA NA 62.12
1984085 1984 03 25 75.21 3.1 -2.15 0 4.1 NA NA 58.55
1984086 1984 03 26 232.64 9.15 -3.44 0 1.9 NA NA 39.18
1984087 1984 03 27 212.95 8.2 0 0 4.1 NA NA 48.53
1984088 1984 03 28 178.57 12.6 0 0 3.9 NA NA 48.6
1984089 1984 03 29 229.89 14.74 3.37 0 4.8 NA NA 39.3
1984090 1984 03 30 232.74 13.26 2.4 0 2 NA NA 42.32
1984091 1984 03 31 239.08 18.6 -0.6 0 1.4 NA NA 37.32
1984092 1984 04 01 108.78 12.67 3.62 0 0.8 NA NA 51.51
1984093 1984 04 02 239.16 21.2 2.5 0 1.2 NA NA 39.2
1984094 1984 04 03 237.33 22.3 5.43 0 1.7 NA NA 39.3
1984095 1984 04 04 157.41 20.93 9.4 0 2.5 NA NA 47.42
1984096 1984 04 05 143.52 21.29 8.2 0 2.2 NA NA 45.83
1984097 1984 04 06 109.95 17.36 9.59 0 3.6 NA NA 58.38
1984098 1984 04 07 177.08 16.7 5.5 9.88 1.7 NA NA 56.24
1984099 1984 04 08 108.8 8.4 2.4 0 3.4 NA NA 68.53
1984100 1984 04 09 62.49 4.04 0.99 8.86 2.78 NA NA 86.99
1984101 1984 04 10 89.29 1.96 -1.67 2.23 2.5 NA NA 71.2
1984102 1984 04 11 105.32 4.1 -7.12 0 2.2 NA NA 63.66
1984103 1984 04 12 243.06 17 -0.6 0 2.5 NA NA 49.75
1984104 1984 04 13 136.57 17.6 6.1 4.4 0.59 NA NA 49.12
1984105 1984 04 14 81.01 10.7 4.84 0 1.4 NA NA 64.43
1984106 1984 04 15 238.83 18.78 4.6 0 1.85 NA NA 45.02
1984107 1984 04 16 248.84 20.9 4.8 0 2 NA NA 41.89
1984108 1984 04 17 189.81 21.5 7.09 0 2.6 NA NA 32.36
1984109 1984 04 18 117.99 14.99 9.1 0 3.5 NA NA 46.23
1984110 1984 04 19 218.75 21.48 10.28 0 3.5 NA NA 45.91
1984111 1984 04 20 252.36 22.8 8.1 0 1.6 NA NA 32.99
1984112 1984 04 21 260.42 23.44 8.6 0 1.8 NA NA 37.08
1984113 1984 04 22 188.4 22.6 11.8 0 4 NA NA 45.9
1984114 1984 04 23 143.52 21 9.84 0 1.4 NA NA 37.58
1984115 1984 04 24 146.55 18.36 7.9 0 1.9 NA NA 51
1984116 1984 04 25 84.88 13.1 6.2 6.74 1.3 NA NA 65.01
1984117 1984 04 26 195.9 16.42 5.1 5.5 0.7 NA NA 52.09
1984118 1984 04 27 105.77 11.18 5.5 2.5 2.2 NA NA 70.21
1984119 1984 04 28 73.05 5.02 3.2 4.62 2.1 NA NA 76.11
1984120 1984 04 29 88.61 5.21 3.36 6.38 1.6 NA NA 71.26
1984121 1984 04 30 137.61 14.79 3.1 0 1.2 NA NA 55.74
1984122 1984 05 01 226.87 20 1.82 0 0.9 NA NA 32.69
1984123 1984 05 02 197.92 23.8 5.26 0 1.9 NA NA 33.7
1984124 1984 05 03 155.44 21.2 11.1 2.5 2.41 NA NA 42.4
1984125 1984 05 04 215.83 19.7 8.6 2.5 1.3 NA NA 42.7
1984126 1984 05 05 182.87 20.84 5.5 0 2.1 NA NA 40
1984127 1984 05 06 197.92 20.42 8 0 2 NA NA 35.99
1984128 1984 05 07 150.99 22.3 8 5.6 1.8 NA NA 45.4
1984129 1984 05 08 294.14 18.29 5.6 0 3.4 NA NA 37.79
1984130 1984 05 09 283.56 15.99 5.01 4.3 2.8 NA NA 52.49
1984131 1984 05 10 245.37 18.37 6.62 0 2.9 NA NA 48.34
1984132 1984 05 11 218.75 20.94 6.7 0 1.8 NA NA 42.7
1984133 1984 05 12 252.51 25 8.7 0 1 NA NA 36.28
1984134 1984 05 13 274.49 27.2 11.67 0 1.4 NA NA 38.17
1984135 1984 05 14 266.91 26.57 12.9 2.8 2.1 NA NA 42.9
1984136 1984 05 15 282.16 25.5 12.49 0 2.9 NA NA 44.1
1984137 1984 05 16 230.14 23.3 9.68 0 2.9 NA NA 37.46
1984138 1984 05 17 304.27 23.08 8.9 0 3.4 NA NA 40.9
1984139 1984 05 18 302.08 22.9 8.8 0 2.58 NA NA 44.28
1984140 1984 05 19 319.45 25.6 7.7 0 1.1 NA NA 32
1984141 1984 05 20 164.18 21.98 10.6 0 2.32 NA NA 53.2
1984142 1984 05 21 268.71 22.75 8.6 0 2.7 NA NA 47.2
1984143 1984 05 22 315 24.3 9.3 0 1.3 NA NA 39.4
1984144 1984 05 23 250.24 26 9.6 0 0.7 NA NA 34.03
1984145 1984 05 24 217.59 25.1 12.2 3.3 1.2 NA NA 43.66
1984146 1984 05 25 289.73 26.7 11.21 0 1.2 NA NA 36.99
1984147 1984 05 26 276.62 26.9 11.7 2.4 2 NA NA 40.11
1984148 1984 05 27 289.35 26.9 14.1 2.4 1.5 NA NA 36.49
1984149 1984 05 28 165.38 23.8 12.59 0 0.5 NA NA 39.67
1984150 1984 05 29 298.51 29 11.5 0 1.7 NA NA 25.46
1984151 1984 05 30 161.57 28.5 14.8 0 1.2 NA NA 17.04
1984152 1984 05 31 328.7 30.61 13.3 0 1.9 NA NA 32.29
1984153 1984 06 01 309.04 33.56 16.1 0 1.6 NA NA 31.98
1984154 1984 06 02 309.06 35.18 16.3 0 0.9 NA NA 27.3
1984155 1984 06 03 320.6 27.99 16.8 0 2.2 NA NA 36.09
1984156 1984 06 04 226.76 30.3 15 0 0.8 NA NA 23.89
1984157 1984 06 05 225.69 29.61 14.93 0 1.74 NA NA 26.16
1984158 1984 06 06 256.94 23.7 13.87 0 5.09 NA NA 41.41
1984159 1984 06 07 334.94 24.35 12.7 0 2.4 NA NA 35.69
1984160 1984 06 08 217.59 22.14 12.29 7.4 1.4 NA NA 55.97
1984161 1984 06 09 243.06 20.06 11 7.31 2.3 NA NA 61.62
1984162 1984 06 10 151.49 19.79 10.35 0 2.29 NA NA 62.58
1984163 1984 06 11 240.74 23.3 11.08 0 2.6 NA NA 47.8
1984164 1984 06 12 248.84 25.54 11.1 0 1.7 NA NA 39.29
1984165 1984 06 13 318.38 28.51 12.7 1.1 1.3 NA NA 33.38
1984166 1984 06 14 243.06 27.06 13.6 0 3.1 NA NA 33.7
1984167 1984 06 15 336.82 25.1 11.91 0 1.7 NA NA 35.09
1984168 1984 06 16 118.45 23.7 12.8 0 1.9 NA NA 48.04
1984169 1984 06 17 256.94 21.65 11.9 0 5.69 NA NA 44.59
1984170 1984 06 18 214.12 20.76 11.1 0 5.44 NA NA 39.81
1984171 1984 06 19 285.88 24.76 12.3 0 6.41 NA NA 29.3
1984172 1984 06 20 325.23 23.65 11.7 0 2.68 NA NA 27.82
1984173 1984 06 21 227.16 25.46 10.52 0 2.1 NA NA 25.39
1984174 1984 06 22 334.49 26.4 11.85 0 1.9 NA NA 25.91
1984175 1984 06 23 357.64 28.76 11.8 0 1 NA NA 16.99
1984176 1984 06 24 337.49 30.3 13.2 0 1.7 NA NA 25.8
1984177 1984 06 25 357.64 29.4 15.3 0 2 NA NA 20.53
1984178 1984 06 26 328.43 31.2 15 0 1.8 NA NA 22.37
1984179 1984 06 27 247.69 30.7 16.1 3.27 1.7 NA NA 29.98
1984180 1984 06 28 209.49 29.9 14.69 0 1.7 NA NA 22.4
1984181 1984 06 29 288.19 31.9 14.6 0 1.1 NA NA 14.7
1984182 1984 06 30 317.13 35.12 16.2 0 0.82 NA NA 14.48
1984183 1984 07 01 292.25 39.2 18.9 0 0.5 NA NA 14.2
1984184 1984 07 02 290.51 36.8 20.2 1.6 1.2 NA NA 22.66
1984185 1984 07 03 233.8 38.14 20.2 0 0.7 NA NA 14.7
1984186 1984 07 04 240.74 37 22.34 1.5 1.6 NA NA 21.48
1984187 1984 07 05 308.61 35.1 19.83 0 1.4 NA NA 22.1
1984188 1984 07 06 291.39 33.7 20.2 2 1.2 NA NA 28.16
1984189 1984 07 07 296.55 31.21 19.1 8.04 1.2 NA NA 43.63
1984190 1984 07 08 273.45 29.07 17.99 0 3.3 NA NA 38.89
1984191 1984 07 09 298.93 29.5 15.9 0 3.1 NA NA 29.42
1984192 1984 07 10 236.11 27.8 15.8 8.6 2.1 NA NA 47.42
1984193 1984 07 11 317.13 29.6 15.23 0 1.8 NA NA 25.59
1984194 1984 07 12 247.69 32.48 14.7 0 1.2 NA NA 20.62
1984195 1984 07 13 194.75 28.3 19 5.39 0.5 NA NA 52.6
1984196 1984 07 14 268.52 35.21 16.9 0 1 NA NA 19.57
1984197 1984 07 15 204.75 38.99 19.6 0 1.5 NA NA 13.53
1984198 1984 07 16 287.16 32.8 19.4 0 2.5 NA NA 18.7
1984199 1984 07 17 264.7 31.33 17.64 0 2.8 NA NA 17.09
1984200 1984 07 18 285.88 33.11 17.7 0 1.8 NA NA 19.19
1984201 1984 07 19 296.56 30.42 18.13 0 2.74 NA NA 24.1
1984202 1984 07 20 226.85 29.7 17.3 5.1 2.7 NA NA 28.8
1984203 1984 07 21 237.27 32.7 16.1 0 1.8 NA NA 18.4
1984204 1984 07 22 228.87 28.6 16.6 6.3 2.2 NA NA 25.18
1984205 1984 07 23 289.35 34.93 15 0 0.9 NA NA 14.07
1984206 1984 07 24 285.88 35.41 17.61 0 1.3 NA NA 16.67
1984207 1984 07 25 81.93 23.36 14.6 2.7 2.1 NA NA 66.68
1984208 1984 07 26 289.58 28.8 14.5 0 2.81 NA NA 26.14
1984209 1984 07 27 287.04 31 16.1 0 1.9 NA NA 20.33
1984210 1984 07 28 241.9 31.9 16.9 0 2.1 NA NA 20.76
1984211 1984 07 29 278.94 31.42 17.6 0 3.4 NA NA 20.44
1984212 1984 07 30 295.07 32.4 15.8 0 1.5 NA NA 14.3
1984213 1984 07 31 276.98 35.21 17.1 0 1.7 NA NA 16.9
1984214 1984 08 01 284.72 34.11 18.21 0 1.3 NA NA 14.6
1984215 1984 08 02 279.72 35.7 17.7 0 1 NA NA 15.51
1984216 1984 08 03 280.22 37.8 18.8 0 0.5 NA NA 14.3
1984217 1984 08 04 276.27 35.7 21.4 2 1 NA NA 19.99
1984218 1984 08 05 276.62 38.06 21.5 0 0.23 NA NA 14.66
1984219 1984 08 06 277.59 38.94 22.17 0 0.5 NA NA 13.77
1984220 1984 08 07 276.62 40.19 22.6 0 0.7 NA NA 12.39
1984221 1984 08 08 244.2 38 22.6 0 1.6 NA NA 14.3
1984222 1984 08 09 238.43 31.7 18.6 0 3.1 NA NA 18.31
1984223 1984 08 10 282.41 31.8 16.97 0 2 NA NA 14.3
1984224 1984 08 11 270.83 35.3 17.7 0 0.9 NA NA 13.29
1984225 1984 08 12 267.36 36 19.55 0 1.5 NA NA 13.7
1984226 1984 08 13 267.36 33.4 19 0 2.7 NA NA 17.3
1984227 1984 08 14 284.45 31.6 16.5 0 1.7 NA NA 13.2
1984228 1984 08 15 269.68 35.69 15.8 0 1 NA NA 11.9
1984229 1984 08 16 234.15 37.85 19.27 0 1.5 NA NA 11.77
1984230 1984 08 17 193.37 37.79 23.99 0 2.6 NA NA 11.76
1984231 1984 08 18 263.79 34.2 21.26 0 2.3 NA NA 12.8
1984232 1984 08 19 269.68 29.3 17.81 0 2.9 NA NA 13.9
1984233 1984 08 20 265.05 32.8 15.4 0 1.56 NA NA 12.4
1984234 1984 08 21 258.1 37.6 17.3 0 0.9 NA NA 11.9
1984235 1984 08 22 137.73 32.1 20.13 0 1.8 NA NA 17.7
1984236 1984 08 23 252.31 34.21 18.1 0 1.5 NA NA 16
1984237 1984 08 24 251.16 35 18.5 0 1.4 NA NA 13.24
1984238 1984 08 25 252.31 33.1 18.75 0 2.5 NA NA 15.7
1984239 1984 08 26 255.9 32.2 15.26 0 2.7 NA NA 17.9
1984240 1984 08 27 256.94 32.7 15.5 0 2.7 NA NA 15.08
1984241 1984 08 28 234.95 34.1 17.63 0 3 NA NA 19
1984242 1984 08 29 128.34 27.8 18.15 0 1.8 NA NA 15.6
1984243 1984 08 30 190.97 31.8 17.2 0 2.5 NA NA 12.89
1984244 1984 08 31 173.61 27 17.1 0 3.19 NA NA 35.41
1984245 1984 09 01 216.44 26.71 14.6 0 2.9 NA NA 24.4
1984246 1984 09 02 242.82 26.9 11.78 0 1.9 NA NA 18.8
1984247 1984 09 03 240.47 29.48 11.5 0 1.5 NA NA 11.14
1984248 1984 09 04 138.74 26.7 13.1 0 1.5 NA NA 14.64
1984249 1984 09 05 232.64 31.61 12.9 0 1.5 NA NA 11.59
1984250 1984 09 06 172.45 29.7 15.8 0 1.3 NA NA 17.9
1984251 1984 09 07 226.85 34.6 14 0 0.9 NA NA 10.1
1984252 1984 09 08 225.69 37.82 17 0 1.4 NA NA 8.21
1984253 1984 09 09 121.53 29.3 17.9 0 1.4 NA NA 17.3
1984254 1984 09 10 108.56 24.4 12.6 0 2.1 NA NA 38.25
1984255 1984 09 11 225.27 23.7 9.9 0 2.86 NA NA 17.52
1984256 1984 09 12 83.33 19.17 8.59 0 0.91 NA NA 42.51
1984257 1984 09 13 86.8 18.4 11.2 0 1.5 NA NA 56.96
1984258 1984 09 14 212.96 23.4 9.1 0 2.6 NA NA 17
1984259 1984 09 15 206.02 24.9 7.1 0 1.2 NA NA 13.7
1984260 1984 09 16 206.02 28.5 9.9 0 1.7 NA NA 14.31
1984261 1984 09 17 201.39 30.9 12.45 0 1.5 NA NA 14.03
1984262 1984 09 18 201.39 31.61 15 0 1.7 NA NA 14.39
1984263 1984 09 19 201.7 33.3 13.6 0 1.4 NA NA 11.05
1984264 1984 09 20 196.76 33.9 15.61 0 1.6 NA NA 10.93
1984265 1984 09 21 112.04 21.99 11.7 0 2.51 NA NA 31.82
1984266 1984 09 22 200.23 21.33 9.1 0 2.5 NA NA 20.31
1984267 1984 09 23 200.23 20 7.6 0 2.9 NA NA 19.26
1984268 1984 09 24 200.23 20.2 6.1 0 2.2 NA NA 15.09
1984269 1984 09 25 71.68 18.5 6.2 0 0.2 NA NA 13.97
1984270 1984 09 26 166.32 29.88 8.8 0 2 NA NA 21.04
1984271 1984 09 27 185.19 33.3 12.6 0 1.1 NA NA 15.66
1984272 1984 09 28 185.19 33.39 15.03 0 1.6 NA NA 16.29
1984273 1984 09 29 184.03 32.28 13.8 0 0.7 NA NA 15.64
1984274 1984 09 30 180.62 32.21 15.07 0 0.7 NA NA 13.67
1984275 1984 10 01 174.15 31.57 16.38 0 1.19 NA NA 15.11
1984276 1984 10 02 31.23 21.22 16.41 4.6 0.7 NA NA 50.8
1984277 1984 10 03 113.43 30.5 16.35 0 1.8 NA NA 36.8
1984278 1984 10 04 40.99 23.1 18.94 0 1.7 NA NA 49.44
1984279 1984 10 05 94.7 29 16.5 0 1.7 NA NA 27.72
1984280 1984 10 06 42.82 21.2 16.54 7.37 0.6 NA NA 38.1
1984281 1984 10 07 79.77 26.9 15.26 0 0.16 NA NA 25.03
1984282 1984 10 08 108.8 26.01 13.9 0 1.9 NA NA 24.2
1984283 1984 10 09 165.51 21.3 10.06 0 2.3 NA NA 23.59
1984284 1984 10 10 159.51 24.46 9 0 0.7 NA NA 21.79
1984285 1984 10 11 65.97 19.72 9.4 0 1.4 NA NA 39.61
1984286 1984 10 12 156.25 21.2 7.1 0 1.8 NA NA 34.29
1984287 1984 10 13 155.09 17.79 5.6 0 2.5 NA NA 28.59
1984288 1984 10 14 153.94 17.36 1.56 0 1.8 NA NA 24
1984289 1984 10 15 141.9 18.01 1.13 0 1.8 NA NA 31.56
1984290 1984 10 16 155.09 18.81 2.13 0 1.6 NA NA 21.72
1984291 1984 10 17 157.41 19.6 -2 0 1.5 NA NA 13.04
1984292 1984 10 18 153.94 20.7 -1.73 0 1.5 NA NA 12.79
1984293 1984 10 19 138.68 22.94 4.8 0 1.5 NA NA 18.66
1984294 1984 10 20 138.1 24.9 7.5 0 1.6 NA NA 16.02
1984295 1984 10 21 135.62 18.1 7.5 0 3.7 NA NA 30.6
1984296 1984 10 22 137.25 14.1 3.2 0 2.4 NA NA 25.43
1984297 1984 10 23 139.12 5.54 -2.06 0 3.3 NA NA 28.3
1984298 1984 10 24 127.31 10.3 -2.6 0 3.1 NA NA 18.77
1984299 1984 10 25 134.26 14.5 -1.91 0 2.5 NA NA 13.57
1984300 1984 10 26 136.57 21.72 -2.92 0 1.8 NA NA 9.45
1984301 1984 10 27 15.59 11.13 9.68 4.1 1.3 NA NA 69.43
1984302 1984 10 28 110.89 24.4 9.71 0 1.5 NA NA 37.4
1984303 1984 10 29 57.75 18.24 10.2 5.22 0.5 NA NA 49.94
1984304 1984 10 30 8.97 11.79 6.28 10.3 3 NA NA 75.86
1984305 1984 10 31 39.35 8.36 2.9 1.1 2.1 NA NA 71.62
1984306 1984 11 01 120.37 18.8 2.32 0 1.5 NA NA 41.01
1984307 1984 11 02 121.53 21.05 3.6 0 1.1 NA NA 28.25
1984308 1984 11 03 79 19.86 4.33 0 1.5 NA NA 30.09
1984309 1984 11 04 62.5 11.05 5.55 0 2.8 NA NA 57.09
1984310 1984 11 05 31.25 9.21 5.55 3 3.1 NA NA 84.55
1984311 1984 11 06 31.25 7.1 6.3 6.14 3.22 NA NA 90.95
1984312 1984 11 07 7.96 9.61 6.47 9.61 3.1 NA NA 88.66
1984313 1984 11 08 69.44 16.4 9.5 0 3.9 NA NA 69.27
1984314 1984 11 09 68.19 13.72 7.99 0 3.4 NA NA 71.61
1984315 1984 11 10 71.68 11.08 3.47 0 3 NA NA 54.54
1984316 1984 11 11 111.64 12.04 2 0 2.91 NA NA 31.97
1984317 1984 11 12 114 14.72 0.18 0 1.9 NA NA 26.29
1984318 1984 11 13 106.48 15.4 0.8 0 1.4 NA NA 36.37
1984319 1984 11 14 92.59 17.5 1.9 0 2.9 NA NA 37.36
1984320 1984 11 15 84.49 11.6 2.9 0 2.55 NA NA 39.13
1984321 1984 11 16 103.01 11.4 1 0 2.9 NA NA 47.7
1984322 1984 11 17 103.01 10.4 -2.4 0 1.2 NA NA 37.19
1984323 1984 11 18 89.12 13.6 2.8 0 2.8 NA NA 56.89
1984324 1984 11 19 48.42 15.4 6.3 0 2.1 NA NA 58.27
1984325 1984 11 20 52.08 16.58 8.8 0 2.8 NA NA 66.6
1984326 1984 11 21 45.14 14.8 5.2 0 0.9 NA NA 66.46
1984327 1984 11 22 47.45 13.7 3.6 0 0.8 NA NA 48.4
1984328 1984 11 23 61.34 17 5.41 0 1.3 NA NA 35.79
1984329 1984 11 24 57.87 15.75 3.95 0 1 NA NA 37.93
1984330 1984 11 25 87.96 16.51 2.2 0 1.3 NA NA 38.78
1984331 1984 11 26 45.14 12.92 2.56 6.57 2.5 NA NA 51.87
1984332 1984 11 27 86.99 9.5 -0.73 0 1.7 NA NA 36.18
1984333 1984 11 28 93.75 9.44 -2.5 0 1.6 NA NA 33.14
1984334 1984 11 29 26.56 2.9 0.5 13.04 3.7 NA NA 84.02
1984335 1984 11 30 24.31 2 -2.06 22.07 4.3 NA NA 86.41
1984336 1984 12 01 18.52 -0.12 -2.4 12.35 3.4 NA NA 88.12
1984337 1984 12 02 31.25 1.45 -2.4 4.32 3.1 NA NA 77.26
1984338 1984 12 03 28.94 -0.89 -6.1 0 2.8 NA NA 77.22
1984339 1984 12 04 54.4 0.7 -6.88 0 2.6 NA NA 74.02
1984340 1984 12 05 24.31 -1.1 -5.31 14.54 4 NA NA 92.1
1984341 1984 12 06 90.28 -1.02 -16.93 0 0.5 NA NA 78
1984342 1984 12 07 82.71 -0.8 -7.82 6.86 1.6 NA NA 83.99
1984343 1984 12 08 51.55 -0.61 -5.7 0 1.8 NA NA 79.95
1984344 1984 12 09 89.12 1.3 -8.36 0 1.6 NA NA 72.23
1984345 1984 12 10 48.61 -1.7 -9.51 0 2.8 NA NA 76.79
1984346 1984 12 11 91.44 -2.41 -11.59 0 1.4 NA NA 71.93
1984347 1984 12 12 71.76 3.4 -10 0 3.6 NA NA 69.39
1984348 1984 12 13 53.24 5.4 1.82 1.15 2.2 NA NA 71.64
1984349 1984 12 14 60.19 7.2 1.4 0 2.51 NA NA 62.82
1984350 1984 12 15 57.51 9.7 4.83 5.6 2.5 NA NA 67.7
1984351 1984 12 16 18.52 4.6 1.1 1.2 1.6 NA NA 79
1984352 1984 12 17 62.5 5.9 -4.1 0 0.9 NA NA 54.33
1984353 1984 12 18 79.86 4.85 -2.41 2.79 2.2 NA NA 65.09
1984354 1984 12 19 67.13 9.7 2.82 0 1.9 NA NA 61
1984355 1984 12 20 43.98 10.5 6.25 1.2 4.6 NA NA 75.6
1984356 1984 12 21 35.88 6.9 5.03 0 1.8 NA NA 69.53
1984357 1984 12 22 30.09 12.31 6.3 0 3.5 NA NA 70.96
1984358 1984 12 23 64.9 11.95 2.8 0 1.5 NA NA 45.97
1984359 1984 12 24 20.28 7.36 4.96 3.35 2.6 NA NA 73.91
1984360 1984 12 25 77.55 14.74 5 2 2.8 NA NA 57.94
1984361 1984 12 26 23.15 10.5 7.62 1.1 2.9 NA NA 75.6
1984362 1984 12 27 31.15 12.01 12.7 0 3.3 NA NA 70.6
1984363 1984 12 28 45.14 12.88 9.78 0 2.7 NA NA 59.11
1984364 1984 12 29 48.61 11.47 8.11 0 2.6 NA NA 50.9
1984365 1984 12 30 31.02 8.5 5.73 0 2.5 NA NA 75.78
1984366 1984 12 31 85.89 14.3 2.36 0 0.83 NA NA 50.9
