iso-date;tmin;tavg;tmax;precip;globrad;wind;relhumid
1980-01-01;-6.19;-4.38;-2.57;0.0;3.598;3.93;58.01
1980-01-02;-4.53;-1.59;1.35;0.0;3.461;6.44;54.11
1980-01-03;1.56;2.62;3.67;0.0;3.955;3.87;75.88
1980-01-04;-0.46;2.52;5.51;0.43;1.958;6.04;74.4
1980-01-05;-4.65;-2.4;-0.15;0.0;3.758;2.94;60.59
1980-01-06;-3.74;-0.68;2.38;0.0;1.939;4.94;69.86
1980-01-07;0.67;2.75;4.83;5.28;-0.004;4.39;81.71
1980-01-08;0.59;1.84;3.09;7.36;1.162;3.97;84.09
1980-01-09;-3.13;-0.2;2.72;2.38;3.177;3.58;75.21
1980-01-10;-3.94;-2.5;-1.05;0.0;3.249;3.66;73.7
1980-01-11;-5.67;-4.0;-2.34;0.0;3.989;2.0;65.17
1980-01-12;-5.78;-3.72;-1.66;0.74;2.11;2.84;79.31
1980-01-13;-0.99;-0.48;0.03;0.51;1.414;1.3;96.65
1980-01-14;-3.82;-1.4;1.02;0.0;3.849;1.75;76.74
1980-01-15;-5.62;-2.65;0.33;0.52;4.584;3.04;74.57
1980-01-16;-2.49;-1.25;-0.01;0.0;2.684;2.93;81.95
1980-01-17;-5.11;-2.76;-0.41;0.38;4.402;2.49;67.67
1980-01-18;0.45;1.71;2.97;0.04;4.003;3.81;72.42
1980-01-19;-1.34;1.25;3.84;3.38;1.871;4.69;66.84
1980-01-20;-1.97;0.91;3.79;3.33;4.236;5.01;57.83
1980-01-21;0.51;1.75;2.98;0.0;1.949;5.74;52.73
1980-01-22;-1.43;0.58;2.59;0.0;3.916;6.23;43.72
1980-01-23;-4.27;-2.38;-0.5;0.0;4.247;3.59;59.37
1980-01-24;-5.63;-4.05;-2.48;0.0;4.455;3.23;51.88
1980-01-25;-6.06;-4.21;-2.37;0.04;5.092;3.66;61.24
1980-01-26;-1.7;-0.02;1.66;0.0;2.837;4.48;78.98
1980-01-27;-5.06;-1.74;1.58;0.0;5.366;2.64;61.72
1980-01-28;-7.15;-4.56;-1.97;0.0;5.094;1.67;54.81
1980-01-29;-7.18;-4.58;-1.99;0.0;4.433;1.52;50.97
1980-01-30;-7.04;-4.61;-2.18;0.78;4.189;2.73;71.68
1980-01-31;-4.4;-2.89;-1.38;2.04;2.015;1.98;87.13
1980-02-01;-7.15;-4.49;-1.82;0.0;2.989;2.15;76.27
1980-02-02;-10.74;-7.8;-4.87;0.0;5.6;1.55;57.85
1980-02-03;-9.54;-7.31;-5.08;0.0;6.038;3.81;54.4
1980-02-04;-10.42;-7.53;-4.64;0.0;6.225;3.79;48.82
1980-02-05;-10.89;-8.11;-5.33;0.0;6.026;2.48;56.05
1980-02-06;-11.21;-7.28;-3.35;0.0;6.059;1.57;45.57
1980-02-07;-10.81;-6.51;-2.2;0.15;5.9;3.07;50.77
1980-02-08;-8.23;-4.6;-0.96;0.0;6.712;5.36;45.28
1980-02-09;-12.72;-9.46;-6.19;0.0;6.331;6.08;37.41
1980-02-10;-13.78;-11.27;-8.77;0.0;7.38;4.21;40.99
1980-02-11;-10.86;-6.25;-1.64;0.0;4.525;3.57;52.04
1980-02-12;-8.56;-6.08;-3.61;0.0;7.439;3.01;59.9
1980-02-13;-4.76;-2.14;0.48;0.0;6.829;3.79;70.27
1980-02-14;-2.75;-1.03;0.68;4.64;3.61;7.66;79.4
1980-02-15;-3.84;-1.35;1.13;0.0;8.508;4.09;49.04
1980-02-16;-5.88;-2.69;0.51;0.0;7.984;2.39;48.27
1980-02-17;-7.58;-4.78;-1.98;0.0;8.004;2.39;47.72
1980-02-18;-7.79;-5.46;-3.14;0.0;7.779;3.33;36.06
1980-02-19;-7.81;-3.9;0.01;0.0;5.384;4.5;43.17
1980-02-20;-1.55;-0.04;1.48;0.27;4.512;4.17;69.81
1980-02-21;-4.71;-1.5;1.72;5.84;2.592;2.46;80.43
1980-02-22;-7.49;-3.02;1.46;0.0;9.581;0.15;49.06
1980-02-23;-5.6;-1.29;3.02;0.0;10.308;1.82;54.81
1980-02-24;-0.59;3.8;8.19;2.92;7.554;6.25;50.21
1980-02-25;-0.57;2.35;5.28;0.16;7.063;4.61;55.09
1980-02-26;-1.92;0.92;3.76;0.0;9.11;3.32;41.45
1980-02-27;-3.85;-0.57;2.71;0.0;9.847;2.65;36.81
1980-02-28;-3.0;0.36;3.73;9.12;4.813;3.98;60.73
1980-02-29;0.0;0.0;0.0;0.0;0.0;0.0;0.0
1980-03-01;1.18;4.25;7.31;0.0;10.734;5.09;35.18
1980-03-02;0.34;2.63;4.93;0.25;5.556;3.21;57.62
1980-03-03;-1.5;0.85;3.21;0.0;8.201;1.99;56.91
1980-03-04;-2.54;0.68;3.89;0.0;6.966;1.48;61.02
1980-03-05;-1.21;1.63;4.46;0.0;10.453;1.8;44.46
1980-03-06;-3.38;-0.58;2.22;0.0;10.746;2.48;51.55
1980-03-07;-4.18;1.34;6.86;0.0;11.933;2.56;37.5
1980-03-08;0.25;5.66;11.07;0.0;12.62;3.33;35.71
1980-03-09;0.51;6.41;12.31;0.0;12.402;4.07;32.85
1980-03-10;1.4;3.66;5.92;3.11;3.004;3.22;66.31
1980-03-11;-0.46;2.5;5.46;0.0;8.525;2.58;57.21
1980-03-12;0.64;3.47;6.31;0.0;9.682;3.34;54.98
1980-03-13;-1.38;1.16;3.7;0.49;4.776;2.15;65.79
1980-03-14;-3.84;-0.92;2.0;0.0;12.957;3.35;31.42
1980-03-15;-5.58;-1.97;1.64;0.0;13.878;2.23;34.7
1980-03-16;-6.72;-1.38;3.95;0.92;14.525;1.83;32.19
1980-03-17;0.62;4.07;7.52;0.51;6.482;2.86;49.45
1980-03-18;-3.04;0.59;4.22;0.0;7.578;2.22;43.09
1980-03-19;-4.78;-1.02;2.75;0.0;14.751;2.53;31.8
1980-03-20;-3.76;0.35;4.47;0.0;15.149;2.78;31.2
1980-03-21;-3.91;-0.07;3.77;0.0;13.743;1.66;40.75
1980-03-22;-1.22;0.9;3.02;0.0;10.344;2.26;42.01
1980-03-23;-1.97;0.64;3.25;0.37;11.451;3.6;54.23
1980-03-24;1.75;4.21;6.66;0.0;9.24;3.2;42.5
1980-03-25;1.07;4.71;8.35;0.0;8.51;1.81;45.12
1980-03-26;4.45;6.93;9.4;0.0;7.474;2.39;45.15
1980-03-27;0.64;4.89;9.13;0.0;18.173;3.49;27.97
1980-03-28;-0.27;4.46;9.18;0.0;17.188;3.41;29.2
1980-03-29;-0.95;3.99;8.93;0.0;17.034;2.57;32.93
1980-03-30;1.17;2.69;4.2;0.17;6.483;2.95;68.76
1980-03-31;1.45;2.89;4.33;0.0;8.842;3.5;54.08
1980-04-01;1.11;4.82;8.54;0.0;11.218;3.09;42.06
1980-04-02;-0.38;5.72;11.82;0.0;14.221;1.92;35.72
1980-04-03;5.99;10.53;15.07;0.0;11.801;4.06;30.06
1980-04-04;1.62;5.65;9.68;3.16;6.614;4.6;49.72
1980-04-05;0.5;8.13;15.75;0.0;18.599;1.66;30.9
1980-04-06;3.49;6.11;8.72;16.04;2.005;4.32;77.57
1980-04-07;1.1;4.54;7.99;0.0;19.175;4.62;27.88
1980-04-08;-1.05;4.16;9.37;1.42;19.498;1.17;35.74
1980-04-09;3.97;6.76;9.55;1.27;5.389;3.85;51.28
1980-04-10;2.51;4.17;5.84;0.0;7.177;3.57;65.25
1980-04-11;1.07;4.67;8.26;0.0;17.17;4.51;34.72
1980-04-12;0.77;4.46;8.16;0.0;19.327;4.53;26.36
1980-04-13;-1.19;1.51;4.21;0.0;18.886;2.79;30.14
1980-04-14;-2.99;-0.33;2.33;0.0;18.892;2.49;26.17
1980-04-15;-3.59;-0.19;3.21;0.0;15.354;3.35;30.73
1980-04-16;-5.71;-0.08;5.54;0.0;21.756;1.97;26.49
1980-04-17;-1.68;2.06;5.8;0.0;21.933;2.84;25.96
1980-04-18;-3.49;1.46;6.41;0.0;19.953;1.51;26.82
1980-04-19;-3.76;2.55;8.87;0.0;21.855;0.72;26.33
1980-04-20;3.1;7.17;11.25;0.0;14.805;1.51;33.12
1980-04-21;3.31;6.87;10.42;0.0;15.155;3.04;58.5
1980-04-22;2.1;8.52;14.94;10.61;11.097;3.86;57.07
1980-04-23;-1.4;1.07;3.54;1.27;20.45;6.01;32.16
1980-04-24;-2.19;1.04;4.27;0.0;18.651;3.66;30.12
1980-04-25;-1.74;1.84;5.43;0.0;18.287;2.01;37.29
1980-04-26;-3.06;1.49;6.03;5.82;19.761;2.55;42.86
1980-04-27;0.36;3.04;5.71;0.0;21.719;3.88;34.65
1980-04-28;-1.4;3.28;7.95;0.0;23.444;1.28;29.75
1980-04-29;-1.78;3.98;9.74;0.0;20.478;1.11;29.56
1980-04-30;-0.41;6.51;13.43;0.0;20.277;0.15;28.42
1980-05-01;-0.99;5.0;10.98;1.26;12.012;0.73;46.28
1980-05-02;2.08;7.72;13.36;0.0;22.087;4.25;31.18
1980-05-03;5.09;11.79;18.49;5.79;4.954;3.67;42.83
1980-05-04;8.42;14.29;20.16;0.0;20.496;1.57;42.59
1980-05-05;6.93;12.41;17.89;0.0;20.22;2.47;42.23
1980-05-06;5.18;10.88;16.59;0.0;19.133;1.99;33.14
1980-05-07;4.19;11.35;18.51;0.0;20.714;1.38;37.94
1980-05-08;8.65;13.66;18.66;0.0;21.499;3.49;41.41
1980-05-09;11.08;14.96;18.85;1.28;14.453;3.66;45.66
1980-05-10;10.16;13.31;16.47;6.66;5.519;2.6;74.85
1980-05-11;7.5;9.79;12.09;0.0;11.073;2.73;67.64
1980-05-12;6.97;11.12;15.27;2.33;14.208;2.71;50.86
1980-05-13;6.82;11.86;16.89;1.89;10.705;2.24;50.22
1980-05-14;5.55;11.7;17.85;0.0;19.354;1.72;46.78
1980-05-15;9.44;15.21;20.99;0.0;18.994;3.15;45.18
1980-05-16;11.05;17.48;23.91;0.0;25.828;3.91;31.5
1980-05-17;12.41;16.1;19.79;13.36;15.503;3.5;61.03
1980-05-18;10.79;15.04;19.28;0.14;20.983;2.39;57.62
1980-05-19;9.69;14.97;20.25;2.58;24.338;2.56;41.32
1980-05-20;11.57;13.52;15.47;7.6;6.481;2.66;84.53
1980-05-21;9.53;12.79;16.05;15.54;7.575;3.4;74.61
1980-05-22;8.47;12.8;17.14;0.73;25.371;3.79;42.61
1980-05-23;8.56;11.86;15.15;2.1;8.104;2.11;57.15
1980-05-24;9.32;13.22;17.13;0.0;20.904;3.59;42.79
1980-05-25;7.72;12.38;17.03;8.9;12.15;1.7;67.24
1980-05-26;6.81;12.42;18.04;0.0;21.061;2.93;40.97
1980-05-27;8.72;15.63;22.54;0.0;21.828;3.71;36.6
1980-05-28;13.3;19.22;25.14;2.76;23.87;3.84;35.56
1980-05-29;11.05;16.05;21.04;0.0;27.612;1.58;43.16
1980-05-30;12.55;18.71;24.87;1.04;14.626;3.97;39.36
1980-05-31;11.01;15.54;20.06;0.0;23.823;5.45;35.47
1980-06-01;8.36;12.26;16.16;0.0;23.784;3.32;39.87
1980-06-02;8.24;15.17;22.1;0.0;26.959;2.95;30.83
1980-06-03;9.76;16.14;22.51;0.0;26.419;1.65;36.58
1980-06-04;11.15;17.23;23.31;0.0;18.965;0.74;40.33
1980-06-05;11.63;18.63;25.62;0.0;25.324;1.27;37.73
1980-06-06;16.25;21.34;26.42;0.0;27.63;1.69;42.19
1980-06-07;15.1;20.91;26.73;7.45;19.237;2.08;43.55
1980-06-08;16.12;21.08;26.03;0.0;28.932;3.43;36.06
1980-06-09;12.28;15.74;19.2;0.0;18.147;3.5;64.4
1980-06-10;11.42;16.77;22.13;0.0;22.267;1.8;35.74
1980-06-11;13.87;19.09;24.31;1.51;21.425;4.08;31.81
1980-06-12;8.48;14.02;19.55;0.0;20.903;2.5;50.27
1980-06-13;7.41;15.04;22.67;0.0;28.995;0.83;31.77
1980-06-14;12.24;18.34;24.45;0.0;26.313;1.66;32.15
1980-06-15;16.14;19.48;22.83;0.0;15.359;2.7;41.06
1980-06-16;15.35;19.21;23.07;0.0;23.686;3.22;36.7
1980-06-17;14.74;19.41;24.09;0.0;24.54;3.66;36.2
1980-06-18;14.86;19.64;24.43;0.0;28.121;3.96;35.79
1980-06-19;15.03;20.26;25.49;0.0;29.374;3.58;35.5
1980-06-20;17.5;21.78;26.06;0.0;23.704;3.19;38.7
1980-06-21;17.32;21.67;26.02;7.11;13.611;2.91;47.84
1980-06-22;17.33;21.75;26.18;3.44;18.556;3.28;44.55
1980-06-23;17.72;22.64;27.57;10.08;19.965;3.23;37.14
1980-06-24;17.36;21.69;26.01;0.0;19.016;2.05;51.48
1980-06-25;14.78;21.41;28.04;3.44;23.571;2.46;39.23
1980-06-26;13.22;19.91;26.61;0.0;25.089;1.09;30.5
1980-06-27;14.79;20.63;26.46;3.78;20.827;2.24;40.27
1980-06-28;13.47;19.26;25.05;6.59;22.524;0.78;48.15
1980-06-29;14.61;19.63;24.64;0.0;20.246;1.37;49.14
1980-06-30;17.01;19.82;22.62;0.0;11.558;3.2;62.37
1980-07-01;15.82;18.48;21.14;0.0;11.616;5.09;50.86
1980-07-02;15.02;17.17;19.33;0.49;4.675;3.97;77.65
1980-07-03;16.41;20.32;24.23;0.51;15.18;3.21;58.33
1980-07-04;16.27;21.01;25.75;0.0;17.432;2.1;47.54
1980-07-05;16.95;21.56;26.18;0.0;19.555;1.66;43.22
1980-07-06;16.74;21.81;26.89;0.0;22.504;1.08;39.48
1980-07-07;15.55;22.17;28.79;0.0;25.75;0.76;30.08
1980-07-08;17.83;23.28;28.74;14.3;17.842;1.96;41.38
1980-07-09;15.91;20.14;24.37;0.0;22.542;3.22;40.96
1980-07-10;14.72;19.12;23.51;0.0;27.821;3.5;32.29
1980-07-11;14.15;19.34;24.53;0.0;26.403;3.04;30.26
1980-07-12;14.83;20.53;26.23;0.0;25.355;3.22;28.85
1980-07-13;16.09;22.25;28.41;0.0;25.631;2.23;27.57
1980-07-14;14.84;21.86;28.88;0.0;25.341;0.93;26.4
1980-07-15;15.53;21.86;28.18;5.92;21.775;1.81;37.89
1980-07-16;16.23;20.77;25.31;0.0;26.327;2.87;26.78
1980-07-17;13.75;18.94;24.12;0.0;23.311;2.84;25.23
1980-07-18;13.06;17.16;21.27;0.0;16.33;2.84;32.56
1980-07-19;11.61;15.74;19.88;0.0;21.17;2.65;30.21
1980-07-20;10.0;15.77;21.53;0.0;18.167;0.77;26.15
1980-07-21;9.84;17.48;25.12;0.0;24.172;1.11;23.93
1980-07-22;11.65;17.75;23.84;0.0;10.634;1.62;29.23
1980-07-23;10.0;18.4;26.8;0.0;24.557;0.51;20.03
1980-07-24;18.14;22.88;27.62;0.0;20.204;2.67;27.71
1980-07-25;17.01;21.81;26.61;0.42;13.188;2.0;35.27
1980-07-26;16.05;19.98;23.9;0.0;13.592;3.34;27.65
1980-07-27;15.15;19.58;24.01;0.0;15.323;3.64;35.45
1980-07-28;12.79;17.87;22.95;0.0;16.69;3.23;26.53
1980-07-29;10.69;18.02;25.35;0.0;23.555;1.1;24.1
1980-07-30;12.8;20.0;27.19;0.41;23.543;2.55;22.66
1980-07-31;11.35;18.23;25.1;0.0;13.166;1.25;26.39
1980-08-01;13.68;19.49;25.31;0.0;22.263;2.47;25.2
1980-08-02;11.99;18.34;24.68;0.0;23.372;2.11;22.53
1980-08-03;12.48;19.92;27.36;0.0;19.526;1.75;22.75
1980-08-04;18.36;24.67;30.99;0.0;19.781;1.74;21.74
1980-08-05;18.25;25.77;33.29;0.0;22.867;2.67;19.31
1980-08-06;17.97;26.7;35.42;0.49;22.893;1.99;15.98
1980-08-07;18.94;25.24;31.54;0.0;22.184;2.61;24.15
1980-08-08;15.99;21.75;27.5;0.0;18.814;3.21;22.51
1980-08-09;13.58;19.55;25.51;0.0;23.5;2.23;19.23
1980-08-10;10.64;19.09;27.55;0.0;23.21;1.11;14.11
1980-08-11;16.17;23.88;31.58;0.0;22.143;2.77;11.4
1980-08-12;18.83;26.05;33.27;0.0;22.695;2.88;7.57
1980-08-13;16.17;24.21;32.25;0.0;23.33;3.08;7.57
1980-08-14;16.18;21.52;26.87;0.0;23.0;3.65;19.77
1980-08-15;15.46;19.83;24.2;0.0;17.043;3.96;23.87
1980-08-16;14.55;18.71;22.87;0.0;14.243;3.12;24.8
1980-08-17;14.54;19.52;24.51;0.0;13.156;1.1;22.47
1980-08-18;16.31;21.27;26.22;0.09;8.345;2.91;26.56
1980-08-19;17.59;24.97;32.34;3.88;15.265;1.77;24.23
1980-08-20;18.13;26.16;34.19;0.0;20.839;1.48;14.22
1980-08-21;19.05;27.36;35.67;0.0;20.814;2.44;13.97
1980-08-22;16.07;21.38;26.7;0.0;17.601;3.55;25.63
1980-08-23;13.65;19.07;24.49;0.0;21.113;3.04;21.52
1980-08-24;13.33;17.99;22.65;0.0;16.779;2.47;24.04
1980-08-25;12.41;17.13;21.85;0.0;11.497;1.9;26.18
1980-08-26;11.09;17.38;23.66;9.82;13.18;1.98;26.17
1980-08-27;10.1;14.29;18.47;0.0;14.959;4.28;38.57
1980-08-28;9.01;9.88;10.76;1.09;3.259;5.1;66.04
1980-08-29;9.45;13.5;17.56;0.0;11.996;3.97;34.09
1980-08-30;6.8;14.51;22.21;0.0;19.912;1.36;24.86
1980-08-31;7.71;14.41;21.11;0.0;15.701;1.48;26.13
1980-09-01;9.18;15.73;22.29;0.0;19.19;1.82;22.81
1980-09-02;9.21;15.98;22.75;0.0;18.189;3.79;20.17
1980-09-03;3.86;11.07;18.29;0.0;14.36;2.67;24.34
1980-09-04;2.31;12.72;23.13;0.0;19.286;0.15;19.1
1980-09-05;5.08;13.88;22.67;0.0;19.993;2.22;22.93
1980-09-06;7.65;13.7;19.74;0.0;18.895;2.42;24.52
1980-09-07;4.75;12.5;20.25;0.0;18.741;1.66;23.77
1980-09-08;8.1;16.91;25.71;0.0;18.174;1.79;19.42
1980-09-09;11.92;19.7;27.47;1.35;10.205;3.59;21.61
1980-09-10;9.98;16.39;22.8;0.0;18.385;1.98;24.88
1980-09-11;7.87;16.2;24.54;0.0;8.687;3.43;23.23
1980-09-12;4.68;15.12;25.56;1.57;17.829;1.15;19.42
1980-09-13;16.71;22.61;28.51;1.47;14.632;1.89;30.66
1980-09-14;16.87;23.3;29.72;0.0;15.822;4.7;19.53
1980-09-15;12.5;18.31;24.12;3.1;9.691;3.35;38.99
1980-09-16;8.03;14.0;19.96;0.44;15.288;3.5;26.78
1980-09-17;6.35;12.53;18.71;0.0;14.151;1.89;26.32
1980-09-18;7.45;15.26;23.08;0.0;11.687;2.68;28.89
1980-09-19;10.17;17.62;25.07;0.93;6.227;3.79;36.19
1980-09-20;4.84;10.97;17.11;0.0;15.817;2.24;24.04
1980-09-21;4.76;11.5;18.23;0.0;11.083;1.11;32.94
1980-09-22;12.68;16.44;20.2;0.0;7.67;1.11;29.64
1980-09-23;12.65;17.59;22.54;0.14;8.707;2.01;26.32
1980-09-24;7.54;12.39;17.24;0.54;8.675;2.95;38.87
1980-09-25;4.32;11.09;17.85;0.0;11.412;1.8;26.76
1980-09-26;9.82;14.87;19.91;0.0;8.099;3.13;40.62
1980-09-27;12.8;16.21;19.62;0.0;5.2;1.48;52.76
1980-09-28;10.37;15.38;20.39;0.0;6.598;0.73;47.65
1980-09-29;9.16;16.71;24.27;0.0;12.443;1.27;27.35
1980-09-30;9.14;16.8;24.46;0.0;12.125;1.47;28.87
1980-10-01;8.72;14.59;20.45;0.0;6.318;3.06;38.97
1980-10-02;5.66;12.27;18.87;0.0;12.328;2.38;23.84
1980-10-03;9.79;17.76;25.73;0.0;11.893;3.84;19.16
1980-10-04;11.72;18.85;25.98;0.0;11.482;1.8;21.74
1980-10-05;10.33;17.7;25.08;0.0;11.626;1.82;21.06
1980-10-06;5.79;12.01;18.24;0.0;7.288;3.06;29.05
1980-10-07;2.12;9.66;17.2;0.0;11.467;1.35;25.25
1980-10-08;1.56;11.38;21.21;0.0;11.138;0.75;20.06
1980-10-09;5.12;13.04;20.95;0.0;10.751;1.17;26.51
1980-10-10;5.73;13.3;20.87;0.0;10.452;0.75;27.01
1980-10-11;4.89;13.09;21.28;0.0;10.614;0.76;25.51
1980-10-12;4.39;13.16;21.93;0.0;10.173;0.26;26.27
1980-10-13;5.15;13.77;22.4;0.0;9.952;0.74;26.06
1980-10-14;5.32;13.79;22.26;0.0;9.971;1.18;23.7
1980-10-15;3.12;12.54;21.96;0.0;9.896;1.27;21.98
1980-10-16;4.62;11.57;18.51;0.0;9.005;3.01;27.53
1980-10-17;1.56;6.88;12.2;0.0;9.834;2.09;26.58
1980-10-18;5.86;12.96;20.06;0.0;8.89;3.98;14.17
1980-10-19;1.1;7.83;14.56;0.0;9.676;3.15;23.92
1980-10-20;0.59;6.62;12.65;0.0;8.822;2.99;20.51
1980-10-21;3.33;7.55;11.77;0.95;5.895;3.98;29.57
1980-10-22;0.55;4.17;7.8;0.0;8.952;2.73;26.18
1980-10-23;0.84;7.97;15.1;6.43;4.96;5.46;29.48
1980-10-24;6.06;9.69;13.31;0.0;8.307;2.52;41.29
1980-10-25;6.06;12.95;19.84;0.0;8.42;5.45;33.11
1980-10-26;11.92;17.41;22.91;15.56;7.204;5.19;41.62
1980-10-27;10.64;13.11;15.57;10.28;2.937;3.22;76.51
1980-10-28;9.24;14.05;18.85;0.0;7.19;2.65;44.57
1980-10-29;8.47;11.04;13.61;0.0;5.206;3.05;70.2
1980-10-30;2.22;4.42;6.63;0.0;3.172;2.92;65.68
1980-10-31;2.27;5.81;9.35;0.0;2.836;2.37;49.33
1980-11-01;4.39;10.66;16.93;0.0;7.195;2.2;50.74
1980-11-02;8.45;13.35;18.25;0.0;7.506;2.28;58.96
1980-11-03;6.79;12.2;17.6;0.0;6.317;1.81;58.83
1980-11-04;9.71;14.02;18.32;0.0;5.208;2.3;64.41
1980-11-05;5.39;11.68;17.96;0.0;6.268;1.54;54.86
1980-11-06;3.32;9.98;16.65;0.0;6.527;1.11;42.38
1980-11-07;4.34;10.6;16.85;0.0;6.535;2.32;45.99
1980-11-08;6.86;11.05;15.25;0.0;6.035;3.37;49.36
1980-11-09;5.12;9.22;13.33;0.0;6.009;3.06;56.65
1980-11-10;6.38;10.27;14.15;0.0;6.174;3.72;57.87
1980-11-11;7.11;11.36;15.61;0.0;6.393;2.1;56.13
1980-11-12;5.64;10.43;15.22;0.0;6.125;2.06;54.5
1980-11-13;4.97;10.28;15.58;0.0;5.105;1.76;51.85
1980-11-14;3.33;8.5;13.67;0.0;5.27;1.89;46.81
1980-11-15;1.58;7.62;13.65;0.0;6.185;2.51;36.05
1980-11-16;3.6;6.89;10.19;0.0;5.708;2.93;49.97
1980-11-17;6.29;8.81;11.34;0.0;3.958;2.22;69.56
1980-11-18;6.23;10.04;13.86;0.0;5.315;3.54;58.49
1980-11-19;5.87;9.21;12.55;0.19;5.088;5.14;61.26
1980-11-20;0.93;5.63;10.32;0.0;4.889;1.38;59.22
1980-11-21;-0.04;4.89;9.82;2.27;5.111;1.9;56.89
1980-11-22;2.04;5.13;8.21;0.0;4.582;2.16;69.19
1980-11-23;0.9;2.8;4.69;0.0;4.42;1.93;68.0
1980-11-24;-0.31;1.02;2.36;0.0;2.309;1.73;74.8
1980-11-25;0.4;1.6;2.8;0.0;2.627;1.09;74.09
1980-11-26;-1.29;0.59;2.47;0.0;2.868;1.29;73.77
1980-11-27;1.88;2.24;2.6;0.0;2.079;3.04;71.96
1980-11-28;-1.42;0.41;2.24;0.0;2.382;2.93;67.31
1980-11-29;-3.31;-1.43;0.46;0.0;3.154;1.8;80.4
1980-11-30;-0.82;2.06;4.94;0.0;3.65;3.05;55.86
1980-12-01;-2.47;-0.42;1.64;0.0;2.913;2.18;70.99
1980-12-02;-2.48;-0.28;1.93;0.0;3.923;3.64;74.79
1980-12-03;-2.56;-0.63;1.3;0.0;3.288;5.6;44.13
1980-12-04;-3.99;-1.91;0.17;0.0;3.047;2.47;66.12
1980-12-05;-4.21;-2.01;0.19;0.0;2.028;1.95;81.28
1980-12-06;-2.43;-0.6;1.24;0.65;1.879;3.56;74.54
1980-12-07;-2.79;-1.19;0.42;0.0;3.809;3.34;68.74
1980-12-08;-4.38;-2.36;-0.34;0.0;3.804;2.47;71.26
1980-12-09;-4.56;-2.23;0.1;0.0;3.834;2.48;78.6
1980-12-10;-3.52;-1.49;0.54;0.0;3.809;3.06;78.52
1980-12-11;-0.6;0.89;2.38;0.0;2.129;2.93;76.38
1980-12-12;-1.16;0.53;2.22;0.0;3.557;3.07;75.58
1980-12-13;0.44;1.35;2.27;0.0;3.202;3.62;70.51
1980-12-14;-0.44;0.78;2.01;0.15;3.65;3.34;72.68
1980-12-15;1.53;3.46;5.38;0.0;2.722;4.71;52.22
1980-12-16;1.78;2.38;2.98;2.27;3.124;5.38;67.54
1980-12-17;-2.13;0.05;2.22;0.4;1.888;6.0;48.61
1980-12-18;-2.86;-1.58;-0.3;0.0;3.517;3.43;72.16
1980-12-19;0.25;1.73;3.2;0.43;2.549;3.88;71.59
1980-12-20;-2.55;0.19;2.93;1.19;2.208;3.23;71.43
1980-12-21;-5.86;-4.02;-2.18;0.0;3.567;3.78;26.36
1980-12-22;-6.54;-3.93;-1.32;2.47;3.888;2.91;56.27
1980-12-23;-8.7;-6.64;-4.58;0.0;3.531;4.42;52.61
1980-12-24;-8.94;-6.04;-3.15;2.25;3.415;3.76;64.4
1980-12-25;-7.06;-4.26;-1.46;3.0;2.007;3.03;75.79
1980-12-26;-4.7;-2.99;-1.28;0.0;3.203;4.18;80.84
1980-12-27;-8.32;-4.69;-1.06;0.0;2.73;4.43;71.19
1980-12-28;-10.41;-6.04;-1.68;0.0;2.381;2.22;67.06
1980-12-29;-9.48;-6.11;-2.74;0.0;4.288;2.41;78.19
1980-12-30;-10.77;-6.04;-1.31;0.98;4.205;3.13;61.07
1980-12-31;-5.98;-3.13;-0.28;0.04;4.158;3.15;84.52
1981-01-01;-7.96;-5.23;-2.51;0.0;3.821;3.35;77.26
1981-01-02;-7.79;-4.76;-1.73;0.0;3.456;2.85;79.78
1981-01-03;-11.2;-8.73;-6.26;0.0;3.829;1.57;54.7
1981-01-04;-10.76;-6.25;-1.75;3.96;2.382;3.22;65.02
1981-01-05;-7.3;-3.73;-0.17;0.0;3.782;4.27;77.33
1981-01-06;-7.32;-4.39;-1.46;0.0;3.04;4.32;69.77
1981-01-07;-7.16;-4.72;-2.29;0.51;3.914;4.48;76.44
1981-01-08;-4.55;-2.27;0.0;0.24;3.837;4.87;75.7
1981-01-09;-10.56;-5.23;0.1;0.01;4.265;3.67;67.77
1981-01-10;-8.19;-5.92;-3.64;4.02;3.598;5.82;78.77
1981-01-11;-9.17;-5.99;-2.81;0.0;3.414;3.89;69.22
1981-01-12;-9.23;-5.54;-1.86;0.63;2.57;3.34;75.28
1981-01-13;-7.15;-4.13;-1.11;3.58;4.24;5.45;81.96
1981-01-14;-8.33;-5.25;-2.17;0.85;4.2;5.68;65.69
1981-01-15;-13.81;-10.12;-6.43;0.0;5.329;2.4;75.01
1981-01-16;-14.44;-11.64;-8.85;0.0;5.282;2.84;80.44
1981-01-17;-14.24;-10.36;-6.47;0.0;5.371;8.05;61.24
1981-01-18;-13.99;-10.92;-7.85;0.0;4.587;7.51;60.3
1981-01-19;-14.63;-12.69;-10.74;0.0;4.173;3.56;82.54
1981-01-20;-14.65;-11.99;-9.33;0.0;4.295;1.37;78.16
1981-01-21;-14.2;-9.25;-4.31;0.53;5.227;4.07;43.26
1981-01-22;-9.45;-7.09;-4.74;0.0;5.653;4.07;76.65
1981-01-23;-8.53;-5.54;-2.54;3.29;4.998;4.83;60.64
1981-01-24;-6.62;-3.47;-0.32;0.8;3.084;4.51;79.72
1981-01-25;-6.96;-3.64;-0.32;0.0;4.551;3.67;73.8
1981-01-26;-7.25;-4.19;-1.13;0.0;4.95;3.23;80.72
1981-01-27;-2.32;-1.15;0.03;0.0;6.812;3.62;85.62
1981-01-28;-11.15;-6.02;-0.89;0.0;5.313;2.47;73.0
1981-01-29;-9.87;-5.12;-0.37;0.0;6.248;3.63;78.36
1981-01-30;-1.35;-0.15;1.06;0.0;5.875;7.02;77.45
1981-01-31;-6.85;-4.26;-1.67;0.0;5.558;3.95;73.57
1981-02-01;-6.98;-3.95;-0.92;0.0;4.768;3.18;78.18
1981-02-02;-3.31;-1.66;0.0;1.69;6.336;4.45;85.91
1981-02-03;-1.22;-0.42;0.38;0.0;4.829;5.28;80.54
1981-02-04;-4.59;-2.94;-1.29;0.0;5.66;3.76;69.2
1981-02-05;-5.33;-3.08;-0.84;2.47;2.163;3.14;86.94
1981-02-06;-7.45;-4.2;-0.95;0.0;6.573;1.31;74.77
1981-02-07;-14.26;-8.65;-3.04;0.83;4.717;4.55;47.82
1981-02-08;-16.66;-14.17;-11.68;0.0;8.14;5.18;53.82
1981-02-09;-18.26;-17.02;-15.77;0.0;6.848;3.95;54.67
1981-02-10;-16.92;-15.94;-14.96;0.0;6.876;4.29;58.69
1981-02-11;-18.3;-16.18;-14.05;0.0;7.589;3.05;55.49
1981-02-12;-16.43;-10.96;-5.48;0.0;7.688;1.88;37.36
1981-02-13;-7.39;-3.69;0.02;0.0;5.664;3.84;72.57
1981-02-14;-1.81;-0.89;0.03;0.4;6.108;4.09;83.2
1981-02-15;-1.71;-0.32;1.06;0.0;6.726;5.1;79.51
1981-02-16;-4.25;-1.79;0.66;0.0;6.395;3.77;70.71
1981-02-17;-5.01;-2.43;0.15;0.0;7.451;3.53;65.06
1981-02-18;-5.68;-3.04;-0.41;4.36;3.855;4.44;83.86
1981-02-19;-8.25;-4.51;-0.77;0.0;8.204;2.61;56.13
1981-02-20;-9.7;-5.83;-1.96;0.0;9.287;1.28;40.3
1981-02-21;-8.4;-5.13;-1.86;0.14;5.551;2.62;59.17
1981-02-22;-9.08;-6.83;-4.58;0.0;9.749;4.17;54.67
1981-02-23;-9.83;-6.87;-3.91;0.0;8.191;2.95;44.47
1981-02-24;-9.25;-4.68;-0.11;0.0;8.103;2.9;60.35
1981-02-25;-9.06;-4.42;0.21;0.0;8.489;2.73;58.51
1981-02-26;-8.7;-3.94;0.82;0.54;8.511;3.97;59.78
1981-02-27;-2.54;-0.51;1.52;0.0;10.123;3.87;54.85
1981-02-28;-2.46;-0.27;1.92;0.0;8.239;4.17;59.05
1981-03-01;-2.39;0.46;3.32;0.0;8.277;5.55;50.99
1981-03-02;-0.15;1.93;4.0;0.0;6.515;5.46;42.71
1981-03-03;-1.56;0.89;3.34;0.0;10.554;3.78;41.81
1981-03-04;-2.09;0.05;2.18;0.0;8.535;3.37;42.59
1981-03-05;-1.67;-0.09;1.48;5.84;2.868;4.3;75.89
1981-03-06;-3.12;-1.26;0.6;5.4;5.32;6.8;72.98
1981-03-07;-7.15;-4.36;-1.57;0.26;6.513;5.87;52.37
1981-03-08;-8.2;-6.01;-3.82;0.0;13.236;6.13;22.54
1981-03-09;-8.76;-6.46;-4.17;0.0;12.805;4.72;23.76
1981-03-10;-8.12;-3.59;0.94;0.0;12.529;2.17;29.37
1981-03-11;-2.95;0.04;3.03;0.0;8.027;2.47;70.82
1981-03-12;-2.93;1.71;6.35;0.0;9.145;3.36;37.31
1981-03-13;-4.91;-0.47;3.98;0.0;13.296;1.37;35.0
1981-03-14;-0.94;0.67;2.27;0.6;5.713;2.15;71.89
1981-03-15;-0.79;4.9;10.59;0.0;8.104;3.06;55.07
1981-03-16;0.46;7.29;14.12;0.0;11.915;1.29;44.31
1981-03-17;-2.3;5.51;13.31;0.0;14.055;1.47;33.04
1981-03-18;1.85;9.17;16.49;2.23;10.924;4.06;44.44
1981-03-19;-1.17;3.15;7.46;0.0;15.043;1.38;31.75
1981-03-20;-0.86;5.24;11.33;0.61;12.186;3.33;42.41
1981-03-21;2.67;8.06;13.45;0.0;15.494;2.38;39.66
1981-03-22;2.1;9.57;17.04;0.0;12.637;3.61;39.33
1981-03-23;3.49;9.7;15.91;0.0;15.622;3.87;33.09
1981-03-24;3.44;7.04;10.63;9.5;3.334;1.99;64.94
1981-03-25;-0.78;4.49;9.75;0.0;11.07;2.22;40.37
1981-03-26;-3.34;1.98;7.29;0.0;17.036;2.55;29.23
1981-03-27;-0.54;3.05;6.64;0.0;17.04;3.85;31.83
1981-03-28;0.11;3.84;7.57;0.0;17.012;3.8;28.35
1981-03-29;-1.15;2.34;5.84;1.01;17.075;3.97;29.36
1981-03-30;0.67;4.75;8.84;0.01;13.182;2.69;41.99
1981-03-31;0.21;5.4;10.58;0.38;12.918;1.82;37.81
1981-04-01;0.1;8.43;16.76;0.0;15.353;3.78;26.56
1981-04-02;7.01;10.4;13.79;1.92;7.057;6.57;32.74
1981-04-03;0.5;7.38;14.27;0.0;18.803;3.19;32.99
1981-04-04;1.74;3.06;4.38;10.45;2.407;3.14;77.75
1981-04-05;3.32;6.22;9.12;0.0;18.817;6.24;29.44
1981-04-06;0.04;3.48;6.91;0.0;16.192;3.58;37.87
1981-04-07;-2.38;2.46;7.3;0.0;18.396;0.76;28.65
1981-04-08;-0.72;2.34;5.4;0.0;16.699;3.28;30.39
1981-04-09;-1.49;2.83;7.16;2.55;5.17;3.72;49.36
1981-04-10;-1.14;2.01;5.16;0.0;17.432;2.22;30.73
1981-04-11;-1.51;1.04;3.6;0.19;13.086;4.9;36.97
1981-04-12;-0.57;2.22;5.02;1.45;13.379;4.67;47.69
1981-04-13;-0.59;1.42;3.43;0.49;14.215;5.87;33.35
1981-04-14;-0.69;0.95;2.58;0.0;18.229;5.46;29.41
1981-04-15;-2.28;3.34;8.96;1.19;21.854;1.97;28.5
1981-04-16;0.62;5.23;9.84;0.0;11.329;4.52;48.1
1981-04-17;-2.78;1.19;5.16;0.0;20.587;2.17;27.34
1981-04-18;-3.05;2.97;8.98;0.0;20.91;2.17;26.29
1981-04-19;0.97;5.99;11.01;0.0;11.603;3.06;36.14
1981-04-20;3.3;8.49;13.68;0.0;21.813;2.69;37.96
1981-04-21;8.35;14.86;21.38;2.26;16.331;4.14;37.45
1981-04-22;10.71;15.37;20.02;0.0;15.77;2.93;49.03
1981-04-23;13.43;19.31;25.2;0.0;22.986;6.15;29.31
1981-04-24;5.27;12.23;19.2;2.14;10.314;6.58;26.71
1981-04-25;0.8;1.92;3.05;0.51;13.664;6.82;32.42
1981-04-26;-0.15;3.72;7.6;0.0;21.02;3.74;24.35
1981-04-27;4.71;9.06;13.41;0.0;16.168;2.94;27.73
1981-04-28;7.48;12.51;17.53;0.0;21.297;4.29;26.28
1981-04-29;7.05;12.61;18.16;0.19;16.934;5.98;25.95
1981-04-30;7.84;11.63;15.41;0.0;23.57;2.39;35.86
1981-05-01;6.97;11.32;15.67;0.0;20.283;1.56;29.58
1981-05-02;6.99;14.09;21.2;0.0;23.563;4.79;26.02
1981-05-03;7.65;10.7;13.74;9.21;11.803;5.46;50.26
1981-05-04;6.66;9.34;12.03;0.0;18.63;3.79;33.01
1981-05-05;6.18;9.76;13.34;0.39;16.227;5.3;37.83
1981-05-06;4.86;9.97;15.08;0.0;23.928;4.15;25.08
1981-05-07;6.35;13.29;20.23;2.3;10.913;5.14;34.64
1981-05-08;2.84;9.31;15.79;0.0;24.544;1.84;28.09
1981-05-09;5.16;9.39;13.62;0.0;18.591;3.32;38.64
1981-05-10;5.11;8.61;12.11;0.0;18.268;3.33;32.78
1981-05-11;2.14;6.67;11.2;0.0;20.414;2.19;32.69
1981-05-12;1.21;5.28;9.35;1.84;20.607;2.21;41.04
1981-05-13;1.79;6.08;10.37;0.0;22.214;3.03;31.28
1981-05-14;4.18;12.37;20.56;3.89;14.246;3.23;36.25
1981-05-15;10.94;18.03;25.12;0.0;25.05;3.93;28.84
1981-05-16;7.9;14.57;21.24;8.42;14.359;3.54;36.81
1981-05-17;6.48;9.12;11.75;0.0;22.548;4.59;36.06
1981-05-18;2.36;8.16;13.96;0.0;23.444;1.29;31.8
1981-05-19;1.19;9.53;17.86;0.0;25.612;0.98;29.35
1981-05-20;4.65;12.84;21.03;0.0;25.18;1.46;28.58
1981-05-21;10.74;14.64;18.55;2.58;13.306;2.65;53.67
1981-05-22;5.39;11.63;17.88;0.0;20.283;1.17;36.54
1981-05-23;4.15;11.91;19.68;1.06;16.884;1.46;36.73
1981-05-24;5.69;13.83;21.96;3.88;15.727;3.11;39.18
1981-05-25;5.69;12.69;19.68;3.51;10.788;1.81;51.12
1981-05-26;6.74;12.09;17.45;4.57;9.036;1.58;68.91
1981-05-27;8.21;13.15;18.09;3.56;13.808;2.39;58.08
1981-05-28;11.93;17.09;22.25;7.15;17.798;4.34;51.13
1981-05-29;9.26;13.39;17.52;10.32;9.973;5.54;58.06
1981-05-30;7.91;11.44;14.97;2.76;12.608;4.3;47.77
1981-05-31;9.96;10.55;11.15;7.9;2.083;3.59;89.39
1981-06-01;11.59;15.56;19.53;0.16;10.591;1.71;57.53
1981-06-02;12.02;15.81;19.61;0.03;24.183;3.56;45.59
1981-06-03;10.86;14.92;18.98;10.06;8.687;4.01;62.88
1981-06-04;7.79;10.93;14.06;0.0;19.095;3.37;39.8
1981-06-05;6.89;12.08;17.26;0.0;22.113;1.7;40.34
1981-06-06;8.03;15.29;22.55;0.0;24.389;1.9;34.39
1981-06-07;11.62;17.8;23.98;0.0;29.26;2.22;35.78
1981-06-08;10.17;16.97;23.77;0.0;24.671;1.17;38.88
1981-06-09;8.54;15.93;23.33;0.0;21.069;1.88;39.5
1981-06-10;8.67;15.29;21.91;2.04;14.929;2.18;40.34
1981-06-11;7.72;13.45;19.18;0.0;25.704;1.37;35.59
1981-06-12;7.52;15.31;23.11;0.0;28.674;1.56;32.23
1981-06-13;11.83;18.45;25.06;0.0;28.671;2.05;33.21
1981-06-14;12.61;19.14;25.68;0.0;28.868;1.9;33.13
1981-06-15;13.8;20.17;26.54;3.55;23.642;1.58;39.38
1981-06-16;15.56;21.56;27.56;15.22;8.98;1.11;38.75
1981-06-17;15.66;19.36;23.06;1.13;17.436;2.39;70.26
1981-06-18;13.53;15.09;16.65;9.99;2.328;3.34;87.86
1981-06-19;13.25;16.84;20.44;0.0;11.493;2.39;52.46
1981-06-20;12.56;18.58;24.6;0.9;20.491;2.06;42.6
1981-06-21;15.52;20.8;26.09;0.0;26.986;2.73;36.3
1981-06-22;13.86;19.62;25.37;10.59;13.5;1.45;54.2
1981-06-23;16.91;18.86;20.81;19.71;5.854;3.79;84.88
1981-06-24;16.52;20.5;24.49;0.0;22.378;3.22;60.52
1981-06-25;14.93;20.46;25.99;0.0;27.147;1.47;43.85
1981-06-26;14.99;20.63;26.27;1.62;23.242;2.57;43.81
1981-06-27;13.71;19.95;26.18;2.48;22.606;1.28;40.5
1981-06-28;13.31;18.55;23.8;0.0;20.606;2.33;62.08
1981-06-29;12.57;18.18;23.78;7.57;13.525;1.38;61.32
1981-06-30;14.72;19.66;24.59;0.0;27.288;1.16;43.73
1981-07-01;16.45;21.3;26.15;0.0;23.575;1.82;41.94
1981-07-02;15.87;20.89;25.92;0.0;27.759;1.56;42.55
1981-07-03;16.19;21.0;25.8;0.58;8.205;1.46;54.18
1981-07-04;16.05;21.34;26.63;1.44;18.153;1.41;44.08
1981-07-05;16.27;20.67;25.08;3.55;11.88;1.71;67.41
1981-07-06;12.02;18.41;24.8;0.0;25.034;1.69;42.54
1981-07-07;10.13;17.93;25.73;0.0;27.402;0.0;36.99
1981-07-08;16.01;21.69;27.37;9.86;22.661;2.1;40.38
1981-07-09;15.88;20.22;24.56;0.0;16.739;2.57;66.6
1981-07-10;13.92;19.61;25.3;0.0;27.495;1.38;37.39
1981-07-11;13.1;18.94;24.78;0.0;23.541;0.81;39.9
1981-07-12;13.55;19.47;25.39;0.0;19.639;0.17;42.05
1981-07-13;14.41;18.3;22.2;38.68;4.226;0.3;81.11
1981-07-14;13.5;18.59;23.68;0.0;20.624;1.37;53.17
1981-07-15;13.47;18.16;22.84;0.0;14.567;1.27;65.02
1981-07-16;12.46;18.61;24.76;0.0;21.655;0.0;43.94
1981-07-17;12.04;16.29;20.54;3.36;10.537;1.99;68.68
1981-07-18;10.74;17.39;24.03;0.0;25.042;1.27;36.4
1981-07-19;14.43;20.31;26.19;0.0;24.496;1.94;37.1
1981-07-20;13.76;19.45;25.13;0.0;22.693;2.49;44.33
1981-07-21;12.36;18.32;24.28;0.0;25.005;1.74;37.27
1981-07-22;11.62;18.77;25.91;0.0;24.208;1.27;35.84
1981-07-23;12.04;19.16;26.29;0.0;24.289;0.23;34.96
1981-07-24;16.43;22.28;28.13;0.0;22.071;2.21;37.98
1981-07-25;11.22;17.1;22.98;0.0;25.06;2.69;35.72
1981-07-26;9.54;15.41;21.28;0.0;22.184;1.57;33.85
1981-07-27;11.19;17.36;23.53;0.0;17.875;1.11;35.58
1981-07-28;11.34;15.44;19.54;1.3;4.664;1.18;69.96
1981-07-29;10.45;18.09;25.74;0.0;22.683;1.38;32.85
1981-07-30;8.87;15.44;22.01;0.0;24.386;3.23;30.46
1981-07-31;8.11;16.2;24.29;0.0;21.799;1.9;25.55
1981-08-01;13.2;18.32;23.45;0.0;8.669;3.35;36.96
1981-08-02;8.88;15.46;22.03;0.0;21.057;1.77;29.54
1981-08-03;7.37;15.59;23.81;0.0;23.085;0.77;27.67
1981-08-04;8.0;16.6;25.2;0.0;23.258;1.17;28.5
1981-08-05;14.27;20.1;25.93;0.0;15.962;2.2;33.89
1981-08-06;15.2;20.57;25.94;0.0;23.338;2.73;28.46
1981-08-07;13.74;19.86;25.97;0.0;23.471;2.18;26.43
1981-08-08;13.27;19.96;26.66;0.0;23.141;2.33;26.36
1981-08-09;16.24;21.3;26.36;0.0;14.381;1.9;30.16
1981-08-10;14.27;17.8;21.33;7.56;4.495;1.66;77.57
1981-08-11;12.69;18.73;24.76;0.0;23.134;1.45;29.33
1981-08-12;12.9;20.8;28.71;0.95;19.721;1.99;24.19
1981-08-13;14.11;20.5;26.89;0.0;21.713;1.31;35.68
1981-08-14;13.42;22.75;32.08;0.0;22.623;3.23;21.26
1981-08-15;11.53;17.6;23.67;0.0;22.525;3.32;24.88
1981-08-16;9.33;16.06;22.79;0.0;21.579;1.45;25.64
1981-08-17;7.69;15.67;23.65;0.0;22.719;1.53;23.94
1981-08-18;9.91;16.2;22.49;0.0;20.801;2.17;24.86
1981-08-19;8.07;15.14;22.22;0.0;20.803;1.97;24.0
1981-08-20;6.36;15.33;24.3;0.0;22.004;1.11;20.19
1981-08-21;15.12;19.97;24.83;0.0;10.169;2.65;24.96
1981-08-22;12.35;19.21;26.08;0.0;20.735;1.36;23.94
1981-08-23;16.3;24.23;32.17;0.0;18.84;3.41;14.01
1981-08-24;18.19;24.51;30.82;0.0;19.17;1.1;23.01
1981-08-25;18.94;24.69;30.43;0.42;15.701;2.18;26.09
1981-08-26;18.83;26.11;33.4;2.33;15.701;2.73;21.47
1981-08-27;18.43;24.98;31.54;3.07;17.307;2.17;23.99
1981-08-28;14.65;20.57;26.48;0.05;13.274;2.12;26.05
1981-08-29;13.26;18.82;24.39;0.0;18.795;2.39;23.93
1981-08-30;13.12;18.27;23.42;0.51;11.334;1.91;26.91
1981-08-31;12.55;16.55;20.54;2.08;8.238;2.76;47.49
1981-09-01;12.53;16.87;21.21;0.26;8.86;1.46;44.1
1981-09-02;15.7;20.13;24.56;0.0;9.806;1.67;25.57
1981-09-03;15.57;21.82;28.07;0.0;10.046;3.21;19.45
1981-09-04;16.82;23.61;30.39;0.0;18.241;3.36;14.04
1981-09-05;15.21;20.66;26.12;0.0;11.551;2.46;24.85
1981-09-06;14.49;19.18;23.88;0.0;12.782;2.81;33.21
1981-09-07;11.24;16.97;22.7;0.0;12.279;2.24;40.77
1981-09-08;10.03;17.11;24.19;4.41;13.929;2.17;30.47
1981-09-09;7.88;13.24;18.61;0.0;18.189;3.05;30.02
1981-09-10;6.73;13.6;20.46;0.0;14.877;1.37;27.47
1981-09-11;8.48;14.84;21.19;0.0;10.036;0.67;31.37
1981-09-12;10.08;17.84;25.61;0.0;16.035;1.84;22.72
1981-09-13;8.92;15.7;22.48;0.0;15.224;3.22;30.35
1981-09-14;5.81;14.28;22.75;0.0;17.504;1.08;19.48
1981-09-15;6.93;16.56;26.2;0.0;16.985;1.91;13.97
1981-09-16;12.78;20.13;27.49;0.0;16.248;3.06;14.04
1981-09-17;14.54;21.46;28.38;0.0;14.437;2.95;14.2
1981-09-18;7.39;15.79;24.2;1.37;8.783;2.81;26.02
1981-09-19;7.36;16.55;25.75;0.0;15.566;2.66;14.07
1981-09-20;10.43;15.29;20.14;0.15;13.535;3.14;33.24
1981-09-21;9.85;14.23;18.62;0.0;6.042;3.14;45.73
1981-09-22;10.58;17.23;23.88;3.2;11.079;2.84;24.47
1981-09-23;4.82;10.39;15.96;0.0;14.203;2.66;33.22
1981-09-24;2.23;8.68;15.13;0.09;12.09;1.69;33.55
1981-09-25;6.21;9.7;13.19;0.09;7.563;3.34;40.6
1981-09-26;5.48;8.67;11.86;0.0;10.711;1.9;27.69
1981-09-27;3.63;9.52;15.4;0.0;12.497;1.99;27.36
1981-09-28;4.67;12.8;20.92;0.0;14.368;3.22;19.28
1981-09-29;12.35;18.34;24.33;0.0;12.552;1.98;22.77
1981-09-30;13.4;18.73;24.05;0.0;12.132;1.51;26.15
1981-10-01;12.04;18.8;25.57;0.0;12.742;4.39;26.17
1981-10-02;15.71;21.13;26.55;0.0;11.715;5.42;23.69
1981-10-03;14.8;21.39;27.98;0.0;12.589;5.03;17.56
1981-10-04;14.5;20.36;26.21;0.0;12.804;2.92;19.31
1981-10-05;13.24;19.2;25.15;0.0;10.772;3.43;21.28
1981-10-06;12.78;14.68;16.58;5.0;1.804;2.18;81.43
1981-10-07;12.45;15.63;18.8;2.04;4.749;1.75;63.91
1981-10-08;6.86;12.07;17.28;1.0;5.524;3.33;55.87
1981-10-09;4.97;9.25;13.54;0.0;9.453;2.73;36.84
1981-10-10;7.16;11.89;16.62;0.0;5.855;2.1;39.44
1981-10-11;6.95;13.7;20.44;0.0;10.2;1.54;33.51
1981-10-12;9.33;15.91;22.5;0.0;11.432;3.15;30.14
1981-10-13;7.84;14.43;21.01;0.0;11.499;1.82;30.12
1981-10-14;4.75;12.95;21.14;0.0;10.555;1.42;29.33
1981-10-15;5.73;10.21;14.69;0.0;11.048;2.24;32.17
1981-10-16;8.44;10.96;13.48;0.0;4.309;1.99;50.83
1981-10-17;8.57;13.97;19.37;0.0;7.851;3.96;41.87
1981-10-18;6.82;11.15;15.48;1.02;4.456;4.52;54.1
1981-10-19;1.61;3.17;4.73;0.0;7.612;4.7;27.9
1981-10-20;0.52;3.98;7.44;4.95;3.792;3.57;55.9
1981-10-21;0.77;4.13;7.5;0.0;8.977;5.03;32.21
1981-10-22;-2.43;0.39;3.21;0.0;7.462;2.83;39.44
1981-10-23;-4.56;0.35;5.25;0.41;8.554;2.38;29.97
1981-10-24;4.6;12.57;20.54;2.3;7.09;4.71;39.27
1981-10-25;9.98;15.84;21.7;0.0;8.519;3.79;31.8
1981-10-26;10.01;16.52;23.02;0.0;7.741;4.17;30.13
1981-10-27;8.89;15.18;21.47;0.0;8.376;5.55;26.38
1981-10-28;0.01;4.83;9.66;0.0;7.623;3.73;28.91
1981-10-29;0.13;7.52;14.91;0.19;4.95;3.4;41.47
1981-10-30;12.58;16.93;21.28;0.0;6.525;3.56;51.21
1981-10-31;10.94;14.66;18.38;3.38;2.782;5.46;64.99
1981-11-01;3.54;6.63;9.72;0.0;5.943;4.47;40.32
1981-11-02;0.58;5.65;10.72;0.0;4.955;3.19;38.87
1981-11-03;-0.01;2.74;5.49;0.01;1.293;1.27;71.33
1981-11-04;1.08;6.02;10.96;0.0;4.515;1.84;42.79
1981-11-05;0.53;3.83;7.13;0.0;5.501;1.34;39.01
1981-11-06;3.23;4.57;5.91;0.0;2.967;2.81;41.91
1981-11-07;-0.86;0.69;2.23;0.0;2.643;3.8;60.52
1981-11-08;-2.52;-0.09;2.34;0.0;6.224;4.04;39.06
1981-11-09;-4.83;-1.9;1.04;0.0;5.994;3.14;53.33
1981-11-10;-3.34;-1.14;1.06;0.0;5.997;2.03;59.19
1981-11-11;-1.6;0.09;1.79;0.4;2.105;2.46;75.32
1981-11-12;-1.08;0.28;1.64;0.07;2.424;3.59;66.99
1981-11-13;-3.78;-1.98;-0.18;0.0;3.966;3.43;57.96
1981-11-14;-5.88;-4.17;-2.47;0.0;4.901;3.14;29.28
1981-11-15;-4.98;-1.14;2.71;1.34;2.236;3.97;70.94
1981-11-16;1.72;3.38;5.05;0.83;3.128;3.49;76.19
1981-11-17;-6.17;-1.56;3.05;0.0;5.016;2.57;32.86
1981-11-18;-6.38;-2.17;2.04;0.0;4.904;2.65;36.91
1981-11-19;3.59;4.09;4.6;0.51;2.461;3.8;70.68
1981-11-20;2.38;3.42;4.45;1.01;4.054;4.16;65.97
1981-11-21;3.2;4.71;6.23;0.0;3.226;5.81;51.09
1981-11-22;-3.81;-0.57;2.66;0.73;2.009;5.44;67.64
1981-11-23;-12.66;-8.27;-3.88;0.0;4.915;5.94;13.99
1981-11-24;-12.8;-9.68;-6.56;0.0;4.789;2.24;22.76
1981-11-25;-12.05;-8.07;-4.08;0.0;4.051;3.65;26.1
1981-11-26;-4.89;-1.7;1.48;0.4;4.226;3.65;71.77
1981-11-27;-0.08;0.86;1.81;0.0;3.327;3.42;84.53
1981-11-28;1.24;3.77;6.3;0.0;4.262;4.3;62.18
1981-11-29;-7.59;-3.18;1.23;0.0;4.437;2.92;24.97
1981-11-30;-7.61;-5.21;-2.82;0.0;4.258;2.92;19.59
1981-12-01;-2.63;-0.51;1.6;0.0;3.318;3.42;66.83
1981-12-02;-6.4;-3.17;0.07;0.0;4.66;2.45;44.46
1981-12-03;-7.09;-4.54;-2.0;0.0;3.893;1.78;75.53
1981-12-04;-5.65;-3.81;-1.97;0.0;4.539;1.85;77.51
1981-12-05;-3.95;-2.17;-0.38;0.0;2.881;1.94;78.97
1981-12-06;-1.98;-0.99;-0.01;0.0;2.756;1.8;77.85
1981-12-07;-2.47;-1.02;0.43;0.0;2.79;1.62;77.52
1981-12-08;-1.23;0.31;1.84;0.0;2.093;2.89;76.27
1981-12-09;-0.81;1.07;2.95;0.49;4.061;3.98;72.5
1981-12-10;2.21;2.21;2.2;2.73;1.267;5.01;89.38
1981-12-11;-0.39;1.11;2.62;0.0;2.881;2.83;79.26
1981-12-12;-1.08;0.23;1.54;0.05;1.826;2.35;80.46
1981-12-13;-2.03;1.22;4.47;1.07;1.588;3.35;67.02
1981-12-14;-0.02;3.06;6.14;0.0;2.169;4.63;63.83
1981-12-15;-1.21;0.88;2.97;0.0;3.927;3.74;47.35
1981-12-16;-3.97;-2.06;-0.16;1.45;3.816;1.66;74.88
1981-12-17;-5.2;-3.04;-0.88;0.81;2.592;2.14;77.81
1981-12-18;-5.63;-2.52;0.6;0.0;2.459;3.99;67.5
1981-12-19;1.09;2.45;3.81;0.15;2.629;5.55;75.25
1981-12-20;0.43;3.11;5.79;1.5;1.757;7.16;55.14
1981-12-21;-5.71;-2.96;-0.22;0.0;3.301;3.22;66.06
1981-12-22;-8.75;-6.46;-4.17;0.0;2.717;3.15;59.26
1981-12-23;-11.02;-8.78;-6.54;0.0;3.925;2.56;23.93
1981-12-24;-10.41;-4.96;0.49;6.84;1.238;6.21;51.11
1981-12-25;-1.87;-0.46;0.96;0.0;2.798;3.34;82.82
1981-12-26;-2.66;-0.35;1.97;2.08;2.988;3.79;66.33
1981-12-27;-0.73;0.7;2.12;0.0;3.764;3.1;81.34
1981-12-28;-1.54;-0.2;1.14;0.04;3.456;4.32;70.76
1981-12-29;0.63;2.08;3.54;0.0;2.712;5.15;68.31
1981-12-30;-4.01;-1.53;0.95;0.4;2.771;4.17;75.35
1981-12-31;-8.47;-6.2;-3.93;0.0;3.787;4.73;26.51
1982-01-01;-7.07;-4.58;-2.1;0.25;1.968;4.39;55.16
1982-01-02;-1.53;-0.53;0.48;0.0;2.595;3.42;78.87
1982-01-03;-1.92;-0.66;0.6;0.0;3.237;1.78;82.64
1982-01-04;-1.98;-0.58;0.82;0.0;2.792;2.56;79.88
1982-01-05;-2.0;-0.26;1.49;4.62;2.442;3.23;81.52
1982-01-06;-4.28;-1.41;1.46;7.75;1.882;2.56;83.24
1982-01-07;-4.76;-3.17;-1.59;0.31;2.998;3.74;73.69
1982-01-08;-8.21;-5.52;-2.83;0.0;3.534;0.5;70.96
1982-01-09;-8.76;-6.88;-4.99;0.0;3.97;1.18;56.85
1982-01-10;-8.3;-5.29;-2.27;0.42;2.203;4.12;51.58
1982-01-11;-6.46;-4.69;-2.91;0.0;3.849;3.21;84.68
1982-01-12;-6.02;-3.68;-1.35;0.0;2.905;2.94;77.16
1982-01-13;-7.89;-5.05;-2.22;0.73;3.932;3.52;75.7
1982-01-14;-4.36;-1.79;0.79;4.13;2.391;3.22;81.88
1982-01-15;0.55;1.38;2.2;0.37;2.958;5.55;66.94
1982-01-16;-3.0;-1.32;0.36;0.0;3.318;5.37;62.6
1982-01-17;-5.3;-4.07;-2.84;0.0;4.45;4.14;51.41
1982-01-18;-8.71;-3.88;0.96;5.83;1.23;4.73;80.78
1982-01-19;-11.6;-9.13;-6.65;0.0;4.463;5.74;36.88
1982-01-20;-11.95;-9.79;-7.63;0.0;4.382;2.74;37.85
1982-01-21;-10.84;-7.22;-3.61;5.05;3.133;3.5;63.14
1982-01-22;-11.86;-8.14;-4.43;0.0;3.775;4.73;62.97
1982-01-23;-18.37;-13.61;-8.85;0.0;4.754;1.91;46.55
1982-01-24;-18.98;-12.79;-6.61;0.0;5.335;1.75;28.33
1982-01-25;-9.71;-7.47;-5.23;0.0;5.317;3.04;79.23
1982-01-26;-9.71;-5.39;-1.07;0.52;3.895;3.57;65.72
1982-01-27;-3.02;-1.49;0.05;0.0;4.952;4.17;81.68
1982-01-28;-2.4;-1.17;0.07;0.0;4.627;3.57;85.97
1982-01-29;-6.79;-4.07;-1.34;0.0;5.041;3.35;77.23
1982-01-30;-7.59;-4.71;-1.84;0.0;5.745;2.67;69.86
1982-01-31;-7.73;-5.13;-2.54;0.0;5.526;2.67;79.68
1982-02-01;-5.08;-2.68;-0.28;0.53;6.308;4.71;85.3
1982-02-02;-10.05;-5.89;-1.73;0.0;5.994;1.99;56.25
1982-02-03;-10.54;-6.32;-2.1;0.15;3.958;1.81;67.81
1982-02-04;-10.72;-6.07;-1.42;3.82;3.255;3.25;72.56
1982-02-05;-12.82;-7.47;-2.13;0.0;5.104;5.64;47.76
1982-02-06;-14.62;-9.98;-5.34;0.4;6.91;3.43;24.86
1982-02-07;-7.19;-3.43;0.33;0.75;4.461;4.32;84.46
1982-02-08;-1.44;0.09;1.63;0.0;4.369;5.74;69.05
1982-02-09;-9.42;-5.67;-1.91;0.0;5.105;6.53;41.67
1982-02-10;-12.23;-9.63;-7.04;0.0;6.708;5.11;24.12
1982-02-11;-12.45;-8.38;-4.3;0.0;7.41;3.14;26.82
1982-02-12;-5.64;-2.26;1.12;0.88;3.869;5.11;80.43
1982-02-13;-6.08;-2.42;1.24;0.0;6.205;3.47;61.2
1982-02-14;-7.75;-4.81;-1.88;0.0;5.511;3.04;47.47
1982-02-15;-11.95;-8.71;-5.48;0.0;7.817;3.98;26.25
1982-02-16;-12.8;-7.07;-1.34;2.49;8.083;3.25;25.91
1982-02-17;-6.25;-3.77;-1.29;0.19;7.486;4.9;56.01
1982-02-18;-8.74;-5.52;-2.3;0.0;8.334;4.5;47.42
1982-02-19;-2.53;-0.94;0.64;0.0;4.491;4.18;81.88
1982-02-20;-0.74;0.43;1.6;0.0;9.19;3.87;70.47
1982-02-21;-1.04;0.96;2.96;0.0;8.707;5.27;59.49
1982-02-22;-1.89;-0.02;1.85;0.0;9.206;5.74;40.43
1982-02-23;-4.12;-1.41;1.3;0.0;8.921;3.78;32.18
1982-02-24;-3.47;1.76;6.99;0.0;8.881;4.39;42.45
1982-02-25;1.4;6.77;12.13;0.0;10.056;6.7;33.78
1982-02-26;-2.09;0.49;3.07;7.16;4.143;2.73;80.89
1982-02-27;-5.76;-2.25;1.25;0.0;10.36;2.08;35.02
1982-02-28;-7.72;-5.04;-2.36;4.53;7.741;6.07;43.32
1982-03-01;-9.9;-6.1;-2.29;0.78;11.213;4.65;36.06
1982-03-02;-9.75;-7.04;-4.33;0.0;9.87;6.68;43.47
1982-03-03;-9.84;-4.63;0.58;0.58;4.242;3.81;59.99
1982-03-04;0.71;2.08;3.44;0.04;6.053;5.45;66.88
1982-03-05;-2.53;0.01;2.55;0.0;7.882;3.43;56.6
1982-03-06;-3.22;0.41;4.05;0.0;10.404;3.48;45.57
1982-03-07;-0.4;4.56;9.52;0.0;8.131;3.8;41.81
1982-03-08;-2.57;4.26;11.1;0.0;10.812;2.91;36.96
1982-03-09;3.59;8.89;14.2;0.0;12.451;7.23;38.24
1982-03-10;7.38;12.09;16.81;0.0;11.623;7.17;35.56
1982-03-11;7.08;10.93;14.77;0.96;6.744;4.49;54.78
1982-03-12;4.69;5.17;5.65;3.56;3.243;2.21;79.8
1982-03-13;1.6;9.6;17.59;1.72;11.423;4.82;32.71
1982-03-14;-4.75;-0.52;3.7;0.0;13.404;1.98;39.03
1982-03-15;-6.26;-1.3;3.66;0.0;14.212;0.15;28.87
1982-03-16;-2.07;4.21;10.5;0.0;13.754;3.43;26.23
1982-03-17;3.32;4.3;5.28;6.64;2.709;3.88;80.89
1982-03-18;0.44;2.57;4.69;0.0;8.071;2.73;66.85
1982-03-19;-3.94;-0.46;3.03;0.0;15.925;2.8;36.01
1982-03-20;-5.92;-1.75;2.42;0.0;16.264;0.78;27.76
1982-03-21;-6.14;-1.72;2.7;0.0;16.268;1.1;26.25
1982-03-22;-5.66;-2.25;1.15;1.11;5.667;1.1;56.39
1982-03-23;-5.32;-2.19;0.94;0.0;15.735;3.08;27.69
1982-03-24;-6.46;-2.92;0.61;0.0;15.149;1.69;26.96
1982-03-25;-7.06;-2.42;2.21;0.0;17.129;2.18;26.52
1982-03-26;-0.23;1.8;3.83;4.27;7.396;4.16;74.16
1982-03-27;-0.5;0.96;2.42;1.69;3.198;3.4;82.0
1982-03-28;-1.86;3.67;9.2;0.09;17.279;2.0;39.48
1982-03-29;3.49;5.84;8.2;9.82;3.131;2.75;80.48
1982-03-30;1.11;4.66;8.21;0.62;3.696;3.57;75.87
1982-03-31;0.16;3.87;7.58;3.95;7.722;2.01;50.74
1982-04-01;-1.42;5.16;11.73;0.0;15.193;2.5;34.63
1982-04-02;4.63;10.13;15.63;0.0;18.003;3.57;29.96
1982-04-03;5.81;10.74;15.67;0.0;16.942;3.06;31.99
1982-04-04;5.71;12.05;18.39;0.0;18.242;2.69;35.65
1982-04-05;9.33;14.36;19.39;0.0;15.813;5.62;31.9
1982-04-06;6.99;14.75;22.5;0.0;18.279;3.59;30.11
1982-04-07;6.79;12.95;19.11;0.0;18.897;4.49;28.15
1982-04-08;3.13;9.74;16.36;0.0;18.92;2.26;30.72
1982-04-09;1.01;8.6;16.19;0.97;13.306;0.73;36.11
1982-04-10;3.03;9.92;16.8;0.0;19.564;2.1;30.18
1982-04-11;6.81;13.01;19.21;5.06;19.723;5.54;29.3
1982-04-12;4.61;9.88;15.14;0.0;20.1;2.38;40.95
1982-04-13;1.75;7.13;12.51;0.0;17.607;2.68;30.36
1982-04-14;0.34;7.25;14.15;0.0;15.72;1.41;32.58
1982-04-15;5.09;10.33;15.57;0.0;16.555;1.09;42.91
1982-04-16;10.23;13.06;15.89;0.0;7.675;3.78;66.98
1982-04-17;7.83;13.29;18.75;0.24;9.324;3.36;50.37
1982-04-18;7.87;14.59;21.31;0.0;13.777;3.78;39.53
1982-04-19;9.32;16.09;22.87;0.2;21.317;3.56;33.12
1982-04-20;7.4;14.82;22.24;0.0;20.899;1.98;29.06
1982-04-21;7.6;13.8;20.0;0.0;22.44;1.74;33.44
1982-04-22;5.51;10.98;16.46;1.65;15.505;2.4;46.63
1982-04-23;3.09;10.74;18.4;0.47;15.965;1.98;34.1
1982-04-24;7.2;10.42;13.64;4.56;7.006;3.61;74.28
1982-04-25;5.77;10.7;15.63;6.33;8.956;2.52;55.09
1982-04-26;3.52;8.76;14.0;0.0;7.197;3.15;65.18
1982-04-27;0.92;9.43;17.93;0.0;20.919;2.48;40.49
1982-04-28;8.06;14.11;20.15;1.69;18.903;3.95;33.2
1982-04-29;7.59;11.83;16.07;1.69;9.431;3.14;52.44
1982-04-30;5.61;11.24;16.87;0.93;15.0;1.97;46.53
1982-05-01;3.55;11.07;18.59;2.72;18.999;1.17;41.54
1982-05-02;5.88;11.15;16.43;2.3;10.958;1.36;62.53
1982-05-03;5.78;11.65;17.52;0.0;20.536;2.73;34.97
1982-05-04;6.84;12.51;18.18;0.51;18.837;3.43;48.89
1982-05-05;7.89;13.9;19.91;0.38;19.496;3.2;42.7
1982-05-06;6.97;14.92;22.87;1.07;20.112;3.35;30.16
1982-05-07;3.2;9.83;16.47;0.0;18.103;4.31;36.12
1982-05-08;1.59;4.27;6.94;1.24;5.928;2.77;59.1
1982-05-09;1.06;3.16;5.25;2.81;18.676;6.79;33.08
1982-05-10;2.88;6.07;9.26;1.91;12.699;5.18;44.36
1982-05-11;4.75;7.41;10.06;4.82;16.089;3.22;56.1
1982-05-12;4.55;8.88;13.21;0.0;13.777;2.89;48.94
1982-05-13;2.79;7.3;11.81;1.04;12.871;1.9;58.86
1982-05-14;5.85;10.46;15.06;0.0;23.776;2.02;35.13
1982-05-15;7.23;13.34;19.45;1.72;20.6;2.74;38.02
1982-05-16;5.35;11.85;18.35;2.66;18.567;2.48;52.44
1982-05-17;5.69;9.52;13.34;0.0;23.154;4.13;41.25
1982-05-18;3.07;7.09;11.12;0.0;19.042;3.47;32.7
1982-05-19;1.91;10.54;19.18;0.0;25.796;3.54;26.21
1982-05-20;12.13;17.43;22.74;0.0;21.513;4.72;26.59
1982-05-21;10.91;16.34;21.77;0.0;24.055;2.56;42.54
1982-05-22;7.71;13.23;18.75;0.0;23.898;3.34;38.21
1982-05-23;6.1;10.45;14.8;0.0;20.918;2.94;36.46
1982-05-24;2.13;8.53;14.92;0.0;21.579;2.23;32.21
1982-05-25;0.91;8.26;15.61;0.0;19.235;1.11;30.89
1982-05-26;0.61;8.82;17.03;0.0;19.414;0.69;29.32
1982-05-27;8.47;12.25;16.04;0.0;16.365;1.82;42.85
1982-05-28;8.06;13.05;18.04;0.0;21.594;1.43;37.8
1982-05-29;9.98;14.13;18.29;0.0;15.294;2.07;53.01
1982-05-30;11.26;13.84;16.42;0.0;13.633;3.79;44.58
1982-05-31;6.67;8.54;10.4;0.0;18.69;4.57;26.23
1982-06-01;3.57;7.21;10.84;0.0;18.194;2.94;32.66
1982-06-02;2.46;8.61;14.76;0.0;22.936;1.57;31.93
1982-06-03;5.61;14.39;23.18;0.0;28.541;1.54;26.64
1982-06-04;9.78;17.28;24.78;0.0;27.923;2.47;26.19
1982-06-05;13.33;19.38;25.42;0.0;28.015;3.44;24.11
1982-06-06;13.39;19.63;25.88;0.0;27.324;2.67;24.54
1982-06-07;12.43;19.33;26.23;0.0;29.193;2.49;24.24
1982-06-08;12.88;19.55;26.21;0.0;24.783;2.38;24.35
1982-06-09;11.81;18.05;24.28;3.38;18.836;0.67;44.79
1982-06-10;10.47;14.8;19.14;0.88;11.185;3.19;50.93
1982-06-11;8.75;14.06;19.38;0.0;29.473;2.16;26.38
1982-06-12;12.52;18.86;25.2;0.44;8.643;3.43;23.88
1982-06-13;15.99;19.04;22.08;7.84;6.408;1.99;64.06
1982-06-14;13.23;16.65;20.07;8.21;7.541;2.61;83.9
1982-06-15;10.74;16.72;22.7;0.0;20.7;2.66;38.33
1982-06-16;8.0;13.78;19.55;0.0;24.342;1.7;32.26
1982-06-17;8.32;14.97;21.62;0.17;15.225;2.09;38.67
1982-06-18;15.47;21.03;26.59;2.05;24.258;3.39;24.12
1982-06-19;12.14;17.41;22.69;0.0;31.158;2.15;36.94
1982-06-20;10.77;15.55;20.34;0.0;28.586;2.56;31.03
1982-06-21;10.25;16.4;22.55;0.0;30.364;1.97;26.5
1982-06-22;12.52;19.75;26.99;0.0;27.468;1.11;25.52
1982-06-23;14.56;20.02;25.48;0.0;24.609;2.16;34.96
1982-06-24;14.56;20.75;26.93;6.8;15.521;2.56;32.57
1982-06-25;13.19;17.65;22.11;0.0;21.676;3.28;33.77
1982-06-26;12.26;18.0;23.73;0.87;28.461;1.28;31.41
1982-06-27;12.52;16.09;19.66;9.94;6.815;2.46;76.29
1982-06-28;11.72;17.15;22.58;0.0;22.061;2.23;40.76
1982-06-29;12.57;18.41;24.24;0.0;22.464;1.31;35.6
1982-06-30;11.3;18.29;25.28;0.0;24.669;1.32;27.83
1982-07-01;13.12;19.39;25.66;0.0;27.764;1.46;25.67
1982-07-02;11.96;18.92;25.88;0.0;24.481;1.58;26.06
1982-07-03;12.7;19.48;26.26;0.0;22.325;1.29;28.14
1982-07-04;16.29;22.8;29.3;1.79;22.448;2.24;27.32
1982-07-05;13.09;19.18;25.26;0.0;28.873;2.97;28.8
1982-07-06;11.15;18.29;25.43;0.0;28.276;1.29;23.86
1982-07-07;18.28;22.36;26.44;0.0;19.017;3.26;21.58
1982-07-08;14.77;20.31;25.86;0.0;24.383;3.16;22.51
1982-07-09;12.81;18.55;24.29;0.0;27.731;2.33;22.79
1982-07-10;11.1;18.08;25.06;0.0;28.167;1.55;22.49
1982-07-11;10.61;18.55;26.49;4.04;23.395;1.48;24.13
1982-07-12;14.58;19.73;24.89;0.87;18.187;1.33;32.87
1982-07-13;11.83;17.38;22.92;0.0;24.167;2.24;26.53
1982-07-14;10.55;16.71;22.87;0.61;9.177;2.63;36.83
1982-07-15;10.47;18.66;26.85;0.56;23.991;1.82;24.83
1982-07-16;14.63;21.06;27.49;2.44;20.486;0.82;34.6
1982-07-17;14.1;20.29;26.48;0.0;25.758;1.84;26.0
1982-07-18;13.12;19.75;26.39;0.0;24.684;1.9;24.15
1982-07-19;11.44;19.68;27.93;0.73;22.658;0.67;26.41
1982-07-20;18.11;21.99;25.88;10.72;9.056;0.78;59.86
1982-07-21;17.12;20.64;24.16;0.0;13.765;3.33;44.64
1982-07-22;16.4;20.23;24.06;0.0;16.959;2.49;35.77
1982-07-23;17.51;21.97;26.43;0.0;24.297;0.4;25.54
1982-07-24;17.48;22.09;26.7;0.0;20.106;2.76;35.09
1982-07-25;18.19;24.0;29.8;0.0;19.007;1.41;32.1
1982-07-26;18.27;22.2;26.12;3.87;11.64;2.64;56.86
1982-07-27;16.81;21.9;26.99;0.0;23.44;1.39;26.32
1982-07-28;18.27;21.41;24.54;2.76;5.299;1.8;56.81
1982-07-29;17.1;18.75;20.39;18.4;2.625;2.64;90.02
1982-07-30;17.52;21.64;25.77;9.02;15.093;3.44;60.0
1982-07-31;18.15;22.52;26.9;2.48;21.595;2.95;51.43
1982-08-01;17.47;22.51;27.55;8.77;21.506;1.92;46.74
1982-08-02;16.64;21.48;26.31;0.0;19.683;1.57;53.94
1982-08-03;14.99;20.69;26.39;1.3;18.666;0.78;48.22
1982-08-04;15.8;21.3;26.79;15.45;13.462;0.15;64.67
1982-08-05;18.13;21.72;25.31;0.26;12.427;2.17;67.76
1982-08-06;16.78;20.59;24.41;0.0;19.327;3.56;50.13
1982-08-07;11.92;18.07;24.22;0.0;23.213;2.23;36.07
1982-08-08;11.34;18.49;25.64;2.46;20.085;1.38;37.12
1982-08-09;18.38;22.29;26.19;8.18;12.055;1.75;54.68
1982-08-10;16.26;19.69;23.12;0.0;22.493;2.9;44.33
1982-08-11;15.03;18.48;21.93;0.0;14.275;2.18;40.67
1982-08-12;13.64;19.64;25.64;0.0;17.656;2.18;38.87
1982-08-13;15.86;20.66;25.46;11.06;5.313;3.44;60.46
1982-08-14;14.93;17.16;19.39;0.0;16.822;4.39;58.8
1982-08-15;14.14;16.97;19.8;0.0;11.702;3.08;43.23
1982-08-16;11.74;16.11;20.48;0.0;15.491;2.45;41.81
1982-08-17;13.91;18.57;23.24;0.0;20.771;1.17;37.18
1982-08-18;13.77;19.24;24.72;0.0;20.923;2.74;32.54
1982-08-19;13.85;19.53;25.21;0.0;21.382;2.88;26.1
1982-08-20;11.25;18.04;24.83;1.15;16.122;1.98;36.58
1982-08-21;13.9;17.93;21.97;0.0;12.272;3.43;46.14
1982-08-22;11.73;17.5;23.26;0.0;19.699;2.09;32.01
1982-08-23;12.1;15.31;18.52;26.72;1.575;2.56;83.46
1982-08-24;11.69;16.13;20.56;0.0;19.445;3.5;44.84
1982-08-25;10.16;16.07;21.99;0.0;17.196;0.15;39.37
1982-08-26;9.76;16.5;23.24;0.0;20.291;1.06;35.57
1982-08-27;12.29;18.43;24.58;0.0;18.85;1.77;36.83
1982-08-28;14.64;20.3;25.95;0.0;19.921;2.94;29.7
1982-08-29;15.45;19.54;23.63;0.0;13.005;2.16;49.21
1982-08-30;14.17;19.48;24.79;0.0;17.606;1.27;44.45
1982-08-31;15.7;21.8;27.9;0.0;18.635;1.89;31.0
1982-09-01;15.36;21.52;27.68;0.0;19.142;2.22;26.44
1982-09-02;14.7;21.3;27.91;0.0;20.164;2.68;25.56
1982-09-03;12.56;18.69;24.82;0.0;19.015;1.76;27.35
1982-09-04;15.84;22.36;28.88;0.0;18.491;3.22;23.72
1982-09-05;13.58;19.85;26.12;0.0;15.256;1.45;39.86
1982-09-06;16.46;23.52;30.59;0.0;18.014;2.46;25.28
1982-09-07;16.47;23.43;30.39;0.0;17.722;1.79;26.47
1982-09-08;15.3;20.95;26.6;0.0;17.543;2.95;26.58
1982-09-09;12.79;18.55;24.3;0.0;18.142;1.76;30.16
1982-09-10;11.25;18.34;25.42;0.0;18.198;2.17;24.97
1982-09-11;10.64;18.27;25.89;0.0;17.957;2.16;23.95
1982-09-12;11.24;18.36;25.48;0.0;17.024;2.38;24.65
1982-09-13;12.59;18.72;24.85;0.0;16.318;2.57;26.01
1982-09-14;10.78;18.02;25.25;0.0;16.717;2.17;24.12
1982-09-15;11.16;18.79;26.42;0.0;16.409;2.13;20.0
1982-09-16;9.2;18.52;27.83;0.0;16.677;0.67;14.22
1982-09-17;11.69;19.3;26.91;0.0;11.177;0.83;19.13
1982-09-18;9.59;16.44;23.29;0.0;13.988;3.22;31.67
1982-09-19;4.98;12.88;20.78;0.0;11.734;1.17;32.76
1982-09-20;4.73;12.69;20.64;0.0;13.109;2.04;30.6
1982-09-21;3.82;13.82;23.83;0.28;16.251;1.11;23.46
1982-09-22;11.38;16.79;22.19;0.0;12.079;2.95;37.17
1982-09-23;10.26;16.84;23.42;0.0;13.928;1.64;26.62
1982-09-24;15.14;22.79;30.43;0.0;13.988;3.33;20.75
1982-09-25;16.38;22.65;28.92;5.53;13.692;3.78;25.62
1982-09-26;10.8;17.21;23.62;0.0;14.24;1.77;37.81
1982-09-27;10.09;16.05;22.0;0.0;13.221;0.22;35.71
1982-09-28;9.84;16.98;24.12;0.0;11.864;1.27;29.99
1982-09-29;13.82;20.08;26.34;0.0;12.284;1.99;24.2
1982-09-30;12.03;19.13;26.23;0.0;12.483;2.0;19.6
1982-10-01;10.41;18.38;26.34;0.0;10.539;1.98;23.86
1982-10-02;4.89;10.22;15.56;0.0;11.994;3.97;30.06
1982-10-03;3.55;8.45;13.34;0.0;11.969;1.95;24.48
1982-10-04;3.62;8.88;14.13;0.0;11.851;2.85;28.84
1982-10-05;8.09;11.36;14.62;0.0;5.161;1.81;46.03
1982-10-06;9.86;14.61;19.36;0.81;11.642;4.87;23.72
1982-10-07;5.23;7.75;10.26;0.0;9.742;3.99;41.41
1982-10-08;2.49;4.63;6.78;0.0;8.014;4.45;33.11
1982-10-09;2.19;3.92;5.64;0.58;6.286;4.53;42.57
1982-10-10;5.09;6.13;7.17;2.98;1.891;4.68;81.96
1982-10-11;8.53;9.5;10.47;0.56;1.623;3.49;84.66
1982-10-12;1.92;3.93;5.94;0.0;8.241;4.53;38.68
1982-10-13;0.79;4.29;7.78;1.79;2.497;3.79;59.36
1982-10-14;2.37;5.29;8.21;1.55;4.765;4.41;69.66
1982-10-15;-1.84;0.13;2.11;0.05;5.72;4.5;46.88
1982-10-16;-3.21;-0.42;2.38;0.0;7.957;3.59;39.36
1982-10-17;-2.66;0.89;4.44;0.0;4.128;2.84;43.81
1982-10-18;-2.23;4.38;10.99;0.0;8.694;2.56;26.33
1982-10-19;0.51;7.76;15.02;0.0;8.811;2.17;26.05
1982-10-20;0.88;8.82;16.76;0.0;8.58;2.99;29.6
1982-10-21;4.23;10.13;16.03;0.0;4.811;3.14;51.11
1982-10-22;3.32;8.19;13.05;0.0;8.375;2.44;40.9
1982-10-23;5.17;10.91;16.66;0.0;8.348;3.43;26.62
1982-10-24;7.73;12.93;18.12;0.0;5.22;5.45;41.26
1982-10-25;4.87;9.96;15.05;1.3;2.688;4.09;65.31
1982-10-26;4.6;11.58;18.56;5.47;4.515;4.39;45.11
1982-10-27;6.19;10.1;14.0;10.41;5.041;4.61;55.82
1982-10-28;1.75;3.04;4.34;0.0;6.909;3.51;50.2
1982-10-29;-0.16;3.31;6.78;0.0;7.849;2.48;53.1
1982-10-30;5.1;7.89;10.69;0.0;5.362;2.83;66.03
1982-10-31;5.86;6.77;7.67;3.56;2.544;4.14;81.38
1982-11-01;0.62;2.05;3.48;0.3;3.434;6.95;47.07
1982-11-02;-2.89;-0.68;1.54;0.0;5.451;4.17;40.01
1982-11-03;-3.7;0.33;4.36;0.0;4.366;2.18;62.3
1982-11-04;4.63;8.16;11.7;0.0;6.326;2.9;55.16
1982-11-05;3.35;4.62;5.89;2.68;6.255;4.27;61.13
1982-11-06;-0.32;1.41;3.14;0.04;6.459;3.4;47.28
1982-11-07;3.2;6.01;8.81;0.44;3.549;3.58;65.54
1982-11-08;4.61;7.98;11.36;0.0;5.676;2.91;63.28
1982-11-09;6.17;10.12;14.06;0.0;6.644;3.36;48.2
1982-11-10;5.28;9.73;14.18;0.0;5.85;3.85;48.27
1982-11-11;8.68;12.99;17.3;0.0;5.561;4.02;42.96
1982-11-12;1.65;5.78;9.91;5.84;1.069;0.67;80.85
1982-11-13;3.12;7.41;11.7;0.0;1.93;1.99;75.82
1982-11-14;5.86;9.72;13.59;0.0;5.823;3.4;51.95
1982-11-15;4.25;9.54;14.82;0.0;5.821;2.92;56.98
1982-11-16;4.86;8.02;11.18;0.76;2.373;3.59;78.52
1982-11-17;-0.87;1.43;3.73;0.0;4.93;1.83;70.04
1982-11-18;-1.24;0.85;2.93;0.0;4.899;2.5;55.36
1982-11-19;-1.08;1.44;3.96;0.0;4.808;3.14;53.54
1982-11-20;-5.9;-1.59;2.72;0.0;4.849;2.23;45.23
1982-11-21;-5.59;-1.34;2.9;0.0;4.882;3.84;51.51
1982-11-22;4.11;6.13;8.16;0.0;4.556;3.72;69.14
1982-11-23;0.08;3.8;7.52;0.0;4.523;2.7;62.28
1982-11-24;-0.76;3.51;7.78;0.0;4.289;2.95;57.68
1982-11-25;4.05;7.31;10.58;0.0;4.986;4.53;57.53
1982-11-26;5.12;5.52;5.91;0.32;1.921;4.54;74.11
1982-11-27;4.49;5.75;7.02;2.85;0.594;5.32;68.73
1982-11-28;4.71;6.91;9.12;0.0;3.541;3.81;75.22
1982-11-29;4.33;6.78;9.23;2.2;0.967;4.33;79.37
1982-11-30;-0.06;2.96;5.97;0.0;4.031;0.97;64.31
1982-12-01;-0.26;1.08;2.43;6.13;1.943;2.33;80.75
1982-12-02;-3.23;-1.0;1.23;1.26;4.16;3.19;61.5
1982-12-03;-0.38;1.71;3.79;8.93;4.056;5.18;70.21
1982-12-04;-2.8;-1.26;0.28;0.0;3.993;2.84;65.58
1982-12-05;-4.48;-1.85;0.78;3.2;3.747;3.3;67.6
1982-12-06;-4.42;-1.83;0.76;0.0;3.256;2.24;77.56
1982-12-07;-6.15;-4.17;-2.19;0.0;3.681;1.68;69.83
1982-12-08;-7.0;-4.88;-2.75;0.0;3.824;1.28;67.89
1982-12-09;-6.02;-4.4;-2.79;0.0;3.294;1.1;73.32
1982-12-10;-7.29;-5.66;-4.03;0.0;3.164;1.1;73.74
1982-12-11;-7.6;-5.31;-3.02;0.0;3.822;3.06;64.82
1982-12-12;-9.25;-6.9;-4.55;0.0;3.842;2.74;41.07
1982-12-13;-9.88;-7.11;-4.33;0.0;4.285;2.95;42.82
1982-12-14;-9.66;-7.29;-4.92;0.0;4.304;3.88;23.55
1982-12-15;-10.97;-8.64;-6.31;0.0;3.825;3.78;23.8
1982-12-16;-12.09;-9.38;-6.67;0.0;3.923;3.06;15.56
1982-12-17;-12.1;-9.36;-6.62;0.0;3.845;2.63;19.24
1982-12-18;-11.96;-9.3;-6.65;0.0;3.483;2.17;28.85
1982-12-19;-11.02;-8.18;-5.33;0.0;2.961;2.23;59.01
1982-12-20;-12.2;-9.33;-6.46;0.0;2.875;2.96;61.79
1982-12-21;-13.87;-10.93;-7.99;0.0;3.257;3.33;50.21
1982-12-22;-14.22;-10.41;-6.6;0.0;3.618;3.23;27.67
1982-12-23;-16.13;-11.98;-7.84;0.0;3.722;1.39;24.33
1982-12-24;-16.61;-11.57;-6.54;0.0;3.866;0.76;25.66
1982-12-25;-12.76;-9.59;-6.43;0.0;3.445;2.15;49.9
1982-12-26;-12.26;-8.48;-4.71;0.0;3.148;2.23;46.55
1982-12-27;-8.88;-5.54;-2.21;0.0;3.503;2.95;70.04
1982-12-28;-3.78;-1.58;0.62;0.0;1.84;4.32;81.08
1982-12-29;-7.18;-3.78;-0.38;0.0;2.643;2.5;71.64
1982-12-30;-7.19;-4.42;-1.65;2.83;1.299;2.48;83.89
1982-12-31;-5.71;-2.67;0.37;0.0;2.638;2.71;83.92
1983-01-01;-1.13;0.26;1.65;0.89;2.767;5.54;81.08
1983-01-02;-2.07;-0.09;1.89;0.0;3.724;3.73;67.98
1983-01-03;-1.17;0.77;2.7;2.37;2.616;3.56;76.17
1983-01-04;0.22;1.01;1.79;0.32;2.836;8.37;63.39
1983-01-05;-2.3;-1.29;-0.28;0.0;3.426;3.96;71.53
1983-01-06;-1.83;-0.51;0.81;1.35;4.109;2.57;80.56
1983-01-07;-0.09;1.02;2.13;3.3;2.352;2.42;81.01
1983-01-08;-0.73;0.78;2.3;0.0;1.903;2.24;77.21
1983-01-09;0.56;2.02;3.48;5.68;2.57;4.92;79.92
1983-01-10;-1.9;-0.13;1.65;0.05;4.292;5.11;61.05
1983-01-11;1.83;3.46;5.08;0.0;1.889;5.02;79.53
1983-01-12;-0.57;0.94;2.45;0.0;3.407;4.07;69.59
1983-01-13;-2.61;-0.92;0.76;0.0;2.97;2.91;81.0
1983-01-14;0.2;1.08;1.96;0.0;4.077;2.85;77.03
1983-01-15;1.88;3.44;5.01;0.0;3.219;4.27;66.95
1983-01-16;1.33;4.88;8.42;0.18;3.71;3.99;63.03
1983-01-17;5.75;6.3;6.85;6.91;2.462;2.85;86.96
1983-01-18;-1.41;1.38;4.17;0.0;4.238;1.9;67.95
1983-01-19;-4.59;-3.06;-1.53;0.0;3.683;5.1;48.23
1983-01-20;-5.05;-2.51;0.03;2.53;4.774;4.84;40.79
1983-01-21;0.79;2.75;4.7;1.03;1.321;6.55;71.44
1983-01-22;0.43;2.19;3.94;0.97;4.352;5.77;46.96
1983-01-23;0.51;3.0;5.48;0.07;4.531;5.97;41.27
1983-01-24;-1.21;3.27;7.74;1.97;4.294;5.64;44.2
1983-01-25;-7.24;-4.61;-1.97;0.0;4.977;3.49;30.52
1983-01-26;-8.55;-6.93;-5.3;0.0;5.559;4.11;23.84
1983-01-27;-12.12;-9.24;-6.37;0.0;5.105;4.91;25.51
1983-01-28;-11.95;-8.18;-4.41;0.0;5.075;3.67;22.5
1983-01-29;-10.79;-7.44;-4.09;0.0;6.248;0.68;36.07
1983-01-30;-10.74;-7.38;-4.01;0.0;5.467;2.47;32.89
1983-01-31;-7.43;-4.04;-0.64;0.0;4.071;5.03;42.92
1983-02-01;-5.23;-1.7;1.84;0.0;6.292;4.88;55.32
1983-02-02;0.47;1.1;1.74;8.44;1.864;2.96;83.71
1983-02-03;-1.61;0.09;1.79;9.56;1.68;3.14;84.23
1983-02-04;-4.32;-1.05;2.23;0.41;5.712;4.21;63.23
1983-02-05;0.69;5.19;9.7;3.32;5.85;5.2;58.56
1983-02-06;-3.08;-0.79;1.5;0.0;6.259;2.82;61.55
1983-02-07;-5.87;-3.08;-0.29;0.0;6.625;2.47;39.56
1983-02-08;-3.99;-0.99;2.02;0.0;5.143;5.14;45.01
1983-02-09;-2.24;0.23;2.71;0.0;6.872;3.65;52.69
1983-02-10;-1.32;0.85;3.02;0.0;6.458;2.07;63.56
1983-02-11;-4.82;-1.65;1.53;0.0;5.463;1.79;64.3
1983-02-12;-6.92;-3.87;-0.82;0.0;7.139;1.26;66.17
1983-02-13;-7.15;-4.13;-1.11;0.0;7.422;0.77;64.98
1983-02-14;-6.78;-3.58;-0.37;0.0;7.209;1.89;63.66
1983-02-15;-5.52;-2.88;-0.25;0.0;6.701;0.15;67.47
1983-02-16;-6.15;-3.16;-0.16;0.0;6.114;1.67;50.98
1983-02-17;-6.15;-2.86;0.43;0.0;7.827;2.73;44.87
1983-02-18;-6.82;-2.79;1.23;0.0;8.154;0.68;50.49
1983-02-19;-5.06;-1.31;2.44;0.0;6.347;2.68;56.21
1983-02-20;-0.83;2.4;5.63;0.0;8.198;3.56;49.31
1983-02-21;-1.07;0.43;1.93;0.4;7.952;3.8;48.12
1983-02-22;0.99;3.98;6.97;1.93;6.689;3.67;63.95
1983-02-23;-2.16;0.55;3.26;0.0;7.411;7.23;32.8
1983-02-24;-4.1;0.05;4.2;0.0;8.401;2.56;41.43
1983-02-25;-4.05;-0.49;3.07;0.52;2.379;2.93;68.74
1983-02-26;5.34;9.83;14.32;0.39;8.538;4.66;51.98
1983-02-27;3.57;6.36;9.14;0.0;10.029;2.84;55.2
1983-02-28;0.52;3.09;5.67;0.94;7.484;3.79;59.22
1983-03-01;-1.53;1.38;4.28;0.08;7.866;4.4;54.94
1983-03-02;-4.73;-0.12;4.5;0.12;8.447;5.16;36.95
1983-03-03;-5.66;-2.67;0.33;0.0;10.79;1.81;35.96
1983-03-04;-5.72;-2.29;1.13;2.05;8.164;1.87;70.95
1983-03-05;-7.63;-3.54;0.56;0.0;8.376;4.31;39.35
1983-03-06;-10.84;-8.53;-6.21;0.0;12.898;5.23;13.97
1983-03-07;-12.22;-10.02;-7.81;0.0;12.074;3.26;14.22
1983-03-08;-12.96;-10.52;-8.08;0.0;12.132;3.04;14.09
1983-03-09;-13.78;-9.93;-6.09;0.0;13.275;2.25;13.97
1983-03-10;-8.76;-4.73;-0.7;0.09;7.296;3.97;31.84
1983-03-11;-8.13;-3.75;0.63;0.0;7.487;3.5;39.2
1983-03-12;-8.52;-3.26;1.99;0.0;13.023;2.01;31.65
1983-03-13;-1.63;3.66;8.95;0.0;12.773;2.51;37.4
1983-03-14;0.66;7.12;13.58;0.0;12.42;2.94;40.68
1983-03-15;1.91;8.5;15.1;0.0;13.071;4.5;39.3
1983-03-16;4.7;9.64;14.59;0.0;12.074;4.6;30.12
1983-03-17;6.81;11.57;16.34;0.0;13.468;4.7;26.25
1983-03-18;4.83;10.96;17.09;0.0;15.549;3.57;28.9
1983-03-19;2.07;9.39;16.72;0.0;14.535;3.78;31.34
1983-03-20;0.61;8.54;16.46;0.0;15.598;2.65;32.69
1983-03-21;0.07;9.14;18.21;4.16;13.063;2.11;34.94
1983-03-22;6.36;11.44;16.51;3.58;11.964;2.23;51.56
1983-03-23;7.78;11.5;15.22;0.0;14.944;1.78;48.91
1983-03-24;5.64;11.92;18.2;0.0;15.517;2.19;35.25
1983-03-25;5.86;11.02;16.18;0.0;16.921;5.27;32.88
1983-03-26;5.7;10.38;15.07;0.0;17.545;4.95;32.21
1983-03-27;2.2;6.93;11.65;0.0;18.353;3.8;32.36
1983-03-28;0.58;3.85;7.12;0.0;15.004;3.06;37.38
1983-03-29;0.0;2.71;5.41;0.0;11.28;2.07;49.26
1983-03-30;-1.01;2.52;6.06;0.0;9.147;1.1;50.94
1983-03-31;-1.66;2.15;5.95;0.0;12.962;1.57;44.18
1983-04-01;-1.34;4.4;10.13;1.27;12.943;3.23;40.74
1983-04-02;4.12;7.06;10.01;0.0;13.065;1.58;50.33
1983-04-03;4.12;5.87;7.61;0.0;18.353;4.03;44.01
1983-04-04;6.28;12.15;18.01;1.08;14.799;5.86;39.58
1983-04-05;2.17;7.62;13.07;0.49;16.909;5.3;33.22
1983-04-06;-0.56;1.92;4.4;0.0;14.208;3.62;33.12
1983-04-07;-2.79;0.65;4.08;0.0;19.401;1.91;26.21
1983-04-08;0.65;7.81;14.96;0.0;19.672;4.99;24.11
1983-04-09;6.47;13.12;19.77;0.62;16.3;4.18;36.21
1983-04-10;7.0;13.64;20.28;0.51;18.236;2.72;39.78
1983-04-11;5.16;11.97;18.79;0.0;18.247;1.08;40.14
1983-04-12;8.73;13.53;18.33;9.29;8.637;1.91;51.7
1983-04-13;3.27;6.54;9.82;10.02;16.564;6.06;40.82
1983-04-14;1.44;5.24;9.04;0.0;20.688;4.26;26.34
1983-04-15;0.65;6.24;11.82;0.0;18.106;1.81;40.72
1983-04-16;4.77;9.68;14.59;2.01;10.535;0.75;62.67
1983-04-17;7.55;12.73;17.91;0.0;16.353;2.5;47.6
1983-04-18;10.76;13.91;17.07;0.0;13.489;3.15;48.93
1983-04-19;11.55;14.95;18.34;0.0;16.112;3.56;38.85
1983-04-20;10.39;14.33;18.27;0.0;17.976;4.67;41.69
1983-04-21;9.37;14.32;19.26;0.0;12.349;4.13;35.09
1983-04-22;7.37;13.05;18.74;0.0;23.458;2.55;29.9
1983-04-23;6.57;12.3;18.04;0.0;19.851;3.15;33.23
1983-04-24;10.69;13.61;16.54;0.0;13.433;4.43;36.6
1983-04-25;9.27;12.59;15.92;0.0;12.95;4.11;29.59
1983-04-26;5.66;10.53;15.4;0.0;14.058;2.04;29.64
1983-04-27;7.13;11.03;14.92;0.0;11.703;1.08;38.89
1983-04-28;7.05;11.27;15.48;0.0;12.639;2.96;54.4
1983-04-29;9.15;15.32;21.49;0.0;21.759;4.19;34.63
1983-04-30;5.15;10.73;16.32;0.0;23.537;3.32;31.91
1983-05-01;2.47;10.01;17.55;0.0;23.119;2.17;27.54
1983-05-02;6.17;13.18;20.18;0.0;23.18;1.8;30.14
1983-05-03;6.85;13.52;20.18;0.0;14.127;1.9;35.99
1983-05-04;12.47;17.0;21.52;0.0;23.471;3.48;33.15
1983-05-05;8.69;15.34;22.0;2.3;14.901;1.84;41.22
1983-05-06;8.56;13.74;18.92;2.41;12.017;0.96;63.88
1983-05-07;7.42;14.34;21.26;2.55;14.379;1.1;48.08
1983-05-08;6.93;10.22;13.52;8.81;2.323;4.07;72.24
1983-05-09;4.24;7.53;10.82;0.0;20.797;2.57;27.7
1983-05-10;5.46;12.12;18.77;0.0;23.023;4.31;27.31
1983-05-11;8.55;13.93;19.3;0.0;23.038;5.17;29.33
1983-05-12;5.12;10.46;15.8;0.39;8.583;3.33;54.78
1983-05-13;3.71;9.63;15.56;1.5;14.884;1.9;48.09
1983-05-14;4.52;10.52;16.51;0.0;15.577;0.78;46.59
1983-05-15;9.33;13.01;16.69;0.0;15.235;1.55;47.12
1983-05-16;7.21;11.07;14.94;0.0;25.258;3.33;33.95
1983-05-17;7.5;10.44;13.38;0.0;13.417;5.76;36.95
1983-05-18;4.14;9.02;13.9;0.0;30.993;4.5;24.13
1983-05-19;1.75;9.37;16.99;0.0;22.149;1.66;30.14
1983-05-20;8.66;14.93;21.2;2.27;19.681;3.87;43.8
1983-05-21;11.26;16.77;22.27;6.5;11.363;4.17;49.16
1983-05-22;10.24;15.89;21.55;0.0;26.223;3.49;30.12
1983-05-23;13.8;19.78;25.76;0.0;22.562;5.74;27.69
1983-05-24;14.69;16.81;18.93;26.38;12.576;1.66;83.32
1983-05-25;12.56;14.93;17.29;14.48;7.185;4.62;70.85
1983-05-26;10.92;15.76;20.6;2.65;27.57;2.67;37.7
1983-05-27;12.79;16.55;20.32;1.23;26.469;1.9;44.98
1983-05-28;12.19;14.07;15.95;6.63;2.881;2.62;87.03
1983-05-29;7.74;13.86;19.99;0.0;27.966;2.65;38.86
1983-05-30;6.76;13.54;20.33;0.0;16.87;1.09;45.85
1983-05-31;9.85;16.48;23.1;0.57;16.895;2.87;45.07
1983-06-01;14.49;18.29;22.09;0.81;13.581;2.18;64.08
1983-06-02;13.83;18.41;22.99;3.46;11.654;1.26;66.56
1983-06-03;14.63;18.31;21.99;2.3;11.076;1.11;69.18
1983-06-04;13.16;18.72;24.28;3.6;24.12;1.11;49.13
1983-06-05;15.46;18.67;21.88;0.0;14.988;2.64;70.8
1983-06-06;13.63;16.12;18.6;0.69;7.388;4.08;66.16
1983-06-07;13.61;18.95;24.29;0.0;26.708;5.63;40.7
1983-06-08;17.1;22.5;27.9;0.0;26.274;3.85;40.15
1983-06-09;17.88;23.43;28.99;0.0;27.939;2.21;39.79
1983-06-10;17.76;23.27;28.78;0.0;27.74;2.6;33.42
1983-06-11;17.04;22.77;28.49;0.0;27.75;2.83;32.56
1983-06-12;15.61;20.92;26.24;0.0;28.674;2.56;33.23
1983-06-13;13.77;19.86;25.94;0.0;29.792;2.05;32.08
1983-06-14;13.61;19.84;26.06;0.0;23.159;2.56;40.76
1983-06-15;15.49;19.7;23.9;0.0;19.085;2.91;44.85
1983-06-16;13.72;17.41;21.1;3.23;12.499;3.66;55.14
1983-06-17;14.48;18.26;22.03;0.0;20.031;3.22;40.42
1983-06-18;13.1;16.91;20.73;0.0;21.781;2.06;35.07
1983-06-19;12.48;15.6;18.72;0.0;18.622;2.17;41.44
1983-06-20;10.93;15.46;20.0;0.0;19.274;0.48;40.32
1983-06-21;13.8;17.98;22.16;0.0;14.377;2.1;31.65
1983-06-22;13.28;18.69;24.1;0.0;23.604;2.63;26.32
1983-06-23;14.23;19.25;24.26;0.82;15.968;2.38;32.75
1983-06-24;13.07;16.48;19.88;0.77;14.306;2.56;50.47
1983-06-25;13.28;16.66;20.04;0.0;12.299;1.38;36.8
1983-06-26;13.86;17.01;20.16;0.0;9.996;3.42;34.22
1983-06-27;12.85;13.83;14.81;5.38;3.327;3.58;81.83
1983-06-28;10.48;16.73;22.98;0.0;21.63;1.36;42.15
1983-06-29;9.06;17.29;25.51;0.0;26.229;0.15;29.17
1983-06-30;12.24;19.21;26.19;0.0;24.235;1.09;28.9
1983-07-01;13.84;20.32;26.8;0.0;21.542;1.73;30.24
1983-07-02;17.07;22.62;28.17;0.0;25.903;2.7;28.89
1983-07-03;18.25;23.45;28.64;0.0;26.103;4.36;29.21
1983-07-04;18.46;23.16;27.85;0.0;25.825;3.88;26.61
1983-07-05;17.37;23.1;28.83;0.0;28.267;3.76;26.07
1983-07-06;18.08;23.52;28.97;0.0;25.791;3.78;25.59
1983-07-07;16.02;21.5;26.99;0.0;28.15;3.49;24.1
1983-07-08;14.57;20.5;26.43;0.0;28.655;3.03;23.67
1983-07-09;14.64;21.05;27.46;0.0;25.033;2.64;24.78
1983-07-10;18.81;22.43;26.06;0.0;15.141;2.54;25.19
1983-07-11;17.77;21.41;25.04;0.0;17.736;1.93;22.71
1983-07-12;15.0;19.44;23.88;0.0;14.098;1.77;24.89
1983-07-13;12.57;18.26;23.95;0.0;18.63;0.77;25.89
1983-07-14;12.65;19.71;26.76;0.0;18.759;1.46;19.58
1983-07-15;13.29;19.07;24.86;0.0;26.217;3.34;26.09
1983-07-16;12.6;17.94;23.28;0.0;17.632;2.85;24.57
1983-07-17;10.88;20.52;30.15;0.0;27.972;1.03;14.04
1983-07-18;16.93;23.36;29.78;9.45;16.502;1.17;26.39
1983-07-19;16.11;20.59;25.06;0.17;18.901;2.91;38.59
1983-07-20;16.15;19.63;23.11;0.0;9.768;3.43;52.49
1983-07-21;15.37;18.66;21.96;3.23;15.962;3.21;64.9
1983-07-22;15.04;18.62;22.2;0.97;11.33;3.35;41.3
1983-07-23;12.59;18.21;23.83;0.0;23.528;3.34;24.82
1983-07-24;10.51;17.29;24.08;0.0;22.52;1.76;24.68
1983-07-25;10.58;16.79;23.0;0.0;17.212;2.24;25.86
1983-07-26;9.25;16.27;23.29;7.69;11.625;1.37;36.73
1983-07-27;13.91;18.7;23.5;0.0;20.02;2.85;37.09
1983-07-28;13.5;17.74;21.99;0.0;14.648;2.72;50.0
1983-07-29;14.57;18.68;22.79;5.37;10.631;2.8;53.58
1983-07-30;14.35;19.46;24.57;0.0;17.809;2.13;37.34
1983-07-31;13.22;18.61;23.99;0.55;11.326;2.1;39.38
1983-08-01;11.9;17.66;23.42;0.94;16.526;1.91;30.13
1983-08-02;12.39;18.55;24.7;0.0;11.482;2.66;36.09
1983-08-03;15.84;20.98;26.12;0.0;20.522;2.16;29.48
1983-08-04;14.57;19.88;25.2;0.0;18.373;1.9;35.29
1983-08-05;14.5;19.93;25.35;0.0;15.691;2.39;29.36
1983-08-06;15.22;19.98;24.75;0.0;17.429;2.17;26.29
1983-08-07;12.9;19.11;25.32;0.0;18.242;1.34;24.63
1983-08-08;12.73;18.99;25.25;0.0;14.656;0.96;25.89
1983-08-09;13.72;19.64;25.55;0.0;12.575;1.86;25.99
1983-08-10;11.6;19.18;26.76;0.0;20.679;0.76;22.01
1983-08-11;12.55;20.95;29.35;1.19;14.985;4.32;21.27
1983-08-12;10.44;16.54;22.65;0.0;23.397;2.8;22.63
1983-08-13;8.41;15.98;23.55;0.0;23.268;1.17;21.83
1983-08-14;11.43;19.28;27.13;0.0;22.709;1.72;14.06
1983-08-15;15.02;21.25;27.49;0.0;20.142;2.48;21.35
1983-08-16;13.42;19.77;26.11;0.0;22.083;2.05;22.6
1983-08-17;11.47;20.33;29.19;0.0;21.551;1.1;14.11
1983-08-18;14.54;20.54;26.53;0.0;18.231;3.03;24.09
1983-08-19;11.49;19.09;26.68;0.0;22.065;0.75;19.12
1983-08-20;17.86;24.16;30.47;0.0;13.63;3.02;14.13
1983-08-21;17.23;21.53;25.83;0.0;8.422;2.48;22.76
1983-08-22;15.93;19.08;22.23;0.0;4.116;2.96;24.82
1983-08-23;14.2;20.04;25.88;0.0;21.053;2.94;19.99
1983-08-24;12.29;19.05;25.82;0.0;20.903;2.2;21.64
1983-08-25;13.79;19.64;25.5;0.0;15.799;2.1;22.84
1983-08-26;17.17;21.58;25.98;0.0;17.863;1.82;20.02
1983-08-27;15.87;18.72;21.57;0.0;9.045;3.06;27.58
1983-08-28;12.73;16.43;20.12;0.0;10.028;2.66;27.8
1983-08-29;12.93;16.21;19.49;0.0;9.406;3.15;31.77
1983-08-30;13.26;16.44;19.62;0.0;13.776;2.92;22.54
1983-08-31;10.03;14.5;18.96;0.0;11.454;2.24;24.68
1983-09-01;8.62;14.57;20.53;0.0;15.169;1.11;22.67
1983-09-02;8.81;15.81;22.81;0.0;17.004;0.23;21.4
1983-09-03;8.89;17.38;25.86;0.0;18.171;0.67;14.22
1983-09-04;8.67;17.47;26.27;0.0;17.486;1.09;14.04
1983-09-05;15.6;20.83;26.06;0.0;11.463;1.38;14.22
1983-09-06;17.16;22.1;27.04;0.0;11.861;2.57;14.11
1983-09-07;13.88;19.98;26.09;0.0;5.069;4.12;24.16
1983-09-08;10.87;17.07;23.26;0.0;8.35;4.49;32.54
1983-09-09;8.29;15.92;23.55;0.0;18.67;2.73;14.22
1983-09-10;9.68;18.06;26.45;0.0;16.669;2.17;19.34
1983-09-11;18.13;22.66;27.19;2.92;9.532;3.21;29.95
1983-09-12;16.12;23.69;31.25;3.34;16.409;3.4;23.94
1983-09-13;14.54;21.37;28.2;0.0;17.738;0.73;26.15
1983-09-14;14.54;19.0;23.47;6.53;7.214;3.57;50.77
1983-09-15;9.83;15.02;20.22;0.0;16.276;5.11;26.36
1983-09-16;7.87;9.79;11.71;0.0;7.918;3.42;53.39
1983-09-17;7.72;9.75;11.78;0.0;7.705;3.03;53.03
1983-09-18;4.5;8.86;13.22;0.0;9.727;2.24;32.88
1983-09-19;2.3;8.12;13.94;0.0;10.074;1.51;42.17
1983-09-20;7.98;11.05;14.12;0.0;7.208;2.71;46.04
1983-09-21;7.92;11.22;14.52;0.0;6.786;2.22;39.39
1983-09-22;7.77;12.38;17.0;0.0;8.218;2.66;38.68
1983-09-23;9.77;13.61;17.44;0.44;6.365;3.09;48.42
1983-09-24;1.16;6.0;10.83;0.0;16.48;3.66;24.12
1983-09-25;-0.14;3.89;7.91;0.0;14.468;2.66;23.49
1983-09-26;0.21;6.92;13.63;0.14;11.409;1.97;28.11
1983-09-27;5.62;9.48;13.34;0.89;3.08;0.92;66.96
1983-09-28;3.36;10.48;17.61;0.0;13.485;2.44;26.87
1983-09-29;5.1;12.43;19.76;0.0;12.948;2.14;25.51
1983-09-30;11.18;15.39;19.61;0.0;8.79;1.17;26.03
1983-10-01;5.43;9.59;13.76;1.45;3.06;4.3;44.9
1983-10-02;2.43;7.18;11.93;0.0;12.525;3.34;24.09
1983-10-03;2.16;6.72;11.28;6.59;6.468;3.22;38.25
1983-10-04;0.63;3.35;6.08;0.0;11.307;2.65;32.83
1983-10-05;-0.39;3.35;7.08;0.0;10.632;1.74;37.21
1983-10-06;-1.6;1.2;3.99;0.0;8.11;1.75;43.47
1983-10-07;-0.92;1.77;4.46;0.0;5.787;3.57;39.11
1983-10-08;-2.55;1.47;5.48;0.0;11.658;1.98;27.04
1983-10-09;-2.51;3.41;9.33;0.0;6.236;1.41;39.23
1983-10-10;4.95;7.65;10.35;8.44;2.396;4.0;74.09
1983-10-11;6.78;6.73;6.68;2.84;2.157;5.11;81.24
1983-10-12;4.8;8.45;12.09;3.34;10.494;4.23;47.47
1983-10-13;3.1;6.43;9.76;0.97;10.491;5.26;43.22
1983-10-14;0.76;5.3;9.85;0.0;11.234;2.02;29.35
1983-10-15;4.54;4.14;3.75;26.6;2.006;3.67;86.96
1983-10-16;1.5;2.88;4.26;0.37;4.994;5.65;61.19
1983-10-17;-0.42;3.1;6.61;5.14;8.113;3.83;53.79
1983-10-18;3.34;3.98;4.63;0.38;2.521;6.18;74.96
1983-10-19;-1.69;1.04;3.78;0.0;8.574;3.43;43.85
1983-10-20;-2.98;0.66;4.3;4.47;7.782;2.51;52.26
1983-10-21;4.33;11.01;17.69;4.56;5.395;3.74;55.42
1983-10-22;11.98;17.05;22.11;0.0;8.089;3.58;48.02
1983-10-23;7.88;12.97;18.06;0.0;7.795;2.63;59.9
1983-10-24;2.36;4.04;5.73;0.0;7.48;3.05;48.2
1983-10-25;0.96;2.07;3.18;0.0;6.833;4.3;62.41
1983-10-26;4.34;8.93;13.51;0.0;6.17;5.19;54.38
1983-10-27;6.37;9.86;13.35;0.0;8.658;5.45;42.17
1983-10-28;4.8;7.28;9.75;0.0;7.986;4.7;45.19
1983-10-29;-2.21;0.98;4.16;0.0;7.246;2.5;50.15
1983-10-30;-3.17;0.03;3.23;0.0;7.379;1.29;47.81
1983-10-31;-3.94;-0.99;1.96;0.0;6.621;1.38;62.59
1983-11-01;-0.74;4.19;9.12;0.0;7.437;2.94;41.59
1983-11-02;1.11;5.27;9.43;0.0;7.268;2.49;48.03
1983-11-03;1.13;4.63;8.14;0.0;7.233;1.95;55.04
1983-11-04;0.83;3.53;6.23;0.0;4.869;1.76;68.72
1983-11-05;2.95;6.67;10.39;4.98;1.377;3.79;68.2
1983-11-06;0.44;2.69;4.94;1.42;5.556;4.52;63.5
1983-11-07;-2.52;-0.7;1.13;0.28;4.233;4.68;50.62
1983-11-08;-3.97;0.6;5.18;7.38;5.591;3.82;36.81
1983-11-09;1.11;4.84;8.57;0.0;1.905;5.04;63.09
1983-11-10;1.65;7.52;13.38;1.84;2.173;6.15;54.11
1983-11-11;8.54;10.93;13.31;4.5;3.825;4.38;56.13
1983-11-12;4.09;8.68;13.26;0.0;5.019;2.13;68.74
1983-11-13;2.89;5.29;7.7;0.0;3.768;2.56;59.68
1983-11-14;-0.23;2.75;5.74;0.0;5.09;2.65;62.6
1983-11-15;-6.33;-3.85;-1.36;0.0;5.496;3.14;37.38
1983-11-16;-6.49;-3.85;-1.21;0.0;5.555;0.67;62.79
1983-11-17;-4.31;-2.12;0.07;0.0;3.926;1.46;74.5
1983-11-18;-3.91;-0.66;2.59;2.05;2.128;4.51;64.59
1983-11-19;0.78;5.23;9.68;0.38;2.893;3.88;61.11
1983-11-20;-0.18;2.43;5.04;0.78;4.45;2.57;69.97
1983-11-21;0.39;2.69;4.99;0.0;4.451;2.94;65.74
1983-11-22;0.68;5.7;10.72;2.67;2.374;5.15;57.66
1983-11-23;-1.25;1.0;3.25;0.0;2.464;6.28;41.7
1983-11-24;-3.11;-0.04;3.03;6.71;4.59;2.75;64.93
1983-11-25;-3.21;-1.34;0.53;0.0;4.434;6.0;53.23
1983-11-26;-5.05;-3.21;-1.36;0.0;4.191;4.09;51.52
1983-11-27;-6.32;-4.58;-2.85;0.0;4.31;3.04;56.8
1983-11-28;-7.35;-5.28;-3.2;0.0;2.877;2.54;58.3
1983-11-29;-8.7;-6.88;-5.07;0.0;4.139;1.56;43.06
1983-11-30;-10.14;-7.49;-4.84;0.0;4.826;3.11;30.5
1983-12-01;-10.79;-7.94;-5.09;0.0;4.214;1.99;28.86
1983-12-02;-8.43;-6.01;-3.59;0.0;2.807;2.08;42.87
1983-12-03;-11.95;-8.34;-4.73;0.0;3.985;3.43;30.72
1983-12-04;-12.83;-10.38;-7.92;0.0;4.213;1.54;26.07
1983-12-05;-13.38;-10.45;-7.51;0.0;4.136;0.17;23.98
1983-12-06;-11.96;-8.48;-4.99;0.0;4.357;2.66;14.09
1983-12-07;-10.86;-7.79;-4.72;0.0;3.857;1.69;40.87
1983-12-08;-11.26;-8.12;-4.98;0.0;3.759;0.98;59.52
1983-12-09;-11.24;-7.16;-3.07;0.0;4.252;2.17;55.88
1983-12-10;-4.99;-3.15;-1.3;0.59;2.461;2.84;85.84
1983-12-11;-2.15;-0.54;1.07;3.18;4.052;2.72;84.66
1983-12-12;-2.07;-0.49;1.08;0.01;2.618;4.07;85.3
1983-12-13;-5.05;-2.26;0.52;2.49;1.776;3.55;83.4
1983-12-14;-3.44;-1.48;0.47;0.0;3.491;3.79;74.9
1983-12-15;-3.72;-1.15;1.42;3.99;2.634;3.94;77.54
1983-12-16;-6.47;-3.84;-1.21;0.0;3.664;1.91;69.4
1983-12-17;-7.85;-5.6;-3.36;0.0;3.853;1.38;71.5
1983-12-18;-10.69;-7.72;-4.76;0.0;3.196;1.5;76.46
1983-12-19;-9.35;-6.59;-3.83;0.0;3.571;1.48;70.61
1983-12-20;-10.79;-8.56;-6.34;3.89;2.887;5.45;62.79
1983-12-21;-14.44;-11.13;-7.83;0.0;4.466;3.98;60.65
1983-12-22;-14.44;-11.27;-8.09;0.0;3.675;2.85;62.22
1983-12-23;-15.41;-12.04;-8.67;0.0;3.225;2.26;68.59
1983-12-24;-16.17;-13.72;-11.27;0.0;3.381;1.29;81.3
1983-12-25;-16.17;-12.0;-7.83;0.0;4.343;3.34;49.24
1983-12-26;-10.5;-6.25;-2.01;1.17;4.454;4.83;62.73
1983-12-27;-9.18;-5.66;-2.14;0.0;2.851;3.35;78.09
1983-12-28;-8.98;-4.46;0.05;2.55;1.977;5.02;78.87
1983-12-29;-4.66;-2.67;-0.69;0.26;2.878;6.57;73.76
1983-12-30;-8.36;-6.23;-4.11;0.15;3.624;4.92;64.43
1983-12-31;-5.37;-3.2;-1.03;0.0;3.311;5.98;75.57
1984-01-01;-7.5;-4.86;-2.22;0.0;3.624;3.58;73.89
1984-01-02;-3.18;-1.76;-0.33;1.04;2.065;3.97;89.78
1984-01-03;-10.4;-5.4;-0.39;0.0;2.236;6.19;55.29
1984-01-04;-10.89;-8.62;-6.35;0.0;4.261;3.22;53.18
1984-01-05;-10.7;-7.95;-5.2;0.0;3.968;3.4;45.07
1984-01-06;-10.92;-8.13;-5.35;0.0;3.897;2.13;59.05
1984-01-07;-10.79;-7.55;-4.32;0.0;3.816;3.18;58.62
1984-01-08;-6.91;-3.38;0.15;0.0;4.195;4.92;70.03
1984-01-09;-11.55;-7.85;-4.15;0.0;4.034;3.63;50.36
1984-01-10;-12.66;-9.36;-6.06;0.0;4.693;1.85;61.09
1984-01-11;-8.33;-6.43;-4.53;0.0;3.611;2.69;80.9
1984-01-12;-6.24;-3.56;-0.87;3.27;1.181;2.61;87.96
1984-01-13;-6.64;-4.04;-1.43;0.0;2.342;1.08;89.76
1984-01-14;-7.12;-3.98;-0.83;0.0;3.018;1.79;79.22
1984-01-15;-1.98;-0.93;0.11;0.81;2.388;3.34;86.93
1984-01-16;-0.53;0.26;1.05;0.05;4.719;3.66;89.74
1984-01-17;-4.8;-1.49;1.82;1.79;1.602;2.96;83.88
1984-01-18;-6.48;-2.83;0.81;0.44;4.642;2.47;76.82
1984-01-19;-1.67;0.65;2.96;0.12;3.146;2.65;78.89
1984-01-20;-3.36;0.38;4.12;0.0;4.641;3.19;69.24
1984-01-21;2.13;4.64;7.16;0.0;4.963;5.93;60.18
1984-01-22;1.58;3.96;6.35;0.0;4.668;5.25;47.35
1984-01-23;-3.07;0.07;3.2;0.0;4.711;2.57;68.25
1984-01-24;-3.12;0.62;4.36;2.48;1.916;3.43;74.43
1984-01-25;0.92;3.25;5.57;0.02;2.696;4.29;71.08
1984-01-26;0.75;3.25;5.75;0.0;3.99;3.35;55.75
1984-01-27;3.26;4.28;5.3;0.0;2.709;1.17;77.67
1984-01-28;1.84;5.28;8.72;0.48;4.521;2.18;71.78
1984-01-29;0.7;3.06;5.41;0.0;3.599;1.64;71.8
1984-01-30;-1.18;2.17;5.51;0.0;6.007;2.32;49.86
1984-01-31;-3.54;0.48;4.49;0.0;6.514;2.16;52.2
1984-02-01;-4.44;0.27;4.98;0.0;6.154;1.71;54.78
1984-02-02;-0.06;3.86;7.78;0.0;6.178;2.48;54.22
1984-02-03;-0.65;3.37;7.39;0.0;5.049;1.55;62.85
1984-02-04;-1.07;1.98;5.03;0.0;3.423;1.94;70.76
1984-02-05;-1.6;0.76;3.13;0.0;3.053;2.22;72.54
1984-02-06;-3.47;-1.13;1.22;0.0;5.551;2.39;69.22
1984-02-07;-4.02;-2.09;-0.17;0.0;4.297;2.85;68.68
1984-02-08;-4.63;-1.88;0.88;0.0;5.069;1.37;71.34
1984-02-09;-2.71;-0.65;1.42;0.0;3.978;1.46;74.36
1984-02-10;-1.06;1.22;3.49;0.0;4.774;2.1;64.71
1984-02-11;0.44;1.46;2.48;0.0;3.435;2.56;73.81
1984-02-12;-0.46;0.53;1.51;0.14;2.76;3.33;75.89
1984-02-13;-0.66;0.41;1.49;4.37;2.264;3.88;80.14
1984-02-14;-0.32;1.77;3.85;0.0;7.698;2.17;68.96
1984-02-15;-1.96;0.36;2.69;0.71;1.414;1.57;79.97
1984-02-16;-2.53;0.33;3.19;0.0;6.944;2.4;58.96
1984-02-17;-1.16;0.99;3.14;0.0;5.565;0.72;66.38
1984-02-18;-0.32;1.52;3.35;0.0;4.843;1.56;66.87
1984-02-19;-0.41;0.6;1.61;4.8;2.387;3.69;80.86
1984-02-20;-7.38;-3.79;-0.21;0.0;6.784;3.8;44.34
1984-02-21;-14.44;-9.93;-5.41;0.0;8.177;6.21;19.48
1984-02-22;-15.79;-11.89;-7.99;0.0;9.482;3.13;14.12
1984-02-23;-11.96;-8.16;-4.35;0.0;9.443;3.98;14.16
1984-02-24;-5.32;-2.13;1.06;7.11;2.598;6.94;72.69
1984-02-25;1.48;4.57;7.66;0.88;3.161;3.57;66.2
1984-02-26;1.61;4.34;7.07;0.5;8.356;3.96;56.41
1984-02-27;-5.97;-2.22;1.53;0.0;10.336;4.69;25.99
1984-02-28;-6.69;-1.91;2.87;8.99;5.842;3.25;35.95
1984-02-29;0.0;0.0;0.0;0.0;0.0;0.0;0.0
1984-03-01;1.18;2.79;4.41;0.14;5.196;1.91;74.72
1984-03-02;0.88;8.42;15.96;2.6;7.764;4.51;36.15
1984-03-03;-9.94;-4.96;0.03;0.0;8.468;4.7;31.56
1984-03-04;-12.7;-9.6;-6.5;0.0;11.993;5.55;24.24
1984-03-05;-12.73;-8.93;-5.12;0.0;10.446;4.5;25.52
1984-03-06;-10.77;-8.22;-5.67;0.0;11.659;5.46;24.93
1984-03-07;-10.7;-6.22;-1.75;0.58;7.726;3.37;55.8
1984-03-08;-4.94;-2.56;-0.18;0.0;8.407;4.16;53.44
1984-03-09;-4.81;-1.83;1.14;1.04;7.237;4.17;71.61
1984-03-10;-2.02;0.59;3.2;0.0;10.918;2.93;46.87
1984-03-11;-2.03;0.99;4.01;0.73;6.78;2.75;71.25
1984-03-12;1.84;4.83;7.81;1.01;4.141;5.16;64.85
1984-03-13;0.46;3.54;6.63;0.01;4.652;3.42;69.43
1984-03-14;3.93;10.42;16.91;2.17;14.234;4.31;36.18
1984-03-15;1.37;2.67;3.97;0.26;12.035;4.53;44.68
1984-03-16;0.73;4.34;7.96;1.14;7.178;4.0;38.55
1984-03-17;-0.05;6.46;12.96;0.0;9.913;2.53;44.23
1984-03-18;4.66;10.61;16.55;0.0;15.299;5.55;29.67
1984-03-19;4.26;8.75;13.23;0.38;8.043;6.58;35.58
1984-03-20;1.26;6.4;11.54;0.15;13.302;4.03;31.63
1984-03-21;2.39;9.0;15.62;0.0;13.525;5.19;31.31
1984-03-22;-0.59;4.19;8.96;0.0;11.957;4.59;40.42
1984-03-23;-0.9;6.44;13.78;0.0;15.784;4.45;25.02
1984-03-24;-0.18;4.17;8.52;0.98;2.847;6.97;37.61
1984-03-25;-2.05;1.03;4.11;0.0;16.2;3.73;25.58
1984-03-26;-1.54;3.94;9.41;0.0;16.311;3.88;27.58
1984-03-27;2.8;9.54;16.28;0.0;17.486;3.13;38.74
1984-03-28;6.72;8.96;11.2;1.01;4.846;6.11;67.06
1984-03-29;-0.96;1.89;4.74;0.0;11.394;4.58;41.09
1984-03-30;-2.54;0.7;3.94;0.0;16.795;2.59;26.35
1984-03-31;-0.38;2.48;5.33;0.48;9.036;2.48;62.56
1984-04-01;3.17;4.59;6.01;8.03;2.439;3.32;78.91
1984-04-02;2.11;3.93;5.76;0.57;4.62;4.17;70.13
1984-04-03;-1.75;1.13;4.02;0.0;6.162;1.99;57.27
1984-04-04;-3.76;2.19;8.13;0.54;18.442;1.22;35.27
1984-04-05;4.37;5.22;6.07;7.29;2.109;3.61;80.07
1984-04-06;0.48;2.52;4.56;0.81;10.494;4.96;43.63
1984-04-07;-1.16;0.54;2.24;0.0;13.731;3.94;38.92
1984-04-08;-1.96;0.11;2.18;0.0;17.02;3.33;30.73
1984-04-09;-2.53;0.9;4.33;0.04;15.382;2.55;35.74
1984-04-10;-1.49;1.48;4.45;0.0;19.544;1.81;37.29
1984-04-11;-1.65;7.16;15.96;0.0;20.224;3.64;26.64
1984-04-12;7.98;11.23;14.49;4.1;9.697;3.57;68.81
1984-04-13;5.16;9.91;14.66;0.0;10.171;3.14;68.75
1984-04-14;4.35;9.21;14.06;5.77;8.653;2.84;64.33
1984-04-15;10.48;13.53;16.57;6.67;9.475;3.44;75.7
1984-04-16;1.04;4.99;8.95;1.79;4.603;3.6;59.88
1984-04-17;-3.22;-0.85;1.53;0.0;17.811;4.08;32.88
1984-04-18;-5.33;-1.14;3.06;0.0;20.582;0.87;26.4
1984-04-19;-0.95;2.49;5.93;1.5;17.376;5.13;37.85
1984-04-20;4.73;7.58;10.44;2.77;2.531;3.23;70.9
1984-04-21;6.47;7.29;8.12;0.97;3.967;3.13;81.54
1984-04-22;-0.63;5.02;10.67;0.0;19.05;2.33;39.52
1984-04-23;-0.56;4.93;10.42;3.12;10.841;1.65;57.63
1984-04-24;6.72;9.25;11.79;0.0;17.969;2.74;45.35
1984-04-25;4.67;9.14;13.62;1.42;15.895;2.54;43.43
1984-04-26;3.65;8.3;12.96;0.0;22.792;3.07;32.9
1984-04-27;3.81;11.51;19.21;0.39;22.277;4.76;29.36
1984-04-28;3.63;6.37;9.11;5.71;15.64;3.96;57.53
1984-04-29;3.55;6.08;8.61;2.16;9.895;1.1;65.16
1984-04-30;2.44;9.05;15.67;0.0;21.906;0.7;35.47
1984-05-01;1.93;9.38;16.84;0.58;18.155;4.08;41.01
1984-05-02;8.44;12.77;17.09;2.86;11.144;2.93;50.85
1984-05-03;8.5;14.47;20.45;4.9;9.708;3.56;49.59
1984-05-04;8.12;13.32;18.51;1.04;20.063;1.72;50.32
1984-05-05;5.67;10.55;15.43;0.0;22.327;3.46;39.0
1984-05-06;0.44;4.12;7.8;0.0;19.195;3.22;32.78
1984-05-07;0.66;9.16;17.66;0.0;21.54;3.85;29.12
1984-05-08;7.89;13.06;18.23;0.0;12.391;4.03;38.44
1984-05-09;7.67;10.97;14.27;0.19;9.295;3.06;61.89
1984-05-10;6.36;11.02;15.68;0.0;14.937;1.17;56.95
1984-05-11;7.59;12.47;17.35;3.89;18.966;0.67;47.24
1984-05-12;8.18;12.33;16.48;0.0;23.43;2.65;43.07
1984-05-13;5.7;12.57;19.44;0.0;18.488;2.66;45.33
1984-05-14;12.29;19.19;26.09;0.0;25.184;2.99;35.76
1984-05-15;13.24;19.91;26.57;0.0;24.552;1.22;37.52
1984-05-16;13.31;17.65;21.99;0.0;24.381;3.06;57.57
1984-05-17;12.29;15.5;18.71;0.0;26.914;4.28;40.45
1984-05-18;8.77;12.72;16.67;0.0;23.618;4.61;32.59
1984-05-19;7.43;12.63;17.84;0.0;26.292;3.31;32.63
1984-05-20;7.51;14.35;21.19;0.0;23.898;1.38;37.36
1984-05-21;8.25;14.99;21.73;0.0;18.08;0.69;41.5
1984-05-22;12.06;17.06;22.06;0.0;12.056;1.24;46.04
1984-05-23;11.55;17.4;23.25;6.02;11.313;1.81;47.09
1984-05-24;10.85;17.61;24.38;1.29;23.805;1.28;41.29
1984-05-25;11.63;17.18;22.74;0.0;21.079;1.94;52.58
1984-05-26;13.4;19.38;25.35;0.0;21.635;3.51;33.52
1984-05-27;12.49;15.66;18.82;0.0;9.221;2.79;69.62
1984-05-28;12.41;15.84;19.26;0.44;18.822;0.67;45.92
1984-05-29;9.56;13.48;17.41;0.42;23.708;2.48;43.01
1984-05-30;5.89;11.1;16.3;2.73;5.56;2.48;64.04
1984-05-31;2.77;9.89;17.02;0.58;21.759;1.83;40.67
1984-06-01;2.58;11.31;20.04;0.0;27.183;2.57;27.36
1984-06-02;13.84;17.76;21.68;9.53;8.888;2.47;45.26
1984-06-03;13.34;16.9;20.46;0.0;20.531;2.85;53.85
1984-06-04;13.92;16.86;19.79;0.0;9.905;2.5;66.3
1984-06-05;14.19;18.12;22.05;0.0;13.483;1.22;62.29
1984-06-06;13.92;19.51;25.1;15.04;19.395;2.64;49.29
1984-06-07;13.95;19.43;24.91;2.75;23.898;2.51;41.9
1984-06-08;11.65;17.79;23.93;0.0;26.606;2.09;38.83
1984-06-09;11.6;18.01;24.42;7.33;16.801;2.4;47.1
1984-06-10;11.4;17.23;23.06;2.12;20.021;2.85;49.35
1984-06-11;11.3;16.8;22.31;9.37;15.185;3.05;46.53
1984-06-12;10.39;14.55;18.72;0.0;25.266;3.78;41.0
1984-06-13;10.35;15.23;20.11;0.0;24.788;2.18;39.13
1984-06-14;8.77;15.54;22.31;0.0;23.812;0.67;42.6
1984-06-15;13.01;17.82;22.62;0.51;11.217;1.72;58.23
1984-06-16;10.01;16.55;23.1;0.0;23.598;1.57;44.55
1984-06-17;10.11;17.94;25.76;2.23;24.275;2.91;34.94
1984-06-18;13.83;18.94;24.05;0.28;23.087;3.43;45.87
1984-06-19;12.53;16.07;19.6;0.0;25.038;3.32;39.92
1984-06-20;12.79;18.43;24.07;1.52;11.087;4.52;42.44
1984-06-21;12.54;19.18;25.82;0.0;22.405;1.85;42.12
1984-06-22;11.02;18.54;26.06;0.92;25.465;1.11;35.69
1984-06-23;13.91;19.91;25.91;2.68;23.163;2.18;37.82
1984-06-24;13.36;16.96;20.57;0.0;20.281;2.66;56.93
1984-06-25;10.4;15.23;20.06;0.0;23.878;2.16;37.16
1984-06-26;9.75;14.66;19.58;0.0;17.605;1.9;35.74
1984-06-27;8.84;14.79;20.74;0.0;27.058;1.27;30.44
1984-06-28;10.14;14.69;19.24;0.0;15.631;1.85;54.73
1984-06-29;10.65;16.27;21.88;2.55;20.409;1.46;44.58
1984-06-30;14.56;17.51;20.46;12.55;7.233;1.9;72.69
1984-07-01;14.17;18.64;23.1;1.21;16.572;1.98;50.76
1984-07-02;12.52;17.14;21.76;0.38;24.552;1.91;44.24
1984-07-03;13.65;18.17;22.69;9.4;9.739;1.66;65.93
1984-07-04;12.48;16.77;21.07;0.0;22.601;2.61;41.82
1984-07-05;9.88;14.56;19.24;0.0;20.252;2.68;43.76
1984-07-06;9.64;14.98;20.32;0.0;20.523;1.33;49.3
1984-07-07;14.58;19.28;23.98;8.21;10.494;2.84;64.11
1984-07-08;16.93;20.12;23.3;5.35;9.973;1.82;71.96
1984-07-09;16.27;20.8;25.34;22.2;17.954;2.94;51.2
1984-07-10;14.39;16.52;18.64;5.2;2.879;5.03;84.43
1984-07-11;13.78;15.72;17.66;0.0;7.817;5.02;65.35
1984-07-12;10.99;15.41;19.84;0.0;21.146;3.65;42.58
1984-07-13;9.66;16.02;22.39;0.0;27.761;1.77;37.72
1984-07-14;11.42;18.43;25.43;0.0;22.63;1.11;41.8
1984-07-15;14.88;20.39;25.89;0.0;22.634;1.8;43.79
1984-07-16;15.99;21.05;26.11;0.0;23.06;3.23;42.6
1984-07-17;18.5;21.88;25.27;0.0;13.565;3.46;62.09
1984-07-18;16.95;21.57;26.19;2.85;12.198;1.67;61.05
1984-07-19;16.04;21.49;26.95;3.0;21.306;0.67;49.2
1984-07-20;15.76;21.52;27.27;0.12;21.228;1.48;49.23
1984-07-21;17.43;22.22;27.01;0.0;16.852;2.0;47.87
1984-07-22;16.23;21.64;27.06;0.0;23.502;0.78;36.56
1984-07-23;14.83;21.47;28.11;0.0;23.941;1.08;35.01
1984-07-24;16.82;21.72;26.62;0.0;21.266;1.82;46.59
1984-07-25;15.0;21.11;27.21;0.0;23.927;0.67;36.09
1984-07-26;16.96;23.04;29.12;8.21;21.728;1.64;38.13
1984-07-27;17.86;21.08;24.3;0.63;19.018;3.33;50.24
1984-07-28;11.26;17.23;23.19;0.0;23.554;1.8;36.85
1984-07-29;11.17;18.48;25.79;0.0;21.083;1.85;30.72
1984-07-30;16.26;21.3;26.35;1.81;15.932;2.72;40.97
1984-07-31;12.81;18.75;24.68;0.0;19.853;1.82;39.24
1984-08-01;12.07;18.06;24.06;0.0;21.343;1.82;34.26
1984-08-02;10.31;16.98;23.64;0.0;18.178;0.15;30.45
1984-08-03;14.54;16.89;19.24;0.0;5.975;1.99;63.31
1984-08-04;11.33;16.3;21.27;0.0;13.849;1.54;41.88
1984-08-05;9.82;16.55;23.27;0.0;23.605;1.11;29.34
1984-08-06;13.86;18.79;23.71;28.86;8.312;3.03;57.14
1984-08-07;15.55;20.26;24.97;0.0;12.013;1.11;60.96
1984-08-08;14.54;18.82;23.1;1.35;15.002;2.17;53.08
1984-08-09;11.58;16.93;22.28;0.0;22.218;1.87;41.26
1984-08-10;12.53;19.48;26.43;0.0;21.622;3.57;30.24
1984-08-11;15.27;20.23;25.18;3.1;11.182;2.67;64.07
1984-08-12;13.44;19.43;25.43;0.0;22.917;1.04;37.05
1984-08-13;15.3;18.9;22.5;0.0;18.44;2.91;45.2
1984-08-14;12.16;17.05;21.95;0.0;18.588;2.47;36.45
1984-08-15;10.92;18.09;25.26;0.03;21.794;1.29;32.57
1984-08-16;17.88;23.45;29.01;0.4;17.975;3.96;28.85
1984-08-17;15.61;19.95;24.29;5.75;11.088;2.39;65.04
1984-08-18;12.9;17.99;23.08;0.0;22.129;1.58;33.99
1984-08-19;14.53;19.79;25.06;1.04;14.949;1.51;37.8
1984-08-20;11.75;15.63;19.52;25.75;2.963;1.69;78.57
1984-08-21;10.48;16.21;21.95;0.0;21.469;1.48;38.24
1984-08-22;12.69;18.19;23.69;0.0;11.857;1.77;44.06
1984-08-23;13.89;20.29;26.69;13.56;13.98;5.03;32.55
1984-08-24;10.86;15.11;19.35;0.0;15.53;2.73;47.65
1984-08-25;9.85;13.41;16.96;0.39;18.835;2.71;42.28
1984-08-26;7.91;15.14;22.37;0.0;20.111;1.36;33.15
1984-08-27;11.39;18.61;25.82;4.6;18.532;1.28;38.81
1984-08-28;13.73;16.85;19.97;0.32;4.785;4.72;64.99
1984-08-29;11.64;15.29;18.95;0.0;14.36;2.73;44.81
1984-08-30;10.12;14.61;19.1;0.0;11.336;1.56;42.3
1984-08-31;10.84;15.05;19.27;0.0;10.172;2.41;40.8
1984-09-01;8.02;14.96;21.89;0.0;13.357;1.64;42.55
1984-09-02;15.46;20.66;25.85;0.0;18.508;1.78;45.35
1984-09-03;16.77;21.47;26.17;0.02;15.023;2.47;44.78
1984-09-04;15.97;20.34;24.7;0.37;6.794;1.29;60.54
1984-09-05;12.29;17.17;22.05;0.5;12.165;2.96;63.2
1984-09-06;10.76;15.08;19.4;0.0;13.511;2.85;42.56
1984-09-07;8.82;15.07;21.33;0.0;18.476;1.71;32.61
1984-09-08;13.85;19.42;24.99;0.0;16.65;3.42;24.16
1984-09-09;11.54;18.43;25.33;0.0;18.48;3.33;22.35
1984-09-10;13.37;19.93;26.48;0.0;18.041;3.49;21.35
1984-09-11;9.33;15.29;21.24;0.0;17.988;2.21;48.46
1984-09-12;7.75;14.88;22.0;0.0;17.982;1.61;30.15
1984-09-13;9.64;17.25;24.85;0.0;18.021;1.66;32.72
1984-09-14;13.08;20.31;27.54;0.0;16.273;2.67;23.84
1984-09-15;14.56;20.16;25.76;0.0;16.387;3.43;19.98
1984-09-16;11.04;18.34;25.65;0.0;15.6;1.82;25.86
1984-09-17;9.32;17.43;25.53;0.0;15.672;1.3;25.29
1984-09-18;8.55;16.44;24.33;0.0;14.957;0.77;33.12
1984-09-19;11.06;16.69;22.32;0.63;7.723;1.98;50.54
1984-09-20;8.09;15.55;23.01;0.0;14.969;0.73;29.45
1984-09-21;12.74;18.3;23.86;0.0;10.745;1.36;28.09
1984-09-22;13.56;17.05;20.55;1.32;3.828;2.49;57.51
1984-09-23;7.84;14.13;20.43;0.0;12.121;2.85;40.72
1984-09-24;5.22;13.2;21.18;0.0;14.949;0.67;26.56
1984-09-25;9.81;16.45;23.09;0.0;8.103;2.83;26.33
1984-09-26;10.41;16.63;22.85;0.0;8.749;1.92;42.68
1984-09-27;8.12;16.28;24.44;1.29;10.005;2.09;30.31
1984-09-28;13.67;17.43;21.2;0.0;7.016;4.16;61.17
1984-09-29;5.07;11.43;17.79;0.0;13.286;2.54;35.49
1984-09-30;2.99;10.84;18.68;0.0;13.599;1.1;28.48
1984-10-01;11.19;15.11;19.04;1.07;2.951;2.07;44.36
1984-10-02;9.05;16.2;23.36;0.0;13.268;1.04;36.13
1984-10-03;11.95;20.04;28.13;0.0;11.312;2.43;26.12
1984-10-04;9.37;16.02;22.68;0.0;11.241;1.81;45.23
1984-10-05;8.76;15.13;21.5;0.0;13.095;1.45;35.12
1984-10-06;9.9;14.14;18.38;2.89;2.681;2.87;56.19
1984-10-07;7.59;9.29;10.98;0.0;10.194;3.42;46.06
1984-10-08;0.22;4.98;9.73;0.0;11.243;2.92;35.7
1984-10-09;0.19;7.93;15.67;0.0;11.036;2.21;26.45
1984-10-10;7.05;13.52;19.99;0.0;10.821;3.52;26.56
1984-10-11;8.5;11.77;15.03;0.0;3.721;3.32;69.36
1984-10-12;8.47;12.31;16.15;3.82;1.852;1.73;75.77
1984-10-13;6.36;11.07;15.79;0.0;7.353;3.49;47.26
1984-10-14;8.93;13.89;18.86;0.0;8.641;1.17;51.67
1984-10-15;12.16;18.59;25.03;0.0;10.147;2.73;31.0
1984-10-16;13.29;19.54;25.78;0.0;10.092;4.3;25.14
1984-10-17;4.8;10.86;16.92;0.0;9.589;3.25;40.02
1984-10-18;4.25;9.15;14.05;0.0;5.628;2.41;41.33
1984-10-19;6.74;11.7;16.65;0.0;7.538;0.93;46.94
1984-10-20;7.9;14.93;21.95;0.0;9.22;3.21;27.81
1984-10-21;9.97;15.52;21.06;0.0;9.086;3.86;29.38
1984-10-22;9.08;14.11;19.14;0.0;9.437;3.92;26.46
1984-10-23;7.34;12.46;17.59;4.58;8.923;3.27;33.47
1984-10-24;8.82;8.8;8.78;12.32;0.607;3.43;89.77
1984-10-25;4.72;7.69;10.65;0.0;6.53;2.65;58.3
1984-10-26;3.89;8.5;13.12;0.0;6.528;1.83;62.46
1984-10-27;7.2;7.32;7.44;0.74;1.905;1.7;84.39
1984-10-28;7.71;9.13;10.55;4.68;4.08;2.74;77.27
1984-10-29;9.29;9.95;10.61;11.19;0.678;3.49;84.93
1984-10-30;8.84;11.14;13.45;0.0;4.598;2.63;65.74
1984-10-31;4.0;5.9;7.81;0.0;2.071;2.35;76.73
1984-11-01;0.87;3.43;5.98;0.0;5.7;1.55;58.52
1984-11-02;-0.91;2.56;6.03;0.0;5.243;0.76;56.61
1984-11-03;4.35;6.6;8.86;0.23;3.637;2.47;78.79
1984-11-04;7.4;8.81;10.22;0.44;6.308;2.66;67.98
1984-11-05;0.76;2.97;5.18;0.0;6.394;3.2;52.85
1984-11-06;-0.42;2.78;5.98;0.0;6.451;2.16;42.88
1984-11-07;6.06;10.02;13.97;0.0;6.907;4.46;53.15
1984-11-08;8.74;10.61;12.47;3.44;1.93;2.64;85.84
1984-11-09;9.93;11.11;12.29;0.86;1.751;1.1;87.68
1984-11-10;3.3;6.05;8.8;0.0;4.826;3.04;50.33
1984-11-11;2.08;4.87;7.65;0.0;5.752;3.32;57.66
1984-11-12;6.26;8.46;10.66;0.0;2.512;3.56;75.1
1984-11-13;7.68;7.61;7.54;0.0;2.287;3.9;70.74
1984-11-14;0.54;3.77;7.01;0.0;5.371;6.13;30.49
1984-11-15;-4.12;-1.98;0.16;0.0;4.981;5.11;30.1
1984-11-16;-5.72;-3.85;-1.98;0.0;5.321;1.96;37.89
1984-11-17;-4.4;-0.98;2.44;0.0;5.492;4.58;45.85
1984-11-18;1.93;3.85;5.77;1.5;3.436;2.85;69.18
1984-11-19;1.18;3.19;5.21;3.54;0.884;2.99;85.3
1984-11-20;0.53;1.52;2.52;0.0;2.697;3.68;70.52
1984-11-21;-0.2;2.69;5.58;0.0;2.993;3.53;46.96
1984-11-22;0.71;1.81;2.91;10.89;1.323;2.37;79.51
1984-11-23;-0.63;0.66;1.95;0.0;3.359;3.42;72.5
1984-11-24;-1.41;0.03;1.46;0.01;4.31;3.33;61.78
1984-11-25;-6.93;-3.17;0.58;1.09;4.77;4.73;64.02
1984-11-26;-6.98;-4.58;-2.19;0.0;4.582;2.5;72.54
1984-11-27;-8.37;-5.15;-1.93;0.0;3.72;2.23;59.37
1984-11-28;-8.22;-4.99;-1.75;0.99;4.825;2.78;56.8
1984-11-29;-0.6;0.26;1.11;0.0;4.425;4.45;78.34
1984-11-30;-0.2;1.9;3.99;2.55;1.676;5.44;69.02
1984-12-01;-1.71;-0.32;1.06;0.0;3.036;4.41;62.62
1984-12-02;-7.62;-4.92;-2.23;0.0;3.827;3.13;47.19
1984-12-03;-10.81;-8.38;-5.95;0.0;4.6;2.74;19.31
1984-12-04;-10.82;-7.91;-4.99;0.0;3.866;1.37;38.53
1984-12-05;-11.96;-9.31;-6.66;0.0;4.12;2.18;26.07
1984-12-06;-11.24;-8.87;-6.49;4.65;2.754;4.61;33.15
1984-12-07;-9.6;-6.71;-3.81;3.57;4.285;3.5;43.2
1984-12-08;-6.51;-3.94;-1.37;0.0;3.569;3.91;77.25
1984-12-09;-7.49;-3.54;0.42;0.71;3.837;3.23;70.9
1984-12-10;-5.04;-1.83;1.39;0.78;1.771;4.17;87.01
1984-12-11;-5.69;-2.08;1.53;0.26;3.873;2.95;68.01
1984-12-12;2.08;3.96;5.83;5.34;0.245;5.07;78.94
1984-12-13;-1.59;-0.19;1.21;0.2;3.251;4.37;64.34
1984-12-14;-1.51;-0.06;1.39;0.0;3.837;2.17;77.31
1984-12-15;-4.7;-1.16;2.38;0.0;3.686;2.19;69.34
1984-12-16;-6.56;-4.88;-3.2;0.0;3.621;2.85;53.6
1984-12-17;-5.18;-2.05;1.08;8.83;1.125;4.14;77.0
1984-12-18;-6.95;-4.27;-1.59;0.0;2.982;4.09;55.82
1984-12-19;-6.94;-4.39;-1.84;18.25;1.191;5.3;71.78
1984-12-20;-12.39;-8.7;-5.0;0.0;3.311;5.03;43.76
1984-12-21;-10.71;-6.89;-3.06;2.27;2.29;3.13;68.61
1984-12-22;-15.07;-10.71;-6.36;0.0;4.543;1.53;59.27
1984-12-23;-12.18;-7.88;-3.59;0.89;3.676;1.82;52.29
1984-12-24;-7.31;-4.76;-2.22;0.0;4.476;3.21;78.18
1984-12-25;-7.44;-4.23;-1.01;4.26;4.075;5.18;73.96
1984-12-26;-7.13;-4.43;-1.73;0.37;2.876;5.16;72.94
1984-12-27;-11.32;-7.33;-3.35;0.0;3.297;6.59;61.08
1984-12-28;-16.66;-12.73;-8.81;0.0;3.459;5.03;45.5
1984-12-29;-19.82;-16.54;-13.26;0.0;3.907;2.0;55.5
1984-12-30;-14.72;-7.59;-0.46;7.6;2.317;7.31;45.94
1984-12-31;-2.9;-1.39;0.12;7.87;3.952;4.28;83.07
