iso-date;tmin;tavg;tmax;precip;globrad;wind;relhumid
1980-01-01;3.3;4.75;6.2;0.0;2.15;3.8;81.4
1980-01-02;2.33;4.31;6.3;0.0;1.8;3.9;80.9
1980-01-03;4.2;6.3;8.4;9.01;2.4;6.0;78.19
1980-01-04;4.21;6.3;8.4;5.1;2.2;7.3;78.17
1980-01-05;2.67;5.38;8.1;0.0;3.898;2.7;75.05
1980-01-06;6.4;8.36;10.31;5.6;1.3;3.3;84.2
1980-01-07;6.7;8.21;9.71;0.0;2.3;2.7;88.63
1980-01-08;6.6;7.66;8.71;11.16;1.188;0.24;91.44
1980-01-09;6.9;7.45;8.0;0.0;1.5;1.7;93.18
1980-01-10;3.6;6.25;8.9;0.0;3.0;1.6;85.61
1980-01-11;2.8;4.65;6.5;4.1;2.2;3.9;82.6
1980-01-12;0.44;2.72;5.0;0.0;2.6;2.4;79.8
1980-01-13;-0.7;1.65;4.0;0.0;3.5;3.3;76.84
1980-01-14;3.25;5.13;7.0;0.0;3.2;4.4;78.85
1980-01-15;4.81;6.71;8.61;6.1;1.6;5.8;81.5
1980-01-16;4.71;6.11;7.5;0.0;2.2;6.01;70.19
1980-01-17;4.1;5.15;6.2;2.85;2.2;5.3;83.27
1980-01-18;3.33;5.18;7.03;1.6;2.3;4.5;79.6
1980-01-19;5.31;6.69;8.07;6.1;1.4;3.0;88.41
1980-01-20;7.49;8.55;9.62;9.56;3.3;4.57;84.81
1980-01-21;8.34;9.84;11.33;13.03;1.5;3.6;89.1
1980-01-22;4.2;7.05;9.9;0.0;2.8;3.2;83.21
1980-01-23;4.11;8.3;12.5;3.0;1.6;6.6;56.1
1980-01-24;8.6;10.58;12.56;0.0;2.5;8.4;43.12
1980-01-25;1.9;4.9;7.9;0.0;3.5;5.9;38.48
1980-01-26;1.5;2.74;3.97;3.0;2.6;4.1;81.18
1980-01-27;1.4;2.85;4.3;0.0;3.8;4.3;75.51
1980-01-28;1.2;5.3;9.4;8.38;1.9;4.6;63.6
1980-01-29;5.5;7.65;9.8;0.0;3.3;6.9;64.21
1980-01-30;1.35;3.88;6.4;6.69;3.0;4.1;84.72
1980-01-31;0.67;1.68;2.69;0.0;1.1;5.52;61.3
1980-02-01;0.45;1.48;2.5;4.94;1.1;4.92;74.74
1980-02-02;-1.74;1.33;4.4;6.47;1.9;5.8;67.51
1980-02-03;4.0;7.1;10.2;2.33;1.9;7.0;63.6
1980-02-04;9.79;10.75;11.72;7.15;1.9;6.9;89.21
1980-02-05;4.9;7.49;10.07;0.0;4.6;2.1;65.63
1980-02-06;4.4;4.55;4.7;11.06;1.539;1.2;89.88
1980-02-07;5.43;8.41;11.4;5.98;2.4;2.8;79.59
1980-02-08;5.43;6.83;8.23;6.56;1.9;5.2;79.38
1980-02-09;-1.6;1.4;4.4;6.4;3.028;6.7;68.63
1980-02-10;-6.7;-3.87;-1.03;0.0;6.0;3.8;41.72
1980-02-11;-7.5;-4.17;-0.85;0.0;5.8;1.14;70.11
1980-02-12;-8.62;-5.44;-2.26;0.0;7.5;2.7;33.76
1980-02-13;-8.8;-5.39;-1.97;0.0;7.056;1.3;48.76
1980-02-14;-8.9;-4.55;-0.2;0.0;8.8;4.4;25.68
1980-02-15;-2.0;1.29;4.57;0.0;4.2;4.8;74.22
1980-02-16;2.48;5.44;8.4;8.5;4.1;5.0;67.94
1980-02-17;0.8;3.85;6.91;0.0;7.9;3.8;48.81
1980-02-18;3.3;8.62;13.93;1.9;3.8;4.93;59.85
1980-02-19;5.6;8.65;11.7;1.87;5.9;2.8;85.1
1980-02-20;-1.4;3.05;7.5;0.0;7.6;1.5;67.2
1980-02-21;-7.15;-0.83;5.5;0.0;7.702;1.3;48.42
1980-02-22;-0.1;3.9;7.9;0.0;8.7;3.3;41.43
1980-02-23;-0.1;2.9;5.9;0.0;4.3;1.9;68.9
1980-02-24;1.85;5.83;9.8;0.0;7.191;1.91;48.22
1980-02-25;2.0;4.95;7.9;6.32;2.599;4.1;67.37
1980-02-26;1.4;6.86;12.31;0.0;8.7;1.3;67.9
1980-02-27;0.0;4.43;8.87;0.0;6.0;1.4;56.86
1980-02-28;-1.5;4.1;9.7;0.0;10.3;2.0;37.66
1980-02-29;0.0;0.0;0.0;0.0;0.0;0.0;0.0
1980-03-01;-0.4;3.2;6.8;0.0;6.9;2.3;61.5
1980-03-02;-1.67;1.96;5.6;0.0;6.4;2.3;51.6
1980-03-03;2.4;6.8;11.2;0.0;6.7;3.8;61.81
1980-03-04;5.01;7.35;9.7;14.24;2.552;4.41;85.1
1980-03-05;-0.42;3.34;7.1;0.0;7.074;1.69;59.53
1980-03-06;-0.5;2.5;5.5;0.0;6.4;3.8;55.63
1980-03-07;-1.66;1.85;5.37;0.0;6.3;2.2;70.07
1980-03-08;-3.44;-0.02;3.4;0.0;8.619;0.9;59.07
1980-03-09;-2.0;0.85;3.7;0.0;6.9;1.2;63.49
1980-03-10;-5.19;-0.38;4.43;1.2;11.388;2.0;48.86
1980-03-11;1.03;3.0;4.96;2.2;6.0;5.0;68.61
1980-03-12;-1.1;2.75;6.59;0.0;7.4;4.1;55.85
1980-03-13;-4.68;1.22;7.11;0.0;13.058;1.1;35.58
1980-03-14;-2.5;3.5;9.5;0.0;14.0;1.92;30.4
1980-03-15;-2.51;2.79;8.09;0.0;15.603;1.9;31.49
1980-03-16;-5.0;1.65;8.3;0.0;14.6;0.7;35.9
1980-03-17;-0.74;4.12;8.97;0.0;13.268;1.1;38.8
1980-03-18;1.49;5.95;10.4;0.0;9.3;0.9;45.34
1980-03-19;4.67;8.43;12.2;2.8;5.8;3.5;69.57
1980-03-20;4.6;9.71;14.82;12.28;4.107;4.0;73.87
1980-03-21;1.12;4.9;8.68;3.7;5.1;2.3;68.18
1980-03-22;-3.9;2.1;8.1;0.0;15.615;1.8;37.55
1980-03-23;2.9;5.7;8.49;5.1;5.7;4.3;70.64
1980-03-24;0.6;3.25;5.9;0.0;12.2;4.72;46.66
1980-03-25;-0.26;2.53;5.32;0.0;6.9;3.2;40.8
1980-03-26;-0.1;3.4;6.9;0.0;9.145;3.5;52.7
1980-03-27;-3.42;2.24;7.9;0.0;12.8;0.7;40.8
1980-03-28;-1.4;4.55;10.5;0.0;14.0;1.4;35.29
1980-03-29;-0.3;5.6;11.5;0.0;17.267;2.5;27.8
1980-03-30;0.9;7.49;14.08;0.0;17.9;3.3;24.29
1980-03-31;1.7;9.16;16.63;0.0;18.1;2.6;23.81
1980-04-01;4.6;11.75;18.9;0.0;16.006;1.7;28.94
1980-04-02;3.6;12.49;21.37;0.0;17.4;1.8;29.58
1980-04-03;8.53;12.82;17.1;9.0;7.019;3.6;73.09
1980-04-04;7.1;11.36;15.62;0.0;10.9;4.8;52.28
1980-04-05;2.7;6.0;9.3;2.4;7.3;2.8;75.76
1980-04-06;-0.7;2.85;6.4;0.0;10.79;3.5;47.65
1980-04-07;-1.34;3.03;7.4;0.0;16.0;3.7;23.7
1980-04-08;3.3;8.05;12.8;5.8;8.384;4.7;48.43
1980-04-09;2.8;5.05;7.3;2.85;11.674;4.4;55.8
1980-04-10;-0.8;3.5;7.8;0.0;15.1;1.8;34.8
1980-04-11;-1.9;4.85;11.61;0.0;19.9;2.5;24.64
1980-04-12;0.0;7.15;14.3;0.0;19.306;2.0;27.27
1980-04-13;0.81;9.97;19.14;0.0;19.2;1.8;27.77
1980-04-14;6.1;15.11;24.12;0.0;18.1;2.5;34.43
1980-04-15;8.5;16.49;24.49;0.0;19.1;1.8;35.17
1980-04-16;6.7;15.46;24.22;0.0;17.104;1.1;41.48
1980-04-17;11.3;16.35;21.4;1.9;10.9;1.2;54.9
1980-04-18;9.2;16.75;24.3;0.0;17.7;2.1;34.8
1980-04-19;8.68;15.57;22.46;0.0;20.522;3.9;32.74
1980-04-20;10.4;16.6;22.8;1.17;18.3;3.7;37.8
1980-04-21;7.03;12.23;17.43;1.9;10.672;0.7;62.23
1980-04-22;5.5;13.29;21.09;0.0;18.2;1.8;41.35
1980-04-23;7.5;14.6;21.7;1.2;17.322;2.0;46.69
1980-04-24;9.51;16.91;24.3;3.51;15.1;2.6;40.85
1980-04-25;10.27;16.09;21.9;0.0;19.1;4.94;39.48
1980-04-26;7.3;12.6;17.9;0.0;13.277;5.36;32.8
1980-04-27;7.3;11.66;16.02;5.4;8.385;2.8;51.21
1980-04-28;9.73;14.64;19.55;4.0;18.8;3.1;45.2
1980-04-29;10.5;15.38;20.25;0.0;11.383;1.7;63.77
1980-04-30;8.7;15.2;21.7;4.1;12.057;1.6;50.23
1980-05-01;6.2;9.11;12.02;0.0;9.1;4.21;64.7
1980-05-02;5.2;7.22;9.25;0.0;17.079;4.1;37.8
1980-05-03;5.85;8.51;11.17;0.0;19.416;1.5;36.0
1980-05-04;6.3;9.8;13.3;0.0;11.0;2.1;55.71
1980-05-05;7.07;13.59;20.1;0.0;16.816;0.8;50.75
1980-05-06;5.7;13.95;22.2;3.4;17.3;2.1;42.66
1980-05-07;7.6;13.15;18.7;2.0;10.9;3.9;66.66
1980-05-08;4.8;11.65;18.5;0.0;23.698;1.86;38.83
1980-05-09;4.6;8.59;12.58;0.0;21.089;2.7;42.7
1980-05-10;3.5;9.13;14.77;0.0;20.9;2.1;41.82
1980-05-11;7.0;11.55;16.11;1.7;15.878;2.76;46.21
1980-05-12;8.32;11.41;14.5;0.0;14.27;3.9;54.0
1980-05-13;8.8;15.1;21.4;2.79;20.737;3.0;46.83
1980-05-14;13.41;17.76;22.1;22.71;9.8;2.8;61.26
1980-05-15;11.76;15.13;18.5;0.0;8.9;1.7;77.54
1980-05-16;9.9;14.82;19.74;0.0;12.09;1.0;61.73
1980-05-17;7.5;14.89;22.28;0.0;25.305;2.0;36.77
1980-05-18;8.99;16.05;23.12;0.0;25.32;2.6;33.32
1980-05-19;8.5;15.7;22.9;0.0;25.606;2.0;33.8
1980-05-20;7.99;15.39;22.8;0.0;25.4;1.1;35.84
1980-05-21;9.0;16.25;23.5;0.0;26.0;1.2;36.4
1980-05-22;8.9;16.55;24.2;0.0;21.6;1.7;42.12
1980-05-23;14.11;17.27;20.43;0.0;7.497;2.3;81.92
1980-05-24;11.2;15.2;19.2;0.0;8.095;0.7;72.67
1980-05-25;11.11;15.71;20.3;4.1;17.246;3.23;57.5
1980-05-26;6.6;10.59;14.57;5.52;16.2;3.5;57.39
1980-05-27;6.4;10.5;14.6;2.0;14.6;3.1;50.48
1980-05-28;9.0;12.73;16.46;3.0;14.2;4.6;45.5
1980-05-29;8.5;12.0;15.5;1.2;16.714;4.9;42.29
1980-05-30;7.6;10.68;13.76;6.0;7.604;3.6;65.93
1980-05-31;7.1;12.05;17.0;0.0;23.397;2.9;40.81
1980-06-01;5.63;10.41;15.2;0.0;21.5;1.4;41.9
1980-06-02;6.9;11.2;15.5;0.0;20.99;2.0;40.9
1980-06-03;5.5;10.4;15.3;2.0;9.434;1.4;47.02
1980-06-04;5.1;10.6;16.1;0.0;22.3;2.4;41.56
1980-06-05;6.49;11.25;16.0;0.0;19.189;2.13;44.64
1980-06-06;6.7;12.15;17.6;1.9;22.1;2.2;43.1
1980-06-07;7.22;12.51;17.8;0.0;20.233;1.9;42.8
1980-06-08;10.03;13.11;16.2;0.0;9.8;2.4;60.23
1980-06-09;10.1;12.7;15.3;5.0;11.146;3.4;76.55
1980-06-10;7.6;11.7;15.8;1.1;15.504;4.0;48.4
1980-06-11;7.02;11.76;16.5;1.4;19.039;2.1;43.23
1980-06-12;6.8;11.7;16.6;0.0;18.382;2.0;44.98
1980-06-13;6.3;12.4;18.5;0.0;24.6;1.1;39.56
1980-06-14;6.0;13.3;20.6;0.0;24.603;0.8;39.1
1980-06-15;6.8;14.81;22.82;0.0;24.88;0.7;40.3
1980-06-16;9.73;16.85;23.97;0.0;21.062;1.2;45.24
1980-06-17;10.8;16.6;22.4;0.0;24.5;2.4;43.11
1980-06-18;9.3;16.0;22.7;0.0;28.509;2.0;36.9
1980-06-19;8.69;13.45;18.2;0.0;22.418;3.1;39.29
1980-06-20;7.3;11.6;15.9;0.0;24.786;3.0;35.99
1980-06-21;8.89;13.63;18.36;0.0;24.2;2.4;35.64
1980-06-22;7.09;14.21;21.32;0.0;30.33;2.59;33.26
1980-06-23;9.0;13.8;18.6;0.0;21.7;2.6;45.8
1980-06-24;12.1;13.9;15.7;0.0;11.091;1.6;56.2
1980-06-25;10.5;13.85;17.2;0.0;17.6;1.8;40.5
1980-06-26;11.5;14.77;18.03;0.0;17.8;1.7;42.2
1980-06-27;9.8;13.7;17.6;3.4;12.2;2.7;61.6
1980-06-28;11.5;16.4;21.3;0.0;21.2;3.8;40.73
1980-06-29;13.1;16.75;20.4;0.0;11.987;3.7;54.65
1980-06-30;11.6;18.66;25.71;0.0;24.102;2.7;40.5
1980-07-01;10.8;16.68;22.56;0.0;22.1;2.2;42.98
1980-07-02;12.5;16.65;20.8;4.6;14.48;3.1;49.5
1980-07-03;11.7;15.5;19.3;0.0;12.595;2.7;53.5
1980-07-04;12.8;18.43;24.06;4.09;14.9;3.5;55.29
1980-07-05;12.9;15.32;17.74;1.4;17.5;4.05;54.54
1980-07-06;12.0;15.25;18.5;0.0;18.4;4.3;42.44
1980-07-07;10.8;15.24;19.67;1.6;15.3;2.7;46.4
1980-07-08;8.9;13.3;17.7;0.0;13.565;2.7;47.23
1980-07-09;8.1;13.75;19.4;0.0;22.3;1.0;38.9
1980-07-10;8.5;15.11;21.72;0.0;21.965;2.4;42.4
1980-07-11;9.41;16.7;24.0;0.0;27.5;1.2;38.55
1980-07-12;8.44;17.12;25.8;0.0;22.079;0.72;37.9
1980-07-13;13.4;18.8;24.2;7.0;16.373;2.76;54.4
1980-07-14;10.9;14.25;17.6;0.0;14.3;1.8;67.82
1980-07-15;11.26;16.11;20.95;0.0;12.4;2.7;46.1
1980-07-16;11.0;15.8;20.6;9.62;15.9;3.7;58.97
1980-07-17;10.6;14.85;19.1;0.0;18.999;2.6;46.67
1980-07-18;10.4;15.91;21.41;0.0;22.279;0.91;37.41
1980-07-19;10.19;18.09;26.0;0.0;29.338;2.7;34.34
1980-07-20;12.4;19.24;26.08;2.0;23.002;3.51;38.46
1980-07-21;14.5;17.8;21.1;3.8;18.692;3.1;47.0
1980-07-22;10.8;15.7;20.6;2.9;9.2;2.0;51.35
1980-07-23;8.5;13.9;19.3;0.0;18.013;1.3;47.06
1980-07-24;8.51;15.25;22.0;0.0;23.002;1.2;36.2
1980-07-25;9.5;18.3;27.11;0.0;26.302;2.2;29.95
1980-07-26;12.2;21.72;31.24;6.63;23.823;1.6;30.21
1980-07-27;12.4;18.16;23.92;2.3;19.5;3.0;49.64
1980-07-28;12.1;15.85;19.6;0.0;18.764;3.9;43.29
1980-07-29;13.3;17.55;21.8;0.0;14.2;3.87;49.64
1980-07-30;12.2;16.35;20.5;0.0;10.099;2.1;45.57
1980-07-31;12.0;15.7;19.4;6.04;10.042;2.0;66.53
1980-08-01;11.5;15.8;20.1;0.0;17.5;1.3;40.6
1980-08-02;9.8;16.6;23.4;0.0;22.607;2.6;33.19
1980-08-03;10.85;17.88;24.9;0.0;22.5;2.3;30.1
1980-08-04;10.4;18.49;26.58;0.0;24.875;2.2;26.75
1980-08-05;11.6;19.89;28.18;0.0;25.251;3.4;25.66
1980-08-06;14.28;17.64;21.0;9.1;11.4;2.7;46.34
1980-08-07;12.9;16.0;19.1;8.67;13.5;2.0;76.57
1980-08-08;12.56;17.28;22.0;0.0;14.283;1.3;47.4
1980-08-09;11.18;18.41;25.64;0.0;20.9;1.4;34.28
1980-08-10;15.2;21.5;27.8;0.0;23.0;2.0;30.13
1980-08-11;12.2;19.76;27.32;0.0;21.5;1.8;36.19
1980-08-12;11.1;17.7;24.3;0.0;15.764;1.9;43.2
1980-08-13;10.29;15.89;21.5;1.2;9.0;1.9;54.4
1980-08-14;13.8;21.02;28.24;1.8;19.3;2.48;41.61
1980-08-15;14.0;18.05;22.1;0.0;13.992;3.0;41.3
1980-08-16;12.5;16.6;20.7;5.4;12.6;3.5;48.29
1980-08-17;12.8;16.1;19.4;0.0;12.476;2.7;39.1
1980-08-18;12.6;14.3;16.0;7.6;7.769;2.04;66.91
1980-08-19;12.4;15.4;18.4;7.39;11.7;2.88;66.46
1980-08-20;9.95;16.73;23.5;0.0;16.4;0.3;42.12
1980-08-21;12.8;18.35;23.9;0.0;13.5;1.0;40.79
1980-08-22;12.9;17.5;22.1;0.0;17.8;2.8;44.48
1980-08-23;12.3;15.42;18.54;24.56;11.1;2.47;61.34
1980-08-24;10.3;14.54;18.78;0.0;14.4;2.6;48.16
1980-08-25;11.3;15.18;19.06;8.75;11.7;3.7;52.6
1980-08-26;12.9;15.2;17.5;7.41;7.298;2.3;87.83
1980-08-27;10.57;14.19;17.8;0.0;15.162;2.1;49.69
1980-08-28;11.38;13.7;16.02;0.0;9.665;2.6;52.54
1980-08-29;10.33;14.16;18.0;0.0;12.742;2.3;46.64
1980-08-30;9.8;14.0;18.2;0.0;11.2;0.8;46.37
1980-08-31;11.83;15.61;19.4;4.77;5.423;0.9;66.31
1980-09-01;10.4;15.66;20.93;0.0;12.6;0.32;55.51
1980-09-02;12.3;17.05;21.8;0.0;15.3;1.4;49.61
1980-09-03;9.74;14.87;20.0;0.0;10.178;2.3;50.8
1980-09-04;9.2;15.25;21.3;0.0;17.99;2.2;39.1
1980-09-05;5.6;13.55;21.5;0.0;18.702;0.9;35.66
1980-09-06;4.65;13.52;22.4;0.0;18.996;0.5;33.16
1980-09-07;6.31;14.8;23.3;0.0;19.372;0.68;33.33
1980-09-08;6.9;15.05;23.2;0.0;17.878;0.8;34.55
1980-09-09;5.1;14.1;23.1;0.0;18.004;0.5;35.28
1980-09-10;7.6;16.4;25.2;0.0;17.611;1.6;31.2
1980-09-11;9.3;17.9;26.5;0.0;17.137;2.4;28.24
1980-09-12;11.9;20.09;28.28;0.0;18.732;3.1;28.7
1980-09-13;13.7;20.73;27.76;0.0;17.0;3.0;30.8
1980-09-14;13.2;17.95;22.7;2.9;11.519;4.5;41.87
1980-09-15;11.7;16.35;21.0;1.39;11.095;5.7;41.81
1980-09-16;13.4;15.9;18.4;4.3;8.594;5.16;63.22
1980-09-17;13.3;16.15;19.0;0.0;7.309;3.5;55.62
1980-09-18;12.02;16.26;20.5;0.0;6.365;3.3;47.31
1980-09-19;10.7;15.9;21.1;0.0;16.418;2.2;45.01
1980-09-20;10.6;15.2;19.81;4.8;8.2;1.6;66.39
1980-09-21;12.6;16.1;19.6;6.1;6.9;3.4;86.89
1980-09-22;10.5;14.2;17.9;3.7;6.2;3.1;65.33
1980-09-23;8.7;10.73;12.76;0.0;8.3;3.8;54.61
1980-09-24;8.5;10.82;13.15;0.0;8.0;4.85;40.89
1980-09-25;8.7;12.95;17.2;6.0;3.722;7.86;49.66
1980-09-26;14.41;16.55;18.7;6.08;1.687;6.4;76.59
1980-09-27;12.2;17.25;22.3;0.0;14.701;4.43;36.89
1980-09-28;11.01;18.11;25.2;0.0;15.196;2.9;36.79
1980-09-29;11.41;18.47;25.53;0.0;11.616;2.4;40.69
1980-09-30;9.8;16.8;23.79;6.0;9.937;1.0;46.7
1980-10-01;8.06;13.28;18.5;6.0;8.177;3.1;69.7
1980-10-02;6.0;10.9;15.8;0.0;10.1;1.5;48.81
1980-10-03;6.4;10.1;13.8;0.0;6.258;2.5;54.03
1980-10-04;5.09;8.9;12.71;0.0;7.442;1.3;54.5
1980-10-05;7.0;11.1;15.2;1.47;8.7;2.9;46.49
1980-10-06;9.1;11.95;14.8;2.31;7.599;3.6;61.6
1980-10-07;7.4;8.95;10.5;19.18;3.366;4.0;82.72
1980-10-08;5.93;11.21;16.5;11.8;2.4;3.9;57.33
1980-10-09;10.2;13.05;15.9;2.0;6.1;5.12;61.29
1980-10-10;9.8;12.4;15.0;0.0;7.9;5.42;54.1
1980-10-11;8.1;11.35;14.6;2.0;6.9;4.3;60.26
1980-10-12;4.52;9.47;14.42;0.0;8.61;3.1;58.9
1980-10-13;1.99;7.95;13.9;0.0;8.515;1.9;46.88
1980-10-14;2.7;8.52;14.33;0.0;8.512;2.6;50.96
1980-10-15;2.1;7.07;12.04;0.0;9.7;1.7;48.57
1980-10-16;2.0;5.55;9.11;2.9;4.2;1.2;76.98
1980-10-17;5.1;8.0;10.9;0.0;4.2;3.8;72.59
1980-10-18;6.5;9.65;12.8;0.0;6.5;4.92;54.5
1980-10-19;6.3;8.6;10.9;0.0;3.8;3.7;61.13
1980-10-20;4.6;7.05;9.51;0.0;5.073;4.6;62.98
1980-10-21;3.3;6.65;10.0;1.99;2.7;2.3;69.5
1980-10-22;-0.2;5.05;10.3;0.0;8.662;1.1;56.32
1980-10-23;-0.32;5.14;10.6;0.0;7.0;3.0;47.19
1980-10-24;7.6;8.8;10.0;9.8;2.3;5.0;87.54
1980-10-25;6.49;9.04;11.6;0.0;6.9;4.4;59.2
1980-10-26;5.95;8.63;11.3;0.0;4.514;4.5;75.51
1980-10-27;5.68;8.29;10.9;1.1;4.4;2.8;72.0
1980-10-28;5.0;8.85;12.7;0.0;6.5;4.3;50.13
1980-10-29;7.0;9.1;11.2;2.5;3.7;5.9;69.4
1980-10-30;7.8;9.63;11.47;4.37;4.8;6.59;61.26
1980-10-31;9.3;10.65;12.0;5.9;1.7;6.8;86.85
1980-11-01;4.0;7.4;10.8;0.0;4.0;2.6;85.2
1980-11-02;2.36;5.88;9.4;0.0;3.5;1.0;84.72
1980-11-03;-0.4;3.53;7.47;0.0;4.535;1.29;78.64
1980-11-04;2.72;5.46;8.2;5.4;2.1;2.7;88.1
1980-11-05;4.4;6.65;8.9;7.7;3.7;4.0;86.11
1980-11-06;3.4;5.9;8.4;5.4;3.808;4.15;72.08
1980-11-07;3.51;6.46;9.4;1.6;2.5;6.2;65.41
1980-11-08;5.55;7.78;10.0;0.0;4.423;3.8;54.15
1980-11-09;5.7;8.46;11.22;0.0;3.196;3.0;69.37
1980-11-10;2.2;5.85;9.49;0.0;2.9;1.8;64.48
1980-11-11;1.9;4.72;7.55;0.0;3.863;2.0;69.21
1980-11-12;-0.41;1.79;3.99;0.0;4.7;3.0;50.36
1980-11-13;-2.8;0.32;3.43;0.0;5.056;2.1;47.67
1980-11-14;-2.8;1.46;5.71;0.0;2.1;1.0;69.92
1980-11-15;4.5;5.9;7.3;0.0;2.6;1.39;87.61
1980-11-16;4.8;5.99;7.18;1.1;2.0;2.9;89.7
1980-11-17;1.2;3.8;6.4;10.25;1.6;3.31;89.4
1980-11-18;1.1;2.95;4.8;4.93;0.978;4.1;85.2
1980-11-19;1.97;3.85;5.74;0.0;3.2;2.32;84.71
1980-11-20;-2.04;0.92;3.88;0.0;3.205;1.2;73.4
1980-11-21;-3.8;-0.8;2.2;0.0;3.505;0.6;72.23
1980-11-22;-4.36;-2.32;-0.27;0.0;4.7;1.2;73.87
1980-11-23;-3.4;-0.83;1.74;0.0;2.2;2.26;75.9
1980-11-24;-1.0;1.2;3.4;0.0;1.8;2.6;81.42
1980-11-25;-4.84;-2.22;0.4;0.0;3.4;1.1;87.7
1980-11-26;-5.65;-3.31;-0.97;0.0;4.878;3.2;35.78
1980-11-27;-6.12;-3.64;-1.16;0.0;4.995;2.4;29.86
1980-11-28;-6.0;-3.4;-0.8;0.0;3.5;1.7;48.19
1980-11-29;-5.96;-3.38;-0.8;0.0;4.3;2.73;30.08
1980-11-30;-2.8;0.4;3.6;0.0;1.6;1.3;76.95
1980-12-01;3.39;5.95;8.5;1.2;2.277;4.9;85.23
1980-12-02;0.6;4.65;8.7;1.2;1.8;3.0;89.41
1980-12-03;-0.4;1.52;3.44;0.0;2.7;2.1;85.42
1980-12-04;-2.3;0.44;3.17;0.0;3.2;2.04;62.83
1980-12-05;-2.12;1.14;4.4;0.0;2.2;5.29;32.31
1980-12-06;3.47;6.15;8.82;1.5;1.8;5.7;76.8
1980-12-07;3.2;7.2;11.2;8.7;1.6;5.4;63.08
1980-12-08;11.33;12.77;14.2;15.63;1.196;5.6;90.96
1980-12-09;9.96;12.32;14.69;0.0;1.692;5.5;82.8
1980-12-10;4.5;7.5;10.5;0.0;2.8;4.8;70.47
1980-12-11;4.7;6.8;8.9;0.0;2.5;2.9;83.9
1980-12-12;2.55;4.42;6.3;0.0;3.8;3.4;85.0
1980-12-13;2.51;6.25;9.98;4.12;2.4;4.1;71.79
1980-12-14;9.75;11.21;12.66;0.0;1.8;5.9;85.2
1980-12-15;9.9;10.5;11.1;9.6;0.8;6.0;91.1
1980-12-16;9.7;10.2;10.7;9.98;0.9;3.1;93.8
1980-12-17;8.31;9.28;10.25;12.6;1.4;6.3;85.82
1980-12-18;4.52;7.0;9.49;0.0;2.0;3.4;80.16
1980-12-19;4.9;5.75;6.6;14.22;1.4;3.0;92.51
1980-12-20;1.78;3.54;5.3;6.81;1.9;1.3;85.61
1980-12-21;0.51;2.4;4.3;1.2;2.5;1.9;77.7
1980-12-22;0.3;1.7;3.1;1.8;0.6;3.9;81.42
1980-12-23;-0.06;2.12;4.3;0.0;2.4;2.9;75.2
1980-12-24;-0.4;2.25;4.9;1.47;2.7;2.4;81.88
1980-12-25;2.8;5.36;7.91;1.8;1.7;3.9;82.5
1980-12-26;3.4;6.99;10.57;13.23;1.6;5.8;68.68
1980-12-27;6.6;8.7;10.8;12.43;1.6;7.2;80.72
1980-12-28;3.4;5.05;6.7;6.8;1.6;6.8;76.03
1980-12-29;3.17;6.18;9.2;6.8;1.5;4.7;71.97
1980-12-30;5.2;7.45;9.7;25.28;1.1;4.8;87.6
1980-12-31;2.97;4.63;6.3;5.0;1.4;7.5;49.74
1981-01-01;1.7;5.05;8.4;6.71;2.8;3.8;48.43
1981-01-02;3.3;5.7;8.1;14.07;1.1;6.9;79.51
1981-01-03;-1.35;1.47;4.3;0.0;3.5;3.2;63.56
1981-01-04;2.0;5.0;8.0;0.0;1.4;3.1;73.9
1981-01-05;3.8;7.2;10.6;0.0;1.3;4.0;80.71
1981-01-06;4.9;7.56;10.21;3.6;1.9;4.1;81.5
1981-01-07;0.3;3.55;6.8;0.0;2.5;1.9;83.05
1981-01-08;-0.4;3.95;8.3;0.0;3.27;0.81;83.32
1981-01-09;-0.9;3.3;7.5;0.0;2.2;1.2;71.27
1981-01-10;-2.0;1.69;5.39;0.0;3.5;1.7;73.83
1981-01-11;-2.51;0.05;2.6;0.0;2.5;2.1;84.89
1981-01-12;2.29;3.09;3.9;0.0;1.4;1.3;89.42
1981-01-13;-1.6;0.55;2.7;0.0;4.1;3.3;81.1
1981-01-14;0.3;2.5;4.69;0.0;2.0;4.0;58.93
1981-01-15;1.5;3.25;5.0;3.5;2.0;5.8;79.35
1981-01-16;4.92;6.74;8.55;9.47;1.2;6.7;82.78
1981-01-17;-2.02;2.91;7.83;0.0;2.9;0.9;65.06
1981-01-18;-2.12;0.59;3.3;0.0;3.653;0.8;83.91
1981-01-19;-0.1;3.97;8.04;0.0;1.7;3.2;80.41
1981-01-20;2.0;4.7;7.4;0.0;2.5;1.6;87.1
1981-01-21;1.69;4.8;7.92;0.0;3.1;1.6;80.41
1981-01-22;1.08;3.79;6.5;0.0;4.8;3.5;69.08
1981-01-23;4.5;6.28;8.05;0.0;1.8;3.59;83.9
1981-01-24;5.29;6.99;8.7;0.0;4.2;3.7;74.95
1981-01-25;3.3;6.6;9.9;0.0;4.4;3.1;64.77
1981-01-26;7.76;10.75;13.75;0.0;4.1;4.32;56.3
1981-01-27;9.05;10.32;11.6;0.0;2.0;4.2;86.65
1981-01-28;8.9;10.7;12.5;0.0;3.7;4.1;81.0
1981-01-29;0.7;4.45;8.2;0.0;4.69;1.9;74.53
1981-01-30;-1.6;1.37;4.35;0.0;5.5;1.9;74.42
1981-01-31;-1.0;2.21;5.41;0.0;5.5;2.0;63.6
1981-02-01;-3.5;-0.6;2.3;0.0;5.714;0.8;80.75
1981-02-02;-3.37;0.31;3.99;0.0;1.695;1.85;82.99
1981-02-03;1.19;3.8;6.41;0.0;5.2;1.9;60.68
1981-02-04;-3.81;0.24;4.3;0.0;5.997;1.57;63.27
1981-02-05;-6.21;-1.85;2.5;0.0;5.5;0.21;67.71
1981-02-06;-6.71;-2.35;2.0;0.0;6.5;0.68;62.74
1981-02-07;-7.98;-3.34;1.3;0.0;7.284;0.8;65.91
1981-02-08;-7.3;-2.85;1.59;0.0;6.0;1.2;68.73
1981-02-09;-7.3;-2.86;1.57;0.0;6.3;1.2;66.6
1981-02-10;-7.38;-3.29;0.8;0.0;7.0;1.2;62.94
1981-02-11;-8.1;-3.65;0.8;0.0;7.4;0.96;35.48
1981-02-12;-8.12;-3.26;1.6;0.0;7.2;1.3;51.98
1981-02-13;-8.04;-3.22;1.59;0.0;7.4;1.3;54.66
1981-02-14;-8.0;-3.06;1.89;0.0;7.6;2.7;42.41
1981-02-15;-1.5;0.6;2.7;0.0;5.6;1.9;77.65
1981-02-16;-1.6;0.34;2.28;4.6;4.6;4.0;80.35
1981-02-17;-1.4;2.15;5.7;0.0;7.8;3.78;56.78
1981-02-18;-0.19;3.25;6.7;4.8;7.1;6.67;47.1
1981-02-19;-2.48;1.56;5.6;0.0;8.402;4.3;40.39
1981-02-20;2.6;5.9;9.2;6.5;5.5;5.2;72.65
1981-02-21;3.4;4.7;6.0;2.8;3.814;6.01;68.1
1981-02-22;2.6;5.9;9.2;0.0;8.014;4.3;51.05
1981-02-23;6.5;8.45;10.4;2.3;5.4;7.0;59.8
1981-02-24;2.7;6.1;9.5;8.3;4.3;6.7;66.72
1981-02-25;-1.5;3.33;8.17;0.0;9.5;2.6;39.8
1981-02-26;2.62;8.81;15.0;0.0;4.4;4.04;57.2
1981-02-27;7.5;12.05;16.6;0.0;10.203;3.72;56.75
1981-02-28;4.84;11.12;17.4;0.0;9.9;2.6;47.3
1981-03-01;2.5;10.0;17.5;0.0;11.006;2.3;38.2
1981-03-02;5.68;10.96;16.25;0.0;6.136;1.9;65.0
1981-03-03;7.81;11.02;14.22;0.0;4.498;1.16;84.75
1981-03-04;7.02;12.15;17.28;0.0;7.6;1.0;60.36
1981-03-05;5.3;12.15;19.0;0.0;12.208;2.09;50.19
1981-03-06;7.1;12.75;18.39;1.5;11.151;3.02;54.5
1981-03-07;4.9;9.05;13.2;0.0;10.2;2.9;59.88
1981-03-08;4.04;7.02;10.0;1.6;5.8;4.4;64.5
1981-03-09;3.99;7.75;11.5;0.0;9.5;3.9;50.05
1981-03-10;5.91;8.41;10.9;0.0;12.387;3.9;56.4
1981-03-11;6.91;9.8;12.7;0.0;8.173;6.5;58.25
1981-03-12;3.5;8.45;13.4;0.0;11.024;4.0;50.3
1981-03-13;2.6;9.87;17.13;0.0;14.0;1.9;37.96
1981-03-14;4.51;11.48;18.46;0.0;13.3;2.6;40.25
1981-03-15;7.91;12.41;16.91;0.0;5.7;4.0;62.59
1981-03-16;7.4;12.09;16.78;0.0;10.2;4.7;44.7
1981-03-17;4.4;8.2;12.0;1.88;8.979;6.0;48.53
1981-03-18;2.9;5.77;8.64;0.0;11.04;3.9;50.76
1981-03-19;3.7;7.25;10.8;0.0;9.6;4.3;39.63
1981-03-20;4.2;7.32;10.45;1.2;6.4;4.2;59.83
1981-03-21;1.5;5.4;9.3;0.0;9.7;3.5;62.72
1981-03-22;-0.45;4.96;10.36;0.0;12.8;0.77;36.74
1981-03-23;0.4;5.54;10.68;0.0;16.203;2.1;29.99
1981-03-24;-0.1;5.65;11.4;0.0;16.787;2.4;24.4
1981-03-25;3.5;8.91;14.31;1.4;10.3;2.0;48.43
1981-03-26;4.63;8.41;12.2;3.2;6.2;3.7;64.06
1981-03-27;5.0;9.16;13.33;1.7;11.7;4.2;51.79
1981-03-28;3.0;7.45;11.9;2.0;5.28;2.4;60.03
1981-03-29;2.2;7.84;13.47;0.0;11.536;2.1;42.8
1981-03-30;1.4;8.35;15.3;0.0;14.3;2.3;35.75
1981-03-31;2.5;5.25;7.99;1.2;6.191;4.4;69.0
1981-04-01;0.3;3.43;6.56;0.0;12.208;2.4;37.6
1981-04-02;-0.1;4.1;8.3;0.0;13.641;2.4;35.6
1981-04-03;1.6;4.83;8.05;0.0;10.5;0.4;49.48
1981-04-04;2.9;5.55;8.2;4.59;6.991;1.5;73.64
1981-04-05;0.3;3.45;6.6;0.0;13.8;2.27;39.21
1981-04-06;0.19;5.58;10.98;9.84;9.044;4.0;48.0
1981-04-07;0.49;4.4;8.3;2.0;12.677;4.9;48.0
1981-04-08;-0.81;3.54;7.9;2.0;16.906;2.8;34.19
1981-04-09;-1.27;3.01;7.3;0.0;11.1;1.8;44.36
1981-04-10;-0.3;2.25;4.8;0.0;4.408;2.3;70.43
1981-04-11;-1.2;3.55;8.3;0.0;15.4;1.5;38.25
1981-04-12;-2.2;3.6;9.4;0.0;14.0;1.8;40.34
1981-04-13;1.5;5.85;10.2;0.0;14.0;2.8;46.2
1981-04-14;0.3;5.5;10.7;0.0;15.42;2.2;38.47
1981-04-15;-0.69;4.31;9.3;7.3;11.833;1.8;55.86
1981-04-16;4.6;6.55;8.51;0.0;6.995;2.6;72.72
1981-04-17;2.7;7.05;11.4;0.0;18.16;2.9;39.27
1981-04-18;1.5;7.3;13.1;0.0;16.921;2.4;34.22
1981-04-19;2.58;6.04;9.49;0.0;14.3;3.6;46.4
1981-04-20;3.6;6.08;8.57;0.0;16.1;3.96;47.03
1981-04-21;1.4;6.55;11.7;0.0;19.1;1.2;31.7
1981-04-22;4.0;11.75;19.5;0.0;15.649;3.5;30.05
1981-04-23;8.91;14.36;19.8;2.0;16.9;2.5;51.24
1981-04-24;6.5;12.06;17.63;3.0;17.4;3.7;46.2
1981-04-25;6.42;10.5;14.59;0.0;12.586;4.3;44.27
1981-04-26;7.7;12.35;17.0;7.9;7.299;4.1;56.58
1981-04-27;6.2;10.14;14.08;10.72;7.7;1.1;84.7
1981-04-28;4.8;11.81;18.82;3.0;13.001;0.8;49.56
1981-04-29;6.5;10.8;15.1;2.5;14.436;3.12;61.47
1981-04-30;6.6;10.65;14.7;0.0;13.994;2.1;46.39
1981-05-01;4.53;8.81;13.1;1.2;11.58;2.6;58.5
1981-05-02;3.2;10.55;17.9;3.0;8.793;1.05;39.4
1981-05-03;3.29;8.97;14.66;3.7;13.234;2.0;48.62
1981-05-04;7.0;8.9;10.8;0.0;14.8;4.2;54.0
1981-05-05;6.66;9.47;12.29;0.0;15.4;2.2;40.2
1981-05-06;6.9;10.55;14.2;2.0;14.1;2.7;51.05
1981-05-07;4.97;10.79;16.6;0.0;20.8;1.7;37.9
1981-05-08;6.2;11.85;17.5;0.0;19.165;2.2;39.6
1981-05-09;9.5;15.71;21.91;0.0;17.1;2.3;43.86
1981-05-10;10.3;15.25;20.2;3.5;9.737;2.1;67.15
1981-05-11;9.9;13.4;16.9;11.86;7.996;2.5;66.28
1981-05-12;7.8;11.4;15.0;0.0;14.7;3.2;52.48
1981-05-13;8.0;12.24;16.49;0.0;21.13;1.2;45.2
1981-05-14;8.58;14.84;21.1;0.0;23.1;2.95;38.4
1981-05-15;9.7;11.95;14.2;5.0;6.362;5.2;72.07
1981-05-16;9.0;10.13;11.27;0.0;6.492;3.3;85.28
1981-05-17;7.14;11.47;15.8;0.0;22.292;1.4;45.25
1981-05-18;10.1;15.46;20.83;7.84;11.1;2.9;55.77
1981-05-19;9.1;14.8;20.5;0.0;22.4;2.7;55.85
1981-05-20;9.09;17.07;25.06;0.0;23.711;1.7;37.3
1981-05-21;13.77;20.18;26.59;0.0;26.098;3.2;38.28
1981-05-22;13.4;19.4;25.4;5.0;23.3;3.6;40.9
1981-05-23;10.6;15.18;19.75;4.1;13.9;2.1;58.82
1981-05-24;9.5;17.1;24.7;1.2;22.9;3.16;40.4
1981-05-25;11.61;16.5;21.4;2.7;16.394;2.1;66.66
1981-05-26;10.78;13.21;15.65;12.93;6.299;3.5;82.37
1981-05-27;10.1;12.35;14.6;8.26;7.598;1.9;80.13
1981-05-28;7.3;15.75;24.2;0.0;29.9;1.5;37.6
1981-05-29;12.9;18.55;24.2;1.1;22.2;1.5;47.54
1981-05-30;13.2;20.15;27.1;0.0;28.616;2.3;39.08
1981-05-31;16.78;22.09;27.41;1.2;26.504;3.3;37.29
1981-06-01;8.96;14.53;20.1;9.52;12.106;2.4;78.91
1981-06-02;7.18;15.3;23.42;0.0;27.406;1.1;38.0
1981-06-03;14.0;20.25;26.5;1.5;27.904;3.3;38.7
1981-06-04;11.6;18.3;25.01;11.66;17.569;0.6;45.38
1981-06-05;10.1;15.56;21.02;0.0;14.778;2.2;66.73
1981-06-06;7.8;15.2;22.6;0.0;26.7;1.0;39.8
1981-06-07;10.0;17.43;24.86;0.0;27.4;2.3;38.77
1981-06-08;13.78;20.48;27.19;0.0;25.991;2.3;41.9
1981-06-09;14.5;21.25;28.0;0.0;28.706;1.7;39.3
1981-06-10;13.24;21.93;30.61;0.0;29.303;0.7;36.43
1981-06-11;13.81;19.87;25.93;0.0;25.005;1.8;45.8
1981-06-12;10.89;17.2;23.5;0.0;22.453;2.7;47.37
1981-06-13;7.9;12.25;16.6;0.0;17.5;2.3;43.22
1981-06-14;6.8;14.05;21.3;0.0;24.823;0.8;36.0
1981-06-15;10.31;17.56;24.81;0.0;26.5;2.4;35.26
1981-06-16;12.06;15.38;18.7;4.6;11.596;3.1;59.67
1981-06-17;6.4;11.09;15.79;0.0;17.408;3.8;47.9
1981-06-18;5.81;12.21;18.6;0.0;25.71;0.7;36.13
1981-06-19;10.5;14.6;18.7;0.0;16.2;2.7;40.06
1981-06-20;10.4;12.05;13.7;10.8;5.397;2.7;84.68
1981-06-21;10.9;12.9;14.9;0.0;9.062;3.6;70.4
1981-06-22;9.4;14.35;19.3;0.0;21.337;3.3;41.9
1981-06-23;10.2;14.91;19.63;0.0;22.415;3.77;42.6
1981-06-24;11.96;15.48;19.0;1.2;10.8;4.3;50.18
1981-06-25;11.25;15.63;20.0;0.0;20.041;3.6;46.6
1981-06-26;11.0;17.73;24.47;0.0;24.634;1.0;38.32
1981-06-27;11.15;20.07;29.0;0.0;30.081;2.5;33.55
1981-06-28;16.2;21.1;26.0;2.9;14.964;2.7;53.26
1981-06-29;14.6;20.3;26.01;0.0;24.9;2.7;41.14
1981-06-30;13.8;21.15;28.5;0.0;21.9;1.2;39.1
1981-07-01;12.7;21.38;30.07;0.0;29.448;0.8;36.52
1981-07-02;13.0;20.11;27.21;4.46;22.0;2.5;50.49
1981-07-03;11.9;16.95;22.0;2.0;19.3;3.0;49.7
1981-07-04;11.0;14.01;17.01;0.0;20.374;3.18;52.33
1981-07-05;8.9;12.71;16.51;0.0;17.5;1.2;47.29
1981-07-06;8.3;16.05;23.8;1.11;25.265;1.8;37.1
1981-07-07;9.6;14.95;20.29;0.0;24.318;2.3;44.5
1981-07-08;9.3;13.73;18.16;5.6;7.413;1.3;54.55
1981-07-09;11.19;15.97;20.75;0.0;22.5;2.7;43.3
1981-07-10;10.4;18.73;27.05;4.1;17.4;1.9;33.2
1981-07-11;10.4;15.25;20.1;2.35;19.9;3.5;45.6
1981-07-12;11.6;14.9;18.2;5.53;11.7;4.4;50.7
1981-07-13;11.5;14.57;17.64;0.0;16.708;4.3;49.3
1981-07-14;12.0;14.72;17.44;2.5;15.88;4.71;57.08
1981-07-15;8.5;13.8;19.1;0.0;19.6;2.6;43.9
1981-07-16;7.3;14.03;20.75;0.0;24.202;0.9;35.0
1981-07-17;7.3;15.2;23.1;0.0;24.97;0.28;36.72
1981-07-18;14.0;21.15;28.3;0.0;25.456;2.5;31.22
1981-07-19;14.1;19.5;24.9;2.5;22.0;2.6;46.4
1981-07-20;14.16;18.51;22.85;9.06;13.174;3.5;49.5
1981-07-21;12.4;18.73;25.07;1.42;22.1;2.9;49.25
1981-07-22;11.05;17.27;23.5;0.0;19.52;2.3;44.7
1981-07-23;9.1;15.15;21.2;0.0;25.0;2.6;37.99
1981-07-24;7.72;16.16;24.6;0.0;28.403;0.4;31.2
1981-07-25;14.8;19.35;23.9;0.0;8.198;2.5;40.4
1981-07-26;12.95;18.17;23.4;2.21;21.6;3.1;44.96
1981-07-27;13.3;17.95;22.6;0.0;21.1;3.58;41.35
1981-07-28;13.92;20.57;27.22;0.0;21.6;2.9;33.16
1981-07-29;17.1;20.85;24.6;1.2;9.849;2.1;58.07
1981-07-30;14.4;19.2;24.0;14.05;15.612;1.49;55.9
1981-07-31;11.74;15.92;20.1;4.46;15.8;3.0;53.41
1981-08-01;10.7;14.52;18.34;4.3;14.3;3.1;53.21
1981-08-02;12.2;15.6;19.0;14.16;8.599;4.2;75.98
1981-08-03;15.1;19.15;23.2;5.06;15.446;4.2;53.4
1981-08-04;12.2;15.0;17.8;0.0;16.3;4.19;50.4
1981-08-05;11.54;16.27;21.0;1.2;16.0;2.63;42.6
1981-08-06;12.16;16.52;20.89;0.0;20.2;3.9;40.42
1981-08-07;13.9;17.55;21.2;7.6;11.699;3.8;54.63
1981-08-08;12.6;17.8;23.0;0.0;19.141;2.2;47.53
1981-08-09;13.5;19.4;25.3;7.87;19.5;4.0;45.29
1981-08-10;12.4;16.68;20.96;5.3;18.1;3.7;46.1
1981-08-11;13.2;17.85;22.5;6.3;13.217;4.0;56.88
1981-08-12;17.8;22.9;28.0;0.0;20.9;3.02;41.1
1981-08-13;14.7;19.8;24.9;3.4;19.014;3.22;50.82
1981-08-14;13.91;17.55;21.2;6.7;15.816;4.9;50.78
1981-08-15;12.9;16.8;20.69;0.0;13.714;3.5;48.4
1981-08-16;12.1;17.2;22.31;6.1;18.9;3.0;47.65
1981-08-17;11.9;16.7;21.5;1.2;14.8;2.9;49.6
1981-08-18;12.72;17.91;23.1;2.01;19.109;2.2;46.4
1981-08-19;11.0;16.7;22.4;0.0;15.3;2.48;50.99
1981-08-20;11.0;17.5;24.0;2.0;10.166;2.2;45.1
1981-08-21;11.53;15.27;19.0;2.51;13.934;5.3;48.41
1981-08-22;12.18;15.15;18.12;1.1;12.5;5.2;48.77
1981-08-23;11.0;14.65;18.3;1.61;16.4;3.0;48.3
1981-08-24;11.0;14.89;18.79;3.3;7.891;3.8;58.9
1981-08-25;12.8;15.5;18.2;1.58;10.3;3.1;64.01
1981-08-26;11.6;14.8;18.0;0.0;12.8;2.7;60.13
1981-08-27;12.3;15.45;18.6;0.0;9.1;3.7;55.68
1981-08-28;13.7;15.9;18.1;2.0;7.7;3.2;77.55
1981-08-29;14.09;16.14;18.2;10.55;2.881;2.7;90.45
1981-08-30;10.1;14.9;19.7;0.0;7.223;1.2;71.74
1981-08-31;8.5;14.87;21.24;0.0;17.816;1.4;40.38
1981-09-01;7.88;14.89;21.9;0.0;17.8;1.4;39.11
1981-09-02;8.7;16.05;23.4;0.0;21.428;1.9;36.25
1981-09-03;10.02;17.06;24.1;0.0;18.0;1.5;37.5
1981-09-04;12.43;17.46;22.5;13.5;10.9;1.4;51.15
1981-09-05;11.0;15.45;19.9;5.1;11.916;2.9;63.1
1981-09-06;10.18;14.34;18.5;0.0;13.6;1.5;56.97
1981-09-07;11.1;15.29;19.47;0.0;13.597;1.39;46.3
1981-09-08;7.99;13.15;18.31;0.0;14.4;1.6;49.38
1981-09-09;7.18;12.26;17.34;6.1;10.8;1.6;56.44
1981-09-10;10.4;14.35;18.3;3.0;8.6;2.6;69.79
1981-09-11;9.6;13.59;17.58;0.0;11.921;2.2;51.23
1981-09-12;9.0;13.15;17.3;0.0;12.4;1.1;46.8
1981-09-13;10.8;12.6;14.4;7.59;6.869;4.7;75.7
1981-09-14;11.13;13.21;15.3;6.7;5.072;3.0;87.83
1981-09-15;10.5;12.7;14.9;2.0;6.1;2.68;84.35
1981-09-16;8.38;12.77;17.15;0.0;11.3;2.2;50.06
1981-09-17;11.4;15.3;19.2;1.2;9.655;4.61;57.2
1981-09-18;11.0;14.96;18.91;7.1;10.5;3.9;55.54
1981-09-19;8.88;12.99;17.1;0.0;13.2;1.5;56.02
1981-09-20;5.7;11.55;17.4;0.0;15.841;1.0;43.99
1981-09-21;4.71;11.8;18.9;0.0;15.894;1.0;44.1
1981-09-22;11.2;13.75;16.3;4.99;4.025;2.0;83.2
1981-09-23;7.0;12.23;17.47;0.0;12.359;0.9;49.42
1981-09-24;7.0;11.85;16.7;3.21;4.2;2.3;62.9
1981-09-25;5.3;9.35;13.4;0.0;7.5;1.1;52.95
1981-09-26;5.5;9.91;14.31;0.0;11.3;1.2;44.9
1981-09-27;3.8;10.0;16.2;0.0;14.406;1.5;38.49
1981-09-28;2.99;9.21;15.42;0.0;13.846;1.9;39.02
1981-09-29;3.7;11.05;18.4;0.0;12.5;2.7;40.1
1981-09-30;8.8;14.74;20.67;0.0;12.344;2.9;43.44
1981-10-01;8.0;14.65;21.3;0.0;12.5;2.1;44.28
1981-10-02;9.8;15.15;20.5;0.0;9.4;1.8;51.86
1981-10-03;9.8;16.05;22.3;6.1;12.304;2.48;45.69
1981-10-04;10.61;13.9;17.2;0.0;3.0;0.9;86.0
1981-10-05;11.7;15.9;20.1;0.0;6.3;1.4;69.95
1981-10-06;9.1;15.2;21.3;0.0;10.307;1.7;46.49
1981-10-07;6.7;13.55;20.4;0.0;10.3;0.5;44.8
1981-10-08;6.9;13.46;20.03;2.0;11.28;2.18;46.7
1981-10-09;12.66;15.18;17.7;19.24;3.7;1.5;88.98
1981-10-10;6.88;11.04;15.2;0.0;7.0;3.7;69.52
1981-10-11;3.99;9.39;14.8;0.0;10.285;1.9;44.69
1981-10-12;7.7;12.05;16.4;0.0;5.8;4.2;49.13
1981-10-13;9.9;13.45;17.0;18.47;2.616;5.03;73.71
1981-10-14;12.1;13.9;15.7;12.25;2.376;1.8;90.25
1981-10-15;11.95;16.63;21.3;0.0;7.514;2.6;59.4
1981-10-16;12.82;17.01;21.2;0.0;9.2;3.7;53.94
1981-10-17;11.21;15.99;20.76;0.0;9.6;2.4;54.5
1981-10-18;10.8;15.3;19.8;0.0;8.595;3.5;56.23
1981-10-19;8.42;12.61;16.8;0.0;6.227;3.2;78.69
1981-10-20;7.34;10.67;14.0;0.0;4.8;3.0;77.4
1981-10-21;9.3;13.1;16.9;0.0;4.7;3.4;73.7
1981-10-22;2.5;8.35;14.2;0.0;5.6;1.2;51.53
1981-10-23;1.2;7.45;13.7;0.0;7.2;1.1;42.8
1981-10-24;3.01;8.91;14.8;0.0;8.598;1.8;43.32
1981-10-25;3.0;8.9;14.8;0.0;5.7;1.1;59.76
1981-10-26;4.59;10.25;15.9;0.0;6.305;0.6;68.7
1981-10-27;10.1;12.9;15.7;0.0;4.2;2.0;86.6
1981-10-28;9.3;12.25;15.2;0.0;8.0;3.82;66.52
1981-10-29;10.05;13.08;16.1;0.0;4.0;3.6;56.95
1981-10-30;9.3;12.45;15.6;1.5;5.7;3.6;69.5
1981-10-31;9.0;11.4;13.8;0.0;2.7;1.2;89.54
1981-11-01;6.0;8.45;10.9;0.0;2.7;2.0;89.08
1981-11-02;5.2;8.2;11.2;0.0;6.1;3.0;66.38
1981-11-03;8.7;11.09;13.48;17.95;1.379;2.5;90.8
1981-11-04;8.4;10.25;12.1;0.0;3.4;3.6;72.08
1981-11-05;7.0;9.2;11.4;8.64;3.9;4.5;67.2
1981-11-06;9.61;11.71;13.8;0.0;1.4;2.9;89.44
1981-11-07;12.27;13.63;15.0;0.0;2.7;4.1;86.19
1981-11-08;12.2;12.9;13.6;10.64;1.6;4.42;91.76
1981-11-09;11.74;13.28;14.81;5.8;1.9;5.53;86.33
1981-11-10;12.0;13.45;14.9;0.0;2.2;6.2;75.5
1981-11-11;5.8;10.11;14.41;8.2;3.3;4.5;53.91
1981-11-12;5.0;7.1;9.2;0.0;3.3;4.0;60.58
1981-11-13;7.37;8.69;10.0;4.19;1.8;4.1;90.84
1981-11-14;3.5;6.1;8.7;0.0;2.3;2.2;85.61
1981-11-15;-1.01;2.81;6.64;0.0;4.3;1.02;53.58
1981-11-16;-1.71;2.04;5.8;0.0;4.7;1.0;53.93
1981-11-17;-2.2;1.05;4.3;0.0;3.7;2.2;62.27
1981-11-18;0.66;2.27;3.89;0.0;4.1;2.6;70.23
1981-11-19;-1.01;1.34;3.69;0.0;3.5;1.5;77.27
1981-11-20;-4.1;-0.98;2.14;0.0;4.5;0.7;76.99
1981-11-21;-4.1;-1.7;0.69;0.0;5.003;1.3;52.97
1981-11-22;-2.9;-1.15;0.6;0.0;1.6;1.4;85.4
1981-11-23;-2.7;1.5;5.7;0.0;3.637;2.2;75.21
1981-11-24;5.22;8.55;11.89;11.14;1.223;4.9;80.68
1981-11-25;4.4;7.6;10.8;0.0;1.9;6.29;53.83
1981-11-26;2.0;4.4;6.8;0.0;1.4;2.08;86.4
1981-11-27;0.1;4.72;9.34;1.69;3.5;2.6;67.16
1981-11-28;7.43;8.96;10.5;1.4;1.9;4.1;88.39
1981-11-29;6.2;8.1;10.0;0.0;2.7;3.4;87.0
1981-11-30;2.52;5.91;9.3;0.0;2.7;2.3;82.3
1981-12-01;1.0;3.75;6.5;0.0;1.9;1.39;88.16
1981-12-02;1.9;3.92;5.93;2.94;2.1;2.72;88.8
1981-12-03;0.6;2.85;5.1;0.0;3.924;2.4;83.07
1981-12-04;1.12;4.5;7.88;0.0;3.1;2.63;77.65
1981-12-05;3.42;5.66;7.9;0.0;2.0;3.26;83.73
1981-12-06;2.9;4.4;5.9;0.0;3.2;3.3;81.38
1981-12-07;-0.3;2.76;5.82;0.0;1.8;3.6;84.32
1981-12-08;-2.11;0.34;2.79;0.0;2.2;1.8;89.5
1981-12-09;1.2;4.55;7.91;1.7;1.8;2.9;81.0
1981-12-10;4.2;6.99;9.78;0.0;2.0;4.1;73.0
1981-12-11;2.68;6.04;9.4;0.0;2.8;3.2;78.4
1981-12-12;8.1;9.59;11.07;1.8;2.2;5.71;78.86
1981-12-13;7.68;8.94;10.2;0.0;1.7;3.9;83.9
1981-12-14;5.4;7.58;9.75;0.0;3.5;4.5;68.87
1981-12-15;5.22;7.36;9.5;0.0;2.2;3.2;85.8
1981-12-16;5.3;8.1;10.9;0.0;2.3;5.6;59.78
1981-12-17;4.94;6.6;8.25;1.2;1.572;4.8;79.6
1981-12-18;3.3;4.75;6.2;0.0;2.5;3.6;76.63
1981-12-19;1.2;3.65;6.1;0.0;2.94;2.0;80.55
1981-12-20;1.2;5.08;8.97;5.0;1.9;4.33;61.6
1981-12-21;4.6;6.95;9.3;11.39;1.4;5.9;80.98
1981-12-22;5.44;7.42;9.4;7.4;1.6;6.7;75.2
1981-12-23;2.86;5.58;8.3;0.0;1.8;3.9;70.62
1981-12-24;3.4;8.35;13.3;13.11;1.093;4.5;79.68
1981-12-25;2.9;8.05;13.2;9.04;1.7;4.3;70.19
1981-12-26;2.93;5.56;8.2;0.0;3.5;2.8;71.19
1981-12-27;6.6;8.35;10.1;0.0;1.8;4.2;84.0
1981-12-28;5.42;7.46;9.5;8.0;1.0;6.7;72.6
1981-12-29;4.1;5.55;7.0;4.5;1.0;5.46;82.4
1981-12-30;0.9;2.79;4.67;2.5;1.3;2.2;85.2
1981-12-31;-1.0;1.09;3.18;0.0;1.4;4.0;75.49
1982-01-01;0.9;2.65;4.4;0.0;1.9;3.6;70.81
1982-01-02;-1.62;0.64;2.9;0.0;3.1;1.3;84.2
1982-01-03;-1.34;2.5;6.34;1.2;1.4;3.3;78.6
1982-01-04;5.51;7.8;10.1;14.1;1.3;6.11;84.04
1982-01-05;4.0;4.9;5.8;0.0;2.6;6.6;62.48
1982-01-06;-0.47;2.87;6.2;0.0;1.8;2.39;78.5
1982-01-07;-0.53;3.08;6.7;0.0;2.5;2.7;78.92
1982-01-08;3.04;5.78;8.52;0.0;1.9;4.2;71.87
1982-01-09;3.3;4.95;6.6;1.61;1.0;4.1;83.9
1982-01-10;4.3;5.71;7.12;1.1;2.1;5.4;81.5
1982-01-11;0.3;3.5;6.7;0.0;3.5;1.6;81.32
1982-01-12;-0.2;3.48;7.16;5.5;2.7;1.5;79.0
1982-01-13;6.5;9.3;12.1;5.0;1.4;3.0;85.6
1982-01-14;2.58;6.59;10.6;3.0;3.7;3.5;67.46
1982-01-15;2.5;5.05;7.6;0.0;1.7;4.0;83.73
1982-01-16;3.4;5.35;7.3;0.0;4.707;4.5;72.85
1982-01-17;3.4;5.65;7.9;0.0;2.074;3.4;78.87
1982-01-18;4.2;7.9;11.6;2.5;4.2;6.5;50.6
1982-01-19;7.9;9.4;10.9;9.3;1.7;5.8;89.08
1982-01-20;4.7;7.15;9.6;0.0;4.2;1.85;74.66
1982-01-21;4.0;6.0;8.0;3.0;4.1;5.4;74.12
1982-01-22;3.3;5.7;8.1;3.0;2.6;4.0;83.5
1982-01-23;1.3;3.66;6.02;0.0;3.1;3.7;78.4
1982-01-24;3.2;5.6;8.0;4.1;1.6;6.1;72.45
1982-01-25;4.1;5.3;6.5;3.4;1.051;5.62;85.7
1982-01-26;3.8;5.35;6.9;4.5;1.9;6.5;78.86
1982-01-27;0.3;2.5;4.7;2.39;1.397;3.1;81.4
1982-01-28;0.1;1.87;3.64;0.0;4.3;4.0;48.74
1982-01-29;0.11;1.91;3.7;5.09;2.386;6.4;42.58
1982-01-30;3.0;4.9;6.8;0.0;5.7;4.0;63.6
1982-01-31;4.21;8.54;12.88;15.51;1.855;7.4;49.89
1982-02-01;7.87;11.62;15.37;8.8;1.28;7.94;86.59
1982-02-02;4.1;5.85;7.6;0.0;5.415;6.1;40.03
1982-02-03;5.6;6.95;8.3;3.7;2.6;7.1;74.89
1982-02-04;3.3;5.46;7.62;6.6;2.9;6.8;81.79
1982-02-05;1.6;3.0;4.4;0.0;4.4;3.8;65.89
1982-02-06;-0.7;2.03;4.77;4.0;2.7;4.6;61.37
1982-02-07;0.8;2.13;3.45;0.0;1.3;4.2;78.44
1982-02-08;3.47;5.19;6.9;4.6;5.5;3.2;76.7
1982-02-09;0.26;3.03;5.8;0.0;3.3;0.97;81.9
1982-02-10;-1.5;1.7;4.9;0.0;5.823;2.5;56.3
1982-02-11;-1.93;2.83;7.6;3.7;1.945;3.5;51.99
1982-02-12;-0.2;4.0;8.2;0.0;7.114;2.6;45.84
1982-02-13;4.25;8.88;13.51;3.2;4.1;4.5;56.94
1982-02-14;-0.76;3.91;8.57;0.0;5.6;1.9;76.19
1982-02-15;-2.3;2.77;7.83;0.0;7.697;1.7;45.27
1982-02-16;-3.37;1.86;7.1;0.0;7.7;0.61;51.72
1982-02-17;-0.4;4.15;8.7;1.4;7.1;3.1;57.57
1982-02-18;0.7;4.56;8.43;0.0;8.113;2.5;71.08
1982-02-19;-1.4;3.05;7.5;1.81;4.3;3.8;61.56
1982-02-20;-3.71;2.57;8.85;0.0;6.803;2.09;55.49
1982-02-21;6.31;8.8;11.3;0.0;4.185;3.1;82.79
1982-02-22;3.0;7.17;11.34;6.5;1.933;3.3;86.57
1982-02-23;2.83;7.36;11.88;8.6;2.199;4.1;63.99
1982-02-24;-2.7;1.6;5.9;0.0;8.6;0.8;35.69
1982-02-25;-1.6;2.88;7.37;0.0;6.3;2.5;44.81
1982-02-26;0.0;4.64;9.29;0.0;6.595;2.2;57.4
1982-02-27;0.1;5.25;10.4;0.0;6.6;1.4;51.77
1982-02-28;-1.51;3.99;9.48;0.0;7.6;0.84;38.49
1982-03-01;-0.7;3.15;7.0;0.0;5.486;1.4;63.51
1982-03-02;-2.6;3.25;9.1;9.08;4.2;4.3;58.1
1982-03-03;1.2;4.41;7.62;0.0;7.6;5.6;35.86
1982-03-04;-2.1;0.99;4.09;0.0;6.9;2.8;57.26
1982-03-05;-0.1;1.7;3.5;4.09;3.8;3.29;75.71
1982-03-06;-2.6;1.25;5.1;0.0;11.643;1.6;38.2
1982-03-07;-1.7;3.85;9.4;9.24;4.296;4.2;53.47
1982-03-08;7.22;10.21;13.2;5.1;3.4;3.91;73.21
1982-03-09;3.9;6.2;8.5;0.0;7.8;5.2;47.48
1982-03-10;2.4;5.1;7.8;0.0;9.8;4.3;49.82
1982-03-11;0.4;2.05;3.7;0.0;2.9;3.5;72.71
1982-03-12;-0.53;2.69;5.9;0.0;7.178;2.8;54.69
1982-03-13;0.0;3.5;7.0;0.0;9.7;3.7;51.73
1982-03-14;1.12;4.51;7.9;2.98;6.6;3.1;52.66
1982-03-15;1.6;5.08;8.56;2.5;9.5;2.5;64.53
1982-03-16;5.8;10.39;14.99;3.85;4.7;4.03;64.7
1982-03-17;6.64;8.02;9.4;10.8;4.393;6.5;76.4
1982-03-18;3.4;5.79;8.19;2.0;4.6;4.7;73.91
1982-03-19;-1.68;2.76;7.2;0.0;11.8;3.5;38.6
1982-03-20;-2.0;2.04;6.07;0.0;13.2;3.6;31.6
1982-03-21;0.8;2.55;4.3;2.0;7.2;4.6;67.96
1982-03-22;-0.2;4.0;8.2;0.0;12.226;2.8;39.77
1982-03-23;0.9;4.05;7.2;2.7;7.2;5.5;60.8
1982-03-24;-1.3;3.75;8.8;0.0;17.103;1.7;31.49
1982-03-25;3.3;9.98;16.66;11.61;6.0;3.3;48.86
1982-03-26;7.19;11.2;15.2;0.0;8.98;5.0;66.18
1982-03-27;6.2;10.5;14.8;4.87;5.695;3.5;66.21
1982-03-28;2.8;8.97;15.15;1.58;15.293;2.84;45.72
1982-03-29;5.22;9.86;14.5;3.28;7.3;3.9;66.37
1982-03-30;-0.1;3.15;6.4;0.0;11.5;4.1;48.44
1982-03-31;-3.21;1.25;5.7;0.0;16.109;1.9;23.87
1982-04-01;-3.5;1.65;6.8;0.0;14.6;2.1;32.25
1982-04-02;-3.42;2.13;7.67;0.0;16.643;1.5;32.4
1982-04-03;-0.61;5.0;10.6;0.0;18.154;3.14;26.5
1982-04-04;3.2;6.25;9.3;5.0;9.1;3.8;69.79
1982-04-05;6.2;8.65;11.1;11.96;5.282;3.0;79.76
1982-04-06;2.8;6.0;9.2;0.0;9.273;4.0;62.91
1982-04-07;0.91;4.61;8.3;0.0;14.0;2.5;30.6
1982-04-08;2.8;5.64;8.49;2.75;5.697;5.1;52.2
1982-04-09;0.89;5.79;10.7;0.0;18.1;2.1;32.39
1982-04-10;5.9;13.18;20.45;5.1;10.9;3.4;52.39
1982-04-11;10.99;15.73;20.46;0.0;14.6;4.1;57.02
1982-04-12;10.11;14.13;18.15;3.46;6.0;4.7;68.12
1982-04-13;9.2;12.2;15.2;3.7;6.647;0.8;80.85
1982-04-14;8.21;12.34;16.46;3.7;8.058;4.8;69.33
1982-04-15;5.4;8.6;11.8;3.9;8.2;2.7;60.33
1982-04-16;3.0;4.96;6.93;0.0;12.4;4.6;46.7
1982-04-17;1.4;2.88;4.37;2.2;4.662;4.61;58.11
1982-04-18;2.0;4.28;6.56;0.0;16.8;4.6;37.1
1982-04-19;-1.54;2.93;7.4;0.0;16.8;2.1;37.9
1982-04-20;-4.06;4.06;12.18;0.0;20.8;1.2;29.06
1982-04-21;5.2;11.1;17.0;2.2;7.941;3.5;54.75
1982-04-22;4.1;9.16;14.22;0.0;14.3;2.1;50.37
1982-04-23;0.12;8.01;15.9;0.0;18.8;0.4;34.15
1982-04-24;5.9;10.3;14.7;0.0;10.5;1.1;56.5
1982-04-25;5.6;10.93;16.27;3.45;14.389;3.03;56.09
1982-04-26;12.2;16.2;20.2;1.8;10.2;3.0;69.2
1982-04-27;9.6;14.45;19.3;0.0;10.717;2.5;69.14
1982-04-28;8.4;13.95;19.5;0.0;19.1;2.9;45.71
1982-04-29;7.7;13.05;18.4;0.0;17.4;2.57;49.3
1982-04-30;3.44;8.02;12.6;0.0;22.3;2.6;36.18
1982-05-01;1.7;9.85;18.0;0.0;26.801;2.4;28.59
1982-05-02;5.4;11.03;16.66;0.0;26.301;3.3;32.1
1982-05-03;5.6;12.36;19.13;0.0;20.4;1.5;39.5
1982-05-04;5.6;11.75;17.9;0.0;23.006;2.05;42.58
1982-05-05;2.19;11.26;20.32;0.0;22.098;0.7;36.59
1982-05-06;10.3;14.25;18.19;4.6;9.938;1.8;60.62
1982-05-07;7.2;10.02;12.84;0.0;18.4;4.6;55.84
1982-05-08;3.0;7.77;12.54;0.0;22.976;3.2;34.0
1982-05-09;0.87;8.88;16.9;0.0;26.8;1.7;30.27
1982-05-10;8.6;12.52;16.43;0.0;24.21;3.62;44.39
1982-05-11;7.2;12.11;17.02;0.0;20.9;2.7;39.4
1982-05-12;8.6;12.5;16.4;2.4;13.306;2.6;52.53
1982-05-13;7.3;11.15;15.0;0.0;24.7;2.3;36.27
1982-05-14;8.3;12.95;17.6;0.0;9.1;2.8;52.5
1982-05-15;10.1;14.65;19.2;5.16;10.602;4.3;64.23
1982-05-16;11.4;14.5;17.6;0.0;15.18;5.2;52.72
1982-05-17;8.5;11.35;14.2;2.5;10.538;4.6;59.73
1982-05-18;4.93;9.96;15.0;0.0;25.03;1.1;37.99
1982-05-19;4.4;11.11;17.81;0.0;21.5;2.2;37.6
1982-05-20;9.0;12.25;15.5;2.4;15.746;3.6;56.6
1982-05-21;8.8;12.7;16.6;0.0;19.394;4.3;46.37
1982-05-22;11.2;17.95;24.7;0.0;22.804;4.2;35.1
1982-05-23;9.0;14.15;19.3;3.0;9.088;2.2;69.9
1982-05-24;8.6;12.49;16.38;0.0;15.739;2.4;55.74
1982-05-25;8.8;11.5;14.19;1.2;10.703;3.9;59.68
1982-05-26;7.4;11.75;16.1;0.0;20.086;4.2;40.43
1982-05-27;5.96;11.03;16.1;0.0;24.912;2.4;38.7
1982-05-28;4.3;11.16;18.02;0.0;28.343;1.0;34.29
1982-05-29;6.7;13.62;20.53;0.0;24.214;2.9;34.2
1982-05-30;7.6;11.27;14.95;0.0;16.3;4.6;46.19
1982-05-31;4.87;9.67;14.47;1.6;18.779;2.6;44.35
1982-06-01;5.15;9.68;14.2;0.0;20.601;2.2;46.63
1982-06-02;3.74;9.25;14.77;0.0;22.4;0.8;36.6
1982-06-03;4.85;10.88;16.9;0.0;20.539;1.5;33.3
1982-06-04;8.7;10.91;13.13;10.89;5.331;2.33;81.83
1982-06-05;7.5;11.0;14.5;1.7;7.815;3.81;66.71
1982-06-06;6.49;10.59;14.7;0.0;21.071;2.4;48.62
1982-06-07;9.0;11.15;13.3;0.0;16.166;3.1;43.04
1982-06-08;7.6;9.91;12.23;0.0;13.5;2.4;46.42
1982-06-09;7.4;9.48;11.56;0.0;11.7;3.1;64.06
1982-06-10;9.6;12.25;14.9;0.0;12.397;3.6;58.22
1982-06-11;9.7;10.98;12.27;2.39;6.291;3.1;83.12
1982-06-12;9.6;13.04;16.47;0.0;14.9;2.3;61.9
1982-06-13;8.1;12.09;16.08;0.0;11.5;2.3;54.8
1982-06-14;7.4;12.18;16.96;3.4;15.8;2.8;57.9
1982-06-15;10.27;13.98;17.7;3.81;16.085;3.3;55.7
1982-06-16;8.9;15.32;21.73;0.0;16.5;2.5;42.2
1982-06-17;12.4;16.65;20.9;3.0;13.5;4.0;54.9
1982-06-18;11.5;14.25;17.0;0.0;12.99;2.8;56.58
1982-06-19;11.0;13.55;16.1;6.95;16.822;2.96;57.9
1982-06-20;12.7;16.94;21.17;7.88;10.795;4.3;52.76
1982-06-21;11.53;13.38;15.23;0.0;10.998;4.7;75.6
1982-06-22;10.4;13.5;16.6;0.0;20.701;3.7;46.5
1982-06-23;9.0;13.75;18.5;0.0;24.6;2.5;43.98
1982-06-24;8.7;14.2;19.7;3.4;6.406;0.45;46.6
1982-06-25;6.7;14.1;21.5;0.0;27.004;0.7;38.2
1982-06-26;9.7;16.75;23.8;0.0;22.1;1.2;43.5
1982-06-27;11.7;19.36;27.02;0.0;25.305;2.7;36.55
1982-06-28;11.9;17.35;22.8;5.37;13.7;2.3;53.69
1982-06-29;11.8;17.9;24.0;4.0;19.494;3.13;42.6
1982-06-30;12.0;15.55;19.1;5.0;15.2;5.12;48.93
1982-07-01;9.19;14.45;19.7;0.0;16.7;4.37;47.51
1982-07-02;7.86;13.58;19.3;5.38;19.6;0.7;49.5
1982-07-03;9.39;13.54;17.7;2.0;18.0;1.7;56.1
1982-07-04;8.5;12.89;17.29;13.99;21.705;3.71;42.93
1982-07-05;7.3;11.05;14.8;13.65;11.728;4.6;57.17
1982-07-06;7.26;12.48;17.7;4.1;8.431;2.5;47.41
1982-07-07;9.8;12.35;14.9;0.0;10.0;4.3;66.03
1982-07-08;8.6;13.0;17.4;0.0;23.8;2.0;38.39
1982-07-09;7.24;13.12;19.0;0.0;26.7;2.3;37.19
1982-07-10;8.1;14.94;21.78;0.0;29.869;1.6;35.32
1982-07-11;12.7;17.05;21.4;11.2;16.178;4.1;59.21
1982-07-12;16.28;19.43;22.57;7.45;8.1;5.5;67.54
1982-07-13;12.5;15.6;18.7;0.0;17.5;3.1;57.24
1982-07-14;11.0;14.3;17.6;2.5;21.952;3.6;48.7
1982-07-15;11.82;15.16;18.5;9.83;17.3;3.51;62.32
1982-07-16;10.8;14.15;17.5;8.74;17.215;4.5;62.68
1982-07-17;10.81;14.96;19.1;1.4;20.933;2.5;50.44
1982-07-18;11.59;16.09;20.6;5.5;20.0;3.4;47.1
1982-07-19;17.3;20.0;22.69;2.0;12.0;3.6;79.81
1982-07-20;16.7;20.45;24.2;0.0;20.855;3.6;50.6
1982-07-21;13.3;16.75;20.19;3.9;18.384;3.95;56.21
1982-07-22;12.07;14.9;17.74;2.81;18.194;4.3;52.34
1982-07-23;10.9;15.5;20.1;0.0;18.1;1.8;48.28
1982-07-24;12.8;17.2;21.6;6.0;17.3;3.5;55.57
1982-07-25;12.7;15.8;18.9;9.18;11.394;4.4;58.37
1982-07-26;9.5;11.39;13.29;6.8;6.521;1.8;79.87
1982-07-27;9.5;13.56;17.62;16.02;20.987;3.5;50.6
1982-07-28;13.8;16.55;19.3;1.7;17.706;2.8;62.31
1982-07-29;14.1;16.65;19.2;15.09;5.64;5.02;79.9
1982-07-30;11.46;14.38;17.3;0.0;15.891;3.1;56.67
1982-07-31;10.44;14.72;19.0;0.0;19.643;2.9;44.4
1982-08-01;14.0;17.05;20.1;0.0;9.199;3.7;52.4
1982-08-02;16.8;20.09;23.38;0.0;11.718;3.2;65.84
1982-08-03;16.7;20.8;24.9;10.6;13.8;4.3;58.9
1982-08-04;11.69;16.45;21.2;2.9;21.775;2.7;52.24
1982-08-05;10.4;15.39;20.38;0.0;19.289;0.6;43.91
1982-08-06;8.11;15.21;22.3;0.0;23.514;0.7;38.31
1982-08-07;6.91;15.15;23.4;0.0;23.0;0.5;37.99
1982-08-08;11.58;18.14;24.7;1.8;18.1;1.8;50.6
1982-08-09;11.7;15.8;19.9;0.0;19.708;3.1;51.1
1982-08-10;10.01;16.45;22.9;0.0;21.402;1.7;38.37
1982-08-11;7.59;16.55;25.5;0.0;24.202;0.32;38.1
1982-08-12;9.5;18.65;27.8;0.0;23.3;0.7;35.9
1982-08-13;12.22;20.96;29.71;0.0;23.669;1.1;35.88
1982-08-14;14.4;21.36;28.33;0.0;23.23;2.1;40.58
1982-08-15;11.4;18.96;26.52;0.0;22.5;1.4;42.19
1982-08-16;12.1;19.15;26.2;0.0;19.814;1.6;44.8
1982-08-17;12.4;18.65;24.9;0.0;21.983;2.4;43.13
1982-08-18;10.6;18.93;27.27;0.0;23.133;2.2;36.48
1982-08-19;12.8;19.54;26.27;1.49;16.8;2.2;45.32
1982-08-20;13.9;19.15;24.4;0.0;8.6;2.1;57.51
1982-08-21;12.9;19.35;25.8;0.0;21.1;2.2;41.4
1982-08-22;12.6;17.02;21.43;3.2;10.9;1.3;58.92
1982-08-23;11.0;17.05;23.1;1.2;16.8;3.7;46.58
1982-08-24;13.4;18.7;24.0;3.3;13.3;2.7;63.98
1982-08-25;10.0;17.34;24.68;0.0;17.822;0.8;45.32
1982-08-26;10.18;18.24;26.31;0.0;18.165;0.2;42.6
1982-08-27;16.99;21.36;25.74;0.0;11.7;0.7;49.26
1982-08-28;12.3;18.02;23.73;3.3;12.2;0.8;70.49
1982-08-29;9.9;17.1;24.3;0.0;21.5;1.8;38.29
1982-08-30;13.7;16.31;18.93;5.9;3.404;2.3;78.19
1982-08-31;12.8;18.95;25.1;0.0;17.213;1.4;48.29
1982-09-01;14.28;20.68;27.07;0.0;18.9;1.7;41.68
1982-09-02;13.7;21.12;28.53;1.57;18.9;2.3;40.2
1982-09-03;10.7;15.75;20.8;2.48;9.6;3.1;59.36
1982-09-04;9.1;13.6;18.1;0.0;10.949;1.7;44.9
1982-09-05;7.3;13.8;20.3;0.0;17.105;0.45;41.56
1982-09-06;7.3;15.01;22.71;0.0;18.167;0.85;37.5
1982-09-07;7.89;15.2;22.5;0.0;17.385;1.2;40.6
1982-09-08;10.1;15.45;20.8;0.0;12.3;0.99;48.66
1982-09-09;9.7;15.0;20.3;3.4;13.8;2.2;50.25
1982-09-10;9.5;12.9;16.3;1.71;11.5;2.2;55.11
1982-09-11;8.7;12.3;15.9;0.0;13.105;2.7;46.76
1982-09-12;11.2;14.75;18.3;19.08;6.6;3.9;80.56
1982-09-13;14.1;17.4;20.7;4.1;8.3;2.5;75.02
1982-09-14;13.1;17.06;21.02;0.0;13.5;3.5;56.92
1982-09-15;11.4;16.66;21.92;0.0;11.6;1.5;56.86
1982-09-16;9.6;17.1;24.6;0.0;17.606;0.71;42.1
1982-09-17;12.0;18.51;25.01;4.1;10.58;0.7;45.9
1982-09-18;11.1;16.94;22.78;0.0;14.2;1.5;47.65
1982-09-19;9.96;16.89;23.83;0.0;15.542;1.6;42.4
1982-09-20;10.6;17.25;23.89;0.0;15.619;2.3;41.6
1982-09-21;10.32;17.41;24.5;0.0;16.0;1.4;42.1
1982-09-22;9.4;16.2;23.0;0.0;16.0;0.8;41.7
1982-09-23;11.22;16.96;22.7;9.84;13.3;1.4;50.7
1982-09-24;10.7;15.8;20.9;0.0;9.293;1.1;60.06
1982-09-25;12.3;16.6;20.9;2.5;6.8;0.53;67.47
1982-09-26;10.69;15.29;19.9;2.2;7.6;2.6;61.55
1982-09-27;10.04;13.45;16.86;0.0;6.3;2.0;62.99
1982-09-28;11.41;14.96;18.5;0.0;7.599;3.0;49.68
1982-09-29;11.11;14.8;18.5;1.22;9.8;2.7;54.1
1982-09-30;8.3;12.77;17.24;0.0;8.654;0.93;48.64
1982-10-01;6.6;10.25;13.9;1.9;4.672;2.4;72.92
1982-10-02;7.6;12.96;18.32;0.0;8.0;1.3;55.21
1982-10-03;8.4;14.45;20.5;0.0;10.793;2.67;43.8
1982-10-04;11.9;15.9;19.9;2.2;4.26;2.45;69.62
1982-10-05;9.07;13.88;18.7;0.0;9.3;2.6;64.9
1982-10-06;6.6;12.4;18.2;0.0;11.6;2.8;45.43
1982-10-07;2.49;9.98;17.48;0.0;10.7;1.7;43.54
1982-10-08;-0.5;6.8;14.1;0.0;10.3;1.1;38.5
1982-10-09;-0.46;7.73;15.93;0.0;5.397;1.1;45.57
1982-10-10;8.4;12.6;16.8;1.2;2.983;2.9;66.0
1982-10-11;12.2;14.85;17.5;0.0;4.0;3.3;69.87
1982-10-12;12.0;15.06;18.12;0.0;4.235;1.5;59.09
1982-10-13;9.2;13.95;18.7;0.0;7.6;1.4;50.19
1982-10-14;7.0;12.77;18.54;0.0;9.4;2.7;43.19
1982-10-15;4.6;11.2;17.8;0.0;9.3;1.3;45.1
1982-10-16;6.59;11.7;16.8;0.0;10.101;4.34;47.24
1982-10-17;4.6;7.5;10.4;0.0;8.8;6.59;41.4
1982-10-18;2.99;6.1;9.21;0.0;5.162;4.61;34.99
1982-10-19;1.2;5.1;9.0;0.0;8.922;5.1;30.27
1982-10-20;-1.03;3.14;7.31;0.0;8.7;4.2;29.49
1982-10-21;-1.7;4.15;9.99;0.0;4.9;1.8;38.04
1982-10-22;2.7;6.8;10.9;0.0;5.5;1.9;54.48
1982-10-23;1.2;6.05;10.9;7.0;3.1;3.8;62.66
1982-10-24;9.6;12.54;15.48;2.0;1.967;4.9;86.2
1982-10-25;11.77;13.86;15.94;0.0;3.8;3.7;75.26
1982-10-26;7.1;11.24;15.38;0.0;4.7;1.1;58.9
1982-10-27;5.2;8.4;11.6;0.0;4.296;1.7;78.33
1982-10-28;3.74;8.37;13.0;0.0;3.6;1.3;76.4
1982-10-29;8.78;11.29;13.8;2.9;1.9;3.9;84.14
1982-10-30;12.4;15.35;18.3;4.6;2.4;7.2;76.85
1982-10-31;11.22;13.21;15.2;15.79;3.3;5.97;81.94
1982-11-01;3.4;7.55;11.7;0.0;4.415;4.3;42.13
1982-11-02;0.46;4.33;8.2;0.0;5.5;1.17;43.02
1982-11-03;1.1;4.8;8.5;2.4;2.3;4.04;74.53
1982-11-04;5.15;7.83;10.5;15.78;3.2;7.09;61.81
1982-11-05;4.4;6.0;7.6;3.7;2.7;6.16;77.55
1982-11-06;3.85;6.08;8.3;0.0;3.8;3.49;67.85
1982-11-07;5.4;7.75;10.1;4.1;4.2;4.7;78.9
1982-11-08;2.4;5.94;9.48;0.0;4.9;2.4;54.19
1982-11-09;1.4;5.8;10.2;17.56;1.6;2.7;67.11
1982-11-10;6.28;8.09;9.9;0.0;1.922;2.85;89.98
1982-11-11;-0.83;3.23;7.3;0.0;4.6;2.4;77.98
1982-11-12;-2.7;0.65;4.01;0.0;5.6;2.5;61.2
1982-11-13;-2.22;-0.18;1.87;2.5;2.4;4.2;74.9
1982-11-14;-3.38;-1.38;0.62;0.0;4.92;1.8;58.9
1982-11-15;-3.1;0.09;3.29;0.0;3.8;1.0;73.78
1982-11-16;-2.9;0.0;2.9;0.0;2.68;2.4;69.44
1982-11-17;-1.2;3.1;7.4;0.0;4.9;0.92;81.4
1982-11-18;2.4;6.1;9.8;0.0;3.7;2.93;78.2
1982-11-19;7.4;9.9;12.4;0.0;3.2;3.8;78.8
1982-11-20;4.1;7.7;11.3;0.0;1.808;3.4;81.15
1982-11-21;1.24;4.8;8.36;0.0;4.3;2.4;73.68
1982-11-22;4.99;8.11;11.22;0.0;4.3;4.6;63.68
1982-11-23;7.4;8.7;10.0;3.7;1.195;5.35;87.7
1982-11-24;7.61;9.46;11.3;0.0;2.5;4.3;76.83
1982-11-25;7.6;10.0;12.4;0.0;1.6;4.9;65.69
1982-11-26;8.4;10.35;12.3;0.0;2.8;4.1;75.05
1982-11-27;10.26;11.23;12.2;2.5;1.8;3.0;91.47
1982-11-28;9.8;10.75;11.7;5.1;1.4;2.9;92.4
1982-11-29;10.16;11.53;12.9;0.0;2.4;3.8;85.41
1982-11-30;7.31;9.8;12.3;1.1;2.2;5.1;73.71
1982-12-01;6.0;10.05;14.1;0.0;1.4;3.2;65.99
1982-12-02;9.84;11.37;12.9;0.0;2.0;3.9;89.57
1982-12-03;9.86;11.98;14.1;0.0;2.0;5.4;62.52
1982-12-04;10.12;11.66;13.2;22.81;1.7;3.4;90.13
1982-12-05;7.9;9.3;10.7;3.0;1.4;2.5;89.51
1982-12-06;5.0;7.0;9.0;0.0;1.5;4.0;85.9
1982-12-07;3.2;5.4;7.6;3.24;3.6;3.31;78.48
1982-12-08;5.4;7.2;9.0;0.0;2.2;3.43;71.04
1982-12-09;3.9;6.65;9.4;0.0;2.2;1.5;86.24
1982-12-10;3.3;6.55;9.8;1.5;2.4;2.1;82.91
1982-12-11;2.4;6.15;9.9;7.22;1.1;2.3;78.0
1982-12-12;4.1;6.5;8.9;0.0;2.8;2.9;75.5
1982-12-13;0.9;3.3;5.7;0.0;2.9;2.3;86.81
1982-12-14;1.2;5.82;10.45;1.1;1.6;3.4;51.16
1982-12-15;5.49;8.5;11.5;2.5;2.3;2.7;84.3
1982-12-16;4.41;5.55;6.7;0.0;1.8;3.28;84.4
1982-12-17;4.4;5.56;6.72;0.0;1.9;3.7;82.4
1982-12-18;3.69;5.14;6.6;0.0;1.9;1.1;77.5
1982-12-19;1.7;4.35;7.0;0.0;2.2;1.2;78.76
1982-12-20;1.8;4.05;6.3;3.7;3.0;2.9;84.3
1982-12-21;5.61;6.67;7.72;0.0;1.7;1.2;90.33
1982-12-22;3.0;4.8;6.6;1.1;1.8;3.39;85.5
1982-12-23;1.5;4.62;7.74;2.71;2.5;3.58;78.37
1982-12-24;1.5;3.11;4.72;1.7;2.4;3.7;81.83
1982-12-25;3.66;4.73;5.8;0.0;1.6;3.8;81.95
1982-12-26;0.82;3.06;5.3;0.0;1.9;3.0;84.51
1982-12-27;-2.0;0.5;3.0;0.0;2.7;1.4;84.1
1982-12-28;-3.0;-0.75;1.5;0.0;2.4;1.2;87.7
1982-12-29;-4.6;-1.94;0.71;0.0;3.0;1.3;85.7
1982-12-30;-5.61;-3.21;-0.81;0.0;2.4;0.7;83.4
1982-12-31;-3.93;-0.38;3.18;0.0;1.9;1.46;80.77
1983-01-01;-5.56;-3.43;-1.3;0.0;2.3;1.1;90.07
1983-01-02;-5.7;-3.6;-1.5;0.0;2.9;2.0;81.09
1983-01-03;-6.4;-4.22;-2.04;0.0;2.5;1.7;89.2
1983-01-04;-7.03;-2.12;2.8;0.0;4.1;3.2;54.28
1983-01-05;2.52;5.11;7.7;1.48;3.8;4.2;79.63
1983-01-06;7.6;9.6;11.6;0.0;2.4;6.1;85.4
1983-01-07;8.4;10.25;12.1;0.0;2.1;6.71;76.69
1983-01-08;2.8;7.35;11.9;6.1;1.7;6.0;58.91
1983-01-09;2.0;4.46;6.91;0.0;2.175;2.9;71.1
1983-01-10;4.1;5.6;7.1;0.0;2.7;5.0;54.79
1983-01-11;4.3;6.25;8.2;0.0;3.603;6.13;77.6
1983-01-12;7.0;8.2;9.4;0.0;1.6;5.59;84.5
1983-01-13;3.6;5.49;7.38;0.0;3.6;5.4;78.67
1983-01-14;5.8;8.05;10.3;0.0;1.6;5.3;82.6
1983-01-15;7.11;8.3;9.5;0.0;1.997;6.0;82.0
1983-01-16;6.1;7.8;9.5;0.0;1.9;6.1;72.0
1983-01-17;5.1;6.7;8.3;0.0;2.0;3.2;87.01
1983-01-18;7.5;9.06;10.62;0.0;2.6;4.0;81.81
1983-01-19;2.0;5.31;8.62;2.5;2.4;3.75;79.93
1983-01-20;1.3;4.45;7.6;2.26;1.5;4.5;71.1
1983-01-21;7.67;11.44;15.21;4.6;1.9;5.45;79.99
1983-01-22;2.4;5.9;9.4;0.0;3.2;6.0;50.19
1983-01-23;1.5;6.33;11.16;2.0;1.7;4.4;65.7
1983-01-24;9.61;10.9;12.2;0.0;2.5;4.8;84.0
1983-01-25;5.8;8.42;11.04;10.06;1.5;5.2;84.5
1983-01-26;3.8;5.3;6.8;2.0;3.6;5.6;49.29
1983-01-27;5.1;7.5;9.91;11.21;3.3;7.7;68.25
1983-01-28;3.7;5.4;7.1;0.0;3.8;6.1;54.23
1983-01-29;2.6;7.1;11.6;6.26;1.6;6.0;63.6
1983-01-30;10.12;11.74;13.36;6.67;1.449;7.4;86.35
1983-01-31;7.9;10.13;12.37;10.79;2.6;2.8;87.9
1983-02-01;4.8;6.57;8.34;0.0;2.5;2.89;83.4
1983-02-02;1.3;4.35;7.4;1.1;4.2;5.3;62.83
1983-02-03;7.23;8.62;10.0;10.82;3.0;6.0;81.3
1983-02-04;3.0;6.45;9.9;4.8;2.1;6.5;57.43
1983-02-05;1.2;3.6;6.0;0.0;4.9;6.0;57.3
1983-02-06;6.65;10.38;14.12;17.54;2.183;8.1;75.45
1983-02-07;9.06;11.15;13.24;8.0;4.2;6.49;76.89
1983-02-08;2.53;5.17;7.8;0.0;5.315;6.7;35.89
1983-02-09;1.24;2.52;3.8;0.0;3.099;4.9;66.92
1983-02-10;-0.1;3.95;8.0;12.32;3.673;6.44;59.92
1983-02-11;0.63;4.07;7.5;3.6;5.2;6.83;42.69
1983-02-12;-0.2;1.35;2.9;3.2;5.5;4.8;37.1
1983-02-13;3.1;5.79;8.48;18.49;2.166;7.01;73.77
1983-02-14;3.3;5.85;8.4;2.4;4.1;6.01;70.27
1983-02-15;1.2;3.22;5.24;0.0;6.718;5.01;56.64
1983-02-16;0.0;1.5;3.0;0.0;4.3;4.1;70.0
1983-02-17;-3.01;0.7;4.4;5.12;8.0;3.2;49.29
1983-02-18;4.0;6.57;9.13;3.6;4.476;7.0;56.06
1983-02-19;2.17;3.79;5.4;1.5;3.3;5.11;73.32
1983-02-20;-0.81;1.46;3.72;1.1;3.3;3.1;81.09
1983-02-21;-6.5;-2.04;2.41;0.0;8.5;0.9;44.39
1983-02-22;-7.18;-2.39;2.39;0.0;9.001;2.7;33.8
1983-02-23;-0.31;1.95;4.2;6.45;3.481;5.39;61.16
1983-02-24;5.21;8.4;11.6;1.75;3.295;4.51;67.72
1983-02-25;8.54;12.13;15.72;2.0;3.0;4.3;74.21
1983-02-26;9.97;12.98;15.99;1.4;4.1;3.07;85.1
1983-02-27;8.66;14.35;20.03;3.7;9.447;5.1;38.2
1983-02-28;3.68;8.19;12.7;0.0;5.7;4.4;67.9
1983-03-01;3.1;6.65;10.2;1.2;4.9;4.2;51.69
1983-03-02;2.6;5.8;9.0;1.2;8.058;6.08;49.37
1983-03-03;3.51;6.96;10.4;2.8;8.7;5.7;57.33
1983-03-04;6.7;8.35;10.0;1.4;4.7;7.01;64.0
1983-03-05;5.72;8.09;10.46;4.6;4.2;5.3;68.02
1983-03-06;3.3;5.15;7.0;1.6;4.9;3.2;79.45
1983-03-07;2.5;4.24;5.98;0.0;7.6;3.9;51.16
1983-03-08;3.83;6.0;8.17;0.0;4.787;6.2;72.32
1983-03-09;4.9;7.65;10.4;3.4;7.9;6.1;56.35
1983-03-10;5.1;8.2;11.3;17.28;3.1;5.5;77.2
1983-03-11;5.5;9.15;12.8;0.0;13.713;4.0;58.03
1983-03-12;0.7;5.5;10.3;0.0;13.0;2.6;42.86
1983-03-13;2.4;6.1;9.8;1.2;5.3;4.1;44.61
1983-03-14;1.77;4.38;6.99;0.0;8.1;5.17;48.52
1983-03-15;-0.4;1.95;4.3;0.0;11.023;3.19;45.17
1983-03-16;-2.97;1.36;5.69;0.0;14.0;1.3;33.15
1983-03-17;-2.49;1.53;5.56;0.0;16.397;3.4;25.57
1983-03-18;-1.5;2.45;6.4;0.0;17.101;3.4;24.14
1983-03-19;-3.96;0.97;5.9;0.0;15.774;2.6;25.12
1983-03-20;-4.74;1.13;7.0;0.0;15.906;2.5;27.03
1983-03-21;1.77;8.48;15.2;1.1;11.014;2.1;38.5
1983-03-22;2.3;9.86;17.42;0.0;12.518;1.49;39.37
1983-03-23;0.6;5.5;10.4;0.0;17.139;2.5;38.63
1983-03-24;-1.37;4.41;10.2;0.0;13.98;1.2;41.82
1983-03-25;0.66;6.03;11.4;0.0;14.029;1.69;39.1
1983-03-26;0.52;6.66;12.8;0.0;12.531;0.9;44.58
1983-03-27;2.4;8.05;13.7;0.0;12.2;1.3;44.6
1983-03-28;0.81;7.11;13.4;0.0;13.705;0.7;39.6
1983-03-29;4.4;9.65;14.9;0.0;12.765;2.6;45.88
1983-03-30;6.6;10.9;15.2;6.41;13.6;3.9;56.49
1983-03-31;0.6;4.89;9.19;2.41;7.3;4.7;66.17
1983-04-01;-1.59;3.1;7.8;3.9;10.7;2.5;56.36
1983-04-02;1.5;4.9;8.3;0.0;14.0;3.7;43.35
1983-04-03;1.6;7.68;13.76;10.6;5.857;5.2;48.4
1983-04-04;7.81;12.46;17.1;2.3;9.244;4.5;63.12
1983-04-05;7.6;10.5;13.41;2.5;7.361;4.41;57.17
1983-04-06;6.1;8.22;10.35;4.6;9.4;6.5;53.38
1983-04-07;3.0;6.75;10.5;0.0;12.4;4.5;47.0
1983-04-08;3.0;8.2;13.4;3.5;8.095;3.3;50.06
1983-04-09;5.4;9.25;13.1;3.58;12.407;3.9;57.44
1983-04-10;1.7;6.48;11.27;0.0;12.982;2.9;44.86
1983-04-11;1.73;9.37;17.0;1.7;7.2;2.3;43.54
1983-04-12;10.11;17.04;23.97;12.25;16.716;2.9;43.6
1983-04-13;8.97;12.19;15.4;1.2;9.7;4.7;61.31
1983-04-14;8.75;12.7;16.64;1.59;8.4;4.5;50.17
1983-04-15;6.4;9.32;12.25;1.9;14.8;5.0;46.16
1983-04-16;4.9;8.95;12.99;7.47;9.581;4.8;62.31
1983-04-17;7.0;8.89;10.78;8.1;8.3;7.47;70.0
1983-04-18;6.7;9.87;13.04;4.9;7.672;3.9;66.9
1983-04-19;5.7;10.05;14.4;6.4;12.216;3.4;57.68
1983-04-20;7.1;10.57;14.05;2.7;8.558;4.4;61.71
1983-04-21;6.2;9.45;12.7;3.4;10.6;4.2;61.61
1983-04-22;6.5;11.4;16.3;0.0;14.977;3.6;48.6
1983-04-23;1.5;6.45;11.4;0.0;9.1;2.7;57.08
1983-04-24;1.9;5.65;9.39;2.4;6.5;2.2;61.78
1983-04-25;2.8;7.96;13.11;0.0;18.826;2.1;45.53
1983-04-26;1.4;6.95;12.49;2.4;13.382;1.7;49.18
1983-04-27;4.0;10.1;16.2;0.0;19.118;3.73;34.9
1983-04-28;6.8;10.03;13.26;0.0;15.9;3.92;48.0
1983-04-29;4.2;7.74;11.29;1.2;15.8;3.6;45.25
1983-04-30;2.79;7.24;11.7;0.0;15.579;2.3;44.1
1983-05-01;6.0;9.54;13.09;7.95;8.494;4.3;60.85
1983-05-02;7.5;9.09;10.69;2.32;9.1;2.4;71.9
1983-05-03;5.86;9.08;12.3;0.0;18.412;3.3;40.3
1983-05-04;6.58;13.1;19.62;0.0;13.738;2.8;39.94
1983-05-05;4.3;9.7;15.1;0.0;16.532;3.0;55.54
1983-05-06;3.82;8.42;13.03;0.0;21.307;2.4;42.6
1983-05-07;3.1;7.17;11.25;0.0;15.388;2.4;42.7
1983-05-08;1.6;6.53;11.46;0.0;19.8;1.9;43.81
1983-05-09;1.99;7.75;13.5;0.0;19.319;1.3;41.48
1983-05-10;3.5;9.86;16.22;0.0;20.9;0.59;43.8
1983-05-11;5.2;14.75;24.3;0.0;26.3;2.9;32.78
1983-05-12;11.88;17.4;22.92;0.0;11.402;3.2;54.47
1983-05-13;11.9;15.55;19.2;24.6;6.362;2.1;84.55
1983-05-14;10.8;15.6;20.4;0.0;20.4;3.3;56.13
1983-05-15;7.9;10.3;12.71;0.0;9.545;4.6;66.06
1983-05-16;5.3;9.85;14.4;0.0;23.3;2.8;40.0
1983-05-17;4.2;9.7;15.2;0.0;17.982;1.6;38.69
1983-05-18;9.21;12.01;14.8;1.8;6.867;1.8;65.17
1983-05-19;8.5;14.36;20.22;4.8;14.994;1.6;45.8
1983-05-20;7.7;13.8;19.9;0.0;19.291;1.2;45.48
1983-05-21;8.4;15.8;23.21;0.0;25.232;2.1;38.8
1983-05-22;11.8;17.35;22.9;0.0;10.682;2.5;52.85
1983-05-23;12.7;18.45;24.2;4.8;15.608;3.6;52.79
1983-05-24;13.3;18.15;23.0;0.0;13.889;2.1;63.12
1983-05-25;12.51;19.36;26.2;0.0;23.6;3.5;40.36
1983-05-26;19.81;23.35;26.9;2.79;12.792;4.11;53.4
1983-05-27;16.11;21.86;27.61;0.0;22.511;2.6;48.96
1983-05-28;14.22;18.41;22.6;0.0;20.2;3.3;56.8
1983-05-29;13.53;17.27;21.01;0.0;14.445;3.4;56.8
1983-05-30;11.8;15.6;19.4;0.0;12.485;2.3;66.7
1983-05-31;9.3;14.8;20.3;0.0;25.783;3.01;41.0
1983-06-01;9.0;16.25;23.5;0.0;29.103;3.2;36.9
1983-06-02;11.6;19.05;26.5;6.1;23.5;2.0;39.4
1983-06-03;12.95;18.54;24.12;2.0;16.0;2.2;58.03
1983-06-04;10.9;16.46;22.03;0.0;26.1;2.0;43.59
1983-06-05;11.6;16.7;21.8;3.39;8.497;3.2;52.1
1983-06-06;10.78;13.49;16.2;3.4;10.8;3.2;68.93
1983-06-07;7.1;10.13;13.17;0.0;14.1;3.2;50.45
1983-06-08;6.0;11.5;17.0;0.0;20.2;2.1;41.6
1983-06-09;8.1;11.9;15.7;0.0;9.899;2.19;64.4
1983-06-10;7.8;13.4;19.0;0.0;20.1;1.4;48.4
1983-06-11;7.6;13.74;19.88;0.0;17.18;1.4;49.96
1983-06-12;9.2;13.99;18.79;3.0;14.0;2.9;60.57
1983-06-13;8.0;11.14;14.29;2.0;17.1;1.2;61.82
1983-06-14;6.89;11.2;15.51;0.0;18.078;2.9;45.4
1983-06-15;6.7;12.35;18.0;0.0;20.478;1.0;39.95
1983-06-16;5.46;12.39;19.33;0.0;24.286;0.5;39.55
1983-06-17;9.6;14.85;20.1;0.0;24.6;2.2;42.6
1983-06-18;10.2;15.08;19.96;0.0;24.03;4.1;41.83
1983-06-19;11.8;15.05;18.3;0.0;13.194;5.0;43.56
1983-06-20;10.0;13.35;16.69;0.0;21.09;4.0;42.6
1983-06-21;6.4;11.9;17.4;0.0;19.3;2.5;41.49
1983-06-22;5.9;13.6;21.3;0.0;20.314;0.46;36.77
1983-06-23;9.1;16.25;23.4;0.0;19.79;0.7;41.67
1983-06-24;13.81;19.76;25.71;0.0;21.93;1.6;42.49
1983-06-25;11.6;18.91;26.21;0.0;28.297;2.2;38.9
1983-06-26;11.2;18.75;26.3;0.0;27.9;2.1;36.9
1983-06-27;13.57;20.88;28.2;12.39;25.341;3.2;36.54
1983-06-28;14.01;18.2;22.4;2.5;14.2;5.0;51.82
1983-06-29;14.21;17.59;20.96;1.5;11.792;4.6;65.77
1983-06-30;14.9;19.75;24.6;0.0;19.608;1.1;44.45
1983-07-01;15.5;20.95;26.4;6.4;13.776;3.1;52.0
1983-07-02;13.5;18.1;22.7;0.0;20.617;3.6;47.11
1983-07-03;13.74;17.42;21.1;0.0;16.7;4.2;47.3
1983-07-04;13.0;16.14;19.29;4.8;12.2;3.1;57.91
1983-07-05;10.4;13.95;17.5;0.0;18.472;2.6;44.99
1983-07-06;8.9;13.3;17.7;0.0;19.3;1.1;43.14
1983-07-07;8.08;15.48;22.87;0.0;30.3;0.8;34.2
1983-07-08;12.3;19.23;26.15;0.0;21.0;1.2;37.4
1983-07-09;14.82;19.91;25.0;0.0;11.9;1.3;50.61
1983-07-10;17.09;22.01;26.93;0.0;21.1;2.5;48.9
1983-07-11;16.35;22.08;27.8;1.2;21.1;2.6;47.66
1983-07-12;13.32;20.26;27.2;0.0;25.3;1.65;39.45
1983-07-13;10.59;18.9;27.21;0.0;28.14;0.6;35.8
1983-07-14;10.7;19.66;28.61;0.0;30.936;1.0;33.2
1983-07-15;14.1;21.86;29.61;0.0;23.437;1.2;34.79
1983-07-16;13.8;22.0;30.2;0.0;29.578;1.0;34.2
1983-07-17;15.56;23.76;31.96;0.0;26.705;0.8;30.82
1983-07-18;17.3;24.84;32.37;0.0;26.215;1.3;32.63
1983-07-19;17.3;25.68;34.06;7.8;24.303;1.3;30.64
1983-07-20;18.89;24.45;30.0;3.84;20.758;2.5;43.9
1983-07-21;16.57;22.6;28.63;0.0;25.907;3.7;35.06
1983-07-22;14.2;20.55;26.9;0.0;28.5;3.7;30.18
1983-07-23;11.1;18.86;26.63;0.0;28.097;2.8;27.22
1983-07-24;9.6;17.95;26.3;0.0;26.724;2.0;31.2
1983-07-25;9.3;18.8;28.3;0.0;26.701;1.4;26.25
1983-07-26;10.4;20.5;30.61;0.0;26.101;0.6;24.98
1983-07-27;11.52;22.98;34.45;0.0;26.006;0.4;23.73
1983-07-28;12.6;23.65;34.7;5.1;23.1;1.12;21.98
1983-07-29;14.5;21.57;28.64;0.0;24.0;2.7;34.99
1983-07-30;11.1;19.86;28.61;0.0;24.903;1.5;29.7
1983-07-31;12.7;21.77;30.83;0.0;25.3;1.5;22.59
1983-08-01;14.21;23.18;32.14;0.0;25.0;1.3;20.27
1983-08-02;18.0;26.14;34.27;0.0;23.3;2.2;14.92
1983-08-03;15.2;22.42;29.65;0.0;24.004;2.9;27.03
1983-08-04;11.0;20.5;30.0;0.0;24.934;1.1;21.8
1983-08-05;14.0;25.64;37.28;0.0;24.2;2.7;7.32
1983-08-06;14.2;23.0;31.8;2.2;19.1;2.0;29.45
1983-08-07;16.93;23.45;29.96;0.0;18.578;2.1;32.2
1983-08-08;17.0;22.6;28.2;0.0;13.154;1.4;30.9
1983-08-09;16.07;22.79;29.51;0.0;16.6;2.0;26.11
1983-08-10;15.1;20.8;26.51;2.92;16.4;3.9;33.2
1983-08-11;13.6;20.08;26.56;0.0;18.8;3.7;32.66
1983-08-12;13.5;20.8;28.1;2.8;21.226;3.9;31.23
1983-08-13;12.91;20.11;27.3;0.0;19.376;2.2;32.72
1983-08-14;18.86;22.13;25.4;0.0;12.5;3.1;38.45
1983-08-15;14.4;21.85;29.3;0.0;16.1;2.9;29.62
1983-08-16;15.8;21.4;27.0;1.4;15.5;3.02;34.48
1983-08-17;14.4;19.26;24.12;0.0;14.198;4.9;35.78
1983-08-18;13.6;16.23;18.86;11.29;8.4;4.83;62.31
1983-08-19;13.7;18.45;23.2;1.2;17.145;4.4;51.05
1983-08-20;12.84;16.92;21.0;2.9;9.253;3.1;57.41
1983-08-21;12.2;15.65;19.1;6.68;8.0;3.0;53.19
1983-08-22;11.69;15.7;19.7;1.2;12.271;2.1;49.2
1983-08-23;12.8;18.15;23.5;4.3;11.7;2.9;47.41
1983-08-24;11.58;17.94;24.3;0.0;16.4;0.9;42.57
1983-08-25;13.6;18.85;24.1;1.2;17.6;1.4;46.7
1983-08-26;10.93;16.41;21.9;0.0;13.433;1.47;40.92
1983-08-27;10.6;17.4;24.2;0.0;16.094;0.8;34.92
1983-08-28;10.53;19.21;27.9;0.0;22.648;2.3;25.99
1983-08-29;14.6;19.2;23.8;0.0;16.123;2.53;42.6
1983-08-30;14.1;18.15;22.2;3.64;10.8;3.3;44.72
1983-08-31;10.4;16.3;22.2;3.3;14.133;2.2;40.96
1983-09-01;9.6;15.0;20.41;1.6;16.0;2.1;41.2
1983-09-02;8.7;16.35;24.0;0.0;14.8;2.3;29.99
1983-09-03;10.73;18.81;26.9;0.0;18.603;1.6;32.89
1983-09-04;15.1;21.91;28.73;8.96;16.252;2.4;37.4
1983-09-05;16.29;23.52;30.75;3.3;15.721;2.2;36.5
1983-09-06;13.7;17.95;22.19;0.0;14.5;3.4;46.53
1983-09-07;12.0;17.2;22.41;0.0;11.1;0.6;40.99
1983-09-08;10.0;16.1;22.2;5.0;10.8;2.7;41.43
1983-09-09;13.6;19.66;25.72;0.0;16.6;3.7;35.21
1983-09-10;14.3;19.94;25.58;0.0;12.555;4.5;34.81
1983-09-11;14.6;20.48;26.36;5.87;14.911;2.8;38.05
1983-09-12;13.0;20.17;27.34;0.0;16.273;1.7;40.69
1983-09-13;13.41;18.55;23.7;2.5;9.411;1.6;54.93
1983-09-14;12.6;16.96;21.33;8.84;7.69;1.1;61.55
1983-09-15;11.01;14.66;18.3;0.0;10.0;2.4;51.35
1983-09-16;10.1;13.85;17.6;0.0;7.462;1.9;53.8
1983-09-17;7.4;13.25;19.1;0.0;17.604;1.6;41.33
1983-09-18;4.8;12.2;19.6;0.0;11.628;1.9;37.77
1983-09-19;10.4;15.93;21.47;0.0;15.9;0.9;50.2
1983-09-20;11.4;18.0;24.59;0.0;16.203;3.0;36.91
1983-09-21;12.0;15.24;18.49;2.2;7.5;3.4;61.29
1983-09-22;10.7;14.88;19.06;0.0;9.203;2.1;44.99
1983-09-23;8.6;14.2;19.8;0.0;8.062;3.0;37.75
1983-09-24;11.5;16.52;21.54;6.0;7.9;4.5;45.79
1983-09-25;9.8;13.25;16.69;4.14;7.5;4.54;47.89
1983-09-26;8.7;11.5;14.3;6.0;5.6;4.51;60.82
1983-09-27;8.1;11.45;14.8;10.73;5.981;5.74;59.92
1983-09-28;8.5;11.0;13.5;13.32;8.2;4.51;58.0
1983-09-29;7.6;9.91;12.23;7.0;7.2;4.7;61.2
1983-09-30;7.4;13.18;18.95;13.94;3.6;5.9;54.74
1983-10-01;11.97;14.84;17.7;5.65;6.1;5.0;67.36
1983-10-02;7.0;11.35;15.7;0.0;6.2;3.2;63.28
1983-10-03;6.3;10.26;14.21;0.0;7.1;2.61;61.48
1983-10-04;7.4;9.5;11.6;7.1;6.3;4.1;70.7
1983-10-05;7.3;8.5;9.7;7.22;2.7;4.6;80.16
1983-10-06;8.25;9.93;11.6;2.28;6.2;4.6;61.11
1983-10-07;6.5;8.88;11.25;0.0;6.2;2.7;58.0
1983-10-08;5.7;9.05;12.4;0.0;8.5;2.1;49.7
1983-10-09;5.2;10.35;15.5;1.2;7.2;3.9;50.6
1983-10-10;5.09;9.89;14.7;0.0;10.2;3.2;45.38
1983-10-11;6.5;12.4;18.3;0.0;10.1;3.71;44.7
1983-10-12;7.3;10.15;13.0;0.0;3.393;3.7;77.38
1983-10-13;3.71;8.45;13.18;0.0;8.4;2.6;54.36
1983-10-14;9.3;12.15;15.0;4.95;6.877;1.4;73.1
1983-10-15;7.09;9.0;10.9;6.93;1.994;1.3;90.77
1983-10-16;6.06;9.88;13.7;0.0;3.603;1.0;81.61
1983-10-17;6.9;10.4;13.9;3.27;2.0;3.7;78.11
1983-10-18;8.5;10.24;11.98;2.33;3.2;3.8;83.0
1983-10-19;8.75;11.83;14.91;0.0;7.6;5.1;52.1
1983-10-20;9.5;12.12;14.74;0.0;5.9;3.5;72.51
1983-10-21;8.59;12.2;15.8;1.85;2.8;3.4;65.47
1983-10-22;7.53;11.23;14.94;0.0;7.6;3.1;57.77
1983-10-23;6.1;9.7;13.3;0.0;4.092;2.5;65.98
1983-10-24;4.8;9.3;13.8;0.0;9.3;2.6;56.88
1983-10-25;7.7;9.74;11.79;9.72;1.513;3.7;87.8
1983-10-26;5.25;9.45;13.65;0.0;5.8;1.0;77.72
1983-10-27;4.4;8.8;13.2;0.0;5.3;2.2;51.98
1983-10-28;4.7;8.48;12.26;0.0;4.2;2.1;62.34
1983-10-29;2.44;6.17;9.9;0.0;7.922;5.11;45.01
1983-10-30;-1.8;1.29;4.37;0.0;3.0;5.2;46.19
1983-10-31;-2.47;0.97;4.4;0.0;6.1;0.26;56.2
1983-11-01;-2.23;1.65;5.53;12.48;2.2;1.2;87.3
1983-11-02;-0.57;2.22;5.01;0.0;3.7;1.9;85.36
1983-11-03;-1.34;1.73;4.8;0.0;4.0;1.9;72.79
1983-11-04;0.45;4.47;8.5;0.0;4.4;2.7;68.85
1983-11-05;-0.11;3.47;7.05;0.0;4.4;1.7;78.91
1983-11-06;-2.5;1.27;5.05;1.2;4.6;1.89;74.9
1983-11-07;-1.4;1.8;5.01;0.0;5.6;1.7;50.4
1983-11-08;-1.46;1.67;4.8;0.0;5.6;2.98;59.19
1983-11-09;-1.08;1.85;4.79;0.0;3.2;3.4;66.46
1983-11-10;-4.31;-1.44;1.43;0.0;5.6;1.0;47.94
1983-11-11;-4.08;-1.69;0.7;0.0;5.6;3.0;33.41
1983-11-12;-4.79;-2.09;0.61;0.0;5.5;2.1;33.8
1983-11-13;-4.82;-1.47;1.89;0.0;5.5;1.9;33.91
1983-11-14;-2.1;2.6;7.3;2.8;2.4;3.6;49.8
1983-11-15;6.48;8.24;10.0;0.0;2.43;2.5;89.87
1983-11-16;5.8;8.35;10.9;0.0;3.5;2.2;83.52
1983-11-17;1.0;5.45;9.9;3.2;2.4;0.72;84.7
1983-11-18;4.2;6.56;8.92;6.63;2.3;0.6;89.6
1983-11-19;0.3;2.6;4.9;0.0;2.6;2.2;86.7
1983-11-20;-1.51;1.35;4.2;0.0;4.9;1.7;69.02
1983-11-21;1.0;4.45;7.9;1.2;1.9;4.4;66.36
1983-11-22;2.8;4.8;6.8;0.0;3.9;2.5;84.42
1983-11-23;4.36;5.99;7.61;0.0;4.2;2.2;84.7
1983-11-24;4.0;6.75;9.51;3.0;1.4;2.9;84.01
1983-11-25;5.0;7.55;10.1;0.0;4.7;3.6;81.3
1983-11-26;6.8;8.3;9.8;0.0;2.7;2.8;87.5
1983-11-27;1.28;4.49;7.7;0.0;3.8;2.9;72.98
1983-11-28;2.38;6.44;10.5;0.0;4.5;3.21;73.83
1983-11-29;8.0;10.4;12.8;0.0;4.4;3.4;66.64
1983-11-30;7.2;9.06;10.92;2.94;1.7;2.9;90.41
1983-12-01;5.2;7.25;9.3;0.0;1.7;3.2;86.4
1983-12-02;5.4;7.4;9.4;0.0;2.2;2.2;88.05
1983-12-03;1.42;4.15;6.89;0.0;2.176;1.2;86.4
1983-12-04;1.0;3.4;5.8;0.0;2.2;0.9;89.71
1983-12-05;4.2;6.45;8.7;0.0;2.9;2.2;85.31
1983-12-06;4.4;7.59;10.79;6.61;1.8;2.8;87.5
1983-12-07;3.2;5.85;8.5;0.0;3.8;3.0;79.84
1983-12-08;2.8;6.05;9.3;0.0;2.8;3.09;79.23
1983-12-09;1.9;4.05;6.2;0.0;2.1;2.2;81.4
1983-12-10;-0.3;2.16;4.61;3.0;3.2;2.2;81.96
1983-12-11;-2.5;1.12;4.73;0.0;3.1;1.6;82.2
1983-12-12;-2.44;1.04;4.52;0.0;2.0;1.0;78.16
1983-12-13;4.4;6.2;8.0;0.0;1.5;3.0;86.8
1983-12-14;4.4;5.45;6.5;0.0;1.5;3.0;82.7
1983-12-15;2.49;4.0;5.51;0.0;1.7;1.4;89.2
1983-12-16;-1.12;1.64;4.4;0.0;2.3;0.22;84.42
1983-12-17;-2.92;-0.46;2.0;0.0;3.802;1.22;84.68
1983-12-18;-3.88;-1.81;0.26;0.0;3.0;1.5;61.66
1983-12-19;-1.8;1.3;4.4;0.0;1.8;2.06;65.94
1983-12-20;3.81;5.41;7.0;0.0;1.8;4.2;81.61
1983-12-21;3.9;4.95;6.0;0.0;1.7;1.8;90.01
1983-12-22;0.9;2.6;4.3;0.0;2.1;1.73;87.9
1983-12-23;0.8;1.85;2.9;6.16;1.8;4.5;89.97
1983-12-24;-2.0;0.45;2.9;0.0;2.8;2.19;82.9
1983-12-25;-3.98;-1.7;0.58;0.0;2.4;2.0;80.4
1983-12-26;-6.5;-4.36;-2.21;0.0;3.1;3.4;33.02
1983-12-27;-7.79;-5.25;-2.72;0.0;2.9;4.79;34.28
1983-12-28;-9.21;-6.63;-4.05;0.0;3.3;3.3;34.31
1983-12-29;-7.93;-4.71;-1.5;0.0;2.914;0.77;57.17
1983-12-30;-8.0;-4.99;-1.98;0.0;3.1;1.7;42.56
1983-12-31;-6.82;-3.66;-0.5;0.0;3.4;3.0;25.19
1984-01-01;-3.83;0.86;5.56;2.5;1.3;3.7;50.6
1984-01-02;5.21;7.8;10.4;0.0;1.3;4.4;86.31
1984-01-03;6.9;8.23;9.55;0.0;3.7;4.5;86.0
1984-01-04;5.8;7.66;9.52;3.37;1.1;4.0;93.32
1984-01-05;4.0;5.52;7.04;6.61;1.6;4.8;85.57
1984-01-06;3.98;6.74;9.49;5.81;1.4;4.2;72.3
1984-01-07;3.1;5.1;7.1;5.3;2.6;4.02;81.12
1984-01-08;4.2;5.85;7.5;0.0;1.9;4.04;72.31
1984-01-09;0.6;2.55;4.5;0.0;2.6;3.5;86.3
1984-01-10;1.5;3.25;5.0;2.0;3.2;3.9;75.2
1984-01-11;-0.59;2.21;5.01;2.73;3.3;2.5;85.43
1984-01-12;-2.04;0.78;3.61;0.0;2.9;3.9;77.8
1984-01-13;-2.96;-0.38;2.2;0.0;4.006;1.3;82.02
1984-01-14;-2.5;0.34;3.18;0.0;1.8;0.9;87.1
1984-01-15;-2.71;0.25;3.2;0.0;3.8;1.6;87.01
1984-01-16;-2.27;0.51;3.3;0.0;3.6;4.0;80.32
1984-01-17;-3.7;-1.69;0.33;0.0;4.1;4.6;46.61
1984-01-18;-4.15;-1.48;1.2;0.0;3.7;4.1;61.89
1984-01-19;-9.29;-6.44;-3.59;0.0;4.5;3.5;22.24
1984-01-20;-9.7;-5.1;-0.5;0.0;2.5;1.6;38.8
1984-01-21;-4.71;-1.46;1.8;0.0;3.1;1.01;86.77
1984-01-22;0.18;1.94;3.7;1.95;2.9;3.5;84.2
1984-01-23;-6.5;-2.3;1.9;0.0;4.4;1.8;44.39
1984-01-24;-5.02;-1.41;2.2;0.0;4.2;3.0;57.17
1984-01-25;-4.14;-0.82;2.5;0.0;4.4;2.3;70.04
1984-01-26;-4.5;-1.17;2.16;1.1;3.5;4.81;58.49
1984-01-27;-3.6;-0.46;2.69;0.0;2.0;3.7;85.45
1984-01-28;-5.45;-1.23;3.0;1.7;3.4;3.7;60.22
1984-01-29;2.2;5.1;8.0;2.5;1.8;6.1;84.49
1984-01-30;7.9;9.54;11.19;0.0;2.9;5.21;83.41
1984-01-31;2.41;5.21;8.0;2.8;1.3;5.9;74.81
1984-02-01;-1.86;0.57;3.0;0.0;4.2;3.8;45.16
1984-02-02;-4.48;-0.9;2.69;0.0;6.6;0.7;44.54
1984-02-03;-6.7;-2.52;1.66;0.0;6.3;0.7;36.66
1984-02-04;-7.09;-3.04;1.0;0.0;6.6;2.21;14.49
1984-02-05;-4.95;-1.33;2.3;2.3;7.0;5.9;9.38
1984-02-06;-6.65;-2.04;2.57;0.0;6.3;3.2;80.11
1984-02-07;2.0;4.2;6.4;0.0;6.1;4.38;62.1
1984-02-08;0.3;1.95;3.6;0.0;4.655;2.6;52.19
1984-02-09;-0.4;1.3;3.0;0.0;4.7;2.4;71.8
1984-02-10;-0.01;1.5;3.0;0.0;4.5;3.87;66.88
1984-02-11;-6.0;-1.6;2.8;0.0;7.208;1.6;40.69
1984-02-12;-2.1;3.15;8.4;5.89;2.7;3.4;67.0
1984-02-13;-0.2;1.49;3.19;4.6;2.099;6.6;74.19
1984-02-14;-3.9;-0.54;2.82;0.0;5.6;4.0;42.91
1984-02-15;-7.2;-2.95;1.3;3.23;6.0;1.53;67.04
1984-02-16;-0.2;2.85;5.9;3.51;5.6;1.4;68.37
1984-02-17;-2.85;0.02;2.9;0.0;5.9;2.2;63.57
1984-02-18;-3.18;-1.44;0.3;0.0;3.0;0.6;82.01
1984-02-19;-4.72;-2.23;0.26;0.0;5.5;2.0;68.1
1984-02-20;-7.08;-3.64;-0.2;0.0;8.7;3.3;55.02
1984-02-21;-7.34;-3.72;-0.1;0.0;7.918;0.8;65.96
1984-02-22;-6.2;-2.56;1.08;0.0;6.359;3.3;73.2
1984-02-23;-3.3;-0.7;1.89;0.0;6.9;3.1;65.57
1984-02-24;-4.1;-0.9;2.3;0.0;7.5;1.4;67.8
1984-02-25;-3.1;-0.64;1.82;0.0;4.1;2.7;73.48
1984-02-26;0.64;1.89;3.14;0.0;4.0;1.0;81.98
1984-02-27;-0.1;3.85;7.8;1.4;6.2;3.1;58.84
1984-02-28;2.0;7.15;12.3;0.0;10.02;3.34;50.06
1984-02-29;0.0;0.0;0.0;0.0;0.0;0.0;0.0
1984-03-01;6.11;9.4;12.7;6.3;4.217;2.2;84.06
1984-03-02;2.32;8.38;14.43;0.0;6.3;1.01;66.53
1984-03-03;0.8;7.7;14.6;0.0;7.6;1.02;50.53
1984-03-04;7.5;8.45;9.4;0.0;2.9;4.2;87.42
1984-03-05;7.0;7.9;8.8;2.39;4.4;4.0;85.07
1984-03-06;4.81;7.5;10.19;0.0;4.0;2.8;84.57
1984-03-07;2.6;7.77;12.95;1.2;7.8;1.5;60.49
1984-03-08;3.0;5.7;8.4;0.0;4.4;1.7;82.73
1984-03-09;0.5;6.05;11.6;0.0;10.2;1.3;51.17
1984-03-10;3.4;9.6;15.8;0.0;10.095;4.0;47.17
1984-03-11;4.8;9.2;13.6;0.0;9.707;5.45;44.99
1984-03-12;2.0;3.38;4.77;6.5;4.66;4.0;70.13
1984-03-13;-0.7;2.4;5.5;0.0;13.703;4.3;31.69
1984-03-14;-3.74;-0.17;3.4;0.0;12.108;3.6;37.75
1984-03-15;-4.21;-0.96;2.3;0.0;11.573;3.6;37.12
1984-03-16;-5.1;-1.4;2.3;0.0;12.8;2.5;31.07
1984-03-17;-4.96;-1.33;2.3;0.0;12.642;2.5;31.61
1984-03-18;-4.13;-0.92;2.3;0.0;11.1;2.6;41.49
1984-03-19;-4.81;-1.18;2.44;0.0;13.218;1.82;38.29
1984-03-20;-5.1;-1.31;2.48;0.0;12.079;-0.11;32.09
1984-03-21;-5.4;-0.67;4.06;0.0;16.303;0.9;24.75
1984-03-22;-5.05;0.95;6.95;0.0;17.1;1.8;24.73
1984-03-23;-0.6;3.85;8.3;0.0;17.4;2.8;27.05
1984-03-24;-2.48;4.26;11.0;0.0;14.6;2.5;37.6
1984-03-25;5.9;9.5;13.1;17.15;4.6;6.0;71.73
1984-03-26;9.46;13.27;17.07;3.0;11.1;4.1;64.59
1984-03-27;8.1;11.5;14.9;5.5;5.5;2.5;82.53
1984-03-28;5.42;10.11;14.8;0.0;15.603;4.3;54.73
1984-03-29;5.7;8.55;11.4;1.2;7.6;3.4;65.56
1984-03-30;3.63;7.85;12.07;9.76;6.195;4.7;64.21
1984-03-31;5.5;8.05;10.6;0.0;13.712;5.4;46.01
1984-04-01;5.5;10.35;15.2;1.9;11.9;4.8;41.09
1984-04-02;5.1;7.9;10.7;0.0;11.2;4.7;47.9
1984-04-03;4.82;7.61;10.4;11.12;5.5;4.8;68.5
1984-04-04;6.01;8.41;10.8;2.85;5.1;4.3;73.72
1984-04-05;3.27;7.63;12.0;3.4;7.601;2.6;67.37
1984-04-06;5.9;9.3;12.7;2.5;7.7;2.7;68.49
1984-04-07;3.2;6.95;10.7;0.0;10.681;2.6;57.95
1984-04-08;2.7;8.51;14.32;0.0;11.698;2.4;41.89
1984-04-09;4.7;8.25;11.8;0.0;10.5;4.1;61.24
1984-04-10;4.6;6.22;7.85;0.0;7.7;4.7;64.7
1984-04-11;4.47;6.38;8.28;4.76;8.295;3.9;70.44
1984-04-12;4.6;7.25;9.9;0.0;10.9;3.3;54.59
1984-04-13;4.1;9.13;14.16;0.0;16.9;3.0;46.32
1984-04-14;3.63;6.53;9.43;1.5;12.2;4.5;55.7
1984-04-15;3.94;6.07;8.2;0.0;12.4;4.22;49.3
1984-04-16;0.8;5.2;9.59;0.0;10.9;2.8;45.53
1984-04-17;0.0;4.4;8.8;0.0;10.4;3.4;55.47
1984-04-18;2.9;9.15;15.4;2.2;10.6;2.8;46.2
1984-04-19;8.5;14.05;19.61;1.2;19.9;4.1;42.27
1984-04-20;6.6;10.95;15.3;3.51;9.1;4.43;60.93
1984-04-21;4.0;9.1;14.2;2.5;14.7;1.8;55.65
1984-04-22;9.1;12.59;16.09;1.5;11.9;2.2;67.92
1984-04-23;10.86;16.18;21.5;3.4;9.0;4.4;55.92
1984-04-24;12.4;18.27;24.15;0.0;23.014;4.6;43.3
1984-04-25;8.43;13.71;19.0;0.0;17.6;4.0;51.1
1984-04-26;6.9;11.3;15.71;5.0;16.1;4.3;52.2
1984-04-27;6.6;9.45;12.3;0.0;11.989;4.1;56.29
1984-04-28;4.0;8.54;13.08;0.0;16.2;2.9;52.8
1984-04-29;9.22;12.71;16.2;4.6;9.577;4.0;71.23
1984-04-30;8.64;12.87;17.1;0.0;20.756;2.9;46.49
1984-05-01;8.7;13.55;18.4;0.0;10.992;3.3;46.4
1984-05-02;10.21;13.91;17.6;0.0;10.6;4.4;51.31
1984-05-03;10.4;12.55;14.7;16.32;8.794;5.38;73.9
1984-05-04;5.72;9.21;12.7;26.52;6.5;2.0;81.32
1984-05-05;3.39;7.1;10.8;0.0;18.865;3.5;39.0
1984-05-06;3.5;8.47;13.45;0.0;13.9;2.3;51.36
1984-05-07;5.6;9.97;14.34;0.0;10.3;3.7;52.41
1984-05-08;3.9;9.68;15.46;0.0;18.158;2.5;44.93
1984-05-09;6.78;10.44;14.1;1.2;9.8;3.5;62.71
1984-05-10;4.85;6.47;8.09;1.2;16.134;1.5;64.5
1984-05-11;1.6;4.03;6.45;0.0;11.9;1.8;56.2
1984-05-12;2.58;7.53;12.47;0.0;25.2;1.8;33.64
1984-05-13;2.6;7.7;12.8;0.0;23.736;1.5;37.8
1984-05-14;6.9;8.8;10.7;12.22;7.697;3.6;72.64
1984-05-15;6.2;9.25;12.3;0.0;20.3;3.4;55.98
1984-05-16;2.6;9.3;16.0;0.0;27.704;1.1;32.8
1984-05-17;5.1;11.6;18.1;0.0;27.384;3.4;33.74
1984-05-18;6.6;13.85;21.1;0.0;27.914;4.3;29.5
1984-05-19;8.5;15.98;23.47;0.0;28.414;4.37;29.5
1984-05-20;11.68;17.99;24.31;0.0;22.042;4.88;32.69
1984-05-21;13.16;19.08;25.0;0.0;26.507;4.45;29.42
1984-05-22;11.6;18.23;24.86;0.0;27.752;4.25;30.7
1984-05-23;11.8;18.7;25.6;0.0;26.578;2.9;33.8
1984-05-24;12.83;19.02;25.2;0.0;24.605;2.85;38.33
1984-05-25;11.3;18.1;24.9;0.0;26.7;2.56;36.82
1984-05-26;10.89;16.12;21.35;0.0;25.035;3.6;39.98
1984-05-27;11.6;16.85;22.1;0.0;23.401;3.2;38.66
1984-05-28;12.9;17.75;22.6;0.0;21.9;3.2;43.1
1984-05-29;10.96;16.83;22.7;0.0;22.2;3.12;41.43
1984-05-30;12.3;18.05;23.8;3.0;17.955;3.1;42.4
1984-05-31;10.69;16.84;23.0;0.0;21.273;2.9;45.29
1984-06-01;10.1;16.41;22.72;0.0;16.429;2.1;46.42
1984-06-02;9.28;15.54;21.8;0.0;18.605;2.1;43.28
1984-06-03;11.42;18.93;26.45;0.0;29.9;2.2;34.13
1984-06-04;12.9;19.55;26.21;0.0;23.604;2.0;42.49
1984-06-05;12.4;17.1;21.8;8.46;11.28;1.8;70.46
1984-06-06;7.68;14.29;20.9;0.0;22.013;1.9;42.79
1984-06-07;5.9;13.5;21.11;0.0;29.174;1.1;32.94
1984-06-08;6.7;15.5;24.3;0.0;24.6;2.2;33.69
1984-06-09;19.1;23.05;27.0;4.82;18.7;3.0;45.28
1984-06-10;12.82;17.86;22.9;0.0;27.948;3.18;47.38
1984-06-11;10.4;16.55;22.7;0.0;29.875;1.3;36.9
1984-06-12;14.7;19.7;24.7;0.0;15.2;3.0;45.76
1984-06-13;18.94;25.73;32.52;4.1;22.0;2.0;37.3
1984-06-14;19.29;25.77;32.24;4.9;26.7;2.9;38.1
1984-06-15;20.3;23.5;26.7;0.0;24.218;2.1;50.1
1984-06-16;14.83;19.02;23.2;0.0;24.1;3.0;46.64
1984-06-17;13.81;18.03;22.25;0.0;17.709;2.32;43.1
1984-06-18;14.98;18.09;21.2;1.4;10.581;0.3;65.84
1984-06-19;12.3;18.73;25.17;0.0;21.927;1.0;45.65
1984-06-20;11.0;15.2;19.39;0.0;7.703;2.2;70.99
1984-06-21;7.8;15.59;23.38;0.0;26.136;0.56;36.02
1984-06-22;10.57;18.88;27.2;0.0;21.457;0.8;37.19
1984-06-23;12.31;18.89;25.46;1.5;17.409;2.0;43.42
1984-06-24;9.3;17.13;24.95;0.0;26.405;0.7;38.1
1984-06-25;10.3;17.05;23.8;0.0;22.0;2.7;41.1
1984-06-26;15.9;18.26;20.62;0.0;8.099;1.5;76.58
1984-06-27;16.3;20.55;24.81;0.0;14.483;3.4;52.54
1984-06-28;17.46;20.68;23.9;8.8;10.8;2.1;69.5
1984-06-29;13.62;20.71;27.8;0.0;24.182;1.9;43.63
1984-06-30;11.87;19.81;27.75;0.0;28.178;1.4;38.1
1984-07-01;14.62;22.07;29.53;0.0;22.9;1.98;37.1
1984-07-02;19.17;25.0;30.82;5.41;27.5;2.9;34.7
1984-07-03;18.98;24.79;30.6;6.9;22.5;1.8;43.9
1984-07-04;10.8;18.05;25.3;0.0;28.694;2.8;42.0
1984-07-05;9.79;17.64;25.5;0.0;27.604;1.6;36.94
1984-07-06;11.2;19.2;27.2;0.0;23.106;2.2;38.2
1984-07-07;13.5;19.74;25.98;0.0;11.647;1.4;47.3
1984-07-08;11.6;19.15;26.7;0.0;28.701;3.0;33.58
1984-07-09;11.18;18.79;26.39;0.0;26.092;2.9;34.62
1984-07-10;11.6;16.9;22.2;0.0;21.209;2.7;43.8
1984-07-11;14.3;19.8;25.3;0.0;21.0;3.0;33.72
1984-07-12;11.2;18.35;25.5;0.0;28.918;3.5;22.74
1984-07-13;14.6;21.2;27.8;0.0;24.2;3.91;22.03
1984-07-14;16.28;21.59;26.9;12.77;19.542;4.7;33.29
1984-07-15;11.9;18.65;25.4;9.02;13.389;2.6;49.53
1984-07-16;11.7;16.14;20.59;16.34;7.989;3.2;67.03
1984-07-17;11.7;17.7;23.7;0.0;23.1;1.7;42.59
1984-07-18;10.73;18.37;26.0;0.0;22.317;1.9;36.2
1984-07-19;11.7;18.55;25.4;16.2;21.0;2.8;43.66
1984-07-20;14.4;20.66;26.91;7.5;17.3;2.0;43.84
1984-07-21;13.2;19.88;26.55;2.66;21.0;2.9;42.5
1984-07-22;12.7;18.3;23.89;0.0;22.693;3.7;40.35
1984-07-23;12.2;16.85;21.5;0.0;20.566;3.6;45.54
1984-07-24;14.4;17.5;20.6;0.0;16.8;3.1;42.49
1984-07-25;14.26;17.43;20.6;1.68;8.995;2.37;63.47
1984-07-26;13.2;17.98;22.77;3.54;15.719;2.7;44.86
1984-07-27;11.6;16.5;21.4;0.0;17.305;2.5;46.84
1984-07-28;11.2;15.15;19.11;7.25;18.017;3.4;48.36
1984-07-29;11.0;16.25;21.5;0.0;21.6;3.0;43.76
1984-07-30;11.2;14.85;18.5;4.6;9.393;1.2;60.7
1984-07-31;11.98;15.64;19.3;0.0;21.0;2.7;44.1
1984-08-01;12.0;16.8;21.6;0.0;17.7;2.65;40.37
1984-08-02;14.1;20.9;27.7;1.8;16.3;3.5;33.51
1984-08-03;16.91;24.05;31.2;1.7;23.983;3.5;29.07
1984-08-04;12.0;19.26;26.51;0.0;25.974;2.5;38.57
1984-08-05;9.74;19.32;28.9;2.7;22.1;1.0;34.65
1984-08-06;13.61;20.12;26.62;0.0;20.8;2.6;47.5
1984-08-07;11.0;17.35;23.7;0.0;20.1;1.8;44.95
1984-08-08;9.0;17.25;25.5;0.0;23.301;1.5;33.8
1984-08-09;10.61;19.11;27.6;0.0;23.903;2.3;32.81
1984-08-10;12.96;21.23;29.51;0.0;23.3;3.6;31.11
1984-08-11;16.1;23.35;30.6;0.0;23.09;3.6;31.2
1984-08-12;16.45;23.52;30.6;0.0;23.303;3.0;30.37
1984-08-13;14.4;22.8;31.2;0.0;25.0;2.2;25.4
1984-08-14;12.8;20.2;27.61;0.0;17.3;2.5;38.1
1984-08-15;9.4;17.15;24.9;0.0;22.1;1.5;34.77
1984-08-16;9.7;18.66;27.61;0.0;18.0;0.9;30.98
1984-08-17;9.09;18.2;27.3;0.0;21.797;1.8;29.99
1984-08-18;10.1;17.02;23.94;0.0;17.715;2.9;37.8
1984-08-19;8.7;16.4;24.1;0.0;19.5;1.8;33.29
1984-08-20;7.29;14.39;21.5;0.0;16.394;2.0;36.2
1984-08-21;12.78;15.54;18.3;0.0;8.4;2.2;67.79
1984-08-22;10.8;16.91;23.01;0.0;11.18;0.8;39.1
1984-08-23;8.02;18.09;28.17;0.0;23.597;1.4;23.36
1984-08-24;14.7;20.65;26.6;1.7;12.032;0.8;32.83
1984-08-25;12.7;19.48;26.27;0.0;20.003;1.26;34.48
1984-08-26;11.8;19.99;28.18;29.51;18.107;3.4;33.22
1984-08-27;15.5;19.47;23.44;7.4;9.986;3.0;60.11
1984-08-28;13.85;16.16;18.48;19.06;5.64;6.26;81.66
1984-08-29;13.21;16.55;19.9;11.7;10.1;3.7;63.42
1984-08-30;13.7;17.1;20.5;9.3;5.94;3.0;82.14
1984-08-31;15.2;19.25;23.3;0.0;10.1;2.7;62.41
1984-09-01;13.4;20.94;28.48;5.9;17.452;1.7;40.59
1984-09-02;10.0;15.55;21.1;0.0;14.5;1.7;52.52
1984-09-03;7.61;13.13;18.65;0.0;15.225;1.3;44.0
1984-09-04;8.7;14.1;19.5;0.0;18.7;0.9;40.53
1984-09-05;7.01;14.73;22.44;0.0;18.972;1.42;36.46
1984-09-06;8.6;13.95;19.3;0.0;8.4;0.7;49.9
1984-09-07;11.9;15.1;18.3;5.6;4.4;1.3;84.01
1984-09-08;8.89;13.89;18.9;0.0;15.94;1.8;46.49
1984-09-09;9.1;15.4;21.7;0.0;10.038;3.0;45.58
1984-09-10;12.3;17.0;21.7;0.0;9.012;2.7;49.1
1984-09-11;13.6;16.42;19.24;0.0;7.2;3.5;70.5
1984-09-12;10.4;14.54;18.68;1.1;14.2;4.1;51.77
1984-09-13;10.5;13.95;17.4;3.4;7.0;4.3;49.68
1984-09-14;11.5;14.35;17.2;2.0;9.3;5.3;58.29
1984-09-15;12.03;15.16;18.3;4.14;7.9;5.1;70.6
1984-09-16;13.6;16.3;19.0;7.1;4.399;4.3;88.78
1984-09-17;11.0;14.4;17.8;13.3;9.0;5.7;55.6
1984-09-18;9.61;12.5;15.38;0.0;7.2;4.9;49.72
1984-09-19;9.6;14.55;19.5;11.3;5.166;2.3;53.6
1984-09-20;13.7;17.25;20.8;0.0;7.2;5.3;59.7
1984-09-21;11.32;15.61;19.9;3.85;7.2;3.2;61.6
1984-09-22;8.9;12.86;16.81;0.0;10.7;2.2;52.67
1984-09-23;7.9;9.43;10.96;5.59;2.7;2.9;85.25
1984-09-24;6.3;10.65;15.0;1.2;10.961;2.41;49.85
1984-09-25;5.29;10.04;14.8;3.4;10.9;2.3;47.3
1984-09-26;8.4;11.0;13.6;7.19;5.6;4.6;73.1
1984-09-27;6.6;10.15;13.7;1.4;5.3;2.5;61.63
1984-09-28;6.9;10.15;13.4;0.0;7.9;2.7;61.81
1984-09-29;8.3;10.98;13.67;2.8;4.2;3.2;78.45
1984-09-30;9.53;11.66;13.79;4.81;3.795;5.1;67.3
1984-10-01;10.4;12.48;14.56;3.0;5.8;4.7;72.63
1984-10-02;10.1;14.02;17.93;0.0;8.0;5.4;54.92
1984-10-03;14.67;17.84;21.0;0.0;6.6;4.3;62.2
1984-10-04;13.68;17.74;21.8;0.0;10.6;3.3;54.51
1984-10-05;13.56;18.13;22.7;0.0;9.7;2.7;54.7
1984-10-06;12.92;17.36;21.8;0.0;9.6;3.0;51.91
1984-10-07;13.7;18.03;22.36;0.0;10.5;3.8;45.44
1984-10-08;12.41;16.05;19.7;11.79;5.5;2.8;72.6
1984-10-09;12.2;14.8;17.4;2.2;5.1;0.69;90.09
1984-10-10;7.6;11.35;15.1;2.29;4.2;4.0;78.9
1984-10-11;6.2;8.95;11.7;1.2;5.2;3.3;59.4
1984-10-12;6.98;9.44;11.9;1.7;8.6;4.3;59.2
1984-10-13;8.67;10.13;11.59;13.79;2.347;4.6;84.4
1984-10-14;6.72;9.86;12.99;7.8;4.4;2.9;76.3
1984-10-15;4.8;9.0;13.2;11.8;3.0;4.1;60.8
1984-10-16;10.4;12.6;14.8;0.0;5.4;3.1;88.0
1984-10-17;9.8;12.0;14.2;7.22;5.8;2.4;85.33
1984-10-18;7.4;10.6;13.8;0.0;7.2;4.91;61.03
1984-10-19;3.79;6.64;9.5;4.6;1.8;4.0;81.62
1984-10-20;3.86;7.13;10.4;0.0;5.5;3.4;51.46
1984-10-21;4.83;7.88;10.94;0.0;5.108;3.7;55.13
1984-10-22;4.0;8.13;12.25;0.0;7.906;2.8;57.55
1984-10-23;5.3;8.69;12.07;0.0;3.9;2.1;66.0
1984-10-24;2.2;7.76;13.32;0.0;7.2;0.74;49.39
1984-10-25;0.5;5.38;10.27;0.0;8.501;1.2;44.72
1984-10-26;-2.25;2.54;7.34;0.0;7.7;1.4;46.37
1984-10-27;-3.09;1.35;5.8;0.0;7.2;1.53;50.09
1984-10-28;-1.9;3.1;8.1;0.0;7.213;2.1;49.46
1984-10-29;-0.1;5.08;10.27;0.0;5.8;2.3;53.11
1984-10-30;3.0;7.6;12.2;0.0;6.8;3.0;52.97
1984-10-31;3.51;8.41;13.3;0.0;6.409;2.0;55.4
1984-11-01;3.5;8.96;14.42;0.0;4.369;1.94;66.19
1984-11-02;9.3;11.38;13.46;0.0;2.4;2.3;89.14
1984-11-03;7.5;10.95;14.4;0.0;6.2;2.5;76.4
1984-11-04;7.0;9.45;11.9;1.2;1.988;3.5;77.52
1984-11-05;4.0;8.1;12.2;3.2;3.9;3.7;65.49
1984-11-06;3.91;9.46;15.0;4.5;1.8;4.2;67.62
1984-11-07;11.83;14.66;17.48;0.0;4.6;4.5;71.83
1984-11-08;10.4;13.0;15.6;0.0;4.9;3.4;78.37
1984-11-09;7.5;10.55;13.6;0.0;5.3;3.3;77.57
1984-11-10;5.9;9.45;13.0;0.0;3.8;2.7;76.53
1984-11-11;6.0;9.16;12.32;0.0;4.9;3.3;73.81
1984-11-12;-1.0;5.05;11.1;1.2;3.995;2.9;68.58
1984-11-13;-1.0;2.92;6.84;0.0;5.706;2.3;55.8
1984-11-14;1.99;4.59;7.2;1.8;1.792;3.8;80.81
1984-11-15;4.8;7.05;9.3;1.8;3.3;4.9;69.24
1984-11-16;4.1;6.8;9.5;1.85;1.711;7.0;66.69
1984-11-17;2.8;5.09;7.39;0.0;4.1;2.0;60.85
1984-11-18;0.8;3.31;5.83;0.0;3.0;0.8;84.3
1984-11-19;-2.1;1.1;4.3;0.0;5.1;0.9;75.5
1984-11-20;-1.6;3.07;7.74;0.0;2.8;2.0;75.1
1984-11-21;5.29;7.27;9.24;1.29;2.8;3.4;85.21
1984-11-22;1.4;3.5;5.6;0.0;1.5;2.9;87.51
1984-11-23;-1.4;2.25;5.89;0.0;3.7;2.4;59.11
1984-11-24;-1.8;3.75;9.3;1.2;1.7;3.0;61.35
1984-11-25;7.0;8.9;10.8;0.0;3.6;5.87;74.49
1984-11-26;6.2;7.8;9.4;3.3;2.9;5.41;84.4
1984-11-27;4.8;6.7;8.6;4.0;0.8;5.1;87.2
1984-11-28;4.7;8.25;11.8;19.12;2.4;2.9;62.13
1984-11-29;7.1;9.75;12.39;0.0;2.7;5.91;78.23
1984-11-30;-1.09;3.47;8.03;5.51;2.7;3.6;65.8
1984-12-01;-1.8;-0.06;1.69;0.0;0.749;3.2;77.6
1984-12-02;-3.0;-0.22;2.56;0.0;3.1;2.2;66.29
1984-12-03;-3.0;-0.25;2.5;0.0;3.6;1.28;66.8
1984-12-04;-2.9;0.9;4.7;0.0;1.9;3.4;63.36
1984-12-05;4.81;5.9;7.0;1.1;1.0;5.43;88.69
1984-12-06;-0.4;3.45;7.3;0.0;1.8;4.0;84.11
1984-12-07;-2.2;0.31;2.83;0.0;3.2;2.3;48.49
1984-12-08;0.3;4.65;9.0;7.91;1.8;4.7;73.79
1984-12-09;3.1;6.25;9.4;4.9;2.4;3.7;81.3
1984-12-10;3.57;5.18;6.8;0.0;3.2;2.96;85.02
1984-12-11;2.3;4.02;5.73;0.0;2.7;3.4;84.5
1984-12-12;5.2;8.4;11.6;6.4;1.2;5.8;73.78
1984-12-13;5.2;6.86;8.52;0.0;1.6;4.1;84.5
1984-12-14;4.4;6.55;8.7;0.0;2.0;4.4;83.95
1984-12-15;7.2;9.35;11.5;2.99;1.8;5.71;78.18
1984-12-16;10.27;11.68;13.1;0.0;1.1;6.3;79.32
1984-12-17;7.9;10.5;13.09;15.4;0.9;5.2;84.2
1984-12-18;5.9;7.05;8.2;0.0;2.034;5.9;75.62
1984-12-19;2.9;5.63;8.37;6.8;1.6;1.8;80.54
1984-12-20;5.89;7.95;10.0;3.6;1.9;7.1;70.86
1984-12-21;1.2;3.7;6.2;1.6;1.9;2.59;83.4
1984-12-22;1.5;3.69;5.88;0.0;2.2;4.2;78.54
1984-12-23;4.4;6.4;8.4;5.01;1.4;6.1;75.32
1984-12-24;4.4;6.9;9.4;2.86;1.9;5.8;63.49
1984-12-25;7.5;9.29;11.07;3.34;2.5;7.32;55.33
1984-12-26;7.8;10.2;12.6;5.5;1.4;7.31;72.56
1984-12-27;6.4;8.25;10.11;3.0;2.3;4.79;72.99
1984-12-28;4.6;7.54;10.48;5.0;1.8;5.4;62.13
1984-12-29;7.0;8.96;10.93;12.83;1.5;9.67;69.72
1984-12-30;0.3;3.72;7.14;0.0;2.71;2.9;60.9
1984-12-31;-0.5;2.85;6.2;0.0;3.2;3.8;50.6
