iso-date;tmin;tavg;tmax;precip;globrad;wind;relhumid
1980-01-01;2.1;8.0;13.9;0.0;12.6;1.97;45.76
1980-01-02;3.2;9.7;16.2;0.0;12.6;0.9;32.24
1980-01-03;3.3;9.95;16.6;0.0;12.763;0.5;29.1
1980-01-04;2.9;9.79;16.68;0.0;12.9;0.9;23.8
1980-01-05;4.0;10.4;16.81;0.0;13.1;0.65;23.3
1980-01-06;4.5;10.9;17.3;0.0;12.7;0.8;27.71
1980-01-07;3.8;10.6;17.4;0.0;12.8;0.7;28.34
1980-01-08;3.18;10.04;16.9;0.0;12.6;0.7;26.9
1980-01-09;5.4;11.93;18.47;0.0;12.4;1.6;34.29
1980-01-10;4.7;11.9;19.1;0.0;13.1;1.5;27.79
1980-01-11;6.2;12.77;19.34;0.0;13.3;0.6;24.95
1980-01-12;3.8;10.9;18.0;0.0;13.3;1.8;26.26
1980-01-13;3.9;10.75;17.61;0.0;13.4;0.6;24.07
1980-01-14;4.5;11.05;17.6;0.0;13.315;0.4;23.33
1980-01-15;5.0;11.04;17.08;0.0;13.2;0.7;32.99
1980-01-16;3.2;10.23;17.27;0.0;13.4;0.5;27.48
1980-01-17;2.49;9.7;16.9;0.0;13.5;1.07;24.27
1980-01-18;3.3;9.75;16.2;0.0;13.376;0.8;31.9
1980-01-19;2.49;8.64;14.8;0.0;11.399;0.4;43.73
1980-01-20;4.65;10.33;16.01;0.0;12.7;0.6;38.27
1980-01-21;5.0;11.37;17.73;0.0;13.6;1.6;24.99
1980-01-22;3.8;10.55;17.3;0.0;13.799;1.1;32.0
1980-01-23;3.16;10.08;17.0;0.0;14.016;1.1;33.5
1980-01-24;3.1;10.37;17.64;0.0;13.9;0.7;27.34
1980-01-25;4.64;11.49;18.34;0.0;13.9;0.4;23.32
1980-01-26;4.06;7.88;11.69;6.02;6.799;3.2;57.49
1980-01-27;1.42;3.96;6.51;6.64;7.0;4.2;67.59
1980-01-28;1.3;4.17;7.04;0.0;10.162;2.3;46.1
1980-01-29;1.3;7.4;13.5;0.0;9.7;2.8;45.4
1980-01-30;6.5;11.0;15.5;0.0;10.1;0.8;49.71
1980-01-31;4.0;10.5;17.0;0.0;14.5;1.5;40.63
1980-02-01;6.4;11.25;16.1;0.0;11.979;2.2;49.39
1980-02-02;5.3;11.85;18.4;0.0;12.9;1.4;35.68
1980-02-03;7.1;14.1;21.1;0.0;14.6;0.6;34.02
1980-02-04;10.0;12.87;15.74;4.47;3.364;3.9;73.2
1980-02-05;8.61;11.55;14.49;0.0;9.033;2.5;67.14
1980-02-06;5.7;12.6;19.5;0.0;15.4;0.9;28.78
1980-02-07;6.65;10.63;14.6;2.99;7.525;2.6;55.83
1980-02-08;6.4;11.29;16.17;0.0;12.4;1.2;45.49
1980-02-09;5.0;12.25;19.5;0.0;16.0;0.9;30.65
1980-02-10;7.4;14.05;20.7;0.0;16.1;0.4;32.74
1980-02-11;7.8;15.31;22.82;0.0;16.5;0.9;26.66
1980-02-12;9.4;16.05;22.7;0.0;16.6;1.2;31.38
1980-02-13;9.3;14.6;19.9;0.0;15.2;2.6;42.5
1980-02-14;9.3;17.25;25.2;0.0;16.2;1.4;18.04
1980-02-15;9.51;14.77;20.02;0.0;16.0;2.7;32.73
1980-02-16;6.5;12.75;19.0;0.0;17.0;1.9;38.25
1980-02-17;5.0;12.05;19.1;0.0;16.5;2.0;25.34
1980-02-18;4.6;9.05;13.5;0.0;8.7;2.0;54.41
1980-02-19;1.9;9.15;16.4;0.0;17.2;0.9;20.5
1980-02-20;7.35;12.91;18.46;0.0;13.8;1.0;20.5
1980-02-21;7.22;11.16;15.1;5.4;6.256;2.4;68.0
1980-02-22;6.7;9.4;12.1;2.7;9.897;1.7;70.63
1980-02-23;6.2;11.21;16.22;0.0;14.1;2.0;39.5
1980-02-24;5.6;11.85;18.1;0.0;16.4;2.2;35.77
1980-02-25;4.9;12.11;19.33;0.0;18.4;2.0;28.67
1980-02-26;4.8;12.8;20.8;0.0;18.8;1.6;16.5
1980-02-27;5.6;13.2;20.8;0.0;18.6;1.6;17.69
1980-02-28;6.6;13.36;20.12;0.0;18.5;1.4;25.3
1980-02-29;0.0;0.0;0.0;0.0;0.0;0.0;0.0
1980-03-01;6.9;11.28;15.65;3.4;12.6;1.4;44.04
1980-03-02;3.9;8.25;12.6;3.09;11.829;2.9;53.52
1980-03-03;1.59;9.63;17.67;0.0;20.1;1.4;18.0
1980-03-04;4.67;7.29;9.9;5.58;7.8;1.4;60.22
1980-03-05;2.9;9.54;16.18;0.0;15.889;1.1;30.6
1980-03-06;4.47;11.04;17.6;0.0;19.8;2.4;30.6
1980-03-07;4.1;11.9;19.7;0.0;20.4;1.2;22.0
1980-03-08;6.9;14.75;22.6;0.0;20.3;0.5;17.49
1980-03-09;7.2;15.45;23.7;0.0;20.9;1.0;16.15
1980-03-10;8.3;16.95;25.6;0.0;20.765;0.52;12.4
1980-03-11;11.1;18.75;26.4;0.0;19.7;2.0;9.6
1980-03-12;9.6;17.5;25.4;0.0;20.8;0.8;13.68
1980-03-13;11.5;18.67;25.84;0.0;19.116;0.8;15.81
1980-03-14;9.5;15.3;21.1;0.0;16.529;2.1;36.42
1980-03-15;8.4;13.8;19.21;0.0;17.8;2.2;27.31
1980-03-16;6.9;13.8;20.7;0.0;16.726;1.7;21.82
1980-03-17;7.6;13.75;19.9;0.0;19.2;2.0;31.1
1980-03-18;5.9;13.3;20.69;0.0;22.4;2.8;22.7
1980-03-19;6.9;14.65;22.4;0.0;22.166;1.8;19.06
1980-03-20;7.9;15.24;22.58;0.0;22.3;1.5;19.77
1980-03-21;7.5;15.07;22.65;0.0;22.4;2.3;19.3
1980-03-22;7.9;15.85;23.8;0.0;23.0;1.8;14.44
1980-03-23;10.0;16.43;22.85;0.0;19.6;2.8;15.92
1980-03-24;8.4;14.41;20.43;0.0;17.1;1.4;30.35
1980-03-25;8.2;14.3;20.4;0.0;15.96;1.7;36.21
1980-03-26;9.1;13.05;17.0;0.0;12.0;1.6;64.01
1980-03-27;8.2;15.4;22.6;0.0;22.9;1.9;23.28
1980-03-28;8.1;14.95;21.81;0.0;23.2;3.1;25.9
1980-03-29;6.8;14.22;21.64;0.0;23.4;3.3;23.48
1980-03-30;9.53;16.07;22.61;0.0;21.521;3.5;24.3
1980-03-31;8.8;17.3;25.81;0.0;23.4;1.9;13.04
1980-04-01;11.37;19.11;26.86;0.0;24.3;0.8;10.7
1980-04-02;10.8;17.71;24.62;0.0;24.707;2.2;12.98
1980-04-03;8.4;16.05;23.7;0.0;25.7;2.9;13.04
1980-04-04;8.8;16.25;23.7;0.0;25.1;2.3;13.3
1980-04-05;9.3;17.4;25.5;0.0;25.212;1.8;10.5
1980-04-06;11.5;19.15;26.8;0.0;24.888;2.3;9.6
1980-04-07;13.34;20.52;27.69;0.0;25.0;1.7;10.49
1980-04-08;12.2;19.5;26.8;0.0;25.4;1.4;13.3
1980-04-09;11.41;19.19;26.96;0.0;26.402;2.1;12.29
1980-04-10;11.8;19.51;27.21;0.0;26.0;2.0;12.3
1980-04-11;11.9;19.95;28.0;0.0;26.206;1.7;10.56
1980-04-12;13.4;20.61;27.81;0.0;26.222;2.69;10.8
1980-04-13;13.6;20.8;28.0;0.0;25.814;1.4;11.0
1980-04-14;13.16;21.05;28.95;0.0;22.959;1.2;13.17
1980-04-15;13.95;21.46;28.98;0.0;21.68;0.9;13.88
1980-04-16;14.0;21.2;28.4;0.0;24.0;1.5;13.09
1980-04-17;9.2;13.8;18.4;0.0;18.3;2.7;35.02
1980-04-18;7.7;14.9;22.1;0.0;27.6;2.9;19.7
1980-04-19;7.85;14.88;21.9;0.0;25.628;2.61;23.1
1980-04-20;7.8;13.1;18.4;0.0;18.688;2.0;31.8
1980-04-21;5.89;13.54;21.2;0.0;26.4;1.4;18.28
1980-04-22;8.8;12.43;16.06;1.2;17.62;3.0;40.82
1980-04-23;8.8;14.5;20.2;0.0;22.1;2.1;21.0
1980-04-24;7.23;13.96;20.68;0.0;25.1;2.0;24.84
1980-04-25;7.6;14.8;22.0;0.0;26.7;1.57;23.5
1980-04-26;8.9;12.95;16.99;5.85;12.915;1.7;44.2
1980-04-27;9.3;12.8;16.3;3.79;17.09;2.7;37.57
1980-04-28;6.9;13.55;20.2;0.0;22.3;1.59;25.9
1980-04-29;7.2;14.55;21.9;0.0;27.6;2.1;23.9
1980-04-30;6.51;14.91;23.3;0.0;28.3;1.83;19.68
1980-05-01;8.9;16.75;24.6;0.0;28.1;1.9;18.48
1980-05-02;9.4;16.45;23.5;0.0;27.8;1.8;21.58
1980-05-03;9.99;17.19;24.39;0.0;28.2;2.7;18.55
1980-05-04;10.3;18.6;26.9;0.0;29.0;2.71;13.01
1980-05-05;11.9;19.36;26.83;0.0;27.99;1.5;17.19
1980-05-06;11.6;18.2;24.79;0.0;23.42;1.8;24.68
1980-05-07;14.4;21.3;28.2;0.0;22.7;1.8;17.02
1980-05-08;14.11;19.61;25.1;0.0;21.895;2.0;26.02
1980-05-09;12.3;17.9;23.5;0.0;26.0;2.6;30.1
1980-05-10;10.44;18.47;26.5;0.0;29.3;2.7;17.1
1980-05-11;13.7;20.56;27.43;0.0;28.014;1.7;16.69
1980-05-12;12.31;18.55;24.8;0.0;28.6;1.7;19.18
1980-05-13;13.4;18.8;24.2;0.0;22.996;1.4;23.47
1980-05-14;13.1;17.75;22.4;0.0;19.798;2.2;29.89
1980-05-15;12.8;16.8;20.8;0.0;20.441;1.9;32.0
1980-05-16;12.57;16.48;20.4;0.0;19.399;1.8;31.81
1980-05-17;12.3;17.76;23.22;0.0;25.1;1.8;24.2
1980-05-18;11.6;18.48;25.35;0.0;29.5;1.5;20.53
1980-05-19;13.0;18.98;24.96;0.0;28.617;2.1;22.5
1980-05-20;13.9;19.1;24.3;0.0;23.6;1.88;27.1
1980-05-21;12.2;16.64;21.09;0.0;19.674;1.9;35.62
1980-05-22;11.1;18.0;24.9;0.0;28.917;2.2;20.44
1980-05-23;11.9;18.43;24.96;0.0;29.1;2.1;21.39
1980-05-24;12.3;19.71;27.13;0.0;28.5;2.5;19.4
1980-05-25;13.2;19.75;26.3;0.0;28.4;1.7;22.09
1980-05-26;14.1;19.77;25.45;0.0;25.5;1.8;28.8
1980-05-27;13.7;20.02;26.33;0.0;26.689;3.7;27.88
1980-05-28;14.05;20.93;27.8;0.0;26.9;3.1;24.9
1980-05-29;14.9;24.45;34.0;0.0;26.819;1.0;14.98
1980-05-30;19.98;25.79;31.6;0.0;21.953;1.8;21.0
1980-05-31;15.8;22.36;28.92;0.0;22.7;2.3;25.45
1980-06-01;13.4;18.45;23.49;0.0;19.896;3.8;29.81
1980-06-02;11.8;18.1;24.4;0.0;27.0;3.8;21.5
1980-06-03;13.66;19.23;24.8;0.0;21.692;3.1;22.6
1980-06-04;13.6;21.45;29.31;0.0;27.8;2.6;17.4
1980-06-05;18.8;27.69;36.58;0.0;25.0;1.5;7.38
1980-06-06;20.31;27.49;34.67;0.0;25.0;1.8;10.2
1980-06-07;17.8;24.4;31.0;0.0;24.937;1.8;17.4
1980-06-08;16.1;23.8;31.5;0.0;28.112;2.0;16.4
1980-06-09;16.2;23.11;30.01;0.0;27.5;2.1;17.34
1980-06-10;13.6;17.8;22.0;0.0;22.81;3.2;35.79
1980-06-11;11.6;18.35;25.1;0.0;29.6;3.6;21.0
1980-06-12;13.73;19.71;25.7;0.0;27.9;2.1;22.69
1980-06-13;13.6;19.3;25.0;0.0;29.1;2.7;26.61
1980-06-14;13.4;18.77;24.14;0.0;25.6;3.54;28.37
1980-06-15;12.3;18.45;24.6;0.0;29.7;3.5;24.1
1980-06-16;11.62;17.91;24.19;0.0;29.3;2.8;27.4
1980-06-17;13.5;18.81;24.13;0.0;26.5;2.5;27.9
1980-06-18;13.0;19.0;25.0;0.0;25.8;2.5;25.37
1980-06-19;13.45;19.75;26.06;0.0;29.8;1.9;24.84
1980-06-20;13.6;19.25;24.9;0.0;28.2;2.0;28.98
1980-06-21;14.08;19.54;25.0;0.0;27.5;2.1;28.29
1980-06-22;14.5;19.61;24.71;0.0;25.8;4.0;25.9
1980-06-23;14.4;19.14;23.89;0.0;22.382;3.9;27.3
1980-06-24;15.1;21.85;28.6;0.0;27.4;3.0;17.7
1980-06-25;15.9;22.57;29.25;0.0;25.8;3.5;19.7
1980-06-26;17.39;27.77;38.15;0.0;26.5;1.2;11.99
1980-06-27;24.31;33.3;42.29;0.0;24.468;1.3;5.8
1980-06-28;25.75;34.76;43.77;0.0;24.1;1.7;5.22
1980-06-29;22.55;29.02;35.5;0.0;23.496;1.8;13.33
1980-06-30;19.91;25.16;30.4;0.0;23.599;2.1;21.3
1980-07-01;18.2;25.6;33.0;0.0;27.4;2.3;19.66
1980-07-02;17.1;24.1;31.1;0.0;27.3;2.5;21.91
1980-07-03;15.6;21.8;28.0;0.0;29.406;2.7;22.5
1980-07-04;15.8;23.71;31.62;0.0;29.4;2.4;19.1
1980-07-05;18.93;25.91;32.9;0.0;28.6;1.8;19.22
1980-07-06;17.2;23.8;30.4;0.0;28.403;2.0;22.92
1980-07-07;16.3;23.05;29.79;0.0;27.5;2.0;23.3
1980-07-08;17.3;25.4;33.5;0.0;23.8;0.8;17.7
1980-07-09;20.7;26.38;32.06;0.0;24.0;2.6;20.17
1980-07-10;20.6;26.25;31.9;0.0;24.194;2.66;18.26
1980-07-11;19.92;27.11;34.3;0.0;27.3;2.42;15.29
1980-07-12;18.1;25.14;32.17;0.0;26.5;3.0;16.45
1980-07-13;16.8;24.15;31.5;0.0;29.0;2.2;17.5
1980-07-14;16.5;23.5;30.5;0.0;28.1;2.0;19.1
1980-07-15;17.1;25.46;33.81;0.0;27.3;2.1;14.7
1980-07-16;21.29;32.78;44.28;0.0;23.4;1.2;7.1
1980-07-17;26.4;34.1;41.8;0.0;24.0;1.7;6.8
1980-07-18;21.39;27.89;34.4;0.0;24.09;3.0;13.59
1980-07-19;18.9;26.4;33.9;0.0;27.2;3.2;12.8
1980-07-20;20.8;31.95;43.11;0.0;23.4;1.1;6.34
1980-07-21;29.14;36.64;44.15;0.0;23.342;1.5;6.8
1980-07-22;23.0;30.2;37.41;0.0;25.8;2.4;13.98
1980-07-23;20.6;27.1;33.6;0.0;26.8;3.4;13.29
1980-07-24;18.6;25.9;33.2;0.0;27.3;2.9;12.8
1980-07-25;19.09;26.58;34.06;0.0;26.419;3.1;17.58
1980-07-26;17.71;24.41;31.1;0.0;24.6;3.2;20.7
1980-07-27;16.4;22.7;29.0;0.0;26.8;3.5;22.07
1980-07-28;16.4;23.85;31.3;0.0;26.155;2.6;15.51
1980-07-29;17.26;23.08;28.9;0.0;24.083;3.11;20.23
1980-07-30;15.6;22.25;28.9;0.0;27.5;3.66;22.7
1980-07-31;16.8;24.6;32.4;0.0;26.4;1.9;15.5
1980-08-01;18.4;24.65;30.9;0.0;25.9;2.5;23.6
1980-08-02;18.16;25.63;33.1;0.0;25.646;2.5;21.4
1980-08-03;20.3;27.96;35.62;0.0;25.8;2.3;19.2
1980-08-04;19.6;25.8;32.0;0.0;25.974;3.1;23.59
1980-08-05;17.4;23.47;29.54;0.0;26.4;3.2;23.6
1980-08-06;15.8;22.8;29.8;0.0;26.2;2.3;17.8
1980-08-07;18.26;24.38;30.5;1.2;21.393;1.3;19.28
1980-08-08;18.0;23.45;28.9;0.0;23.7;3.3;28.4
1980-08-09;17.39;22.7;28.0;0.0;23.3;3.5;27.76
1980-08-10;16.1;22.5;28.9;0.0;25.8;2.8;22.32
1980-08-11;16.7;23.4;30.1;0.0;24.2;2.0;19.6
1980-08-12;17.1;22.1;27.1;14.41;19.221;1.3;30.1
1980-08-13;15.81;21.8;27.8;0.0;25.7;3.1;26.88
1980-08-14;14.7;22.0;29.3;0.0;24.3;3.3;19.9
1980-08-15;17.4;24.65;31.9;0.0;25.7;2.4;17.3
1980-08-16;18.3;25.15;32.0;0.0;24.8;3.1;22.21
1980-08-17;18.5;25.13;31.76;0.0;24.2;2.7;21.66
1980-08-18;16.7;20.95;25.2;0.0;18.838;2.9;35.23
1980-08-19;14.74;21.52;28.3;0.0;26.1;3.3;21.9
1980-08-20;15.8;23.0;30.2;0.0;25.6;2.1;18.97
1980-08-21;17.3;23.6;29.9;0.0;24.8;2.0;23.2
1980-08-22;16.2;19.98;23.76;0.0;14.594;3.4;42.74
1980-08-23;14.77;21.41;28.06;0.0;24.913;3.9;22.5
1980-08-24;16.48;23.59;30.7;0.0;24.7;2.4;17.88
1980-08-25;18.5;26.89;35.27;0.0;24.5;1.4;16.1
1980-08-26;19.8;27.3;34.8;0.0;22.993;1.4;20.68
1980-08-27;19.1;25.55;32.0;0.0;23.7;2.6;24.4
1980-08-28;19.0;26.3;33.6;0.0;24.1;1.8;22.1
1980-08-29;18.93;25.68;32.43;0.0;24.189;2.5;22.5
1980-08-30;19.9;27.05;34.2;0.0;20.858;1.6;17.83
1980-08-31;24.11;27.45;30.8;0.0;16.978;1.3;23.32
1980-09-01;18.6;24.1;29.6;0.0;20.188;2.9;27.5
1980-09-02;17.4;23.7;30.0;0.0;23.8;3.3;16.32
1980-09-03;17.5;24.33;31.16;0.0;21.7;2.5;19.2
1980-09-04;19.6;27.1;34.6;0.0;21.184;1.1;17.58
1980-09-05;21.2;28.45;35.7;0.0;20.3;0.44;17.48
1980-09-06;24.0;30.95;37.9;0.0;21.0;0.24;14.4
1980-09-07;24.82;31.64;38.47;0.0;21.182;1.2;12.8
1980-09-08;25.28;29.95;34.61;0.0;18.585;1.4;17.4
1980-09-09;25.07;28.64;32.2;0.0;17.667;0.73;20.8
1980-09-10;22.05;27.59;33.12;0.0;20.1;1.5;18.2
1980-09-11;21.1;27.65;34.2;0.0;21.7;1.6;15.83
1980-09-12;20.5;27.4;34.3;0.0;20.6;1.5;14.44
1980-09-13;20.5;27.4;34.3;0.0;19.758;1.0;15.78
1980-09-14;17.3;23.3;29.3;0.0;22.0;2.4;27.6
1980-09-15;16.8;22.2;27.6;0.0;20.6;2.9;28.81
1980-09-16;16.4;22.25;28.1;0.0;21.688;2.59;27.55
1980-09-17;14.6;18.49;22.38;0.0;15.5;3.1;41.95
1980-09-18;12.63;18.21;23.8;0.0;22.6;3.7;23.8
1980-09-19;11.67;18.98;26.3;0.0;21.7;2.0;22.5
1980-09-20;15.8;21.25;26.7;0.0;20.7;2.4;32.96
1980-09-21;13.4;17.68;21.95;0.0;14.999;2.3;40.66
1980-09-22;11.1;18.2;25.3;0.0;21.5;3.3;20.24
1980-09-23;13.1;19.75;26.4;0.0;21.0;2.5;19.0
1980-09-24;13.3;19.3;25.3;0.0;20.771;3.3;28.8
1980-09-25;13.29;21.2;29.1;0.0;20.7;1.7;15.9
1980-09-26;15.86;23.38;30.9;0.0;20.3;1.4;20.99
1980-09-27;16.2;22.85;29.5;0.0;19.0;1.1;26.8
1980-09-28;19.91;25.11;30.3;0.0;16.2;1.5;25.6
1980-09-29;20.3;26.45;32.6;0.0;16.6;2.2;19.97
1980-09-30;18.7;25.5;32.3;0.0;18.459;1.9;19.26
1980-10-01;17.03;23.12;29.21;0.0;17.8;1.2;22.6
1980-10-02;16.9;24.55;32.2;0.0;18.903;0.9;16.3
1980-10-03;17.55;24.24;30.93;0.0;18.8;0.9;18.8
1980-10-04;15.2;20.7;26.2;0.0;17.741;2.0;33.39
1980-10-05;14.8;18.3;21.8;0.0;10.7;2.2;43.6
1980-10-06;13.3;19.55;25.8;0.0;17.9;2.54;32.94
1980-10-07;14.0;20.35;26.7;0.0;17.9;2.3;33.98
1980-10-08;14.3;20.35;26.4;0.0;17.5;3.21;35.35
1980-10-09;14.33;20.41;26.5;0.0;17.3;3.0;37.05
1980-10-10;14.8;21.65;28.5;0.0;17.3;2.5;31.09
1980-10-11;15.5;23.18;30.86;0.0;17.3;0.8;21.74
1980-10-12;16.15;23.18;30.21;0.0;17.295;0.4;19.31
1980-10-13;15.5;22.25;29.0;0.0;17.1;1.3;20.75
1980-10-14;15.3;22.84;30.37;0.0;17.1;0.9;18.09
1980-10-15;16.5;23.45;30.4;0.0;17.048;2.1;13.91
1980-10-16;15.7;22.85;30.0;0.0;16.9;2.0;19.36
1980-10-17;15.1;22.18;29.25;0.0;16.7;1.1;22.4
1980-10-18;15.5;21.35;27.2;0.0;14.5;2.5;27.69
1980-10-19;12.9;16.7;20.5;0.0;9.434;2.5;50.1
1980-10-20;10.52;16.75;22.98;0.0;16.588;1.4;27.61
1980-10-21;11.6;18.0;24.4;0.0;15.6;0.7;26.01
1980-10-22;12.7;18.9;25.1;0.0;16.2;1.1;30.7
1980-10-23;13.2;20.25;27.3;0.0;16.3;0.5;24.08
1980-10-24;13.2;20.2;27.2;0.0;15.812;1.7;22.78
1980-10-25;13.9;17.3;20.7;27.44;5.734;2.6;47.36
1980-10-26;14.1;17.09;20.07;1.64;8.539;3.7;57.0
1980-10-27;13.6;18.34;23.09;0.0;12.7;3.8;38.8
1980-10-28;13.2;17.9;22.6;0.0;10.9;1.1;39.93
1980-10-29;12.9;18.7;24.49;0.0;12.2;1.3;30.01
1980-10-30;13.9;19.47;25.04;0.0;12.787;2.5;29.65
1980-10-31;13.0;16.59;20.19;17.8;5.218;3.9;54.89
1980-11-01;12.52;18.26;24.0;0.0;13.3;1.9;35.7
1980-11-02;14.61;21.31;28.01;6.1;12.0;5.4;22.39
1980-11-03;14.9;19.1;23.3;0.0;11.7;4.0;40.74
1980-11-04;14.6;17.45;20.3;0.0;8.612;1.8;50.11
1980-11-05;13.5;17.91;22.33;0.0;11.062;1.6;43.61
1980-11-06;15.8;18.5;21.2;14.23;7.793;3.2;47.06
1980-11-07;14.9;17.45;20.0;34.71;3.094;7.3;61.4
1980-11-08;11.6;14.4;17.2;18.84;9.313;7.61;60.66
1980-11-09;11.8;14.4;17.0;17.91;5.183;5.86;60.69
1980-11-10;11.7;14.35;17.0;2.3;7.099;3.9;63.5
1980-11-11;11.6;15.54;19.49;6.76;8.198;2.9;51.14
1980-11-12;11.1;14.36;17.63;24.79;4.5;5.0;72.29
1980-11-13;8.4;11.23;14.06;9.48;5.542;4.5;69.22
1980-11-14;9.4;13.0;16.6;10.05;6.049;3.4;56.11
1980-11-15;14.5;15.95;17.4;16.33;2.698;4.81;82.32
1980-11-16;14.07;17.44;20.8;0.0;10.7;0.8;53.1
1980-11-17;11.34;16.32;21.3;0.0;13.406;0.5;48.47
1980-11-18;12.3;16.75;21.2;1.76;10.936;1.0;49.89
1980-11-19;8.3;12.55;16.8;18.72;3.291;3.4;64.38
1980-11-20;7.4;11.8;16.2;7.41;10.8;1.9;51.06
1980-11-21;5.79;10.2;14.6;0.0;13.4;3.61;51.95
1980-11-22;4.7;9.92;15.13;0.0;13.1;2.4;50.57
1980-11-23;6.1;11.4;16.7;0.0;10.413;1.93;49.35
1980-11-24;6.3;11.4;16.5;0.0;11.6;1.2;52.71
1980-11-25;7.9;10.85;13.8;3.09;6.7;2.8;62.99
1980-11-26;7.7;10.86;14.01;9.38;2.799;5.1;64.91
1980-11-27;8.1;11.3;14.5;1.76;6.0;4.5;72.73
1980-11-28;7.0;11.14;15.29;1.48;10.6;0.6;52.66
1980-11-29;5.9;10.8;15.7;17.66;7.8;5.1;51.13
1980-11-30;8.0;10.85;13.7;18.19;5.881;5.3;72.03
1980-12-01;7.2;10.35;13.5;12.41;7.4;4.86;63.38
1980-12-02;6.13;9.16;12.2;12.3;7.297;5.3;65.61
1980-12-03;6.1;9.8;13.5;0.0;8.3;5.3;56.64
1980-12-04;6.1;11.34;16.58;0.0;8.99;4.2;45.74
1980-12-05;6.0;11.56;17.12;0.0;12.0;3.4;45.68
1980-12-06;7.57;10.14;12.72;15.44;4.596;3.5;61.5
1980-12-07;7.8;11.5;15.2;1.23;7.5;4.9;60.3
1980-12-08;8.2;11.7;15.2;9.5;8.036;4.69;60.27
1980-12-09;7.7;12.51;17.33;0.0;9.1;4.75;50.8
1980-12-10;10.83;12.95;15.07;13.91;4.2;3.4;66.11
1980-12-11;9.88;13.14;16.4;5.89;7.4;3.83;63.99
1980-12-12;3.9;9.04;14.19;0.0;8.494;4.21;61.59
1980-12-13;2.1;8.21;14.31;0.0;11.0;3.9;49.5
1980-12-14;3.4;9.85;16.3;0.0;12.3;1.3;36.56
1980-12-15;4.88;10.59;16.3;0.0;10.969;2.7;40.53
1980-12-16;8.3;11.27;14.23;0.0;5.8;1.5;66.03
1980-12-17;5.6;11.4;17.2;0.0;10.829;1.9;47.96
1980-12-18;7.9;12.6;17.3;0.0;10.9;2.3;50.27
1980-12-19;7.0;12.0;17.0;0.0;11.4;2.4;52.32
1980-12-20;7.2;13.05;18.9;0.0;11.9;0.5;38.13
1980-12-21;8.2;13.85;19.5;0.0;12.1;1.0;31.98
1980-12-22;7.83;13.11;18.4;0.0;8.9;1.73;33.99
1980-12-23;9.8;14.75;19.7;0.0;9.626;1.6;33.5
1980-12-24;6.6;12.8;19.0;0.0;11.8;0.6;34.18
1980-12-25;7.8;14.15;20.5;0.0;11.7;0.2;28.6
1980-12-26;9.5;15.2;20.9;0.0;12.2;0.68;28.39
1980-12-27;7.9;14.05;20.2;0.0;12.3;0.9;29.7
1980-12-28;6.5;13.25;20.0;0.0;12.5;1.4;25.03
1980-12-29;7.98;13.94;19.9;0.0;12.4;0.4;23.92
1980-12-30;6.8;12.8;18.8;0.0;12.6;0.8;29.67
1980-12-31;5.1;11.6;18.1;0.0;12.5;0.7;31.49
1981-01-01;5.3;11.71;18.12;0.0;12.7;1.0;29.88
1981-01-02;4.9;11.4;17.9;0.0;12.7;0.6;26.9
1981-01-03;4.9;11.7;18.5;0.0;12.4;1.2;26.47
1981-01-04;5.0;12.11;19.21;0.0;12.633;1.5;20.99
1981-01-05;6.2;12.43;18.66;0.0;12.7;0.6;18.33
1981-01-06;4.7;11.55;18.4;0.0;12.1;1.1;22.56
1981-01-07;6.0;12.7;19.4;0.0;11.6;0.8;21.26
1981-01-08;5.94;12.22;18.5;0.0;10.1;1.6;21.72
1981-01-09;6.3;9.99;13.69;5.63;8.4;2.6;47.5
1981-01-10;6.0;10.1;14.2;0.0;9.3;1.18;57.49
1981-01-11;7.2;11.69;16.18;0.0;10.677;1.4;48.0
1981-01-12;8.13;11.06;13.99;0.0;6.299;1.7;60.2
1981-01-13;5.81;10.02;14.23;1.71;7.796;1.99;78.08
1981-01-14;3.5;10.8;18.1;0.0;13.1;1.9;34.92
1981-01-15;5.2;12.05;18.9;0.0;13.1;0.6;34.99
1981-01-16;5.8;12.75;19.7;0.0;13.3;1.8;24.33
1981-01-17;4.0;11.8;19.6;0.0;13.2;2.4;17.27
1981-01-18;6.4;11.55;16.7;0.0;10.9;2.0;36.1
1981-01-19;3.6;10.5;17.4;0.0;13.319;0.8;33.78
1981-01-20;6.3;10.86;15.41;0.0;9.3;1.6;43.09
1981-01-21;4.5;10.68;16.85;0.0;13.5;0.9;44.04
1981-01-22;5.4;11.4;17.4;0.0;10.7;0.7;31.68
1981-01-23;5.9;10.89;15.89;0.0;10.061;0.8;33.9
1981-01-24;4.5;11.0;17.5;0.0;13.8;0.7;24.94
1981-01-25;3.2;10.35;17.5;0.0;14.1;0.6;24.68
1981-01-26;3.6;10.95;18.29;0.0;14.2;0.9;19.87
1981-01-27;4.3;11.7;19.1;0.0;12.9;1.0;13.69
1981-01-28;6.9;13.5;20.1;0.0;14.1;1.3;18.6
1981-01-29;6.1;12.92;19.74;0.0;14.2;1.58;23.35
1981-01-30;7.65;14.88;22.1;0.0;11.299;1.1;18.46
1981-01-31;10.0;15.88;21.75;0.0;11.0;1.2;19.78
1981-02-01;8.3;15.5;22.7;0.0;14.5;1.3;17.72
1981-02-02;5.5;13.29;21.07;0.0;15.516;1.0;11.34
1981-02-03;5.5;12.86;20.21;0.0;15.4;0.7;18.3
1981-02-04;6.2;12.85;19.5;0.0;15.333;1.2;23.67
1981-02-05;5.6;13.0;20.4;0.0;15.3;2.1;23.87
1981-02-06;7.4;15.05;22.7;0.0;15.5;0.69;18.29
1981-02-07;8.69;15.77;22.86;0.0;15.9;0.8;14.69
1981-02-08;8.8;15.91;23.01;0.0;16.1;0.4;13.53
1981-02-09;8.1;15.45;22.8;0.0;16.0;1.0;14.2
1981-02-10;9.3;15.99;22.68;0.0;14.5;0.8;13.96
1981-02-11;8.2;15.35;22.5;0.0;16.8;1.0;16.75
1981-02-12;7.0;15.0;23.0;0.0;17.005;0.8;18.21
1981-02-13;7.8;15.7;23.6;0.0;17.2;1.8;8.96
1981-02-14;10.02;16.01;22.0;0.0;15.3;0.74;12.9
1981-02-15;8.3;13.05;17.8;0.0;11.281;1.2;44.25
1981-02-16;5.57;10.73;15.9;0.0;12.6;1.84;44.07
1981-02-17;5.1;7.67;10.25;1.9;9.695;2.6;55.3
1981-02-18;2.53;6.61;10.7;4.0;13.4;2.7;40.55
1981-02-19;0.07;5.53;10.98;0.0;13.287;2.4;30.12
1981-02-20;0.34;6.97;13.6;0.0;13.659;1.6;23.58
1981-02-21;-0.04;7.47;14.97;0.0;18.5;2.0;19.6
1981-02-22;-0.03;8.38;16.8;0.0;18.469;1.9;16.21
1981-02-23;2.7;11.1;19.5;0.0;18.2;0.7;13.88
1981-02-24;6.8;13.83;20.86;0.0;17.988;1.0;12.9
1981-02-25;5.6;13.45;21.3;0.0;18.6;1.5;12.27
1981-02-26;5.7;13.3;20.9;0.0;16.8;1.3;12.04
1981-02-27;6.1;13.95;21.8;0.0;18.7;2.3;10.3
1981-02-28;6.5;14.05;21.6;0.0;18.7;1.4;13.69
1981-03-01;6.1;12.79;19.48;0.0;17.9;1.1;28.11
1981-03-02;7.6;12.5;17.4;0.0;13.8;1.5;39.92
1981-03-03;7.7;14.0;20.3;0.0;14.9;2.3;28.45
1981-03-04;7.4;14.5;21.6;0.0;18.719;2.2;13.79
1981-03-05;7.91;15.15;22.4;0.0;19.2;2.0;14.81
1981-03-06;8.1;13.84;19.57;0.0;14.858;0.7;35.75
1981-03-07;8.1;15.3;22.5;0.0;19.567;0.8;22.45
1981-03-08;7.5;15.2;22.9;0.0;20.032;1.7;22.54
1981-03-09;8.3;15.65;23.0;0.0;19.7;2.16;23.46
1981-03-10;7.0;14.16;21.32;0.0;20.0;3.0;29.35
1981-03-11;6.3;14.0;21.7;0.0;20.7;2.7;22.0
1981-03-12;6.2;14.0;21.8;0.0;20.657;2.6;20.09
1981-03-13;7.4;16.1;24.8;0.0;20.92;1.4;14.89
1981-03-14;11.61;19.86;28.1;0.0;17.3;1.1;9.68
1981-03-15;12.3;19.41;26.53;0.0;20.633;1.0;12.5
1981-03-16;11.61;19.32;27.04;0.0;20.2;1.0;11.8
1981-03-17;12.2;19.7;27.2;0.0;21.2;1.0;10.0
1981-03-18;12.2;19.2;26.2;0.0;19.252;1.2;11.4
1981-03-19;14.42;20.61;26.8;0.0;17.071;0.6;12.5
1981-03-20;14.72;19.73;24.75;0.0;16.3;1.0;13.84
1981-03-21;10.8;17.0;23.2;0.0;21.7;1.6;20.7
1981-03-22;10.6;18.7;26.8;0.0;20.3;1.1;13.39
1981-03-23;16.74;23.77;30.79;0.0;18.518;2.4;6.6
1981-03-24;14.71;19.45;24.2;0.0;20.531;2.5;14.5
1981-03-25;13.4;16.9;20.4;0.0;14.602;1.5;39.45
1981-03-26;11.2;16.9;22.6;0.0;18.7;2.0;25.94
1981-03-27;10.0;15.9;21.8;0.0;18.688;3.1;33.3
1981-03-28;8.08;15.79;23.5;0.0;23.0;3.3;19.8
1981-03-29;9.6;17.6;25.6;0.0;23.4;2.69;14.2
1981-03-30;11.2;19.0;26.81;0.0;23.8;1.7;12.39
1981-03-31;10.5;14.3;18.1;8.11;10.604;2.4;44.35
1981-04-01;8.2;12.2;16.19;6.44;14.41;3.3;43.3
1981-04-02;7.5;12.88;18.26;0.0;16.778;3.6;27.7
1981-04-03;7.9;14.5;21.1;0.0;23.7;0.9;24.05
1981-04-04;8.3;15.64;22.98;0.0;23.5;0.9;20.7
1981-04-05;8.1;13.2;18.3;0.0;17.1;2.1;38.9
1981-04-06;7.12;12.81;18.5;0.0;24.4;2.83;26.51
1981-04-07;7.0;14.2;21.4;0.0;24.7;2.3;23.45
1981-04-08;9.2;15.5;21.8;0.0;21.1;2.8;31.8
1981-04-09;10.5;13.79;17.09;0.0;13.425;2.1;52.08
1981-04-10;10.4;16.55;22.7;0.0;21.872;2.3;28.81
1981-04-11;10.4;14.65;18.9;0.0;17.097;1.8;39.4
1981-04-12;9.1;15.45;21.8;0.0;20.532;1.0;26.66
1981-04-13;10.6;14.0;17.4;1.13;16.991;3.5;35.22
1981-04-14;9.8;15.88;21.95;0.0;21.586;1.5;23.58
1981-04-15;9.1;16.05;23.0;0.0;25.7;2.9;26.43
1981-04-16;10.0;18.3;26.6;0.0;26.8;2.3;15.44
1981-04-17;11.49;19.65;27.81;0.0;26.8;2.1;13.34
1981-04-18;12.25;20.59;28.92;0.0;26.7;1.8;13.3
1981-04-19;12.6;20.7;28.79;0.0;27.2;2.5;14.2
1981-04-20;12.9;21.48;30.06;0.0;27.9;1.2;10.5
1981-04-21;14.92;23.32;31.71;0.0;23.428;1.4;7.82
1981-04-22;20.47;23.34;26.2;0.0;18.507;0.7;16.6
1981-04-23;16.08;20.6;25.12;0.0;17.993;0.8;25.02
1981-04-24;12.9;18.52;24.13;0.0;23.605;2.3;26.82
1981-04-25;11.1;17.2;23.3;0.0;25.8;1.59;26.54
1981-04-26;10.2;16.8;23.4;0.0;25.904;1.4;28.16
1981-04-27;12.48;14.88;17.29;0.0;12.836;1.7;41.53
1981-04-28;11.9;17.35;22.8;0.0;26.6;1.4;20.8
1981-04-29;10.2;16.55;22.9;0.0;25.2;2.3;27.26
1981-04-30;10.29;16.05;21.8;0.0;22.867;3.8;28.24
1981-05-01;8.8;17.52;26.25;0.0;26.5;3.2;14.09
1981-05-02;14.91;22.95;31.0;0.0;24.8;2.3;10.5
1981-05-03;18.39;23.41;28.43;0.0;21.394;1.8;12.3
1981-05-04;17.4;20.75;24.1;1.9;18.3;0.16;31.5
1981-05-05;16.12;20.46;24.8;0.0;20.786;1.1;28.84
1981-05-06;14.2;19.5;24.8;0.0;21.6;1.7;30.23
1981-05-07;11.52;14.51;17.5;0.0;14.712;3.17;43.73
1981-05-08;9.5;12.7;15.9;5.9;16.354;3.4;36.98
1981-05-09;9.5;13.5;17.5;6.78;15.981;4.9;35.4
1981-05-10;11.9;15.8;19.71;8.59;19.503;2.5;35.18
1981-05-11;11.4;15.25;19.1;2.0;19.553;1.5;38.93
1981-05-12;12.3;17.4;22.5;0.0;23.296;2.0;25.3
1981-05-13;11.29;18.1;24.91;0.0;28.5;1.7;21.3
1981-05-14;11.5;17.8;24.1;0.0;26.815;2.43;27.48
1981-05-15;11.97;17.22;22.47;0.0;23.3;3.4;29.32
1981-05-16;9.2;16.1;23.0;0.0;29.631;3.8;22.26
1981-05-17;9.5;17.13;24.76;0.0;29.904;3.8;18.69
1981-05-18;11.9;19.34;26.77;0.0;29.9;3.2;14.99
1981-05-19;12.9;20.75;28.6;0.0;29.873;2.5;12.29
1981-05-20;16.01;23.1;30.19;0.0;26.59;1.4;13.9
1981-05-21;14.98;19.29;23.6;0.0;21.066;3.1;33.9
1981-05-22;15.77;20.19;24.6;0.0;19.685;1.7;28.6
1981-05-23;14.2;20.35;26.5;0.0;28.5;1.9;22.43
1981-05-24;13.6;19.35;25.1;0.0;26.38;2.1;24.2
1981-05-25;12.73;18.34;23.95;0.0;21.785;1.3;29.41
1981-05-26;13.1;18.05;23.0;0.0;21.433;1.6;32.15
1981-05-27;13.8;17.16;20.52;0.0;16.261;1.4;38.46
1981-05-28;13.29;17.99;22.7;0.0;21.845;1.8;29.87
1981-05-29;11.9;17.9;23.9;0.0;26.3;2.1;26.6
1981-05-30;13.3;17.45;21.61;0.0;19.616;1.3;34.31
1981-05-31;13.8;18.8;23.8;0.0;25.532;1.9;24.1
1981-06-01;12.4;18.16;23.93;0.0;29.6;2.2;26.86
1981-06-02;11.4;17.4;23.4;0.0;30.2;2.2;27.2
1981-06-03;12.21;18.2;24.2;0.0;28.9;2.89;27.91
1981-06-04;12.3;18.95;25.6;0.0;28.7;2.3;23.84
1981-06-05;12.7;19.5;26.3;0.0;28.7;2.5;23.73
1981-06-06;12.7;19.4;26.1;0.0;29.5;2.7;23.3
1981-06-07;13.27;20.23;27.2;0.0;29.2;3.0;22.7
1981-06-08;14.62;21.66;28.7;0.0;26.876;2.5;21.15
1981-06-09;14.49;20.39;26.3;0.0;26.3;2.4;25.7
1981-06-10;13.0;19.1;25.2;0.0;27.835;1.79;27.41
1981-06-11;12.78;19.13;25.49;0.0;29.43;1.9;26.6
1981-06-12;13.3;19.3;25.3;0.0;26.3;1.8;27.4
1981-06-13;14.4;19.0;23.6;0.0;23.01;2.0;30.67
1981-06-14;13.03;18.56;24.09;0.0;25.8;3.1;29.73
1981-06-15;14.2;19.6;25.0;0.0;24.3;3.1;25.9
1981-06-16;14.3;21.38;28.46;0.0;28.9;2.4;20.77
1981-06-17;16.65;25.41;34.18;0.0;26.7;1.1;15.92
1981-06-18;19.3;27.05;34.79;0.0;24.0;1.4;13.0
1981-06-19;19.2;26.69;34.18;0.0;28.5;1.9;13.9
1981-06-20;17.0;24.3;31.6;0.0;29.8;2.1;16.92
1981-06-21;17.0;23.5;30.0;0.0;26.9;2.6;21.47
1981-06-22;15.91;21.98;28.05;0.0;28.8;3.1;23.53
1981-06-23;15.4;21.9;28.4;0.0;29.9;2.5;19.1
1981-06-24;15.3;22.4;29.5;0.0;29.3;2.1;18.6
1981-06-25;15.8;22.95;30.1;0.0;28.1;2.1;20.1
1981-06-26;19.55;25.66;31.76;1.4;21.498;2.5;19.33
1981-06-27;16.1;21.7;27.3;0.0;25.587;3.03;28.03
1981-06-28;15.09;20.2;25.3;0.0;24.6;3.5;27.87
1981-06-29;13.8;19.3;24.79;0.0;29.608;2.7;27.4
1981-06-30;13.9;20.14;26.39;0.0;30.1;2.9;22.15
1981-07-01;14.9;22.35;29.8;0.0;29.418;1.7;18.37
1981-07-02;16.3;23.95;31.6;0.0;25.9;1.7;18.17
1981-07-03;18.1;23.95;29.8;0.0;22.702;2.8;21.19
1981-07-04;17.4;24.66;31.91;0.0;26.1;3.1;19.79
1981-07-05;20.4;26.95;33.5;0.0;23.764;2.2;21.44
1981-07-06;18.71;26.61;34.5;0.0;25.2;2.4;18.33
1981-07-07;20.9;27.4;33.9;0.0;24.542;3.0;15.55
1981-07-08;20.05;27.23;34.41;0.0;26.9;2.9;14.38
1981-07-09;19.7;26.71;33.73;0.0;26.1;2.7;20.16
1981-07-10;19.9;26.6;33.3;0.0;22.956;1.9;21.1
1981-07-11;21.18;28.48;35.79;0.0;25.527;1.7;18.17
1981-07-12;18.5;24.45;30.4;0.0;24.799;4.54;26.1
1981-07-13;16.9;24.55;32.21;0.0;27.6;3.3;14.28
1981-07-14;19.03;26.91;34.8;0.0;27.6;2.0;15.4
1981-07-15;20.8;28.77;36.74;0.0;27.0;1.3;14.6
1981-07-16;20.4;27.9;35.4;0.0;27.182;2.1;16.48
1981-07-17;19.7;26.75;33.8;0.0;27.5;3.3;17.0
1981-07-18;19.02;26.26;33.5;0.0;27.9;3.2;16.4
1981-07-19;19.54;27.63;35.72;0.0;27.7;2.0;12.9
1981-07-20;23.8;30.8;37.8;0.0;22.843;1.1;10.59
1981-07-21;23.6;29.61;35.61;0.0;22.507;1.0;13.38
1981-07-22;21.22;28.06;34.9;0.0;23.786;1.3;17.1
1981-07-23;21.3;28.03;34.76;0.0;26.6;2.5;16.93
1981-07-24;19.8;25.75;31.7;0.0;27.6;3.54;18.51
1981-07-25;17.9;24.4;30.9;0.0;25.9;2.8;16.42
1981-07-26;19.2;27.75;36.3;0.0;24.017;1.1;11.38
1981-07-27;24.2;29.35;34.5;0.0;25.4;2.7;14.37
1981-07-28;24.44;30.37;36.3;0.0;23.8;1.6;14.4
1981-07-29;23.22;30.45;37.67;0.0;26.819;1.04;10.36
1981-07-30;23.0;30.0;37.0;0.0;26.3;1.6;9.3
1981-07-31;20.8;27.22;33.63;0.0;26.0;2.2;14.5
1981-08-01;17.05;21.41;25.76;0.0;22.439;3.62;30.48
1981-08-02;16.0;24.9;33.8;0.0;26.8;1.6;12.18
1981-08-03;21.1;29.25;37.4;0.0;26.7;1.4;10.4
1981-08-04;19.3;24.79;30.28;0.0;24.2;2.9;26.7
1981-08-05;18.5;26.46;34.42;0.0;23.7;1.6;17.3
1981-08-06;20.5;24.95;29.39;0.0;19.53;2.8;24.33
1981-08-07;19.1;26.0;32.9;0.0;24.8;3.0;12.19
1981-08-08;19.61;26.7;33.8;0.0;25.0;2.0;10.82
1981-08-09;20.42;27.41;34.4;0.0;24.1;1.7;14.7
1981-08-10;20.1;27.15;34.2;0.0;25.7;2.0;16.2
1981-08-11;21.3;29.0;36.7;0.0;23.4;1.3;12.49
1981-08-12;22.01;28.7;35.4;0.0;23.7;1.8;14.3
1981-08-13;21.3;27.6;33.9;0.0;25.6;2.7;10.5
1981-08-14;19.3;26.22;33.14;0.0;25.8;2.0;15.6
1981-08-15;19.8;27.3;34.8;0.0;22.5;1.3;16.1
1981-08-16;24.41;30.66;36.91;0.0;23.2;3.31;10.89
1981-08-17;22.6;29.6;36.6;0.0;25.502;2.3;11.79
1981-08-18;20.87;27.94;35.0;0.0;26.2;2.57;10.79
1981-08-19;19.3;26.65;34.0;0.0;26.4;2.1;11.0
1981-08-20;19.1;25.45;31.8;0.0;25.365;2.9;16.8
1981-08-21;17.58;24.54;31.5;0.0;26.1;2.8;17.99
1981-08-22;18.36;26.58;34.8;0.0;25.9;1.7;15.5
1981-08-23;21.0;30.27;39.53;0.0;22.601;1.0;11.23
1981-08-24;23.98;29.91;35.83;0.0;21.316;1.0;15.59
1981-08-25;20.92;27.48;34.03;0.0;22.5;2.2;19.11
1981-08-26;19.62;27.36;35.1;0.0;24.6;2.0;14.28
1981-08-27;21.1;28.75;36.41;0.0;23.303;1.5;12.58
1981-08-28;20.4;28.0;35.6;0.0;22.495;1.1;17.0
1981-08-29;19.0;25.86;32.71;0.0;24.5;2.1;21.7
1981-08-30;17.4;23.55;29.7;0.0;24.1;3.07;25.0
1981-08-31;18.2;25.66;33.11;0.0;24.1;2.1;15.3
1981-09-01;18.8;27.25;35.7;0.0;24.6;2.1;15.19
1981-09-02;20.01;28.96;37.91;0.0;22.7;1.7;14.13
1981-09-03;20.5;29.66;38.81;0.0;21.7;0.99;12.71
1981-09-04;25.01;30.55;36.1;0.0;20.978;1.1;9.9
1981-09-05;23.2;29.65;36.1;0.0;20.8;1.1;13.6
1981-09-06;22.89;29.75;36.6;0.0;21.7;1.0;13.25
1981-09-07;21.4;29.29;37.19;0.0;22.2;1.5;14.59
1981-09-08;21.8;28.45;35.1;0.0;19.9;1.9;19.1
1981-09-09;17.6;23.55;29.49;0.0;20.1;3.2;23.93
1981-09-10;16.2;22.5;28.8;0.0;23.3;3.4;23.36
1981-09-11;16.1;22.82;29.54;0.0;22.362;2.5;17.6
1981-09-12;16.9;23.35;29.8;0.0;22.6;2.3;23.2
1981-09-13;16.7;20.63;24.57;0.0;17.3;3.3;37.68
1981-09-14;16.4;21.3;26.2;0.0;19.6;3.2;31.32
1981-09-15;15.5;19.99;24.49;0.0;18.0;3.2;28.2
1981-09-16;13.9;20.07;26.25;0.0;22.725;1.5;26.9
1981-09-17;16.2;21.32;26.45;0.0;18.6;3.3;33.08
1981-09-18;15.2;21.9;28.6;0.0;22.4;2.6;24.17
1981-09-19;16.2;23.46;30.73;0.0;22.0;2.0;24.0
1981-09-20;17.3;26.69;36.07;0.0;21.7;1.3;15.49
1981-09-21;21.11;29.41;37.71;0.0;21.6;2.07;7.21
1981-09-22;20.31;28.91;37.5;0.0;21.4;1.4;9.18
1981-09-23;20.2;28.0;35.8;0.0;20.248;1.8;13.67
1981-09-24;20.0;27.8;35.59;0.0;19.6;1.59;15.89
1981-09-25;20.1;27.4;34.7;0.0;19.255;1.1;19.33
1981-09-26;15.2;20.93;26.66;0.0;19.9;3.4;35.92
1981-09-27;14.2;19.7;25.2;0.0;20.3;3.95;21.0
1981-09-28;13.39;20.34;27.3;0.0;20.1;1.9;13.2
1981-09-29;13.7;19.94;26.17;0.0;19.733;1.9;25.16
1981-09-30;14.15;19.38;24.6;0.0;16.3;3.0;33.12
1981-10-01;12.0;18.75;25.5;0.0;19.6;2.8;23.2
1981-10-02;13.3;19.95;26.61;0.0;17.6;2.1;25.05
1981-10-03;16.4;21.95;27.5;0.0;15.15;2.8;27.74
1981-10-04;16.6;21.23;25.87;0.0;14.488;2.89;36.31
1981-10-05;15.8;23.8;31.8;0.0;18.3;1.4;23.96
1981-10-06;18.47;24.69;30.91;0.0;18.2;1.1;26.25
1981-10-07;17.9;24.65;31.4;0.0;17.913;0.5;25.6
1981-10-08;18.11;24.66;31.2;0.0;18.0;1.9;19.72
1981-10-09;18.23;25.03;31.83;0.0;17.784;1.6;19.0
1981-10-10;17.11;23.81;30.52;0.0;17.8;1.9;17.8
1981-10-11;15.32;22.51;29.7;0.0;17.8;1.0;22.07
1981-10-12;15.3;22.66;30.01;0.0;17.6;0.8;17.7
1981-10-13;14.7;21.1;27.5;0.0;17.5;2.0;14.1
1981-10-14;13.76;20.36;26.95;0.0;17.4;1.0;18.14
1981-10-15;13.6;21.2;28.8;0.0;17.6;1.0;9.66
1981-10-16;14.1;20.9;27.7;0.0;17.5;1.2;13.44
1981-10-17;13.2;20.05;26.9;0.0;17.419;0.8;12.46
1981-10-18;13.1;20.0;26.9;0.0;16.7;0.8;12.3
1981-10-19;12.7;19.65;26.6;0.0;16.5;0.8;21.6
1981-10-20;13.9;20.21;26.52;0.0;14.1;1.7;23.07
1981-10-21;13.1;20.0;26.9;0.0;16.7;1.1;22.5
1981-10-22;13.9;20.39;26.88;0.0;16.602;2.1;21.6
1981-10-23;13.8;20.45;27.1;0.0;16.3;1.2;22.8
1981-10-24;14.1;20.9;27.7;0.0;16.1;1.5;19.84
1981-10-25;14.1;21.09;28.09;0.0;16.2;1.2;14.85
1981-10-26;15.9;22.3;28.7;0.0;14.6;1.7;12.3
1981-10-27;14.02;21.02;28.01;0.0;16.1;2.0;16.29
1981-10-28;13.6;20.8;28.0;0.0;16.1;0.7;19.2
1981-10-29;13.9;20.82;27.75;0.0;16.0;2.5;15.18
1981-10-30;13.2;20.54;27.87;0.0;15.7;1.7;15.6
1981-10-31;15.46;20.08;24.7;0.0;10.9;2.0;18.38
1981-11-01;13.12;18.91;24.7;0.0;13.6;3.0;36.52
1981-11-02;10.77;17.49;24.22;0.0;15.1;2.7;35.5
1981-11-03;10.4;17.6;24.8;0.0;15.1;1.4;30.82
1981-11-04;10.2;16.55;22.9;0.0;15.0;1.8;34.42
1981-11-05;8.5;12.79;17.09;17.7;7.3;5.14;47.84
1981-11-06;8.38;10.39;12.39;17.93;7.48;4.5;56.71
1981-11-07;7.34;11.07;14.8;0.0;8.6;2.7;48.52
1981-11-08;8.4;14.55;20.7;0.0;14.5;1.5;36.53
1981-11-09;8.68;14.74;20.8;0.0;14.5;0.9;37.5
1981-11-10;9.71;15.66;21.6;0.0;12.385;1.5;38.1
1981-11-11;11.51;14.02;16.52;0.0;7.2;1.7;59.99
1981-11-12;9.9;14.95;20.0;0.0;14.233;2.47;36.1
1981-11-13;8.7;14.1;19.5;0.0;13.5;0.7;36.58
1981-11-14;9.04;13.76;18.48;0.0;10.3;1.7;42.52
1981-11-15;7.65;12.02;16.4;14.04;8.756;5.1;49.91
1981-11-16;7.9;10.73;13.57;15.8;5.479;5.0;63.97
1981-11-17;7.9;11.41;14.92;6.03;6.199;5.0;50.31
1981-11-18;6.67;10.68;14.7;19.38;4.764;6.91;60.8
1981-11-19;6.6;9.54;12.47;9.65;5.645;7.09;61.92
1981-11-20;8.5;11.5;14.5;2.51;8.498;4.81;61.4
1981-11-21;7.6;12.85;18.1;0.0;12.8;1.3;43.31
1981-11-22;7.9;13.3;18.7;0.0;10.7;1.02;46.17
1981-11-23;6.4;10.7;15.0;0.0;8.5;3.5;56.5
1981-11-24;4.2;10.45;16.7;0.0;13.5;2.8;42.46
1981-11-25;5.4;12.01;18.62;0.0;13.5;1.6;34.3
1981-11-26;7.0;12.85;18.7;0.0;13.211;1.45;34.7
1981-11-27;5.7;11.95;18.2;0.0;13.219;2.7;36.39
1981-11-28;4.59;10.61;16.63;0.0;13.003;3.1;37.28
1981-11-29;3.03;9.31;15.6;0.0;12.6;2.8;32.05
1981-11-30;4.21;10.3;16.4;0.0;11.8;1.68;29.4
1981-12-01;6.0;11.7;17.4;0.0;11.5;0.16;34.83
1981-12-02;9.2;12.8;16.4;7.43;6.768;1.0;53.22
1981-12-03;9.42;14.41;19.4;0.0;10.1;1.18;45.66
1981-12-04;7.9;13.4;18.9;0.0;12.1;0.7;46.57
1981-12-05;7.1;13.2;19.3;0.0;12.3;1.0;38.25
1981-12-06;7.38;12.54;17.7;0.0;12.1;1.2;42.07
1981-12-07;7.6;12.5;17.4;0.0;9.9;1.7;48.34
1981-12-08;9.1;11.95;14.8;2.9;5.777;2.0;66.31
1981-12-09;6.9;11.65;16.4;1.67;9.0;3.0;52.09
1981-12-10;5.63;11.87;18.1;0.0;12.144;1.8;35.03
1981-12-11;10.0;16.9;23.8;0.0;10.3;2.0;25.8
1981-12-12;11.8;18.05;24.31;0.0;12.1;2.9;20.89
1981-12-13;8.9;14.9;20.9;0.0;9.8;0.7;27.45
1981-12-14;9.2;14.7;20.2;0.0;9.1;0.59;31.83
1981-12-15;10.2;14.85;19.5;0.0;8.6;1.7;39.38
1981-12-16;8.5;13.03;17.56;0.0;8.5;2.2;47.43
1981-12-17;7.5;13.05;18.6;0.0;11.0;1.4;44.7
1981-12-18;7.9;13.32;18.74;0.0;9.71;1.3;40.01
1981-12-19;6.5;12.81;19.12;0.0;12.064;0.7;32.12
1981-12-20;5.8;11.7;17.6;0.0;12.2;1.6;31.64
1981-12-21;2.4;9.0;15.6;0.0;12.4;3.06;33.16
1981-12-22;-0.34;7.18;14.7;0.0;12.5;1.6;26.86
1981-12-23;2.95;7.63;12.3;0.0;7.2;0.9;31.26
1981-12-24;2.99;8.39;13.8;5.27;8.3;3.64;48.59
1981-12-25;-0.26;7.47;15.2;0.0;12.3;4.5;28.27
1981-12-26;3.5;9.0;14.5;0.0;9.196;3.3;33.5
1981-12-27;2.79;8.29;13.8;0.0;9.5;2.81;36.94
1981-12-28;4.3;8.55;12.8;0.0;7.5;1.1;39.9
1981-12-29;4.3;10.1;15.9;1.38;10.3;2.5;29.89
1981-12-30;4.81;9.36;13.9;5.74;7.896;1.6;57.54
1981-12-31;3.2;8.65;14.1;0.0;8.2;0.5;41.2
1982-01-01;6.3;11.35;16.4;0.0;8.785;0.7;41.66
1982-01-02;4.1;10.19;16.28;4.91;8.885;0.6;40.14
1982-01-03;9.29;12.95;16.6;10.78;7.2;2.5;52.93
1982-01-04;6.06;11.58;17.1;0.0;12.3;2.1;53.15
1982-01-05;5.63;11.91;18.2;0.0;12.4;1.8;37.37
1982-01-06;6.4;13.04;19.67;0.0;12.2;2.9;27.94
1982-01-07;6.94;13.37;19.8;0.0;11.1;3.2;21.7
1982-01-08;7.1;12.4;17.7;11.27;8.0;3.7;30.61
1982-01-09;5.1;9.95;14.8;0.0;11.6;2.0;46.05
1982-01-10;3.8;10.45;17.1;0.0;11.9;1.6;25.24
1982-01-11;5.4;10.0;14.6;3.0;8.5;3.8;44.44
1982-01-12;5.2;8.4;11.6;2.0;8.7;2.27;62.58
1982-01-13;5.11;9.4;13.69;1.26;8.857;1.8;56.33
1982-01-14;3.44;10.02;16.6;0.0;12.7;1.8;39.14
1982-01-15;5.5;11.8;18.1;0.0;11.8;0.9;38.35
1982-01-16;9.2;13.29;17.39;0.0;9.394;1.4;50.81
1982-01-17;5.4;9.55;13.7;0.0;8.0;2.7;66.78
1982-01-18;3.0;8.6;14.2;0.0;9.7;1.8;47.86
1982-01-19;6.12;8.61;11.1;2.5;4.899;1.1;80.87
1982-01-20;2.8;9.1;15.4;0.0;13.523;2.3;43.89
1982-01-21;1.6;8.9;16.2;0.0;13.8;0.52;33.67
1982-01-22;3.29;6.29;9.3;5.61;4.8;1.3;66.04
1982-01-23;4.8;9.59;14.38;0.0;10.384;0.7;48.98
1982-01-24;3.6;9.1;14.6;0.0;10.141;1.8;44.33
1982-01-25;4.7;10.1;15.5;0.0;11.952;2.2;46.1
1982-01-26;2.8;10.06;17.32;0.0;14.0;1.3;27.77
1982-01-27;6.2;12.95;19.7;0.0;14.1;1.3;19.8
1982-01-28;7.1;13.05;19.0;0.0;11.947;0.5;20.22
1982-01-29;5.9;13.1;20.3;0.0;14.443;0.8;22.7
1982-01-30;6.0;13.91;21.83;0.0;14.802;1.2;18.4
1982-01-31;5.9;13.86;21.81;0.0;15.0;1.6;12.69
1982-02-01;6.3;14.5;22.7;0.0;15.0;1.8;12.7
1982-02-02;8.2;15.47;22.74;0.0;14.2;1.2;9.4
1982-02-03;7.27;14.97;22.68;0.0;15.7;1.0;9.0
1982-02-04;6.7;14.7;22.7;0.0;14.9;1.3;9.13
1982-02-05;7.1;14.75;22.4;0.0;16.0;1.1;9.0
1982-02-06;6.5;13.8;21.1;0.0;15.924;1.1;12.19
1982-02-07;6.39;13.5;20.6;0.0;15.9;0.6;20.3
1982-02-08;6.1;13.35;20.6;0.0;16.2;1.4;23.09
1982-02-09;6.8;14.4;22.0;0.0;16.4;0.6;19.6
1982-02-10;7.54;14.32;21.1;0.0;16.5;0.9;18.29
1982-02-11;5.31;13.05;20.8;0.0;16.765;2.0;17.93
1982-02-12;6.3;14.11;21.91;0.0;17.0;1.2;12.68
1982-02-13;6.5;13.65;20.8;0.0;16.7;1.0;23.15
1982-02-14;6.3;13.51;20.72;0.0;16.8;0.4;30.1
1982-02-15;6.7;13.65;20.61;0.0;16.813;1.24;31.99
1982-02-16;6.2;13.9;21.6;0.0;17.3;1.2;23.61
1982-02-17;7.3;14.96;22.61;0.0;17.318;0.8;14.77
1982-02-18;7.8;15.3;22.81;0.0;17.629;0.5;14.5
1982-02-19;7.4;15.05;22.7;0.0;17.608;1.0;15.7
1982-02-20;7.8;15.61;23.41;0.0;17.6;0.6;14.8
1982-02-21;9.3;16.65;24.0;0.0;17.102;1.2;12.4
1982-02-22;11.0;16.8;22.61;0.0;14.016;1.11;13.8
1982-02-23;10.97;16.98;23.0;0.0;15.0;1.2;15.18
1982-02-24;10.83;14.96;19.1;0.0;11.4;1.0;23.1
1982-02-25;8.4;15.5;22.6;0.0;18.1;1.2;14.68
1982-02-26;8.5;14.65;20.8;0.0;14.5;1.2;18.99
1982-02-27;8.0;15.25;22.5;0.0;18.7;2.12;12.3
1982-02-28;6.9;14.0;21.1;0.0;18.51;0.96;22.98
1982-03-01;7.3;15.0;22.7;0.0;19.065;1.0;15.11
1982-03-02;7.3;13.75;20.2;0.0;18.3;2.3;20.33
1982-03-03;7.3;14.0;20.7;0.0;18.234;1.2;20.73
1982-03-04;8.6;13.41;18.22;0.0;13.918;0.9;35.9
1982-03-05;6.7;14.2;21.7;0.0;19.2;2.3;21.2
1982-03-06;7.72;15.89;24.06;0.0;19.2;1.7;16.9
1982-03-07;7.8;15.61;23.42;0.0;18.4;2.5;23.49
1982-03-08;9.04;16.37;23.7;0.0;16.4;2.0;24.04
1982-03-09;14.0;18.45;22.9;0.0;12.966;1.4;31.84
1982-03-10;11.5;17.55;23.6;0.0;16.1;1.78;34.37
1982-03-11;10.8;18.2;25.6;0.0;19.7;0.9;22.0
1982-03-12;15.1;19.5;23.9;0.0;14.594;1.5;20.52
1982-03-13;10.2;15.95;21.69;0.0;19.546;2.98;36.19
1982-03-14;8.1;15.86;23.62;0.0;19.8;3.3;22.0
1982-03-15;10.6;17.2;23.8;0.0;14.671;0.5;18.7
1982-03-16;14.9;20.61;26.31;12.11;16.9;1.7;14.68
1982-03-17;12.73;19.76;26.78;0.0;20.76;1.2;14.79
1982-03-18;14.98;22.49;30.0;0.0;21.1;0.7;9.99
1982-03-19;14.1;19.4;24.7;4.96;14.2;2.6;15.11
1982-03-20;7.58;12.3;17.03;23.61;3.567;2.7;57.6
1982-03-21;6.5;8.16;9.81;8.31;9.499;3.4;63.3
1982-03-22;6.5;10.6;14.7;0.0;14.999;2.4;38.11
1982-03-23;5.4;12.15;18.9;0.0;21.1;1.7;22.94
1982-03-24;6.3;13.75;21.2;0.0;23.0;2.0;23.34
1982-03-25;8.6;16.7;24.8;0.0;22.831;1.7;13.0
1982-03-26;9.3;13.25;17.2;8.83;13.467;1.9;43.81
1982-03-27;8.0;11.07;14.13;22.59;13.713;4.41;58.24
1982-03-28;7.5;8.85;10.2;0.0;11.495;3.5;65.91
1982-03-29;6.2;11.34;16.49;0.0;14.895;1.7;44.71
1982-03-30;9.5;12.9;16.3;0.0;12.723;1.3;56.24
1982-03-31;9.8;13.0;16.19;2.11;6.049;2.8;61.52
1982-04-01;10.5;16.59;22.69;0.0;20.61;1.1;33.98
1982-04-02;11.5;16.6;21.7;0.0;17.1;1.8;41.36
1982-04-03;8.6;14.24;19.88;6.1;18.026;2.6;40.22
1982-04-04;6.8;12.47;18.14;0.0;20.034;2.6;30.63
1982-04-05;4.62;12.56;20.5;0.0;25.42;3.3;19.48
1982-04-06;7.4;15.75;24.1;0.0;24.8;1.06;15.56
1982-04-07;9.3;16.05;22.8;0.0;24.3;2.0;25.6
1982-04-08;8.52;11.91;15.3;1.7;13.49;1.5;49.61
1982-04-09;6.8;12.1;17.4;0.0;18.4;1.5;31.8
1982-04-10;5.78;12.34;18.9;0.0;24.6;1.0;24.47
1982-04-11;6.4;13.65;20.9;0.0;25.8;1.2;23.21
1982-04-12;7.7;15.4;23.1;0.0;25.5;2.5;22.39
1982-04-13;9.9;16.65;23.4;0.0;25.6;1.5;21.77
1982-04-14;10.2;17.15;24.1;0.0;25.6;1.3;24.09
1982-04-15;10.2;16.65;23.1;0.0;21.9;2.2;32.08
1982-04-16;11.5;16.35;21.2;1.6;19.6;2.1;37.42
1982-04-17;11.67;16.71;21.75;0.85;20.78;1.0;30.98
1982-04-18;10.3;14.6;18.89;26.88;14.683;2.5;39.19
1982-04-19;8.8;13.45;18.1;10.03;18.3;4.25;38.83
1982-04-20;10.9;14.23;17.56;4.47;17.182;3.4;43.99
1982-04-21;10.4;14.15;17.9;4.03;18.4;1.9;42.29
1982-04-22;8.7;12.37;16.04;25.79;14.945;3.8;53.76
1982-04-23;7.9;11.53;15.15;6.6;16.694;3.7;44.06
1982-04-24;7.2;13.75;20.3;0.0;26.9;1.6;28.73
1982-04-25;8.6;16.35;24.1;0.0;26.8;1.4;21.0
1982-04-26;9.2;12.82;16.45;7.99;14.596;3.8;47.29
1982-04-27;7.5;11.41;15.31;6.4;13.826;1.8;50.31
1982-04-28;9.92;13.05;16.19;5.4;12.004;3.3;53.02
1982-04-29;11.3;14.05;16.8;6.6;13.097;1.5;56.72
1982-04-30;11.0;14.39;17.79;0.0;18.181;1.3;43.23
1982-05-01;10.7;16.15;21.6;0.0;27.1;1.1;29.95
1982-05-02;9.7;17.44;25.18;0.0;27.9;1.1;24.24
1982-05-03;14.71;21.57;28.42;0.0;22.3;0.39;21.8
1982-05-04;14.42;22.41;30.4;0.0;26.339;0.77;16.3
1982-05-05;17.0;24.34;31.67;0.0;22.88;1.1;16.14
1982-05-06;16.16;22.32;28.48;0.0;26.0;1.6;28.37
1982-05-07;13.7;19.15;24.6;0.0;25.4;3.2;31.79
1982-05-08;13.11;17.49;21.88;0.0;22.401;3.7;33.3
1982-05-09;13.1;16.8;20.5;0.0;17.868;2.3;34.45
1982-05-10;13.7;15.95;18.2;11.77;9.397;1.7;75.93
1982-05-11;11.4;14.25;17.1;13.89;9.548;1.7;74.37
1982-05-12;10.7;12.88;15.06;38.85;11.704;3.5;68.97
1982-05-13;11.5;13.35;15.2;6.82;11.983;3.8;75.52
1982-05-14;8.7;12.46;16.21;0.0;12.495;2.1;51.91
1982-05-15;12.26;14.27;16.27;0.0;12.697;3.1;76.71
1982-05-16;11.89;14.35;16.8;10.63;9.958;1.5;72.08
1982-05-17;11.6;15.85;20.1;0.0;20.6;1.2;39.13
1982-05-18;13.37;16.88;20.39;0.0;18.89;2.6;42.31
1982-05-19;12.38;15.61;18.83;3.0;17.975;2.3;45.7
1982-05-20;11.4;16.63;21.85;0.0;25.8;1.49;31.07
1982-05-21;13.2;17.75;22.3;0.0;23.173;0.9;33.8
1982-05-22;12.0;16.97;21.94;0.0;20.7;1.4;33.91
1982-05-23;11.0;16.35;21.7;0.0;26.8;3.0;33.91
1982-05-24;9.6;16.7;23.8;0.0;31.101;2.6;25.8
1982-05-25;11.7;18.35;25.0;0.0;29.927;1.5;24.8
1982-05-26;11.2;15.85;20.5;2.8;18.9;2.4;36.1
1982-05-27;11.26;14.54;17.82;0.0;15.764;2.3;47.36
1982-05-28;10.0;15.95;21.9;0.0;25.3;0.21;28.82
1982-05-29;11.3;16.95;22.6;0.0;25.6;0.9;29.17
1982-05-30;11.38;16.34;21.29;0.0;21.7;3.5;34.48
1982-05-31;9.7;16.8;23.89;0.0;26.8;3.1;24.5
1982-06-01;12.4;19.4;26.4;0.0;29.0;1.8;24.32
1982-06-02;13.9;21.95;30.0;0.0;28.2;1.7;22.2
1982-06-03;16.4;24.3;32.2;0.0;28.5;0.69;18.04
1982-06-04;16.3;23.34;30.38;0.0;28.5;1.5;22.6
1982-06-05;15.6;22.11;28.62;0.0;30.2;1.8;20.6
1982-06-06;15.3;21.75;28.2;0.0;29.6;1.7;20.65
1982-06-07;15.2;21.17;27.14;0.0;28.0;1.4;25.92
1982-06-08;14.77;20.33;25.89;0.0;27.6;1.7;31.7
1982-06-09;13.8;18.85;23.9;0.0;23.884;1.5;35.44
1982-06-10;13.48;19.28;25.08;0.0;27.4;1.3;30.42
1982-06-11;13.09;19.14;25.2;0.0;30.089;1.6;28.52
1982-06-12;12.89;18.89;24.9;0.0;30.3;2.3;28.5
1982-06-13;11.7;16.48;21.25;0.0;25.3;2.0;35.83
1982-06-14;11.7;16.33;20.96;0.0;22.969;3.02;30.7
1982-06-15;8.37;15.68;23.0;0.0;31.288;3.0;24.8
1982-06-16;10.17;17.64;25.1;0.0;30.609;2.8;22.68
1982-06-17;11.85;18.52;25.2;0.0;29.9;2.5;23.74
1982-06-18;12.39;19.05;25.7;0.0;30.1;2.7;23.2
1982-06-19;13.4;20.5;27.6;0.0;29.5;2.5;22.7
1982-06-20;15.0;22.6;30.2;0.0;29.024;2.3;20.3
1982-06-21;17.82;26.21;34.6;0.0;23.468;0.9;11.59
1982-06-22;20.9;25.15;29.4;0.0;20.795;3.5;17.3
1982-06-23;18.4;24.45;30.5;0.0;23.2;4.1;17.5
1982-06-24;18.1;23.25;28.4;0.0;20.8;1.3;19.94
1982-06-25;19.56;24.98;30.4;0.0;19.399;1.3;17.09
1982-06-26;21.23;25.66;30.1;0.0;21.223;2.92;17.1
1982-06-27;19.7;26.05;32.41;0.0;23.5;0.9;17.46
1982-06-28;19.3;25.7;32.1;0.0;24.881;1.87;19.5
1982-06-29;16.4;22.26;28.12;0.0;25.378;2.9;25.1
1982-06-30;15.33;20.46;25.6;0.0;26.9;3.5;29.4
1982-07-01;15.1;21.85;28.6;0.0;27.7;3.6;19.66
1982-07-02;18.69;27.33;35.96;0.0;24.5;1.17;13.09
1982-07-03;23.7;29.09;34.48;0.0;23.5;1.9;14.4
1982-07-04;23.3;28.6;33.9;0.0;22.399;3.4;12.8
1982-07-05;21.0;27.5;34.0;0.0;23.392;1.4;16.37
1982-07-06;19.5;26.25;33.0;0.0;27.4;2.0;17.9
1982-07-07;19.2;26.75;34.3;0.0;25.4;2.2;16.4
1982-07-08;20.61;28.16;35.7;0.0;25.1;1.7;13.32
1982-07-09;21.76;27.41;33.06;0.0;22.08;1.4;15.77
1982-07-10;25.65;29.07;32.5;0.0;22.099;2.6;14.5
1982-07-11;23.3;30.51;37.72;0.0;24.3;1.9;11.9
1982-07-12;24.5;31.75;39.0;0.0;24.3;2.2;12.04
1982-07-13;21.9;28.75;35.6;0.0;28.5;2.5;12.8
1982-07-14;18.73;25.21;31.7;0.0;28.1;3.0;17.7
1982-07-15;16.6;22.93;29.26;0.0;28.5;3.0;18.98
1982-07-16;17.0;23.9;30.8;0.0;27.4;2.8;20.2
1982-07-17;18.9;25.2;31.5;0.0;26.4;1.8;23.24
1982-07-18;19.4;25.86;32.31;0.0;25.9;2.4;22.2
1982-07-19;17.0;22.88;28.77;0.0;27.3;4.1;23.3
1982-07-20;15.6;21.68;27.77;0.0;29.0;4.64;19.2
1982-07-21;16.0;22.05;28.11;0.0;27.4;4.4;22.2
1982-07-22;17.04;25.57;34.1;0.0;26.6;1.9;14.2
1982-07-23;19.93;27.21;34.5;0.0;26.5;1.2;14.23
1982-07-24;19.6;27.06;34.52;0.0;26.9;1.2;15.5
1982-07-25;19.9;26.55;33.2;0.0;26.9;1.7;17.38
1982-07-26;18.9;25.9;32.9;0.0;26.5;2.6;17.8
1982-07-27;17.4;23.05;28.7;0.0;26.6;4.42;25.4
1982-07-28;17.4;25.35;33.3;0.0;26.9;2.7;14.7
1982-07-29;21.6;27.7;33.8;0.0;18.779;-0.05;16.9
1982-07-30;24.0;28.73;33.46;0.0;22.531;2.1;19.12
1982-07-31;21.5;26.65;31.8;0.0;21.452;4.5;22.2
1982-08-01;21.8;24.85;27.9;0.0;14.84;1.9;31.66
1982-08-02;20.26;22.84;25.41;0.0;12.622;1.1;34.03
1982-08-03;18.5;24.85;31.2;0.0;23.0;1.6;27.58
1982-08-04;19.3;25.4;31.5;0.0;22.7;2.4;26.7
1982-08-05;20.64;28.17;35.7;0.0;23.3;2.0;19.0
1982-08-06;21.3;27.55;33.8;0.0;26.1;2.4;21.1
1982-08-07;19.3;26.35;33.4;0.0;26.6;2.3;19.2
1982-08-08;19.0;25.35;31.7;0.0;26.9;2.0;16.6
1982-08-09;17.4;23.64;29.89;0.0;26.9;2.3;22.98
1982-08-10;16.8;23.1;29.4;0.0;26.9;2.5;23.07
1982-08-11;17.8;25.45;33.1;0.0;25.7;1.8;16.2
1982-08-12;19.71;26.41;33.1;0.0;22.1;1.7;21.9
1982-08-13;18.0;22.56;27.13;0.0;20.11;3.1;32.18
1982-08-14;17.0;22.89;28.79;0.0;25.1;3.4;27.68
1982-08-15;16.02;21.82;27.62;0.0;25.3;3.1;25.4
1982-08-16;15.89;22.69;29.48;0.0;26.5;3.29;18.9
1982-08-17;17.48;24.98;32.49;0.0;25.701;2.2;18.4
1982-08-18;18.6;26.7;34.8;0.0;25.1;1.1;17.0
1982-08-19;23.24;29.02;34.8;0.0;21.9;0.5;18.15
1982-08-20;24.3;29.34;34.37;0.0;21.616;0.9;20.4
1982-08-21;22.5;28.65;34.8;0.0;23.4;1.7;17.0
1982-08-22;20.51;27.55;34.6;0.0;25.05;1.58;13.63
1982-08-23;20.5;28.1;35.7;0.0;24.826;1.4;10.53
1982-08-24;21.8;29.55;37.3;0.0;22.791;1.5;10.07
1982-08-25;21.81;29.35;36.9;0.0;23.9;1.9;10.9
1982-08-26;20.52;27.96;35.4;0.0;23.9;1.5;13.84
1982-08-27;19.5;26.55;33.6;0.0;24.9;1.8;16.5
1982-08-28;18.6;25.55;32.5;0.0;24.9;2.0;17.66
1982-08-29;19.1;26.95;34.8;0.0;23.124;1.0;14.7
1982-08-30;20.2;27.3;34.41;0.0;21.6;1.2;17.81
1982-08-31;20.41;27.51;34.61;0.0;23.4;1.78;16.59
1982-09-01;19.7;27.58;35.45;0.0;24.7;1.4;11.98
1982-09-02;21.4;28.65;35.9;0.0;22.7;1.6;9.49
1982-09-03;23.01;27.45;31.9;0.0;19.096;1.8;18.6
1982-09-04;21.2;25.45;29.7;0.0;20.1;1.9;23.4
1982-09-05;20.7;25.55;30.4;0.0;17.181;1.3;17.0
1982-09-06;21.31;26.72;32.13;0.0;20.884;1.3;17.0
1982-09-07;21.2;28.55;35.91;0.0;23.709;1.7;7.3
1982-09-08;21.1;27.65;34.2;0.0;23.3;2.2;15.44
1982-09-09;18.6;25.55;32.5;0.0;23.547;2.4;14.09
1982-09-10;19.4;27.55;35.7;0.0;23.5;1.7;5.64
1982-09-11;18.79;26.05;33.31;0.0;23.2;1.4;13.19
1982-09-12;17.1;23.65;30.2;0.0;23.2;1.8;20.68
1982-09-13;16.9;23.39;29.88;0.0;22.8;1.9;23.79
1982-09-14;16.8;22.95;29.1;0.0;22.3;2.7;27.82
1982-09-15;16.9;23.85;30.8;0.0;22.4;1.7;23.83
1982-09-16;19.3;26.88;34.47;0.0;22.189;1.7;19.1
1982-09-17;19.7;28.23;36.75;0.0;21.967;1.6;15.3
1982-09-18;18.8;27.65;36.5;0.0;21.73;1.5;15.85
1982-09-19;13.83;18.04;22.24;0.0;11.717;3.43;44.97
1982-09-20;10.78;18.04;25.3;0.0;22.9;3.4;18.38
1982-09-21;13.4;21.75;30.1;0.0;22.1;1.4;7.36
1982-09-22;16.8;25.77;34.74;0.0;21.5;0.7;7.35
1982-09-23;17.5;25.5;33.51;0.0;21.2;1.1;10.7
1982-09-24;16.86;22.38;27.9;0.0;18.0;2.28;26.02
1982-09-25;14.6;18.4;22.2;0.0;14.427;2.6;42.58
1982-09-26;12.9;18.85;24.8;0.0;20.7;1.4;27.42
1982-09-27;13.24;18.36;23.49;0.0;17.5;2.1;37.34
1982-09-28;14.17;19.63;25.08;0.0;19.796;1.8;30.43
1982-09-29;13.8;19.0;24.2;0.0;18.1;2.6;37.5
1982-09-30;11.8;18.0;24.2;0.0;20.111;3.4;25.8
1982-10-01;12.07;18.38;24.69;0.0;15.621;1.7;23.24
1982-10-02;16.24;22.17;28.11;0.0;14.1;0.9;22.46
1982-10-03;15.1;19.09;23.07;0.0;12.346;2.2;45.51
1982-10-04;15.7;20.15;24.6;0.0;14.2;1.7;38.8
1982-10-05;13.1;17.1;21.1;6.1;10.346;3.6;46.57
1982-10-06;12.29;16.11;19.93;0.0;10.064;4.35;39.86
1982-10-07;12.0;17.1;22.2;0.0;12.7;1.4;39.06
1982-10-08;12.3;17.7;23.1;0.0;16.5;1.38;39.3
1982-10-09;14.4;18.46;22.51;0.0;12.5;1.0;39.21
1982-10-10;13.2;17.0;20.8;7.8;5.331;2.0;48.51
1982-10-11;11.4;17.25;23.1;0.0;17.4;1.7;32.67
1982-10-12;13.0;16.71;20.42;7.89;8.984;4.3;48.4
1982-10-13;12.2;16.06;19.92;0.0;11.886;3.1;41.71
1982-10-14;11.48;15.22;18.97;0.0;9.698;1.7;43.64
1982-10-15;9.5;15.7;21.9;0.0;17.3;1.1;28.33
1982-10-16;9.7;15.95;22.2;0.0;17.3;1.5;29.2
1982-10-17;10.62;17.46;24.3;0.0;17.118;0.7;24.01
1982-10-18;13.1;19.63;26.15;0.0;16.6;0.5;20.83
1982-10-19;13.2;19.87;26.53;0.0;16.9;0.7;22.85
1982-10-20;13.2;19.55;25.9;0.0;16.7;1.0;26.35
1982-10-21;12.2;17.2;22.2;0.0;12.647;2.7;43.96
1982-10-22;10.3;16.04;21.78;0.0;15.8;3.9;35.92
1982-10-23;9.38;16.44;23.5;0.0;16.4;2.9;27.4
1982-10-24;11.2;17.6;24.0;0.0;16.1;2.6;28.72
1982-10-25;12.0;19.75;27.5;0.0;16.1;1.6;25.11
1982-10-26;14.8;21.65;28.5;0.0;16.0;0.7;22.42
1982-10-27;16.5;22.1;27.7;0.0;11.9;2.1;22.87
1982-10-28;17.0;20.98;24.97;0.0;10.774;3.41;35.8
1982-10-29;14.9;18.1;21.3;0.0;9.996;3.7;51.57
1982-10-30;14.4;17.93;21.46;0.0;10.8;3.8;40.2
1982-10-31;11.66;16.87;22.07;0.0;11.24;2.7;35.81
1982-11-01;9.38;15.88;22.37;0.0;15.3;2.7;30.76
1982-11-02;11.1;17.45;23.8;0.0;13.7;2.3;33.65
1982-11-03;15.6;19.48;23.35;0.0;10.6;2.1;43.64
1982-11-04;11.55;18.18;24.8;0.0;14.533;1.5;25.0
1982-11-05;13.0;19.8;26.61;0.0;14.6;0.9;25.35
1982-11-06;13.72;19.91;26.1;0.0;13.7;2.0;24.83
1982-11-07;12.0;18.45;24.9;0.0;13.9;2.0;32.08
1982-11-08;14.3;18.2;22.1;5.6;9.754;1.7;42.34
1982-11-09;10.8;15.0;19.2;6.77;9.87;1.7;45.0
1982-11-10;10.95;14.03;17.1;18.58;7.112;4.56;50.52
1982-11-11;7.3;10.66;14.03;9.42;8.8;5.37;54.54
1982-11-12;6.42;9.43;12.45;14.22;6.8;5.3;60.67
1982-11-13;8.5;12.95;17.4;0.0;10.72;2.2;48.02
1982-11-14;6.8;12.82;18.84;0.0;14.1;1.69;37.32
1982-11-15;7.2;13.25;19.3;0.0;14.139;1.7;37.39
1982-11-16;7.67;14.89;22.1;0.0;13.9;1.1;27.0
1982-11-17;7.98;15.09;22.2;0.0;13.9;2.0;23.63
1982-11-18;8.0;13.75;19.5;5.23;11.723;2.8;31.98
1982-11-19;10.1;15.85;21.6;0.0;13.206;2.0;35.0
1982-11-20;9.6;15.0;20.4;7.51;11.1;5.92;34.76
1982-11-21;7.5;11.31;15.12;49.46;4.091;5.2;62.03
1982-11-22;5.9;11.14;16.38;0.0;13.422;1.67;46.16
1982-11-23;6.4;11.9;17.4;0.0;12.5;1.1;43.69
1982-11-24;9.14;13.17;17.2;0.0;8.5;0.8;52.59
1982-11-25;8.2;11.4;14.6;3.09;5.5;1.9;71.1
1982-11-26;6.59;11.81;17.04;0.0;12.8;2.06;48.14
1982-11-27;7.3;10.95;14.6;4.6;6.776;2.4;61.78
1982-11-28;8.6;12.25;15.9;1.5;8.224;1.6;58.59
1982-11-29;5.9;10.9;15.9;0.0;12.691;1.0;50.03
1982-11-30;4.4;10.1;15.8;6.89;9.879;2.5;43.7
1982-12-01;6.88;11.64;16.4;0.0;9.0;2.7;45.92
1982-12-02;7.5;11.75;16.0;7.43;8.008;2.3;54.84
1982-12-03;6.1;11.6;17.1;0.0;12.2;1.3;44.71
1982-12-04;5.0;11.05;17.1;0.0;12.4;1.2;37.93
1982-12-05;5.8;10.65;15.5;0.0;8.5;1.6;51.68
1982-12-06;4.9;9.95;15.0;0.0;7.288;1.1;50.86
1982-12-07;4.94;10.97;17.0;0.0;11.291;0.7;45.6
1982-12-08;6.4;11.45;16.5;0.0;8.5;1.3;50.62
1982-12-09;6.53;11.37;16.2;1.46;7.2;1.8;56.7
1982-12-10;4.5;10.7;16.9;0.0;12.2;2.0;42.7
1982-12-11;5.7;10.8;15.9;4.5;7.5;4.3;51.8
1982-12-12;5.6;10.68;15.76;0.0;7.789;2.0;55.3
1982-12-13;4.29;10.29;16.3;0.0;12.0;2.6;42.8
1982-12-14;6.5;10.37;14.23;11.83;6.9;3.0;59.98
1982-12-15;6.2;9.3;12.4;3.37;5.6;3.4;62.59
1982-12-16;4.62;9.55;14.49;0.0;8.3;1.1;47.62
1982-12-17;4.69;10.54;16.4;0.0;9.679;0.8;36.87
1982-12-18;7.2;9.85;12.5;3.34;2.845;2.3;68.98
1982-12-19;4.7;10.5;16.3;0.0;10.63;1.1;48.51
1982-12-20;5.1;10.9;16.7;6.93;9.3;2.3;46.38
1982-12-21;5.7;10.49;15.29;0.0;8.99;2.0;54.52
1982-12-22;5.2;10.0;14.8;0.0;3.398;5.1;54.59
1982-12-23;6.5;10.96;15.41;24.99;2.418;6.55;70.3
1982-12-24;5.16;8.33;11.5;10.81;5.969;4.6;68.91
1982-12-25;6.7;10.56;14.42;0.0;8.144;4.46;58.99
1982-12-26;7.3;10.4;13.5;10.3;2.082;4.46;72.74
1982-12-27;8.8;12.7;16.6;0.0;8.3;1.0;61.86
1982-12-28;7.72;11.11;14.5;5.4;5.321;1.3;66.0
1982-12-29;5.25;9.57;13.9;1.42;10.367;3.2;57.36
1982-12-30;4.32;7.41;10.5;8.85;8.899;4.3;61.19
1982-12-31;4.18;6.46;8.73;22.21;6.793;5.7;66.35
1983-01-01;5.21;9.16;13.12;0.0;9.9;3.1;54.23
1983-01-02;5.3;8.18;11.05;2.09;7.875;1.9;63.15
1983-01-03;4.3;8.18;12.05;1.4;6.9;2.9;70.63
1983-01-04;3.1;9.5;15.9;0.0;12.0;1.9;42.01
1983-01-05;4.6;10.9;17.2;0.0;12.4;1.0;38.2
1983-01-06;4.88;10.89;16.9;0.0;12.389;1.8;44.13
1983-01-07;4.6;10.5;16.4;0.0;11.0;1.7;53.16
1983-01-08;4.6;10.95;17.3;0.0;12.5;0.3;43.25
1983-01-09;5.0;11.15;17.3;0.0;12.5;0.6;41.88
1983-01-10;4.7;11.18;17.66;0.0;12.5;0.5;37.11
1983-01-11;5.4;11.75;18.1;0.0;12.7;0.18;33.55
1983-01-12;4.7;11.27;17.84;0.0;12.7;0.4;32.68
1983-01-13;4.2;10.8;17.4;0.0;12.9;0.35;38.1
1983-01-14;3.4;9.95;16.5;0.0;13.0;0.5;45.29
1983-01-15;3.2;9.64;16.08;0.0;13.3;1.6;45.45
1983-01-16;3.0;9.65;16.3;0.0;13.3;0.8;39.57
1983-01-17;3.4;8.55;13.7;0.0;9.7;2.43;55.99
1983-01-18;2.3;9.6;16.9;0.0;13.4;1.1;30.72
1983-01-19;3.8;10.25;16.7;4.26;13.2;3.1;30.7
1983-01-20;4.7;7.75;10.8;3.7;7.8;2.5;72.28
1983-01-21;5.73;8.62;11.5;9.0;7.296;4.3;72.8
1983-01-22;5.3;9.5;13.7;5.1;9.5;4.03;54.59
1983-01-23;5.1;9.55;14.0;5.0;7.736;4.3;61.23
1983-01-24;4.5;7.85;11.2;0.0;9.644;2.7;57.46
1983-01-25;4.8;10.25;15.7;0.0;11.578;2.1;42.73
1983-01-26;5.52;9.15;12.79;5.1;6.6;1.9;71.38
1983-01-27;2.9;9.68;16.46;0.0;14.2;0.4;38.01
1983-01-28;4.7;11.27;17.84;0.0;14.342;0.8;24.7
1983-01-29;6.7;13.15;19.6;0.0;14.5;0.2;20.16
1983-01-30;6.0;12.55;19.1;0.0;14.846;1.0;22.69
1983-01-31;6.1;11.8;17.5;0.0;13.8;1.5;31.8
1983-02-01;5.0;10.5;16.0;0.0;14.3;2.6;49.8
1983-02-02;3.8;10.55;17.3;0.0;15.1;1.1;33.65
1983-02-03;4.8;11.75;18.7;0.0;14.6;0.9;28.83
1983-02-04;5.28;11.89;18.5;0.0;15.4;1.71;30.0
1983-02-05;7.7;13.35;19.0;0.0;15.245;1.0;40.0
1983-02-06;8.2;11.69;15.18;7.7;9.6;2.5;60.82
1983-02-07;6.4;9.3;12.2;5.06;6.998;2.7;67.35
1983-02-08;4.6;10.25;15.89;0.0;12.963;0.8;43.36
1983-02-09;6.01;11.79;17.57;0.0;13.724;1.8;41.47
1983-02-10;5.57;12.7;19.82;0.0;16.2;0.4;35.67
1983-02-11;6.9;14.01;21.12;0.0;16.7;0.3;28.83
1983-02-12;6.88;13.15;19.43;0.0;16.711;1.8;37.88
1983-02-13;4.9;11.6;18.3;0.0;16.615;2.12;36.41
1983-02-14;2.93;10.21;17.5;0.0;17.1;2.4;32.32
1983-02-15;3.32;11.36;19.4;0.0;17.4;1.71;22.55
1983-02-16;6.1;13.6;21.1;0.0;16.5;0.5;21.79
1983-02-17;7.03;12.67;18.3;0.0;14.8;0.9;35.63
1983-02-18;8.1;13.3;18.5;3.33;13.886;3.0;39.67
1983-02-19;6.7;10.14;13.59;4.4;10.155;2.1;67.75
1983-02-20;4.2;9.71;15.22;0.0;14.419;1.3;41.61
1983-02-21;2.29;9.94;17.59;0.0;18.2;2.0;29.5
1983-02-22;5.1;13.25;21.4;0.0;17.8;1.4;22.7
1983-02-23;11.65;17.63;23.6;0.0;14.8;3.3;16.4
1983-02-24;9.86;15.23;20.6;0.0;15.4;2.1;38.66
1983-02-25;8.1;13.55;19.0;0.0;14.471;1.19;42.51
1983-02-26;7.7;15.02;22.34;0.0;18.354;0.7;29.7
1983-02-27;7.4;15.5;23.6;0.0;17.911;0.9;19.15
1983-02-28;8.7;16.92;25.14;0.0;17.533;1.2;14.57
1983-03-01;9.1;15.61;22.11;0.0;16.0;0.9;29.22
1983-03-02;8.7;14.74;20.78;0.0;18.1;1.2;33.69
1983-03-03;7.4;13.25;19.1;0.0;16.4;2.0;35.9
1983-03-04;6.0;13.75;21.5;0.0;19.4;2.4;20.98
1983-03-05;10.2;17.45;24.7;0.0;18.5;1.1;15.31
1983-03-06;10.5;17.35;24.2;0.0;18.99;1.3;18.07
1983-03-07;8.4;15.03;21.66;0.0;17.4;1.4;30.06
1983-03-08;6.3;12.85;19.4;0.0;19.8;1.8;27.38
1983-03-09;7.1;10.6;14.1;0.0;11.888;2.6;41.74
1983-03-10;5.86;10.46;15.05;0.0;14.8;2.36;36.42
1983-03-11;5.68;10.69;15.7;0.0;14.75;1.6;32.96
1983-03-12;6.5;11.72;16.94;0.0;15.0;0.9;36.1
1983-03-13;4.7;12.1;19.5;0.0;21.1;1.9;25.3
1983-03-14;6.4;14.1;21.8;0.0;21.316;1.4;22.0
1983-03-15;7.8;15.1;22.4;0.0;20.419;1.8;24.23
1983-03-16;9.8;16.3;22.8;0.0;20.054;2.5;33.24
1983-03-17;9.8;15.6;21.4;0.0;16.8;3.4;35.93
1983-03-18;8.4;16.48;24.57;0.0;21.6;2.26;20.14
1983-03-19;9.9;17.41;24.91;0.0;21.762;2.0;18.23
1983-03-20;10.2;17.5;24.8;0.0;21.9;2.3;17.44
1983-03-21;10.2;16.7;23.21;0.0;21.7;2.2;25.74
1983-03-22;9.8;16.3;22.8;0.0;21.9;2.5;26.58
1983-03-23;9.1;16.41;23.72;0.0;22.9;1.3;19.66
1983-03-24;8.8;16.17;23.54;0.0;23.0;1.2;19.73
1983-03-25;8.61;16.7;24.8;0.0;23.303;1.7;16.8
1983-03-26;10.6;18.3;26.0;0.0;23.3;0.9;13.84
1983-03-27;12.3;20.6;28.9;0.0;22.2;1.9;7.7
1983-03-28;12.2;17.85;23.5;0.0;17.878;2.91;16.78
1983-03-29;9.1;13.4;17.7;0.0;15.046;2.7;40.91
1983-03-30;6.2;14.79;23.37;0.0;24.0;2.12;15.49
1983-03-31;10.4;18.11;25.81;0.0;23.12;1.2;12.74
1983-04-01;11.2;18.6;26.0;0.0;23.5;1.5;15.2
1983-04-02;10.8;17.16;23.52;0.0;23.2;3.0;23.6
1983-04-03;9.0;16.13;23.26;0.0;23.8;1.8;20.7
1983-04-04;10.4;16.34;22.28;0.0;21.1;1.7;27.25
1983-04-05;9.9;13.34;16.79;0.0;11.271;2.3;50.1
1983-04-06;7.9;13.75;19.6;0.0;22.0;3.4;23.6
1983-04-07;6.7;16.5;26.3;0.0;24.7;1.6;12.99
1983-04-08;14.26;21.68;29.1;0.0;23.424;1.7;9.55
1983-04-09;11.7;18.49;25.28;0.0;24.1;1.7;17.9
1983-04-10;10.5;15.5;20.5;0.0;19.4;2.8;35.33
1983-04-11;8.3;15.65;23.0;0.0;25.1;2.7;22.29
1983-04-12;9.5;16.95;24.4;0.0;25.5;3.0;16.55
1983-04-13;10.6;18.05;25.5;0.0;25.4;2.5;19.3
1983-04-14;11.5;19.18;26.86;0.0;25.9;3.2;17.45
1983-04-15;12.18;20.68;29.18;0.0;26.26;2.9;12.66
1983-04-16;14.9;23.16;31.42;0.0;26.618;1.6;9.88
1983-04-17;14.5;22.05;29.6;0.0;26.8;1.0;12.99
1983-04-18;14.0;21.4;28.8;0.0;26.7;1.35;17.65
1983-04-19;13.73;20.9;28.07;0.0;26.21;1.7;22.99
1983-04-20;14.0;20.95;27.91;0.0;26.112;1.8;22.25
1983-04-21;13.6;20.65;27.7;0.0;26.222;2.5;19.7
1983-04-22;12.79;19.99;27.2;0.0;26.5;2.6;19.99
1983-04-23;13.1;20.23;27.35;0.0;26.517;2.6;19.9
1983-04-24;12.9;20.75;28.61;0.0;21.292;2.0;13.1
1983-04-25;11.17;17.46;23.75;10.1;11.902;3.3;26.6
1983-04-26;8.8;11.57;14.33;26.74;15.011;3.54;44.83
1983-04-27;8.8;12.35;15.9;5.9;16.4;2.7;43.8
1983-04-28;8.7;13.5;18.3;0.0;19.4;0.8;33.3
1983-04-29;8.2;12.65;17.1;0.0;19.1;2.9;35.18
1983-04-30;5.96;13.18;20.39;0.0;23.554;1.5;25.6
1983-05-01;7.7;13.87;20.03;0.0;21.9;1.2;30.1
1983-05-02;12.2;16.2;20.2;6.32;19.1;2.6;33.14
1983-05-03;11.9;14.52;17.13;6.59;17.699;3.6;47.33
1983-05-04;11.8;16.7;21.59;1.31;22.604;1.8;30.1
1983-05-05;12.0;17.25;22.5;0.0;24.356;2.09;25.4
1983-05-06;13.25;18.43;23.6;0.0;24.688;1.4;24.63
1983-05-07;13.5;17.85;22.2;5.89;21.8;1.3;31.4
1983-05-08;12.4;14.85;17.3;2.41;13.94;2.3;45.04
1983-05-09;11.35;16.98;22.6;0.0;26.0;1.9;25.92
1983-05-10;12.7;17.73;22.76;0.0;23.469;1.5;29.0
1983-05-11;12.3;16.05;19.8;0.0;19.695;0.9;35.58
1983-05-12;11.4;15.6;19.8;1.75;21.8;4.21;31.63
1983-05-13;12.1;15.52;18.93;3.56;18.071;3.3;38.52
1983-05-14;10.8;16.92;23.04;0.0;28.1;1.7;27.68
1983-05-15;11.5;16.55;21.61;0.0;21.931;3.01;31.2
1983-05-16;10.8;15.67;20.53;0.0;20.5;1.59;32.57
1983-05-17;12.6;15.02;17.45;1.7;13.061;2.5;42.81
1983-05-18;12.2;17.35;22.5;0.0;25.0;1.3;23.77
1983-05-19;11.3;17.8;24.3;0.0;29.2;2.7;22.27
1983-05-20;12.63;19.98;27.33;0.0;29.7;2.2;20.05
1983-05-21;13.7;20.8;27.9;0.0;29.554;2.2;20.18
1983-05-22;13.5;20.2;26.9;0.0;28.6;2.91;22.09
1983-05-23;13.7;20.0;26.3;0.0;28.9;3.1;22.74
1983-05-24;13.2;19.55;25.9;0.0;28.912;3.0;24.4
1983-05-25;12.3;18.2;24.1;0.0;29.8;2.74;26.7
1983-05-26;11.5;16.75;22.0;0.0;29.773;4.13;27.4
1983-05-27;9.6;16.4;23.2;0.0;30.702;4.0;21.58
1983-05-28;11.4;18.65;25.9;0.0;30.4;3.1;17.97
1983-05-29;13.1;20.69;28.28;0.0;27.6;1.8;17.44
1983-05-30;15.7;21.04;26.38;0.0;25.097;2.2;22.68
1983-05-31;13.1;17.85;22.6;0.0;24.4;2.18;29.2
1983-06-01;11.76;17.68;23.6;0.0;30.6;1.7;22.7
1983-06-02;12.3;18.23;24.15;0.0;29.012;1.7;23.45
1983-06-03;13.5;18.3;23.1;0.0;22.387;2.6;32.14
1983-06-04;12.29;19.32;26.36;0.0;27.7;1.3;22.8
1983-06-05;14.24;20.27;26.31;0.0;28.8;1.8;23.4
1983-06-06;14.1;19.9;25.7;0.0;27.7;1.7;27.41
1983-06-07;15.6;20.43;25.26;0.0;23.3;2.2;27.54
1983-06-08;15.2;20.08;24.96;0.0;23.2;2.1;29.51
1983-06-09;13.61;19.66;25.7;0.0;25.8;2.6;25.42
1983-06-10;13.5;19.7;25.9;0.0;28.8;3.0;23.55
1983-06-11;13.09;19.34;25.6;0.0;28.6;2.9;24.9
1983-06-12;13.29;18.84;24.39;0.0;28.846;2.4;27.8
1983-06-13;12.48;18.31;24.15;0.0;26.3;1.7;28.4
1983-06-14;13.3;19.91;26.52;0.0;31.341;2.0;20.0
1983-06-15;13.6;19.8;26.0;0.0;28.86;2.2;24.06
1983-06-16;13.5;19.95;26.4;0.0;27.6;2.0;22.62
1983-06-17;16.66;23.49;30.32;0.0;25.672;2.0;20.3
1983-06-18;16.0;21.15;26.3;0.0;22.099;2.2;30.8
1983-06-19;15.1;20.59;26.09;0.0;26.7;2.7;30.12
1983-06-20;15.3;19.81;24.32;0.0;21.558;2.0;35.18
1983-06-21;15.6;20.7;25.8;0.0;23.465;2.1;31.76
1983-06-22;15.6;20.5;25.4;0.0;23.89;2.5;31.7
1983-06-23;14.4;20.15;25.9;0.0;29.1;3.5;25.16
1983-06-24;14.7;21.99;29.28;0.0;27.7;2.0;19.7
1983-06-25;15.2;20.7;26.2;0.0;29.3;2.2;25.9
1983-06-26;13.75;19.57;25.4;0.0;30.4;3.5;27.0
1983-06-27;13.4;20.5;27.6;0.0;29.703;3.6;20.0
1983-06-28;16.34;25.02;33.7;0.0;25.6;1.0;14.89
1983-06-29;20.59;26.95;33.3;0.0;27.7;2.3;15.34
1983-06-30;16.78;23.94;31.1;0.0;27.8;2.2;20.6
1983-07-01;15.6;21.6;27.6;0.0;26.7;3.83;25.91
1983-07-02;16.4;25.19;33.98;0.0;27.5;2.0;14.96
1983-07-03;19.0;26.65;34.3;0.0;27.2;1.8;17.77
1983-07-04;19.0;26.65;34.3;0.0;27.6;2.4;17.7
1983-07-05;19.13;26.56;34.0;0.0;27.758;2.1;16.1
1983-07-06;18.42;25.96;33.5;0.0;29.4;2.0;15.89
1983-07-07;19.2;26.75;34.3;0.0;29.0;1.58;16.0
1983-07-08;20.6;27.46;34.31;0.0;28.3;1.7;15.88
1983-07-09;18.2;25.2;32.2;0.0;28.106;1.9;18.76
1983-07-10;18.2;24.05;29.9;0.0;24.9;3.39;20.2
1983-07-11;16.1;21.6;27.1;0.0;27.833;4.6;22.2
1983-07-12;14.8;20.52;26.24;0.0;28.5;4.4;18.91
1983-07-13;14.7;20.95;27.2;0.0;27.901;3.6;19.13
1983-07-14;14.8;20.55;26.3;0.0;28.8;3.0;22.7
1983-07-15;13.71;19.35;24.99;0.0;29.5;3.1;24.3
1983-07-16;12.49;19.75;27.0;0.0;29.902;3.01;20.0
1983-07-17;15.1;22.85;30.6;0.0;30.586;3.3;13.49
1983-07-18;17.3;26.02;34.75;0.0;27.4;2.0;12.8
1983-07-19;21.8;30.4;39.0;0.0;22.603;0.27;10.94
1983-07-20;20.32;27.16;34.0;0.0;17.994;1.1;16.4
1983-07-21;20.5;27.4;34.3;0.0;25.4;2.6;15.21
1983-07-22;20.9;27.65;34.4;0.0;26.3;2.8;13.28
1983-07-23;19.9;25.25;30.6;0.0;21.565;2.7;17.9
1983-07-24;19.0;26.71;34.43;0.0;26.2;1.9;14.1
1983-07-25;22.3;28.0;33.7;0.0;21.997;1.3;16.88
1983-07-26;18.9;24.8;30.7;0.0;26.0;2.3;24.2
1983-07-27;17.3;22.55;27.8;0.0;22.5;2.9;29.87
1983-07-28;16.4;23.0;29.6;0.0;26.6;2.6;22.2
1983-07-29;18.19;26.4;34.6;0.0;26.1;1.7;15.9
1983-07-30;21.71;28.8;35.9;0.0;25.7;2.1;17.0
1983-07-31;19.4;26.4;33.4;0.0;26.9;2.4;17.85
1983-08-01;18.59;25.27;31.94;0.0;26.53;2.4;20.15
1983-08-02;17.8;23.35;28.9;0.0;25.8;3.2;26.81
1983-08-03;15.94;20.67;25.4;0.0;22.388;2.95;30.55
1983-08-04;14.7;20.16;25.63;0.0;27.0;3.7;24.64
1983-08-05;15.25;22.72;30.19;0.0;25.8;2.8;14.7
1983-08-06;17.9;24.25;30.6;0.0;26.0;2.4;21.7
1983-08-07;17.2;23.99;30.79;0.0;26.0;2.8;21.91
1983-08-08;17.9;24.8;31.7;0.0;26.0;2.0;19.6
1983-08-09;16.8;22.5;28.2;0.0;26.2;2.4;25.4
1983-08-10;16.7;20.99;25.29;0.0;20.498;3.37;32.35
1983-08-11;15.6;20.46;25.33;0.0;20.792;3.79;30.69
1983-08-12;14.37;20.61;26.84;0.0;25.7;3.0;23.5
1983-08-13;15.7;21.11;26.52;0.0;21.9;1.6;30.09
1983-08-14;16.8;22.95;29.1;0.0;24.3;2.07;29.59
1983-08-15;18.2;24.45;30.7;0.0;23.9;2.1;27.35
1983-08-16;17.6;22.55;27.5;0.0;20.39;2.5;31.72
1983-08-17;17.0;22.4;27.8;0.0;22.8;3.0;27.0
1983-08-18;16.4;22.8;29.2;0.0;25.4;2.92;24.7
1983-08-19;17.0;23.72;30.44;0.0;25.1;2.5;23.71
1983-08-20;17.8;24.25;30.7;0.0;25.0;2.7;22.11
1983-08-21;17.9;24.9;31.9;0.0;25.8;2.8;18.5
1983-08-22;19.9;27.8;35.7;0.0;22.7;1.3;7.95
1983-08-23;22.8;28.7;34.6;0.0;22.0;2.4;10.49
1983-08-24;21.2;27.2;33.2;0.0;21.4;2.2;12.89
1983-08-25;20.9;27.8;34.7;0.0;22.7;1.9;12.69
1983-08-26;20.2;27.2;34.2;0.0;23.0;1.6;16.4
1983-08-27;18.51;24.78;31.05;0.0;22.9;2.2;23.7
1983-08-28;16.7;22.74;28.79;0.0;24.0;3.1;24.62
1983-08-29;16.0;21.12;26.23;0.0;20.316;3.1;29.42
1983-08-30;14.6;20.77;26.95;0.0;25.1;3.0;24.84
1983-08-31;15.49;21.36;27.23;0.0;22.9;3.2;30.17
1983-09-01;14.7;21.15;27.6;0.0;24.8;3.7;23.2
1983-09-02;15.8;23.5;31.2;0.0;24.0;2.0;15.8
1983-09-03;19.3;27.0;34.7;0.0;20.9;0.7;17.67
1983-09-04;19.23;25.52;31.8;0.0;22.2;2.27;23.2
1983-09-05;18.0;25.8;33.61;0.0;21.5;1.3;15.5
1983-09-06;25.69;28.9;32.1;0.0;17.178;1.06;21.59
1983-09-07;22.9;30.38;37.85;0.0;20.895;1.4;14.88
1983-09-08;23.82;30.46;37.1;0.0;21.7;2.1;14.6
1983-09-09;22.39;29.94;37.49;0.0;19.6;0.6;14.34
1983-09-10;22.56;29.0;35.44;0.0;20.2;1.04;19.4
1983-09-11;20.01;27.9;35.79;0.0;20.017;0.8;19.85
1983-09-12;19.2;25.81;32.42;0.0;20.049;1.48;23.2
1983-09-13;15.8;20.5;25.2;0.0;17.795;3.3;34.46
1983-09-14;14.8;20.5;26.19;0.0;22.6;3.8;25.4
1983-09-15;14.6;21.2;27.8;0.0;22.6;3.1;20.52
1983-09-16;15.2;20.85;26.5;0.0;20.8;2.9;28.2
1983-09-17;14.3;19.89;25.49;0.0;22.6;3.3;28.9
1983-09-18;13.2;17.84;22.49;0.0;17.19;2.6;37.15
1983-09-19;13.4;18.36;23.33;0.0;20.7;2.2;29.13
1983-09-20;11.7;18.25;24.8;0.0;22.0;1.5;25.6
1983-09-21;13.2;18.81;24.43;0.0;19.6;2.05;33.32
1983-09-22;13.29;19.49;25.7;0.0;21.322;1.3;29.9
1983-09-23;14.36;20.78;27.2;0.0;21.2;1.2;27.41
1983-09-24;16.2;21.5;26.8;0.0;18.2;2.2;35.43
1983-09-25;15.03;20.21;25.4;0.0;15.943;2.6;39.02
1983-09-26;14.0;19.67;25.34;0.0;20.411;2.7;33.25
1983-09-27;13.1;19.85;26.6;0.0;20.5;2.4;26.6
1983-09-28;13.6;20.15;26.7;0.0;19.602;2.44;27.05
1983-09-29;13.8;20.6;27.4;0.0;19.5;1.8;27.3
1983-09-30;14.8;20.55;26.3;0.0;19.1;2.2;28.72
1983-10-01;12.79;17.39;22.0;0.0;14.485;1.3;37.5
1983-10-02;11.07;17.18;23.28;0.0;19.735;3.0;31.72
1983-10-03;10.92;17.61;24.3;0.0;19.2;3.3;27.87
1983-10-04;11.3;17.5;23.7;0.0;19.2;2.8;27.7
1983-10-05;11.1;17.45;23.8;0.0;19.1;2.4;27.05
1983-10-06;11.3;18.23;25.17;0.0;19.108;0.8;19.53
1983-10-07;13.3;20.78;28.26;0.0;17.722;1.5;18.35
1983-10-08;16.61;20.85;25.09;18.03;10.9;1.8;35.27
1983-10-09;16.6;20.55;24.51;0.0;13.586;2.7;44.12
1983-10-10;15.4;20.45;25.5;0.0;13.587;2.4;41.23
1983-10-11;14.1;19.5;24.89;0.0;13.954;2.7;38.14
1983-10-12;12.42;18.01;23.6;0.0;17.3;3.5;31.01
1983-10-13;10.2;16.3;22.4;0.0;17.6;2.8;35.79
1983-10-14;11.08;15.94;20.8;0.0;9.528;2.6;42.1
1983-10-15;11.46;16.03;20.6;0.0;9.596;1.7;42.44
1983-10-16;10.5;16.91;23.31;0.0;16.9;2.5;33.43
1983-10-17;11.55;18.13;24.7;0.0;17.0;1.7;31.6
1983-10-18;12.3;18.2;24.1;0.0;16.7;3.0;37.18
1983-10-19;11.71;17.7;23.7;0.0;17.023;3.2;34.73
1983-10-20;10.4;17.2;24.0;0.0;16.8;2.9;27.4
1983-10-21;10.3;16.56;22.83;0.0;16.7;3.1;35.84
1983-10-22;11.4;17.25;23.1;0.0;14.6;2.5;38.01
1983-10-23;10.6;15.95;21.3;0.0;12.0;2.81;39.9
1983-10-24;9.1;15.5;21.9;0.0;16.4;3.2;33.26
1983-10-25;10.91;16.7;22.5;0.0;15.2;2.7;38.1
1983-10-26;10.3;17.62;24.93;0.0;16.2;1.8;28.2
1983-10-27;12.6;19.7;26.8;0.0;16.0;0.5;22.37
1983-10-28;12.0;18.85;25.7;0.0;16.001;1.0;25.29
1983-10-29;13.2;20.05;26.9;0.0;13.7;1.0;20.09
1983-10-30;16.01;22.18;28.35;0.0;13.2;1.5;11.86
1983-10-31;17.96;21.84;25.73;0.0;10.5;1.1;12.05
1983-11-01;16.1;22.0;27.9;0.0;13.5;0.8;18.79
1983-11-02;14.7;18.66;22.63;3.89;10.1;2.2;39.67
1983-11-03;15.35;21.91;28.46;0.0;15.143;1.6;9.9
1983-11-04;13.3;20.15;27.0;0.0;13.7;2.1;7.35
1983-11-05;14.1;19.05;24.0;0.0;10.8;0.5;18.72
1983-11-06;11.6;18.3;25.0;0.0;14.775;1.8;21.32
1983-11-07;10.2;17.3;24.4;0.0;15.0;2.1;22.43
1983-11-08;9.94;18.36;26.79;0.0;15.1;0.8;8.31
1983-11-09;10.8;17.6;24.4;0.0;11.8;1.4;12.14
1983-11-10;8.8;14.15;19.5;0.0;10.36;1.8;39.0
1983-11-11;7.13;14.28;21.43;0.0;14.4;3.3;24.89
1983-11-12;7.6;15.06;22.52;0.0;14.45;2.7;10.71
1983-11-13;8.0;15.55;23.1;0.0;14.298;1.7;-2.72
1983-11-14;9.4;16.8;24.2;0.0;14.1;1.28;10.18
1983-11-15;8.7;15.9;23.1;0.0;14.2;0.4;20.89
1983-11-16;8.5;14.6;20.7;0.0;12.1;2.02;27.0
1983-11-17;9.45;12.82;16.2;7.86;7.14;3.2;49.3
1983-11-18;6.61;11.75;16.9;1.76;13.7;4.78;32.62
1983-11-19;5.67;12.52;19.38;0.0;13.7;1.7;21.69
1983-11-20;6.8;12.55;18.31;0.0;13.4;2.7;24.7
1983-11-21;6.5;10.77;15.03;0.0;9.698;2.7;42.88
1983-11-22;6.9;11.02;15.14;0.0;8.7;1.2;42.02
1983-11-23;5.9;11.55;17.2;0.0;12.223;2.8;35.43
1983-11-24;3.41;10.3;17.2;0.0;13.9;2.42;24.0
1983-11-25;4.5;10.85;17.2;0.0;13.2;0.9;21.98
1983-11-26;4.97;10.33;15.69;0.0;9.08;2.8;40.5
1983-11-27;2.9;9.49;16.09;0.0;13.1;3.0;27.29
1983-11-28;4.1;10.5;16.9;0.0;12.6;2.3;29.8
1983-11-29;4.7;10.55;16.4;0.0;12.843;2.7;36.39
1983-11-30;3.9;10.4;16.9;0.0;12.8;1.8;25.6
1983-12-01;5.0;11.7;18.4;0.0;12.8;1.27;22.75
1983-12-02;5.38;12.22;19.07;0.0;12.8;0.3;19.5
1983-12-03;6.1;12.5;18.9;0.0;12.3;0.4;19.49
1983-12-04;5.8;11.54;17.28;0.0;12.2;2.4;37.29
1983-12-05;4.1;10.6;17.1;0.0;12.3;3.1;39.02
1983-12-06;7.0;13.25;19.5;0.0;10.509;0.9;26.5
1983-12-07;6.1;12.25;18.4;0.0;12.2;1.8;22.77
1983-12-08;4.69;10.79;16.9;0.0;12.1;1.3;36.43
1983-12-09;5.2;10.74;16.29;0.0;11.7;3.5;45.6
1983-12-10;7.3;9.99;12.68;8.79;3.909;5.6;59.21
1983-12-11;4.86;9.68;14.49;3.16;8.3;4.24;39.84
1983-12-12;2.8;9.45;16.1;0.0;11.9;4.3;28.9
1983-12-13;9.2;12.95;16.7;0.0;6.7;4.6;30.35
1983-12-14;7.8;11.2;14.6;15.02;4.604;3.23;52.27
1983-12-15;7.8;11.75;15.7;6.79;6.885;5.3;55.9
1983-12-16;8.5;11.85;15.2;58.46;6.216;6.47;47.04
1983-12-17;6.99;10.45;13.9;10.91;5.891;4.61;59.43
1983-12-18;6.6;11.36;16.11;0.0;8.1;3.91;49.67
1983-12-19;4.95;10.52;16.09;0.0;10.499;2.7;49.13
1983-12-20;4.2;10.4;16.6;12.33;8.3;4.26;43.31
1983-12-21;6.7;10.25;13.8;11.3;4.898;6.32;67.01
1983-12-22;7.2;10.55;13.9;14.53;3.757;5.46;72.08
1983-12-23;10.2;13.0;15.8;44.41;2.929;6.4;75.32
1983-12-24;9.5;12.9;16.3;68.11;2.128;4.97;72.64
1983-12-25;9.5;12.35;15.2;11.71;4.781;3.2;74.05
1983-12-26;7.9;11.55;15.2;38.5;5.493;5.76;79.71
1983-12-27;6.8;9.36;11.92;13.96;4.2;5.77;75.2
1983-12-28;6.8;9.9;13.0;10.29;6.7;4.57;70.38
1983-12-29;7.79;11.1;14.4;7.9;6.316;1.5;64.99
1983-12-30;7.8;12.35;16.9;0.0;9.3;0.6;52.0
1983-12-31;6.4;11.13;15.85;0.0;11.6;2.7;59.73
1984-01-01;5.5;10.49;15.48;0.0;10.397;3.01;59.53
1984-01-02;4.67;10.54;16.4;0.0;11.6;2.9;52.9
1984-01-03;5.4;11.13;16.85;0.0;10.6;1.1;51.79
1984-01-04;4.0;8.9;13.8;6.3;6.395;2.0;69.65
1984-01-05;4.12;6.44;8.76;3.92;5.287;3.1;71.71
1984-01-06;4.0;5.78;7.55;5.93;7.766;3.2;78.2
1984-01-07;1.43;6.05;10.68;0.0;9.5;1.6;58.54
1984-01-08;0.73;6.32;11.9;0.0;12.4;2.4;40.75
1984-01-09;4.68;7.59;10.5;5.98;8.0;3.7;67.35
1984-01-10;1.9;6.9;11.9;0.0;12.9;1.2;46.12
1984-01-11;1.6;7.22;12.84;0.0;11.2;0.8;37.07
1984-01-12;3.3;8.62;13.93;0.0;12.5;0.9;43.34
1984-01-13;5.3;8.65;12.0;1.4;8.4;1.8;61.34
1984-01-14;4.27;9.23;14.2;0.0;11.004;1.5;46.8
1984-01-15;1.8;8.0;14.19;0.0;13.2;1.8;46.59
1984-01-16;2.89;7.71;12.53;0.0;8.8;1.3;57.74
1984-01-17;2.98;8.84;14.7;0.0;13.2;1.9;48.15
1984-01-18;2.4;9.5;16.6;0.0;13.353;0.9;33.6
1984-01-19;6.0;11.4;16.8;0.0;10.1;0.8;31.88
1984-01-20;7.24;12.67;18.1;0.0;13.2;0.9;35.5
1984-01-21;4.5;11.16;17.82;0.0;13.6;0.8;36.12
1984-01-22;5.3;11.75;18.2;0.0;13.5;1.8;30.06
1984-01-23;7.64;10.67;13.7;4.85;9.1;2.9;63.49
1984-01-24;6.3;9.0;11.7;6.59;4.762;3.5;73.4
1984-01-25;4.5;7.3;10.1;15.35;7.0;5.9;67.89
1984-01-26;4.2;7.35;10.5;0.0;9.7;3.19;55.24
1984-01-27;3.82;9.81;15.8;1.18;11.178;2.1;38.28
1984-01-28;6.11;9.05;11.99;16.51;6.124;3.1;72.34
1984-01-29;4.8;7.28;9.75;5.1;7.392;3.9;72.32
1984-01-30;1.73;7.1;12.47;0.0;11.7;2.0;48.67
1984-01-31;4.4;9.85;15.3;0.0;14.867;0.6;42.1
1984-02-01;4.3;9.9;15.5;0.0;12.2;1.2;42.17
1984-02-02;4.4;10.25;16.1;0.0;12.887;1.52;43.11
1984-02-03;4.6;10.2;15.8;0.0;13.3;2.27;50.29
1984-02-04;3.52;9.96;16.4;0.0;15.507;0.8;41.0
1984-02-05;4.4;10.25;16.1;0.0;12.6;2.4;43.8
1984-02-06;8.8;11.95;15.1;8.15;3.61;3.6;68.02
1984-02-07;5.1;10.05;15.0;16.76;6.896;4.0;58.18
1984-02-08;5.0;8.2;11.39;14.29;9.488;3.2;61.38
1984-02-09;5.1;10.5;15.9;0.0;12.5;2.2;42.95
1984-02-10;9.2;13.21;17.23;0.0;10.8;1.8;46.81
1984-02-11;8.1;13.2;18.3;0.0;14.819;1.2;48.27
1984-02-12;7.06;13.67;20.29;0.0;16.6;0.87;34.9
1984-02-13;9.61;15.91;22.22;0.0;16.8;1.0;27.2
1984-02-14;8.3;14.95;21.6;0.0;16.7;1.4;25.49
1984-02-15;9.5;15.41;21.33;0.0;16.719;0.9;27.2
1984-02-16;7.66;13.73;19.8;0.0;16.978;0.6;38.76
1984-02-17;7.7;14.55;21.4;0.0;17.3;1.7;38.16
1984-02-18;9.18;15.43;21.68;0.0;17.2;1.67;39.87
1984-02-19;6.2;12.1;18.0;0.0;17.2;3.46;41.4
1984-02-20;4.4;12.6;20.8;0.0;18.5;1.83;20.39
1984-02-21;6.3;13.83;21.36;0.0;18.4;0.6;20.87
1984-02-22;6.2;13.65;21.1;0.0;17.074;0.7;21.86
1984-02-23;6.7;14.55;22.4;0.0;18.3;0.7;19.18
1984-02-24;7.4;14.81;22.22;0.0;18.5;0.9;19.3
1984-02-25;6.5;13.4;20.3;0.0;18.7;2.3;29.6
1984-02-26;6.45;14.72;22.99;0.0;18.7;0.4;18.08
1984-02-27;7.8;15.7;23.6;0.0;18.7;1.2;16.52
1984-02-28;7.5;15.05;22.6;0.0;18.7;0.7;22.2
1984-02-29;0.0;0.0;0.0;0.0;0.0;0.0;0.0
1984-03-01;6.9;13.45;20.0;0.0;18.993;0.9;30.5
1984-03-02;6.8;10.64;14.49;0.0;11.5;1.0;55.31
1984-03-03;4.74;9.97;15.2;0.0;17.628;2.6;30.4
1984-03-04;2.1;8.7;15.3;2.3;14.7;2.9;28.91
1984-03-05;6.7;11.4;16.1;3.57;14.3;0.7;39.46
1984-03-06;7.2;10.67;14.13;0.0;13.2;2.6;43.57
1984-03-07;5.4;9.55;13.7;1.2;12.912;3.33;43.91
1984-03-08;7.3;10.6;13.89;3.6;9.692;2.0;58.74
1984-03-09;6.3;12.7;19.1;0.0;20.7;1.67;30.8
1984-03-10;6.4;14.1;21.8;0.0;20.8;0.3;20.53
1984-03-11;7.67;15.09;22.5;0.0;20.8;0.5;18.49
1984-03-12;8.3;15.75;23.2;0.0;20.0;0.4;18.9
1984-03-13;7.9;14.6;21.3;0.0;20.7;1.0;28.98
1984-03-14;7.3;10.84;14.38;6.66;7.796;1.6;61.85
1984-03-15;6.3;8.14;9.99;8.84;10.616;1.15;61.32
1984-03-16;5.6;7.75;9.9;12.83;13.087;3.3;58.65
1984-03-17;5.6;10.85;16.1;6.78;16.8;1.8;39.12
1984-03-18;6.95;11.97;17.0;0.0;16.035;0.6;42.49
1984-03-19;8.52;12.31;16.1;0.0;14.2;2.3;56.55
1984-03-20;8.5;13.9;19.3;0.0;17.36;0.5;40.63
1984-03-21;7.9;14.6;21.3;0.0;22.0;1.0;33.2
1984-03-22;8.53;15.1;21.67;0.0;22.3;1.1;34.28
1984-03-23;8.6;15.3;22.0;0.0;22.2;1.5;32.73
1984-03-24;9.18;16.3;23.43;0.0;22.8;1.5;30.36
1984-03-25;10.6;17.75;24.9;0.0;22.676;0.6;26.4
1984-03-26;11.5;18.2;24.9;0.0;20.9;0.3;26.6
1984-03-27;11.7;18.6;25.5;0.0;21.8;0.55;23.37
1984-03-28;11.0;17.85;24.7;0.0;23.4;1.9;20.27
1984-03-29;11.2;18.3;25.4;0.0;22.402;1.4;16.3
1984-03-30;8.9;15.1;21.3;0.0;22.3;2.3;35.31
1984-03-31;7.4;14.59;21.78;0.0;24.4;2.5;26.2
1984-04-01;8.1;14.75;21.4;0.0;24.2;1.7;29.11
1984-04-02;7.5;12.39;17.29;8.3;16.965;3.4;39.56
1984-04-03;6.99;8.29;9.6;8.95;10.175;3.5;62.29
1984-04-04;5.5;8.65;11.8;0.0;14.475;1.6;52.95
1984-04-05;3.73;11.01;18.29;0.0;25.0;2.2;29.43
1984-04-06;5.7;13.2;20.7;0.0;24.106;2.4;29.9
1984-04-07;9.3;15.0;20.7;0.0;19.152;1.0;37.42
1984-04-08;6.18;11.19;16.19;1.2;8.797;1.9;53.42
1984-04-09;5.26;10.86;16.47;0.0;16.181;4.2;39.27
1984-04-10;8.0;11.6;15.2;0.0;13.169;3.0;51.64
1984-04-11;6.8;10.54;14.28;0.0;17.1;1.7;42.67
1984-04-12;7.0;12.5;18.0;0.0;19.788;1.0;30.86
1984-04-13;6.0;13.3;20.6;0.0;25.7;1.6;25.64
1984-04-14;8.44;11.9;15.37;0.0;14.292;2.7;51.6
1984-04-15;8.1;9.59;11.09;8.2;8.923;1.5;66.06
1984-04-16;6.8;11.6;16.4;5.57;17.9;3.0;42.38
1984-04-17;8.8;12.35;15.89;1.1;13.8;1.9;53.62
1984-04-18;9.1;12.89;16.68;18.02;14.08;1.3;49.64
1984-04-19;9.13;11.97;14.81;4.96;10.4;2.3;66.08
1984-04-20;7.0;12.85;18.7;0.0;21.2;2.5;32.92
1984-04-21;6.7;13.5;20.3;0.0;26.202;1.2;30.1
1984-04-22;7.7;13.95;20.2;0.0;26.1;1.4;31.31
1984-04-23;6.71;14.79;22.86;0.0;27.2;1.9;24.3
1984-04-24;9.5;13.15;16.8;0.0;10.393;-0.63;45.61
1984-04-25;11.4;17.15;22.9;0.0;25.829;2.73;30.3
1984-04-26;10.9;17.84;24.78;0.0;26.9;2.6;25.9
1984-04-27;11.2;17.8;24.4;0.0;26.7;2.7;25.3
1984-04-28;10.0;17.05;24.1;0.0;28.0;3.29;22.4
1984-04-29;11.84;20.41;28.99;0.0;27.9;1.1;12.3
1984-04-30;14.0;21.4;28.8;0.0;27.2;0.9;17.4
1984-05-01;13.5;20.57;27.65;0.0;27.81;1.7;19.25
1984-05-02;10.2;16.1;22.0;0.0;27.302;3.6;30.5
1984-05-03;7.6;16.05;24.5;0.0;29.493;3.7;19.2
1984-05-04;11.7;19.65;27.6;0.0;28.0;1.0;16.26
1984-05-05;13.7;21.73;29.77;0.0;27.7;1.1;16.61
1984-05-06;14.31;21.3;28.29;0.0;27.7;1.5;19.74
1984-05-07;12.35;19.43;26.5;0.0;27.276;2.3;27.8
1984-05-08;14.0;21.7;29.39;0.0;27.848;0.9;21.25
1984-05-09;15.75;24.18;32.6;0.0;23.8;1.7;12.32
1984-05-10;16.9;24.75;32.6;0.0;27.9;2.0;9.93
1984-05-11;15.3;21.55;27.81;0.0;24.659;1.8;25.34
1984-05-12;14.6;21.65;28.7;0.0;26.5;1.8;21.0
1984-05-13;16.4;23.67;30.94;0.0;20.989;1.09;18.8
1984-05-14;13.6;19.27;24.94;0.0;23.966;3.2;30.7
1984-05-15;12.2;18.93;25.66;0.0;27.9;2.6;23.37
1984-05-16;12.8;19.41;26.03;0.0;28.303;2.9;20.25
1984-05-17;13.04;18.97;24.9;0.0;26.1;3.6;26.54
1984-05-18;12.7;20.2;27.7;0.0;29.0;2.1;18.5
1984-05-19;14.4;21.1;27.8;0.0;27.1;1.8;20.8
1984-05-20;14.8;23.0;31.2;0.0;28.6;1.29;17.47
1984-05-21;16.6;24.65;32.7;0.0;24.3;0.9;13.03
1984-05-22;16.11;22.36;28.6;0.0;26.4;1.8;21.3
1984-05-23;14.2;20.25;26.3;0.0;28.0;1.8;25.1
1984-05-24;13.3;19.6;25.9;0.0;27.7;1.9;28.4
1984-05-25;13.2;19.15;25.1;0.0;27.758;3.1;27.22
1984-05-26;12.6;18.7;24.8;0.0;28.359;3.1;28.25
1984-05-27;12.4;18.75;25.1;0.0;29.2;3.0;24.14
1984-05-28;12.4;18.85;25.3;0.0;28.443;3.4;24.2
1984-05-29;12.24;18.52;24.8;0.0;29.8;3.0;25.5
1984-05-30;12.89;19.5;26.1;0.0;30.0;3.5;22.8
1984-05-31;13.2;20.05;26.9;0.0;30.2;2.8;17.7
1984-06-01;13.48;20.04;26.6;0.0;29.5;2.5;19.8
1984-06-02;13.4;20.1;26.8;0.0;29.8;2.8;20.98
1984-06-03;12.8;19.2;25.6;0.0;29.5;2.6;25.4
1984-06-04;12.76;20.34;27.92;0.0;30.3;2.6;20.3
1984-06-05;16.0;23.35;30.7;0.0;26.2;1.6;16.98
1984-06-06;15.52;20.81;26.1;0.0;26.7;2.1;23.4
1984-06-07;13.5;20.43;27.36;0.0;29.6;2.8;21.2
1984-06-08;14.7;21.45;28.2;0.0;29.29;2.0;20.41
1984-06-09;14.3;20.35;26.4;0.0;28.7;2.1;23.24
1984-06-10;13.8;19.95;26.1;0.0;29.6;2.4;23.64
1984-06-11;13.8;20.1;26.4;0.0;28.9;2.3;26.6
1984-06-12;14.9;22.86;30.81;0.0;24.651;1.8;21.0
1984-06-13;23.36;31.27;39.17;0.0;24.292;2.0;2.4
1984-06-14;19.8;28.74;37.69;0.0;23.999;1.6;6.7
1984-06-15;20.8;28.16;35.52;0.0;22.395;1.2;7.47
1984-06-16;20.9;28.97;37.05;0.0;24.3;1.4;4.47
1984-06-17;20.78;27.93;35.08;0.0;24.3;0.9;6.64
1984-06-18;22.74;29.52;36.29;0.0;25.5;1.7;6.51
1984-06-19;20.16;27.46;34.76;0.0;23.4;2.7;5.44
1984-06-20;20.11;26.67;33.23;0.0;22.697;0.5;13.0
1984-06-21;19.2;25.6;32.01;0.0;23.688;1.2;18.25
1984-06-22;19.1;25.9;32.7;0.0;24.4;1.71;17.5
1984-06-23;18.2;25.45;32.7;0.0;28.769;1.9;15.57
1984-06-24;16.7;23.04;29.37;0.0;29.1;2.3;23.1
1984-06-25;16.4;23.18;29.96;0.0;29.5;2.6;20.0
1984-06-26;16.5;24.35;32.2;0.0;29.5;1.6;16.39
1984-06-27;18.1;25.55;33.0;0.0;28.9;1.49;16.96
1984-06-28;16.9;23.79;30.68;0.0;29.5;1.7;20.0
1984-06-29;16.4;22.85;29.3;0.0;29.602;2.1;18.6
1984-06-30;14.73;20.14;25.56;0.0;30.1;3.0;27.11
1984-07-01;13.6;19.25;24.89;0.0;30.003;3.0;25.9
1984-07-02;13.34;19.07;24.8;0.0;30.5;3.7;24.12
1984-07-03;13.4;20.25;27.1;0.0;30.1;3.5;18.6
1984-07-04;14.75;21.95;29.14;0.0;25.7;3.4;17.1
1984-07-05;16.4;22.7;29.0;0.0;25.9;3.5;18.39
1984-07-06;16.7;23.5;30.3;0.0;22.597;3.0;15.48
1984-07-07;19.9;29.4;38.9;0.0;22.525;2.5;8.1
1984-07-08;19.5;26.68;33.85;0.0;24.1;2.4;15.86
1984-07-09;16.8;22.75;28.7;0.0;27.8;2.81;20.2
1984-07-10;15.4;22.7;30.0;0.0;30.8;2.3;15.37
1984-07-11;16.3;23.66;31.03;0.0;29.6;2.2;17.59
1984-07-12;16.6;22.6;28.6;0.0;25.8;3.3;22.2
1984-07-13;14.93;20.86;26.79;0.0;29.1;3.3;22.42
1984-07-14;15.2;22.9;30.6;0.0;27.0;2.5;13.58
1984-07-15;19.07;23.23;27.4;0.0;18.181;1.37;22.37
1984-07-16;18.0;24.5;31.0;0.0;27.638;2.5;17.35
1984-07-17;17.7;24.8;31.9;0.0;26.802;2.6;16.41
1984-07-18;18.97;27.34;35.7;0.0;26.693;1.9;12.04
1984-07-19;22.3;29.85;37.4;0.0;23.5;1.2;9.63
1984-07-20;21.8;29.05;36.3;0.0;22.7;0.92;10.6
1984-07-21;23.01;29.72;36.42;0.0;23.9;1.1;8.46
1984-07-22;23.85;29.73;35.6;0.0;23.382;2.5;9.85
1984-07-23;22.3;28.45;34.6;0.0;23.9;1.7;12.82
1984-07-24;20.8;26.95;33.1;0.0;23.9;1.6;16.3
1984-07-25;22.09;28.6;35.11;0.0;23.702;0.6;14.08
1984-07-26;23.8;30.27;36.75;0.0;23.2;0.8;12.9
1984-07-27;23.0;29.0;35.0;0.0;24.1;2.0;14.7
1984-07-28;20.7;27.75;34.8;0.0;24.5;1.0;14.53
1984-07-29;23.9;29.08;34.26;0.0;22.7;1.03;12.24
1984-07-30;25.3;31.65;38.0;0.0;23.5;0.8;7.7
1984-07-31;25.72;29.41;33.1;0.0;19.34;1.3;14.34
1984-08-01;26.36;32.28;38.2;0.0;23.0;1.4;10.3
1984-08-02;23.0;30.5;38.0;0.0;25.531;1.9;9.2
1984-08-03;19.9;27.27;34.65;0.0;26.214;1.9;13.3
1984-08-04;18.18;23.59;29.0;0.0;23.9;2.8;26.53
1984-08-05;16.6;22.73;28.86;0.0;27.3;2.4;23.1
1984-08-06;16.49;22.3;28.1;0.0;25.9;2.2;28.4
1984-08-07;17.09;22.8;28.5;0.0;26.039;3.5;26.89
1984-08-08;16.7;24.45;32.2;0.0;26.1;2.96;14.48
1984-08-09;19.96;28.84;37.72;0.0;26.2;1.4;10.6
1984-08-10;19.7;26.3;32.9;0.0;25.8;2.4;18.0
1984-08-11;18.1;25.0;31.9;0.0;26.0;3.1;17.7
1984-08-12;17.6;25.1;32.6;0.0;25.9;2.8;15.5
1984-08-13;18.5;26.07;33.63;0.0;25.6;2.5;17.7
1984-08-14;18.7;25.25;31.8;0.0;25.49;2.5;20.2
1984-08-15;17.4;23.85;30.3;0.0;26.0;3.1;21.6
1984-08-16;17.0;23.45;29.9;0.0;25.8;3.44;24.27
1984-08-17;16.8;23.7;30.6;0.0;25.9;3.6;18.84
1984-08-18;18.8;29.8;40.8;0.0;26.2;1.5;4.85
1984-08-19;21.3;29.79;38.27;0.0;26.0;2.1;7.7
1984-08-20;19.0;25.76;32.52;0.0;24.9;2.5;21.7
1984-08-21;18.9;25.55;32.21;0.0;24.183;2.5;19.11
1984-08-22;19.1;27.3;35.5;0.0;23.096;1.3;17.3
1984-08-23;21.1;29.02;36.93;0.0;22.4;0.8;15.4
1984-08-24;18.0;24.83;31.66;0.0;24.2;2.92;23.6
1984-08-25;16.8;22.65;28.5;0.0;24.8;3.9;24.32
1984-08-26;16.4;24.6;32.8;0.0;24.8;2.1;9.09
1984-08-27;20.0;29.16;38.31;0.0;24.7;2.0;4.94
1984-08-28;22.6;31.05;39.5;0.0;24.626;2.0;3.91
1984-08-29;21.2;30.21;39.22;0.0;24.3;1.3;5.99
1984-08-30;19.88;28.39;36.9;0.0;25.0;1.9;9.4
1984-08-31;19.5;27.8;36.1;0.0;24.9;1.6;9.71
1984-09-01;19.7;27.1;34.5;0.0;24.538;2.1;8.97
1984-09-02;19.3;26.9;34.5;0.0;22.11;1.6;10.49
1984-09-03;20.2;26.9;33.6;0.0;21.5;2.4;16.97
1984-09-04;19.3;25.8;32.3;0.0;21.5;2.0;18.42
1984-09-05;18.8;24.95;31.1;0.0;21.7;2.5;18.79
1984-09-06;16.0;22.15;28.3;0.0;23.7;2.7;25.0
1984-09-07;14.6;21.45;28.31;0.0;24.4;3.3;17.21
1984-09-08;15.49;22.95;30.4;0.0;24.016;1.9;8.43
1984-09-09;17.5;25.86;34.21;0.0;23.489;1.1;6.22
1984-09-10;18.0;25.61;33.22;0.0;23.5;1.9;5.82
1984-09-11;17.2;24.74;32.29;0.0;23.5;2.0;8.79
1984-09-12;17.7;25.71;33.72;0.0;23.3;0.8;8.2
1984-09-13;19.3;26.3;33.31;0.0;22.0;1.5;10.61
1984-09-14;16.8;23.0;29.2;0.0;22.7;1.9;23.27
1984-09-15;16.5;23.2;29.9;0.0;22.7;3.3;15.1
1984-09-16;17.9;26.0;34.1;0.0;22.4;1.0;7.79
1984-09-17;19.7;26.95;34.2;0.0;21.0;2.4;7.96
1984-09-18;20.63;27.72;34.81;0.0;21.5;1.8;8.44
1984-09-19;18.8;26.34;33.89;0.0;21.5;0.7;9.9
1984-09-20;18.9;26.86;34.82;0.0;21.5;1.1;7.8
1984-09-21;17.6;25.1;32.6;0.0;21.515;1.0;8.78
1984-09-22;17.5;25.85;34.2;0.0;20.9;1.1;10.31
1984-09-23;20.7;28.0;35.3;0.0;19.933;1.1;12.03
1984-09-24;20.07;28.04;36.0;0.0;20.11;1.1;10.7
1984-09-25;20.89;29.14;37.4;0.0;20.3;1.2;8.19
1984-09-26;21.4;28.62;35.84;0.0;19.657;1.38;10.1
1984-09-27;16.7;22.85;29.0;0.0;19.6;2.6;25.23
1984-09-28;13.2;18.75;24.3;0.0;18.7;2.9;31.51
1984-09-29;11.5;17.05;22.59;0.0;20.3;3.4;25.51
1984-09-30;9.4;15.15;20.9;0.0;16.152;2.7;26.37
1984-10-01;9.5;15.15;20.8;0.0;16.397;3.5;35.7
1984-10-02;11.92;15.11;18.29;3.72;6.2;4.35;46.8
1984-10-03;13.1;16.27;19.44;0.0;8.927;1.7;49.51
1984-10-04;10.3;15.9;21.5;0.0;15.671;3.1;33.94
1984-10-05;8.76;15.48;22.2;0.0;19.0;3.4;22.69
1984-10-06;9.36;16.88;24.4;0.0;19.0;1.9;13.58
1984-10-07;12.5;19.65;26.8;0.0;17.9;1.0;11.77
1984-10-08;13.1;19.6;26.1;0.0;18.1;0.9;18.3
1984-10-09;12.0;18.08;24.16;0.0;17.975;1.95;28.15
1984-10-10;11.89;18.09;24.3;0.0;16.6;2.2;32.89
1984-10-11;11.3;17.55;23.8;0.0;17.4;2.9;32.8
1984-10-12;11.1;17.5;23.89;0.0;17.6;3.2;32.8
1984-10-13;12.16;19.44;26.72;0.0;17.349;1.0;21.51
1984-10-14;13.8;20.9;28.0;0.0;17.3;0.5;16.49
1984-10-15;13.8;20.9;28.0;0.0;17.3;0.4;16.19
1984-10-16;13.7;20.63;27.55;0.0;17.0;0.79;17.04
1984-10-17;13.8;19.8;25.8;0.0;16.649;1.3;27.82
1984-10-18;12.6;15.61;18.62;0.0;6.783;2.5;53.9
1984-10-19;11.2;15.66;20.13;0.0;12.563;2.6;36.91
1984-10-20;10.5;15.55;20.6;0.0;13.7;1.19;31.48
1984-10-21;9.4;13.32;17.23;1.2;10.195;1.4;41.7
1984-10-22;9.3;15.03;20.75;0.0;13.48;1.5;32.67
1984-10-23;9.5;15.2;20.9;0.0;15.2;2.4;37.09
1984-10-24;9.42;15.96;22.5;0.0;13.7;1.6;31.3
1984-10-25;11.8;16.9;22.0;0.0;12.144;2.0;41.98
1984-10-26;10.06;17.06;24.06;0.0;15.5;3.4;33.94
1984-10-27;11.7;18.2;24.7;0.0;15.427;3.2;35.8
1984-10-28;12.26;17.88;23.5;0.0;14.5;3.7;38.02
1984-10-29;9.7;17.05;24.4;0.0;15.5;2.4;27.9
1984-10-30;12.7;20.45;28.21;0.0;15.3;1.7;20.0
1984-10-31;13.99;21.2;28.4;0.0;15.2;1.1;19.25
1984-11-01;13.16;19.41;25.67;0.0;15.1;1.4;24.7
1984-11-02;9.4;15.59;21.77;0.0;13.2;3.1;39.97
1984-11-03;7.6;13.99;20.38;0.0;14.8;3.2;34.0
1984-11-04;7.99;15.3;22.6;0.0;14.3;3.0;26.61
1984-11-05;10.32;17.84;25.37;0.0;14.5;0.4;25.27
1984-11-06;13.2;20.6;28.0;0.0;14.103;1.0;16.67
1984-11-07;14.8;21.48;28.16;0.0;14.1;0.8;16.78
1984-11-08;13.98;20.53;27.08;0.0;14.2;2.0;18.76
1984-11-09;11.63;18.3;24.96;0.0;14.1;1.0;20.07
1984-11-10;14.63;20.71;26.8;0.0;11.197;2.1;8.29
1984-11-11;15.6;22.15;28.7;0.0;10.782;1.8;3.55
1984-11-12;11.03;16.99;22.95;0.0;11.095;2.0;28.63
1984-11-13;13.32;20.06;26.8;0.0;11.382;2.5;10.4
1984-11-14;10.1;17.3;24.5;0.0;14.1;1.1;15.3
1984-11-15;9.2;16.58;23.96;0.0;13.4;1.8;14.77
1984-11-16;12.54;15.0;17.46;5.84;5.485;2.7;48.03
1984-11-17;11.34;13.87;16.4;16.07;3.285;6.07;63.47
1984-11-18;10.7;13.24;15.79;1.92;6.633;3.6;61.44
1984-11-19;9.3;14.01;18.72;0.0;9.1;1.2;44.19
1984-11-20;8.9;14.2;19.5;6.26;8.8;2.0;36.4
1984-11-21;11.3;14.15;17.0;15.5;4.402;2.7;71.74
1984-11-22;9.0;14.9;20.8;0.0;13.0;0.5;42.64
1984-11-23;10.12;16.43;22.73;0.0;11.419;1.9;39.64
1984-11-24;10.72;16.98;23.24;0.0;11.3;2.4;38.1
1984-11-25;11.41;15.36;19.3;4.35;6.5;2.73;57.52
1984-11-26;8.3;14.01;19.71;0.0;12.8;2.7;44.54
1984-11-27;10.5;16.3;22.1;0.0;9.286;2.3;38.69
1984-11-28;11.4;14.35;17.3;0.0;6.325;0.9;55.49
1984-11-29;8.65;14.73;20.8;0.0;11.8;2.05;34.71
1984-11-30;11.0;13.7;16.4;11.54;5.96;1.3;58.46
1984-12-01;10.21;13.46;16.7;15.4;7.2;1.1;63.28
1984-12-02;8.3;14.35;20.4;0.0;11.9;1.3;40.38
1984-12-03;12.0;16.35;20.7;0.0;8.153;2.2;38.34
1984-12-04;11.4;15.25;19.1;0.0;7.2;2.4;49.37
1984-12-05;11.15;15.32;19.5;0.0;7.8;1.2;45.6
1984-12-06;9.18;14.29;19.4;0.0;9.7;1.8;37.24
1984-12-07;8.04;13.52;19.0;0.0;11.827;0.52;41.81
1984-12-08;6.96;12.71;18.45;0.0;11.098;2.4;35.26
1984-12-09;7.6;13.3;19.0;0.0;8.1;1.0;29.5
1984-12-10;6.7;13.0;19.3;0.0;12.0;1.6;28.1
1984-12-11;4.6;10.9;17.2;0.0;12.5;1.2;28.65
1984-12-12;4.5;10.45;16.4;0.0;11.7;2.7;33.9
1984-12-13;8.8;11.59;14.37;0.0;5.294;2.7;57.15
1984-12-14;7.64;12.57;17.5;7.38;8.5;1.4;41.21
1984-12-15;9.91;14.01;18.1;2.08;8.7;2.55;48.11
1984-12-16;12.6;14.85;17.1;75.82;2.531;3.6;70.2
1984-12-17;13.71;15.41;17.1;39.98;2.554;4.71;85.6
1984-12-18;11.95;14.13;16.3;7.9;6.471;3.6;71.45
1984-12-19;11.5;13.55;15.6;1.45;4.476;5.33;77.41
1984-12-20;10.5;13.15;15.8;10.99;4.568;4.9;72.38
1984-12-21;9.11;12.55;16.0;0.0;9.6;4.4;55.35
1984-12-22;9.5;12.49;15.48;38.39;4.891;6.3;61.46
1984-12-23;10.61;13.96;17.3;0.0;7.2;4.4;59.79
1984-12-24;12.0;14.7;17.4;0.0;7.2;4.03;62.61
1984-12-25;11.25;14.07;16.9;41.52;2.452;5.91;77.05
1984-12-26;7.8;11.21;14.63;11.24;6.3;6.4;64.79
1984-12-27;7.2;9.7;12.2;12.09;6.8;5.55;74.42
1984-12-28;4.7;8.3;11.9;0.0;6.731;2.5;67.1
1984-12-29;4.6;9.09;13.57;8.89;6.4;2.8;56.44
1984-12-30;7.7;10.7;13.69;41.05;4.857;4.58;78.45
1984-12-31;6.56;11.16;15.77;13.15;6.261;5.23;60.12
