iso-date;tmin;tavg;tmax;precip;globrad;wind;relhumid
1980-01-01;-9.39;-4.13;1.12;0.0;6.5;3.0;62.1
1980-01-02;-0.79;1.1;3.0;0.0;5.7;3.91;73.48
1980-01-03;-2.7;0.2;3.1;1.5;5.6;2.8;71.79
1980-01-04;-0.9;4.14;9.19;0.0;5.6;4.0;54.15
1980-01-05;0.67;4.99;9.31;2.3;3.4;3.3;62.12
1980-01-06;-5.45;-1.38;2.69;0.0;5.806;2.4;64.1
1980-01-07;-5.8;-1.65;2.5;0.0;5.765;2.84;51.6
1980-01-08;-9.51;-5.96;-2.4;0.0;6.5;4.08;36.76
1980-01-09;-10.0;-5.93;-1.86;0.0;3.6;3.21;39.85
1980-01-10;-7.8;-4.84;-1.89;0.0;6.21;4.1;44.81
1980-01-11;-8.18;-4.24;-0.3;0.0;3.4;3.42;54.1
1980-01-12;-9.3;-6.45;-3.6;0.0;6.6;3.1;40.4
1980-01-13;-9.73;-5.92;-2.11;0.0;6.4;4.3;41.67
1980-01-14;-5.51;-2.25;1.01;0.0;5.5;3.9;71.4
1980-01-15;-7.48;-4.0;-0.51;0.0;7.2;0.9;74.21
1980-01-16;-8.1;-4.5;-0.91;0.0;7.2;3.1;55.4
1980-01-17;-9.5;-6.65;-3.8;0.0;7.3;1.6;40.4
1980-01-18;-10.31;-6.41;-2.5;0.0;7.096;1.1;41.75
1980-01-19;-7.3;-2.95;1.4;0.0;3.782;2.2;73.32
1980-01-20;-2.5;-0.72;1.06;1.8;4.1;0.5;84.3
1980-01-21;-4.24;-2.48;-0.71;0.0;4.8;3.62;74.2
1980-01-22;-3.9;-0.03;3.83;0.0;3.6;2.9;71.95
1980-01-23;1.26;5.85;10.44;0.0;8.1;2.6;62.3
1980-01-24;1.1;6.75;12.39;0.0;7.5;2.3;64.55
1980-01-25;-0.69;3.09;6.87;0.0;7.3;1.0;68.66
1980-01-26;-0.3;5.82;11.95;0.0;4.471;2.6;59.15
1980-01-27;-1.03;3.38;7.8;0.0;7.0;2.8;66.17
1980-01-28;-2.3;2.35;7.0;0.0;4.59;1.1;66.35
1980-01-29;-0.2;4.06;8.31;0.0;7.848;1.74;63.34
1980-01-30;1.45;4.23;7.01;0.0;3.4;1.1;76.71
1980-01-31;1.74;8.62;15.5;4.99;4.9;3.1;58.62
1980-02-01;-2.4;1.95;6.3;0.0;6.4;4.41;58.46
1980-02-02;-5.4;-2.69;0.03;0.0;9.8;2.5;33.47
1980-02-03;-6.1;-2.31;1.48;0.0;9.496;2.5;37.9
1980-02-04;-5.6;-3.42;-1.24;0.0;9.0;3.6;37.85
1980-02-05;-5.7;-1.35;3.0;0.0;9.2;3.4;49.39
1980-02-06;-7.97;-3.95;0.07;0.0;4.5;5.11;44.52
1980-02-07;-8.57;-4.83;-1.1;0.0;8.4;4.0;34.22
1980-02-08;-6.54;-1.92;2.7;0.0;8.732;3.6;45.89
1980-02-09;-8.62;-4.92;-1.23;0.0;11.14;2.7;24.91
1980-02-10;-5.4;-0.2;5.0;0.0;9.7;4.6;58.5
1980-02-11;0.2;3.9;7.6;0.0;9.237;5.0;58.3
1980-02-12;-1.2;1.73;4.66;0.0;9.6;2.6;55.7
1980-02-13;-8.8;-4.1;0.6;0.0;6.0;2.2;45.68
1980-02-14;-10.05;-6.85;-3.65;0.0;10.8;1.8;25.33
1980-02-15;-10.3;-6.41;-2.51;0.0;10.356;1.2;24.97
1980-02-16;-8.89;-3.4;2.1;0.0;10.307;0.79;34.5
1980-02-17;-4.2;1.05;6.3;0.0;5.795;1.8;68.63
1980-02-18;2.03;5.48;8.94;0.0;7.175;1.3;68.6
1980-02-19;-0.28;1.36;3.0;11.8;2.9;3.7;85.24
1980-02-20;-4.2;-0.63;2.94;0.0;11.6;0.9;50.2
1980-02-21;-4.22;1.76;7.73;1.1;8.6;3.1;52.59
1980-02-22;0.3;5.6;10.9;0.0;4.9;1.8;66.92
1980-02-23;-0.5;5.9;12.3;0.0;13.2;0.8;52.5
1980-02-24;-1.0;3.95;8.9;0.0;10.5;1.1;56.4
1980-02-25;-4.07;-0.96;2.15;0.0;12.8;3.0;39.5
1980-02-26;-4.77;-2.08;0.6;0.0;4.6;2.4;53.23
1980-02-27;-1.0;1.05;3.11;0.0;3.799;1.3;72.86
1980-02-28;-1.1;4.2;9.5;0.0;13.6;1.61;47.9
1980-02-29;0.0;0.0;0.0;0.0;0.0;0.0;0.0
1980-03-01;-1.4;5.59;12.59;0.0;14.3;0.7;40.28
1980-03-02;-2.6;6.42;15.43;0.0;14.011;-0.01;41.46
1980-03-03;0.3;3.05;5.8;0.0;3.747;4.1;71.98
1980-03-04;-3.7;0.15;4.0;0.0;15.1;4.3;30.51
1980-03-05;-5.8;-0.65;4.49;0.0;15.205;1.6;40.18
1980-03-06;-7.3;0.65;8.6;0.0;15.0;0.77;37.89
1980-03-07;-2.4;3.8;10.0;0.0;9.4;0.5;47.54
1980-03-08;0.6;7.6;14.6;0.0;14.7;1.1;44.43
1980-03-09;2.91;9.95;16.98;0.0;13.3;3.5;45.17
1980-03-10;3.89;8.13;12.37;0.0;5.302;2.4;66.38
1980-03-11;5.35;10.48;15.61;1.66;7.5;1.9;58.9
1980-03-12;1.2;7.95;14.7;0.0;11.94;3.83;50.17
1980-03-13;-13.18;-5.28;2.63;4.89;6.845;2.8;45.34
1980-03-14;-17.22;-13.34;-9.46;0.0;17.913;2.9;10.43
1980-03-15;-17.42;-8.86;-0.3;0.0;17.6;3.15;15.72
1980-03-16;-2.4;3.56;9.52;0.0;13.4;3.5;42.8
1980-03-17;1.74;8.22;14.7;5.94;14.208;4.1;47.62
1980-03-18;-13.15;-3.24;6.67;5.4;6.1;4.01;27.51
1980-03-19;-15.24;-10.34;-5.44;0.0;17.717;1.9;22.59
1980-03-20;-12.31;-7.21;-2.11;0.0;18.5;1.6;28.2
1980-03-21;-14.57;-10.99;-7.41;0.0;18.286;2.9;22.32
1980-03-22;-16.64;-12.91;-9.17;0.0;18.241;1.35;24.31
1980-03-23;-17.41;-12.34;-7.27;0.0;19.18;1.3;22.43
1980-03-24;-11.82;-6.92;-2.02;0.0;13.583;1.4;29.9
1980-03-25;-4.76;0.25;5.27;0.0;18.586;3.8;32.65
1980-03-26;-1.6;2.8;7.2;0.0;15.5;3.8;47.0
1980-03-27;-1.0;3.66;8.31;0.0;15.6;3.9;45.52
1980-03-28;-0.96;3.04;7.03;0.0;16.1;2.1;44.8
1980-03-29;3.77;9.87;15.96;0.0;13.3;3.8;36.39
1980-03-30;0.67;5.97;11.28;9.75;5.528;1.9;58.89
1980-03-31;-6.66;-2.03;2.61;5.4;8.592;2.4;60.19
1980-04-01;-9.52;-5.19;-0.86;0.0;21.96;2.9;14.4
1980-04-02;-6.24;-1.32;3.6;0.0;19.1;2.4;31.29
1980-04-03;-0.04;4.63;9.3;0.0;20.815;3.1;42.5
1980-04-04;1.1;8.55;16.0;0.0;19.3;2.7;39.9
1980-04-05;1.3;8.2;15.1;0.0;16.9;2.4;47.68
1980-04-06;-2.1;1.17;4.44;7.3;5.995;5.35;68.47
1980-04-07;-3.7;1.26;6.22;0.0;9.8;1.3;33.74
1980-04-08;-2.31;2.09;6.5;0.0;21.3;1.5;30.55
1980-04-09;-3.12;0.77;4.65;0.0;21.7;1.1;26.38
1980-04-10;-3.88;0.73;5.34;2.3;12.787;2.6;48.35
1980-04-11;0.0;1.63;3.26;5.3;6.251;5.44;72.9
1980-04-12;-2.19;0.82;3.84;0.0;16.3;3.3;43.4
1980-04-13;-0.6;0.51;1.63;15.04;4.966;5.0;70.83
1980-04-14;-2.7;-0.25;2.21;1.56;10.085;2.7;58.71
1980-04-15;-2.7;3.74;10.18;0.0;19.714;1.7;42.16
1980-04-16;-1.22;7.84;16.91;0.0;21.7;1.5;34.79
1980-04-17;3.2;10.95;18.7;0.0;18.155;1.2;45.2
1980-04-18;7.6;9.0;10.41;2.4;4.796;1.0;76.84
1980-04-19;3.48;8.14;12.81;0.0;8.921;1.3;63.27
1980-04-20;1.89;6.9;11.9;2.67;11.9;1.6;64.2
1980-04-21;-0.5;6.32;13.14;0.0;17.444;1.5;48.57
1980-04-22;5.4;6.44;7.48;0.0;6.7;3.3;70.69
1980-04-23;3.6;6.04;8.47;0.0;7.987;3.3;61.97
1980-04-24;2.0;7.65;13.3;0.0;11.6;1.5;41.1
1980-04-25;5.2;10.61;16.01;0.0;17.169;0.5;41.55
1980-04-26;3.2;10.2;17.2;0.0;20.669;1.9;45.9
1980-04-27;6.69;11.45;16.2;0.0;15.1;2.9;49.3
1980-04-28;5.6;10.82;16.05;0.0;18.262;2.4;35.39
1980-04-29;2.8;9.72;16.65;0.0;21.4;0.5;46.93
1980-04-30;7.2;11.9;16.6;0.0;14.285;0.5;54.71
1980-05-01;7.0;13.05;19.1;0.0;22.697;2.23;39.12
1980-05-02;4.79;13.69;22.59;0.0;23.214;2.5;33.91
1980-05-03;5.84;14.13;22.41;2.3;13.917;0.9;49.42
1980-05-04;11.0;15.6;20.2;1.2;8.999;3.3;55.87
1980-05-05;10.9;15.69;20.48;3.3;10.299;1.9;64.4
1980-05-06;8.1;13.5;18.9;2.75;17.864;2.8;51.24
1980-05-07;7.0;12.9;18.8;0.0;19.27;3.2;41.89
1980-05-08;7.89;13.75;19.6;0.0;22.4;3.0;38.66
1980-05-09;6.79;13.24;19.7;2.0;21.733;0.6;48.88
1980-05-10;8.7;14.8;20.9;0.0;22.2;2.5;45.8
1980-05-11;8.0;15.05;22.1;0.0;22.7;2.0;43.9
1980-05-12;5.39;14.31;23.23;0.0;23.707;0.2;41.91
1980-05-13;7.1;15.55;24.0;0.0;24.201;0.53;38.92
1980-05-14;7.2;15.97;24.75;0.0;24.3;0.5;36.3
1980-05-15;11.8;18.85;25.9;0.0;25.4;1.24;36.88
1980-05-16;10.0;18.35;26.7;0.0;23.2;0.8;39.9
1980-05-17;13.2;19.56;25.92;0.0;25.1;2.25;37.9
1980-05-18;11.0;18.4;25.8;0.0;28.102;1.4;38.31
1980-05-19;12.91;18.51;24.1;9.3;17.019;0.8;55.83
1980-05-20;11.83;17.46;23.1;9.41;16.4;0.8;55.91
1980-05-21;10.36;17.69;25.02;4.51;22.6;0.5;45.6
1980-05-22;11.41;18.66;25.9;0.0;24.519;1.1;41.75
1980-05-23;13.05;19.66;26.27;0.0;26.679;1.9;38.63
1980-05-24;12.5;19.3;26.1;0.0;21.6;2.4;34.15
1980-05-25;13.8;19.1;24.4;1.1;18.7;3.8;43.4
1980-05-26;11.7;15.42;19.14;1.4;5.534;1.7;66.2
1980-05-27;9.26;17.38;25.5;0.0;24.9;1.3;35.48
1980-05-28;12.4;17.9;23.4;0.0;15.124;2.0;53.95
1980-05-29;13.5;18.44;23.37;4.68;11.991;1.6;61.89
1980-05-30;12.9;18.25;23.6;0.0;14.096;1.1;52.7
1980-05-31;12.8;19.8;26.8;1.68;21.9;2.5;41.58
1980-06-01;11.5;17.75;24.0;0.0;28.709;1.7;32.67
1980-06-02;8.22;17.0;25.78;0.0;30.009;1.2;23.94
1980-06-03;12.8;19.36;25.91;0.0;28.973;2.0;24.73
1980-06-04;12.86;19.33;25.8;0.0;17.5;1.1;39.31
1980-06-05;15.8;20.1;24.4;0.0;12.091;1.9;44.4
1980-06-06;14.4;19.75;25.1;0.0;24.7;2.36;31.49
1980-06-07;12.4;18.95;25.5;0.0;24.2;2.4;36.43
1980-06-08;12.2;18.85;25.5;0.0;26.366;2.7;32.42
1980-06-09;11.9;18.95;26.0;0.0;29.139;1.8;30.7
1980-06-10;12.23;19.18;26.12;0.0;18.0;1.6;36.88
1980-06-11;14.4;21.06;27.72;7.9;18.873;1.3;43.7
1980-06-12;14.0;19.23;24.45;1.74;17.994;2.0;50.58
1980-06-13;12.2;18.8;25.4;0.0;26.832;1.4;32.84
1980-06-14;13.2;19.7;26.19;0.0;17.323;1.4;34.68
1980-06-15;12.1;17.66;23.22;0.0;18.681;2.7;39.92
1980-06-16;10.1;16.7;23.3;0.0;29.9;2.0;28.86
1980-06-17;10.8;18.9;27.0;0.0;26.9;0.3;29.7
1980-06-18;12.9;21.12;29.34;0.0;23.2;1.0;21.0
1980-06-19;16.7;23.2;29.7;0.0;23.681;2.3;37.37
1980-06-20;16.2;22.65;29.1;0.0;25.0;1.2;31.6
1980-06-21;16.74;23.47;30.2;0.0;23.7;2.4;27.11
1980-06-22;16.6;25.5;34.41;2.0;23.836;1.2;23.82
1980-06-23;15.0;22.3;29.6;0.0;26.423;0.7;33.44
1980-06-24;14.7;23.45;32.2;0.0;30.903;1.3;18.0
1980-06-25;18.0;24.25;30.5;2.22;26.7;3.0;27.8
1980-06-26;15.9;21.45;27.0;0.0;25.2;2.6;32.31
1980-06-27;14.2;21.4;28.6;0.0;27.332;1.1;23.25
1980-06-28;13.7;23.45;33.21;0.0;26.4;0.3;15.12
1980-06-29;17.8;27.84;37.89;0.0;28.403;1.3;9.41
1980-06-30;21.3;28.41;35.53;0.0;23.6;2.4;22.73
1980-07-01;18.7;26.81;34.92;0.0;23.5;2.7;24.1
1980-07-02;19.6;27.74;35.88;0.0;23.6;2.88;20.39
1980-07-03;20.0;27.95;35.9;0.0;25.2;2.6;15.5
1980-07-04;18.83;24.77;30.7;1.1;23.0;2.4;23.83
1980-07-05;15.5;20.55;25.6;1.1;16.991;3.4;52.03
1980-07-06;13.5;19.95;26.4;0.0;28.4;2.1;30.5
1980-07-07;14.01;20.3;26.6;0.0;27.9;1.5;27.15
1980-07-08;13.89;20.89;27.9;0.0;25.8;0.6;24.33
1980-07-09;15.9;23.9;31.9;0.0;20.4;1.3;17.9
1980-07-10;18.13;25.66;33.2;0.0;22.7;2.5;19.0
1980-07-11;15.3;20.96;26.63;0.0;24.619;4.15;36.26
1980-07-12;13.51;19.85;26.19;0.0;27.306;2.0;28.65
1980-07-13;12.82;20.36;27.9;0.0;28.004;1.0;19.07
1980-07-14;11.9;22.01;32.12;0.0;29.702;0.6;13.72
1980-07-15;17.3;25.35;33.4;0.0;25.2;2.2;16.85
1980-07-16;17.3;23.84;30.38;0.0;28.001;2.1;17.6
1980-07-17;15.9;23.25;30.6;0.0;15.711;0.7;19.59
1980-07-18;17.2;26.44;35.68;0.0;23.3;0.6;16.92
1980-07-19;20.5;28.8;37.1;0.0;23.4;1.3;16.19
1980-07-20;24.05;31.52;38.99;0.0;24.1;2.91;14.11
1980-07-21;20.4;26.5;32.6;0.0;21.8;3.2;23.27
1980-07-22;17.69;24.34;31.0;0.0;22.59;1.5;19.8
1980-07-23;17.4;25.23;33.07;7.42;15.663;1.6;26.55
1980-07-24;16.4;23.35;30.3;0.0;18.981;1.9;34.22
1980-07-25;17.0;22.3;27.6;0.0;18.5;1.1;36.2
1980-07-26;15.2;22.65;30.1;0.0;23.923;0.6;24.4
1980-07-27;17.6;24.8;31.99;0.0;23.73;2.4;20.31
1980-07-28;17.6;25.35;33.1;0.0;24.31;1.2;18.05
1980-07-29;18.5;24.4;30.3;0.0;24.0;2.1;26.7
1980-07-30;16.8;24.73;32.66;0.0;24.181;0.7;19.78
1980-07-31;17.3;25.8;34.3;0.0;23.8;1.0;17.02
1980-08-01;20.08;26.93;33.77;0.0;22.617;1.64;22.06
1980-08-02;19.6;26.55;33.5;0.0;23.7;2.7;19.2
1980-08-03;16.93;25.02;33.1;0.0;25.2;2.5;17.9
1980-08-04;13.43;18.27;23.1;0.82;16.792;6.02;46.68
1980-08-05;12.2;17.84;23.48;0.0;24.602;3.7;28.73
1980-08-06;12.92;20.26;27.6;0.0;22.4;1.2;24.4
1980-08-07;15.3;22.8;30.3;0.0;22.448;2.3;21.8
1980-08-08;15.3;22.35;29.4;0.0;23.3;1.3;22.13
1980-08-09;16.6;23.55;30.5;0.0;23.3;2.3;22.58
1980-08-10;15.3;23.15;31.0;0.0;23.991;1.6;18.99
1980-08-11;14.9;23.45;32.0;0.0;24.55;1.6;12.79
1980-08-12;14.6;23.75;32.9;0.0;24.632;1.4;11.2
1980-08-13;16.93;26.07;35.2;0.0;23.4;2.0;11.28
1980-08-14;17.2;26.45;35.71;0.0;21.962;0.8;14.09
1980-08-15;18.3;25.09;31.87;1.44;12.181;2.0;23.5
1980-08-16;16.5;23.57;30.64;0.0;22.976;1.6;19.77
1980-08-17;14.24;23.72;33.2;0.0;22.5;0.9;11.2
1980-08-18;18.2;23.89;29.59;0.0;21.7;3.2;24.41
1980-08-19;16.17;21.69;27.2;0.0;21.8;2.5;24.48
1980-08-20;14.54;20.77;27.0;0.0;22.384;1.5;19.1
1980-08-21;14.7;21.1;27.5;0.0;21.9;1.9;22.6
1980-08-22;13.6;21.2;28.8;0.0;21.615;0.8;22.15
1980-08-23;14.6;22.65;30.7;0.0;20.7;1.4;20.0
1980-08-24;15.4;23.35;31.3;0.0;21.1;0.9;17.3
1980-08-25;16.0;24.2;32.4;0.0;21.151;2.4;16.38
1980-08-26;14.1;21.55;29.0;9.65;13.718;2.2;33.01
1980-08-27;11.3;14.49;17.67;17.88;5.615;2.3;67.73
1980-08-28;8.8;15.19;21.57;0.0;20.523;2.3;37.71
1980-08-29;8.33;14.27;20.2;0.0;20.8;1.3;38.21
1980-08-30;9.1;15.38;21.65;0.0;21.1;1.78;30.64
1980-08-31;7.83;15.85;23.87;0.0;20.7;0.9;24.07
1980-09-01;8.1;17.3;26.5;0.0;21.021;1.1;19.3
1980-09-02;9.9;18.57;27.23;0.0;20.3;1.3;20.5
1980-09-03;12.7;21.3;29.9;0.0;18.402;2.0;22.98
1980-09-04;12.4;19.0;25.6;0.0;20.1;2.2;20.79
1980-09-05;10.3;18.15;26.0;0.0;19.137;1.3;20.2
1980-09-06;12.1;18.66;25.21;0.0;18.77;1.3;31.39
1980-09-07;11.5;19.2;26.9;0.0;17.7;1.1;30.6
1980-09-08;13.8;20.75;27.7;0.0;17.3;1.0;32.13
1980-09-09;13.7;21.55;29.41;0.0;17.8;1.0;23.24
1980-09-10;10.4;16.2;22.0;4.99;10.407;4.53;39.68
1980-09-11;7.7;11.38;15.07;0.0;14.573;4.11;29.6
1980-09-12;5.8;12.88;19.95;0.0;18.618;1.3;23.13
1980-09-13;6.24;14.22;22.2;0.0;18.2;0.9;22.8
1980-09-14;7.49;15.8;24.1;0.0;17.5;0.91;22.6
1980-09-15;9.4;17.68;25.97;0.0;16.879;0.73;25.81
1980-09-16;10.0;18.7;27.4;0.0;16.733;1.0;23.78
1980-09-17;12.2;19.1;26.0;0.0;16.7;1.85;28.76
1980-09-18;11.52;18.56;25.6;0.0;16.7;1.5;29.5
1980-09-19;11.4;19.71;28.01;0.0;16.7;1.5;22.42
1980-09-20;15.1;21.93;28.75;0.0;16.6;2.8;18.14
1980-09-21;12.77;20.69;28.6;0.0;16.3;3.2;18.46
1980-09-22;9.7;15.75;21.8;0.0;16.9;4.1;32.19
1980-09-23;6.9;14.95;23.0;0.0;16.3;0.5;17.49
1980-09-24;8.53;17.48;26.42;0.0;15.9;1.6;18.0
1980-09-25;12.9;20.25;27.6;0.0;16.3;2.9;24.4
1980-09-26;13.8;21.66;29.52;0.0;15.647;2.4;20.32
1980-09-27;13.94;22.32;30.7;0.0;15.9;2.3;16.17
1980-09-28;13.25;21.38;29.51;0.0;15.6;2.4;14.16
1980-09-29;15.8;22.41;29.01;0.0;8.334;1.6;20.8
1980-09-30;13.9;20.09;26.29;8.65;7.544;1.1;38.99
1980-10-01;12.61;19.04;25.47;0.0;14.294;2.5;31.6
1980-10-02;12.6;19.2;25.81;0.0;14.7;2.7;28.1
1980-10-03;8.86;13.97;19.09;0.0;14.4;4.5;31.8
1980-10-04;6.3;14.25;22.2;0.0;14.5;2.33;22.32
1980-10-05;9.02;15.31;21.6;0.0;14.145;3.0;27.2
1980-10-06;5.6;12.25;18.9;0.0;14.0;0.8;24.9
1980-10-07;5.5;13.29;21.09;0.0;11.567;0.6;22.99
1980-10-08;5.6;13.35;21.1;0.0;13.273;0.9;26.39
1980-10-09;5.28;13.32;21.35;0.0;13.2;0.2;29.9
1980-10-10;6.5;12.75;19.0;0.0;6.282;2.18;36.23
1980-10-11;6.5;8.7;10.9;19.94;2.1;2.3;70.73
1980-10-12;8.5;11.25;14.0;6.52;4.49;4.2;66.57
1980-10-13;8.2;10.75;13.3;0.0;3.2;3.0;57.52
1980-10-14;7.2;11.35;15.49;0.0;7.0;1.1;51.28
1980-10-15;5.9;11.15;16.4;0.0;11.547;0.6;51.33
1980-10-16;7.3;11.9;16.5;0.0;9.5;0.9;54.06
1980-10-17;4.14;8.87;13.6;0.0;11.611;2.5;39.7
1980-10-18;1.4;6.52;11.64;0.0;11.5;2.9;32.25
1980-10-19;-1.47;3.27;8.0;0.0;11.5;1.4;32.71
1980-10-20;2.4;6.7;11.0;0.0;7.34;2.6;34.02
1980-10-21;4.5;6.8;9.1;0.0;5.9;1.2;35.22
1980-10-22;4.76;10.58;16.4;3.46;7.9;2.9;47.3
1980-10-23;10.4;14.65;18.9;4.13;4.4;2.35;63.76
1980-10-24;8.1;13.5;18.9;0.0;10.2;1.7;48.37
1980-10-25;4.6;8.94;13.28;0.0;3.2;2.3;64.99
1980-10-26;2.4;6.65;10.89;2.0;9.36;2.2;54.09
1980-10-27;2.5;5.34;8.19;0.0;2.208;3.31;68.35
1980-10-28;-1.43;1.2;3.83;0.0;10.4;3.67;32.14
1980-10-29;-0.41;4.92;10.24;0.0;9.232;3.1;41.73
1980-10-30;2.59;7.29;12.0;0.0;3.4;2.1;56.65
1980-10-31;2.11;8.3;14.5;0.0;8.2;0.7;49.89
1980-11-01;3.3;9.6;15.9;0.0;5.093;0.5;54.77
1980-11-02;2.82;10.11;17.4;0.0;8.4;0.6;46.85
1980-11-03;6.5;11.93;17.36;0.0;7.333;1.1;50.1
1980-11-04;6.41;12.26;18.1;2.4;6.4;1.5;50.0
1980-11-05;5.84;9.98;14.12;2.5;4.025;3.1;58.89
1980-11-06;2.3;6.18;10.06;0.0;8.7;1.6;42.05
1980-11-07;-0.02;6.07;12.16;0.0;9.2;0.9;40.81
1980-11-08;4.8;10.35;15.9;0.0;8.5;1.4;44.03
1980-11-09;8.8;12.7;16.6;0.0;7.5;2.7;66.55
1980-11-10;8.01;12.0;16.0;0.0;7.6;3.1;56.62
1980-11-11;5.81;11.0;16.2;1.1;5.2;3.7;57.37
1980-11-12;4.74;11.43;18.11;0.0;6.6;2.1;43.7
1980-11-13;11.51;15.41;19.3;4.67;4.646;3.4;50.4
1980-11-14;6.3;10.86;15.42;9.1;7.6;2.9;73.7
1980-11-15;5.19;8.05;10.92;0.0;2.6;3.1;76.27
1980-11-16;2.04;5.09;8.13;0.0;3.5;2.1;49.62
1980-11-17;0.76;3.57;6.39;6.31;1.9;2.4;70.77
1980-11-18;-5.1;0.2;5.5;3.0;1.8;3.8;52.74
1980-11-19;-12.62;-7.36;-2.11;0.0;7.4;1.6;20.21
1980-11-20;-2.64;1.43;5.5;3.68;2.006;1.7;62.72
1980-11-21;0.8;5.04;9.27;0.0;6.315;0.8;69.5
1980-11-22;1.8;4.33;6.86;0.0;2.1;0.9;82.83
1980-11-23;-0.19;4.06;8.3;0.0;4.8;0.9;70.93
1980-11-24;-1.62;2.29;6.2;0.0;6.8;0.6;67.2
1980-11-25;-1.9;3.85;9.6;12.54;6.6;3.0;56.41
1980-11-26;3.2;7.86;12.51;0.0;4.275;2.2;72.07
1980-11-27;2.5;5.86;9.22;0.0;7.0;1.9;63.3
1980-11-28;0.76;6.99;13.21;0.0;4.8;3.1;54.06
1980-11-29;-1.6;1.45;4.5;0.0;5.9;4.01;46.01
1980-11-30;-2.7;1.15;5.0;4.6;6.35;1.5;67.96
1980-12-01;-0.7;2.0;4.7;0.0;5.8;1.99;72.64
1980-12-02;-0.3;4.3;8.9;0.0;3.2;1.71;60.75
1980-12-03;2.47;6.98;11.48;0.0;7.004;1.29;66.1
1980-12-04;2.02;7.11;12.2;0.0;3.1;1.9;59.82
1980-12-05;0.9;5.65;10.4;0.0;4.2;1.4;63.8
1980-12-06;0.8;2.7;4.6;0.0;2.4;1.6;81.11
1980-12-07;-2.99;0.1;3.2;0.0;3.1;1.4;66.1
1980-12-08;-4.5;-2.35;-0.2;0.0;6.2;1.3;40.86
1980-12-09;-6.72;-4.36;-2.0;5.79;1.8;4.2;66.4
1980-12-10;-11.16;-7.08;-3.0;12.21;1.9;9.94;61.1
1980-12-11;-11.12;-8.3;-5.49;3.0;3.1;9.15;69.72
1980-12-12;-11.1;-8.05;-5.01;0.0;3.7;5.2;70.42
1980-12-13;-14.68;-9.34;-4.0;0.0;7.8;3.9;52.78
1980-12-14;-8.81;-5.46;-2.12;0.0;5.548;4.5;72.01
1980-12-15;-10.5;-7.95;-5.4;0.0;6.218;2.5;78.8
1980-12-16;-11.45;-8.9;-6.36;0.0;6.211;1.5;83.2
1980-12-17;-9.79;-6.64;-3.5;0.0;5.6;1.9;84.13
1980-12-18;-8.73;-5.95;-3.17;0.0;5.7;1.6;82.81
1980-12-19;-5.26;-1.58;2.1;0.0;3.0;2.8;86.04
1980-12-20;-1.2;0.7;2.6;0.0;3.0;2.9;86.12
1980-12-21;0.0;2.17;4.33;0.0;3.263;2.6;77.4
1980-12-22;0.9;4.05;7.21;0.0;2.9;2.5;67.8
1980-12-23;-0.5;2.0;4.5;0.0;3.4;0.99;78.8
1980-12-24;-1.82;0.69;3.2;0.0;1.331;1.5;82.42
1980-12-25;-5.1;-2.8;-0.5;10.12;0.95;4.46;80.82
1980-12-26;-3.3;-0.29;2.71;0.0;3.3;0.7;80.2
1980-12-27;-3.4;-0.15;3.1;0.0;5.1;1.0;77.92
1980-12-28;-6.05;-2.82;0.4;2.74;2.1;2.9;73.28
1980-12-29;-8.19;-5.15;-2.11;0.0;3.9;0.9;67.5
1980-12-30;-8.46;-5.1;-1.73;1.4;3.9;2.45;71.2
1980-12-31;-9.63;-6.3;-2.97;0.0;3.4;3.71;71.56
1981-01-01;-12.25;-9.31;-6.37;0.0;4.5;3.5;45.23
1981-01-02;-11.7;-7.9;-4.1;5.6;2.6;3.8;66.9
1981-01-03;-10.96;-7.89;-4.82;0.0;5.808;0.6;78.9
1981-01-04;-9.0;-4.65;-0.3;0.0;4.575;3.0;77.31
1981-01-05;-2.71;-1.22;0.27;0.0;6.1;1.68;98.03
1981-01-06;-4.08;-0.84;2.4;0.0;4.268;0.74;82.81
1981-01-07;-4.33;-0.72;2.89;0.0;3.4;0.8;81.3
1981-01-08;-1.29;2.0;5.3;1.2;6.9;1.4;72.53
1981-01-09;-1.3;1.4;4.1;7.6;2.4;2.1;82.6
1981-01-10;-7.8;-3.9;0.0;2.85;6.312;2.9;51.35
1981-01-11;-7.8;-4.55;-1.3;0.0;6.278;2.7;50.68
1981-01-12;-8.9;-5.2;-1.49;1.7;2.2;1.9;78.92
1981-01-13;-9.3;-4.43;0.44;0.0;7.7;1.5;72.36
1981-01-14;-2.1;0.4;2.9;0.0;7.3;2.4;79.72
1981-01-15;-2.3;0.5;3.3;0.0;4.1;2.6;79.41
1981-01-16;-1.3;1.95;5.2;0.0;3.8;3.3;72.49
1981-01-17;-0.39;3.71;7.8;0.0;7.2;2.1;70.7
1981-01-18;-0.3;2.4;5.09;0.0;2.6;1.59;80.53
1981-01-19;-0.15;4.33;8.81;0.0;6.3;0.8;68.99
1981-01-20;-0.69;4.57;9.83;0.0;6.1;0.8;57.68
1981-01-21;-0.1;4.76;9.62;0.0;7.3;1.3;59.1
1981-01-22;0.93;5.93;10.94;0.0;7.988;1.9;56.53
1981-01-23;-0.8;4.2;9.2;0.0;7.9;0.9;60.24
1981-01-24;-1.3;3.81;8.91;0.0;7.9;0.6;60.0
1981-01-25;-0.3;2.23;4.77;0.0;4.1;2.3;75.81
1981-01-26;-1.3;2.26;5.82;0.0;6.042;2.1;65.6
1981-01-27;-1.9;1.85;5.6;0.0;8.6;2.1;63.25
1981-01-28;-4.04;0.6;5.24;0.0;6.6;0.4;65.53
1981-01-29;-3.51;0.91;5.33;0.0;6.5;0.5;63.98
1981-01-30;-4.51;-0.1;4.3;0.0;7.179;1.6;61.44
1981-01-31;-4.33;-0.43;3.48;0.0;6.8;2.6;69.16
1981-02-01;-0.3;1.9;4.1;0.0;3.4;3.3;72.3
1981-02-02;-2.2;0.05;2.3;0.0;3.855;1.59;70.03
1981-02-03;-4.9;-1.32;2.26;0.0;4.9;0.26;68.2
1981-02-04;-5.5;-1.15;3.2;0.0;8.297;1.3;61.17
1981-02-05;-4.9;-0.55;3.8;0.0;7.9;0.7;65.32
1981-02-06;-3.22;0.34;3.9;0.0;4.7;1.2;70.51
1981-02-07;-2.4;2.8;8.0;1.6;10.007;2.9;51.48
1981-02-08;-1.05;3.14;7.33;0.0;8.0;3.1;61.18
1981-02-09;-2.8;1.48;5.75;2.81;4.6;1.9;72.2
1981-02-10;-2.25;3.33;8.9;7.85;8.4;2.2;63.68
1981-02-11;0.1;2.0;3.9;1.7;1.805;5.0;77.77
1981-02-12;-1.1;0.0;1.1;4.3;4.1;5.4;76.5
1981-02-13;-1.01;0.83;2.66;13.7;1.4;3.6;81.56
1981-02-14;-2.2;1.21;4.62;0.0;5.6;4.1;70.24
1981-02-15;-3.1;-1.71;-0.31;0.0;4.094;2.1;74.2
1981-02-16;-7.3;-3.96;-0.63;0.0;10.702;2.6;49.12
1981-02-17;-7.91;-4.48;-1.05;0.0;10.5;2.9;46.8
1981-02-18;-9.3;-5.55;-1.8;0.0;11.0;2.5;35.18
1981-02-19;-9.21;-5.01;-0.81;0.0;6.7;2.8;40.67
1981-02-20;-4.73;-0.78;3.18;0.0;6.2;3.9;60.0
1981-02-21;-2.9;0.45;3.8;0.0;4.9;2.6;65.9
1981-02-22;-1.2;3.34;7.88;0.0;4.793;3.39;68.82
1981-02-23;-1.6;4.7;11.0;0.0;12.2;1.5;48.08
1981-02-24;-2.92;1.94;6.8;0.0;6.7;1.4;59.32
1981-02-25;-2.4;1.32;5.04;0.0;5.6;2.3;71.27
1981-02-26;-0.59;3.04;6.66;0.0;13.2;2.3;51.91
1981-02-27;-2.69;1.2;5.09;0.0;12.797;1.7;46.11
1981-02-28;-5.13;-1.77;1.59;0.0;13.433;2.8;37.1
1981-03-01;-2.9;2.85;8.6;0.0;5.3;3.6;48.02
1981-03-02;0.3;4.33;8.37;0.0;9.598;1.0;63.1
1981-03-03;1.2;7.65;14.1;0.0;13.6;1.2;49.97
1981-03-04;0.46;7.14;13.81;0.0;14.1;1.2;45.88
1981-03-05;-1.1;5.9;12.89;1.2;8.519;1.5;60.1
1981-03-06;1.75;8.14;14.54;0.0;14.3;1.6;48.78
1981-03-07;0.2;8.8;17.4;0.0;14.2;1.6;41.18
1981-03-08;1.83;7.29;12.75;0.0;15.0;2.73;48.44
1981-03-09;-0.83;5.13;11.1;0.0;14.5;3.4;48.1
1981-03-10;0.5;6.4;12.3;0.0;15.584;3.9;43.0
1981-03-11;1.3;6.29;11.27;0.0;13.6;3.6;44.69
1981-03-12;-1.02;4.54;10.1;0.0;17.169;2.1;39.76
1981-03-13;-0.9;5.6;12.1;0.0;10.432;1.0;51.88
1981-03-14;3.21;8.21;13.2;0.0;9.219;0.42;58.9
1981-03-15;1.1;6.0;10.9;0.0;8.519;0.9;58.0
1981-03-16;-0.1;5.38;10.87;0.0;15.0;2.05;49.6
1981-03-17;1.0;3.85;6.7;5.04;3.581;3.1;72.67
1981-03-18;-1.5;2.65;6.8;0.0;18.6;2.8;38.2
1981-03-19;-2.05;3.1;8.25;0.0;12.7;1.9;38.25
1981-03-20;-0.1;5.0;10.1;0.0;14.9;1.0;44.2
1981-03-21;-2.21;3.64;9.48;0.0;18.6;0.8;33.99
1981-03-22;-2.3;5.19;12.68;0.0;17.5;1.9;34.86
1981-03-23;2.93;9.41;15.89;0.0;12.065;2.9;46.51
1981-03-24;5.2;12.34;19.48;0.0;17.6;2.62;42.18
1981-03-25;6.2;12.92;19.65;0.0;13.4;1.5;49.08
1981-03-26;6.31;15.3;24.3;0.0;18.9;2.0;32.99
1981-03-27;11.37;17.34;23.3;0.0;14.2;3.4;30.6
1981-03-28;8.9;16.05;23.2;5.4;18.738;2.7;40.77
1981-03-29;5.7;11.75;17.8;1.6;17.5;0.5;58.0
1981-03-30;4.73;10.42;16.1;0.0;17.444;2.25;42.7
1981-03-31;4.44;11.27;18.1;0.0;15.216;3.5;40.72
1981-04-01;7.1;12.25;17.4;0.0;18.291;3.9;40.73
1981-04-02;5.1;11.18;17.27;0.0;16.1;3.2;34.35
1981-04-03;3.1;8.75;14.4;0.0;19.1;3.5;37.2
1981-04-04;2.2;10.88;19.56;0.0;20.501;2.1;30.72
1981-04-05;8.18;13.89;19.61;1.8;10.1;3.5;44.82
1981-04-06;4.4;10.43;16.45;0.0;20.4;3.0;32.61
1981-04-07;3.2;9.39;15.58;0.0;19.9;1.9;33.62
1981-04-08;6.21;12.41;18.6;0.0;19.2;2.82;32.49
1981-04-09;5.2;10.65;16.11;11.23;5.498;0.9;63.47
1981-04-10;2.4;8.25;14.1;0.0;18.8;2.1;47.0
1981-04-11;3.21;6.11;9.0;0.0;10.7;5.0;44.1
1981-04-12;1.03;7.42;13.8;0.0;17.105;3.4;33.37
1981-04-13;5.3;12.05;18.8;0.0;16.913;2.62;41.71
1981-04-14;7.9;12.55;17.2;4.3;11.054;2.5;61.99
1981-04-15;2.89;7.95;13.01;0.0;21.6;3.4;40.1
1981-04-16;-0.6;4.09;8.79;0.0;22.41;1.2;32.4
1981-04-17;-2.3;5.8;13.9;0.0;22.001;1.2;30.4
1981-04-18;3.2;11.35;19.5;0.0;15.118;2.0;33.12
1981-04-19;7.41;14.97;22.53;0.0;19.887;3.39;30.4
1981-04-20;9.9;17.45;25.0;0.0;20.6;2.3;27.32
1981-04-21;11.6;18.7;25.8;0.0;16.563;3.1;23.46
1981-04-22;12.27;19.19;26.1;4.6;18.1;3.4;26.63
1981-04-23;9.1;13.0;16.9;1.35;16.9;4.0;43.73
1981-04-24;4.4;9.93;15.45;0.0;22.288;5.44;29.88
1981-04-25;3.48;11.96;20.44;0.0;12.922;1.6;36.0
1981-04-26;8.3;17.17;26.04;0.0;26.702;1.6;23.48
1981-04-27;7.64;17.07;26.5;0.0;24.6;1.0;25.59
1981-04-28;10.78;18.29;25.8;0.0;26.403;2.3;23.98
1981-04-29;7.9;15.96;24.01;0.0;23.442;2.6;30.6
1981-04-30;9.9;17.23;24.57;0.0;18.3;2.7;43.14
1981-05-01;14.05;20.23;26.4;0.0;11.893;3.8;37.4
1981-05-02;11.3;18.3;25.3;0.0;23.6;1.89;28.19
1981-05-03;8.7;16.45;24.2;0.0;21.4;1.74;27.1
1981-05-04;10.0;16.9;23.8;0.0;20.678;0.4;35.58
1981-05-05;9.66;16.08;22.5;2.5;11.004;2.0;46.07
1981-05-06;9.8;14.05;18.3;0.0;12.092;3.4;57.54
1981-05-07;8.12;14.76;21.4;0.0;23.825;3.2;28.97
1981-05-08;7.93;14.16;20.4;0.0;15.57;1.1;40.7
1981-05-09;11.1;17.35;23.6;0.0;14.993;1.0;37.48
1981-05-10;12.8;17.95;23.1;1.71;16.4;2.9;42.2
1981-05-11;12.21;16.51;20.8;2.5;9.415;3.2;56.0
1981-05-12;12.2;19.25;26.3;0.0;22.716;1.7;28.3
1981-05-13;11.52;18.81;26.11;2.0;12.092;1.79;43.29
1981-05-14;14.6;20.35;26.1;3.2;12.096;1.0;51.66
1981-05-15;13.52;20.09;26.66;0.0;24.4;2.2;38.04
1981-05-16;11.2;19.25;27.3;0.0;29.0;0.6;28.3
1981-05-17;13.75;20.93;28.1;1.7;18.423;0.9;31.73
1981-05-18;12.2;20.08;27.96;0.0;23.664;0.54;28.32
1981-05-19;12.5;21.3;30.1;0.0;24.3;1.0;19.4
1981-05-20;15.27;22.82;30.38;0.0;24.8;1.7;18.7
1981-05-21;15.38;23.19;31.0;4.51;18.7;1.1;21.34
1981-05-22;15.57;24.92;34.27;0.0;29.69;2.0;15.03
1981-05-23;17.08;26.68;36.28;4.33;16.7;3.67;15.7
1981-05-24;13.2;19.7;26.2;5.11;22.801;3.8;30.1
1981-05-25;11.5;16.95;22.4;6.1;15.972;2.31;42.16
1981-05-26;9.42;15.7;21.99;0.0;26.0;3.2;26.61
1981-05-27;7.51;15.45;23.4;0.0;27.6;1.0;19.37
1981-05-28;11.1;18.16;25.23;0.0;28.1;3.3;17.48
1981-05-29;9.6;17.65;25.7;0.0;30.355;3.1;19.52
1981-05-30;10.93;18.8;26.67;0.0;28.135;2.0;12.89
1981-05-31;13.3;20.8;28.3;0.0;27.0;2.5;12.62
1981-06-01;14.3;21.8;29.3;0.0;27.8;3.0;11.6
1981-06-02;14.11;21.95;29.8;0.0;30.576;3.86;12.58
1981-06-03;14.05;21.86;29.66;2.3;20.096;3.3;28.14
1981-06-04;12.6;19.5;26.4;8.65;12.194;1.9;43.69
1981-06-05;12.44;18.52;24.6;0.0;26.0;2.79;43.53
1981-06-06;11.6;18.88;26.16;0.0;26.9;1.3;25.12
1981-06-07;12.1;21.31;30.52;3.77;27.165;1.1;13.49
1981-06-08;17.2;22.87;28.54;0.0;26.317;2.8;19.29
1981-06-09;14.9;21.2;27.5;0.0;27.2;2.9;25.16
1981-06-10;13.7;22.9;32.1;2.64;19.5;2.4;13.45
1981-06-11;15.1;21.1;27.1;0.0;25.6;3.7;18.37
1981-06-12;13.3;18.4;23.5;0.0;18.5;6.79;39.6
1981-06-13;12.2;18.9;25.6;0.0;21.672;2.4;25.82
1981-06-14;12.01;19.0;26.0;6.34;14.779;1.5;34.46
1981-06-15;12.9;18.65;24.4;0.0;26.2;3.6;41.6
1981-06-16;11.4;19.08;26.76;0.0;28.4;0.6;18.26
1981-06-17;13.6;23.15;32.7;0.0;28.102;0.9;10.67
1981-06-18;19.2;28.27;37.34;0.0;27.2;1.4;9.56
1981-06-19;20.37;28.63;36.88;0.0;26.4;1.2;14.9
1981-06-20;20.0;28.58;37.16;0.0;29.814;2.1;18.59
1981-06-21;17.1;25.2;33.29;4.0;20.1;1.3;36.03
1981-06-22;15.9;24.5;33.11;0.0;23.259;1.6;20.29
1981-06-23;14.4;22.05;29.7;10.52;16.4;2.9;38.86
1981-06-24;12.19;17.46;22.74;0.0;29.7;3.1;36.58
1981-06-25;11.18;18.14;25.1;0.0;28.706;0.9;22.1
1981-06-26;11.95;20.27;28.6;0.0;30.555;1.3;15.68
1981-06-27;15.4;21.25;27.1;0.0;26.1;2.3;25.67
1981-06-28;12.9;20.25;27.6;0.0;30.39;1.1;15.59
1981-06-29;13.7;21.5;29.3;0.0;29.6;1.9;14.7
1981-06-30;15.5;22.75;30.0;0.0;29.0;2.4;15.17
1981-07-01;15.4;23.48;31.56;0.0;30.902;1.8;10.45
1981-07-02;15.1;23.55;32.0;0.0;30.301;1.7;12.1
1981-07-03;17.1;22.4;27.7;0.0;26.4;3.7;26.17
1981-07-04;12.8;18.62;24.43;0.0;28.9;3.4;22.1
1981-07-05;11.1;19.25;27.4;0.0;29.502;0.5;15.59
1981-07-06;14.5;22.35;30.2;0.0;20.252;1.7;15.4
1981-07-07;15.6;21.1;26.6;4.55;14.082;2.8;31.8
1981-07-08;14.97;20.04;25.1;0.0;23.068;4.53;47.82
1981-07-09;15.5;20.75;26.0;0.0;13.166;3.1;47.29
1981-07-10;17.0;21.55;26.09;0.0;12.093;1.9;42.72
1981-07-11;16.0;21.84;27.67;0.0;26.3;2.4;28.7
1981-07-12;15.8;22.05;28.3;0.0;25.7;2.04;28.5
1981-07-13;15.9;21.48;27.06;0.0;14.596;2.4;34.34
1981-07-14;13.4;19.71;26.02;0.0;28.189;1.7;20.7
1981-07-15;13.36;19.98;26.6;0.0;27.612;1.4;20.2
1981-07-16;13.3;20.76;28.21;0.0;26.0;0.9;18.1
1981-07-17;16.3;21.33;26.36;0.0;15.1;3.1;28.93
1981-07-18;14.3;19.84;25.37;0.0;27.31;2.7;22.85
1981-07-19;12.6;19.79;26.99;0.0;28.204;1.6;16.7
1981-07-20;11.9;20.8;29.7;0.0;26.984;0.7;14.87
1981-07-21;14.1;23.2;32.3;0.0;26.118;0.4;14.34
1981-07-22;16.37;26.04;35.7;0.0;25.0;1.0;11.26
1981-07-23;18.7;27.1;35.5;0.0;23.787;1.7;19.0
1981-07-24;19.59;26.49;33.4;0.0;23.287;1.2;22.2
1981-07-25;19.56;27.75;35.94;0.0;23.8;1.4;16.1
1981-07-26;18.8;25.92;33.04;0.0;23.0;2.6;26.6
1981-07-27;18.06;23.98;29.91;0.0;13.877;2.99;31.98
1981-07-28;16.6;23.6;30.6;0.0;25.2;1.6;19.2
1981-07-29;15.48;23.84;32.2;0.0;25.507;0.98;13.2
1981-07-30;16.2;25.57;34.94;0.0;24.4;0.4;10.22
1981-07-31;17.8;26.65;35.5;0.0;24.3;1.3;12.4
1981-08-01;20.47;27.48;34.5;0.0;23.6;2.8;17.2
1981-08-02;19.1;25.8;32.5;0.0;25.0;2.4;16.49
1981-08-03;16.52;24.13;31.73;3.5;13.397;1.83;27.17
1981-08-04;15.19;23.64;32.1;1.1;13.89;1.2;25.8
1981-08-05;15.5;23.85;32.2;6.99;12.897;2.1;38.82
1981-08-06;16.3;23.6;30.9;1.45;8.681;1.4;41.52
1981-08-07;16.2;25.15;34.1;0.0;22.533;0.6;23.1
1981-08-08;15.8;24.88;33.97;0.0;23.0;1.4;20.3
1981-08-09;19.1;25.2;31.3;0.0;21.9;2.5;26.6
1981-08-10;17.4;23.2;29.0;0.0;23.2;2.4;19.31
1981-08-11;15.2;22.15;29.1;0.0;24.454;2.0;15.4
1981-08-12;13.7;21.85;30.0;0.0;23.6;1.0;16.54
1981-08-13;14.7;23.35;32.0;0.0;23.128;0.4;14.56
1981-08-14;14.9;24.25;33.59;0.0;23.1;0.5;12.49
1981-08-15;16.6;24.9;33.2;0.0;22.3;1.1;14.69
1981-08-16;17.32;25.81;34.3;0.0;21.778;1.2;17.3
1981-08-17;17.7;26.05;34.41;0.0;22.247;1.1;13.9
1981-08-18;17.2;26.05;34.9;0.0;21.753;1.24;14.8
1981-08-19;19.3;26.57;33.84;0.0;21.2;2.1;19.0
1981-08-20;19.3;27.1;34.9;0.0;21.334;2.2;17.49
1981-08-21;17.7;23.91;30.11;0.0;19.3;3.4;24.23
1981-08-22;14.76;20.18;25.6;0.0;20.299;3.3;31.27
1981-08-23;12.43;17.98;23.52;0.0;22.461;2.4;22.7
1981-08-24;10.4;17.0;23.59;0.0;21.9;1.0;21.93
1981-08-25;12.98;17.89;22.8;0.0;13.989;2.5;22.69
1981-08-26;11.29;16.84;22.4;0.0;20.3;2.2;22.2
1981-08-27;10.58;16.29;22.0;0.0;15.183;0.9;26.0
1981-08-28;10.2;18.57;26.94;3.7;21.864;2.0;21.2
1981-08-29;13.6;19.77;25.94;3.2;14.037;2.0;47.49
1981-08-30;11.6;19.39;27.17;0.0;18.361;0.5;34.63
1981-08-31;13.6;21.23;28.86;0.0;19.23;1.3;29.28
1981-09-01;13.6;20.2;26.8;0.0;18.064;0.9;43.03
1981-09-02;12.7;19.85;27.0;0.0;17.8;0.6;36.2
1981-09-03;14.5;20.95;27.4;0.0;19.012;1.2;27.51
1981-09-04;14.2;21.45;28.7;0.0;14.6;2.0;28.18
1981-09-05;13.09;19.2;25.3;11.02;5.997;2.82;38.86
1981-09-06;10.9;16.86;22.82;0.0;19.1;1.9;34.91
1981-09-07;11.4;16.6;21.8;4.49;7.985;2.8;57.51
1981-09-08;13.7;19.2;24.7;0.0;11.0;1.4;26.61
1981-09-09;10.9;18.4;25.9;0.0;18.214;1.1;23.0
1981-09-10;11.0;19.45;27.9;0.0;18.7;1.9;19.02
1981-09-11;14.2;21.99;29.78;0.0;19.0;2.1;21.56
1981-09-12;16.9;22.58;28.26;0.0;17.5;1.8;23.2
1981-09-13;15.91;21.52;27.13;2.25;7.2;1.0;27.08
1981-09-14;14.4;18.7;23.0;13.81;5.025;2.4;63.75
1981-09-15;13.0;19.4;25.8;1.75;15.499;1.3;48.69
1981-09-16;11.9;17.29;22.68;16.13;3.9;2.1;75.8
1981-09-17;11.9;17.35;22.8;0.0;5.687;3.3;60.09
1981-09-18;11.4;17.1;22.8;1.63;9.126;0.9;49.08
1981-09-19;9.8;17.31;24.83;0.0;16.082;0.6;36.34
1981-09-20;11.4;19.18;26.96;0.0;16.257;1.87;31.89
1981-09-21;13.7;20.45;27.19;0.0;16.115;1.8;33.78
1981-09-22;12.88;21.04;29.2;0.0;15.9;1.0;29.12
1981-09-23;11.6;20.1;28.6;0.0;15.7;1.3;26.7
1981-09-24;12.41;20.86;29.3;0.0;15.301;0.9;27.2
1981-09-25;12.5;20.05;27.6;0.0;14.806;0.7;31.52
1981-09-26;12.9;21.55;30.2;0.0;15.8;2.0;22.8
1981-09-27;11.6;16.07;20.55;10.14;3.9;2.36;66.53
1981-09-28;6.4;11.52;16.65;0.0;6.1;2.3;40.07
1981-09-29;5.09;10.74;16.4;0.0;15.3;1.8;31.4
1981-09-30;4.0;10.15;16.3;0.0;15.225;1.4;27.83
1981-10-01;3.45;9.07;14.7;0.0;14.91;1.4;30.63
1981-10-02;3.64;8.84;14.04;0.0;14.5;1.7;32.69
1981-10-03;3.9;9.13;14.37;0.0;14.4;2.1;30.7
1981-10-04;3.82;8.91;14.0;0.0;14.176;2.2;31.54
1981-10-05;3.6;8.79;13.99;0.0;6.972;0.98;34.53
1981-10-06;6.3;11.05;15.8;0.0;7.784;0.6;32.07
1981-10-07;4.31;10.5;16.7;0.0;13.729;1.4;30.6
1981-10-08;3.05;9.83;16.6;0.0;13.6;1.3;30.57
1981-10-09;5.0;13.2;21.39;3.57;11.028;1.8;30.97
1981-10-10;13.31;17.21;21.11;3.52;4.996;3.5;55.4
1981-10-11;8.97;12.73;16.5;0.0;12.727;4.7;43.06
1981-10-12;8.01;12.25;16.5;2.2;5.7;4.7;49.1
1981-10-13;7.7;13.3;18.9;0.0;7.597;2.7;40.07
1981-10-14;4.4;10.6;16.8;0.0;8.745;0.5;37.88
1981-10-15;3.5;11.25;19.0;0.0;11.9;0.7;31.3
1981-10-16;2.58;11.89;21.2;0.0;11.63;0.5;28.47
1981-10-17;5.0;13.6;22.2;0.0;11.3;1.1;30.65
1981-10-18;6.0;14.1;22.2;0.0;11.343;1.5;31.49
1981-10-19;6.7;14.4;22.1;0.0;8.8;2.5;35.74
1981-10-20;7.32;13.45;19.58;0.0;11.1;2.43;33.03
1981-10-21;4.77;11.48;18.19;0.0;11.1;1.0;31.3
1981-10-22;3.5;12.35;21.2;0.0;11.307;1.0;28.95
1981-10-23;7.9;16.0;24.1;0.0;9.5;1.4;31.5
1981-10-24;7.15;15.41;23.66;0.0;9.5;0.5;32.46
1981-10-25;6.9;15.28;23.66;0.0;11.4;0.7;31.0
1981-10-26;7.86;15.43;23.0;0.0;9.4;1.1;31.59
1981-10-27;8.5;15.15;21.81;0.0;5.7;2.1;35.56
1981-10-28;10.6;18.2;25.79;0.0;7.9;2.6;35.9
1981-10-29;9.31;15.16;21.0;0.0;9.0;1.6;30.74
1981-10-30;2.89;8.99;15.1;0.0;9.4;1.23;22.9
1981-10-31;-1.83;4.49;10.8;0.0;9.523;1.4;24.79
1981-11-01;-1.41;5.17;11.74;0.0;9.031;1.4;27.5
1981-11-02;-0.49;6.81;14.11;0.0;8.8;0.7;30.4
1981-11-03;-0.2;7.6;15.4;0.0;8.7;0.99;31.86
1981-11-04;1.8;7.06;12.31;0.0;3.0;0.8;37.69
1981-11-05;3.6;7.95;12.3;0.0;3.0;1.3;55.95
1981-11-06;5.02;8.79;12.57;0.0;2.7;2.8;62.2
1981-11-07;-2.0;3.3;8.6;0.0;6.808;1.6;36.33
1981-11-08;-7.84;-4.0;-0.17;0.0;9.648;2.7;8.94
1981-11-09;-3.8;0.75;5.3;0.0;5.6;1.15;17.84
1981-11-10;1.8;8.51;15.21;0.0;4.1;1.7;34.13
1981-11-11;4.8;10.03;15.25;0.0;7.533;1.7;41.09
1981-11-12;4.7;11.65;18.6;0.0;8.5;1.7;37.49
1981-11-13;5.3;10.54;15.79;0.0;7.7;1.6;40.43
1981-11-14;2.9;10.33;17.77;0.0;5.8;0.7;35.0
1981-11-15;2.7;11.6;20.5;0.0;7.1;1.6;32.81
1981-11-16;8.8;14.19;19.57;0.0;3.941;3.1;32.7
1981-11-17;11.55;14.38;17.22;0.0;2.8;2.7;39.78
1981-11-18;6.51;11.9;17.29;0.0;6.3;1.8;41.61
1981-11-19;6.6;11.55;16.5;2.2;2.1;2.7;64.68
1981-11-20;2.7;8.23;13.76;0.0;7.1;0.9;41.05
1981-11-21;3.6;9.55;15.51;0.0;3.1;0.9;45.16
1981-11-22;5.8;11.6;17.4;0.0;6.458;0.9;43.76
1981-11-23;4.6;11.39;18.19;0.0;7.7;1.7;35.18
1981-11-24;4.5;8.95;13.4;4.6;3.298;2.0;76.2
1981-11-25;1.8;5.6;9.4;0.0;5.413;2.55;59.07
1981-11-26;3.2;6.46;9.72;0.0;2.5;1.6;79.2
1981-11-27;6.61;12.66;18.71;0.0;5.691;2.4;44.28
1981-11-28;4.91;10.8;16.7;0.0;7.287;2.8;40.5
1981-11-29;1.66;7.68;13.7;2.2;4.825;1.6;63.07
1981-11-30;0.0;4.49;8.97;0.0;5.497;0.3;52.02
1981-12-01;0.5;3.1;5.7;0.0;1.6;2.1;74.65
1981-12-02;2.3;5.7;9.1;0.0;2.9;1.18;67.6
1981-12-03;2.74;7.89;13.04;0.0;3.8;2.6;53.94
1981-12-04;3.41;7.55;11.7;0.0;4.97;3.0;45.0
1981-12-05;5.15;9.91;14.68;0.0;2.1;2.9;67.9
1981-12-06;6.5;9.88;13.27;1.4;2.3;2.6;78.38
1981-12-07;1.8;6.75;11.7;2.91;2.3;2.9;72.71
1981-12-08;-0.72;2.44;5.6;0.0;5.155;1.8;54.61
1981-12-09;-1.6;2.3;6.2;0.0;5.1;0.8;54.46
1981-12-10;-1.79;2.4;6.6;0.0;5.5;0.6;54.95
1981-12-11;-2.49;1.35;5.2;0.0;4.2;0.22;57.7
1981-12-12;-2.5;1.3;5.1;0.0;6.0;0.5;59.7
1981-12-13;-2.1;2.55;7.21;0.0;4.2;0.7;53.79
1981-12-14;-1.3;1.73;4.76;6.26;1.227;0.8;86.02
1981-12-15;-2.6;0.85;4.3;0.0;2.1;3.2;63.43
1981-12-16;-3.6;-0.25;3.1;0.0;4.2;0.8;60.8
1981-12-17;-3.3;0.25;3.8;0.0;4.1;1.0;68.37
1981-12-18;-1.82;1.74;5.3;0.0;2.712;4.1;66.4
1981-12-19;-1.6;1.85;5.3;0.0;4.4;3.12;48.85
1981-12-20;-3.08;0.46;4.0;0.0;4.733;0.8;62.08
1981-12-21;-1.7;3.75;9.2;0.0;4.3;2.81;51.3
1981-12-22;-0.2;3.59;7.38;0.0;3.809;2.9;61.31
1981-12-23;0.3;3.25;6.21;0.0;4.3;2.9;64.77
1981-12-24;-0.8;2.75;6.31;0.0;4.096;1.8;60.8
1981-12-25;-0.89;2.53;5.94;0.0;4.186;2.6;59.72
1981-12-26;-2.9;0.45;3.8;0.0;5.004;2.2;51.79
1981-12-27;-4.0;-0.53;2.94;0.0;3.4;0.9;61.47
1981-12-28;-4.3;-0.95;2.4;0.0;4.9;1.9;56.59
1981-12-29;-3.42;-0.31;2.8;0.0;5.1;3.3;61.51
1981-12-30;-2.6;0.65;3.9;0.0;5.288;4.0;49.0
1981-12-31;-1.9;1.1;4.1;0.0;5.337;3.2;53.17
1982-01-01;-2.6;0.9;4.4;0.0;5.3;1.5;54.26
1982-01-02;-3.1;0.47;4.05;0.0;5.215;0.7;57.46
1982-01-03;-4.4;-0.5;3.4;0.0;5.1;0.9;64.79
1982-01-04;-1.1;0.93;2.95;0.0;2.4;4.5;80.21
1982-01-05;-3.1;-1.15;0.8;1.1;3.4;5.4;69.7
1982-01-06;-7.2;-3.82;-0.44;0.0;5.6;4.11;29.93
1982-01-07;-10.51;-7.21;-3.9;0.0;6.712;4.51;22.12
1982-01-08;-11.3;-8.1;-4.9;0.0;6.7;1.0;14.56
1982-01-09;-10.82;-6.42;-2.01;0.0;6.4;1.2;27.72
1982-01-10;-8.71;-4.91;-1.1;0.0;7.5;2.1;35.35
1982-01-11;-7.31;-2.94;1.42;0.0;7.817;2.5;43.37
1982-01-12;-5.68;-1.98;1.71;0.0;6.0;2.1;71.11
1982-01-13;-6.12;-2.11;1.9;0.0;6.1;0.7;71.35
1982-01-14;-5.73;-1.42;2.9;0.0;6.0;0.5;71.22
1982-01-15;-3.5;0.35;4.2;0.0;6.6;1.4;64.11
1982-01-16;-1.7;1.66;5.02;0.0;2.7;1.29;73.02
1982-01-17;-2.3;2.48;7.25;0.0;7.9;1.1;51.6
1982-01-18;-1.1;3.12;7.34;0.0;7.4;2.8;56.13
1982-01-19;1.8;7.02;12.24;0.0;7.9;3.3;49.66
1982-01-20;1.4;7.4;13.39;1.4;5.378;3.81;45.19
1982-01-21;-1.1;3.37;7.84;0.0;6.6;2.4;45.35
1982-01-22;-2.94;1.72;6.39;0.0;7.988;1.0;51.14
1982-01-23;-3.3;0.05;3.4;2.96;3.224;2.5;65.97
1982-01-24;-4.0;-1.35;1.3;0.0;5.7;3.4;62.69
1982-01-25;-2.77;0.31;3.4;0.0;8.3;2.92;45.62
1982-01-26;-2.44;0.28;3.0;0.0;3.9;1.5;54.1
1982-01-27;-3.7;-0.33;3.05;0.0;7.381;0.6;60.0
1982-01-28;-3.7;0.3;4.3;0.0;8.5;0.6;50.09
1982-01-29;-3.1;2.21;7.51;0.0;8.7;1.6;47.69
1982-01-30;0.3;4.56;8.81;0.0;7.5;3.8;56.17
1982-01-31;-1.3;3.78;8.87;0.0;7.525;4.7;45.27
1982-02-01;-2.1;2.8;7.7;0.0;7.9;2.6;40.94
1982-02-02;-2.7;1.85;6.41;0.0;7.95;4.0;43.25
1982-02-03;-6.1;-3.2;-0.3;0.0;10.0;1.5;31.23
1982-02-04;-7.22;-3.81;-0.4;0.0;10.2;2.7;26.71
1982-02-05;-7.6;-3.95;-0.3;0.0;9.1;2.0;35.27
1982-02-06;-3.9;-0.51;2.87;6.44;6.2;4.4;52.32
1982-02-07;-6.42;-2.42;1.57;0.0;9.323;3.6;37.68
1982-02-08;-8.0;-4.15;-0.3;0.0;9.3;2.35;39.1
1982-02-09;-3.8;-0.4;3.0;0.0;9.1;2.0;63.91
1982-02-10;-1.12;3.74;8.6;0.0;9.6;2.5;59.43
1982-02-11;0.31;6.16;12.01;2.5;5.7;2.63;56.79
1982-02-12;2.3;6.6;10.9;0.0;6.6;1.1;70.24
1982-02-13;0.32;4.97;9.62;0.0;7.3;0.7;61.33
1982-02-14;0.17;4.85;9.54;2.23;6.0;2.7;63.24
1982-02-15;1.21;4.5;7.8;5.95;2.878;4.3;75.8
1982-02-16;1.2;6.05;10.91;2.2;6.426;3.4;61.8
1982-02-17;-0.13;3.04;6.21;0.0;3.601;3.7;73.47
1982-02-18;-3.77;-1.77;0.23;0.0;6.1;3.6;53.87
1982-02-19;-8.2;-5.25;-2.3;0.0;11.8;2.0;26.05
1982-02-20;-9.79;-5.89;-2.0;0.0;11.912;0.7;26.87
1982-02-21;-8.2;-3.5;1.2;0.0;11.682;1.5;33.0
1982-02-22;-6.88;-0.79;5.3;0.0;11.36;1.0;45.0
1982-02-23;-2.5;3.41;9.31;0.0;13.906;1.3;41.9
1982-02-24;2.0;5.42;8.83;0.0;9.1;2.0;58.9
1982-02-25;-0.93;1.35;3.64;8.08;3.212;3.8;80.42
1982-02-26;-2.4;-0.4;1.59;0.0;4.6;2.8;56.08
1982-02-27;-2.0;1.1;4.2;0.0;6.5;5.1;62.76
1982-02-28;1.0;4.0;7.0;6.34;3.057;3.5;74.8
1982-03-01;2.71;8.71;14.7;0.0;15.0;1.6;51.31
1982-03-02;0.7;9.85;19.0;0.0;13.6;2.2;39.3
1982-03-03;4.3;10.6;16.9;0.0;13.7;2.9;43.05
1982-03-04;2.09;9.22;16.35;0.0;15.1;1.8;38.72
1982-03-05;6.47;14.15;21.83;1.99;13.012;3.4;38.76
1982-03-06;3.32;8.51;13.7;0.0;10.617;4.6;44.04
1982-03-07;0.7;6.82;12.95;0.0;14.9;1.3;36.81
1982-03-08;0.6;6.19;11.79;0.0;14.1;2.75;48.49
1982-03-09;1.4;5.4;9.4;0.0;10.954;0.7;51.39
1982-03-10;1.2;7.58;13.97;0.0;13.917;1.2;40.09
1982-03-11;5.36;12.23;19.1;0.0;12.385;3.8;35.64
1982-03-12;4.61;10.01;15.41;0.0;5.0;3.2;53.67
1982-03-13;1.3;8.54;15.78;0.0;13.659;0.8;46.71
1982-03-14;1.0;8.36;15.72;0.0;15.0;1.2;42.1
1982-03-15;3.3;9.01;14.71;0.0;9.4;2.1;51.23
1982-03-16;2.72;9.06;15.4;0.0;15.244;3.5;36.59
1982-03-17;1.51;7.96;14.4;0.0;14.529;3.5;34.62
1982-03-18;0.68;8.74;16.8;0.0;9.3;1.2;42.5
1982-03-19;6.95;13.42;19.9;0.0;16.5;3.8;37.45
1982-03-20;5.61;12.64;19.68;0.0;13.3;1.2;35.91
1982-03-21;5.3;15.58;25.86;0.0;17.906;1.6;22.72
1982-03-22;8.52;17.0;25.49;0.0;16.9;1.9;22.73
1982-03-23;9.31;16.86;24.4;0.0;16.43;0.58;33.22
1982-03-24;7.89;13.69;19.49;0.0;15.596;3.4;37.29
1982-03-25;5.1;13.25;21.4;0.0;19.1;3.04;26.9
1982-03-26;5.9;11.64;17.39;0.0;13.3;4.6;30.6
1982-03-27;2.1;11.0;19.9;0.0;18.2;1.9;21.13
1982-03-28;8.6;16.5;24.41;1.2;15.6;4.5;22.69
1982-03-29;6.64;12.03;17.41;0.0;16.2;4.5;30.65
1982-03-30;0.68;4.79;8.91;0.0;18.972;4.4;28.04
1982-03-31;-1.31;4.39;10.1;0.0;19.3;3.8;18.12
1982-04-01;-1.8;3.6;9.0;0.0;20.269;2.4;14.18
1982-04-02;-1.42;6.79;14.99;0.0;20.71;1.9;15.29
1982-04-03;0.2;9.7;19.2;0.0;19.285;0.9;25.84
1982-04-04;2.1;12.35;22.6;0.0;19.2;0.8;24.4
1982-04-05;6.2;14.91;23.62;0.0;19.3;1.5;24.32
1982-04-06;5.8;14.75;23.7;0.0;20.6;1.4;23.22
1982-04-07;8.2;15.86;23.51;0.0;17.162;2.1;24.83
1982-04-08;7.4;15.8;24.19;0.0;19.329;1.9;24.55
1982-04-09;8.6;16.6;24.6;0.0;20.663;2.0;24.24
1982-04-10;12.19;19.16;26.14;0.0;20.6;3.2;16.53
1982-04-11;10.89;17.71;24.53;9.56;8.299;3.8;24.4
1982-04-12;7.9;15.0;22.1;0.0;21.271;2.3;23.94
1982-04-13;7.4;14.8;22.2;1.96;20.633;2.0;25.61
1982-04-14;6.9;13.6;20.3;0.0;18.3;2.8;35.0
1982-04-15;4.88;10.02;15.15;0.0;21.7;3.1;24.27
1982-04-16;4.8;12.36;19.92;0.0;11.9;3.1;26.3
1982-04-17;10.29;17.23;24.17;0.0;12.774;4.5;28.24
1982-04-18;8.21;15.16;22.1;0.0;11.9;1.2;34.7
1982-04-19;11.2;20.3;29.39;0.0;23.508;3.1;14.29
1982-04-20;14.01;21.61;29.21;0.0;21.81;2.3;11.93
1982-04-21;12.2;21.54;30.87;0.0;25.078;1.3;6.38
1982-04-22;12.6;21.73;30.86;0.0;25.938;0.7;4.62
1982-04-23;13.31;22.32;31.34;0.0;23.1;1.7;5.09
1982-04-24;13.59;22.23;30.87;0.0;22.4;1.9;3.62
1982-04-25;15.65;21.88;28.1;0.0;12.177;4.9;16.44
1982-04-26;13.87;16.84;19.8;13.76;9.3;4.4;63.7
1982-04-27;11.98;14.29;16.6;2.0;2.991;3.8;76.43
1982-04-28;8.31;14.25;20.2;0.0;9.297;1.6;38.84
1982-04-29;6.9;14.75;22.6;0.0;22.712;0.8;27.5
1982-04-30;10.11;17.05;23.99;0.0;13.584;1.1;34.04
1982-05-01;9.63;18.21;26.8;2.0;15.976;2.1;24.54
1982-05-02;14.2;20.2;26.2;4.88;10.399;3.8;28.13
1982-05-03;13.1;16.55;20.01;1.84;6.518;4.28;59.71
1982-05-04;12.41;14.51;16.6;2.57;2.983;3.5;73.08
1982-05-05;13.1;18.6;24.1;2.5;19.8;2.6;41.44
1982-05-06;10.71;17.71;24.71;1.9;18.826;2.0;42.97
1982-05-07;8.36;16.78;25.2;0.0;22.699;0.6;36.0
1982-05-08;12.3;20.32;28.34;0.0;22.8;3.1;23.64
1982-05-09;13.5;20.2;26.91;0.0;19.36;1.83;26.09
1982-05-10;11.4;18.85;26.3;0.0;23.9;2.1;24.13
1982-05-11;12.9;19.65;26.4;1.15;23.6;3.3;26.79
1982-05-12;12.72;19.77;26.81;1.1;21.8;3.2;29.81
1982-05-13;11.1;17.25;23.4;0.0;18.2;3.7;35.0
1982-05-14;11.2;15.14;19.09;0.0;8.9;1.6;42.0
1982-05-15;9.66;14.98;20.3;0.0;25.348;3.3;20.41
1982-05-16;7.13;13.53;19.92;0.0;26.3;2.5;20.98
1982-05-17;5.69;13.53;21.37;0.0;26.607;1.7;19.16
1982-05-18;5.5;14.73;23.97;0.0;27.199;0.7;17.7
1982-05-19;10.63;18.75;26.86;0.0;18.7;0.9;19.01
1982-05-20;11.76;20.39;29.02;0.0;23.6;0.3;20.7
1982-05-21;15.12;22.39;29.66;0.0;29.201;3.0;12.83
1982-05-22;13.5;20.95;28.4;0.0;27.238;3.01;12.56
1982-05-23;13.5;20.87;28.23;0.0;25.4;1.5;18.39
1982-05-24;13.9;21.32;28.75;0.0;23.9;1.0;17.65
1982-05-25;14.8;23.45;32.1;0.0;23.2;0.9;11.47
1982-05-26;16.7;26.53;36.36;0.0;24.2;1.9;11.33
1982-05-27;17.9;24.6;31.31;0.0;24.5;2.1;26.3
1982-05-28;18.0;25.0;32.0;0.0;28.617;2.8;19.4
1982-05-29;17.7;24.8;31.9;0.0;23.74;2.9;18.7
1982-05-30;17.23;23.96;30.7;0.0;23.1;2.6;19.4
1982-05-31;16.8;24.4;32.0;0.0;24.035;1.3;18.4
1982-06-01;17.7;24.85;32.0;0.0;24.1;1.9;17.7
1982-06-02;18.83;25.46;32.1;0.0;24.0;1.5;17.33
1982-06-03;17.64;25.67;33.7;2.8;21.3;1.6;23.9
1982-06-04;15.7;21.4;27.1;0.0;27.0;2.2;20.95
1982-06-05;13.2;20.0;26.8;0.0;27.982;1.7;15.38
1982-06-06;13.1;19.32;25.53;0.0;28.3;1.9;18.7
1982-06-07;13.4;19.65;25.9;0.0;26.547;1.72;27.01
1982-06-08;16.4;20.53;24.66;0.0;13.494;1.63;32.28
1982-06-09;14.42;19.25;24.09;0.0;11.591;1.7;36.45
1982-06-10;13.3;19.09;24.88;0.0;19.875;1.3;31.02
1982-06-11;12.8;19.15;25.5;2.0;16.807;1.3;42.36
1982-06-12;12.2;19.02;25.85;1.99;19.185;0.8;43.24
1982-06-13;13.61;22.0;30.4;0.0;23.2;0.7;15.76
1982-06-14;13.2;21.81;30.43;0.0;27.2;0.3;18.59
1982-06-15;15.7;23.25;30.8;0.0;18.655;1.4;20.49
1982-06-16;17.6;24.25;30.9;0.0;21.1;2.1;26.24
1982-06-17;17.3;24.05;30.8;0.0;26.9;2.3;20.47
1982-06-18;18.3;25.1;31.9;0.0;30.37;2.6;19.64
1982-06-19;17.7;24.8;31.91;0.0;26.3;3.6;15.62
1982-06-20;19.2;25.05;30.9;0.0;26.5;5.58;18.62
1982-06-21;18.6;24.51;30.42;0.0;27.519;3.73;18.69
1982-06-22;17.1;23.4;29.7;0.0;30.108;2.6;13.2
1982-06-23;17.4;24.0;30.6;0.0;29.525;2.45;14.17
1982-06-24;17.9;24.6;31.3;0.0;25.8;2.6;15.2
1982-06-25;16.3;23.45;30.6;3.38;19.9;2.3;30.5
1982-06-26;15.16;22.19;29.21;8.32;19.9;0.9;51.51
1982-06-27;14.76;22.03;29.3;0.0;23.4;0.9;38.89
1982-06-28;15.3;23.3;31.3;0.0;25.548;0.15;22.92
1982-06-29;14.8;22.09;29.39;0.0;29.507;3.4;35.37
1982-06-30;12.6;18.21;23.82;0.0;14.72;2.7;41.44
1982-07-01;13.56;19.23;24.9;0.0;21.432;2.1;22.77
1982-07-02;14.5;20.5;26.5;0.0;18.7;1.9;22.5
1982-07-03;14.7;21.51;28.32;0.0;25.71;2.5;18.88
1982-07-04;16.8;24.54;32.27;5.4;19.879;2.6;29.62
1982-07-05;14.0;18.99;23.99;21.99;9.272;1.2;72.17
1982-07-06;12.83;18.46;24.1;0.0;18.399;1.4;59.39
1982-07-07;13.79;20.14;26.5;9.07;19.1;3.4;52.91
1982-07-08;14.1;17.32;20.54;60.85;4.139;2.7;85.76
1982-07-09;13.0;18.57;24.15;2.25;14.594;2.4;63.71
1982-07-10;11.5;18.55;25.59;0.0;27.1;0.6;52.34
1982-07-11;11.6;19.33;27.06;0.0;29.703;0.3;47.83
1982-07-12;14.61;20.39;26.18;8.52;21.119;1.2;63.41
1982-07-13;13.5;19.89;26.29;0.0;23.82;0.3;63.41
1982-07-14;13.4;20.85;28.3;4.28;23.4;0.9;46.05
1982-07-15;15.3;21.6;27.9;0.0;24.3;1.4;45.99
1982-07-16;16.9;23.23;29.57;0.0;21.2;0.7;37.45
1982-07-17;17.3;24.4;31.5;0.0;23.4;1.5;30.47
1982-07-18;16.3;24.66;33.02;0.0;23.9;1.1;24.0
1982-07-19;17.6;25.51;33.42;0.0;23.42;1.3;24.39
1982-07-20;17.86;26.33;34.8;0.0;23.8;1.6;22.46
1982-07-21;18.4;26.35;34.3;0.0;26.1;1.3;18.1
1982-07-22;16.3;26.0;35.7;0.0;28.4;0.5;13.79
1982-07-23;17.76;26.73;35.7;0.0;25.0;1.99;17.9
1982-07-24;20.6;27.7;34.8;0.0;27.408;3.1;21.6
1982-07-25;19.1;26.83;34.56;0.0;23.8;3.54;16.59
1982-07-26;19.1;25.8;32.5;0.0;12.541;1.9;21.7
1982-07-27;20.86;27.48;34.1;0.0;23.8;1.1;17.93
1982-07-28;19.6;27.21;34.81;0.0;24.4;2.0;15.0
1982-07-29;19.0;26.66;34.31;0.0;24.9;2.3;13.34
1982-07-30;17.1;24.05;31.0;0.0;21.4;3.12;22.92
1982-07-31;15.6;21.1;26.6;0.0;25.7;2.9;24.43
1982-08-01;13.69;20.75;27.82;0.0;25.743;1.7;19.4
1982-08-02;14.01;22.75;31.5;0.0;24.6;1.0;18.2
1982-08-03;16.95;23.92;30.9;0.0;24.7;1.2;17.39
1982-08-04;17.79;24.95;32.1;0.82;17.52;0.6;19.0
1982-08-05;19.91;26.21;32.51;0.0;22.3;2.0;22.87
1982-08-06;18.0;23.6;29.2;1.36;15.1;1.4;39.45
1982-08-07;16.4;23.0;29.6;0.0;21.8;2.1;27.95
1982-08-08;15.4;20.9;26.4;2.78;15.211;0.4;56.03
1982-08-09;13.83;19.93;26.04;3.87;21.3;0.8;57.55
1982-08-10;14.94;20.11;25.29;22.96;7.917;1.6;72.36
1982-08-11;14.9;22.02;29.15;0.0;20.847;2.6;42.91
1982-08-12;16.3;22.11;27.92;2.0;10.022;2.1;45.38
1982-08-13;18.0;24.35;30.7;0.0;20.1;2.41;21.33
1982-08-14;16.9;24.0;31.1;0.0;22.7;2.7;20.83
1982-08-15;16.6;23.45;30.3;1.5;20.2;2.6;41.73
1982-08-16;15.2;22.5;29.8;12.54;14.189;1.5;50.98
1982-08-17;14.0;20.68;27.36;0.0;21.7;2.4;32.3
1982-08-18;12.4;20.2;28.0;0.0;22.4;1.2;21.99
1982-08-19;12.4;20.91;29.42;0.0;21.8;0.4;23.2
1982-08-20;13.5;22.15;30.8;0.0;21.94;1.0;21.1
1982-08-21;13.6;21.75;29.9;0.0;23.2;1.7;17.39
1982-08-22;14.2;22.45;30.7;1.2;20.4;1.1;25.35
1982-08-23;15.7;23.13;30.55;0.0;20.1;1.2;32.61
1982-08-24;15.1;24.1;33.1;0.0;22.1;1.2;15.59
1982-08-25;14.9;24.35;33.8;0.0;21.2;0.7;13.84
1982-08-26;16.6;23.09;29.59;4.78;16.347;2.7;27.52
1982-08-27;13.6;19.7;25.8;0.0;21.7;2.2;19.0
1982-08-28;10.8;16.0;21.2;0.0;17.8;2.2;23.56
1982-08-29;8.7;13.65;18.6;0.0;14.0;0.9;29.28
1982-08-30;10.2;14.34;18.49;0.0;13.891;1.2;23.91
1982-08-31;8.1;15.59;23.09;0.0;20.916;1.19;17.19
1982-09-01;10.17;13.55;16.94;0.0;5.9;0.8;41.15
1982-09-02;10.0;18.76;27.51;0.0;16.9;1.3;36.1
1982-09-03;15.54;22.82;30.1;11.45;13.355;2.2;36.1
1982-09-04;13.6;19.25;24.9;6.2;18.4;2.8;49.01
1982-09-05;10.38;14.99;19.6;1.6;4.806;1.7;57.82
1982-09-06;8.2;15.5;22.8;0.0;19.615;1.1;26.1
1982-09-07;12.1;16.6;21.1;10.06;3.46;2.7;66.43
1982-09-08;10.78;15.73;20.69;0.0;4.399;1.1;70.54
1982-09-09;11.02;20.71;30.4;0.0;16.9;1.0;34.51
1982-09-10;14.9;23.34;31.77;0.0;17.6;2.2;25.36
1982-09-11;15.9;22.95;30.0;0.0;12.1;0.8;32.07
1982-09-12;16.7;23.7;30.7;0.0;15.473;0.7;29.5
1982-09-13;15.89;23.5;31.11;0.0;17.1;2.9;19.0
1982-09-14;14.75;22.78;30.81;0.0;18.7;3.5;22.49
1982-09-15;14.7;22.41;30.11;0.0;16.8;3.5;23.3
1982-09-16;14.8;20.7;26.6;10.44;14.045;3.3;30.13
1982-09-17;13.2;20.24;27.28;0.0;16.7;2.6;29.93
1982-09-18;13.7;17.94;22.18;1.75;3.598;2.4;69.7
1982-09-19;14.1;17.23;20.35;0.0;3.813;3.2;61.62
1982-09-20;12.0;17.5;23.0;13.64;5.695;1.0;59.57
1982-09-21;10.5;17.63;24.76;0.0;15.7;0.4;43.16
1982-09-22;10.2;17.7;25.2;0.0;15.7;0.4;37.74
1982-09-23;10.63;18.12;25.6;0.0;15.1;1.18;32.37
1982-09-24;13.73;18.55;23.37;0.0;11.896;1.4;39.18
1982-09-25;12.0;18.3;24.6;0.0;14.807;1.07;32.15
1982-09-26;14.1;18.95;23.8;0.0;4.8;2.2;37.33
1982-09-27;13.56;19.39;25.22;0.0;14.7;2.4;32.42
1982-09-28;11.1;18.1;25.1;0.0;16.083;2.3;31.6
1982-09-29;14.1;19.84;25.59;0.0;14.0;1.9;26.8
1982-09-30;12.07;19.19;26.3;0.0;14.7;1.6;24.25
1982-10-01;9.7;18.17;26.64;0.0;15.1;0.9;23.39
1982-10-02;11.89;20.55;29.2;0.0;15.1;2.5;21.69
1982-10-03;14.81;22.3;29.8;8.0;13.039;2.7;25.19
1982-10-04;12.33;18.02;23.71;0.0;14.0;2.5;44.37
1982-10-05;10.03;16.32;22.6;0.0;14.056;1.2;32.57
1982-10-06;8.6;16.89;25.19;0.0;14.8;2.7;29.2
1982-10-07;12.3;14.65;17.0;13.9;1.109;3.5;76.82
1982-10-08;10.6;15.6;20.6;0.0;6.1;1.2;60.1
1982-10-09;8.63;15.38;22.13;0.0;13.0;1.2;45.25
1982-10-10;11.2;17.1;23.0;0.0;6.5;3.11;44.83
1982-10-11;10.5;17.23;23.96;0.0;13.3;3.3;39.0
1982-10-12;10.81;16.5;22.2;0.0;9.609;2.5;44.6
1982-10-13;10.8;15.95;21.1;0.0;4.0;2.3;51.04
1982-10-14;13.9;16.65;19.4;2.38;3.3;3.43;63.28
1982-10-15;13.9;19.0;24.1;1.5;10.088;2.6;44.01
1982-10-16;8.6;14.45;20.3;0.0;11.3;1.7;44.96
1982-10-17;7.21;14.07;20.93;0.0;11.355;1.6;35.86
1982-10-18;9.0;16.95;24.91;0.0;11.9;2.35;32.41
1982-10-19;10.41;16.56;22.71;3.2;3.9;2.6;49.7
1982-10-20;7.8;13.9;20.0;0.0;11.009;1.96;40.91
1982-10-21;6.9;14.95;23.0;0.0;11.8;2.1;34.2
1982-10-22;5.12;12.16;19.2;0.0;11.0;1.6;39.19
1982-10-23;4.57;13.34;22.11;0.0;11.5;1.8;29.19
1982-10-24;8.0;14.55;21.1;0.0;11.9;2.4;34.2
1982-10-25;8.5;16.74;24.99;0.0;10.7;1.6;33.69
1982-10-26;10.4;16.75;23.1;0.0;9.8;1.5;38.28
1982-10-27;10.38;14.75;19.12;0.0;3.459;1.9;59.58
1982-10-28;6.41;10.46;14.5;0.0;9.018;4.41;34.26
1982-10-29;4.35;11.0;17.64;0.0;9.0;2.1;30.49
1982-10-30;6.0;12.97;19.95;0.0;8.9;1.43;33.14
1982-10-31;7.5;15.12;22.73;3.0;9.226;2.6;30.99
1982-11-01;2.4;7.9;13.4;0.0;9.3;3.2;43.36
1982-11-02;0.23;7.37;14.5;0.0;9.8;1.4;29.23
1982-11-03;0.6;7.6;14.61;0.0;8.728;0.8;33.36
1982-11-04;0.8;6.85;12.89;0.0;8.3;1.1;44.48
1982-11-05;-1.3;5.8;12.91;0.0;8.4;0.3;34.97
1982-11-06;0.3;7.2;14.1;0.0;8.2;0.99;33.66
1982-11-07;2.22;10.41;18.6;0.0;8.0;1.4;34.4
1982-11-08;6.0;7.46;8.92;0.0;2.697;1.76;78.08
1982-11-09;6.6;11.4;16.2;0.0;4.0;0.6;50.35
1982-11-10;6.1;11.36;16.63;0.0;4.6;2.2;42.82
1982-11-11;4.04;9.29;14.53;0.0;7.7;1.1;40.49
1982-11-12;2.1;5.7;9.3;0.0;8.1;2.8;49.3
1982-11-13;0.63;5.9;11.17;0.0;3.6;3.6;44.4
1982-11-14;6.3;10.75;15.2;0.0;3.4;2.9;64.82
1982-11-15;6.33;11.91;17.5;0.0;6.073;2.1;47.72
1982-11-16;8.3;13.85;19.4;0.0;6.98;2.1;35.18
1982-11-17;3.0;6.3;9.6;3.96;1.795;2.8;80.4
1982-11-18;0.4;3.0;5.6;0.0;5.2;5.15;50.8
1982-11-19;-2.48;0.46;3.4;0.0;6.6;3.3;42.0
1982-11-20;-4.04;-1.7;0.65;0.0;6.941;3.0;35.69
1982-11-21;-5.26;-2.13;1.0;0.0;7.1;2.2;31.48
1982-11-22;-0.12;6.99;14.1;0.0;3.5;2.8;41.71
1982-11-23;3.3;9.28;15.25;0.0;6.0;2.0;42.41
1982-11-24;2.1;7.55;13.01;3.31;2.4;2.5;59.24
1982-11-25;0.9;5.81;10.72;0.0;5.5;1.4;47.67
1982-11-26;2.6;8.63;14.65;0.0;3.7;1.3;47.97
1982-11-27;4.0;9.86;15.71;0.0;3.726;1.16;53.65
1982-11-28;2.7;8.9;15.1;0.0;5.523;1.6;52.41
1982-11-29;6.77;9.43;12.1;10.18;1.896;4.1;81.72
1982-11-30;2.1;6.4;10.7;0.0;5.209;1.2;72.2
1982-12-01;1.0;4.1;7.2;0.0;2.7;2.7;67.6
1982-12-02;-0.8;1.85;4.5;0.0;2.7;2.6;76.4
1982-12-03;0.6;2.65;4.7;0.0;1.9;1.8;78.45
1982-12-04;2.6;5.1;7.6;0.0;2.124;1.3;72.82
1982-12-05;4.7;9.06;13.42;0.0;3.809;2.9;53.67
1982-12-06;8.59;12.04;15.5;0.0;2.1;5.1;47.15
1982-12-07;7.9;11.16;14.41;0.0;2.4;4.88;54.49
1982-12-08;1.32;6.32;11.32;6.0;2.5;3.8;71.2
1982-12-09;-1.7;0.8;3.3;0.0;6.3;4.1;45.06
1982-12-10;-3.7;2.04;7.79;6.25;1.6;6.0;46.49
1982-12-11;-6.22;-3.26;-0.3;0.0;6.3;4.7;29.62
1982-12-12;-3.3;0.6;4.5;0.0;2.4;2.0;53.81
1982-12-13;-2.78;1.46;5.7;0.0;4.0;4.1;55.2
1982-12-14;-4.32;-0.76;2.8;0.0;6.7;1.29;48.28
1982-12-15;-2.7;0.75;4.2;0.0;3.196;1.0;63.41
1982-12-16;-1.4;2.65;6.7;0.0;4.0;0.71;62.9
1982-12-17;0.5;4.1;7.69;0.0;6.4;2.2;63.22
1982-12-18;-0.2;3.55;7.31;0.0;4.6;2.1;62.61
1982-12-19;-0.8;2.26;5.32;1.15;6.0;1.2;66.6
1982-12-20;-0.3;2.3;4.9;0.0;3.522;1.9;75.44
1982-12-21;-3.8;-0.77;2.26;0.0;5.8;4.2;40.28
1982-12-22;-3.9;-0.2;3.5;0.0;5.2;4.28;45.99
1982-12-23;0.74;3.83;6.91;0.0;2.6;3.4;63.66
1982-12-24;0.9;4.0;7.11;11.79;2.9;2.5;78.6
1982-12-25;-9.5;-3.2;3.1;11.62;2.358;3.0;44.89
1982-12-26;-10.32;-7.86;-5.39;0.0;7.3;2.2;23.24
1982-12-27;-8.9;-5.7;-2.5;5.6;1.64;3.7;60.94
1982-12-28;-10.01;-5.13;-0.26;0.0;2.9;0.7;79.3
1982-12-29;-13.48;-7.65;-1.81;5.72;7.1;0.9;73.25
1982-12-30;-8.9;-4.4;0.1;6.94;3.6;5.75;74.46
1982-12-31;-11.05;-7.28;-3.5;0.0;5.7;2.8;59.38
1983-01-01;-16.21;-7.96;0.3;1.6;8.301;2.1;36.28
1983-01-02;-5.6;-2.4;0.8;1.6;8.4;2.5;82.61
1983-01-03;-11.21;-6.83;-2.45;0.0;7.6;0.99;68.62
1983-01-04;-10.91;-5.36;0.19;2.3;3.7;3.2;61.3
1983-01-05;-10.5;-7.79;-5.08;0.0;6.6;5.1;79.3
1983-01-06;-10.99;-8.13;-5.26;0.0;6.6;3.1;67.76
1983-01-07;-9.1;-5.25;-1.41;0.0;7.9;1.3;79.3
1983-01-08;-6.23;-3.13;-0.03;0.0;8.8;1.78;83.98
1983-01-09;-7.9;-4.0;-0.1;0.0;4.3;1.2;81.2
1983-01-10;-11.3;-7.17;-3.04;0.0;6.603;2.0;61.3
1983-01-11;-11.03;-7.87;-4.7;0.0;6.6;1.4;63.0
1983-01-12;-9.2;-3.6;2.0;2.85;5.5;4.1;65.4
1983-01-13;-8.9;-4.5;-0.11;0.0;7.6;2.4;75.73
1983-01-14;-10.67;-6.69;-2.7;0.0;7.6;1.8;47.7
1983-01-15;-5.31;-2.16;0.99;11.96;6.1;2.2;87.44
1983-01-16;-2.5;-0.69;1.12;1.6;3.894;0.5;91.26
1983-01-17;-2.0;0.69;3.38;0.0;5.5;0.6;81.11
1983-01-18;-5.8;-1.75;2.3;0.0;7.4;2.01;75.1
1983-01-19;-6.21;-3.25;-0.3;0.0;5.2;2.6;73.99
1983-01-20;-5.8;-2.24;1.32;0.0;6.0;0.7;75.84
1983-01-21;-3.7;-0.15;3.4;0.0;4.2;2.7;73.87
1983-01-22;-9.31;-4.71;-0.1;0.0;7.4;3.6;45.2
1983-01-23;-10.31;-5.31;-0.3;3.8;2.7;5.69;43.92
1983-01-24;-3.0;-0.63;1.75;0.0;7.4;2.0;81.6
1983-01-25;-2.58;0.42;3.41;0.0;7.1;1.8;78.07
1983-01-26;-1.3;2.0;5.3;0.0;8.516;1.8;72.51
1983-01-27;-1.05;5.8;12.66;0.0;7.5;4.0;56.08
1983-01-28;-1.3;3.25;7.8;0.0;7.1;1.8;60.2
1983-01-29;-5.4;-1.2;3.0;0.0;7.0;4.51;60.45
1983-01-30;-11.3;-6.9;-2.5;0.0;9.6;3.6;35.19
1983-01-31;-11.36;-5.88;-0.41;0.0;4.9;3.9;40.27
1983-02-01;-11.1;-7.25;-3.4;0.0;8.9;2.0;41.04
1983-02-02;-10.98;-6.04;-1.1;0.0;4.6;3.22;48.0
1983-02-03;-4.02;-1.31;1.4;0.0;5.2;3.8;80.8
1983-02-04;-2.55;0.51;3.56;0.0;6.9;3.9;73.0
1983-02-05;-5.93;-1.93;2.07;0.0;8.919;1.4;59.65
1983-02-06;-7.49;-2.48;2.54;0.0;10.0;1.4;54.88
1983-02-07;-0.3;2.45;5.2;0.0;5.1;3.3;73.59
1983-02-08;-0.3;3.65;7.6;0.0;8.0;3.31;67.91
1983-02-09;0.2;4.55;8.9;0.0;7.42;2.3;67.21
1983-02-10;0.4;5.5;10.6;0.0;10.3;2.1;59.12
1983-02-11;-0.59;4.66;9.9;0.0;9.3;0.83;60.52
1983-02-12;-1.29;4.86;11.0;0.0;10.1;1.4;48.86
1983-02-13;3.46;8.75;14.04;1.2;7.2;3.3;53.2
1983-02-14;-5.81;1.29;8.38;1.56;6.797;5.53;39.94
1983-02-15;-7.77;-2.83;2.1;0.0;11.6;1.3;28.83
1983-02-16;-5.55;-2.67;0.2;0.0;10.2;3.6;42.03
1983-02-17;-10.85;-6.78;-2.7;18.31;6.47;6.33;72.71
1983-02-18;-20.12;-13.02;-5.91;0.0;15.802;1.3;62.34
1983-02-19;-28.42;-18.25;-8.07;0.0;13.6;2.1;39.91
1983-02-20;-19.73;-11.57;-3.42;0.0;15.104;3.4;42.99
1983-02-21;-20.22;-13.67;-7.13;0.0;13.3;1.5;63.37
1983-02-22;-19.83;-9.66;0.5;0.0;14.088;2.4;51.67
1983-02-23;-0.9;0.04;0.98;0.0;12.2;2.4;83.55
1983-02-24;-9.2;-4.69;-0.18;3.8;3.439;3.0;74.65
1983-02-25;-11.2;-8.13;-5.07;7.99;4.591;3.1;68.3
1983-02-26;-19.9;-12.7;-5.5;0.0;13.8;2.4;49.63
1983-02-27;-24.65;-15.93;-7.22;0.0;14.2;1.4;36.01
1983-02-28;-18.14;-10.77;-3.4;0.0;14.14;3.9;45.0
1983-03-01;-5.33;-2.81;-0.3;5.26;3.735;4.2;80.61
1983-03-02;-7.2;-3.71;-0.22;0.0;9.725;3.12;69.36
1983-03-03;-11.45;-5.47;0.5;0.0;11.4;1.9;57.47
1983-03-04;-1.21;2.85;6.91;7.68;4.8;1.2;72.04
1983-03-05;2.1;8.8;15.5;9.95;7.885;2.3;55.0
1983-03-06;-1.6;2.92;7.44;4.83;4.3;2.5;66.96
1983-03-07;-4.4;-1.96;0.49;0.0;15.0;2.6;37.78
1983-03-08;-4.4;-1.07;2.27;0.0;14.2;2.3;45.36
1983-03-09;-4.4;2.0;8.4;0.0;15.3;1.3;41.06
1983-03-10;3.03;7.51;12.0;0.0;8.989;3.5;58.32
1983-03-11;0.9;6.65;12.4;0.0;4.203;2.9;60.49
1983-03-12;-1.8;4.15;10.1;0.0;10.7;2.4;52.01
1983-03-13;-0.3;1.2;2.69;4.02;8.659;2.0;66.46
1983-03-14;1.2;5.25;9.3;4.71;5.868;4.0;65.87
1983-03-15;0.1;3.44;6.78;0.0;4.898;1.3;71.95
1983-03-16;-2.6;-1.0;0.6;3.4;4.4;1.6;74.33
1983-03-17;-4.0;-0.95;2.1;0.0;6.79;2.5;54.71
1983-03-18;-5.09;-1.64;1.81;0.0;13.7;1.5;42.2
1983-03-19;-5.5;-0.0;5.49;1.2;14.2;2.8;35.59
1983-03-20;-1.8;8.11;18.01;7.23;8.721;4.7;38.42
1983-03-21;2.8;8.56;14.33;3.86;9.7;1.0;62.15
1983-03-22;0.3;6.67;13.04;0.0;17.5;1.9;39.79
1983-03-23;-0.23;3.51;7.26;0.0;18.2;2.2;50.7
1983-03-24;-3.9;0.7;5.3;5.35;17.8;5.16;46.92
1983-03-25;-5.0;0.1;5.2;0.0;18.799;1.3;25.77
1983-03-26;-3.2;2.9;9.0;0.0;16.466;2.3;41.4
1983-03-27;2.4;4.1;5.8;5.1;5.4;4.1;70.25
1983-03-28;2.2;5.55;8.9;0.0;11.1;2.9;57.25
1983-03-29;-1.5;2.12;5.73;6.28;3.6;4.4;72.71
1983-03-30;-2.1;3.75;9.59;0.0;10.361;0.4;50.9
1983-03-31;0.0;8.31;16.62;0.0;19.23;2.2;43.0
1983-04-01;5.6;10.56;15.52;0.0;21.4;3.6;46.6
1983-04-02;4.3;10.16;16.01;3.7;11.296;5.0;49.83
1983-04-03;1.6;5.41;9.22;0.0;7.893;3.4;60.1
1983-04-04;-1.0;4.7;10.4;0.0;19.912;1.1;42.38
1983-04-05;2.28;5.56;8.84;6.8;4.519;4.3;70.9
1983-04-06;7.4;8.6;9.8;12.89;3.906;4.92;76.86
1983-04-07;5.3;7.05;8.8;9.74;5.498;5.38;75.14
1983-04-08;4.05;7.14;10.24;0.0;9.8;3.5;57.11
1983-04-09;3.8;8.75;13.7;0.0;19.7;2.6;41.8
1983-04-10;4.0;7.1;10.2;0.0;9.299;1.4;50.56
1983-04-11;0.2;4.99;9.79;0.0;12.697;1.4;46.68
1983-04-12;2.0;7.05;12.1;0.0;10.099;1.1;50.83
1983-04-13;4.08;9.48;14.88;0.0;16.278;2.2;50.5
1983-04-14;1.37;7.63;13.9;0.0;13.6;1.2;54.89
1983-04-15;2.1;5.49;8.88;0.0;22.0;1.6;33.19
1983-04-16;-0.3;2.52;5.35;0.0;15.59;3.33;39.4
1983-04-17;0.29;3.67;7.05;0.0;13.4;3.0;47.53
1983-04-18;0.68;4.15;7.62;0.0;14.4;1.6;46.27
1983-04-19;0.2;3.79;7.39;0.0;12.239;1.6;57.92
1983-04-20;-0.02;4.04;8.1;0.0;17.827;3.2;45.3
1983-04-21;-2.65;2.61;7.87;0.0;23.3;1.53;36.67
1983-04-22;-3.02;4.52;12.05;0.0;20.904;0.7;35.19
1983-04-23;-0.21;7.45;15.11;0.0;22.46;1.5;38.07
1983-04-24;1.64;11.07;20.5;0.0;23.5;1.7;36.48
1983-04-25;11.1;13.09;15.09;1.2;4.8;3.7;61.83
1983-04-26;7.56;13.28;19.0;1.5;11.6;3.6;58.13
1983-04-27;4.8;10.28;15.76;0.0;22.551;2.1;42.1
1983-04-28;6.3;11.28;16.25;0.0;22.5;2.98;45.63
1983-04-29;6.9;14.7;22.5;0.0;22.8;3.3;39.9
1983-04-30;7.19;13.85;20.5;0.0;22.267;3.3;47.3
1983-05-01;6.67;12.93;19.2;0.0;23.1;2.6;49.6
1983-05-02;7.2;13.9;20.6;0.0;20.0;0.9;48.91
1983-05-03;7.2;14.36;21.51;0.0;21.857;0.55;48.2
1983-05-04;6.9;15.25;23.6;0.0;23.5;0.3;45.32
1983-05-05;8.3;15.85;23.39;10.75;13.758;0.7;54.49
1983-05-06;11.3;15.58;19.85;0.0;12.785;2.5;63.78
1983-05-07;9.2;15.1;21.0;0.0;19.6;2.6;50.41
1983-05-08;7.5;14.35;21.2;0.0;23.1;1.9;47.52
1983-05-09;11.0;16.39;21.79;0.0;11.5;0.8;56.3
1983-05-10;10.8;16.75;22.7;1.8;17.796;0.6;58.21
1983-05-11;8.7;14.87;21.04;2.9;13.0;1.68;55.92
1983-05-12;5.97;14.04;22.1;0.0;21.2;0.4;47.37
1983-05-13;7.5;15.6;23.7;1.61;18.3;1.1;50.68
1983-05-14;6.79;11.29;15.8;5.5;6.08;1.4;73.48
1983-05-15;4.49;11.0;17.5;0.0;25.6;0.9;42.5
1983-05-16;4.26;11.58;18.9;0.0;24.8;1.4;39.65
1983-05-17;7.31;10.99;14.67;4.3;7.9;1.7;65.08
1983-05-18;6.9;11.28;15.66;4.59;13.0;2.3;63.3
1983-05-19;11.5;15.84;20.18;14.9;7.9;2.7;66.11
1983-05-20;11.3;14.88;18.46;12.89;7.741;1.2;70.41
1983-05-21;10.1;15.14;20.19;6.1;12.283;2.3;63.21
1983-05-22;8.5;14.7;20.9;1.2;19.9;1.1;58.91
1983-05-23;8.5;15.45;22.4;8.47;13.187;0.4;59.36
1983-05-24;7.79;14.14;20.5;7.05;12.46;0.8;62.55
1983-05-25;12.2;15.95;19.7;0.78;10.596;0.4;67.03
1983-05-26;12.7;16.49;20.29;4.71;15.783;2.5;65.74
1983-05-27;11.8;14.94;18.08;0.0;10.787;2.6;68.8
1983-05-28;10.4;15.45;20.49;0.0;15.797;1.9;65.29
1983-05-29;11.8;17.58;23.35;0.0;23.7;1.6;60.19
1983-05-30;13.1;14.7;16.3;22.71;4.534;3.5;80.74
1983-05-31;12.4;16.36;20.31;1.52;13.8;1.3;74.37
1983-06-01;12.2;16.3;20.4;4.9;13.496;0.8;71.26
1983-06-02;12.9;16.15;19.4;0.0;7.762;1.7;74.69
1983-06-03;12.61;14.94;17.27;21.79;4.149;2.8;78.9
1983-06-04;10.7;16.4;22.1;7.4;16.686;0.3;70.6
1983-06-05;10.38;14.0;17.62;22.55;5.238;0.7;71.27
1983-06-06;11.4;14.89;18.38;0.0;18.774;0.99;67.9
1983-06-07;10.9;15.52;20.14;6.97;14.551;1.4;66.8
1983-06-08;9.7;15.16;20.63;23.86;7.897;0.4;73.82
1983-06-09;8.08;14.49;20.9;0.0;27.32;1.4;65.74
1983-06-10;10.8;15.84;20.87;0.0;30.441;1.6;62.05
1983-06-11;12.1;14.7;17.29;2.5;7.097;2.2;72.74
1983-06-12;10.6;15.75;20.9;0.0;27.715;2.0;62.48
1983-06-13;12.4;17.45;22.5;0.0;19.3;2.0;63.97
1983-06-14;10.49;15.39;20.3;12.22;13.318;1.3;74.32
1983-06-15;8.73;14.52;20.3;0.0;21.7;1.0;64.26
1983-06-16;9.6;15.34;21.09;0.0;27.316;1.6;61.59
1983-06-17;11.7;16.74;21.79;10.0;16.3;1.6;67.32
1983-06-18;11.05;15.79;20.52;0.0;21.053;1.35;66.81
1983-06-19;9.07;14.13;19.2;0.0;27.846;2.3;64.13
1983-06-20;8.23;13.82;19.41;0.0;21.684;2.5;64.45
1983-06-21;9.6;14.95;20.3;0.0;24.5;2.0;64.7
1983-06-22;8.66;14.44;20.21;0.0;23.2;1.3;64.93
1983-06-23;10.54;15.89;21.25;0.0;20.674;1.5;67.52
1983-06-24;11.3;18.2;25.1;0.0;28.4;1.4;58.41
1983-06-25;11.6;17.04;22.49;0.0;18.096;0.5;71.0
1983-06-26;12.2;18.45;24.7;0.0;17.5;0.9;64.96
1983-06-27;15.6;20.84;26.09;4.6;19.186;2.66;61.08
1983-06-28;12.69;16.59;20.5;32.68;7.788;1.9;79.48
1983-06-29;11.6;15.57;19.55;0.0;7.353;3.5;77.6
1983-06-30;12.8;16.78;20.76;0.0;18.9;2.7;65.64
1983-07-01;11.6;16.16;20.72;0.0;18.213;2.9;64.87
1983-07-02;11.6;16.13;20.65;0.0;18.735;2.3;62.69
1983-07-03;9.2;14.75;20.3;0.0;30.3;2.4;53.79
1983-07-04;8.57;14.48;20.4;0.0;30.426;0.3;61.55
1983-07-05;8.39;14.35;20.3;1.1;10.494;1.1;63.75
1983-07-06;9.2;14.95;20.7;0.0;18.686;2.6;55.6
1983-07-07;10.4;16.25;22.1;0.0;23.0;1.1;59.06
1983-07-08;9.66;17.38;25.1;0.0;25.8;0.3;46.48
1983-07-09;11.02;18.01;25.0;7.3;26.0;1.3;52.88
1983-07-10;13.7;16.59;19.49;22.34;4.07;2.6;91.99
1983-07-11;12.61;15.33;18.06;78.21;1.947;3.8;97.76
1983-07-12;12.3;15.35;18.4;25.1;2.93;1.6;96.03
1983-07-13;10.87;15.69;20.51;0.0;20.8;1.1;67.08
1983-07-14;11.0;15.9;20.8;9.43;13.4;0.4;72.55
1983-07-15;12.3;15.99;19.67;30.34;4.496;1.1;86.48
1983-07-16;11.77;15.13;18.5;22.95;7.197;0.78;87.39
1983-07-17;10.9;15.55;20.19;1.7;16.687;2.3;64.18
1983-07-18;10.36;15.49;20.63;0.0;17.645;0.9;63.35
1983-07-19;10.9;15.84;20.79;0.0;13.785;0.4;63.34
1983-07-20;12.79;17.91;23.02;0.0;18.8;0.7;58.25
1983-07-21;12.9;19.0;25.09;1.66;18.98;1.19;58.34
1983-07-22;14.6;19.66;24.73;5.6;18.963;1.3;64.14
1983-07-23;14.4;19.05;23.71;0.0;12.67;1.3;65.68
1983-07-24;14.0;20.05;26.1;0.0;23.8;1.9;60.07
1983-07-25;15.4;20.54;25.67;0.0;23.206;2.6;60.35
1983-07-26;15.05;19.52;24.0;0.0;13.183;1.4;71.14
1983-07-27;13.44;18.66;23.89;0.0;22.3;1.1;62.8
1983-07-28;12.6;18.84;25.09;0.0;23.4;1.0;59.57
1983-07-29;14.05;20.93;27.8;0.0;23.0;0.4;59.49
1983-07-30;13.16;21.54;29.91;0.0;23.3;0.3;58.03
1983-07-31;14.9;23.0;31.1;0.0;22.1;0.3;53.86
1983-08-01;15.5;23.2;30.9;1.78;22.2;0.9;54.13
1983-08-02;14.59;19.7;24.8;0.0;22.4;1.8;59.05
1983-08-03;11.1;16.85;22.6;0.0;23.7;0.8;54.4
1983-08-04;9.41;16.25;23.09;0.0;24.03;0.4;52.52
1983-08-05;8.6;16.9;25.2;0.0;23.8;0.4;51.48
1983-08-06;10.7;18.38;26.05;0.0;23.4;0.9;49.35
1983-08-07;11.24;19.4;27.56;0.0;23.3;0.4;46.11
1983-08-08;14.11;21.36;28.6;0.0;21.996;1.2;46.57
1983-08-09;15.9;21.3;26.7;0.0;15.693;1.55;47.24
1983-08-10;14.29;20.89;27.5;0.0;22.982;1.4;37.74
1983-08-11;13.6;21.5;29.39;0.0;22.7;1.4;31.7
1983-08-12;16.6;22.65;28.7;0.0;17.709;2.3;44.46
1983-08-13;15.29;21.49;27.7;0.0;22.037;1.9;36.47
1983-08-14;13.5;21.2;28.9;0.0;21.975;0.4;33.03
1983-08-15;16.2;21.05;25.9;0.0;11.242;2.3;48.81
1983-08-16;12.89;18.42;23.95;0.0;23.0;1.7;24.48
1983-08-17;10.6;19.15;27.7;0.0;22.121;0.5;18.9
1983-08-18;13.56;21.58;29.6;0.0;21.9;1.7;21.23
1983-08-19;14.9;20.3;25.7;0.0;22.0;2.0;30.6
1983-08-20;13.8;18.8;23.79;0.0;18.9;2.8;29.21
1983-08-21;11.51;17.16;22.8;0.0;22.1;2.1;31.0
1983-08-22;9.7;16.95;24.2;0.0;21.921;1.3;24.51
1983-08-23;11.29;19.66;28.02;0.0;20.25;0.8;26.25
1983-08-24;12.7;21.6;30.5;0.0;20.5;0.36;21.41
1983-08-25;15.0;22.3;29.6;0.0;15.9;2.86;28.13
1983-08-26;13.3;19.55;25.8;0.0;21.318;3.2;20.8
1983-08-27;10.39;18.27;26.16;0.0;21.2;1.0;20.16
1983-08-28;10.6;18.95;27.3;0.0;20.7;1.0;19.3
1983-08-29;12.1;19.55;27.0;0.0;20.2;1.5;26.8
1983-08-30;12.5;19.79;27.08;0.0;14.496;1.4;23.98
1983-08-31;12.8;20.81;28.82;0.0;15.161;1.2;19.0
1983-09-01;13.9;21.67;29.44;0.0;19.9;1.2;17.5
1983-09-02;13.7;21.55;29.4;0.0;19.6;1.4;17.86
1983-09-03;13.0;21.0;29.0;0.0;19.4;0.9;19.4
1983-09-04;12.5;21.13;29.76;0.0;18.733;2.1;18.53
1983-09-05;10.6;16.54;22.49;0.0;19.9;4.3;18.4
1983-09-06;8.37;15.93;23.5;0.0;19.621;0.9;17.33
1983-09-07;8.61;17.7;26.8;0.0;19.4;1.2;17.5
1983-09-08;9.5;14.45;19.39;0.0;4.926;2.9;44.33
1983-09-09;8.06;13.98;19.89;0.0;19.255;1.77;23.0
1983-09-10;6.9;14.27;21.65;0.0;19.0;1.6;18.91
1983-09-11;6.57;14.59;22.6;0.0;19.6;1.09;20.25
1983-09-12;9.12;17.07;25.02;0.0;18.8;1.9;21.7
1983-09-13;9.5;13.04;16.59;3.07;3.585;2.7;54.87
1983-09-14;8.6;14.05;19.5;0.0;17.378;3.78;39.3
1983-09-15;8.49;11.14;13.8;1.63;3.9;3.5;75.12
1983-09-16;8.91;14.72;20.54;10.44;7.39;2.4;43.29
1983-09-17;8.23;15.17;22.11;0.0;15.805;2.5;33.35
1983-09-18;9.65;16.19;22.73;0.0;9.59;1.0;33.1
1983-09-19;9.8;16.45;23.1;18.78;5.664;3.5;46.49
1983-09-20;13.08;17.09;21.1;12.43;6.7;3.61;75.37
1983-09-21;10.2;15.34;20.49;0.0;14.714;3.7;43.56
1983-09-22;8.2;14.39;20.59;0.0;16.7;1.6;40.19
1983-09-23;10.2;14.97;19.74;1.95;2.699;1.6;55.71
1983-09-24;11.8;16.25;20.7;0.0;3.765;4.54;68.78
1983-09-25;12.28;14.94;17.6;21.55;0.449;3.8;81.29
1983-09-26;8.9;11.96;15.03;11.34;2.599;1.7;82.64
1983-09-27;7.6;13.55;19.5;0.0;13.7;1.3;58.35
1983-09-28;7.1;14.4;21.7;0.0;14.675;0.5;50.98
1983-09-29;11.4;16.3;21.2;0.0;7.0;3.5;58.94
1983-09-30;11.4;13.89;16.39;13.5;1.897;4.34;82.4
1983-10-01;13.6;15.0;16.4;19.34;1.946;4.59;84.76
1983-10-02;12.91;15.76;18.6;14.3;5.788;4.5;77.01
1983-10-03;11.0;13.9;16.8;0.0;6.662;4.21;72.24
1983-10-04;9.7;13.74;17.78;0.0;8.7;3.85;63.87
1983-10-05;9.6;12.2;14.8;0.0;5.699;4.57;74.23
1983-10-06;12.71;15.66;18.6;0.0;4.837;4.1;69.37
1983-10-07;12.5;15.14;17.78;2.0;2.34;3.0;73.86
1983-10-08;10.5;14.54;18.59;2.3;3.9;3.31;70.0
1983-10-09;8.5;13.2;17.9;0.0;7.78;4.72;51.21
1983-10-10;9.9;12.4;14.9;4.41;3.826;5.3;63.44
1983-10-11;8.46;9.7;10.93;36.3;1.128;5.2;76.34
1983-10-12;6.1;10.5;14.9;0.0;11.3;2.8;40.54
1983-10-13;4.6;9.7;14.8;0.0;12.1;2.4;47.88
1983-10-14;4.4;9.9;15.4;0.0;11.8;1.9;48.7
1983-10-15;3.89;10.5;17.1;0.0;10.288;0.7;50.81
1983-10-16;7.76;12.18;16.6;0.0;5.09;2.1;54.44
1983-10-17;5.25;10.07;14.9;0.0;10.052;1.7;50.21
1983-10-18;2.49;8.83;15.17;0.0;10.9;0.6;49.05
1983-10-19;6.7;11.65;16.6;0.0;6.195;0.7;51.87
1983-10-20;4.6;10.79;16.99;0.0;10.9;1.5;46.4
1983-10-21;5.6;12.0;18.4;0.0;10.5;2.1;45.3
1983-10-22;5.1;11.56;18.02;0.0;11.5;0.8;46.83
1983-10-23;5.58;12.75;19.92;0.0;11.5;0.7;44.97
1983-10-24;10.11;14.61;19.1;0.0;7.586;1.6;46.96
1983-10-25;2.5;6.75;11.0;3.68;4.694;4.1;51.62
1983-10-26;-0.9;3.75;8.39;0.0;10.934;2.4;34.38
1983-10-27;-2.84;3.7;10.23;0.0;11.8;1.2;32.7
1983-10-28;-2.31;3.8;9.91;0.0;10.9;2.4;34.58
1983-10-29;-1.5;2.9;7.3;0.0;3.9;1.5;53.42
1983-10-30;0.7;5.25;9.8;0.0;4.357;0.7;51.6
1983-10-31;-1.36;4.62;10.6;0.0;9.2;0.7;44.6
1983-11-01;-1.7;5.23;12.16;0.0;10.3;0.7;40.68
1983-11-02;-0.6;6.5;13.6;0.0;9.0;0.5;44.3
1983-11-03;-0.5;7.45;15.4;0.0;8.9;0.5;44.3
1983-11-04;2.7;9.77;16.84;0.0;9.456;1.3;42.5
1983-11-05;5.9;12.96;20.02;0.0;8.7;2.4;38.95
1983-11-06;8.82;12.46;16.1;11.69;2.539;3.9;71.99
1983-11-07;3.37;6.34;9.3;0.0;8.435;3.61;51.62
1983-11-08;2.4;8.1;13.8;4.5;7.258;2.3;49.4
1983-11-09;1.64;5.32;9.0;0.0;8.527;3.41;44.9
1983-11-10;0.38;3.69;7.0;0.0;7.3;4.2;45.32
1983-11-11;-1.0;2.73;6.47;0.0;7.794;2.9;44.4
1983-11-12;-0.75;3.52;7.8;0.0;7.7;1.4;48.86
1983-11-13;-0.41;4.85;10.11;0.0;7.6;1.0;44.78
1983-11-14;3.0;9.34;15.69;1.91;6.1;2.4;49.3
1983-11-15;0.5;5.15;9.8;0.0;7.1;2.7;72.87
1983-11-16;0.36;6.28;12.2;5.5;3.086;2.4;56.8
1983-11-17;-0.5;3.91;8.32;0.0;4.5;5.61;47.69
1983-11-18;-2.5;-0.63;1.25;0.0;7.5;4.2;29.84
1983-11-19;-3.5;-0.3;2.9;0.0;7.1;2.7;30.27
1983-11-20;-0.97;2.06;5.1;3.98;1.4;1.57;74.0
1983-11-21;2.32;6.18;10.04;1.4;5.829;4.57;52.82
1983-11-22;-1.7;1.65;5.0;0.0;6.5;2.6;50.17
1983-11-23;-2.91;0.84;4.6;0.0;5.0;3.2;51.77
1983-11-24;-2.5;0.94;4.37;0.0;6.351;2.8;52.03
1983-11-25;-3.6;-0.4;2.81;0.0;5.5;0.9;68.52
1983-11-26;-5.11;-2.91;-0.7;0.0;5.529;1.9;44.49
1983-11-27;-6.81;-3.21;0.38;2.0;8.49;2.8;35.7
1983-11-28;0.1;2.76;5.43;0.0;7.2;4.1;67.12
1983-11-29;-1.1;1.71;4.52;0.0;5.786;4.0;62.94
1983-11-30;-2.07;1.01;4.1;0.0;6.2;2.6;63.89
1983-12-01;-6.2;-3.31;-0.41;0.0;6.807;2.2;36.62
1983-12-02;-7.45;-4.47;-1.5;0.0;6.5;1.8;34.75
1983-12-03;-7.7;-4.57;-1.43;0.0;6.5;1.3;48.16
1983-12-04;-7.0;-3.45;0.1;0.0;5.8;1.6;56.08
1983-12-05;-8.4;-5.55;-2.7;0.0;6.183;1.0;42.54
1983-12-06;-9.11;-4.48;0.14;0.0;5.321;1.2;51.79
1983-12-07;-3.1;0.5;4.1;1.2;4.5;2.9;73.7
1983-12-08;-2.1;1.14;4.38;0.0;5.8;2.1;60.55
1983-12-09;-4.43;-1.44;1.55;0.0;6.6;2.3;65.21
1983-12-10;-8.2;-5.35;-2.51;0.0;6.1;3.9;36.9
1983-12-11;-10.1;-7.09;-4.08;0.0;6.2;2.8;33.39
1983-12-12;-10.72;-5.82;-0.91;1.7;2.6;1.2;46.39
1983-12-13;-2.59;-0.9;0.78;0.0;1.896;0.9;93.14
1983-12-14;-1.7;1.95;5.6;2.29;2.3;2.36;64.1
1983-12-15;-0.44;3.58;7.6;0.0;7.0;1.6;56.34
1983-12-16;0.2;4.64;9.08;1.5;5.1;3.3;54.99
1983-12-17;-0.28;2.81;5.9;0.0;4.2;2.9;55.9
1983-12-18;-3.0;-0.25;2.5;0.0;4.7;4.21;61.17
1983-12-19;-3.11;0.49;4.1;0.0;2.4;1.9;62.16
1983-12-20;-1.4;1.54;4.48;0.0;2.449;1.94;71.22
1983-12-21;-2.49;1.16;4.81;0.0;4.2;0.9;61.97
1983-12-22;-0.1;3.79;7.68;0.0;6.3;1.73;63.9
1983-12-23;3.39;5.98;8.56;1.5;1.548;4.0;72.94
1983-12-24;-0.3;5.2;10.7;0.0;6.1;3.86;64.18
1983-12-25;-2.4;0.23;2.85;0.0;4.9;2.1;60.07
1983-12-26;-4.7;-2.35;0.0;0.0;6.4;2.8;51.2
1983-12-27;-6.2;-2.95;0.3;0.0;5.1;1.4;51.52
1983-12-28;-5.3;-1.79;1.71;0.0;4.1;1.8;69.15
1983-12-29;-2.05;1.02;4.1;0.0;5.52;1.4;64.91
1983-12-30;-3.18;0.21;3.6;0.0;5.2;3.0;57.74
1983-12-31;-3.35;0.13;3.6;0.0;3.3;2.0;69.02
1984-01-01;-4.91;-1.41;2.1;0.0;6.4;2.1;58.84
1984-01-02;-7.0;-3.25;0.5;0.0;6.1;0.8;59.4
1984-01-03;-7.0;-4.05;-1.1;0.0;6.0;2.58;49.19
1984-01-04;-8.0;-5.01;-2.02;0.0;6.1;1.0;49.96
1984-01-05;-7.72;-3.48;0.75;0.0;7.4;0.8;55.08
1984-01-06;-3.0;-1.65;-0.3;9.53;0.925;1.6;98.69
1984-01-07;-1.92;1.34;4.6;1.9;3.1;2.2;72.67
1984-01-08;-6.16;-1.13;3.9;0.0;6.3;3.3;60.16
1984-01-09;-10.69;-7.09;-3.5;0.0;4.5;0.85;44.22
1984-01-10;-10.5;-7.25;-4.0;0.0;6.1;3.7;36.03
1984-01-11;-11.1;-7.9;-4.7;0.0;6.6;2.6;36.49
1984-01-12;-8.12;-3.86;0.4;0.0;6.2;2.56;45.89
1984-01-13;-8.3;-4.71;-1.11;7.98;2.6;3.7;81.61
1984-01-14;-10.9;-7.74;-4.58;0.0;8.1;5.77;69.3
1984-01-15;-10.8;-7.42;-4.04;0.0;4.187;3.06;68.67
1984-01-16;-10.18;-6.44;-2.7;0.0;4.0;0.8;64.51
1984-01-17;-10.39;-6.04;-1.7;0.0;5.8;0.76;68.8
1984-01-18;-4.0;-1.45;1.1;1.4;6.0;1.6;89.48
1984-01-19;-8.3;-3.95;0.4;0.0;6.6;1.16;75.92
1984-01-20;-7.82;-3.38;1.06;0.0;9.206;1.9;77.2
1984-01-21;-7.2;-3.32;0.56;0.0;3.4;1.3;82.9
1984-01-22;-7.8;-3.6;0.6;0.0;6.788;0.6;74.07
1984-01-23;-6.3;-2.67;0.96;0.0;3.294;1.4;82.87
1984-01-24;-4.81;-2.09;0.63;0.0;2.655;0.6;84.2
1984-01-25;-5.49;-1.95;1.59;0.0;7.3;3.1;73.15
1984-01-26;-5.8;-2.1;1.6;0.0;7.329;2.7;72.23
1984-01-27;-6.1;-2.15;1.8;0.0;4.9;1.5;72.02
1984-01-28;-6.32;-3.06;0.2;0.0;6.1;2.6;73.45
1984-01-29;-5.4;-3.13;-0.85;5.6;4.4;2.6;76.07
1984-01-30;-8.89;-5.4;-1.9;0.0;9.366;4.7;60.39
1984-01-31;-12.71;-8.51;-4.3;0.0;9.1;1.2;60.39
1984-02-01;-13.35;-8.88;-4.42;0.0;9.1;0.8;51.44
1984-02-02;-10.1;-5.85;-1.6;0.0;9.208;3.59;58.28
1984-02-03;-9.1;-3.65;1.8;0.0;9.2;2.8;53.46
1984-02-04;0.02;2.05;4.08;1.5;9.183;4.7;73.51
1984-02-05;-1.21;2.65;6.5;1.8;5.2;2.8;59.56
1984-02-06;-1.04;2.65;6.33;4.31;7.1;1.6;54.78
1984-02-07;-7.43;-3.82;-0.21;0.0;9.322;4.3;33.38
1984-02-08;-5.8;-0.97;3.86;0.0;9.1;3.5;45.9
1984-02-09;-8.56;-5.08;-1.6;0.0;10.0;2.5;37.1
1984-02-10;-8.5;-2.65;3.2;0.0;9.5;2.6;36.59
1984-02-11;-3.21;1.8;6.81;0.0;9.2;1.5;58.06
1984-02-12;-5.82;-0.19;5.44;0.0;10.3;0.33;60.22
1984-02-13;-5.9;-0.65;4.6;0.0;7.5;1.29;58.55
1984-02-14;-8.2;-4.21;-0.22;0.0;10.413;0.4;51.06
1984-02-15;-8.0;-3.95;0.1;0.0;10.1;0.9;48.99
1984-02-16;-6.9;-3.4;0.1;0.0;6.8;0.4;64.59
1984-02-17;-7.3;-3.6;0.09;0.0;5.392;0.8;63.45
1984-02-18;-4.9;-2.61;-0.32;0.0;5.763;1.6;67.08
1984-02-19;-6.22;-3.21;-0.2;0.0;5.8;0.73;64.07
1984-02-20;-7.7;-3.95;-0.2;0.0;11.378;1.0;47.58
1984-02-21;-7.31;-1.15;5.01;0.0;10.8;1.09;52.76
1984-02-22;-7.89;-4.04;-0.2;0.0;12.6;2.1;51.1
1984-02-23;-10.23;-6.27;-2.3;0.0;12.864;1.7;29.76
1984-02-24;-7.35;-1.17;5.0;1.4;11.219;2.0;40.78
1984-02-25;-9.19;-4.75;-0.3;0.0;13.511;3.7;42.0
1984-02-26;-10.14;-5.27;-0.39;0.0;12.6;2.1;38.48
1984-02-27;-4.04;2.52;9.09;0.0;12.3;3.0;44.4
1984-02-28;0.6;6.55;12.5;0.0;13.2;2.5;43.0
1984-02-29;0.0;0.0;0.0;0.0;0.0;0.0;0.0
1984-03-01;2.97;9.46;15.94;9.77;8.04;4.2;49.41
1984-03-02;-1.52;1.36;4.24;0.0;14.564;3.1;33.15
1984-03-03;-4.6;-0.16;4.28;0.0;14.0;3.5;43.3
1984-03-04;-6.0;-0.16;5.68;0.0;15.326;0.8;36.83
1984-03-05;-0.23;3.23;6.7;6.5;3.541;4.5;72.34
1984-03-06;-0.9;4.46;9.83;0.0;9.471;2.8;63.21
1984-03-07;-2.49;1.4;5.28;0.0;11.9;2.8;52.25
1984-03-08;-4.19;-0.89;2.41;4.31;12.7;3.2;51.37
1984-03-09;-4.4;-1.16;2.09;12.52;7.919;3.8;68.29
1984-03-10;-4.4;-1.28;1.85;1.76;9.3;6.73;48.73
1984-03-11;-7.18;-3.59;0.0;0.0;10.894;4.21;42.7
1984-03-12;-4.3;0.32;4.94;0.0;13.376;2.6;43.6
1984-03-13;-3.4;1.04;5.48;0.0;16.2;2.5;41.1
1984-03-14;0.8;6.37;11.93;0.0;5.0;1.2;61.86
1984-03-15;0.85;7.38;13.9;3.86;5.928;0.85;66.39
1984-03-16;2.31;9.85;17.4;3.54;10.417;2.2;51.7
1984-03-17;0.8;5.17;9.53;0.0;15.7;4.72;45.0
1984-03-18;4.85;10.63;16.4;3.47;8.842;4.6;48.1
1984-03-19;1.3;6.85;12.4;0.0;16.5;4.2;33.96
1984-03-20;-0.8;4.69;10.18;0.0;16.6;1.6;36.7
1984-03-21;1.8;9.13;16.45;0.0;13.714;1.5;43.3
1984-03-22;3.9;12.67;21.44;0.0;17.08;2.4;40.68
1984-03-23;4.52;11.16;17.8;0.0;16.0;3.5;49.61
1984-03-24;2.3;10.68;19.06;0.0;17.6;0.6;41.43
1984-03-25;2.8;11.0;19.2;0.0;15.073;2.0;49.39
1984-03-26;8.51;14.11;19.7;0.0;13.77;2.7;53.57
1984-03-27;5.42;12.56;19.7;0.0;18.41;1.1;46.1
1984-03-28;8.75;14.93;21.1;0.0;15.269;2.6;48.5
1984-03-29;4.62;7.71;10.8;18.88;2.487;2.9;75.8
1984-03-30;-1.1;3.2;7.5;0.0;18.601;4.0;45.71
1984-03-31;-2.31;5.39;13.1;0.0;13.97;1.42;48.04
1984-04-01;0.4;6.88;13.37;0.0;11.839;2.8;45.0
1984-04-02;-0.7;5.69;12.07;0.0;19.3;1.9;34.29
1984-04-03;1.22;7.51;13.8;0.0;19.818;1.4;41.31
1984-04-04;2.2;7.84;13.48;0.0;11.4;1.3;52.02
1984-04-05;4.0;9.1;14.2;0.0;18.9;3.1;42.68
1984-04-06;2.5;9.28;16.06;0.0;15.612;2.9;37.2
1984-04-07;-0.6;8.51;17.62;0.0;20.234;0.8;37.95
1984-04-08;5.4;13.45;21.5;0.0;21.0;1.5;39.88
1984-04-09;7.3;10.5;13.7;14.79;5.9;2.6;72.91
1984-04-10;7.2;11.15;15.1;0.0;6.1;3.7;66.92
1984-04-11;4.98;10.54;16.1;0.0;11.356;2.7;49.89
1984-04-12;2.5;8.55;14.6;0.0;17.5;1.5;46.1
1984-04-13;0.81;8.37;15.92;0.0;17.2;0.8;43.46
1984-04-14;3.5;9.04;14.57;0.0;9.586;2.3;62.19
1984-04-15;8.02;10.51;13.0;0.0;6.099;3.1;71.76
1984-04-16;3.6;9.83;16.06;0.0;14.0;2.9;53.83
1984-04-17;0.3;7.7;15.09;0.0;15.1;0.5;49.6
1984-04-18;3.6;10.5;17.4;0.0;13.6;0.89;44.3
1984-04-19;5.62;9.71;13.8;2.0;10.265;3.8;63.82
1984-04-20;4.1;5.21;6.31;0.0;4.793;3.5;71.7
1984-04-21;2.7;9.15;15.6;0.0;18.9;2.6;49.11
1984-04-22;5.32;10.98;16.65;0.0;21.758;2.6;47.1
1984-04-23;2.8;10.0;17.2;0.0;22.5;0.8;39.15
1984-04-24;3.6;11.02;18.44;0.0;12.868;2.0;49.27
1984-04-25;3.6;10.24;16.88;0.0;22.312;1.3;41.8
1984-04-26;1.9;9.85;17.8;0.0;22.944;1.0;37.7
1984-04-27;4.6;11.65;18.7;0.0;23.6;2.1;43.06
1984-04-28;6.9;13.8;20.7;0.0;21.0;2.47;43.94
1984-04-29;6.04;11.77;17.5;5.82;9.6;1.5;63.31
1984-04-30;3.8;11.79;19.79;0.0;21.1;1.0;42.1
1984-05-01;5.7;13.34;20.98;0.0;21.3;1.4;45.89
1984-05-02;10.3;14.18;18.05;4.1;9.076;3.17;64.94
1984-05-03;10.0;12.79;15.57;13.06;5.525;1.4;76.97
1984-05-04;9.16;14.48;19.8;0.0;23.4;3.1;45.9
1984-05-05;7.8;13.15;18.5;0.0;19.6;3.8;42.85
1984-05-06;7.9;12.15;16.4;0.0;20.584;4.03;40.4
1984-05-07;8.1;13.9;19.7;2.5;21.929;3.1;46.79
1984-05-08;7.6;13.2;18.79;0.0;23.6;2.8;46.7
1984-05-09;6.9;12.03;17.16;0.0;16.311;3.8;48.43
1984-05-10;8.6;14.32;20.04;0.0;20.124;3.6;42.27
1984-05-11;6.8;14.5;22.2;0.0;24.3;1.5;40.95
1984-05-12;7.8;16.55;25.3;0.0;24.22;0.9;41.65
1984-05-13;8.7;17.32;25.95;0.0;23.086;0.5;42.06
1984-05-14;12.2;18.17;24.14;0.0;18.266;2.1;49.41
1984-05-15;10.16;16.63;23.1;0.0;24.6;2.4;42.11
1984-05-16;9.2;16.15;23.1;0.0;22.467;1.0;46.98
1984-05-17;12.7;14.25;15.8;20.91;6.892;1.3;78.47
1984-05-18;11.1;13.0;14.89;3.37;4.998;1.6;78.61
1984-05-19;9.26;15.36;21.47;7.09;18.694;1.19;55.81
1984-05-20;9.3;15.53;21.76;0.0;16.655;0.6;52.71
1984-05-21;10.9;17.29;23.68;0.0;19.8;0.8;47.56
1984-05-22;11.3;17.85;24.4;0.0;23.912;1.5;46.13
1984-05-23;9.2;17.35;25.5;0.0;24.3;0.4;42.0
1984-05-24;11.0;18.5;26.0;0.0;23.1;1.5;44.96
1984-05-25;12.4;19.1;25.8;0.0;22.823;1.5;47.22
1984-05-26;11.5;18.45;25.4;0.0;24.0;1.4;46.97
1984-05-27;10.8;17.95;25.1;0.0;26.0;1.4;42.18
1984-05-28;9.29;17.25;25.22;0.0;26.998;1.0;39.31
1984-05-29;8.2;17.2;26.2;0.0;25.511;0.8;37.34
1984-05-30;13.1;18.4;23.7;0.0;13.776;1.7;55.93
1984-05-31;11.6;18.95;26.3;0.0;22.3;0.21;44.4
1984-06-01;12.5;20.15;27.8;0.0;24.4;0.5;34.7
1984-06-02;12.6;20.7;28.8;0.0;24.3;0.5;30.0
1984-06-03;15.2;21.8;28.4;8.38;21.522;1.4;45.24
1984-06-04;14.4;22.9;31.4;15.08;18.382;0.5;46.52
1984-06-05;13.8;21.5;29.19;12.33;22.3;0.34;48.95
1984-06-06;13.7;20.0;26.3;0.0;24.392;2.81;44.88
1984-06-07;12.8;19.3;25.8;0.0;25.6;3.8;39.72
1984-06-08;13.1;19.7;26.3;0.0;27.434;3.4;41.93
1984-06-09;13.2;19.92;26.64;0.0;24.5;1.8;39.21
1984-06-10;14.5;20.0;25.5;4.43;14.396;1.7;50.12
1984-06-11;12.3;16.21;20.12;4.45;5.928;2.6;61.44
1984-06-12;12.3;17.5;22.7;0.0;20.9;2.8;39.9
1984-06-13;11.5;17.37;23.23;0.0;27.408;2.4;32.91
1984-06-14;12.3;17.9;23.5;0.0;17.518;2.4;38.4
1984-06-15;13.2;18.3;23.4;0.0;14.984;1.8;47.61
1984-06-16;13.3;18.55;23.79;0.0;15.208;1.1;45.91
1984-06-17;11.7;18.4;25.1;2.9;14.115;0.3;49.39
1984-06-18;12.4;19.05;25.7;0.0;21.265;1.0;48.8
1984-06-19;12.69;20.14;27.6;0.0;20.147;1.49;39.3
1984-06-20;14.5;20.3;26.1;0.0;26.5;0.8;36.47
1984-06-21;12.5;20.85;29.2;0.0;26.9;0.5;21.59
1984-06-22;14.8;22.8;30.8;8.8;22.4;0.9;32.92
1984-06-23;13.96;20.48;27.0;5.15;19.7;2.0;53.51
1984-06-24;12.8;18.05;23.29;0.0;21.424;2.65;39.78
1984-06-25;12.0;17.6;23.2;0.0;21.396;2.1;38.95
1984-06-26;11.5;18.4;25.3;4.31;20.8;1.6;39.3
1984-06-27;11.87;17.53;23.19;1.1;8.102;0.8;65.19
1984-06-28;13.1;20.68;28.25;0.0;27.302;1.6;36.61
1984-06-29;13.0;22.09;31.17;0.0;24.3;0.5;22.49
1984-06-30;18.4;27.12;35.84;0.0;26.857;1.3;19.15
1984-07-01;18.2;27.3;36.4;16.02;20.301;2.0;23.78
1984-07-02;15.9;22.3;28.69;5.4;15.308;1.6;47.16
1984-07-03;15.4;21.1;26.8;0.0;14.686;2.4;52.3
1984-07-04;13.91;20.41;26.9;14.76;14.429;2.7;56.18
1984-07-05;12.8;19.35;25.9;0.0;21.416;1.3;52.9
1984-07-06;12.5;20.09;27.68;0.0;26.918;0.8;35.4
1984-07-07;14.5;21.25;28.0;10.68;18.446;0.93;48.63
1984-07-08;13.44;20.02;26.6;11.3;15.825;1.2;61.68
1984-07-09;12.8;17.1;21.4;20.99;11.582;1.0;71.91
1984-07-10;11.9;17.09;22.29;0.0;14.593;3.3;64.38
1984-07-11;13.0;17.35;21.7;0.0;16.3;2.8;61.7
1984-07-12;12.4;16.98;21.56;0.0;15.803;1.1;53.66
1984-07-13;12.2;16.36;20.52;7.07;12.564;0.85;63.81
1984-07-14;11.44;16.25;21.05;0.0;16.777;1.2;52.06
1984-07-15;10.4;16.0;21.59;0.0;17.796;1.6;45.91
1984-07-16;11.18;17.06;22.94;0.0;26.211;1.6;36.7
1984-07-17;11.9;16.5;21.1;0.0;13.794;0.7;51.48
1984-07-18;10.9;17.05;23.2;0.0;16.65;0.7;41.45
1984-07-19;15.5;19.45;23.4;0.0;12.738;1.91;39.69
1984-07-20;15.1;19.85;24.6;0.0;13.628;1.7;41.07
1984-07-21;13.3;19.8;26.3;0.0;18.8;1.5;36.58
1984-07-22;14.6;20.18;25.77;0.0;13.494;2.09;41.53
1984-07-23;15.1;20.54;25.99;0.0;16.203;2.2;41.97
1984-07-24;14.31;19.6;24.89;0.0;12.681;1.9;43.32
1984-07-25;12.98;18.94;24.9;0.0;25.28;2.1;27.72
1984-07-26;12.45;19.48;26.5;0.0;25.504;2.1;21.62
1984-07-27;14.99;21.82;28.66;0.0;23.0;1.6;24.11
1984-07-28;15.87;22.98;30.1;0.0;19.482;1.0;24.64
1984-07-29;17.3;22.55;27.8;0.0;21.1;3.1;27.0
1984-07-30;15.0;21.25;27.5;0.0;23.6;1.6;27.55
1984-07-31;15.3;21.89;28.48;0.0;23.4;1.2;26.59
1984-08-01;16.29;23.14;30.0;1.1;21.763;2.4;22.28
1984-08-02;14.2;18.35;22.5;21.69;8.519;0.83;72.15
1984-08-03;12.5;18.49;24.49;0.0;17.389;0.23;58.56
1984-08-04;14.8;18.13;21.47;5.01;8.611;0.6;71.24
1984-08-05;12.5;17.55;22.6;0.0;13.879;2.6;53.98
1984-08-06;10.7;17.6;24.5;0.0;24.0;1.89;43.34
1984-08-07;12.6;18.7;24.8;0.0;20.934;1.2;46.57
1984-08-08;15.9;20.46;25.03;0.0;10.562;1.2;44.52
1984-08-09;14.6;19.72;24.84;0.0;13.192;1.6;44.88
1984-08-10;15.3;19.55;23.79;0.0;9.482;0.8;50.26
1984-08-11;15.2;18.31;21.42;0.0;10.6;1.4;50.55
1984-08-12;13.0;17.63;22.27;0.0;11.839;1.9;35.98
1984-08-13;11.3;16.85;22.4;0.0;15.428;1.7;38.14
1984-08-14;10.16;17.98;25.8;0.0;22.5;0.8;26.02
1984-08-15;12.27;19.19;26.1;1.44;11.331;1.0;41.84
1984-08-16;18.2;24.94;31.68;0.0;21.199;3.76;29.24
1984-08-17;16.7;24.05;31.4;0.0;21.7;1.5;23.5
1984-08-18;17.65;25.38;33.12;0.0;21.2;1.7;21.03
1984-08-19;19.0;27.79;36.57;0.0;22.0;2.3;18.98
1984-08-20;18.14;26.87;35.6;4.88;22.1;2.4;22.73
1984-08-21;15.0;21.05;27.1;11.23;13.456;2.5;56.4
1984-08-22;12.9;19.25;25.6;0.0;16.424;1.5;42.27
1984-08-23;10.69;17.59;24.5;0.0;22.213;0.8;30.65
1984-08-24;13.56;20.23;26.9;0.0;17.3;1.5;22.5
1984-08-25;10.99;18.59;26.18;0.0;22.0;1.0;25.59
1984-08-26;14.9;23.3;31.7;10.0;13.651;1.6;30.4
1984-08-27;13.58;18.69;23.8;0.0;16.7;4.02;51.71
1984-08-28;12.2;18.13;24.05;0.0;18.6;3.1;37.61
1984-08-29;11.5;18.15;24.8;0.0;20.2;0.7;33.63
1984-08-30;12.0;17.7;23.4;0.0;18.64;1.9;36.08
1984-08-31;9.1;15.16;21.21;0.0;20.6;1.3;30.7
1984-09-01;8.6;16.35;24.1;0.0;19.5;0.8;26.86
1984-09-02;9.09;16.84;24.6;0.0;18.9;0.5;26.95
1984-09-03;12.1;20.45;28.8;0.0;18.2;2.4;22.48
1984-09-04;15.26;22.83;30.4;11.32;16.4;2.8;36.59
1984-09-05;12.8;19.13;25.47;0.0;16.028;3.0;46.13
1984-09-06;10.25;16.25;22.25;0.0;18.8;2.7;34.21
1984-09-07;8.79;15.54;22.3;0.0;18.8;1.8;33.31
1984-09-08;9.8;18.45;27.1;0.0;17.8;1.7;25.08
1984-09-09;14.7;22.3;29.9;10.93;16.203;3.2;32.48
1984-09-10;11.51;17.1;22.69;0.0;18.4;3.5;42.74
1984-09-11;9.6;15.48;21.37;0.0;16.8;2.5;36.33
1984-09-12;10.3;16.05;21.8;0.0;14.8;2.0;35.28
1984-09-13;9.5;16.18;22.86;0.0;17.8;0.6;33.41
1984-09-14;9.0;17.3;25.6;0.0;14.1;1.7;25.72
1984-09-15;9.6;16.9;24.2;0.0;17.7;0.67;24.82
1984-09-16;9.7;18.1;26.5;0.0;16.9;1.3;20.9
1984-09-17;11.7;20.55;29.4;0.0;16.814;1.0;20.79
1984-09-18;12.1;21.3;30.5;0.0;16.3;0.9;21.38
1984-09-19;14.35;22.95;31.56;0.0;15.9;1.7;19.75
1984-09-20;17.6;23.93;30.26;0.0;10.282;2.1;31.6
1984-09-21;16.2;23.75;31.3;0.0;15.6;2.6;25.46
1984-09-22;13.21;21.76;30.3;6.9;15.3;3.3;29.29
1984-09-23;9.7;15.19;20.68;0.0;16.6;2.62;34.5
1984-09-24;7.25;14.22;21.2;0.0;15.917;1.5;30.31
1984-09-25;7.5;15.5;23.5;0.0;15.537;1.2;26.8
1984-09-26;9.3;16.45;23.59;0.0;13.483;2.9;36.31
1984-09-27;10.1;16.9;23.7;0.0;15.3;3.3;32.57
1984-09-28;9.7;16.3;22.9;0.0;14.5;2.9;32.1
1984-09-29;8.4;15.85;23.3;0.0;15.3;1.5;26.2
1984-09-30;8.5;16.23;23.97;0.0;15.0;1.4;23.94
1984-10-01;9.6;16.95;24.3;0.0;14.4;2.0;26.8
1984-10-02;10.39;16.64;22.9;0.0;14.172;2.52;31.7
1984-10-03;9.8;13.85;17.9;0.0;7.9;2.2;29.62
1984-10-04;10.0;13.9;17.8;0.0;7.681;2.5;24.8
1984-10-05;6.3;12.82;19.34;0.0;14.227;1.8;24.8
1984-10-06;6.8;10.75;14.7;0.0;13.558;3.9;33.1
1984-10-07;4.8;11.2;17.6;0.0;13.7;2.2;26.1
1984-10-08;5.81;13.62;21.42;0.0;13.53;2.7;24.79
1984-10-09;5.9;11.82;17.75;0.0;13.4;1.7;29.37
1984-10-10;4.3;9.55;14.8;0.0;13.3;2.3;26.6
1984-10-11;2.3;8.6;14.9;0.0;13.019;2.4;27.81
1984-10-12;4.3;9.0;13.7;0.0;9.209;3.2;31.52
1984-10-13;2.6;8.04;13.49;0.0;12.5;2.5;24.8
1984-10-14;-1.3;6.44;14.19;0.0;12.8;1.1;19.13
1984-10-15;2.81;11.82;20.84;0.0;11.512;1.1;24.89
1984-10-16;4.88;14.09;23.3;0.0;12.31;1.7;26.91
1984-10-17;8.5;15.79;23.09;2.85;7.977;3.0;31.3
1984-10-18;7.6;11.39;15.19;3.36;3.3;2.6;66.25
1984-10-19;6.0;9.8;13.6;0.0;10.9;3.3;34.99
1984-10-20;2.79;8.39;13.99;0.0;11.3;2.3;33.11
1984-10-21;6.35;13.57;20.8;0.0;10.4;2.6;36.18
1984-10-22;3.3;8.8;14.3;5.07;10.278;2.8;39.97
1984-10-23;-0.12;5.55;11.21;0.0;10.923;1.6;31.4
1984-10-24;-2.8;4.78;12.36;0.0;11.5;1.2;31.5
1984-10-25;-0.01;7.34;14.7;0.0;8.129;1.4;33.22
1984-10-26;3.68;11.39;19.1;0.0;9.5;1.1;34.8
1984-10-27;4.8;12.75;20.7;0.0;10.0;0.9;33.59
1984-10-28;4.8;13.36;21.91;0.0;10.418;0.9;31.4
1984-10-29;7.5;14.24;20.98;0.0;10.9;1.82;35.71
1984-10-30;6.3;13.17;20.03;0.0;8.4;0.5;35.68
1984-10-31;4.22;11.71;19.2;0.0;8.7;1.1;32.69
1984-11-01;4.9;11.1;17.3;0.0;8.562;1.8;41.23
1984-11-02;5.4;10.71;16.01;0.0;5.7;1.4;44.36
1984-11-03;2.6;10.5;18.4;0.0;8.1;1.1;33.59
1984-11-04;5.26;12.78;20.3;0.0;8.688;1.7;37.5
1984-11-05;7.01;14.5;22.0;0.0;7.8;1.52;35.7
1984-11-06;8.0;14.28;20.56;0.0;6.6;4.1;35.29
1984-11-07;2.58;5.84;9.1;0.0;6.6;4.1;27.28
1984-11-08;0.1;4.35;8.6;0.0;7.9;2.9;27.2
1984-11-09;-2.0;4.25;10.5;0.0;7.663;1.9;29.09
1984-11-10;3.3;10.02;16.73;0.0;7.824;2.4;32.97
1984-11-11;4.49;10.82;17.16;0.0;8.3;2.5;39.36
1984-11-12;4.07;10.09;16.11;0.0;7.5;2.38;40.15
1984-11-13;4.6;11.0;17.4;0.0;7.3;2.3;38.41
1984-11-14;4.6;10.2;15.8;0.0;6.768;3.91;33.06
1984-11-15;1.5;5.57;9.63;0.0;4.292;2.4;32.15
1984-11-16;-2.3;2.1;6.5;0.0;7.132;1.2;32.1
1984-11-17;-4.51;0.35;5.2;0.0;7.022;0.5;35.12
1984-11-18;-3.35;2.68;8.71;0.0;6.115;1.0;35.61
1984-11-19;1.51;7.45;13.38;0.0;3.4;1.4;41.11
1984-11-20;1.82;7.67;13.51;0.0;5.5;2.9;47.16
1984-11-21;5.2;9.86;14.51;0.0;7.7;4.0;35.2
1984-11-22;4.5;9.1;13.7;0.0;1.993;3.1;47.77
1984-11-23;4.26;7.5;10.73;0.0;4.8;5.7;35.18
1984-11-24;-0.7;2.95;6.6;0.0;6.637;2.8;30.57
1984-11-25;-1.03;2.13;5.3;0.0;2.4;1.1;68.7
1984-11-26;3.86;8.19;12.51;0.0;3.647;4.3;52.7
1984-11-27;6.21;10.65;15.1;0.0;3.318;3.6;58.46
1984-11-28;5.01;9.56;14.11;0.0;3.0;4.0;61.71
1984-11-29;2.11;4.96;7.8;0.0;4.5;4.6;45.99
1984-11-30;0.7;4.46;8.23;0.0;2.5;2.2;51.5
1984-12-01;-1.1;1.9;4.9;0.0;2.596;1.2;49.6
1984-12-02;-2.1;2.8;7.7;0.0;7.1;2.6;40.49
1984-12-03;-0.37;2.36;5.1;0.0;5.905;4.1;40.14
1984-12-04;-0.3;4.17;8.64;0.0;4.15;2.8;47.36
1984-12-05;0.2;4.28;8.37;0.0;4.0;1.5;55.81
1984-12-06;1.3;5.13;8.95;0.0;5.1;3.1;49.3
1984-12-07;0.4;4.15;7.9;0.0;5.273;4.4;47.09
1984-12-08;-2.9;2.2;7.3;0.0;4.9;2.6;38.88
1984-12-09;-4.57;-0.64;3.3;0.0;5.1;0.9;33.4
1984-12-10;-3.9;-0.13;3.64;0.0;6.1;0.9;35.49
1984-12-11;-1.2;1.3;3.8;0.0;2.1;1.0;67.2
1984-12-12;-1.3;1.19;3.69;0.0;1.9;1.8;69.3
1984-12-13;-1.6;1.04;3.68;2.3;1.5;1.5;76.13
1984-12-14;-3.1;-0.17;2.76;0.0;4.793;3.1;48.68
1984-12-15;-6.41;-3.41;-0.41;0.0;4.7;3.7;38.0
1984-12-16;-7.8;-4.54;-1.28;0.0;3.791;2.17;34.34
1984-12-17;-8.3;-5.01;-1.72;0.0;5.8;1.0;35.1
1984-12-18;-3.3;-0.21;2.88;1.1;2.5;2.7;74.19
1984-12-19;-6.31;-1.85;2.6;0.0;4.7;2.5;52.59
1984-12-20;-10.3;-7.07;-3.83;0.0;6.6;1.0;29.92
1984-12-21;-12.87;-9.65;-6.43;0.0;6.9;1.2;18.73
1984-12-22;-11.22;-5.46;0.3;0.0;4.8;1.1;35.05
1984-12-23;-1.5;1.65;4.8;2.88;1.9;4.4;77.6
1984-12-24;1.17;4.54;7.9;1.5;3.3;2.53;74.14
1984-12-25;0.9;3.75;6.6;0.0;4.399;4.71;60.76
1984-12-26;-0.1;2.89;5.88;0.0;3.9;3.3;66.63
1984-12-27;-8.01;-3.11;1.78;0.0;2.6;2.9;46.6
1984-12-28;-9.87;-6.82;-3.77;0.0;6.616;2.0;26.18
1984-12-29;-10.96;-7.78;-4.6;0.0;6.7;1.09;22.76
1984-12-30;-9.93;-4.76;0.4;0.0;6.405;1.3;40.66
1984-12-31;-6.2;-2.25;1.7;0.0;6.4;1.29;63.4
