iso-date;tmin;tavg;tmax;precip;globrad;wind;relhumid
1980-01-01;0.72;3.01;5.3;0.0;2.028;5.41;80.5
1980-01-02;-1.56;1.07;3.7;0.0;1.9;5.1;77.0
1980-01-03;-2.51;-0.85;0.81;0.0;2.7;5.2;65.5
1980-01-04;-2.95;-0.81;1.33;0.0;2.9;3.6;65.1
1980-01-05;-3.8;-1.15;1.51;0.0;3.002;6.0;65.4
1980-01-06;-4.3;-2.15;0.0;0.0;2.805;4.6;65.49
1980-01-07;-2.56;1.01;4.59;1.68;2.1;2.4;85.6
1980-01-08;1.78;3.89;6.0;0.0;2.9;5.35;89.9
1980-01-09;1.36;3.92;6.47;0.0;3.0;3.9;87.7
1980-01-10;1.2;3.8;6.4;0.0;3.1;4.0;84.9
1980-01-11;1.1;3.7;6.3;0.0;3.2;1.7;87.05
1980-01-12;1.4;4.05;6.7;0.0;2.3;0.68;87.7
1980-01-13;2.71;4.94;7.16;0.0;2.4;2.3;87.0
1980-01-14;2.7;5.05;7.4;0.0;2.9;5.2;79.68
1980-01-15;2.7;4.95;7.2;0.0;3.0;5.6;71.56
1980-01-16;1.3;3.8;6.3;0.0;2.4;1.3;80.7
1980-01-17;0.9;4.5;8.1;10.14;1.1;2.2;78.94
1980-01-18;0.9;3.9;6.9;0.0;3.5;2.5;80.06
1980-01-19;0.3;2.85;5.4;0.0;3.9;2.55;74.48
1980-01-20;-0.3;2.4;5.09;0.0;3.6;1.7;67.36
1980-01-21;0.08;2.44;4.8;0.0;3.6;2.17;73.07
1980-01-22;0.3;3.25;6.2;0.0;2.8;4.0;81.6
1980-01-23;-1.0;1.5;4.0;0.0;3.5;2.6;78.2
1980-01-24;-2.5;-0.05;2.39;0.0;3.8;0.7;79.21
1980-01-25;-2.9;-0.45;2.0;0.0;4.0;0.6;58.87
1980-01-26;-2.54;1.03;4.6;1.95;4.3;3.01;62.11
1980-01-27;0.85;3.11;5.38;12.21;2.6;7.5;87.4
1980-01-28;-4.4;0.15;4.7;0.0;4.1;5.4;76.29
1980-01-29;-4.86;-2.83;-0.8;0.0;4.4;2.29;59.47
1980-01-30;-4.6;-1.7;1.2;0.0;5.6;2.6;61.24
1980-01-31;-3.03;-0.49;2.05;0.0;4.5;4.0;73.5
1980-02-01;-4.2;-0.57;3.06;0.0;4.632;4.9;59.03
1980-02-02;-0.31;2.77;5.84;0.0;4.1;6.71;83.97
1980-02-03;-1.5;2.43;6.36;0.0;3.4;5.1;81.6
1980-02-04;4.0;6.5;9.0;0.0;4.1;5.6;64.08
1980-02-05;0.5;3.9;7.3;0.0;4.575;2.0;70.6
1980-02-06;-0.3;3.15;6.6;0.0;5.0;1.5;71.85
1980-02-07;0.0;3.08;6.15;0.0;3.4;3.2;82.35
1980-02-08;3.9;7.1;10.3;0.0;3.4;2.59;77.52
1980-02-09;4.2;7.5;10.8;0.0;5.5;3.28;71.35
1980-02-10;2.5;6.2;9.9;0.0;4.619;1.7;65.52
1980-02-11;2.98;6.89;10.8;0.0;6.2;1.0;56.89
1980-02-12;1.91;6.05;10.2;0.0;5.15;1.89;63.28
1980-02-13;3.8;6.85;9.9;0.0;6.2;4.7;72.61
1980-02-14;2.59;6.1;9.62;0.0;6.078;2.2;59.03
1980-02-15;0.26;4.93;9.6;0.0;5.5;0.33;61.79
1980-02-16;3.1;7.1;11.1;0.0;6.7;0.35;64.22
1980-02-17;4.36;6.97;9.59;1.1;2.952;2.9;83.11
1980-02-18;0.8;4.05;7.3;0.0;5.746;1.6;54.16
1980-02-19;-0.57;2.86;6.3;0.0;7.4;2.4;45.84
1980-02-20;0.1;3.7;7.3;0.0;6.0;5.7;43.83
1980-02-21;-1.0;1.15;3.29;0.0;7.539;6.9;35.62
1980-02-22;-0.8;2.6;6.0;0.0;7.6;4.1;36.22
1980-02-23;-0.6;2.7;6.0;0.0;7.9;4.9;31.15
1980-02-24;0.5;4.2;7.9;0.0;7.6;5.7;38.5
1980-02-25;3.04;6.65;10.26;2.5;3.7;4.6;75.52
1980-02-26;7.8;12.1;16.4;8.17;4.1;4.8;75.22
1980-02-27;7.84;12.13;16.43;0.0;5.1;4.7;72.04
1980-02-28;7.6;9.7;11.8;0.0;2.9;1.79;86.62
1980-02-29;0.0;0.0;0.0;0.0;0.0;0.0;0.0
1980-03-01;3.83;10.11;16.4;0.0;9.006;2.5;48.2
1980-03-02;6.8;11.75;16.7;0.0;7.7;3.2;55.15
1980-03-03;7.8;10.45;13.1;0.0;5.3;3.8;77.91
1980-03-04;9.02;12.6;16.18;0.0;4.9;1.6;78.98
1980-03-05;8.63;14.93;21.23;0.0;5.7;2.5;63.6
1980-03-06;8.33;12.52;16.7;5.48;4.5;2.7;75.6
1980-03-07;8.21;13.53;18.84;0.0;5.7;0.47;75.04
1980-03-08;8.06;11.13;14.2;2.5;4.6;3.02;83.35
1980-03-09;10.36;13.38;16.4;1.4;4.6;3.6;84.11
1980-03-10;10.51;15.8;21.1;0.0;8.9;1.99;62.64
1980-03-11;8.79;12.72;16.65;0.0;5.0;1.69;79.66
1980-03-12;3.0;7.3;11.6;0.0;5.601;5.6;50.86
1980-03-13;1.28;5.14;9.0;0.0;13.3;3.5;30.75
1980-03-14;-0.32;5.49;11.3;0.0;12.337;1.89;32.38
1980-03-15;4.0;9.59;15.17;0.0;8.204;1.05;44.07
1980-03-16;5.7;10.04;14.38;0.0;7.9;0.5;53.24
1980-03-17;5.3;8.75;12.2;1.1;6.4;2.7;64.22
1980-03-18;3.15;7.58;12.0;1.1;9.5;3.1;51.79
1980-03-19;1.3;6.2;11.09;0.0;14.293;2.3;37.31
1980-03-20;0.8;5.55;10.3;0.0;7.626;1.5;48.2
1980-03-21;2.95;7.19;11.43;0.0;14.456;2.3;41.18
1980-03-22;1.0;6.25;11.5;0.0;13.205;2.4;43.29
1980-03-23;2.1;7.15;12.2;0.0;14.404;1.8;42.7
1980-03-24;0.26;6.23;12.2;0.0;15.918;0.5;35.67
1980-03-25;1.2;6.99;12.79;0.0;12.4;2.0;40.18
1980-03-26;4.79;9.73;14.67;0.0;11.527;2.7;41.4
1980-03-27;4.1;9.45;14.8;0.0;13.5;3.2;41.82
1980-03-28;7.8;11.2;14.6;4.19;4.894;5.74;78.16
1980-03-29;2.18;6.74;11.3;0.0;9.5;3.2;50.64
1980-03-30;1.0;5.55;10.1;0.0;11.8;0.9;41.29
1980-03-31;4.1;9.7;15.3;0.0;6.9;2.3;50.5
1980-04-01;6.1;10.9;15.7;0.0;16.388;3.1;46.55
1980-04-02;4.9;10.1;15.3;0.0;9.6;3.0;46.9
1980-04-03;4.0;8.0;12.0;8.82;3.779;4.35;73.73
1980-04-04;3.5;6.85;10.2;0.0;12.2;3.7;42.88
1980-04-05;5.0;7.8;10.6;4.79;8.3;2.5;75.0
1980-04-06;2.6;7.0;11.4;0.0;14.713;1.0;46.29
1980-04-07;0.28;5.32;10.37;0.0;15.008;1.1;43.9
1980-04-08;2.1;6.08;10.05;0.0;9.9;3.0;40.39
1980-04-09;0.7;3.93;7.16;0.0;18.8;4.9;22.87
1980-04-10;-0.5;3.55;7.6;0.0;19.111;4.2;23.3
1980-04-11;-0.1;3.7;7.5;0.0;11.8;3.6;38.2
1980-04-12;0.7;4.6;8.5;0.0;9.935;3.1;56.0
1980-04-13;0.1;5.36;10.62;0.0;11.8;2.6;48.2
1980-04-14;6.4;9.41;12.42;0.0;10.7;3.7;55.46
1980-04-15;3.7;6.95;10.2;0.0;13.832;5.1;37.28
1980-04-16;2.6;6.2;9.8;0.0;13.2;2.5;43.97
1980-04-17;2.51;6.96;11.4;0.0;10.084;5.8;48.3
1980-04-18;6.7;10.97;15.25;4.1;12.4;6.25;46.15
1980-04-19;4.7;8.9;13.1;0.0;13.65;2.3;50.77
1980-04-20;3.8;8.97;14.14;0.0;17.7;1.2;41.59
1980-04-21;5.46;9.23;13.0;0.0;7.8;2.4;64.72
1980-04-22;6.15;12.07;18.0;1.43;14.0;1.8;44.69
1980-04-23;7.0;12.48;17.96;0.0;14.161;1.2;44.01
1980-04-24;6.3;12.16;18.01;3.25;10.7;1.8;45.29
1980-04-25;4.2;12.0;19.8;0.0;22.149;1.6;34.6
1980-04-26;6.5;11.85;17.2;2.5;14.503;2.0;49.89
1980-04-27;5.56;12.18;18.8;0.0;12.531;2.0;45.32
1980-04-28;8.0;12.92;17.84;0.0;15.734;3.4;45.27
1980-04-29;6.4;10.5;14.59;0.0;14.7;3.5;40.7
1980-04-30;5.5;11.25;17.0;0.0;17.3;2.83;41.05
1980-05-01;8.79;12.2;15.6;0.0;16.5;3.2;49.4
1980-05-02;5.0;9.51;14.02;0.0;18.506;3.5;47.9
1980-05-03;7.4;13.3;19.2;6.8;10.365;5.3;45.73
1980-05-04;6.1;9.75;13.4;2.8;12.618;5.4;44.45
1980-05-05;5.2;9.0;12.8;0.0;15.172;3.5;41.0
1980-05-06;6.3;10.14;13.99;0.0;17.523;3.62;42.05
1980-05-07;6.4;9.44;12.48;2.21;8.509;3.4;64.74
1980-05-08;7.6;11.15;14.7;0.0;9.399;1.8;64.26
1980-05-09;8.8;11.95;15.1;0.0;10.9;1.1;64.44
1980-05-10;8.7;12.45;16.2;8.07;8.3;1.6;65.32
1980-05-11;7.2;12.1;17.0;0.0;14.8;2.1;49.73
1980-05-12;8.41;12.71;17.0;7.19;10.1;4.5;54.52
1980-05-13;8.1;10.95;13.8;4.42;10.9;4.06;69.66
1980-05-14;7.8;10.18;12.55;1.2;8.65;2.5;77.91
1980-05-15;8.42;10.01;11.6;2.5;4.815;4.1;85.31
1980-05-16;6.84;10.44;14.04;9.3;12.6;3.0;62.44
1980-05-17;5.7;10.35;15.0;3.3;15.86;1.2;53.31
1980-05-18;6.7;10.35;14.0;0.0;14.9;1.49;48.2
1980-05-19;6.76;9.68;12.59;0.0;10.289;1.8;64.14
1980-05-20;5.71;12.21;18.7;0.0;25.319;3.1;33.99
1980-05-21;5.1;9.4;13.7;0.0;15.1;3.5;52.42
1980-05-22;6.91;11.36;15.8;0.0;12.7;3.2;49.92
1980-05-23;6.2;10.46;14.73;0.0;13.1;3.7;54.22
1980-05-24;9.2;13.9;18.6;0.0;14.81;5.3;47.2
1980-05-25;8.6;13.55;18.5;0.0;16.0;5.3;40.01
1980-05-26;7.1;13.66;20.21;0.0;22.0;2.7;35.1
1980-05-27;6.2;11.13;16.07;0.0;13.6;2.1;48.5
1980-05-28;6.9;11.45;16.0;1.2;8.364;3.5;45.74
1980-05-29;8.2;13.0;17.8;1.7;15.3;5.2;42.65
1980-05-30;8.91;11.56;14.21;0.0;14.7;5.8;36.23
1980-05-31;7.84;11.02;14.2;0.0;14.835;5.47;41.27
1980-06-01;8.58;11.44;14.3;9.2;6.684;4.81;63.63
1980-06-02;8.9;12.43;15.96;0.0;12.4;4.19;56.87
1980-06-03;6.0;10.95;15.9;0.0;18.874;2.4;47.2
1980-06-04;8.3;11.32;14.35;3.56;10.166;4.2;69.46
1980-06-05;10.7;15.1;19.5;2.7;7.986;2.8;64.61
1980-06-06;9.4;14.45;19.5;0.0;13.6;3.0;52.82
1980-06-07;6.92;11.64;16.37;0.0;17.2;2.9;41.6
1980-06-08;6.2;11.8;17.4;0.0;22.912;1.0;38.7
1980-06-09;10.5;14.5;18.5;0.0;12.6;0.6;47.75
1980-06-10;6.8;14.0;21.2;0.0;26.109;2.3;30.2
1980-06-11;10.1;16.86;23.62;0.0;23.554;3.1;36.29
1980-06-12;13.0;19.98;26.97;21.74;24.577;2.4;38.39
1980-06-13;12.5;17.01;21.52;5.9;16.505;3.3;57.22
1980-06-14;11.08;15.54;20.0;0.0;18.3;2.5;42.4
1980-06-15;9.5;15.2;20.9;2.0;15.4;1.3;42.6
1980-06-16;9.8;16.1;22.4;0.0;23.873;0.5;40.77
1980-06-17;8.9;16.0;23.11;0.0;19.917;1.2;39.33
1980-06-18;10.9;17.46;24.02;8.45;15.208;2.5;47.91
1980-06-19;11.5;16.9;22.3;0.0;20.25;3.6;48.48
1980-06-20;8.9;16.05;23.2;9.1;24.7;0.5;35.99
1980-06-21;11.4;16.45;21.5;13.52;16.17;2.9;42.5
1980-06-22;10.4;14.45;18.5;0.0;21.847;3.7;40.1
1980-06-23;8.7;15.15;21.6;5.49;23.5;1.6;40.93
1980-06-24;12.0;16.48;20.97;0.0;17.4;2.89;47.38
1980-06-25;12.5;16.95;21.39;0.0;15.6;3.8;49.88
1980-06-26;12.9;17.98;23.06;2.5;14.3;2.8;54.01
1980-06-27;12.9;17.1;21.3;9.45;16.519;5.0;63.91
1980-06-28;10.2;13.0;15.8;1.6;14.218;4.93;50.8
1980-06-29;9.5;12.65;15.8;2.31;11.191;3.9;59.38
1980-06-30;11.1;14.8;18.5;2.2;18.164;3.9;47.88
1980-07-01;9.68;12.24;14.8;2.2;19.9;4.3;48.46
1980-07-02;8.7;11.86;15.02;1.2;13.2;4.2;51.92
1980-07-03;9.99;14.89;19.8;0.0;22.009;2.9;38.7
1980-07-04;11.5;16.3;21.1;0.0;11.7;2.6;50.49
1980-07-05;12.3;16.66;21.01;0.0;21.99;2.8;41.47
1980-07-06;12.3;17.77;23.23;1.1;20.004;4.5;36.58
1980-07-07;11.6;14.75;17.9;2.2;7.912;5.0;57.21
1980-07-08;10.8;14.05;17.3;0.0;15.445;4.6;42.7
1980-07-09;8.7;11.99;15.29;0.0;13.0;3.0;47.42
1980-07-10;7.35;12.89;18.42;0.0;22.067;1.8;38.29
1980-07-11;11.6;16.75;21.9;0.0;20.3;2.6;38.67
1980-07-12;10.2;14.52;18.84;2.7;11.7;2.9;50.64
1980-07-13;12.5;16.25;20.0;12.72;11.666;1.9;66.32
1980-07-14;11.4;14.91;18.43;0.0;17.6;4.0;46.31
1980-07-15;8.7;13.74;18.79;0.0;21.394;2.3;38.8
1980-07-16;7.84;14.92;22.0;0.0;21.9;2.1;33.8
1980-07-17;13.4;16.3;19.2;4.37;8.796;2.4;76.9
1980-07-18;12.1;15.2;18.3;17.44;10.5;1.1;84.13
1980-07-19;12.9;16.55;20.2;1.6;12.8;3.7;64.83
1980-07-20;13.2;17.3;21.4;0.0;12.5;1.8;53.77
1980-07-21;13.9;18.15;22.4;1.2;13.431;0.07;56.62
1980-07-22;12.5;17.3;22.1;13.41;12.7;1.7;58.86
1980-07-23;10.5;15.65;20.8;0.0;15.934;1.18;55.2
1980-07-24;13.04;16.22;19.4;3.82;8.101;2.1;79.1
1980-07-25;13.68;18.12;22.56;0.0;18.2;3.4;50.1
1980-07-26;13.45;17.06;20.67;0.0;17.003;3.4;39.13
1980-07-27;10.4;15.1;19.8;0.0;18.207;2.1;49.21
1980-07-28;8.42;14.11;19.8;0.0;21.035;1.3;38.2
1980-07-29;13.2;15.95;18.7;6.22;5.7;4.4;63.81
1980-07-30;12.7;16.5;20.3;0.0;16.8;4.2;46.3
1980-07-31;12.3;16.18;20.06;9.3;5.7;2.4;56.3
1980-08-01;12.5;15.68;18.86;1.33;9.093;2.6;71.4
1980-08-02;9.2;12.65;16.1;2.7;12.8;3.0;53.58
1980-08-03;7.7;11.85;16.0;2.4;12.2;2.7;52.86
1980-08-04;12.2;15.8;19.4;1.2;15.13;4.0;50.05
1980-08-05;13.39;16.59;19.8;9.3;8.2;3.7;71.33
1980-08-06;12.8;15.55;18.3;0.0;14.043;3.81;53.01
1980-08-07;12.3;16.37;20.43;5.64;7.997;3.7;69.15
1980-08-08;12.7;16.0;19.3;14.89;8.097;2.1;82.34
1980-08-09;9.0;12.95;16.9;0.0;17.417;3.2;45.21
1980-08-10;6.3;10.79;15.27;10.49;14.1;1.8;49.64
1980-08-11;10.9;12.85;14.8;29.68;5.269;5.57;81.68
1980-08-12;10.66;12.21;13.76;0.0;12.9;5.97;47.42
1980-08-13;9.1;12.7;16.3;0.0;16.1;3.9;43.9
1980-08-14;6.53;12.72;18.91;7.3;16.62;2.1;41.83
1980-08-15;12.4;16.1;19.8;16.72;7.971;4.0;71.9
1980-08-16;12.1;15.5;18.9;3.01;11.583;4.1;66.34
1980-08-17;10.91;14.8;18.7;2.22;8.227;3.0;61.4
1980-08-18;13.0;17.2;21.39;0.0;13.7;1.4;50.95
1980-08-19;12.0;17.2;22.4;0.0;16.7;1.0;48.85
1980-08-20;11.5;17.0;22.5;0.0;16.293;2.5;49.63
1980-08-21;14.9;18.85;22.8;1.1;11.3;3.8;57.31
1980-08-22;10.28;13.79;17.3;0.0;14.586;2.9;50.06
1980-08-23;11.0;13.11;15.22;0.0;11.75;2.1;57.76
1980-08-24;9.8;11.88;13.95;0.0;10.676;2.2;59.37
1980-08-25;9.2;11.98;14.77;0.0;10.9;1.7;49.4
1980-08-26;8.1;13.84;19.57;0.0;13.471;2.08;49.99
1980-08-27;10.3;15.3;20.3;0.0;12.4;0.8;57.14
1980-08-28;12.0;16.5;21.0;0.0;15.3;1.7;49.1
1980-08-29;11.2;16.8;22.4;4.85;12.0;3.0;44.0
1980-08-30;11.66;15.43;19.2;3.2;11.4;3.7;62.89
1980-08-31;10.04;13.27;16.5;6.89;7.338;4.86;69.41
1980-09-01;10.0;12.5;15.0;0.0;9.624;5.9;53.29
1980-09-02;8.52;11.61;14.7;0.0;11.3;4.3;51.93
1980-09-03;8.47;12.14;15.8;5.6;9.483;3.0;60.32
1980-09-04;12.2;16.22;20.24;2.5;7.1;4.3;77.85
1980-09-05;15.64;18.42;21.2;0.0;8.3;4.7;63.25
1980-09-06;13.59;17.95;22.3;0.0;12.4;3.1;54.25
1980-09-07;11.5;17.74;23.98;0.0;16.706;3.01;44.53
1980-09-08;11.2;15.05;18.9;0.0;14.7;3.56;53.88
1980-09-09;9.2;12.5;15.8;0.0;10.905;2.5;53.11
1980-09-10;7.5;12.14;16.78;0.0;16.0;2.5;44.1
1980-09-11;8.3;13.75;19.2;0.0;15.51;4.23;36.3
1980-09-12;13.0;15.6;18.2;5.88;6.2;3.7;80.66
1980-09-13;11.83;15.02;18.2;18.04;6.1;1.9;84.05
1980-09-14;9.28;13.14;17.0;0.0;9.7;3.7;66.55
1980-09-15;10.81;14.75;18.7;0.0;10.315;2.8;61.65
1980-09-16;12.8;15.6;18.4;0.0;8.588;3.4;62.83
1980-09-17;8.8;12.85;16.9;2.57;5.8;4.4;69.2
1980-09-18;6.7;10.89;15.09;0.0;9.467;3.5;53.03
1980-09-19;9.94;12.22;14.5;1.8;6.0;5.3;74.71
1980-09-20;6.8;9.0;11.2;0.0;10.9;4.3;60.13
1980-09-21;6.7;9.06;11.43;1.8;7.5;2.0;60.37
1980-09-22;8.8;9.95;11.1;6.4;4.1;3.76;86.23
1980-09-23;9.8;12.13;14.45;2.77;4.99;4.8;83.46
1980-09-24;11.0;14.2;17.4;1.9;7.4;3.2;73.6
1980-09-25;7.1;11.4;15.7;1.1;6.7;4.5;65.1
1980-09-26;4.9;9.72;14.54;0.0;11.1;2.12;53.1
1980-09-27;10.7;12.95;15.2;0.0;5.7;2.63;76.17
1980-09-28;6.5;11.1;15.7;0.0;9.8;1.0;54.43
1980-09-29;4.33;9.41;14.5;0.0;11.1;0.6;48.95
1980-09-30;7.59;10.64;13.7;1.9;10.6;2.8;58.81
1980-10-01;9.5;12.05;14.6;0.0;6.377;5.11;64.62
1980-10-02;7.6;10.64;13.69;1.12;4.9;2.8;72.53
1980-10-03;11.8;14.05;16.3;0.0;5.796;3.92;75.73
1980-10-04;7.28;10.64;14.0;0.0;7.1;1.8;57.06
1980-10-05;10.3;14.38;18.46;1.16;4.9;3.6;74.0
1980-10-06;10.0;14.05;18.1;0.0;6.649;2.8;69.76
1980-10-07;11.0;14.85;18.7;0.0;6.0;2.9;71.32
1980-10-08;6.1;10.7;15.3;0.0;9.604;2.7;52.41
1980-10-09;5.6;9.75;13.9;0.0;10.0;2.6;50.22
1980-10-10;3.5;8.75;14.0;0.0;9.808;1.9;48.28
1980-10-11;2.32;8.23;14.14;0.0;9.1;1.13;46.23
1980-10-12;1.7;7.6;13.5;0.0;9.3;1.5;46.79
1980-10-13;1.86;8.23;14.6;0.0;10.226;0.6;45.11
1980-10-14;3.99;7.56;11.13;0.0;7.9;3.6;54.23
1980-10-15;2.29;5.95;9.6;0.0;10.3;2.4;47.97
1980-10-16;4.9;8.75;12.6;4.73;2.7;4.5;66.68
1980-10-17;1.0;5.5;10.0;0.0;9.1;1.55;42.3
1980-10-18;1.27;5.93;10.6;0.0;3.7;3.0;60.51
1980-10-19;6.7;8.45;10.2;1.1;6.2;1.9;78.06
1980-10-20;4.99;7.25;9.5;11.68;1.797;2.9;86.38
1980-10-21;1.8;5.2;8.6;0.0;6.6;3.5;57.75
1980-10-22;-0.1;4.37;8.84;0.0;8.8;1.6;48.39
1980-10-23;4.0;7.88;11.77;17.4;2.1;3.8;77.32
1980-10-24;4.3;7.2;10.09;0.0;5.0;3.9;61.73
1980-10-25;0.6;4.67;8.75;1.2;4.8;1.9;69.52
1980-10-26;7.27;9.54;11.8;0.0;2.7;3.9;84.4
1980-10-27;4.68;8.94;13.2;4.3;4.529;3.9;68.87
1980-10-28;11.14;12.57;14.0;2.8;1.709;4.1;90.7
1980-10-29;10.9;12.8;14.7;0.0;3.2;4.3;85.72
1980-10-30;8.9;11.7;14.5;0.0;6.1;3.6;74.0
1980-10-31;11.5;12.95;14.4;12.62;2.8;5.0;87.55
1980-11-01;8.1;10.8;13.5;0.0;5.1;4.0;84.18
1980-11-02;8.4;10.73;13.05;0.0;4.8;4.2;80.91
1980-11-03;6.0;9.2;12.4;0.0;4.8;4.4;63.62
1980-11-04;3.8;8.3;12.8;0.0;5.3;3.2;51.41
1980-11-05;5.2;8.4;11.6;3.8;7.0;4.2;59.2
1980-11-06;8.7;11.15;13.6;5.8;2.0;4.5;85.7
1980-11-07;8.49;10.0;11.5;1.47;1.7;3.4;90.5
1980-11-08;8.75;11.03;13.3;0.0;2.9;3.8;85.11
1980-11-09;6.82;9.81;12.8;16.82;3.7;3.0;81.63
1980-11-10;6.6;8.55;10.5;7.42;1.2;4.2;89.1
1980-11-11;7.6;10.26;12.92;16.73;2.2;3.1;84.44
1980-11-12;5.7;8.8;11.9;5.9;2.134;2.5;86.21
1980-11-13;3.9;5.45;7.0;3.05;2.6;3.0;86.62
1980-11-14;3.17;4.75;6.33;1.58;2.8;4.9;86.3
1980-11-15;3.2;7.35;11.5;5.61;1.9;4.99;47.07
1980-11-16;8.1;10.5;12.9;0.0;2.9;3.9;82.58
1980-11-17;6.7;9.4;12.1;0.0;4.2;3.0;79.0
1980-11-18;8.7;11.3;13.9;19.81;1.637;5.22;84.41
1980-11-19;7.67;9.88;12.1;2.5;1.1;5.85;86.2
1980-11-20;5.5;7.9;10.3;0.0;3.5;4.4;66.69
1980-11-21;3.9;6.15;8.4;0.0;1.6;2.8;90.01
1980-11-22;2.0;4.6;7.2;0.0;2.6;1.2;83.94
1980-11-23;3.03;4.96;6.9;6.06;1.4;3.6;85.94
1980-11-24;4.3;5.75;7.2;7.05;1.361;4.4;91.43
1980-11-25;1.3;3.73;6.15;0.0;2.0;4.8;84.43
1980-11-26;-0.61;1.77;4.15;0.0;3.5;2.9;85.0
1980-11-27;-0.5;2.39;5.28;0.0;1.9;3.1;86.6
1980-11-28;0.3;3.2;6.1;0.0;2.5;1.0;81.98
1980-11-29;0.0;2.65;5.3;6.43;2.3;3.1;86.78
1980-11-30;2.61;4.35;6.1;0.0;2.2;3.5;84.0
1980-12-01;1.3;3.6;5.9;0.0;3.51;3.3;66.12
1980-12-02;1.0;3.05;5.1;0.0;3.0;4.8;67.87
1980-12-03;0.75;3.67;6.6;4.3;1.2;4.72;75.7
1980-12-04;4.4;5.75;7.1;1.2;1.3;1.0;91.31
1980-12-05;4.3;5.67;7.04;0.0;1.2;1.8;91.2
1980-12-06;4.2;6.65;9.1;1.4;1.7;2.0;85.11
1980-12-07;3.3;5.65;8.0;9.24;1.1;3.78;90.98
1980-12-08;2.41;4.71;7.0;0.0;1.1;1.4;88.11
1980-12-09;-1.1;1.9;4.9;0.0;2.9;4.2;56.24
1980-12-10;-1.54;0.48;2.5;0.0;3.482;1.7;63.55
1980-12-11;-1.2;0.65;2.5;0.0;1.879;0.5;75.8
1980-12-12;-1.1;0.85;2.8;0.0;1.607;0.5;84.6
1980-12-13;1.1;3.42;5.74;0.0;2.1;1.5;88.0
1980-12-14;0.5;2.69;4.87;0.0;1.9;1.4;89.85
1980-12-15;1.2;3.5;5.8;0.0;1.7;0.6;86.2
1980-12-16;1.3;4.05;6.8;0.0;1.6;1.0;83.65
1980-12-17;0.9;3.26;5.62;0.0;3.0;2.02;86.85
1980-12-18;1.1;3.65;6.2;4.5;1.6;3.3;78.97
1980-12-19;-0.1;1.97;4.03;0.0;2.5;3.0;75.01
1980-12-20;0.6;2.55;4.5;0.0;2.1;5.2;65.5
1980-12-21;-0.47;1.42;3.3;0.0;2.6;4.8;68.89
1980-12-22;-0.5;1.45;3.4;0.0;2.7;3.7;75.52
1980-12-23;-0.5;1.4;3.3;0.0;2.6;3.7;82.2
1980-12-24;-0.03;2.23;4.5;0.0;3.3;5.6;77.23
1980-12-25;1.5;3.45;5.4;0.0;1.7;4.0;88.8
1980-12-26;2.41;3.91;5.4;0.0;1.5;2.3;89.8
1980-12-27;-0.1;2.5;5.09;0.0;2.2;0.5;87.9
1980-12-28;-0.4;4.43;9.27;11.57;2.0;3.7;55.55
1980-12-29;8.3;9.96;11.63;5.99;1.2;4.7;88.5
1980-12-30;7.79;9.5;11.21;1.6;1.6;5.4;84.6
1980-12-31;7.4;9.35;11.3;1.2;2.0;5.2;85.37
1981-01-01;4.9;7.1;9.3;2.8;2.6;5.12;77.36
1981-01-02;6.4;8.35;10.3;2.81;1.5;6.24;85.71
1981-01-03;1.69;5.79;9.9;1.1;1.3;6.1;65.56
1981-01-04;1.2;3.64;6.08;1.2;1.7;0.5;86.31
1981-01-05;3.2;4.85;6.5;4.03;1.6;3.9;87.44
1981-01-06;1.8;4.25;6.7;0.0;3.0;5.3;77.43
1981-01-07;1.1;3.15;5.2;0.0;2.6;3.4;72.74
1981-01-08;-1.5;0.51;2.53;0.0;3.0;2.4;85.3
1981-01-09;-2.11;0.9;3.9;1.5;3.9;2.9;69.1
1981-01-10;1.71;4.61;7.5;9.37;3.4;3.9;78.98
1981-01-11;4.31;6.46;8.61;0.0;2.2;2.3;86.88
1981-01-12;4.5;7.3;10.1;0.0;2.1;3.5;82.0
1981-01-13;4.8;7.12;9.44;4.34;1.5;4.9;84.98
1981-01-14;4.5;7.09;9.69;1.2;1.8;5.8;82.86
1981-01-15;3.08;5.74;8.4;1.2;2.9;1.6;82.74
1981-01-16;3.7;6.5;9.3;1.99;2.9;2.4;76.9
1981-01-17;3.8;6.9;10.0;5.1;1.6;4.5;81.42
1981-01-18;1.9;5.27;8.63;0.0;2.2;2.8;81.4
1981-01-19;3.77;6.77;9.78;0.0;2.055;3.98;79.99
1981-01-20;1.8;5.31;8.81;0.0;3.5;1.8;73.83
1981-01-21;0.7;4.37;8.04;0.0;3.9;0.7;74.47
1981-01-22;2.89;5.65;8.4;0.0;3.6;4.6;67.24
1981-01-23;3.2;6.01;8.82;0.0;3.8;5.1;65.75
1981-01-24;3.6;6.0;8.4;1.7;4.304;7.2;58.28
1981-01-25;6.2;8.29;10.37;0.0;2.8;5.6;83.39
1981-01-26;6.0;8.25;10.5;2.93;2.199;4.72;82.5
1981-01-27;6.89;8.89;10.9;1.4;3.6;5.5;82.0
1981-01-28;4.8;7.75;10.7;0.0;2.279;5.8;77.0
1981-01-29;4.4;6.91;9.41;0.0;3.2;1.5;82.46
1981-01-30;1.8;4.68;7.56;0.0;3.8;2.0;76.13
1981-01-31;1.7;4.55;7.4;0.0;2.2;2.4;84.31
1981-02-01;4.42;6.71;9.0;0.0;2.976;3.1;78.78
1981-02-02;5.2;7.15;9.1;1.2;2.318;1.0;86.6
1981-02-03;5.7;7.95;10.2;1.2;4.4;2.2;82.35
1981-02-04;7.15;8.63;10.1;1.5;1.9;1.4;88.74
1981-02-05;5.86;8.58;11.3;2.48;1.9;2.3;84.34
1981-02-06;6.95;9.22;11.5;0.0;2.743;6.2;73.59
1981-02-07;5.9;8.7;11.5;1.7;4.7;3.34;69.22
1981-02-08;7.1;9.02;10.93;4.1;2.468;3.4;85.98
1981-02-09;4.0;6.5;9.0;0.0;3.1;2.99;82.77
1981-02-10;3.3;6.9;10.5;0.0;3.499;4.8;65.58
1981-02-11;7.4;8.8;10.2;2.2;1.9;6.4;87.1
1981-02-12;3.1;6.6;10.1;0.0;5.1;4.9;47.71
1981-02-13;1.36;5.63;9.9;0.0;6.055;3.7;50.19
1981-02-14;4.43;7.81;11.2;0.0;5.538;4.02;55.32
1981-02-15;1.85;5.72;9.6;0.0;6.8;2.1;53.08
1981-02-16;1.8;5.61;9.42;0.0;6.677;2.47;55.89
1981-02-17;0.6;4.75;8.9;0.0;5.7;3.2;60.49
1981-02-18;3.3;6.7;10.1;1.1;4.8;6.2;63.9
1981-02-19;3.1;7.16;11.22;0.0;4.9;2.9;58.15
1981-02-20;1.2;5.9;10.6;0.0;6.7;2.2;56.19
1981-02-21;2.0;5.5;9.0;0.0;6.7;5.5;48.65
1981-02-22;0.0;3.45;6.9;0.0;7.705;2.86;35.9
1981-02-23;1.8;6.5;11.2;3.9;4.3;4.4;55.77
1981-02-24;4.38;7.39;10.41;0.0;4.9;6.3;63.53
1981-02-25;3.1;6.6;10.1;0.0;6.1;6.8;44.94
1981-02-26;1.67;5.28;8.89;0.0;7.9;5.0;43.65
1981-02-27;3.0;6.66;10.31;0.0;5.2;3.6;54.7
1981-02-28;2.4;6.2;10.0;3.7;6.307;4.3;61.71
1981-03-01;-0.2;4.2;8.6;1.2;7.9;2.3;53.17
1981-03-02;4.3;7.95;11.6;7.62;2.645;3.7;74.41
1981-03-03;5.8;8.0;10.2;3.22;3.3;1.91;83.24
1981-03-04;3.03;6.31;9.6;0.0;5.4;2.29;71.72
1981-03-05;2.8;7.1;11.4;8.54;6.5;2.5;57.2
1981-03-06;4.8;7.95;11.1;0.0;8.1;5.6;59.1
1981-03-07;4.0;7.7;11.4;0.0;8.4;4.3;38.96
1981-03-08;2.8;7.2;11.6;0.0;7.72;2.34;54.07
1981-03-09;1.8;6.7;11.6;6.0;7.9;1.73;59.01
1981-03-10;4.8;8.2;11.6;0.0;9.0;3.1;69.72
1981-03-11;4.9;8.1;11.3;0.0;5.7;2.5;69.5
1981-03-12;6.1;9.66;13.21;1.5;4.5;3.2;71.34
1981-03-13;4.4;9.86;15.32;0.0;9.741;1.5;46.9
1981-03-14;4.0;8.55;13.1;0.0;9.892;2.41;48.2
1981-03-15;4.2;7.3;10.4;0.0;4.6;4.4;77.79
1981-03-16;6.71;9.02;11.32;1.8;4.7;4.8;73.46
1981-03-17;5.02;9.91;14.8;0.0;14.392;3.5;46.08
1981-03-18;2.9;9.2;15.5;0.0;14.014;1.2;39.01
1981-03-19;1.9;9.35;16.8;0.0;13.226;1.8;37.75
1981-03-20;8.48;12.09;15.7;1.7;5.7;3.8;80.52
1981-03-21;7.8;11.45;15.1;0.0;9.9;4.0;57.89
1981-03-22;6.8;11.15;15.5;0.0;11.7;4.2;49.38
1981-03-23;6.22;9.06;11.9;0.0;8.2;6.46;59.51
1981-03-24;5.7;8.9;12.1;1.1;9.673;7.28;53.0
1981-03-25;6.3;9.4;12.5;0.0;8.3;3.7;59.63
1981-03-26;5.3;8.85;12.4;0.0;13.743;1.9;57.22
1981-03-27;3.1;6.83;10.57;0.0;11.9;3.5;48.47
1981-03-28;2.6;6.75;10.9;0.0;10.9;3.1;47.3
1981-03-29;2.8;7.11;11.41;0.0;10.6;2.3;46.55
1981-03-30;5.34;7.87;10.4;6.9;4.9;1.9;81.2
1981-03-31;4.5;7.45;10.4;4.5;7.9;2.7;73.64
1981-04-01;2.5;6.15;9.8;0.0;13.8;2.6;50.44
1981-04-02;2.5;7.0;11.5;5.96;16.6;2.4;35.08
1981-04-03;5.32;8.21;11.1;8.1;3.656;2.7;81.49
1981-04-04;4.5;7.8;11.1;4.4;5.81;3.1;81.2
1981-04-05;1.0;4.0;7.0;0.0;8.0;4.6;57.69
1981-04-06;-1.4;2.6;6.6;0.0;15.801;2.4;32.48
1981-04-07;-1.1;2.88;6.86;0.0;15.2;2.7;32.43
1981-04-08;-0.4;3.1;6.6;0.0;13.2;3.1;41.82
1981-04-09;-1.77;3.53;8.83;0.0;17.8;1.35;31.38
1981-04-10;3.7;7.15;10.6;1.5;7.687;3.9;57.99
1981-04-11;6.4;9.95;13.5;0.0;13.6;4.1;47.92
1981-04-12;3.7;7.55;11.4;0.0;10.8;3.9;51.57
1981-04-13;2.9;5.65;8.4;0.0;11.0;4.2;44.09
1981-04-14;0.6;5.23;9.87;0.0;17.906;1.1;34.66
1981-04-15;3.4;7.35;11.3;0.0;9.2;3.41;44.19
1981-04-16;3.2;6.59;9.97;4.64;7.1;2.2;73.19
1981-04-17;4.59;7.34;10.1;7.49;6.1;3.5;81.37
1981-04-18;3.43;4.81;6.19;15.84;6.4;5.8;87.16
1981-04-19;1.2;3.6;6.0;2.7;8.542;5.8;67.39
1981-04-20;-0.08;2.98;6.04;0.0;16.8;5.75;27.99
1981-04-21;-0.72;2.86;6.44;0.0;18.858;3.08;29.06
1981-04-22;-1.8;2.35;6.5;0.0;20.9;1.8;29.61
1981-04-23;-0.63;3.14;6.9;0.0;16.9;1.2;34.84
1981-04-24;1.2;4.1;7.0;0.0;16.13;1.49;50.1
1981-04-25;-0.22;4.24;8.7;0.0;17.4;1.6;37.25
1981-04-26;-0.4;4.85;10.1;0.0;12.372;2.3;37.3
1981-04-27;4.2;7.6;11.0;11.64;11.5;4.7;53.76
1981-04-28;5.3;9.0;12.7;0.0;11.356;0.5;53.57
1981-04-29;4.4;8.9;13.4;0.0;14.034;2.6;46.6
1981-04-30;2.01;9.25;16.5;0.0;23.003;0.69;36.79
1981-05-01;9.06;13.78;18.5;0.0;9.123;1.6;63.76
1981-05-02;10.0;14.2;18.4;0.0;10.5;1.8;64.17
1981-05-03;5.8;12.61;19.41;0.0;22.619;1.6;36.1
1981-05-04;5.1;9.75;14.4;0.0;9.164;2.29;49.6
1981-05-05;2.65;11.27;19.9;0.0;21.6;1.08;32.78
1981-05-06;4.4;12.77;21.15;0.0;19.4;1.9;37.93
1981-05-07;8.9;14.6;20.3;0.0;13.1;3.4;56.28
1981-05-08;9.77;16.79;23.81;0.0;21.603;3.1;44.1
1981-05-09;9.0;15.55;22.1;0.0;21.515;3.8;44.02
1981-05-10;9.2;15.1;21.0;0.0;17.4;4.5;45.18
1981-05-11;5.02;10.26;15.5;0.0;24.3;5.3;40.19
1981-05-12;4.29;10.89;17.5;0.0;21.3;5.1;34.71
1981-05-13;5.7;10.8;15.9;0.0;21.3;5.22;35.01
1981-05-14;4.2;10.7;17.2;0.0;26.913;3.47;31.0
1981-05-15;3.0;9.35;15.7;0.0;24.804;2.7;31.71
1981-05-16;3.0;6.85;10.7;0.0;17.99;4.1;36.19
1981-05-17;2.05;5.39;8.74;0.0;20.4;3.6;29.43
1981-05-18;-0.51;4.15;8.8;0.0;19.0;1.8;33.46
1981-05-19;1.2;6.13;11.07;0.0;20.396;1.4;33.7
1981-05-20;3.7;6.32;8.94;1.4;9.3;1.9;54.45
1981-05-21;2.3;5.46;8.62;0.0;11.9;2.2;55.25
1981-05-22;1.39;5.21;9.04;0.0;18.276;1.2;40.5
1981-05-23;4.8;8.7;12.59;1.9;14.1;1.8;47.2
1981-05-24;6.57;9.09;11.6;6.45;14.522;3.8;68.48
1981-05-25;5.98;9.74;13.5;2.34;15.9;2.3;46.82
1981-05-26;6.9;9.67;12.44;1.9;10.463;5.1;61.1
1981-05-27;7.4;11.11;14.81;1.7;13.941;5.06;44.5
1981-05-28;5.7;9.95;14.2;0.0;18.8;3.77;37.54
1981-05-29;4.2;8.4;12.6;0.0;18.166;2.9;43.98
1981-05-30;4.9;8.96;13.03;2.03;11.096;1.2;51.26
1981-05-31;5.3;9.05;12.8;15.16;8.896;0.8;61.5
1981-06-01;4.9;8.5;12.1;0.0;12.7;2.3;60.72
1981-06-02;5.9;9.5;13.1;0.0;19.0;5.24;40.38
1981-06-03;5.4;8.91;12.43;0.0;12.855;4.4;44.02
1981-06-04;5.3;8.33;11.37;0.0;12.287;1.7;65.2
1981-06-05;4.36;8.93;13.5;1.6;16.9;3.3;47.2
1981-06-06;7.77;11.23;14.7;4.4;13.649;3.4;52.92
1981-06-07;7.6;11.55;15.5;0.0;18.2;4.0;42.98
1981-06-08;6.8;10.83;14.87;4.6;11.6;3.6;48.1
1981-06-09;4.1;9.95;15.8;4.3;13.548;0.84;52.13
1981-06-10;5.79;10.22;14.65;0.0;19.831;3.6;43.4
1981-06-11;2.8;8.5;14.2;1.2;18.527;1.2;39.88
1981-06-12;6.17;7.99;9.81;6.3;6.681;2.9;77.26
1981-06-13;6.19;7.83;9.46;1.9;9.503;3.1;85.32
1981-06-14;5.7;10.8;15.9;5.9;16.451;2.4;39.73
1981-06-15;5.8;10.26;14.72;6.63;11.7;1.6;61.33
1981-06-16;9.5;13.85;18.19;3.9;13.0;3.6;52.1
1981-06-17;7.7;10.81;13.93;1.6;14.75;5.96;48.6
1981-06-18;5.8;9.4;13.0;0.0;12.819;4.2;43.4
1981-06-19;4.86;9.53;14.2;1.73;19.177;1.2;36.9
1981-06-20;5.2;9.96;14.72;2.48;22.436;2.1;40.91
1981-06-21;5.65;8.89;12.13;2.0;16.9;2.1;58.32
1981-06-22;6.25;8.35;10.45;2.8;17.0;1.1;64.9
1981-06-23;6.1;9.7;13.29;0.0;17.7;2.6;49.71
1981-06-24;6.24;10.22;14.2;0.0;14.743;1.6;48.54
1981-06-25;7.0;11.3;15.6;0.0;21.128;1.4;44.01
1981-06-26;8.5;13.35;18.2;0.0;19.4;2.1;43.32
1981-06-27;10.8;14.63;18.46;2.0;7.399;2.4;74.43
1981-06-28;11.1;15.61;20.11;0.0;18.3;3.0;55.76
1981-06-29;10.2;14.25;18.3;1.4;13.8;3.0;59.21
1981-06-30;8.6;13.6;18.6;2.0;18.8;3.6;45.0
1981-07-01;12.1;16.35;20.6;1.72;12.769;4.6;56.31
1981-07-02;11.3;14.2;17.09;0.0;15.874;4.6;45.47
1981-07-03;10.2;14.65;19.1;1.32;13.69;3.6;46.64
1981-07-04;12.4;15.7;19.0;0.0;11.693;4.4;57.88
1981-07-05;10.9;14.4;17.9;0.0;19.424;3.0;36.76
1981-07-06;9.53;16.21;22.9;0.0;20.257;1.6;36.93
1981-07-07;13.6;18.61;23.62;0.0;15.4;1.7;43.28
1981-07-08;12.22;19.41;26.6;0.0;26.101;2.3;33.4
1981-07-09;16.43;21.48;26.52;0.0;21.6;2.8;41.4
1981-07-10;14.9;20.61;26.31;0.0;16.8;1.0;48.75
1981-07-11;16.47;21.79;27.11;0.0;19.8;1.0;45.5
1981-07-12;12.6;18.6;24.6;0.0;18.4;3.7;51.22
1981-07-13;11.75;19.38;27.0;0.0;23.1;3.54;30.06
1981-07-14;15.23;21.79;28.35;1.8;21.0;3.3;34.71
1981-07-15;14.9;21.04;27.18;7.29;21.1;1.3;37.02
1981-07-16;14.3;19.1;23.9;7.0;10.745;1.1;68.91
1981-07-17;13.8;18.8;23.8;0.0;19.1;1.7;46.2
1981-07-18;11.4;16.68;21.96;0.0;18.782;2.6;42.76
1981-07-19;11.8;15.6;19.4;0.0;15.984;1.6;44.5
1981-07-20;12.5;15.55;18.6;0.0;12.42;0.7;56.91
1981-07-21;12.8;15.75;18.7;0.0;11.4;1.5;60.6
1981-07-22;11.87;17.04;22.2;0.0;21.137;1.7;41.42
1981-07-23;13.57;19.29;25.0;0.0;24.504;1.19;35.9
1981-07-24;13.2;18.56;23.92;1.8;14.0;2.0;44.65
1981-07-25;13.4;18.94;24.48;0.0;17.4;2.1;43.21
1981-07-26;11.4;18.2;25.0;0.0;22.479;1.9;36.02
1981-07-27;9.1;16.92;24.74;0.0;21.2;1.2;29.99
1981-07-28;11.1;15.34;19.59;0.0;13.891;4.4;44.6
1981-07-29;10.5;12.55;14.6;17.42;7.973;4.5;65.18
1981-07-30;10.4;11.93;13.46;7.85;4.996;4.5;80.83
1981-07-31;11.11;14.15;17.2;1.6;9.505;4.6;52.56
1981-08-01;11.43;14.4;17.38;0.0;12.7;3.0;44.0
1981-08-02;8.62;14.46;20.3;0.0;18.5;1.3;37.39
1981-08-03;9.99;16.39;22.8;0.0;19.1;1.29;37.07
1981-08-04;11.1;16.84;22.59;0.0;15.372;1.2;43.91
1981-08-05;13.2;17.45;21.7;0.0;18.5;2.0;43.54
1981-08-06;10.3;15.1;19.9;0.0;17.7;2.0;39.45
1981-08-07;8.4;15.2;21.99;0.0;19.5;1.0;33.99
1981-08-08;12.8;18.95;25.1;1.4;13.4;2.1;43.37
1981-08-09;14.2;19.86;25.51;0.0;17.257;1.5;44.38
1981-08-10;12.1;19.55;27.01;0.0;25.142;3.1;33.96
1981-08-11;15.5;20.4;25.3;0.0;16.765;4.1;41.25
1981-08-12;15.41;18.68;21.95;0.0;13.88;3.0;43.9
1981-08-13;14.2;17.85;21.5;0.0;12.081;0.65;41.04
1981-08-14;12.3;17.74;23.18;5.4;15.041;2.9;39.38
1981-08-15;12.0;18.1;24.2;10.18;11.6;1.7;41.21
1981-08-16;9.6;12.45;15.29;9.62;7.336;2.0;76.01
1981-08-17;7.8;12.65;17.5;3.7;15.946;2.9;38.4
1981-08-18;12.0;15.35;18.7;8.48;9.363;3.0;68.88
1981-08-19;10.7;12.25;13.81;6.3;6.997;3.2;75.89
1981-08-20;6.3;12.08;17.86;0.0;17.0;0.8;37.69
1981-08-21;12.0;16.0;20.0;0.0;12.4;2.7;41.45
1981-08-22;12.3;16.73;21.16;0.0;10.0;1.3;50.99
1981-08-23;12.6;17.88;23.15;0.0;14.2;1.06;43.1
1981-08-24;11.5;17.2;22.9;0.0;19.906;3.2;34.49
1981-08-25;12.5;18.8;25.1;0.0;18.21;3.9;32.7
1981-08-26;12.3;16.05;19.8;0.0;18.7;3.47;42.94
1981-08-27;7.7;12.54;17.39;0.0;13.7;2.2;39.54
1981-08-28;5.7;11.05;16.4;0.0;12.518;2.2;43.09
1981-08-29;10.4;15.25;20.1;2.5;10.197;3.4;50.1
1981-08-30;12.1;16.15;20.2;0.0;12.6;2.1;50.6
1981-08-31;13.4;17.56;21.72;0.0;15.7;2.3;38.29
1981-09-01;12.46;16.13;19.8;3.7;6.8;1.8;57.21
1981-09-02;12.9;16.1;19.3;12.86;6.7;4.8;63.25
1981-09-03;10.4;13.64;16.89;5.0;8.3;5.0;60.11
1981-09-04;10.82;14.41;18.0;2.0;11.9;5.1;52.03
1981-09-05;11.2;14.35;17.5;0.0;14.3;2.9;53.21
1981-09-06;9.4;11.68;13.96;7.3;4.805;2.7;81.22
1981-09-07;7.0;11.5;16.0;0.0;13.303;3.2;47.18
1981-09-08;5.8;10.54;15.29;8.98;9.7;3.2;53.0
1981-09-09;9.7;10.21;10.72;48.26;5.103;6.75;87.23
1981-09-10;10.1;12.0;13.9;20.15;3.593;6.66;85.78
1981-09-11;11.01;13.09;15.18;1.1;5.695;4.4;74.88
1981-09-12;9.7;12.4;15.1;0.0;7.2;3.0;62.9
1981-09-13;6.7;11.45;16.2;0.0;13.121;2.4;49.32
1981-09-14;6.3;12.5;18.7;0.0;14.19;1.2;43.74
1981-09-15;10.5;14.35;18.2;0.0;9.48;3.0;52.0
1981-09-16;9.9;14.75;19.59;1.9;11.973;4.5;47.43
1981-09-17;8.6;12.65;16.7;3.11;11.4;4.5;53.11
1981-09-18;11.0;13.65;16.3;1.8;7.0;5.4;66.29
1981-09-19;10.99;14.06;17.13;42.38;3.757;4.31;83.24
1981-09-20;12.91;15.71;18.52;1.2;5.3;5.1;71.8
1981-09-21;11.9;14.44;16.98;9.8;8.685;4.16;60.05
1981-09-22;7.8;11.75;15.7;11.83;6.735;3.0;73.87
1981-09-23;4.9;9.75;14.6;0.0;11.402;2.1;48.26
1981-09-24;7.13;11.06;15.0;5.06;7.8;4.4;64.81
1981-09-25;9.2;12.39;15.59;0.0;8.8;4.5;63.29
1981-09-26;10.8;13.7;16.6;5.12;5.6;4.8;78.33
1981-09-27;11.9;15.6;19.3;0.0;12.7;5.0;51.0
1981-09-28;12.11;15.36;18.6;0.0;7.3;1.4;66.31
1981-09-29;13.02;16.51;20.0;2.0;6.5;2.47;64.5
1981-09-30;14.82;16.46;18.1;7.49;4.107;3.6;84.61
1981-10-01;13.55;17.02;20.5;0.0;9.602;3.6;55.81
1981-10-02;14.21;17.69;21.17;0.0;9.8;3.0;54.51
1981-10-03;12.51;16.3;20.1;0.0;10.1;3.7;55.57
1981-10-04;12.21;15.3;18.4;0.0;7.6;4.5;64.52
1981-10-05;13.2;16.45;19.7;0.0;9.909;4.6;53.0
1981-10-06;13.03;16.03;19.03;1.9;6.1;3.1;65.67
1981-10-07;9.7;14.0;18.3;0.0;6.9;0.7;71.71
1981-10-08;9.82;12.56;15.3;0.0;4.483;2.5;77.71
1981-10-09;9.8;12.64;15.48;9.65;7.805;5.0;60.88
1981-10-10;9.7;11.39;13.08;1.1;4.0;6.46;70.93
1981-10-11;9.4;13.45;17.5;16.55;2.1;5.31;62.61
1981-10-12;12.99;16.34;19.7;0.0;8.0;4.8;63.51
1981-10-13;12.9;16.05;19.2;8.8;6.461;2.5;74.5
1981-10-14;11.9;15.35;18.8;10.76;3.978;5.7;78.57
1981-10-15;11.4;13.65;15.9;6.9;3.1;8.1;82.45
1981-10-16;12.2;14.75;17.3;0.0;5.9;4.7;73.44
1981-10-17;12.07;15.29;18.5;14.36;3.4;5.0;76.36
1981-10-18;11.7;14.8;17.9;0.0;5.601;4.7;57.09
1981-10-19;11.2;15.2;19.2;2.0;3.5;4.2;73.52
1981-10-20;15.02;18.05;21.07;2.5;5.6;4.8;77.4
1981-10-21;11.8;14.8;17.8;0.0;5.3;6.3;69.07
1981-10-22;11.8;13.96;16.13;4.6;4.091;6.1;74.32
1981-10-23;10.6;13.05;15.5;0.0;5.3;6.6;68.09
1981-10-24;8.0;10.83;13.66;0.0;7.5;4.2;53.9
1981-10-25;10.11;13.65;17.2;11.3;2.7;4.62;79.91
1981-10-26;11.2;13.5;15.8;0.0;7.496;5.0;53.6
1981-10-27;11.3;14.16;17.02;3.28;6.2;2.8;82.95
1981-10-28;12.2;16.1;20.0;0.0;7.8;4.29;58.29
1981-10-29;11.09;14.83;18.57;0.0;7.0;4.1;67.07
1981-10-30;13.8;17.29;20.78;0.0;7.703;4.7;63.9
1981-10-31;10.1;13.05;16.0;0.0;4.2;3.1;84.37
1981-11-01;10.1;12.5;14.9;3.2;2.6;3.9;85.9
1981-11-02;10.8;13.65;16.5;0.0;6.3;3.4;76.72
1981-11-03;10.6;13.3;16.0;0.0;6.1;3.3;78.32
1981-11-04;10.6;13.55;16.5;0.0;3.5;1.97;84.02
1981-11-05;10.71;12.72;14.73;0.0;2.9;3.0;85.3
1981-11-06;11.2;12.27;13.34;17.15;1.696;4.0;91.15
1981-11-07;11.4;13.38;15.35;11.0;2.3;2.3;89.45
1981-11-08;11.2;12.5;13.81;20.39;1.597;3.1;93.11
1981-11-09;7.7;10.41;13.12;0.0;4.1;4.01;73.71
1981-11-10;8.2;10.15;12.1;0.0;3.1;2.9;74.3
1981-11-11;4.4;7.2;10.0;0.0;4.8;4.2;76.14
1981-11-12;6.65;9.82;13.0;10.84;1.7;4.17;81.8
1981-11-13;6.03;8.92;11.8;0.0;4.8;3.9;73.19
1981-11-14;5.8;8.35;10.9;0.0;2.7;4.43;84.46
1981-11-15;4.88;7.89;10.91;2.0;3.3;3.0;83.33
1981-11-16;5.3;7.78;10.25;9.1;3.8;4.2;82.17
1981-11-17;4.7;7.55;10.4;1.4;4.4;4.0;77.4
1981-11-18;4.61;7.55;10.5;0.0;3.0;4.03;66.88
1981-11-19;4.72;7.47;10.22;0.0;2.9;2.7;85.12
1981-11-20;1.1;4.45;7.8;0.0;4.1;1.5;78.59
1981-11-21;-0.51;2.95;6.4;0.0;4.0;1.2;79.4
1981-11-22;0.1;3.6;7.1;0.0;2.109;0.7;85.7
1981-11-23;2.3;6.13;9.97;4.1;1.7;3.9;69.58
1981-11-24;3.8;6.5;9.2;0.0;3.7;3.7;78.6
1981-11-25;3.81;6.25;8.7;4.0;1.3;2.9;86.92
1981-11-26;0.3;3.2;6.1;0.0;3.5;4.1;63.45
1981-11-27;-1.4;1.25;3.9;0.0;3.5;2.5;78.33
1981-11-28;0.3;5.69;11.07;16.6;1.9;4.6;50.79
1981-11-29;4.5;7.85;11.2;3.0;2.2;3.32;73.59
1981-11-30;7.6;9.65;11.7;2.21;1.2;5.8;88.11
1981-12-01;4.59;6.95;9.3;0.0;1.9;5.23;69.79
1981-12-02;2.3;4.45;6.6;0.0;2.8;2.9;87.16
1981-12-03;2.1;4.5;6.9;0.0;2.3;3.6;73.37
1981-12-04;2.01;4.46;6.9;9.06;1.1;3.1;86.92
1981-12-05;0.9;3.45;6.0;0.0;2.16;2.4;85.4
1981-12-06;0.9;3.4;5.9;0.0;2.2;2.9;87.9
1981-12-07;0.88;4.54;8.2;11.7;1.6;5.41;76.9
1981-12-08;3.3;5.8;8.3;0.0;2.1;2.4;82.85
1981-12-09;3.2;5.95;8.7;0.0;2.5;3.1;79.9
1981-12-10;3.2;5.5;7.79;0.0;1.391;2.6;88.5
1981-12-11;1.1;3.75;6.4;0.0;2.2;0.8;88.24
1981-12-12;2.6;4.8;7.0;0.0;1.8;1.0;88.33
1981-12-13;3.2;5.1;7.0;0.0;2.2;1.99;87.36
1981-12-14;3.71;7.15;10.6;0.0;2.2;4.4;82.7
1981-12-15;3.78;6.64;9.5;0.0;2.531;3.9;77.63
1981-12-16;3.7;7.1;10.5;2.2;1.6;4.8;70.48
1981-12-17;5.1;8.93;12.75;1.2;1.6;5.1;72.32
1981-12-18;3.8;7.5;11.2;2.5;1.1;3.9;77.3
1981-12-19;8.75;9.97;11.2;9.2;0.7;6.1;88.8
1981-12-20;4.62;7.06;9.5;0.0;2.1;4.9;82.36
1981-12-21;7.5;10.15;12.8;12.17;0.6;7.1;85.96
1981-12-22;9.5;11.04;12.57;16.51;0.556;4.6;89.2
1981-12-23;6.6;8.45;10.3;0.0;2.5;4.4;76.8
1981-12-24;2.15;5.38;8.6;0.0;2.2;2.65;83.65
1981-12-25;0.8;3.6;6.4;0.0;2.4;1.89;82.27
1981-12-26;3.2;6.87;10.54;0.0;1.7;4.2;74.76
1981-12-27;4.1;7.0;9.9;0.0;2.2;5.38;76.56
1981-12-28;6.78;9.04;11.3;0.0;2.0;7.15;76.8
1981-12-29;8.2;9.8;11.4;7.2;0.7;7.2;88.4
1981-12-30;4.6;7.0;9.4;0.0;2.6;6.3;65.4
1981-12-31;1.6;4.4;7.2;0.0;2.8;2.8;69.79
1982-01-01;0.0;2.6;5.2;0.0;2.1;6.8;77.0
1982-01-02;-2.0;-0.19;1.61;0.0;2.131;7.5;47.49
1982-01-03;-2.91;-0.31;2.3;0.0;2.1;7.4;50.3
1982-01-04;0.99;3.35;5.7;0.0;2.5;4.2;80.13
1982-01-05;-0.41;2.94;6.3;0.0;2.5;0.8;81.3
1982-01-06;1.12;3.4;5.67;0.0;2.2;2.0;87.4
1982-01-07;-1.18;2.27;5.71;0.0;2.1;0.9;84.34
1982-01-08;-1.6;1.95;5.5;0.0;3.5;1.8;83.3
1982-01-09;3.0;6.45;9.9;4.4;1.4;6.4;75.16
1982-01-10;3.59;5.84;8.1;0.0;3.1;4.9;74.07
1982-01-11;4.6;7.04;9.47;4.6;2.6;5.9;77.57
1982-01-12;2.0;5.75;9.5;2.0;2.0;5.51;67.51
1982-01-13;1.8;4.8;7.8;6.11;1.9;6.1;75.41
1982-01-14;1.2;4.2;7.2;2.51;2.3;5.8;76.1
1982-01-15;1.24;4.29;7.33;0.0;2.9;5.8;64.9
1982-01-16;1.0;3.69;6.39;17.54;1.159;3.5;89.26
1982-01-17;0.7;3.39;6.08;12.61;2.1;7.7;78.4
1982-01-18;0.2;2.0;3.8;0.0;3.7;7.7;59.23
1982-01-19;-0.4;1.6;3.6;0.0;3.4;6.0;64.64
1982-01-20;-0.3;1.85;4.0;0.0;3.0;5.34;74.1
1982-01-21;-0.26;2.22;4.7;12.5;1.9;5.5;84.4
1982-01-22;-2.21;1.19;4.6;0.0;3.9;2.6;83.8
1982-01-23;0.65;3.63;6.6;4.6;4.2;5.6;76.31
1982-01-24;4.2;6.85;9.5;9.4;1.7;7.17;83.36
1982-01-25;2.7;6.6;10.5;12.44;2.0;3.9;72.97
1982-01-26;7.5;9.0;10.5;1.5;2.9;6.7;79.0
1982-01-27;5.7;7.55;9.4;1.2;2.3;7.55;76.1
1982-01-28;5.4;7.95;10.5;5.59;3.5;3.9;76.87
1982-01-29;4.7;7.2;9.7;0.0;3.1;3.8;78.73
1982-01-30;3.31;6.11;8.9;0.0;3.9;6.4;64.7
1982-01-31;3.32;5.86;8.4;1.2;2.8;4.05;83.4
1982-02-01;1.9;4.68;7.47;0.0;3.2;3.77;79.97
1982-02-02;0.2;3.1;6.0;0.0;4.8;5.8;53.89
1982-02-03;-1.01;1.69;4.38;0.0;5.201;1.0;51.03
1982-02-04;-0.3;3.11;6.52;4.1;3.8;5.63;68.9
1982-02-05;-1.2;2.85;6.9;0.0;3.1;3.7;78.64
1982-02-06;-1.4;2.15;5.7;1.99;2.4;1.5;82.0
1982-02-07;2.79;5.95;9.1;3.9;3.9;3.1;82.1
1982-02-08;-0.2;5.08;10.37;11.2;3.7;3.7;56.67
1982-02-09;5.7;8.1;10.5;0.0;5.3;6.0;59.57
1982-02-10;4.0;7.1;10.2;0.0;4.782;3.6;65.31
1982-02-11;2.44;6.37;10.3;0.0;4.7;1.9;63.0
1982-02-12;1.8;4.75;7.7;0.0;3.565;3.2;62.29
1982-02-13;0.7;3.75;6.8;0.0;6.2;1.0;58.37
1982-02-14;0.58;4.44;8.3;0.0;3.5;3.3;64.22
1982-02-15;4.99;8.04;11.1;5.35;2.598;4.2;78.2
1982-02-16;7.5;10.45;13.39;0.0;4.1;2.2;73.56
1982-02-17;7.14;9.97;12.8;1.81;5.2;4.0;73.17
1982-02-18;7.8;9.66;11.53;0.0;3.2;0.13;87.08
1982-02-19;6.9;9.25;11.6;0.0;4.615;1.0;74.19
1982-02-20;4.33;7.87;11.4;0.0;7.3;3.1;55.7
1982-02-21;5.72;8.66;11.61;4.12;4.1;2.19;76.4
1982-02-22;5.9;9.39;12.89;0.0;7.6;4.07;55.16
1982-02-23;4.2;7.65;11.1;11.47;4.5;4.6;75.98
1982-02-24;2.4;6.85;11.3;0.0;7.813;1.9;48.34
1982-02-25;4.29;7.74;11.2;0.0;3.962;-0.19;74.52
1982-02-26;4.6;7.7;10.8;0.0;4.6;1.5;70.15
1982-02-27;5.82;8.45;11.08;5.5;3.008;4.11;77.82
1982-02-28;3.87;7.8;11.73;0.0;5.4;3.2;56.3
1982-03-01;6.41;8.71;11.02;1.8;3.6;2.9;83.2
1982-03-02;6.8;8.6;10.4;5.65;2.6;3.6;85.63
1982-03-03;4.3;7.2;10.1;1.1;2.808;2.5;84.13
1982-03-04;4.36;7.73;11.1;4.35;4.017;2.3;68.88
1982-03-05;3.8;6.5;9.2;1.2;2.618;3.3;84.66
1982-03-06;1.3;4.24;7.18;0.0;5.6;5.5;64.01
1982-03-07;-0.4;2.95;6.3;0.0;8.801;2.3;47.0
1982-03-08;-0.1;4.05;8.2;0.0;10.695;4.5;38.61
1982-03-09;2.43;5.92;9.4;0.0;10.2;6.69;38.59
1982-03-10;0.7;4.52;8.35;0.0;12.0;4.1;35.56
1982-03-11;-0.92;3.64;8.2;1.4;12.243;2.9;39.89
1982-03-12;2.77;8.64;14.51;1.6;9.909;3.7;40.5
1982-03-13;7.6;9.6;11.6;9.32;3.1;5.95;84.18
1982-03-14;7.2;9.35;11.5;2.87;5.384;2.8;82.6
1982-03-15;5.9;10.05;14.2;0.0;7.8;4.3;47.67
1982-03-16;5.8;10.3;14.8;0.0;8.0;4.0;50.23
1982-03-17;4.7;9.35;14.0;0.0;8.1;1.5;56.7
1982-03-18;7.34;11.42;15.5;0.0;7.6;0.9;64.22
1982-03-19;5.9;9.71;13.51;0.0;7.419;2.7;62.9
1982-03-20;5.2;7.75;10.3;0.0;5.892;6.7;68.71
1982-03-21;4.5;6.66;8.82;6.9;5.0;7.28;77.83
1982-03-22;3.91;7.71;11.5;0.0;7.5;3.0;49.35
1982-03-23;4.1;9.75;15.4;2.3;6.484;3.87;60.32
1982-03-24;6.5;9.35;12.2;0.0;8.311;4.6;60.82
1982-03-25;5.38;8.64;11.9;0.0;8.7;5.0;50.86
1982-03-26;6.3;9.83;13.37;1.2;7.5;6.7;50.86
1982-03-27;3.0;6.55;10.1;1.2;6.39;6.3;58.32
1982-03-28;0.5;4.15;7.8;0.0;15.301;3.2;38.23
1982-03-29;-0.4;5.4;11.2;2.2;14.06;3.2;38.52
1982-03-30;5.8;10.45;15.1;1.7;7.886;4.1;61.4
1982-03-31;7.5;10.8;14.1;3.96;5.0;3.5;83.4
1982-04-01;7.37;13.24;19.1;0.0;18.603;5.0;37.95
1982-04-02;7.9;10.7;13.5;10.09;5.0;2.2;84.43
1982-04-03;5.0;9.75;14.5;0.0;11.8;0.8;51.59
1982-04-04;3.9;8.95;14.0;0.0;19.101;4.5;38.44
1982-04-05;3.2;5.6;7.99;3.3;6.9;6.7;68.08
1982-04-06;4.6;7.35;10.1;2.81;6.9;4.8;72.2
1982-04-07;4.91;9.11;13.3;6.6;6.7;3.9;60.24
1982-04-08;6.3;9.75;13.2;0.0;9.706;5.2;57.72
1982-04-09;4.21;6.3;8.4;3.03;6.023;6.2;81.2
1982-04-10;3.31;6.03;8.75;0.0;11.8;6.86;42.89
1982-04-11;1.7;4.65;7.6;0.0;12.4;5.9;32.4
1982-04-12;1.09;4.0;6.9;0.0;13.0;4.1;28.08
1982-04-13;-1.0;4.5;10.0;0.0;17.6;1.8;30.58
1982-04-14;4.1;7.4;10.7;0.0;13.2;2.0;44.21
1982-04-15;2.3;4.3;6.3;11.03;7.296;4.8;80.56
1982-04-16;2.5;5.65;8.8;0.0;10.574;4.34;47.78
1982-04-17;2.3;5.75;9.2;0.0;11.132;4.0;51.74
1982-04-18;3.9;6.35;8.8;1.74;8.7;3.6;68.58
1982-04-19;2.08;4.04;6.0;16.1;8.578;6.2;78.8
1982-04-20;1.9;4.08;6.26;6.14;7.6;5.8;65.72
1982-04-21;-0.11;5.7;11.5;0.0;19.0;2.9;32.04
1982-04-22;3.0;6.8;10.6;1.1;14.316;2.7;56.29
1982-04-23;0.7;5.55;10.41;0.0;22.136;1.1;33.81
1982-04-24;3.2;7.34;11.48;0.0;18.521;3.0;31.28
1982-04-25;2.49;8.41;14.32;0.0;24.3;2.6;28.59
1982-04-26;5.9;10.46;15.02;1.1;9.8;4.2;55.7
1982-04-27;7.0;10.85;14.7;9.2;7.273;2.4;63.5
1982-04-28;5.1;9.15;13.2;0.0;11.799;3.4;48.3
1982-04-29;3.6;9.02;14.44;0.0;16.9;2.09;37.5
1982-04-30;2.2;8.64;15.09;0.0;16.598;0.67;37.8
1982-05-01;6.3;11.74;17.17;0.0;15.715;1.2;45.98
1982-05-02;6.84;11.07;15.3;0.0;15.2;2.1;47.7
1982-05-03;7.1;10.7;14.3;1.1;7.582;3.7;63.81
1982-05-04;9.8;15.89;21.99;0.0;23.602;4.43;37.79
1982-05-05;9.7;16.19;22.67;1.9;20.3;3.6;42.36
1982-05-06;10.8;16.45;22.11;5.0;14.28;1.3;58.12
1982-05-07;9.7;14.69;19.68;0.0;17.5;2.1;53.2
1982-05-08;8.6;13.9;19.2;0.0;21.603;1.7;41.0
1982-05-09;8.23;12.31;16.4;0.0;19.1;1.6;44.09
1982-05-10;5.0;10.2;15.4;0.0;17.505;1.2;41.3
1982-05-11;5.0;10.3;15.6;0.0;15.292;1.2;48.5
1982-05-12;5.2;9.41;13.62;0.0;24.678;3.3;39.95
1982-05-13;5.1;10.1;15.1;0.0;19.086;3.1;36.09
1982-05-14;7.3;11.9;16.5;2.0;11.228;2.9;53.73
1982-05-15;7.4;12.35;17.3;7.09;11.0;2.3;53.62
1982-05-16;4.3;11.7;19.1;0.0;19.399;1.8;35.49
1982-05-17;8.4;12.54;16.67;4.39;11.94;1.5;54.38
1982-05-18;7.3;11.25;15.2;0.0;16.1;2.6;51.96
1982-05-19;6.2;11.45;16.7;2.0;14.3;1.88;48.8
1982-05-20;4.82;9.91;15.0;4.0;17.289;1.1;48.2
1982-05-21;4.8;7.22;9.65;0.0;10.721;2.9;60.6
1982-05-22;1.9;7.06;12.22;0.0;19.603;0.75;38.24
1982-05-23;3.8;8.7;13.6;0.0;21.3;1.8;40.15
1982-05-24;2.99;7.79;12.59;0.0;18.81;1.27;40.37
1982-05-25;3.0;7.5;12.01;0.0;15.405;2.1;41.5
1982-05-26;2.97;6.68;10.39;0.0;16.809;3.2;44.15
1982-05-27;4.8;7.87;10.94;0.0;16.3;4.89;40.68
1982-05-28;3.8;9.25;14.7;0.0;26.585;3.6;33.5
1982-05-29;3.0;10.0;17.0;0.0;26.984;1.45;25.95
1982-05-30;4.8;11.9;19.0;0.0;22.611;2.59;35.28
1982-05-31;10.3;14.6;18.9;0.0;13.1;3.8;57.3
1982-06-01;9.2;12.4;15.6;4.5;10.307;5.1;64.14
1982-06-02;5.3;9.05;12.8;0.0;17.611;4.6;38.8
1982-06-03;4.1;9.4;14.7;0.0;16.7;2.1;39.0
1982-06-04;8.3;13.19;18.08;0.0;14.669;1.6;38.87
1982-06-05;5.9;13.32;20.73;0.0;22.1;1.3;34.5
1982-06-06;8.9;12.45;16.0;0.0;14.326;3.4;44.31
1982-06-07;5.7;11.45;17.2;0.0;25.209;1.9;31.16
1982-06-08;5.4;12.9;20.4;0.0;25.3;0.9;29.7
1982-06-09;9.4;15.7;22.0;0.0;16.4;0.5;35.09
1982-06-10;11.0;16.36;21.71;0.0;20.644;1.6;39.49
1982-06-11;9.0;15.7;22.4;0.0;22.836;2.08;34.82
1982-06-12;10.9;15.2;19.5;2.0;13.5;2.2;56.89
1982-06-13;8.0;12.51;17.02;0.0;21.003;2.3;39.2
1982-06-14;10.5;14.13;17.77;1.1;9.299;3.2;61.75
1982-06-15;11.2;14.63;18.06;6.13;7.855;1.6;68.9
1982-06-16;13.01;15.91;18.8;11.49;9.032;3.4;75.69
1982-06-17;9.26;13.07;16.87;1.7;17.086;3.5;51.49
1982-06-18;5.7;11.1;16.5;0.0;21.1;1.0;40.55
1982-06-19;9.8;14.05;18.3;0.0;20.485;0.5;41.9
1982-06-20;6.1;13.4;20.7;0.0;22.155;2.5;35.69
1982-06-21;9.3;14.25;19.2;0.0;13.243;3.77;51.61
1982-06-22;6.91;12.36;17.8;0.0;17.916;3.6;40.28
1982-06-23;10.0;13.63;17.25;0.0;14.937;3.9;43.06
1982-06-24;10.9;17.85;24.8;0.0;30.6;3.3;23.7
1982-06-25;13.5;17.5;21.5;8.19;9.792;1.4;70.34
1982-06-26;14.02;18.76;23.5;0.0;16.699;1.3;48.93
1982-06-27;13.2;18.06;22.92;0.0;20.523;0.9;39.83
1982-06-28;10.92;14.89;18.85;5.38;12.983;1.5;48.58
1982-06-29;11.7;16.1;20.5;2.5;11.801;1.2;58.46
1982-06-30;12.41;17.91;23.4;0.0;19.4;2.0;46.62
1982-07-01;10.9;16.88;22.86;0.0;18.29;3.2;43.23
1982-07-02;10.0;18.07;26.15;0.0;23.873;2.3;33.76
1982-07-03;12.9;17.36;21.83;0.0;15.714;2.4;45.0
1982-07-04;11.9;16.15;20.4;1.8;12.6;2.55;45.63
1982-07-05;10.7;15.24;19.78;0.0;18.3;1.9;42.59
1982-07-06;10.7;14.55;18.4;0.0;17.019;1.64;40.81
1982-07-07;11.3;15.05;18.8;0.0;13.3;2.6;50.49
1982-07-08;11.7;15.09;18.48;0.0;14.895;4.4;50.7
1982-07-09;10.3;13.95;17.6;3.91;14.412;3.9;49.98
1982-07-10;9.6;13.39;17.19;0.0;18.3;3.3;37.46
1982-07-11;10.6;14.99;19.38;4.91;10.438;5.2;53.8
1982-07-12;13.3;17.09;20.87;14.2;11.3;4.0;62.05
1982-07-13;10.7;14.3;17.9;2.7;9.34;3.1;67.95
1982-07-14;8.6;12.83;17.06;0.0;19.987;2.7;34.9
1982-07-15;10.4;13.61;16.81;0.0;17.587;1.4;43.8
1982-07-16;9.3;12.67;16.03;0.0;18.5;2.7;44.81
1982-07-17;9.3;13.0;16.7;0.0;17.5;4.21;39.25
1982-07-18;10.4;14.64;18.88;0.0;15.962;2.7;43.38
1982-07-19;12.0;16.65;21.3;5.9;13.8;1.4;47.82
1982-07-20;9.6;12.74;15.88;0.0;18.49;3.9;43.49
1982-07-21;7.35;12.13;16.9;0.0;19.125;1.1;34.3
1982-07-22;10.8;14.17;17.53;0.0;10.823;1.0;50.95
1982-07-23;9.5;14.05;18.6;0.0;16.107;3.5;39.6
1982-07-24;7.8;15.45;23.1;0.0;25.9;1.6;29.99
1982-07-25;13.8;18.8;23.8;3.67;14.8;3.4;39.22
1982-07-26;13.5;16.65;19.8;0.0;12.9;3.3;51.9
1982-07-27;10.4;15.1;19.8;7.61;17.13;2.9;40.96
1982-07-28;8.1;12.95;17.8;0.0;17.9;2.0;41.07
1982-07-29;8.2;13.97;19.75;0.0;15.1;2.0;39.19
1982-07-30;8.92;16.21;23.5;2.0;20.411;4.0;30.02
1982-07-31;11.4;15.7;20.0;0.0;18.678;3.9;40.57
1982-08-01;8.6;15.35;22.1;0.0;23.262;1.3;29.49
1982-08-02;9.3;16.13;22.95;0.0;23.71;3.4;31.88
1982-08-03;13.17;15.79;18.4;0.0;8.8;3.1;62.85
1982-08-04;12.71;16.8;20.9;0.0;12.9;1.0;41.79
1982-08-05;13.38;17.49;21.6;0.0;10.306;0.9;47.07
1982-08-06;14.3;18.9;23.5;0.0;10.8;0.6;40.16
1982-08-07;15.6;19.86;24.11;0.0;12.1;0.6;40.7
1982-08-08;16.1;20.87;25.63;0.0;15.7;1.1;34.19
1982-08-09;13.8;20.13;26.45;0.0;23.478;2.9;30.39
1982-08-10;14.5;18.48;22.47;12.47;7.051;4.0;64.01
1982-08-11;16.1;21.8;27.5;0.0;23.814;4.1;35.8
1982-08-12;13.6;20.6;27.6;0.0;25.078;2.1;33.4
1982-08-13;16.1;23.05;30.0;0.0;21.188;1.09;29.01
1982-08-14;16.9;23.74;30.59;0.0;21.104;1.0;31.12
1982-08-15;17.22;24.66;32.11;0.0;24.684;3.7;24.79
1982-08-16;14.3;19.2;24.1;0.0;14.7;3.9;39.3
1982-08-17;11.4;15.6;19.8;0.0;12.3;3.44;45.36
1982-08-18;9.0;14.5;20.0;4.04;12.766;2.5;41.05
1982-08-19;14.11;17.41;20.7;3.5;7.794;3.2;64.76
1982-08-20;11.6;15.9;20.2;7.4;11.094;2.92;53.32
1982-08-21;11.4;14.89;18.39;6.63;8.096;3.7;67.71
1982-08-22;13.3;16.75;20.2;0.0;12.3;6.39;40.2
1982-08-23;12.3;15.6;18.89;0.0;10.4;5.0;37.63
1982-08-24;9.3;14.05;18.8;0.0;11.496;2.7;42.3
1982-08-25;7.49;13.34;19.2;0.0;14.772;1.2;36.77
1982-08-26;9.0;14.65;20.3;0.0;20.731;3.8;32.2
1982-08-27;9.63;15.16;20.7;0.0;18.2;5.3;30.47
1982-08-28;11.7;16.45;21.2;4.86;14.3;4.7;29.89
1982-08-29;12.9;15.2;17.5;7.36;6.6;2.8;78.2
1982-08-30;12.7;16.55;20.4;0.0;11.6;2.08;58.22
1982-08-31;10.6;16.27;21.93;0.0;16.2;1.88;35.8
1982-09-01;10.1;17.0;23.9;4.0;17.7;2.1;32.96
1982-09-02;13.6;16.45;19.3;2.0;7.5;2.3;63.03
1982-09-03;12.5;16.13;19.77;4.36;7.4;1.2;56.2
1982-09-04;11.3;13.8;16.3;1.65;6.792;3.7;67.81
1982-09-05;10.8;13.85;16.9;2.4;6.8;4.9;55.56
1982-09-06;10.5;13.02;15.54;1.77;7.8;4.1;53.41
1982-09-07;10.4;12.61;14.81;0.0;8.7;3.4;46.92
1982-09-08;10.27;12.23;14.2;0.0;6.891;3.2;51.66
1982-09-09;9.6;12.25;14.9;0.0;7.4;2.6;56.89
1982-09-10;9.02;12.01;15.0;0.0;7.65;1.12;59.4
1982-09-11;9.6;11.92;14.24;8.3;7.1;2.5;74.72
1982-09-12;9.3;12.8;16.3;0.0;9.4;3.3;53.39
1982-09-13;6.8;12.0;17.2;0.0;12.1;1.2;44.82
1982-09-14;9.9;13.55;17.2;0.0;6.1;0.7;66.1
1982-09-15;9.8;14.0;18.2;0.0;12.2;3.0;51.92
1982-09-16;6.7;12.55;18.4;0.0;13.6;0.77;43.88
1982-09-17;10.08;14.49;18.9;6.61;6.7;1.7;56.66
1982-09-18;7.35;11.27;15.2;15.6;6.5;3.1;69.9
1982-09-19;5.5;10.35;15.2;0.0;10.9;0.9;48.01
1982-09-20;9.3;12.15;15.0;1.4;5.5;3.1;64.81
1982-09-21;10.6;13.36;16.11;0.0;5.2;2.9;68.2
1982-09-22;12.1;15.4;18.7;0.0;8.7;1.8;63.21
1982-09-23;13.0;16.03;19.06;0.0;7.128;3.1;56.37
1982-09-24;13.35;16.52;19.7;0.0;6.7;2.9;61.52
1982-09-25;12.1;16.58;21.06;0.0;9.8;1.9;49.6
1982-09-26;12.5;17.75;23.0;0.0;10.1;2.7;39.05
1982-09-27;11.63;15.37;19.1;0.0;5.6;1.9;63.39
1982-09-28;11.2;14.85;18.5;9.13;5.4;5.2;71.22
1982-09-29;9.5;13.1;16.7;0.0;9.4;5.1;47.81
1982-09-30;7.8;12.5;17.2;0.0;10.656;3.3;49.51
1982-10-01;6.4;11.03;15.65;5.29;6.8;2.98;60.12
1982-10-02;10.4;13.3;16.2;5.16;7.2;5.31;58.43
1982-10-03;9.2;11.65;14.1;0.0;7.539;4.02;49.48
1982-10-04;7.8;10.35;12.9;0.0;6.553;1.6;60.95
1982-10-05;7.7;9.75;11.8;0.0;5.8;0.9;65.11
1982-10-06;5.5;9.93;14.35;0.0;10.1;1.6;48.38
1982-10-07;7.33;10.46;13.6;2.3;3.73;2.5;77.9
1982-10-08;11.18;13.94;16.7;0.0;4.268;1.4;80.17
1982-10-09;9.72;12.72;15.72;3.59;2.627;2.89;81.31
1982-10-10;5.1;10.41;15.71;0.0;9.058;2.0;47.09
1982-10-11;4.9;9.63;14.37;0.0;8.9;1.4;47.97
1982-10-12;7.7;10.6;13.49;4.1;2.1;3.8;78.4
1982-10-13;5.9;10.35;14.8;4.1;7.9;1.6;63.84
1982-10-14;2.4;7.99;13.57;0.0;8.729;1.4;42.19
1982-10-15;4.54;9.32;14.1;0.0;7.625;2.2;42.02
1982-10-16;7.25;9.62;11.99;2.5;3.334;5.4;70.5
1982-10-17;7.02;10.68;14.34;0.0;8.4;4.3;56.3
1982-10-18;9.6;12.3;15.0;4.1;4.0;6.4;66.64
1982-10-19;8.1;11.16;14.21;13.3;6.8;5.0;62.4
1982-10-20;9.8;11.9;14.0;8.3;3.0;5.3;81.19
1982-10-21;8.18;9.48;10.79;13.44;3.4;8.12;80.84
1982-10-22;5.2;9.1;13.0;0.0;8.006;3.4;49.38
1982-10-23;6.4;9.25;12.1;0.0;5.1;3.0;76.8
1982-10-24;6.47;9.44;12.4;3.0;4.849;3.7;81.35
1982-10-25;7.7;10.75;13.8;7.08;3.3;3.1;85.2
1982-10-26;5.05;8.53;12.01;1.9;4.1;4.2;70.74
1982-10-27;6.7;9.1;11.5;0.0;5.408;4.4;61.5
1982-10-28;9.2;10.7;12.2;22.93;1.6;0.9;88.9
1982-10-29;5.3;7.55;9.8;1.7;4.0;3.7;74.0
1982-10-30;3.4;6.26;9.12;0.0;4.3;4.2;73.26
1982-10-31;2.7;6.15;9.6;0.0;6.7;2.9;64.97
1982-11-01;1.43;5.71;10.0;0.0;5.4;1.33;65.27
1982-11-02;3.1;7.05;11.01;0.0;4.9;2.5;64.56
1982-11-03;8.78;11.14;13.5;10.7;3.5;6.95;63.96
1982-11-04;8.0;9.9;11.8;0.0;4.6;4.9;52.7
1982-11-05;1.61;5.25;8.9;0.0;6.1;5.0;45.26
1982-11-06;0.55;4.53;8.5;0.0;5.1;2.9;73.59
1982-11-07;4.28;7.99;11.7;8.15;2.1;5.06;84.21
1982-11-08;10.4;11.7;12.99;9.57;2.0;3.4;90.92
1982-11-09;5.26;8.43;11.6;2.89;2.4;5.1;74.88
1982-11-10;3.87;6.44;9.0;0.0;2.7;3.9;81.73
1982-11-11;2.9;6.5;10.1;1.62;2.5;1.9;78.48
1982-11-12;8.5;11.55;14.6;1.9;2.914;6.0;67.27
1982-11-13;8.68;10.84;13.0;3.08;1.596;5.4;78.08
1982-11-14;8.9;10.85;12.8;4.1;2.2;4.6;88.61
1982-11-15;3.3;6.85;10.4;3.02;3.9;3.4;75.07
1982-11-16;2.2;5.32;8.44;0.0;2.9;2.08;74.39
1982-11-17;2.9;6.65;10.4;0.0;4.8;1.5;72.52
1982-11-18;0.37;4.23;8.1;0.0;4.937;0.9;64.8
1982-11-19;3.4;6.83;10.26;0.0;2.4;3.0;81.75
1982-11-20;3.3;7.4;11.5;0.0;2.9;2.62;83.7
1982-11-21;2.6;5.2;7.8;0.0;2.4;1.1;85.56
1982-11-22;2.6;4.33;6.06;3.0;1.8;4.04;90.4
1982-11-23;0.29;3.15;6.0;0.0;3.5;2.06;87.6
1982-11-24;0.02;2.81;5.6;0.0;3.5;1.7;88.18
1982-11-25;-2.2;1.34;4.89;0.0;3.056;1.2;87.5
1982-11-26;0.9;4.75;8.6;19.04;1.3;4.1;77.7
1982-11-27;6.65;8.23;9.8;2.3;2.6;3.4;88.8
1982-11-28;5.1;7.2;9.3;3.5;1.5;2.13;89.6
1982-11-29;1.72;4.21;6.7;2.99;1.8;5.2;81.5
1982-11-30;-1.1;1.1;3.3;0.0;3.6;1.93;84.16
1982-12-01;0.04;2.62;5.19;2.2;2.2;2.1;88.1
1982-12-02;2.3;4.6;6.9;4.48;1.3;2.8;88.7
1982-12-03;4.4;6.61;8.81;19.58;0.605;3.6;88.5
1982-12-04;4.7;6.95;9.2;6.7;1.065;2.2;91.4
1982-12-05;0.4;3.45;6.5;0.0;1.9;6.2;66.12
1982-12-06;-1.3;0.7;2.7;0.0;2.9;2.7;77.42
1982-12-07;-2.5;-0.31;1.88;0.0;3.0;1.9;78.54
1982-12-08;-3.03;-0.83;1.37;0.0;2.9;1.1;83.8
1982-12-09;-2.71;-0.73;1.24;0.0;2.7;4.3;70.51
1982-12-10;-3.71;-1.29;1.14;0.0;2.9;2.5;69.3
1982-12-11;-6.0;-2.52;0.96;0.0;2.8;1.4;75.6
1982-12-12;-4.17;-1.5;1.18;0.0;2.9;2.11;74.22
1982-12-13;-3.42;-0.61;2.2;0.0;2.2;2.5;77.6
1982-12-14;0.47;3.33;6.2;2.7;1.4;3.8;83.93
1982-12-15;2.5;4.8;7.1;0.0;1.3;4.6;88.8
1982-12-16;-0.67;2.45;5.57;0.0;3.3;1.5;87.3
1982-12-17;1.9;4.34;6.78;0.0;1.8;4.2;82.65
1982-12-18;2.44;5.44;8.45;3.0;1.0;4.63;79.4
1982-12-19;2.3;4.33;6.37;0.0;1.2;3.5;88.7
1982-12-20;-0.7;2.48;5.66;0.0;2.6;1.9;81.5
1982-12-21;3.5;6.05;8.6;0.0;3.3;5.4;77.5
1982-12-22;1.0;4.05;7.1;0.0;3.2;1.3;82.4
1982-12-23;-1.1;1.6;4.3;0.0;2.8;1.0;87.6
1982-12-24;-1.9;0.86;3.62;0.0;3.205;2.2;80.03
1982-12-25;1.3;6.05;10.8;14.82;0.8;5.5;66.6
1982-12-26;4.7;7.75;10.8;5.92;1.6;5.31;83.8
1982-12-27;3.11;4.97;6.84;1.5;1.8;4.5;85.7
1982-12-28;-1.8;1.74;5.28;0.0;2.2;5.6;44.99
1982-12-29;-2.56;-0.47;1.61;0.0;2.9;1.6;43.25
1982-12-30;-2.4;1.4;5.2;12.7;1.6;3.7;59.32
1982-12-31;1.3;3.35;5.4;0.0;2.6;6.4;84.45
1983-01-01;-2.21;1.25;4.7;0.0;2.8;7.0;61.9
1983-01-02;-3.01;-0.48;2.05;0.0;3.3;5.32;63.93
1983-01-03;-1.28;0.66;2.6;0.0;2.9;6.51;69.39
1983-01-04;-2.0;0.05;2.1;0.0;4.286;4.9;75.04
1983-01-05;-2.2;2.05;6.3;2.0;1.8;5.1;74.89
1983-01-06;-1.1;2.6;6.3;0.0;2.9;2.3;80.44
1983-01-07;-2.11;-0.2;1.7;0.0;3.0;3.6;80.5
1983-01-08;-1.7;0.05;1.8;0.0;2.9;5.8;67.65
1983-01-09;-2.51;-0.4;1.7;0.0;0.258;5.1;80.4
1983-01-10;-4.4;-3.34;-2.28;0.0;3.4;2.9;64.21
1983-01-11;-4.31;-3.02;-1.74;0.0;3.9;3.2;60.56
1983-01-12;-6.37;-3.93;-1.49;1.4;3.5;2.7;59.95
1983-01-13;-5.0;-1.55;1.9;9.6;2.4;6.31;82.29
1983-01-14;-9.52;-3.16;3.2;0.0;2.111;4.09;45.96
1983-01-15;-12.67;-8.09;-3.51;0.0;3.8;0.66;55.29
1983-01-16;-10.56;-3.53;3.5;1.2;1.2;1.1;56.2
1983-01-17;-3.9;-2.41;-0.92;0.0;3.786;3.7;87.25
1983-01-18;-2.4;0.95;4.3;4.07;2.038;7.4;80.24
1983-01-19;-0.73;2.25;5.23;1.5;5.2;2.8;90.0
1983-01-20;1.8;3.55;5.3;14.62;1.895;4.07;93.39
1983-01-21;2.66;4.43;6.2;4.93;2.2;4.85;91.42
1983-01-22;2.9;4.9;6.9;0.0;3.3;2.3;89.9
1983-01-23;3.12;4.81;6.5;3.29;2.4;4.9;89.2
1983-01-24;3.08;4.79;6.5;0.0;1.6;3.4;89.11
1983-01-25;2.9;4.9;6.9;1.1;1.9;4.73;87.4
1983-01-26;0.9;3.2;5.5;0.0;2.2;6.9;83.31
1983-01-27;-0.31;1.51;3.34;0.0;3.5;6.1;56.96
1983-01-28;-0.7;2.65;6.0;0.0;2.036;5.03;68.7
1983-01-29;-2.3;1.58;5.46;0.0;4.1;2.2;77.24
1983-01-30;2.96;5.73;8.5;3.85;1.5;6.5;83.1
1983-01-31;4.41;7.08;9.74;0.0;1.8;3.6;86.21
1983-02-01;4.7;7.7;10.7;0.0;4.1;5.5;66.91
1983-02-02;5.9;9.05;12.2;0.0;3.8;6.3;64.57
1983-02-03;7.86;10.3;12.75;0.0;3.4;3.8;80.09
1983-02-04;8.01;9.55;11.1;4.6;1.564;2.0;90.56
1983-02-05;8.21;10.06;11.91;0.0;2.058;1.1;88.12
1983-02-06;7.5;10.05;12.61;0.0;3.8;2.5;79.42
1983-02-07;7.7;9.6;11.5;6.81;1.6;2.1;90.0
1983-02-08;7.8;9.55;11.3;2.7;2.5;3.1;87.1
1983-02-09;4.22;7.36;10.5;1.4;1.6;3.3;81.81
1983-02-10;1.26;4.48;7.7;0.0;5.4;1.3;68.53
1983-02-11;-0.5;2.09;4.68;0.0;3.0;5.6;71.79
1983-02-12;-0.6;1.4;3.4;0.0;5.3;3.6;54.89
1983-02-13;-0.5;3.02;6.53;0.0;5.2;3.1;72.8
1983-02-14;0.2;3.05;5.9;1.2;4.5;3.1;77.37
1983-02-15;-2.3;-1.01;0.27;0.0;6.715;4.0;29.74
1983-02-16;-2.5;0.67;3.83;0.0;6.8;1.5;29.27
1983-02-17;-1.42;2.27;5.96;0.0;7.4;3.44;31.86
1983-02-18;-2.3;1.21;4.72;0.0;7.9;1.35;39.05
1983-02-19;-2.5;1.75;6.0;0.0;7.602;2.3;41.48
1983-02-20;-0.2;3.55;7.3;0.0;7.346;3.3;62.05
1983-02-21;-1.6;2.85;7.3;0.0;6.7;0.9;63.58
1983-02-22;-1.7;3.1;7.9;0.0;6.2;2.9;61.09
1983-02-23;0.0;2.5;5.0;0.0;8.1;5.3;42.61
1983-02-24;-0.7;2.8;6.3;0.0;7.818;2.2;47.0
1983-02-25;-1.6;3.34;8.28;0.0;7.2;1.1;59.5
1983-02-26;-1.6;3.25;8.1;0.0;8.1;-0.01;58.93
1983-02-27;-1.6;3.13;7.85;0.0;6.8;1.48;71.96
1983-02-28;-1.6;1.45;4.5;0.0;5.2;5.6;50.75
1983-03-01;-2.6;-1.79;-0.97;0.0;7.0;5.7;43.0
1983-03-02;-2.7;-2.15;-1.59;0.0;8.114;6.2;44.4
1983-03-03;-2.1;-0.46;1.18;0.0;7.0;5.0;51.74
1983-03-04;-0.11;3.24;6.6;0.0;6.563;4.1;51.57
1983-03-05;-1.4;3.0;7.4;0.0;7.706;0.9;63.2
1983-03-06;-1.0;3.7;8.4;0.0;11.9;2.7;50.69
1983-03-07;3.4;6.55;9.7;0.0;5.7;3.4;51.21
1983-03-08;3.5;7.5;11.5;8.17;4.401;3.02;74.2
1983-03-09;5.88;9.04;12.2;0.0;8.8;4.3;64.98
1983-03-10;3.3;6.35;9.4;2.62;4.9;3.3;80.03
1983-03-11;0.4;3.9;7.4;1.22;8.0;4.6;50.7
1983-03-12;-1.3;2.15;5.6;0.0;12.004;2.1;31.4
1983-03-13;-1.32;2.59;6.5;0.0;12.248;1.0;37.87
1983-03-14;-0.8;4.05;8.9;0.0;11.3;2.4;43.08
1983-03-15;1.9;5.65;9.4;6.1;4.228;6.87;56.93
1983-03-16;-0.1;3.15;6.4;0.0;9.9;4.2;38.69
1983-03-17;-0.8;2.0;4.79;0.0;9.0;4.1;51.67
1983-03-18;-1.9;0.82;3.55;0.0;12.209;3.6;34.48
1983-03-19;-2.02;2.09;6.2;1.2;12.019;3.1;40.28
1983-03-20;-2.09;1.64;5.37;0.0;10.454;3.6;43.19
1983-03-21;-2.46;0.47;3.4;0.0;12.7;2.9;38.11
1983-03-22;-2.8;0.71;4.22;0.0;13.6;2.2;36.92
1983-03-23;-1.4;2.65;6.7;0.0;10.765;2.6;52.22
1983-03-24;-0.64;3.68;7.99;0.0;10.959;0.8;48.92
1983-03-25;1.7;5.85;10.0;0.0;10.933;2.1;61.25
1983-03-26;3.4;5.77;8.14;4.6;4.697;3.8;84.71
1983-03-27;1.19;5.0;8.8;0.0;10.3;3.5;53.62
1983-03-28;-0.21;4.09;8.4;0.0;12.5;1.4;39.84
1983-03-29;1.7;4.15;6.6;5.5;8.0;3.9;74.68
1983-03-30;1.61;4.66;7.7;0.0;7.032;5.05;61.23
1983-03-31;-0.1;4.03;8.15;0.0;13.008;1.5;46.33
1983-04-01;1.05;4.61;8.16;0.0;6.7;2.2;65.1
1983-04-02;-1.1;3.56;8.21;0.0;8.425;0.52;62.6
1983-04-03;1.2;5.4;9.6;0.0;11.4;3.1;43.57
1983-04-04;1.2;6.05;10.9;0.0;16.3;3.1;35.69
1983-04-05;4.3;8.55;12.8;4.5;6.806;5.1;62.2
1983-04-06;5.4;10.39;15.38;0.0;19.047;3.7;35.2
1983-04-07;4.13;10.02;15.9;0.0;20.264;3.7;31.3
1983-04-08;4.1;9.8;15.5;0.0;17.803;3.5;34.78
1983-04-09;4.51;11.91;19.31;0.0;18.904;3.0;32.81
1983-04-10;6.51;13.12;19.73;0.0;18.6;2.9;38.02
1983-04-11;6.4;13.1;19.8;0.0;19.237;2.9;39.31
1983-04-12;7.3;13.67;20.04;0.0;13.29;2.4;38.7
1983-04-13;4.92;11.14;17.35;0.0;19.116;3.5;36.98
1983-04-14;3.9;9.19;14.48;0.0;19.306;3.8;37.29
1983-04-15;2.4;7.27;12.14;0.0;20.4;3.2;23.3
1983-04-16;1.04;7.27;13.5;0.0;20.674;2.0;22.08
1983-04-17;0.3;7.45;14.6;0.0;22.203;1.4;23.32
1983-04-18;1.65;8.89;16.13;0.0;23.479;2.08;30.1
1983-04-19;3.98;10.09;16.2;0.0;23.648;3.44;34.59
1983-04-20;3.8;8.95;14.1;0.0;22.206;4.0;28.46
1983-04-21;3.01;7.75;12.5;0.0;23.575;3.5;27.38
1983-04-22;2.8;7.45;12.1;6.5;7.1;2.5;59.63
1983-04-23;7.0;9.7;12.4;14.05;7.1;1.6;88.79
1983-04-24;2.29;5.85;9.4;2.9;13.0;4.9;45.23
1983-04-25;0.25;3.67;7.1;0.0;18.016;1.9;33.17
1983-04-26;1.94;4.37;6.8;2.0;12.3;3.98;54.95
1983-04-27;2.9;8.45;14.0;3.73;13.3;2.0;40.7
1983-04-28;4.1;9.1;14.1;0.0;16.9;2.96;38.55
1983-04-29;3.4;8.05;12.7;3.44;10.22;2.91;56.2
1983-04-30;2.7;6.75;10.8;4.11;19.1;4.0;40.0
1983-05-01;7.7;11.0;14.3;0.0;14.9;3.8;52.41
1983-05-02;5.1;10.25;15.4;1.6;17.605;2.1;41.76
1983-05-03;4.4;10.25;16.1;2.2;17.624;3.6;43.77
1983-05-04;5.7;10.43;15.16;1.5;14.9;4.98;44.5
1983-05-05;8.69;12.7;16.71;2.0;7.895;5.02;48.2
1983-05-06;10.5;15.02;19.53;0.0;10.6;5.3;53.2
1983-05-07;8.2;12.05;15.9;0.0;16.4;4.7;44.18
1983-05-08;6.98;9.79;12.59;0.0;13.9;3.9;44.98
1983-05-09;7.03;10.12;13.2;3.3;10.5;5.6;56.3
1983-05-10;9.0;13.5;18.0;0.0;14.3;3.7;49.71
1983-05-11;5.3;8.95;12.6;0.0;18.4;2.8;42.42
1983-05-12;3.51;8.0;12.5;0.0;22.953;2.2;33.33
1983-05-13;3.1;9.1;15.1;0.0;17.814;1.56;34.88
1983-05-14;4.5;11.71;18.91;0.0;25.73;1.9;30.24
1983-05-15;4.78;13.09;21.4;0.0;28.47;3.2;28.3
1983-05-16;7.2;15.2;23.2;0.0;23.947;2.3;32.78
1983-05-17;7.5;15.96;24.41;0.0;21.723;1.5;31.6
1983-05-18;11.04;17.89;24.75;1.5;17.7;1.4;38.88
1983-05-19;11.1;16.05;21.0;0.0;11.9;2.8;62.95
1983-05-20;9.2;14.59;19.98;0.0;18.0;3.9;48.2
1983-05-21;5.0;8.55;12.1;0.0;14.7;5.0;48.9
1983-05-22;3.6;9.25;14.9;0.0;26.706;4.01;32.69
1983-05-23;4.5;9.7;14.9;0.0;26.905;4.61;29.99
1983-05-24;4.45;10.04;15.63;0.0;27.514;3.8;23.66
1983-05-25;3.0;8.95;14.9;0.0;27.827;2.9;20.77
1983-05-26;3.1;9.05;15.01;0.0;23.602;2.9;32.52
1983-05-27;4.8;8.55;12.3;0.0;13.1;2.9;42.8
1983-05-28;4.8;11.7;18.6;0.0;21.3;3.9;34.07
1983-05-29;6.3;10.67;15.04;0.0;28.315;4.4;28.16
1983-05-30;5.0;10.53;16.05;0.0;27.79;4.2;22.51
1983-05-31;4.9;10.2;15.5;0.0;27.604;4.1;25.12
1983-06-01;4.37;10.26;16.14;0.0;18.6;3.4;33.11
1983-06-02;5.3;11.95;18.6;0.0;19.015;3.9;35.4
1983-06-03;9.4;12.25;15.09;0.0;10.099;3.6;57.41
1983-06-04;8.9;14.7;20.49;7.08;13.903;1.8;37.4
1983-06-05;9.4;12.05;14.7;16.66;10.799;2.1;78.0
1983-06-06;9.4;14.95;20.5;0.0;23.793;2.3;38.09
1983-06-07;9.0;14.55;20.1;9.1;20.4;3.6;40.08
1983-06-08;7.7;11.96;16.22;2.5;17.208;3.93;37.5
1983-06-09;6.7;10.55;14.4;11.67;10.302;2.5;61.63
1983-06-10;7.8;10.98;14.16;1.4;15.046;5.0;50.45
1983-06-11;5.89;10.23;14.57;5.61;10.397;3.7;47.2
1983-06-12;8.0;11.62;15.24;3.38;16.645;3.9;42.17
1983-06-13;7.1;9.75;12.4;0.0;16.286;4.43;48.3
1983-06-14;6.2;9.35;12.5;0.0;16.6;4.2;33.36
1983-06-15;5.79;8.67;11.55;4.6;11.6;2.2;62.21
1983-06-16;7.1;10.65;14.2;0.0;13.927;3.38;51.85
1983-06-17;7.5;10.29;13.09;0.0;15.365;3.2;50.7
1983-06-18;5.88;10.79;15.69;0.0;23.64;2.5;34.47
1983-06-19;9.5;12.8;16.1;0.0;17.4;3.4;46.23
1983-06-20;8.19;12.0;15.8;3.0;8.015;3.4;56.53
1983-06-21;11.3;13.37;15.43;6.71;8.2;4.4;83.64
1983-06-22;10.0;13.1;16.19;0.0;16.4;4.63;48.1
1983-06-23;7.1;10.55;14.0;0.0;14.689;3.6;48.1
1983-06-24;6.1;10.39;14.68;0.0;18.3;1.0;40.88
1983-06-25;8.0;12.35;16.7;0.0;16.2;0.5;38.46
1983-06-26;7.3;11.64;15.99;0.0;15.8;0.66;48.71
1983-06-27;8.7;13.32;17.95;2.0;16.2;3.3;56.01
1983-06-28;11.2;14.95;18.7;6.3;13.9;4.5;55.62
1983-06-29;9.8;13.13;16.46;0.0;15.244;3.69;48.1
1983-06-30;11.0;15.45;19.9;0.0;13.536;4.8;45.9
1983-07-01;10.8;15.15;19.5;0.0;21.606;3.5;37.79
1983-07-02;11.18;16.29;21.4;4.5;10.7;3.8;55.2
1983-07-03;14.4;19.25;24.1;0.0;14.496;3.1;47.52
1983-07-04;13.0;18.41;23.81;0.0;17.5;2.1;42.39
1983-07-05;10.7;18.4;26.1;0.0;23.107;0.6;38.67
1983-07-06;13.9;20.18;26.46;0.0;23.697;1.8;37.8
1983-07-07;13.1;20.3;27.5;0.0;28.511;1.01;33.3
1983-07-08;13.9;20.34;26.78;2.5;19.9;1.49;45.29
1983-07-09;12.5;18.5;24.5;0.0;20.06;2.6;38.7
1983-07-10;10.2;17.0;23.8;0.0;26.708;2.1;26.03
1983-07-11;8.3;16.55;24.81;0.0;27.6;2.4;29.15
1983-07-12;9.4;16.65;23.9;0.0;25.913;2.8;31.33
1983-07-13;10.07;17.14;24.21;0.0;22.295;2.9;34.29
1983-07-14;11.1;17.35;23.6;0.0;23.735;3.5;34.67
1983-07-15;9.0;16.17;23.34;0.0;26.064;2.7;32.09
1983-07-16;10.7;17.95;25.2;0.0;27.065;3.5;27.99
1983-07-17;11.0;18.85;26.7;0.0;25.672;3.7;28.61
1983-07-18;15.31;22.14;28.98;2.5;23.0;2.3;29.79
1983-07-19;13.4;20.66;27.91;24.51;16.534;1.0;37.48
1983-07-20;14.5;20.35;26.2;0.0;18.217;1.8;41.99
1983-07-21;13.27;19.99;26.71;0.0;19.504;-0.04;42.7
1983-07-22;15.5;20.35;25.2;2.4;13.3;2.1;46.21
1983-07-23;13.6;20.07;26.55;13.51;14.7;1.1;43.47
1983-07-24;15.21;20.09;24.96;2.33;17.537;2.4;44.3
1983-07-25;14.8;18.88;22.96;7.18;7.548;1.5;81.42
1983-07-26;14.28;18.99;23.7;0.0;16.179;2.8;52.21
1983-07-27;13.8;18.85;23.9;0.0;16.1;2.8;43.1
1983-07-28;12.8;18.2;23.6;8.21;16.0;3.2;44.4
1983-07-29;13.5;17.91;22.33;7.4;16.392;4.4;43.53
1983-07-30;11.61;14.06;16.51;0.0;11.197;3.0;63.87
1983-07-31;9.5;12.79;16.07;0.0;18.2;2.7;44.0
1983-08-01;7.7;12.0;16.3;0.0;18.523;2.8;36.49
1983-08-02;7.15;13.98;20.8;0.0;20.231;1.6;30.82
1983-08-03;12.1;19.11;26.11;0.0;24.9;4.7;28.67
1983-08-04;12.2;16.7;21.2;0.0;13.969;5.2;40.19
1983-08-05;9.6;14.48;19.36;0.0;19.279;4.0;34.75
1983-08-06;12.1;15.95;19.8;1.2;15.0;4.2;43.34
1983-08-07;13.21;17.02;20.83;19.65;5.979;4.9;76.37
1983-08-08;14.2;17.9;21.6;0.0;13.5;3.2;49.5
1983-08-09;14.2;17.35;20.5;0.0;12.1;3.0;61.41
1983-08-10;11.5;15.8;20.1;2.51;10.137;2.0;59.64
1983-08-11;11.86;19.58;27.3;0.0;20.047;1.7;36.79
1983-08-12;13.5;18.46;23.43;0.0;23.439;3.01;40.51
1983-08-13;10.18;14.64;19.1;0.0;21.07;3.1;35.6
1983-08-14;6.57;13.38;20.2;0.0;24.522;1.2;32.52
1983-08-15;8.5;15.5;22.5;0.0;15.1;2.1;33.45
1983-08-16;14.24;18.3;22.37;6.43;8.3;1.58;49.6
1983-08-17;10.4;16.0;21.6;0.0;22.793;2.3;37.78
1983-08-18;10.22;16.27;22.33;0.0;18.211;0.8;38.18
1983-08-19;9.6;16.79;23.97;0.0;23.063;1.6;31.94
1983-08-20;10.7;18.45;26.19;0.0;21.178;2.28;29.71
1983-08-21;10.4;19.25;28.1;0.0;22.273;0.8;30.57
1983-08-22;13.4;20.65;27.9;0.0;19.206;0.64;32.5
1983-08-23;12.95;20.32;27.7;0.0;18.311;1.5;31.69
1983-08-24;14.61;21.8;29.0;0.0;19.009;2.5;29.19
1983-08-25;14.5;21.2;27.91;0.0;18.212;1.9;33.98
1983-08-26;13.3;19.2;25.1;0.0;18.128;2.1;34.39
1983-08-27;12.11;16.8;21.5;0.0;16.514;2.4;35.6
1983-08-28;9.1;15.45;21.8;0.0;18.3;1.8;32.69
1983-08-29;10.4;18.14;25.87;3.0;13.7;2.4;30.38
1983-08-30;14.0;18.1;22.2;2.0;13.888;3.2;44.38
1983-08-31;13.7;17.4;21.1;0.0;8.7;3.4;45.0
1983-09-01;12.29;16.49;20.7;4.6;6.6;1.6;63.52
1983-09-02;10.6;15.0;19.4;13.54;10.7;3.2;54.9
1983-09-03;6.8;12.8;18.8;0.0;17.652;1.1;36.5
1983-09-04;7.7;14.4;21.1;0.0;18.37;1.1;33.9
1983-09-05;7.6;14.3;21.0;1.34;13.878;2.0;38.69
1983-09-06;8.6;13.15;17.7;0.0;15.7;3.17;42.29
1983-09-07;7.6;12.35;17.1;0.0;15.714;2.1;37.98
1983-09-08;5.39;11.85;18.3;0.0;18.402;1.8;35.2
1983-09-09;6.9;13.05;19.2;0.0;17.436;3.1;35.0
1983-09-10;7.9;14.2;20.5;0.0;17.084;3.1;36.28
1983-09-11;7.8;12.95;18.1;0.0;10.894;2.8;43.87
1983-09-12;9.5;13.3;17.1;0.0;9.2;2.7;53.19
1983-09-13;9.8;14.25;18.7;0.0;10.7;1.8;44.06
1983-09-14;8.1;13.0;17.9;0.0;6.941;2.5;55.32
1983-09-15;10.53;14.52;18.5;0.0;8.9;3.92;45.3
1983-09-16;10.6;14.95;19.3;0.0;9.7;3.4;41.61
1983-09-17;10.1;14.95;19.8;0.0;10.6;3.5;44.37
1983-09-18;11.0;13.85;16.7;0.0;6.4;2.6;62.17
1983-09-19;10.2;13.8;17.4;0.0;6.9;1.1;47.77
1983-09-20;8.3;11.37;14.43;0.0;9.8;4.2;49.49
1983-09-21;4.9;9.6;14.3;0.0;10.1;3.6;37.1
1983-09-22;2.4;9.05;15.7;0.0;10.9;2.8;36.03
1983-09-23;9.5;13.67;17.84;6.0;3.999;6.2;41.52
1983-09-24;11.2;14.5;17.8;5.44;5.497;3.5;60.4
1983-09-25;9.5;11.5;13.5;7.92;5.883;1.8;81.59
1983-09-26;10.8;14.85;18.9;1.6;6.924;3.03;53.73
1983-09-27;10.8;14.35;17.9;0.0;8.9;5.2;53.78
1983-09-28;10.3;14.3;18.3;0.0;9.275;5.2;53.98
1983-09-29;12.2;14.25;16.3;1.89;4.7;5.1;77.69
1983-09-30;12.0;14.74;17.49;0.0;7.1;4.3;60.43
1983-10-01;11.7;13.55;15.4;1.2;4.2;3.7;81.6
1983-10-02;12.2;13.55;14.9;1.8;2.882;2.19;88.24
1983-10-03;12.1;14.6;17.1;0.0;4.6;1.4;81.54
1983-10-04;11.1;14.26;17.42;0.0;5.4;1.3;67.95
1983-10-05;12.1;14.99;17.88;0.0;6.3;3.1;63.11
1983-10-06;11.14;14.53;17.91;0.0;7.6;3.1;60.52
1983-10-07;7.9;12.55;17.2;0.0;7.8;2.6;51.33
1983-10-08;5.9;9.95;14.0;0.0;8.527;2.51;51.84
1983-10-09;5.5;9.7;13.9;0.0;6.1;1.6;50.59
1983-10-10;1.8;8.4;15.0;0.0;9.1;0.49;38.1
1983-10-11;6.4;12.09;17.79;0.0;10.047;1.7;38.18
1983-10-12;7.0;13.05;19.1;0.0;10.258;3.3;37.9
1983-10-13;9.7;14.3;18.91;0.0;5.0;3.93;54.59
1983-10-14;9.36;14.23;19.1;0.0;4.3;3.34;49.1
1983-10-15;9.59;14.35;19.1;3.12;7.4;4.6;49.52
1983-10-16;5.51;10.3;15.1;0.0;8.158;4.5;44.03
1983-10-17;9.22;12.66;16.1;5.6;1.718;4.7;78.56
1983-10-18;13.0;15.65;18.31;4.1;3.4;3.3;86.33
1983-10-19;10.8;13.85;16.9;14.42;4.183;4.8;85.7
1983-10-20;5.6;9.6;13.6;0.0;4.6;4.57;65.47
1983-10-21;2.7;6.45;10.2;0.0;7.1;2.0;52.22
1983-10-22;0.36;4.48;8.6;0.0;8.3;2.98;44.47
1983-10-23;2.7;6.29;9.89;0.0;8.002;4.0;44.39
1983-10-24;-0.22;4.64;9.5;0.0;8.1;1.6;44.08
1983-10-25;3.87;6.09;8.3;16.35;1.916;3.9;87.11
1983-10-26;3.1;5.6;8.11;0.0;6.3;3.7;74.46
1983-10-27;3.07;5.94;8.8;0.0;4.166;3.0;78.93
1983-10-28;4.8;7.7;10.6;0.0;4.1;1.4;62.45
1983-10-29;7.0;8.89;10.79;0.0;3.2;4.1;85.74
1983-10-30;4.74;8.63;12.51;10.0;3.8;3.4;72.97
1983-10-31;4.3;8.05;11.8;1.82;6.019;3.24;65.56
1983-11-01;8.0;10.62;13.24;2.27;6.314;4.0;74.0
1983-11-02;8.1;10.75;13.39;1.6;3.7;3.7;77.68
1983-11-03;6.2;9.05;11.9;0.0;4.0;3.55;77.43
1983-11-04;5.34;9.07;12.8;7.9;4.12;7.41;66.98
1983-11-05;3.3;5.7;8.1;1.6;3.0;5.7;61.5
1983-11-06;2.95;6.28;9.6;5.1;5.708;4.7;53.78
1983-11-07;2.9;5.79;8.69;1.2;2.9;4.1;77.66
1983-11-08;0.6;4.12;7.64;0.0;4.6;4.2;53.59
1983-11-09;-0.58;5.41;11.4;5.67;2.7;3.6;49.21
1983-11-10;5.5;8.13;10.75;0.0;5.5;5.6;53.4
1983-11-11;5.0;9.0;13.0;16.89;1.3;2.9;55.5
1983-11-12;9.4;11.15;12.9;1.8;2.2;5.5;88.6
1983-11-13;4.5;7.6;10.7;1.4;4.3;4.3;58.6
1983-11-14;4.4;7.5;10.6;1.2;2.7;4.4;74.4
1983-11-15;3.4;6.45;9.5;0.0;4.2;3.1;72.46
1983-11-16;0.48;3.74;7.0;0.0;3.732;1.5;58.09
1983-11-17;1.6;6.55;11.5;25.43;1.1;3.3;40.51
1983-11-18;9.6;11.4;13.2;0.0;2.5;4.6;84.83
1983-11-19;9.51;11.21;12.9;1.4;2.3;5.1;86.64
1983-11-20;4.1;8.2;12.3;0.0;4.102;4.8;55.08
1983-11-21;2.3;5.8;9.3;0.0;4.2;1.43;71.76
1983-11-22;0.6;4.05;7.5;0.0;2.1;1.0;85.99
1983-11-23;5.5;7.35;9.2;0.0;2.2;0.7;88.7
1983-11-24;5.5;7.35;9.2;0.0;1.9;0.8;88.01
1983-11-25;4.5;6.65;8.8;0.0;2.6;2.5;80.58
1983-11-26;4.4;8.07;11.74;2.8;1.5;4.75;71.59
1983-11-27;5.9;8.84;11.77;0.0;2.6;6.8;46.29
1983-11-28;3.4;5.9;8.4;0.0;2.9;5.35;50.8
1983-11-29;2.6;5.3;8.01;0.0;3.8;2.7;60.01
1983-11-30;1.77;4.63;7.5;0.0;2.636;1.0;75.0
1983-12-01;4.2;6.39;8.58;0.0;1.7;1.3;88.4
1983-12-02;5.5;8.35;11.2;0.0;1.1;2.9;86.62
1983-12-03;4.5;7.9;11.3;4.24;1.6;1.8;87.4
1983-12-04;3.2;7.2;11.2;4.87;1.3;2.9;75.0
1983-12-05;6.5;8.55;10.6;2.2;1.2;6.3;78.85
1983-12-06;3.81;6.36;8.9;0.0;2.5;5.8;68.16
1983-12-07;0.91;3.75;6.6;0.0;2.2;5.52;66.74
1983-12-08;-0.9;1.5;3.9;0.0;2.212;2.8;77.48
1983-12-09;-0.98;1.8;4.58;0.0;2.4;2.1;85.7
1983-12-10;-1.3;0.98;3.27;0.0;1.9;0.54;91.22
1983-12-11;-0.9;2.1;5.1;0.0;2.7;1.3;82.06
1983-12-12;-1.7;0.4;2.5;0.0;2.6;1.33;87.6
1983-12-13;-2.7;-0.15;2.4;0.0;3.2;1.0;88.29
1983-12-14;-2.6;-0.18;2.24;0.0;2.3;1.4;88.8
1983-12-15;-2.82;-0.51;1.8;0.0;2.6;2.8;86.6
1983-12-16;-2.9;-0.35;2.2;0.0;1.9;1.6;87.11
1983-12-17;-3.1;-0.94;1.23;0.0;2.4;1.1;91.83
1983-12-18;-1.1;1.29;3.69;2.2;1.5;3.3;88.06
1983-12-19;0.65;2.5;4.35;4.12;2.4;1.1;90.37
1983-12-20;2.11;3.96;5.8;9.8;0.858;2.2;89.8
1983-12-21;3.0;4.9;6.8;18.85;0.7;3.03;89.7
1983-12-22;1.3;3.25;5.2;0.0;2.0;3.9;79.2
1983-12-23;-0.4;2.22;4.84;0.0;2.4;2.6;77.52
1983-12-24;-2.7;-0.15;2.4;0.0;3.0;0.6;86.8
1983-12-25;-3.0;0.6;4.2;0.0;1.6;1.7;82.76
1983-12-26;1.05;2.81;4.58;0.0;2.3;1.3;91.4
1983-12-27;2.41;6.91;11.4;2.0;1.0;6.0;78.0
1983-12-28;3.2;6.79;10.39;7.23;1.2;5.7;80.9
1983-12-29;3.1;5.2;7.29;9.79;2.6;5.71;69.43
1983-12-30;1.42;3.51;5.6;0.0;1.9;5.3;83.07
1983-12-31;2.4;4.47;6.54;0.0;1.9;6.0;75.59
1984-01-01;1.8;3.75;5.7;0.0;2.2;3.7;87.61
1984-01-02;-1.11;1.6;4.31;0.0;2.9;0.9;88.7
1984-01-03;0.3;2.84;5.38;0.0;2.2;2.1;85.75
1984-01-04;0.3;3.25;6.2;0.0;2.1;0.9;86.1
1984-01-05;2.3;5.2;8.1;12.88;1.5;4.7;83.28
1984-01-06;2.9;5.65;8.4;2.3;0.948;5.08;87.6
1984-01-07;-0.97;2.12;5.2;0.0;2.298;7.46;53.09
1984-01-08;-1.7;0.25;2.2;0.0;3.2;3.6;49.77
1984-01-09;1.2;3.8;6.4;0.0;2.1;3.4;87.29
1984-01-10;0.5;3.25;5.99;0.0;2.4;1.15;88.7
1984-01-11;0.12;3.08;6.05;0.0;2.8;1.0;86.91
1984-01-12;1.4;3.95;6.5;0.0;3.5;4.7;82.48
1984-01-13;2.81;5.86;8.9;6.47;1.4;5.26;77.67
1984-01-14;6.5;8.65;10.8;0.0;2.3;4.9;85.8
1984-01-15;2.9;5.85;8.8;0.0;2.8;1.3;82.83
1984-01-16;3.4;6.4;9.4;1.1;1.7;5.2;80.3
1984-01-17;6.0;7.86;9.71;9.2;1.3;3.4;90.3
1984-01-18;4.81;6.55;8.3;2.9;1.5;5.9;86.42
1984-01-19;4.61;6.55;8.5;1.2;3.8;4.35;82.79
1984-01-20;6.49;9.25;12.0;5.6;2.3;4.3;78.2
1984-01-21;5.31;7.61;9.9;0.0;3.5;5.71;67.65
1984-01-22;5.0;7.66;10.31;2.38;1.3;6.9;71.4
1984-01-23;3.6;6.25;8.9;0.0;2.7;5.2;66.82
1984-01-24;3.0;6.4;9.8;0.0;2.6;3.13;71.89
1984-01-25;6.48;8.49;10.5;0.0;1.4;4.7;86.3
1984-01-26;3.8;7.1;10.4;0.0;4.4;3.5;76.9
1984-01-27;1.6;4.9;8.2;0.0;4.3;1.8;68.48
1984-01-28;4.78;7.64;10.5;4.74;1.7;1.9;83.1
1984-01-29;4.6;7.65;10.7;0.0;2.2;6.5;65.0
1984-01-30;4.13;5.92;7.7;0.0;2.2;3.24;82.0
1984-01-31;3.22;6.36;9.5;0.0;2.2;1.8;82.99
1984-02-01;3.3;6.66;10.02;0.0;3.0;4.3;73.31
1984-02-02;2.6;6.35;10.1;6.1;2.5;5.8;64.48
1984-02-03;0.55;4.75;8.94;2.4;3.0;7.58;51.22
1984-02-04;-3.01;-0.01;2.99;0.0;3.4;7.32;36.0
1984-02-05;-4.2;-1.95;0.31;0.0;5.3;4.2;36.17
1984-02-06;-3.0;-0.64;1.72;0.0;6.3;4.9;54.44
1984-02-07;-3.71;-1.76;0.19;0.0;6.1;3.2;66.39
1984-02-08;-5.3;-2.8;-0.3;0.0;5.7;3.9;49.44
1984-02-09;-6.32;-3.15;0.03;0.0;7.2;1.6;47.43
1984-02-10;-5.2;-2.82;-0.44;0.0;6.312;3.2;57.0
1984-02-11;-6.52;-3.24;0.04;0.0;6.8;2.4;54.4
1984-02-12;-2.51;1.4;5.3;1.2;8.088;7.4;38.48
1984-02-13;3.5;5.6;7.7;1.8;3.3;5.4;87.41
1984-02-14;3.8;6.71;9.62;0.0;3.3;1.79;83.34
1984-02-15;3.13;6.15;9.18;1.4;1.884;3.3;85.85
1984-02-16;3.3;7.61;11.91;0.0;5.8;1.32;54.22
1984-02-17;3.1;7.2;11.3;0.0;4.2;1.99;64.0
1984-02-18;4.8;7.98;11.17;0.0;3.9;0.9;79.7
1984-02-19;5.7;8.15;10.6;0.0;2.9;0.11;86.3
1984-02-20;5.45;7.97;10.5;1.9;2.9;2.5;87.26
1984-02-21;1.8;5.7;9.6;0.0;6.9;3.2;59.59
1984-02-22;1.0;5.61;10.21;0.0;6.8;2.9;48.2
1984-02-23;2.4;5.4;8.4;0.0;5.602;6.2;52.6
1984-02-24;1.7;4.7;7.7;0.0;6.6;5.76;50.56
1984-02-25;2.8;5.9;9.0;2.5;4.5;5.1;79.34
1984-02-26;0.6;3.35;6.1;3.77;4.0;3.99;75.01
1984-02-27;-7.06;-2.93;1.2;0.0;8.2;5.0;35.4
1984-02-28;-4.73;-1.66;1.41;0.0;8.7;3.4;30.05
1984-02-29;0.0;0.0;0.0;0.0;0.0;0.0;0.0
1984-03-01;-2.8;-0.28;2.24;0.0;8.376;3.4;44.3
1984-03-02;-2.9;0.25;3.4;0.0;9.369;3.3;45.6
1984-03-03;-2.12;2.19;6.51;0.0;8.8;2.5;58.64
1984-03-04;-2.9;1.13;5.16;0.0;7.9;2.36;56.24
1984-03-05;-2.8;0.95;4.7;0.0;9.684;4.7;44.19
1984-03-06;-2.9;1.4;5.69;14.26;8.1;3.4;67.05
1984-03-07;-1.9;0.55;3.0;0.0;9.9;5.21;56.42
1984-03-08;-3.4;0.2;3.8;1.2;5.6;5.69;54.39
1984-03-09;-6.56;-3.95;-1.34;0.0;10.2;4.1;42.75
1984-03-10;-7.62;-5.34;-3.07;0.0;11.7;3.5;41.29
1984-03-11;-5.09;-1.65;1.78;0.0;8.237;2.7;46.61
1984-03-12;-2.6;-0.4;1.8;0.0;9.933;6.3;50.76
1984-03-13;-1.3;0.62;2.54;0.0;14.3;6.4;52.5
1984-03-14;-1.4;1.74;4.89;0.0;8.529;2.5;54.98
1984-03-15;-1.7;2.15;6.0;0.0;13.605;1.69;58.2
1984-03-16;2.8;6.6;10.4;1.5;12.123;3.4;55.81
1984-03-17;4.8;8.05;11.3;1.4;7.9;4.4;58.07
1984-03-18;0.74;4.37;8.0;0.0;6.7;4.1;70.61
1984-03-19;-0.8;2.85;6.5;1.4;11.7;4.5;43.89
1984-03-20;1.5;7.1;12.7;10.68;5.2;4.31;58.96
1984-03-21;7.8;12.33;16.85;6.1;7.5;3.7;67.96
1984-03-22;6.3;10.55;14.8;6.01;7.468;5.1;61.54
1984-03-23;3.53;6.81;10.1;0.0;10.918;3.2;49.6
1984-03-24;2.9;6.5;10.1;1.2;8.8;5.3;50.28
1984-03-25;4.5;10.05;15.6;0.0;8.1;4.4;50.5
1984-03-26;4.1;7.8;11.5;0.0;13.673;6.4;37.01
1984-03-27;1.78;5.09;8.4;0.0;16.202;4.8;29.93
1984-03-28;-0.8;3.85;8.5;0.0;17.804;1.8;28.32
1984-03-29;-1.3;3.05;7.4;0.0;14.7;2.1;32.4
1984-03-30;0.26;3.38;6.5;0.0;10.8;4.0;41.24
1984-03-31;1.5;4.75;8.0;1.6;7.947;5.7;52.21
1984-04-01;1.79;5.79;9.8;0.0;10.3;5.1;43.9
1984-04-02;0.7;4.45;8.2;0.0;9.8;4.0;53.43
1984-04-03;-0.4;4.15;8.7;1.77;7.944;2.2;54.21
1984-04-04;0.46;4.3;8.13;0.0;12.4;2.5;34.19
1984-04-05;-1.6;2.9;7.4;1.5;8.1;1.5;54.18
1984-04-06;-2.0;3.45;8.9;0.0;12.7;0.4;41.58
1984-04-07;0.49;5.4;10.3;0.0;13.62;2.5;34.37
1984-04-08;3.7;8.15;12.6;0.0;9.869;5.43;53.03
1984-04-09;6.8;10.75;14.7;3.7;10.123;5.0;59.75
1984-04-10;6.3;9.19;12.07;8.15;5.0;2.1;79.64
1984-04-11;4.1;9.45;14.8;0.0;17.403;1.8;44.19
1984-04-12;2.8;7.85;12.9;0.0;19.102;2.69;34.14
1984-04-13;2.7;7.28;11.86;0.0;13.6;3.5;36.89
1984-04-14;5.7;8.29;10.89;9.63;6.074;4.5;81.61
1984-04-15;4.8;8.13;11.47;7.31;6.4;5.8;72.94
1984-04-16;3.61;7.5;11.4;1.47;11.2;3.4;46.5
1984-04-17;2.18;6.64;11.1;1.2;12.4;2.78;46.62
1984-04-18;1.49;6.0;10.5;0.0;11.733;1.9;44.9
1984-04-19;2.51;6.18;9.85;4.1;9.1;3.5;65.02
1984-04-20;4.7;9.4;14.1;0.0;16.0;2.7;40.23
1984-04-21;5.2;8.36;11.51;1.97;7.398;2.9;65.11
1984-04-22;3.2;8.3;13.4;0.0;15.5;3.5;36.9
1984-04-23;2.7;7.95;13.2;0.0;15.0;4.3;40.1
1984-04-24;6.12;10.11;14.1;2.9;11.148;5.4;55.1
1984-04-25;5.5;9.35;13.2;0.0;13.4;5.3;42.5
1984-04-26;4.5;8.85;13.2;0.0;15.905;4.03;41.06
1984-04-27;4.2;8.39;12.59;0.0;13.4;3.9;41.9
1984-04-28;4.5;8.55;12.6;0.0;13.7;3.2;45.48
1984-04-29;6.1;9.25;12.39;1.98;14.2;4.7;48.9
1984-04-30;5.6;8.79;11.99;0.0;11.089;4.5;47.9
1984-05-01;5.6;8.25;10.9;0.0;7.8;3.5;64.71
1984-05-02;6.1;9.1;12.1;3.2;12.4;5.3;53.74
1984-05-03;6.26;9.33;12.4;7.38;12.4;4.1;62.22
1984-05-04;3.69;9.25;14.8;3.0;17.7;2.8;41.0
1984-05-05;7.0;8.9;10.8;9.24;10.099;4.9;77.13
1984-05-06;6.6;9.1;11.6;1.1;12.1;3.9;65.7
1984-05-07;6.3;10.04;13.79;0.0;14.4;1.7;45.33
1984-05-08;6.45;9.68;12.9;1.5;9.1;2.7;64.98
1984-05-09;9.8;12.3;14.8;2.69;8.646;4.5;77.53
1984-05-10;7.7;10.72;13.74;0.0;12.035;5.5;57.43
1984-05-11;7.02;11.16;15.3;4.09;15.1;5.1;45.22
1984-05-12;5.2;9.0;12.8;0.0;11.9;3.5;56.89
1984-05-13;5.1;8.4;11.7;0.0;15.876;3.1;51.31
1984-05-14;5.8;9.96;14.12;4.05;10.1;3.4;52.37
1984-05-15;6.0;10.5;15.0;2.0;10.252;2.5;52.36
1984-05-16;5.0;9.65;14.3;0.0;16.91;2.8;45.04
1984-05-17;6.4;10.3;14.2;1.8;10.1;3.4;61.55
1984-05-18;10.74;15.52;20.3;1.6;10.7;2.9;59.83
1984-05-19;9.5;13.9;18.31;3.0;12.488;2.0;76.24
1984-05-20;5.8;11.25;16.7;1.18;20.369;4.0;44.07
1984-05-21;8.6;11.03;13.46;3.3;9.4;2.8;78.99
1984-05-22;8.9;13.9;18.9;9.23;14.953;1.2;52.83
1984-05-23;9.0;12.13;15.26;0.0;14.6;2.4;53.29
1984-05-24;9.0;12.7;16.4;0.0;12.47;4.1;60.42
1984-05-25;8.9;12.15;15.4;0.0;14.4;4.1;41.41
1984-05-26;8.2;12.0;15.8;0.0;15.498;3.34;45.5
1984-05-27;9.0;13.65;18.31;2.7;11.6;2.4;55.1
1984-05-28;11.22;14.96;18.7;1.95;7.755;3.6;70.57
1984-05-29;11.0;14.03;17.06;2.0;7.098;3.4;76.67
1984-05-30;10.2;13.06;15.92;0.0;11.6;2.2;67.78
1984-05-31;9.47;12.67;15.87;12.18;11.5;1.3;63.92
1984-06-01;9.5;12.95;16.4;10.57;8.897;3.9;72.35
1984-06-02;7.1;10.88;14.67;1.2;14.072;2.9;50.5
1984-06-03;8.1;11.65;15.2;1.1;17.1;3.6;50.2
1984-06-04;8.9;13.2;17.5;7.48;11.291;2.5;54.23
1984-06-05;7.9;12.75;17.6;0.0;25.171;1.5;38.8
1984-06-06;10.3;14.5;18.7;0.0;15.851;2.2;44.5
1984-06-07;10.7;15.6;20.5;0.0;16.385;1.0;47.15
1984-06-08;13.0;17.5;22.0;0.0;18.327;0.8;41.73
1984-06-09;11.15;17.18;23.2;0.0;30.002;1.8;34.88
1984-06-10;9.8;17.35;24.9;0.0;22.9;2.2;35.29
1984-06-11;13.47;20.73;27.99;0.0;26.9;2.5;34.0
1984-06-12;14.0;20.74;27.48;0.0;25.4;2.4;40.7
1984-06-13;14.7;21.73;28.77;0.0;26.453;2.4;35.24
1984-06-14;14.72;21.38;28.04;0.0;25.802;1.6;36.66
1984-06-15;13.2;20.63;28.06;0.0;26.608;0.9;34.29
1984-06-16;13.0;20.55;28.09;0.0;26.605;1.1;33.74
1984-06-17;13.1;20.61;28.13;1.8;26.781;1.6;33.29
1984-06-18;13.0;18.1;23.2;0.0;19.9;2.3;45.2
1984-06-19;9.8;16.05;22.3;0.0;22.119;0.8;36.06
1984-06-20;10.5;16.36;22.21;0.0;21.1;1.6;37.9
1984-06-21;10.9;15.6;20.3;0.0;19.1;2.5;45.2
1984-06-22;9.1;14.91;20.71;0.0;22.379;2.1;36.5
1984-06-23;8.6;15.31;22.02;0.0;20.595;0.5;38.6
1984-06-24;13.6;18.95;24.3;0.0;21.621;2.2;37.9
1984-06-25;12.0;19.05;26.1;2.7;23.561;3.0;36.8
1984-06-26;10.8;15.75;20.7;0.0;17.8;3.2;48.7
1984-06-27;11.72;15.11;18.5;0.0;13.127;2.6;57.13
1984-06-28;10.98;15.74;20.5;6.36;18.416;4.16;51.48
1984-06-29;10.32;15.61;20.9;3.2;17.2;3.2;42.11
1984-06-30;8.7;14.3;19.9;5.59;18.53;1.27;49.44
1984-07-01;8.9;14.8;20.7;0.0;19.3;2.5;43.72
1984-07-02;11.2;16.8;22.4;0.0;12.091;2.9;47.5
1984-07-03;12.0;17.66;23.31;2.2;13.3;4.0;51.99
1984-07-04;9.11;13.8;18.5;0.0;21.22;3.5;38.24
1984-07-05;9.5;14.75;20.0;0.0;20.14;2.84;34.63
1984-07-06;9.3;15.2;21.1;0.0;18.386;2.1;39.9
1984-07-07;13.8;18.1;22.4;0.0;19.1;2.5;42.1
1984-07-08;13.5;18.3;23.1;3.6;15.1;1.8;49.16
1984-07-09;12.2;15.58;18.97;1.72;11.3;1.2;68.04
1984-07-10;8.7;12.59;16.49;0.0;20.0;2.7;43.35
1984-07-11;6.98;12.14;17.3;0.0;22.6;2.0;33.9
1984-07-12;5.7;12.95;20.2;0.0;25.108;1.0;29.8
1984-07-13;6.55;14.22;21.9;0.0;23.721;1.0;29.75
1984-07-14;8.6;14.45;20.3;0.0;12.27;1.29;49.75
1984-07-15;13.8;18.85;23.9;0.0;14.4;1.4;46.28
1984-07-16;11.0;18.66;26.31;0.0;24.4;1.0;32.15
1984-07-17;11.4;19.25;27.11;0.0;24.4;1.8;27.5
1984-07-18;13.1;21.39;29.68;0.0;24.574;2.3;23.79
1984-07-19;13.9;20.68;27.45;0.0;21.2;2.5;35.66
1984-07-20;14.0;20.8;27.6;0.0;24.405;2.4;30.39
1984-07-21;12.0;19.04;26.08;0.0;25.006;3.8;27.98
1984-07-22;11.6;18.05;24.5;0.0;24.507;4.8;29.32
1984-07-23;12.0;20.61;29.21;7.68;18.965;3.9;29.5
1984-07-24;15.2;22.77;30.35;2.23;22.486;1.8;32.29
1984-07-25;16.2;20.7;25.2;0.0;11.9;2.81;57.88
1984-07-26;12.8;18.15;23.5;2.44;12.187;2.77;47.92
1984-07-27;10.2;16.65;23.1;0.0;26.671;2.9;26.12
1984-07-28;7.09;15.49;23.9;0.0;26.691;1.1;23.88
1984-07-29;8.1;16.3;24.5;0.0;23.199;1.19;23.71
1984-07-30;11.0;16.1;21.2;2.0;9.997;0.3;41.6
1984-07-31;12.0;17.88;23.76;0.0;16.649;1.5;35.9
1984-08-01;9.57;16.94;24.31;0.0;22.207;2.4;29.08
1984-08-02;9.9;17.2;24.5;0.0;23.1;2.6;28.15
1984-08-03;9.9;17.0;24.1;0.0;17.8;2.6;33.78
1984-08-04;13.9;19.75;25.61;0.0;18.2;2.9;34.89
1984-08-05;14.2;19.95;25.7;0.0;17.3;4.0;30.17
1984-08-06;12.5;18.6;24.7;0.0;18.8;3.82;29.5
1984-08-07;14.3;20.45;26.61;0.0;15.2;2.6;26.44
1984-08-08;10.9;19.25;27.6;0.0;19.316;1.5;24.14
1984-08-09;13.7;20.6;27.5;0.0;16.121;1.9;25.36
1984-08-10;12.0;19.26;26.51;0.0;23.061;2.9;22.26
1984-08-11;11.4;18.62;25.84;0.0;23.102;3.5;24.96
1984-08-12;11.6;19.3;27.0;0.0;22.792;3.4;24.15
1984-08-13;11.4;19.66;27.91;0.0;23.1;2.8;20.46
1984-08-14;11.5;19.6;27.7;0.0;18.771;2.3;20.21
1984-08-15;13.1;17.71;22.33;8.12;10.831;1.89;41.88
1984-08-16;11.66;16.93;22.2;0.0;16.2;2.8;34.62
1984-08-17;8.8;15.65;22.5;0.0;15.467;2.3;34.4
1984-08-18;11.6;17.05;22.5;5.87;11.7;1.4;38.7
1984-08-19;11.4;16.84;22.28;0.0;10.5;2.2;41.5
1984-08-20;10.0;16.25;22.5;0.0;19.193;3.02;32.19
1984-08-21;11.1;15.95;20.8;0.0;15.883;3.6;31.99
1984-08-22;11.9;15.4;18.9;0.0;11.282;3.9;40.19
1984-08-23;10.98;16.44;21.9;0.0;18.63;4.3;31.1
1984-08-24;11.1;17.8;24.5;1.8;19.86;5.41;28.06
1984-08-25;14.3;19.4;24.5;0.0;11.6;3.4;35.07
1984-08-26;13.1;17.3;21.5;8.41;9.0;2.9;54.0
1984-08-27;11.9;16.85;21.8;6.43;11.5;2.3;50.6
1984-08-28;13.1;17.71;22.32;0.0;17.912;1.7;35.6
1984-08-29;13.91;17.95;22.0;6.1;11.0;1.6;40.67
1984-08-30;12.3;15.95;19.6;8.41;6.578;3.2;69.02
1984-08-31;9.2;13.95;18.7;0.0;12.943;2.4;40.33
1984-09-01;10.7;14.95;19.2;0.0;11.7;2.3;40.39
1984-09-02;10.6;14.45;18.3;5.9;9.4;2.2;53.21
1984-09-03;8.9;12.85;16.8;2.0;9.691;4.7;53.72
1984-09-04;10.39;13.95;17.5;0.0;10.5;4.6;50.9
1984-09-05;10.6;14.25;17.9;1.8;10.415;1.6;53.83
1984-09-06;11.45;15.17;18.9;2.0;6.9;2.91;63.41
1984-09-07;10.0;14.3;18.6;19.93;6.8;2.83;67.86
1984-09-08;8.99;12.75;16.5;0.0;10.8;5.62;46.67
1984-09-09;9.6;13.25;16.9;0.0;11.7;3.2;46.06
1984-09-10;8.73;13.15;17.58;0.0;10.1;1.7;50.1
1984-09-11;10.3;15.4;20.5;5.91;14.936;5.1;40.98
1984-09-12;11.9;15.15;18.4;3.0;7.9;4.3;57.6
1984-09-13;10.39;13.95;17.5;0.0;10.3;4.05;48.15
1984-09-14;11.9;15.8;19.71;0.0;8.008;5.8;51.71
1984-09-15;12.5;15.4;18.3;0.0;8.3;6.19;49.51
1984-09-16;10.3;13.0;15.7;4.6;8.8;5.02;53.21
1984-09-17;10.8;14.7;18.6;3.2;6.539;6.87;57.52
1984-09-18;10.2;12.6;15.0;0.0;8.9;7.29;44.49
1984-09-19;8.4;11.2;14.0;0.0;10.4;4.8;39.02
1984-09-20;7.7;9.94;12.17;3.78;6.7;1.5;72.17
1984-09-21;6.19;10.37;14.54;0.0;10.149;3.3;49.46
1984-09-22;6.3;11.6;16.9;0.0;8.7;4.3;41.65
1984-09-23;11.9;14.8;17.7;2.0;5.0;4.8;69.12
1984-09-24;9.7;13.6;17.5;0.0;9.9;4.5;44.48
1984-09-25;10.1;15.51;20.92;0.0;9.8;4.21;45.5
1984-09-26;10.43;15.46;20.5;6.81;5.7;4.7;56.92
1984-09-27;7.49;12.5;17.5;0.0;10.6;1.6;47.87
1984-09-28;7.5;12.25;17.0;0.0;8.652;1.49;49.31
1984-09-29;5.26;10.98;16.7;0.0;11.101;0.7;45.1
1984-09-30;4.8;10.08;15.37;0.0;10.3;1.8;43.25
1984-10-01;2.9;9.05;15.2;0.0;10.513;0.4;40.8
1984-10-02;3.93;9.92;15.9;0.0;8.419;1.5;42.3
1984-10-03;8.0;13.15;18.3;0.0;8.0;3.0;50.4
1984-10-04;6.9;11.15;15.4;0.0;10.3;3.2;55.4
1984-10-05;3.89;9.85;15.8;0.0;10.9;1.1;38.48
1984-10-06;6.6;12.54;18.48;0.0;8.5;2.4;40.78
1984-10-07;11.9;15.1;18.3;0.0;6.1;0.7;46.8
1984-10-08;8.54;13.62;18.7;0.0;10.6;1.31;40.4
1984-10-09;6.4;12.91;19.41;0.0;9.9;1.08;38.25
1984-10-10;9.4;15.18;20.95;0.0;9.1;3.3;41.7
1984-10-11;9.7;13.95;18.2;1.2;5.2;2.7;76.28
1984-10-12;5.5;9.45;13.4;0.0;8.9;2.7;51.56
1984-10-13;1.73;7.5;13.26;0.0;7.9;3.4;43.9
1984-10-14;8.1;11.47;14.85;4.1;6.7;4.1;56.18
1984-10-15;8.1;10.9;13.7;2.4;5.3;3.9;61.74
1984-10-16;9.73;12.54;15.35;6.1;3.7;7.55;62.98
1984-10-17;8.3;10.13;11.95;0.0;5.0;6.5;48.29
1984-10-18;6.4;10.91;15.42;4.1;2.694;3.3;61.94
1984-10-19;10.1;13.2;16.3;1.91;3.5;5.47;82.32
1984-10-20;4.9;7.85;10.8;0.0;5.6;5.4;36.8
1984-10-21;2.8;7.2;11.6;0.0;7.7;3.6;40.12
1984-10-22;5.4;8.7;12.0;3.0;2.9;6.61;48.3
1984-10-23;4.73;7.56;10.38;0.0;6.4;4.5;52.3
1984-10-24;3.98;7.59;11.2;0.0;7.5;3.9;46.7
1984-10-25;3.9;9.3;14.7;3.17;2.7;3.1;48.88
1984-10-26;8.02;11.31;14.6;1.5;3.4;5.7;74.84
1984-10-27;6.3;9.15;12.0;0.0;4.5;4.4;69.3
1984-10-28;6.5;10.25;14.0;4.3;2.5;3.9;72.8
1984-10-29;5.2;9.5;13.8;1.75;3.293;2.4;80.93
1984-10-30;3.1;8.2;13.3;6.0;3.6;2.6;53.31
1984-10-31;9.9;11.35;12.8;7.1;4.9;6.5;80.21
1984-11-01;8.3;11.55;14.81;17.36;2.9;7.41;74.35
1984-11-02;5.92;9.11;12.3;3.31;6.0;4.6;51.36
1984-11-03;10.94;12.82;14.7;0.0;4.9;6.6;60.97
1984-11-04;10.6;12.4;14.2;0.0;3.763;4.6;76.43
1984-11-05;2.41;7.01;11.61;0.0;6.3;0.9;62.4
1984-11-06;-0.2;5.35;10.9;0.0;4.7;1.8;53.7
1984-11-07;8.76;12.4;16.04;0.0;6.3;4.8;63.5
1984-11-08;11.47;13.47;15.47;1.75;1.9;4.8;88.22
1984-11-09;11.2;13.85;16.5;0.0;5.5;5.0;77.06
1984-11-10;11.36;12.96;14.56;4.8;2.4;4.5;89.49
1984-11-11;8.7;11.05;13.41;0.0;2.9;4.8;73.57
1984-11-12;8.75;10.47;12.2;22.26;2.7;3.72;86.6
1984-11-13;5.58;8.14;10.7;0.0;4.1;4.5;68.7
1984-11-14;5.9;9.7;13.49;0.0;2.7;4.68;64.39
1984-11-15;11.48;13.95;16.41;0.0;4.3;4.8;82.07
1984-11-16;9.6;13.05;16.5;0.0;4.673;5.2;69.43
1984-11-17;7.87;10.49;13.11;0.0;5.1;3.8;78.97
1984-11-18;11.05;12.79;14.52;2.8;1.9;4.67;90.49
1984-11-19;11.31;13.84;16.38;0.0;5.026;5.7;83.6
1984-11-20;8.8;11.79;14.79;0.0;4.0;4.13;83.91
1984-11-21;9.38;11.85;14.32;0.0;5.0;4.8;79.36
1984-11-22;4.71;8.65;12.6;0.0;4.1;3.3;79.51
1984-11-23;4.9;8.9;12.9;0.0;2.8;3.6;81.24
1984-11-24;11.15;12.57;14.0;3.27;1.5;5.5;89.31
1984-11-25;9.55;11.53;13.5;0.0;2.3;4.2;75.0
1984-11-26;11.16;13.04;14.93;2.0;2.5;5.8;86.0
1984-11-27;6.5;9.25;12.0;0.0;2.775;4.3;64.99
1984-11-28;6.3;8.56;10.82;0.0;2.4;5.4;60.09
1984-11-29;7.5;9.28;11.06;1.7;2.0;5.9;78.46
1984-11-30;5.1;7.92;10.75;19.1;1.2;2.73;85.51
1984-12-01;3.12;5.11;7.1;0.0;2.532;3.4;82.4
1984-12-02;2.75;7.08;11.4;1.57;1.3;3.9;70.09
1984-12-03;9.08;10.39;11.7;0.0;1.9;4.4;84.91
1984-12-04;6.71;8.92;11.13;0.0;3.1;4.3;84.1
1984-12-05;4.31;7.11;9.9;0.0;2.9;3.1;77.44
1984-12-06;3.4;6.46;9.52;0.0;3.2;2.8;75.68
1984-12-07;2.5;5.51;8.53;0.0;2.5;2.0;82.73
1984-12-08;5.33;8.02;10.7;1.2;2.2;4.5;84.6
1984-12-09;2.66;5.93;9.2;0.0;2.8;2.8;76.49
1984-12-10;2.0;4.73;7.46;0.0;3.2;2.6;75.63
1984-12-11;2.64;6.7;10.75;1.2;2.7;4.8;63.88
1984-12-12;5.6;8.35;11.1;2.4;0.699;1.99;83.15
1984-12-13;4.9;6.1;7.3;2.7;0.55;2.3;91.28
1984-12-14;3.71;5.65;7.6;0.0;1.6;2.0;80.24
1984-12-15;3.8;7.1;10.4;0.0;2.6;1.5;77.64
1984-12-16;3.8;6.75;9.7;0.0;2.4;1.8;83.53
1984-12-17;6.26;7.63;9.0;0.0;1.8;2.1;89.44
1984-12-18;4.9;7.1;9.3;0.0;2.2;2.6;86.0
1984-12-19;4.95;6.97;9.0;0.0;2.2;4.6;86.11
1984-12-20;5.31;7.21;9.12;2.5;1.8;5.4;85.52
1984-12-21;5.6;8.35;11.1;2.5;2.4;4.6;84.6
1984-12-22;4.7;8.0;11.3;0.0;2.4;5.4;75.6
1984-12-23;3.1;5.65;8.2;0.0;1.6;1.4;88.1
1984-12-24;3.4;6.05;8.7;0.0;2.5;1.9;87.16
1984-12-25;1.9;4.9;7.9;0.0;1.8;1.0;81.95
1984-12-26;3.86;6.48;9.1;1.4;1.9;4.9;84.64
1984-12-27;6.0;8.2;10.39;0.0;3.5;6.0;80.79
1984-12-28;8.04;9.58;11.12;2.4;1.8;6.51;85.89
1984-12-29;7.21;9.11;11.01;0.0;2.3;6.6;81.2
1984-12-30;7.36;9.23;11.1;0.0;2.4;6.7;70.23
1984-12-31;4.9;7.01;9.12;0.0;3.0;4.6;82.2
