iso-date;tmin;tavg;tmax;precip;globrad;wind;relhumid
1980-01-01;-18.04;-9.02;0.0;0.0;0.6;0.6;54.74
1980-01-02;-15.32;-8.71;-2.1;0.0;0.7;0.7;56.56
1980-01-03;-13.21;-10.58;-7.94;0.0;0.6;0.8;81.72
1980-01-04;-11.3;-6.2;-1.1;1.8;0.7;0.8;70.56
1980-01-05;-14.4;-8.3;-2.2;0.0;1.2;0.8;18.17
1980-01-06;-1.4;-0.1;1.2;6.63;0.4;1.5;85.1
1980-01-07;-7.51;-3.25;1.0;0.0;0.6;1.5;66.38
1980-01-08;-18.72;-12.82;-6.93;0.0;0.817;0.9;47.47
1980-01-09;-17.9;-15.2;-12.5;0.0;0.8;1.3;82.4
1980-01-10;-17.63;-15.22;-12.81;0.0;1.3;1.32;81.01
1980-01-11;-17.48;-14.99;-12.5;0.0;0.7;1.1;79.98
1980-01-12;-11.32;-8.06;-4.8;0.0;1.0;1.0;80.08
1980-01-13;-7.0;-6.28;-5.56;3.7;0.9;2.0;83.25
1980-01-14;-7.37;-6.62;-5.86;1.91;1.1;1.3;80.9
1980-01-15;-7.1;-4.6;-2.1;0.0;1.3;1.3;71.6
1980-01-16;-10.69;-6.09;-1.5;0.0;1.3;1.9;64.7
1980-01-17;-19.12;-12.68;-6.24;0.0;1.5;1.4;65.31
1980-01-18;-22.4;-22.29;-22.18;0.0;1.4;1.2;82.51
1980-01-19;-20.6;-19.91;-19.22;0.0;1.1;1.4;84.0
1980-01-20;-23.81;-21.85;-19.9;0.0;1.2;1.1;83.8
1980-01-21;-21.06;-14.27;-7.49;0.0;1.4;0.8;61.03
1980-01-22;-13.7;-11.1;-8.5;0.0;2.0;0.9;84.0
1980-01-23;-11.5;-9.27;-7.03;0.0;1.4;1.5;79.44
1980-01-24;-11.2;-8.12;-5.03;0.0;1.3;1.8;71.6
1980-01-25;-6.5;-4.86;-3.21;0.0;1.5;1.8;79.13
1980-01-26;-13.59;-8.61;-3.63;0.0;2.7;1.8;39.6
1980-01-27;-16.52;-14.77;-13.01;0.0;1.9;1.6;84.7
1980-01-28;-16.32;-13.46;-10.6;0.0;2.3;1.8;73.85
1980-01-29;-10.86;-8.28;-5.7;0.0;2.559;2.5;63.16
1980-01-30;-9.6;-5.52;-1.45;5.58;2.9;2.7;40.68
1980-01-31;-2.61;-0.4;1.81;7.9;1.0;2.82;80.74
1980-02-01;-1.0;0.6;2.2;1.1;3.1;1.8;83.5
1980-02-02;-0.5;1.5;3.5;2.0;1.1;2.5;84.61
1980-02-03;-0.04;2.43;4.9;3.0;1.0;2.1;81.66
1980-02-04;-6.04;-0.6;4.84;0.0;1.6;2.4;47.21
1980-02-05;-7.32;-3.37;0.59;0.0;2.3;1.5;51.15
1980-02-06;-2.7;-0.5;1.7;1.7;1.3;1.6;81.3
1980-02-07;0.18;1.01;1.83;0.0;2.1;1.6;84.1
1980-02-08;0.3;1.25;2.21;0.0;3.4;1.7;80.28
1980-02-09;1.81;1.75;1.7;3.7;1.1;1.7;85.51
1980-02-10;1.2;2.15;3.11;0.0;3.3;2.0;80.2
1980-02-11;0.1;0.76;1.41;4.1;1.4;2.2;83.5
1980-02-12;-0.19;0.76;1.7;1.2;1.556;1.7;83.3
1980-02-13;-1.1;0.0;1.1;3.0;1.9;2.5;81.57
1980-02-14;-3.7;-2.1;-0.5;3.6;2.375;2.5;77.32
1980-02-15;-4.39;-2.24;-0.09;1.1;3.6;2.1;62.86
1980-02-16;-0.5;0.35;1.2;6.57;2.2;2.7;81.6
1980-02-17;-1.32;0.09;1.5;8.08;1.575;2.6;83.48
1980-02-18;-7.24;-4.02;-0.8;0.0;5.279;0.85;76.8
1980-02-19;-9.45;-5.32;-1.2;0.0;4.6;0.8;71.9
1980-02-20;-10.7;-5.91;-1.12;0.0;4.1;0.5;74.87
1980-02-21;-5.5;-3.65;-1.8;0.0;4.4;1.5;79.7
1980-02-22;-7.05;-5.33;-3.6;0.0;5.8;1.3;79.8
1980-02-23;-5.7;-3.41;-1.11;0.0;4.6;1.3;78.84
1980-02-24;-5.6;-2.4;0.8;1.4;2.4;1.7;79.43
1980-02-25;-0.7;0.35;1.4;1.4;6.9;2.6;80.61
1980-02-26;0.37;1.24;2.1;4.9;1.1;2.5;84.0
1980-02-27;0.3;1.9;3.51;3.94;5.4;2.0;82.01
1980-02-28;-0.5;1.52;3.55;0.0;6.6;2.2;67.8
1980-02-29;0.0;0.0;0.0;0.0;0.0;0.0;0.0
1980-03-01;-1.09;0.81;2.7;0.0;3.6;1.7;80.0
1980-03-02;-1.81;0.29;2.4;0.0;3.2;1.9;72.09
1980-03-03;-2.4;0.55;3.5;0.0;7.4;1.81;49.32
1980-03-04;-3.5;0.0;3.51;0.0;8.81;1.4;71.68
1980-03-05;-1.9;1.49;4.88;0.0;5.8;0.7;77.7
1980-03-06;0.1;3.29;6.49;0.0;8.885;1.2;75.32
1980-03-07;0.46;1.94;3.41;0.0;5.2;1.8;80.91
1980-03-08;-3.2;-0.7;1.8;0.0;8.2;1.9;56.72
1980-03-09;-5.83;-2.81;0.2;0.0;9.0;1.3;24.69
1980-03-10;-6.7;-3.05;0.6;0.0;9.2;0.9;28.01
1980-03-11;-8.9;-3.85;1.2;0.0;9.4;0.68;28.9
1980-03-12;-6.8;-2.6;1.6;0.0;9.4;1.6;50.41
1980-03-13;-2.3;0.45;3.2;0.0;7.6;1.6;72.1
1980-03-14;-1.8;3.06;7.92;0.0;9.4;1.1;62.78
1980-03-15;-2.4;2.63;7.67;0.0;9.8;1.0;64.86
1980-03-16;-2.4;2.1;6.6;0.0;9.1;1.0;70.4
1980-03-17;-1.81;1.2;4.2;0.0;11.6;1.5;67.27
1980-03-18;-2.0;0.65;3.3;4.25;6.693;1.4;79.55
1980-03-19;-2.7;-0.5;1.7;0.0;6.6;1.5;77.93
1980-03-20;-5.06;-2.68;-0.3;0.0;9.0;2.1;60.8
1980-03-21;-6.8;-4.04;-1.28;0.0;10.892;2.0;25.42
1980-03-22;-7.29;-4.12;-0.95;0.0;14.018;1.0;16.47
1980-03-23;-9.99;-5.25;-0.5;0.0;13.7;0.6;21.8
1980-03-24;-7.2;-3.66;-0.11;0.0;11.498;0.4;44.06
1980-03-25;-7.05;-3.57;-0.1;0.0;12.01;0.2;66.49
1980-03-26;-8.9;-4.5;-0.1;0.0;14.209;0.9;39.63
1980-03-27;-6.2;-1.95;2.3;0.0;13.927;1.2;59.2
1980-03-28;-5.71;-1.91;1.9;0.0;14.2;0.8;65.93
1980-03-29;-6.83;-1.31;4.2;0.0;14.7;0.6;39.93
1980-03-30;-3.99;0.4;4.8;0.0;14.798;0.9;35.21
1980-03-31;-1.7;2.11;5.93;0.0;16.103;0.6;33.4
1980-04-01;-1.7;2.65;7.0;0.0;13.719;1.0;41.77
1980-04-02;-1.7;1.28;4.26;0.0;6.4;1.8;76.81
1980-04-03;-2.0;1.8;5.6;3.5;9.6;1.9;59.24
1980-04-04;-3.42;0.85;5.12;3.08;12.626;1.84;51.78
1980-04-05;1.5;5.46;9.41;0.0;15.5;1.9;55.11
1980-04-06;-0.8;2.9;6.6;4.49;7.925;1.9;73.15
1980-04-07;-2.72;0.14;3.0;0.0;16.087;1.3;41.06
1980-04-08;-4.2;-1.6;1.0;0.0;14.843;1.9;31.53
1980-04-09;-5.1;-1.2;2.7;0.0;17.6;1.2;20.6
1980-04-10;-2.5;-0.15;2.2;3.0;9.19;1.89;50.86
1980-04-11;-2.3;0.3;2.89;5.6;6.113;1.4;78.84
1980-04-12;-0.8;0.8;2.39;9.05;6.9;2.0;81.27
1980-04-13;-0.72;0.94;2.6;0.0;8.291;1.9;61.01
1980-04-14;-0.81;2.79;6.4;0.0;15.8;1.6;39.19
1980-04-15;-1.0;3.1;7.21;1.4;10.784;0.8;58.59
1980-04-16;0.75;4.33;7.91;5.07;15.785;0.8;43.2
1980-04-17;2.9;5.83;8.75;1.5;12.1;1.3;45.51
1980-04-18;-1.1;2.4;5.9;4.0;7.553;0.6;66.04
1980-04-19;-3.4;4.4;12.2;0.0;19.616;0.32;33.2
1980-04-20;1.0;6.54;12.07;0.0;14.2;0.8;47.53
1980-04-21;0.68;8.54;16.4;0.0;14.564;0.8;47.7
1980-04-22;3.88;11.83;19.78;0.0;13.757;0.2;49.71
1980-04-23;5.7;13.4;21.1;0.0;17.4;0.7;47.2
1980-04-24;5.99;14.07;22.15;0.0;21.71;1.4;41.93
1980-04-25;4.71;11.64;18.57;0.0;13.973;1.4;40.81
1980-04-26;6.9;12.64;18.37;1.1;12.672;1.3;52.01
1980-04-27;5.7;10.62;15.54;1.62;10.229;1.4;62.56
1980-04-28;5.09;11.25;17.41;0.0;16.457;1.5;41.72
1980-04-29;3.81;10.01;16.21;0.0;11.295;0.8;47.93
1980-04-30;3.91;12.19;20.47;0.0;14.974;0.6;41.54
1980-05-01;10.58;15.75;20.92;0.0;10.295;0.7;48.53
1980-05-02;5.71;12.75;19.79;0.0;15.6;1.0;48.13
1980-05-03;2.0;10.25;18.5;0.0;23.09;0.8;32.87
1980-05-04;0.4;9.55;18.7;0.0;17.0;0.3;33.94
1980-05-05;1.8;8.65;15.5;1.4;17.2;0.9;47.89
1980-05-06;-0.5;4.4;9.3;0.0;17.819;1.1;33.91
1980-05-07;-3.09;2.1;7.3;0.0;25.6;0.6;26.13
1980-05-08;-2.2;1.13;4.47;18.11;7.099;1.2;65.75
1980-05-09;-0.7;2.48;5.67;0.0;5.986;1.2;69.57
1980-05-10;-2.9;3.55;10.0;0.0;20.389;1.0;29.36
1980-05-11;-2.61;4.25;11.1;0.0;26.304;0.9;24.21
1980-05-12;-2.82;4.77;12.36;0.0;27.19;0.4;25.48
1980-05-13;-2.52;5.94;14.4;0.0;26.5;0.4;24.78
1980-05-14;0.29;7.99;15.7;0.0;26.524;0.9;26.3
1980-05-15;3.6;10.85;18.1;0.0;28.243;1.2;31.85
1980-05-16;10.5;14.29;18.07;1.4;16.2;1.1;56.39
1980-05-17;12.81;16.11;19.4;2.5;10.977;1.1;76.37
1980-05-18;10.3;12.85;15.4;4.1;6.199;1.1;84.45
1980-05-19;7.3;9.1;10.9;17.7;2.881;2.26;90.4
1980-05-20;7.3;8.45;9.6;3.19;5.699;1.4;90.92
1980-05-21;7.9;9.15;10.4;1.8;3.072;0.7;91.34
1980-05-22;7.51;9.96;12.4;0.0;7.9;0.7;67.42
1980-05-23;6.9;9.85;12.8;0.0;15.307;0.7;52.44
1980-05-24;5.6;9.5;13.4;0.0;19.804;0.6;45.97
1980-05-25;7.72;9.42;11.12;2.0;8.478;0.9;88.4
1980-05-26;7.9;10.75;13.6;0.0;18.371;1.4;46.53
1980-05-27;7.4;9.5;11.6;0.0;12.483;1.1;48.51
1980-05-28;4.5;7.8;11.1;0.0;18.2;0.9;41.5
1980-05-29;4.59;7.86;11.13;0.0;16.541;0.5;40.09
1980-05-30;4.5;8.7;12.9;0.0;18.495;0.4;38.34
1980-05-31;6.9;10.5;14.1;0.0;16.398;0.4;41.13
1980-06-01;6.5;11.15;15.8;0.0;19.13;0.6;38.3
1980-06-02;6.3;11.5;16.7;0.0;25.312;0.7;34.8
1980-06-03;5.03;11.27;17.5;0.0;25.232;0.7;31.6
1980-06-04;4.13;12.93;21.74;0.0;28.8;0.5;30.7
1980-06-05;6.3;14.05;21.8;0.0;16.494;0.4;37.63
1980-06-06;4.7;12.71;20.72;5.31;18.2;0.6;42.19
1980-06-07;8.1;13.25;18.41;4.01;19.348;0.7;50.39
1980-06-08;8.2;13.11;18.01;0.0;18.378;0.3;44.66
1980-06-09;8.4;14.35;20.3;0.0;21.304;0.5;43.36
1980-06-10;6.7;13.21;19.71;0.0;17.1;0.8;42.47
1980-06-11;10.65;14.23;17.81;2.0;8.697;1.1;54.1
1980-06-12;8.12;13.75;19.39;0.0;26.106;0.9;39.76
1980-06-13;5.97;10.58;15.2;0.0;21.0;1.3;39.39
1980-06-14;6.0;13.5;21.0;0.0;25.333;0.8;34.33
1980-06-15;8.4;14.09;19.79;0.0;18.095;1.0;39.83
1980-06-16;6.7;9.4;12.1;0.0;16.973;1.2;45.31
1980-06-17;6.1;8.98;11.87;5.9;21.5;1.2;53.52
1980-06-18;5.34;9.27;13.2;0.0;27.206;1.0;35.7
1980-06-19;4.1;8.3;12.5;2.18;22.8;0.9;47.07
1980-06-20;2.7;8.6;14.5;7.75;25.127;0.8;49.5
1980-06-21;11.94;15.47;19.0;4.5;22.539;1.2;52.82
1980-06-22;11.1;16.25;21.4;0.0;20.192;1.3;52.57
1980-06-23;10.9;13.85;16.8;0.0;28.114;1.2;44.1
1980-06-24;8.7;12.09;15.49;0.0;23.217;1.1;41.91
1980-06-25;4.57;9.98;15.39;0.0;29.404;1.0;34.8
1980-06-26;3.16;9.93;16.69;0.0;22.094;0.7;41.37
1980-06-27;5.8;10.95;16.1;0.0;17.47;0.7;50.75
1980-06-28;11.3;15.3;19.3;0.0;19.47;0.3;50.94
1980-06-29;8.1;13.55;19.0;2.9;16.144;0.7;58.54
1980-06-30;6.69;13.25;19.8;2.0;18.51;0.9;60.4
1980-07-01;9.3;17.45;25.6;0.0;19.762;0.9;49.35
1980-07-02;8.6;15.41;22.23;10.71;17.785;0.8;54.11
1980-07-03;8.8;12.7;16.59;0.0;14.9;1.4;59.1
1980-07-04;8.3;14.6;20.9;1.5;25.676;0.9;41.31
1980-07-05;6.81;12.4;18.0;0.0;30.2;1.3;37.65
1980-07-06;6.8;14.64;22.48;0.0;28.2;0.9;36.79
1980-07-07;9.9;16.3;22.71;0.0;19.808;1.0;42.5
1980-07-08;11.2;15.7;20.2;0.0;26.654;1.2;41.48
1980-07-09;9.6;13.15;16.7;0.0;28.508;1.2;40.0
1980-07-10;11.2;16.65;22.1;0.0;25.212;1.3;46.81
1980-07-11;12.9;17.9;22.9;0.0;25.7;1.2;47.2
1980-07-12;12.31;19.3;26.3;8.6;20.366;1.4;42.08
1980-07-13;7.94;12.07;16.2;0.0;28.071;1.5;39.39
1980-07-14;7.01;14.84;22.66;0.0;28.5;1.0;36.33
1980-07-15;10.64;16.71;22.79;0.0;26.355;0.9;40.79
1980-07-16;8.4;16.45;24.5;0.0;27.247;0.4;39.0
1980-07-17;9.9;17.71;25.51;0.0;28.468;0.8;37.39
1980-07-18;10.3;18.41;26.51;0.0;25.5;0.8;37.2
1980-07-19;8.89;17.84;26.8;0.0;28.759;0.5;36.26
1980-07-20;13.4;20.87;28.34;0.0;26.705;1.2;36.86
1980-07-21;13.69;18.95;24.22;0.0;24.878;1.0;48.8
1980-07-22;11.9;18.49;25.08;0.0;26.406;0.7;37.18
1980-07-23;12.72;19.51;26.3;0.0;19.39;0.4;40.6
1980-07-24;15.18;20.6;26.02;6.6;16.4;0.6;50.4
1980-07-25;16.9;22.3;27.7;0.0;22.626;0.8;44.01
1980-07-26;15.79;21.55;27.3;10.5;19.219;1.0;43.73
1980-07-27;11.7;17.0;22.3;8.73;11.6;0.2;76.62
1980-07-28;11.41;18.05;24.69;0.0;23.462;0.2;46.5
1980-07-29;14.7;19.8;24.89;0.0;16.796;0.8;51.65
1980-07-30;12.7;18.23;23.75;0.0;16.173;1.2;48.2
1980-07-31;8.5;14.48;20.47;0.0;25.859;1.0;38.12
1980-08-01;7.26;15.38;23.5;0.0;25.689;0.4;35.92
1980-08-02;12.7;18.29;23.87;0.0;18.848;0.7;44.9
1980-08-03;7.78;12.94;18.1;0.0;17.541;0.7;46.43
1980-08-04;7.49;12.89;18.3;0.0;21.762;0.4;37.6
1980-08-05;9.1;15.3;21.5;0.0;21.7;0.7;39.51
1980-08-06;10.99;17.45;23.9;0.0;18.1;0.6;40.69
1980-08-07;9.1;16.35;23.6;0.0;22.108;0.4;36.82
1980-08-08;9.1;15.71;22.32;0.0;21.0;0.7;37.62
1980-08-09;8.3;14.35;20.4;0.0;15.524;0.6;43.34
1980-08-10;12.7;17.31;21.93;0.0;16.421;1.3;40.2
1980-08-11;13.2;17.45;21.69;2.0;14.574;1.0;56.3
1980-08-12;13.0;15.0;17.0;21.95;5.721;0.8;87.82
1980-08-13;12.99;15.45;17.9;0.0;8.369;0.4;84.6
1980-08-14;12.7;14.5;16.3;21.34;6.9;0.2;91.0
1980-08-15;11.5;15.78;20.05;0.0;18.502;0.5;55.82
1980-08-16;12.12;18.32;24.53;2.56;19.5;1.5;44.26
1980-08-17;11.9;15.3;18.7;0.0;9.092;1.3;60.23
1980-08-18;9.1;15.29;21.47;0.0;20.3;0.6;42.5
1980-08-19;7.0;13.3;19.6;0.0;16.406;0.5;43.68
1980-08-20;13.2;16.67;20.15;15.34;8.991;1.5;55.0
1980-08-21;12.0;15.17;18.34;5.51;13.53;1.6;58.63
1980-08-22;11.5;16.35;21.2;2.0;17.3;1.1;50.34
1980-08-23;15.22;20.06;24.9;4.1;11.8;1.5;51.99
1980-08-24;10.6;14.95;19.3;0.0;16.0;1.39;53.91
1980-08-25;10.7;13.85;17.0;4.89;10.632;1.2;72.6
1980-08-26;9.7;13.4;17.1;6.02;11.336;1.4;68.87
1980-08-27;13.4;15.1;16.8;0.0;11.8;1.6;60.3
1980-08-28;9.71;13.3;16.9;0.0;10.9;0.9;51.9
1980-08-29;6.67;11.09;15.51;1.4;10.2;0.9;53.33
1980-08-30;8.1;11.5;14.9;1.7;9.9;0.6;64.41
1980-08-31;8.7;10.7;12.7;1.1;6.585;1.2;87.69
1980-09-01;5.06;9.93;14.8;1.7;15.486;0.8;44.73
1980-09-02;7.0;10.6;14.2;5.02;11.617;0.9;70.16
1980-09-03;8.8;10.85;12.9;6.1;5.795;1.6;82.55
1980-09-04;2.38;8.04;13.7;0.0;11.6;0.5;44.77
1980-09-05;1.29;6.85;12.4;0.0;11.8;0.8;43.7
1980-09-06;4.29;8.39;12.5;0.0;13.1;0.7;42.82
1980-09-07;3.2;7.8;12.4;0.0;12.1;0.4;47.28
1980-09-08;1.17;6.79;12.4;3.9;12.1;0.9;52.7
1980-09-09;0.6;6.85;13.1;3.88;11.613;1.4;44.51
1980-09-10;9.62;11.4;13.18;0.0;7.6;1.1;84.75
1980-09-11;3.7;7.94;12.17;6.1;5.8;1.0;84.66
1980-09-12;1.23;6.67;12.1;0.0;8.974;0.9;62.7
1980-09-13;7.1;10.29;13.48;0.0;10.9;1.1;55.01
1980-09-14;8.7;11.15;13.6;1.5;4.1;1.4;88.47
1980-09-15;11.2;12.45;13.7;1.2;3.239;1.2;91.2
1980-09-16;0.4;6.71;13.02;0.0;14.168;0.9;55.02
1980-09-17;-0.7;6.1;12.9;0.0;14.332;0.9;36.64
1980-09-18;10.14;14.52;18.89;0.0;12.9;1.6;50.97
1980-09-19;9.35;12.57;15.8;3.34;3.603;1.2;90.19
1980-09-20;8.2;14.45;20.7;0.0;10.3;1.0;52.9
1980-09-21;11.1;14.75;18.4;0.0;6.0;1.1;82.11
1980-09-22;11.69;16.07;20.45;0.0;9.6;1.1;55.6
1980-09-23;14.18;16.96;19.74;1.7;9.4;1.68;56.63
1980-09-24;9.2;11.72;14.24;1.63;3.894;1.7;70.42
1980-09-25;4.6;7.15;9.7;0.0;9.5;1.0;84.15
1980-09-26;2.57;5.49;8.4;0.0;9.998;0.8;51.93
1980-09-27;1.7;5.2;8.7;0.0;11.41;0.7;42.38
1980-09-28;-1.2;3.35;7.9;0.0;6.8;0.6;63.8
1980-09-29;-1.8;3.45;8.7;3.5;9.7;1.14;45.98
1980-09-30;7.6;9.15;10.7;8.25;5.8;1.6;84.8
1980-10-01;5.6;7.2;8.8;3.4;5.0;1.5;85.47
1980-10-02;-0.72;2.64;6.0;0.0;7.6;1.2;49.97
1980-10-03;0.12;4.29;8.47;0.0;3.7;0.7;62.56
1980-10-04;1.7;4.8;7.9;0.0;6.1;1.1;62.9
1980-10-05;-2.59;-0.38;1.82;0.0;9.1;1.2;39.1
1980-10-06;-3.6;-0.58;2.43;0.0;9.383;1.0;38.99
1980-10-07;-3.2;-0.39;2.43;0.0;9.3;0.9;41.86
1980-10-08;-4.14;-1.57;1.0;0.0;7.6;1.0;54.81
1980-10-09;-1.0;0.84;2.69;0.0;4.1;0.8;82.33
1980-10-10;-3.2;0.15;3.5;0.0;4.7;0.5;76.01
1980-10-11;-3.5;0.8;5.1;0.0;7.0;1.2;49.31
1980-10-12;1.2;4.15;7.1;3.0;3.0;1.3;84.55
1980-10-13;0.96;4.08;7.2;0.0;3.3;0.4;81.94
1980-10-14;2.14;5.0;7.87;4.86;2.0;1.5;88.8
1980-10-15;7.3;8.0;8.7;7.49;3.1;1.8;87.3
1980-10-16;4.9;6.1;7.3;0.0;1.4;1.0;90.15
1980-10-17;2.72;4.81;6.9;0.0;5.221;1.1;65.22
1980-10-18;-1.9;1.55;5.01;0.0;5.8;1.2;52.35
1980-10-19;-3.1;1.1;5.3;0.0;4.4;0.4;56.4
1980-10-20;-2.3;0.8;3.9;0.0;4.9;0.7;70.29
1980-10-21;-2.3;0.25;2.8;0.0;5.546;1.0;62.68
1980-10-22;-3.93;-0.81;2.31;0.0;5.1;0.7;63.09
1980-10-23;-4.3;-1.34;1.62;0.0;5.1;0.6;74.83
1980-10-24;-4.63;-1.71;1.2;0.0;4.4;0.5;84.4
1980-10-25;-5.38;-2.14;1.1;0.0;3.9;0.2;76.06
1980-10-26;-5.23;-1.42;2.4;0.0;3.3;0.5;75.2
1980-10-27;-4.01;-0.8;2.4;0.0;4.0;0.4;65.28
1980-10-28;-5.4;-2.31;0.79;0.0;3.7;1.1;77.78
1980-10-29;-6.88;-4.26;-1.64;0.0;4.4;0.7;47.76
1980-10-30;-8.6;-5.56;-2.52;0.0;3.2;0.3;83.4
1980-10-31;-8.21;-3.96;0.3;0.0;3.4;0.7;71.23
1980-11-01;-7.3;-3.7;-0.1;0.0;2.8;1.0;81.31
1980-11-02;-8.66;-6.86;-5.06;0.0;3.111;1.1;69.28
1980-11-03;-8.78;-6.86;-4.94;0.0;2.9;1.1;75.2
1980-11-04;-8.94;-5.7;-2.45;0.0;2.4;1.2;66.49
1980-11-05;-7.3;-5.85;-4.4;0.0;3.0;1.7;51.84
1980-11-06;-8.3;-6.7;-5.1;0.0;2.779;1.5;37.66
1980-11-07;-8.1;-5.84;-3.59;1.7;2.9;1.1;58.27
1980-11-08;-4.23;-2.52;-0.8;1.6;1.4;0.7;88.5
1980-11-09;-10.7;-7.78;-4.86;0.0;2.9;0.3;84.24
1980-11-10;-6.21;-4.0;-1.8;1.2;2.1;1.9;84.26
1980-11-11;-8.0;-5.04;-2.08;1.2;2.612;1.4;69.0
1980-11-12;-2.7;-1.68;-0.65;2.5;1.2;0.9;88.11
1980-11-13;-8.85;-4.27;0.3;2.3;2.0;1.3;76.99
1980-11-14;-12.3;-5.8;0.7;1.84;2.5;1.2;54.06
1980-11-15;1.6;1.5;1.4;5.35;0.8;1.8;90.3
1980-11-16;1.4;1.84;2.28;2.7;1.1;1.7;86.89
1980-11-17;-1.1;-0.1;0.9;4.94;1.7;1.4;86.31
1980-11-18;0.8;1.77;2.74;0.0;1.0;1.2;88.46
1980-11-19;1.74;2.02;2.3;6.09;1.1;1.7;86.12
1980-11-20;-4.0;-1.5;1.0;4.5;0.9;1.77;79.58
1980-11-21;-11.84;-7.67;-3.51;1.1;1.9;2.0;42.45
1980-11-22;-14.22;-12.71;-11.19;0.0;1.7;1.5;59.63
1980-11-23;-15.8;-14.14;-12.47;0.0;1.4;1.3;77.09
1980-11-24;-16.86;-14.79;-12.72;0.0;1.6;1.1;81.21
1980-11-25;-15.53;-13.72;-11.92;0.0;1.1;1.0;86.4
1980-11-26;-15.05;-12.54;-10.03;0.0;1.709;1.4;70.46
1980-11-27;-11.71;-9.04;-6.36;2.3;1.2;1.5;66.57
1980-11-28;-13.07;-9.66;-6.26;0.0;1.1;1.0;82.36
1980-11-29;-14.01;-12.46;-10.9;0.0;0.9;1.2;88.8
1980-11-30;-13.56;-10.68;-7.8;0.0;1.5;1.8;73.19
1980-12-01;-10.05;-7.54;-5.02;2.2;0.7;1.8;74.28
1980-12-02;-7.64;-6.38;-5.11;1.2;0.8;1.5;83.08
1980-12-03;-14.1;-9.55;-5.0;0.0;0.9;0.9;70.06
1980-12-04;-14.51;-9.55;-4.6;0.0;0.9;1.3;62.65
1980-12-05;-5.43;-3.17;-0.9;5.0;0.5;2.2;77.6
1980-12-06;-2.41;-0.86;0.7;5.93;0.5;1.5;84.6
1980-12-07;-2.22;-0.76;0.7;2.4;0.8;1.5;87.6
1980-12-08;-0.8;-0.1;0.6;0.0;0.6;1.1;92.35
1980-12-09;-2.7;-1.08;0.53;0.0;0.633;0.6;88.17
1980-12-10;-3.08;-1.39;0.3;6.4;0.73;1.5;87.6
1980-12-11;-3.99;-1.9;0.2;5.96;0.4;1.7;86.5
1980-12-12;-9.95;-6.52;-3.1;0.0;0.7;2.0;59.25
1980-12-13;-10.0;-5.8;-1.6;0.0;0.7;1.6;51.08
1980-12-14;-7.9;-4.82;-1.73;0.0;1.0;1.5;61.22
1980-12-15;-7.1;-5.18;-3.26;0.0;0.6;0.5;80.2
1980-12-16;-5.9;-3.38;-0.85;0.0;0.5;0.5;85.0
1980-12-17;-3.1;-1.72;-0.34;1.7;0.5;1.1;86.3
1980-12-18;-2.7;-1.76;-0.82;1.2;0.6;1.0;86.6
1980-12-19;-4.71;-2.75;-0.8;0.0;0.5;1.7;84.6
1980-12-20;-10.71;-7.13;-3.55;0.0;0.7;2.5;50.79
1980-12-21;-11.48;-9.5;-7.51;12.52;0.7;3.06;70.19
1980-12-22;-16.71;-13.06;-9.41;0.0;0.8;2.2;59.7
1980-12-23;-24.06;-19.18;-14.31;0.0;0.7;1.4;46.05
1980-12-24;-24.9;-24.42;-23.94;0.0;0.7;1.1;79.67
1980-12-25;-30.05;-27.27;-24.5;0.0;0.8;0.5;73.5
1980-12-26;-24.85;-20.16;-15.46;0.0;0.9;1.4;77.5
1980-12-27;-19.59;-18.23;-16.87;0.0;0.5;1.4;82.8
1980-12-28;-17.38;-14.64;-11.91;0.0;0.6;1.0;82.8
1980-12-29;-18.36;-15.13;-11.91;0.0;0.7;0.6;84.0
1980-12-30;-19.0;-15.02;-11.04;0.0;0.7;1.9;68.58
1980-12-31;-23.27;-20.68;-18.09;0.0;0.7;1.9;80.2
1981-01-01;-34.76;-30.41;-26.07;0.0;0.6;0.8;65.43
1981-01-02;-36.2;-35.38;-34.56;0.0;0.6;0.6;91.82
1981-01-03;-36.2;-27.74;-19.28;0.0;0.7;0.8;24.79
1981-01-04;-18.91;-10.4;-1.9;1.2;0.9;1.9;20.54
1981-01-05;-20.4;-9.94;0.51;0.0;0.7;1.3;61.76
1981-01-06;-19.62;-14.31;-9.0;0.0;1.2;0.3;73.16
1981-01-07;-18.0;-9.55;-1.1;1.1;0.5;1.6;52.6
1981-01-08;-16.65;-7.52;1.6;3.6;0.6;1.3;26.66
1981-01-09;-2.4;-1.0;0.39;0.0;0.9;2.0;72.57
1981-01-10;-8.4;-4.95;-1.5;0.0;0.95;1.3;72.19
1981-01-11;-2.2;-0.5;1.2;1.2;0.6;1.0;84.66
1981-01-12;-3.63;-1.26;1.1;3.0;1.3;0.9;84.0
1981-01-13;0.07;0.49;0.92;3.31;0.6;2.1;85.1
1981-01-14;0.3;0.9;1.5;2.38;0.6;1.6;85.4
1981-01-15;0.85;1.16;1.47;0.0;0.7;1.2;85.6
1981-01-16;-1.58;-0.04;1.5;1.97;1.3;1.8;82.8
1981-01-17;0.99;1.25;1.5;1.6;1.0;1.3;89.76
1981-01-18;0.92;1.16;1.4;0.0;0.7;1.2;88.08
1981-01-19;-1.2;0.15;1.5;5.01;0.6;1.5;85.1
1981-01-20;-5.92;-3.36;-0.8;0.0;0.9;0.5;84.14
1981-01-21;-3.07;-0.93;1.2;1.99;1.9;1.0;79.13
1981-01-22;-2.0;0.05;2.11;3.0;0.9;1.8;83.6
1981-01-23;-1.96;0.57;3.1;1.8;1.2;2.03;67.1
1981-01-24;-1.4;0.83;3.07;7.08;0.7;2.3;72.2
1981-01-25;-1.7;-0.55;0.6;1.5;1.1;2.2;75.07
1981-01-26;-11.56;-6.23;-0.9;0.0;2.3;0.81;49.51
1981-01-27;-11.5;-7.9;-4.3;0.0;2.5;1.4;75.4
1981-01-28;-12.93;-8.31;-3.7;0.0;1.9;1.4;48.73
1981-01-29;-13.43;-9.73;-6.03;0.0;2.0;0.8;82.2
1981-01-30;-9.3;-4.57;0.17;0.0;2.5;1.7;65.1
1981-01-31;-1.7;-0.5;0.7;5.5;1.0;2.6;83.81
1981-02-01;-0.3;0.35;1.0;5.1;1.2;2.3;84.8
1981-02-02;-0.3;0.35;1.0;4.81;1.0;1.8;85.69
1981-02-03;-1.6;-0.4;0.8;5.1;1.9;1.2;84.9
1981-02-04;-6.0;-2.55;0.9;1.1;2.0;1.3;83.9
1981-02-05;-12.5;-7.28;-2.05;0.0;2.4;0.3;74.02
1981-02-06;-10.8;-8.74;-6.68;0.0;2.5;1.0;84.4
1981-02-07;-9.95;-5.22;-0.5;2.8;1.7;2.0;63.58
1981-02-08;-4.06;-1.73;0.6;1.7;1.5;1.3;83.8
1981-02-09;-14.48;-8.51;-2.54;0.0;4.317;0.6;51.43
1981-02-10;-11.31;-5.31;0.7;1.4;2.0;1.3;77.59
1981-02-11;-1.7;-0.45;0.8;0.0;1.98;0.7;85.48
1981-02-12;-8.37;-4.43;-0.5;0.0;3.5;1.0;67.95
1981-02-13;-1.9;-0.39;1.11;6.29;2.0;2.2;77.31
1981-02-14;-1.52;-0.61;0.3;1.8;2.2;1.7;83.5
1981-02-15;-2.23;-1.43;-0.63;1.4;2.9;1.3;79.34
1981-02-16;-8.27;-4.43;-0.6;0.0;3.4;0.5;73.89
1981-02-17;-10.7;-6.45;-2.2;1.1;5.0;0.78;63.93
1981-02-18;-16.0;-9.33;-2.66;0.0;4.6;1.6;48.28
1981-02-19;-17.42;-11.91;-6.4;0.0;5.4;1.0;40.29
1981-02-20;-7.05;-4.97;-2.9;4.4;3.5;1.7;77.74
1981-02-21;-17.38;-11.61;-5.83;0.0;5.9;1.2;75.5
1981-02-22;-17.99;-13.15;-8.32;0.0;5.0;1.1;73.13
1981-02-23;-18.5;-14.85;-11.2;0.0;5.8;1.0;78.04
1981-02-24;-16.41;-7.86;0.7;1.4;2.4;1.6;74.92
1981-02-25;-0.7;0.05;0.8;0.0;4.179;1.1;86.68
1981-02-26;-0.6;0.4;1.4;1.4;3.613;1.9;84.2
1981-02-27;-2.6;-0.65;1.3;0.0;5.2;2.1;72.6
1981-02-28;-10.84;-5.32;0.2;0.0;6.6;1.9;64.72
1981-03-01;-12.6;-6.04;0.52;0.0;7.0;1.1;53.39
1981-03-02;-12.51;-6.0;0.5;0.0;6.3;0.4;79.1
1981-03-03;-8.15;-3.78;0.6;0.0;5.5;0.6;82.9
1981-03-04;-11.17;-5.43;0.3;1.2;7.6;0.8;77.4
1981-03-05;-1.6;-0.75;0.1;1.1;2.899;0.3;85.37
1981-03-06;-2.3;-0.85;0.6;0.0;5.3;0.6;82.4
1981-03-07;-11.42;-5.86;-0.3;0.0;8.521;0.9;76.7
1981-03-08;-0.96;0.07;1.1;1.2;7.6;1.3;84.3
1981-03-09;-0.29;0.51;1.3;0.0;6.168;1.1;85.6
1981-03-10;-1.0;1.64;4.28;0.0;6.7;1.4;80.04
1981-03-11;0.1;1.77;3.43;7.69;7.888;2.2;79.1
1981-03-12;0.2;1.21;2.21;8.02;1.695;1.9;84.31
1981-03-13;-3.3;-0.15;3.0;0.0;6.595;0.8;78.76
1981-03-14;-3.47;-1.33;0.8;0.0;6.3;1.3;80.99
1981-03-15;-3.5;-1.2;1.1;0.0;6.2;1.41;77.88
1981-03-16;-5.83;-1.92;2.0;0.0;10.507;0.9;41.23
1981-03-17;-6.51;-3.0;0.52;0.0;10.7;1.5;50.01
1981-03-18;-7.6;-3.45;0.7;0.0;11.712;0.8;34.0
1981-03-19;-2.7;0.75;4.2;0.0;11.6;1.4;71.46
1981-03-20;0.2;3.83;7.45;0.0;11.218;2.0;61.02
1981-03-21;-1.18;1.62;4.42;0.0;10.833;1.8;56.47
1981-03-22;-1.0;1.45;3.9;0.0;6.598;2.1;72.99
1981-03-23;-2.3;-0.05;2.2;0.0;13.203;1.9;32.33
1981-03-24;-2.2;0.55;3.3;0.0;11.7;2.5;38.0
1981-03-25;-3.6;-0.39;2.83;0.0;13.4;1.4;32.61
1981-03-26;-1.1;3.2;7.5;0.0;14.0;1.5;57.3
1981-03-27;-1.3;1.74;4.78;0.0;13.446;2.35;35.32
1981-03-28;-1.7;2.11;5.93;0.0;15.188;1.7;26.6
1981-03-29;-3.6;-0.5;2.6;0.0;15.2;1.7;31.6
1981-03-30;-3.1;2.35;7.8;3.03;7.555;1.8;52.63
1981-03-31;-0.2;4.31;8.81;3.8;11.285;1.2;67.67
1981-04-01;-2.7;1.9;6.5;0.0;9.571;2.5;46.38
1981-04-02;-5.21;-2.5;0.2;0.0;15.5;1.9;30.25
1981-04-03;-3.51;0.9;5.3;0.0;6.9;1.9;65.27
1981-04-04;-0.9;4.05;9.0;0.0;14.026;1.8;38.76
1981-04-05;-1.6;4.13;9.87;0.0;14.9;1.3;37.6
1981-04-06;-1.1;5.15;11.4;0.0;16.0;1.4;37.11
1981-04-07;-0.1;6.82;13.73;0.0;16.3;1.1;35.57
1981-04-08;-1.37;7.48;16.33;0.0;17.2;0.8;32.74
1981-04-09;-2.6;5.42;13.43;0.0;16.5;0.5;30.29
1981-04-10;-3.0;4.6;12.2;0.0;17.0;1.0;36.73
1981-04-11;4.3;8.08;11.86;0.0;10.6;1.6;51.02
1981-04-12;4.71;8.52;12.33;0.0;11.33;2.1;48.78
1981-04-13;6.9;10.15;13.4;0.0;13.378;2.39;43.78
1981-04-14;6.52;6.76;7.0;8.63;3.027;1.7;86.72
1981-04-15;3.24;6.77;10.3;2.4;8.892;1.71;63.86
1981-04-16;0.5;5.04;9.57;2.48;7.404;2.0;57.71
1981-04-17;0.34;4.89;9.44;13.84;2.321;1.7;69.21
1981-04-18;4.8;9.08;13.37;0.0;16.8;0.8;47.99
1981-04-19;5.7;9.81;13.93;0.0;7.9;0.9;59.61
1981-04-20;5.82;12.85;19.87;0.0;17.961;0.9;39.84
1981-04-21;5.3;12.35;19.4;0.0;13.279;0.1;48.31
1981-04-22;6.98;11.99;17.0;3.09;11.542;0.3;60.08
1981-04-23;7.24;10.99;14.74;7.26;11.611;1.1;70.76
1981-04-24;4.8;10.25;15.7;0.0;21.5;1.0;48.13
1981-04-25;4.7;8.55;12.4;7.4;5.397;0.8;75.92
1981-04-26;6.0;10.95;15.9;1.5;10.177;1.2;53.32
1981-04-27;5.3;11.17;17.04;0.0;15.8;1.1;46.87
1981-04-28;5.7;13.4;21.1;0.0;16.3;0.9;37.41
1981-04-29;4.31;13.32;22.34;0.0;15.8;0.8;40.65
1981-04-30;3.02;13.4;23.78;0.0;17.554;0.1;35.71
1981-05-01;5.77;14.48;23.2;0.0;14.1;0.2;36.57
1981-05-02;4.2;13.07;21.95;0.0;18.827;0.4;34.9
1981-05-03;5.7;9.2;12.7;0.0;18.49;1.6;49.72
1981-05-04;0.3;5.7;11.1;0.0;14.093;1.5;43.4
1981-05-05;-2.07;4.38;10.82;0.0;24.841;0.6;25.84
1981-05-06;-2.31;4.84;12.0;0.0;24.892;0.4;29.12
1981-05-07;-2.8;4.6;12.0;0.0;25.8;0.9;28.73
1981-05-08;5.46;6.63;7.8;11.5;5.629;1.17;86.85
1981-05-09;5.61;10.7;15.78;0.0;25.5;0.4;45.33
1981-05-10;6.21;8.3;10.4;10.86;5.956;1.7;89.03
1981-05-11;4.7;6.0;7.3;7.6;5.502;2.0;81.47
1981-05-12;3.3;7.4;11.5;0.0;27.063;1.5;28.41
1981-05-13;1.8;7.55;13.3;0.0;26.705;1.5;28.6
1981-05-14;0.6;7.51;14.42;0.0;26.3;0.8;30.0
1981-05-15;0.0;7.63;15.27;0.0;21.896;0.6;31.3
1981-05-16;3.6;9.43;15.26;0.0;17.635;0.8;35.87
1981-05-17;2.5;7.05;11.6;0.0;23.1;1.2;31.56
1981-05-18;0.6;5.9;11.2;0.0;19.723;0.4;33.34
1981-05-19;0.2;7.5;14.8;0.0;25.802;0.69;33.04
1981-05-20;0.1;6.85;13.6;3.5;12.679;0.6;53.12
1981-05-21;-0.6;6.81;14.21;0.0;23.8;0.6;37.24
1981-05-22;3.2;8.42;13.63;0.0;11.861;0.7;53.61
1981-05-23;2.1;9.5;16.89;0.0;23.1;0.5;35.52
1981-05-24;2.5;8.75;15.0;1.4;13.7;0.6;41.82
1981-05-25;1.5;9.0;16.5;3.3;11.637;0.4;48.46
1981-05-26;2.06;9.43;16.8;0.0;25.5;0.6;41.0
1981-05-27;1.72;11.15;20.59;0.0;25.8;0.6;34.37
1981-05-28;10.73;17.11;23.49;0.0;19.341;0.9;43.05
1981-05-29;11.44;17.37;23.3;0.0;20.6;1.3;40.51
1981-05-30;10.7;12.39;14.09;4.1;7.397;1.4;59.13
1981-05-31;6.4;11.46;16.51;1.14;10.295;1.0;69.25
1981-06-01;4.2;11.75;19.3;0.0;27.0;0.9;37.95
1981-06-02;4.0;13.84;23.68;0.0;29.9;0.9;28.6
1981-06-03;9.4;18.13;26.85;0.0;28.606;1.0;32.5
1981-06-04;8.2;16.5;24.8;0.0;29.008;0.9;34.39
1981-06-05;6.7;15.4;24.1;0.0;29.001;0.4;32.09
1981-06-06;5.8;15.05;24.3;0.0;29.0;0.41;32.99
1981-06-07;5.5;15.05;24.6;0.0;27.41;0.7;35.65
1981-06-08;8.2;15.25;22.31;0.0;23.784;0.9;45.91
1981-06-09;7.4;13.8;20.2;3.49;14.382;0.4;58.7
1981-06-10;12.0;15.15;18.3;10.7;12.0;0.8;83.32
1981-06-11;7.9;12.65;17.4;0.0;21.2;1.2;50.49
1981-06-12;7.6;12.45;17.3;0.0;21.2;1.0;44.41
1981-06-13;6.1;12.5;18.9;0.0;24.2;0.8;35.8
1981-06-14;4.7;12.55;20.41;0.0;17.95;0.5;35.5
1981-06-15;7.94;15.63;23.32;1.8;16.5;1.1;44.13
1981-06-16;11.8;18.0;24.2;0.0;30.727;1.0;45.48
1981-06-17;10.9;16.68;22.46;5.4;14.795;0.49;57.89
1981-06-18;8.04;14.52;21.0;0.0;25.2;0.9;51.94
1981-06-19;6.85;13.73;20.62;0.0;22.425;0.6;44.17
1981-06-20;6.68;13.59;20.5;10.19;15.177;1.1;48.9
1981-06-21;14.0;16.85;19.7;1.9;17.248;0.9;54.86
1981-06-22;13.4;17.75;22.1;0.0;23.622;0.8;44.7
1981-06-23;13.9;17.55;21.2;5.9;11.976;0.6;71.31
1981-06-24;14.34;19.82;25.3;0.0;22.246;1.3;44.8
1981-06-25;13.11;15.55;18.0;0.0;25.3;1.3;44.7
1981-06-26;12.67;15.09;17.5;0.0;17.27;0.8;41.7
1981-06-27;11.9;14.25;16.59;0.0;10.246;0.7;75.86
1981-06-28;12.9;16.05;19.2;0.0;15.34;0.4;54.83
1981-06-29;8.7;13.05;17.4;0.0;17.893;0.3;57.94
1981-06-30;8.4;15.0;21.61;0.0;23.145;0.4;45.76
1981-07-01;12.56;17.79;23.01;0.0;16.4;0.4;46.04
1981-07-02;15.98;20.79;25.6;0.0;17.283;0.4;41.49
1981-07-03;11.32;18.94;26.55;0.0;28.303;0.8;37.0
1981-07-04;9.65;17.98;26.31;0.0;29.7;0.6;32.81
1981-07-05;9.8;18.18;26.56;0.0;28.502;1.1;33.65
1981-07-06;10.19;16.65;23.11;0.0;14.036;0.6;55.77
1981-07-07;8.64;16.62;24.6;0.0;24.376;0.43;39.7
1981-07-08;11.94;18.27;24.6;0.0;20.192;0.4;45.3
1981-07-09;15.2;19.9;24.6;0.0;17.181;0.4;46.82
1981-07-10;13.81;17.68;21.55;10.7;10.5;0.4;73.45
1981-07-11;14.5;16.64;18.79;12.47;12.661;0.4;83.59
1981-07-12;9.2;14.25;19.3;0.0;18.338;0.6;55.7
1981-07-13;9.0;15.4;21.8;0.0;21.4;0.8;45.4
1981-07-14;9.27;15.54;21.8;0.0;20.93;0.8;46.24
1981-07-15;11.96;14.58;17.19;0.0;25.002;1.54;44.05
1981-07-16;6.96;12.78;18.6;0.0;23.344;1.0;42.5
1981-07-17;5.49;14.23;22.98;2.5;28.871;0.4;36.5
1981-07-18;8.4;15.1;21.8;3.54;16.066;0.6;58.36
1981-07-19;7.5;14.55;21.6;9.31;15.025;0.1;54.61
1981-07-20;14.7;16.1;17.5;10.0;3.182;0.6;85.52
1981-07-21;12.9;15.25;17.6;1.1;9.199;0.2;83.61
1981-07-22;10.9;14.75;18.59;0.0;18.941;0.4;56.73
1981-07-23;11.0;14.5;18.0;0.0;15.036;0.8;58.29
1981-07-24;12.4;13.2;14.0;10.44;9.2;1.2;88.78
1981-07-25;10.7;13.11;15.51;0.0;13.1;0.9;70.21
1981-07-26;8.61;12.8;17.0;0.0;15.0;0.7;53.36
1981-07-27;7.5;13.05;18.6;0.0;19.1;0.15;53.1
1981-07-28;9.6;15.55;21.5;0.0;19.2;0.1;47.54
1981-07-29;10.19;17.04;23.9;0.0;22.151;0.1;40.6
1981-07-30;10.7;16.41;22.12;4.77;16.508;0.7;53.5
1981-07-31;9.9;16.39;22.88;7.11;17.1;0.3;53.05
1981-08-01;10.33;14.77;19.2;2.8;15.091;0.7;60.62
1981-08-02;13.0;16.07;19.14;0.0;13.185;0.7;57.58
1981-08-03;11.9;16.3;20.7;0.0;19.6;1.0;48.92
1981-08-04;13.2;16.85;20.5;1.2;15.6;0.7;65.2
1981-08-05;15.1;18.97;22.84;10.86;15.1;1.0;60.54
1981-08-06;13.1;15.25;17.4;3.48;12.184;1.5;68.62
1981-08-07;11.5;16.86;22.21;0.0;21.5;0.5;45.91
1981-08-08;9.1;14.3;19.5;0.0;16.4;0.4;46.5
1981-08-09;7.5;13.8;20.11;0.0;21.497;0.5;39.39
1981-08-10;8.1;13.85;19.6;0.0;20.0;0.4;40.46
1981-08-11;8.8;11.94;15.08;5.6;6.5;1.2;81.94
1981-08-12;11.5;13.9;16.3;7.62;12.222;1.1;71.6
1981-08-13;10.9;14.86;18.83;4.1;14.368;0.6;61.36
1981-08-14;10.26;15.18;20.1;0.0;16.5;0.7;50.78
1981-08-15;11.7;14.95;18.2;10.2;6.998;0.8;78.81
1981-08-16;7.2;11.7;16.19;0.0;18.7;1.2;51.53
1981-08-17;5.53;11.21;16.9;1.5;13.0;0.5;64.7
1981-08-18;13.6;15.8;18.0;3.71;4.24;0.9;90.61
1981-08-19;13.2;16.55;19.9;2.23;11.8;0.4;85.64
1981-08-20;9.3;15.04;20.77;0.0;20.0;1.0;47.16
1981-08-21;7.0;11.61;16.21;0.0;12.509;0.3;56.91
1981-08-22;10.2;13.55;16.9;2.2;14.298;0.5;69.65
1981-08-23;11.8;14.5;17.2;1.6;14.4;0.8;53.19
1981-08-24;11.1;14.0;16.9;1.47;13.4;0.9;73.9
1981-08-25;11.6;12.15;12.7;21.7;4.2;1.4;90.9
1981-08-26;10.12;12.7;15.29;0.0;9.043;1.5;72.11
1981-08-27;9.6;13.5;17.4;4.1;13.3;0.9;58.88
1981-08-28;12.0;14.45;16.9;0.0;11.391;1.1;70.45
1981-08-29;8.0;13.8;19.6;0.0;16.585;0.9;48.01
1981-08-30;7.77;11.59;15.4;0.0;10.4;0.6;73.8
1981-08-31;11.9;17.18;22.47;0.0;17.4;1.4;47.49
1981-09-01;12.0;17.06;22.13;0.0;7.971;1.0;65.09
1981-09-02;10.47;13.37;16.27;10.8;7.695;1.3;85.42
1981-09-03;11.1;13.5;15.9;4.67;11.605;1.4;81.33
1981-09-04;8.1;11.35;14.6;0.0;10.808;1.1;64.73
1981-09-05;8.0;10.6;13.2;4.4;6.152;0.8;77.28
1981-09-06;5.05;9.07;13.1;0.0;9.1;0.8;65.48
1981-09-07;4.0;9.45;14.9;0.0;13.807;0.5;43.47
1981-09-08;7.2;10.35;13.5;0.0;11.0;0.7;60.77
1981-09-09;5.5;10.35;15.2;0.0;15.7;0.6;44.03
1981-09-10;10.2;14.45;18.7;7.79;9.871;1.6;54.26
1981-09-11;11.41;13.71;16.0;0.0;8.4;1.5;82.38
1981-09-12;10.7;13.5;16.31;0.0;10.2;1.6;58.55
1981-09-13;10.04;12.12;14.2;0.0;8.694;1.5;57.58
1981-09-14;6.4;9.82;13.25;2.7;9.3;1.3;63.21
1981-09-15;5.65;8.82;12.0;0.0;13.13;1.4;44.19
1981-09-16;2.9;7.9;12.9;0.0;13.913;0.6;44.06
1981-09-17;2.64;7.42;12.2;19.7;8.0;1.4;55.1
1981-09-18;9.01;10.86;12.7;0.0;10.2;1.6;59.61
1981-09-19;9.7;11.01;12.32;2.7;5.7;1.3;81.52
1981-09-20;9.3;11.0;12.7;0.0;8.3;1.4;80.38
1981-09-21;9.2;10.85;12.5;0.0;8.5;1.2;57.04
1981-09-22;9.18;11.39;13.6;14.28;2.798;1.6;72.07
1981-09-23;7.8;10.55;13.3;0.0;7.332;1.1;66.59
1981-09-24;6.62;10.36;14.1;0.0;10.2;0.8;63.22
1981-09-25;3.57;8.13;12.7;0.0;11.0;0.7;51.14
1981-09-26;5.39;8.49;11.6;3.6;2.195;1.0;87.88
1981-09-27;10.9;12.14;13.39;5.73;4.0;0.7;90.6
1981-09-28;11.02;11.71;12.4;19.87;2.4;1.3;92.97
1981-09-29;6.62;9.83;13.04;5.98;2.397;0.6;90.7
1981-09-30;5.96;11.05;16.14;0.0;8.862;0.8;61.52
1981-10-01;7.41;11.59;15.77;2.9;3.6;1.0;85.82
1981-10-02;7.6;11.23;14.86;0.0;6.232;0.9;68.21
1981-10-03;8.3;10.95;13.6;2.2;2.9;1.3;88.8
1981-10-04;10.34;12.72;15.11;14.36;3.0;1.2;91.3
1981-10-05;5.75;8.82;11.9;0.0;4.7;0.9;89.27
1981-10-06;4.23;7.77;11.3;0.0;6.978;0.8;62.62
1981-10-07;1.7;4.4;7.1;18.38;2.2;1.8;89.55
1981-10-08;-1.8;0.81;3.42;0.0;8.0;1.6;26.38
1981-10-09;-4.9;-1.55;1.8;0.0;8.0;1.0;31.52
1981-10-10;-8.64;-3.08;2.49;0.0;7.604;0.24;42.19
1981-10-11;-3.0;1.65;6.3;9.1;2.0;1.3;76.76
1981-10-12;-0.8;2.04;4.89;3.11;2.7;0.41;84.01
1981-10-13;-1.8;0.24;2.29;0.0;3.3;1.6;78.65
1981-10-14;-6.91;-2.25;2.4;0.0;6.6;1.0;48.0
1981-10-15;3.73;3.76;3.8;12.14;1.7;1.8;90.9
1981-10-16;-1.9;1.95;5.8;0.0;3.365;0.3;87.5
1981-10-17;-2.7;0.95;4.6;0.0;2.8;0.7;64.5
1981-10-18;-1.4;1.6;4.6;0.0;5.7;0.9;66.51
1981-10-19;0.4;2.4;4.4;0.0;3.0;1.2;78.7
1981-10-20;0.2;2.35;4.49;0.0;3.8;1.2;77.54
1981-10-21;-1.3;1.8;4.9;5.4;1.7;1.3;81.3
1981-10-22;0.05;3.73;7.4;2.2;5.3;1.1;61.07
1981-10-23;4.7;6.09;7.48;1.19;3.9;1.9;75.55
1981-10-24;1.6;3.15;4.69;0.0;5.2;1.3;67.05
1981-10-25;5.21;7.36;9.51;7.0;1.3;1.5;86.99
1981-10-26;4.2;5.7;7.2;0.0;3.9;1.3;81.28
1981-10-27;4.86;5.98;7.1;0.0;2.6;1.3;81.74
1981-10-28;4.79;6.69;8.59;8.6;2.3;1.7;79.68
1981-10-29;5.8;6.55;7.3;1.32;1.9;1.6;84.78
1981-10-30;4.6;5.7;6.8;0.0;1.6;1.4;89.7
1981-10-31;-2.2;1.3;4.8;0.0;3.6;0.7;74.69
1981-11-01;-2.0;1.0;4.0;0.0;4.0;0.73;75.2
1981-11-02;2.92;4.88;6.85;6.29;1.5;1.7;86.4
1981-11-03;2.2;5.39;8.58;8.34;1.0;1.5;84.25
1981-11-04;8.96;9.89;10.83;1.7;1.5;1.6;87.7
1981-11-05;9.62;9.76;9.9;0.0;2.1;1.5;88.6
1981-11-06;8.95;9.56;10.17;0.0;2.3;1.9;84.0
1981-11-07;1.36;4.83;8.3;2.2;2.7;1.6;66.8
1981-11-08;-0.4;1.75;3.9;0.0;2.6;0.9;78.72
1981-11-09;4.3;6.3;8.3;6.3;0.9;1.5;81.39
1981-11-10;7.72;8.31;8.9;1.5;1.2;2.0;86.0
1981-11-11;-2.2;2.78;7.76;0.0;2.2;0.9;73.04
1981-11-12;-1.4;0.46;2.32;0.0;1.8;0.3;85.23
1981-11-13;-1.3;0.25;1.8;0.0;1.9;0.7;85.74
1981-11-14;-1.1;1.71;4.52;0.0;1.9;0.3;77.57
1981-11-15;-0.6;1.7;4.0;0.0;1.6;0.7;87.0
1981-11-16;0.8;2.1;3.4;5.09;2.067;1.3;86.4
1981-11-17;3.6;3.34;3.09;2.0;0.9;1.3;89.28
1981-11-18;3.37;3.63;3.9;0.0;0.8;0.6;89.61
1981-11-19;2.56;2.44;2.32;1.4;1.5;0.3;88.1
1981-11-20;-2.89;-0.55;1.8;0.0;1.0;0.8;85.2
1981-11-21;-5.92;-3.72;-1.52;0.0;2.0;0.5;85.2
1981-11-22;-5.0;-1.8;1.4;0.0;1.2;1.0;77.57
1981-11-23;-0.6;0.95;2.49;0.0;1.6;1.1;87.3
1981-11-24;-2.12;-0.91;0.3;0.0;1.4;0.9;89.58
1981-11-25;-0.6;1.85;4.3;0.0;1.2;1.5;73.95
1981-11-26;-0.51;2.0;4.5;0.0;1.0;1.4;78.01
1981-11-27;-5.0;-0.21;4.57;0.0;1.3;1.5;37.74
1981-11-28;-4.8;-1.44;1.91;0.0;1.1;0.9;64.65
1981-11-29;1.4;2.45;3.49;2.9;0.5;1.6;83.89
1981-11-30;-2.88;2.06;6.99;6.24;1.2;1.5;55.52
1981-12-01;2.98;5.03;7.08;0.0;1.0;2.1;62.76
1981-12-02;2.99;4.71;6.42;0.0;0.5;1.9;74.42
1981-12-03;2.52;4.99;7.46;4.1;0.5;2.0;86.43
1981-12-04;-1.35;2.03;5.4;1.2;0.6;1.0;81.39
1981-12-05;2.86;3.88;4.91;1.4;0.5;1.9;81.3
1981-12-06;-0.12;1.98;4.08;4.37;0.5;1.8;81.8
1981-12-07;-0.9;1.55;4.0;1.5;0.5;1.7;82.1
1981-12-08;-2.2;-1.0;0.2;0.0;0.6;0.9;88.25
1981-12-09;-1.41;0.1;1.6;0.0;0.6;0.4;86.42
1981-12-10;-3.18;-0.54;2.1;0.0;0.8;0.8;74.86
1981-12-11;1.7;2.8;3.9;0.0;0.9;1.5;84.6
1981-12-12;-2.7;-0.6;1.5;0.0;0.7;1.3;77.74
1981-12-13;-2.7;-0.8;1.1;0.0;0.7;1.2;85.0
1981-12-14;-0.22;1.79;3.81;0.0;0.5;1.0;83.9
1981-12-15;-2.2;0.49;3.19;0.0;0.8;0.79;76.73
1981-12-16;-2.37;-0.29;1.8;0.0;0.5;1.7;75.35
1981-12-17;-5.04;-3.17;-1.31;0.0;0.5;1.5;69.43
1981-12-18;-5.5;-4.3;-3.1;0.0;0.7;1.38;60.21
1981-12-19;-6.09;-3.65;-1.2;0.0;0.5;1.0;81.0
1981-12-20;-2.22;1.03;4.29;11.27;0.4;1.9;75.29
1981-12-21;-0.8;2.87;6.54;0.0;0.6;2.29;50.9
1981-12-22;-2.3;-1.0;0.3;0.0;0.666;1.6;75.22
1981-12-23;-0.9;0.5;1.9;2.7;0.5;2.0;77.5
1981-12-24;-5.2;-1.85;1.5;0.0;0.6;1.3;60.5
1981-12-25;-5.13;-2.01;1.1;4.6;0.5;1.7;65.08
1981-12-26;-8.16;-5.53;-2.9;0.0;0.7;1.2;68.86
1981-12-27;-8.55;-6.63;-4.7;0.0;0.6;0.88;80.48
1981-12-28;-7.56;-4.79;-2.01;0.0;0.7;1.3;70.13
1981-12-29;-2.3;-0.4;1.5;5.88;0.6;2.2;77.75
1981-12-30;-10.65;-4.58;1.5;0.0;0.7;1.4;64.95
1981-12-31;-11.1;-7.96;-4.82;0.0;0.9;1.02;80.1
1982-01-01;-11.11;-6.63;-2.16;0.0;0.7;1.2;47.79
1982-01-02;-1.6;0.1;1.8;3.5;0.4;1.4;84.8
1982-01-03;-9.4;-4.0;1.4;0.0;0.7;0.8;42.92
1982-01-04;-11.3;-8.59;-5.87;0.0;0.7;0.6;80.6
1982-01-05;-6.07;-2.67;0.73;2.0;0.8;1.6;59.65
1982-01-06;0.1;1.0;1.9;2.7;0.4;1.9;83.8
1982-01-07;-0.89;0.21;1.3;0.0;0.7;1.1;85.59
1982-01-08;-0.8;0.55;1.9;2.72;0.6;1.4;83.1
1982-01-09;0.6;1.5;2.4;2.3;0.5;1.3;84.6
1982-01-10;-1.2;0.75;2.7;2.8;0.5;1.8;82.22
1982-01-11;-2.7;-1.8;-0.9;0.0;1.0;1.5;75.62
1982-01-12;-4.08;-1.59;0.89;0.0;0.7;1.0;80.02
1982-01-13;-7.35;-4.55;-1.75;0.0;1.1;0.7;83.4
1982-01-14;-3.54;-1.47;0.6;0.0;1.5;1.8;80.59
1982-01-15;0.0;1.6;3.21;3.87;0.6;2.2;83.8
1982-01-16;-1.0;0.7;2.4;0.0;1.3;1.1;84.0
1982-01-17;-1.0;0.1;1.2;0.0;1.1;0.6;84.6
1982-01-18;-0.1;1.15;2.4;0.0;1.0;1.0;83.7
1982-01-19;1.8;2.39;2.98;1.8;0.8;2.1;82.9
1982-01-20;2.0;3.52;5.05;5.0;0.6;2.1;83.6
1982-01-21;2.8;4.05;5.3;7.53;0.7;2.5;81.1
1982-01-22;1.89;2.99;4.1;2.0;1.1;2.0;83.7
1982-01-23;-0.21;1.45;3.1;0.0;1.4;1.2;81.5
1982-01-24;0.1;0.85;1.6;0.0;1.5;0.7;84.6
1982-01-25;-0.3;1.27;2.83;1.1;1.3;1.4;83.8
1982-01-26;-3.2;-1.31;0.58;0.0;1.4;0.9;84.1
1982-01-27;-1.26;0.12;1.5;1.7;1.187;0.9;83.8
1982-01-28;-2.4;-0.4;1.6;1.1;1.3;1.1;83.32
1982-01-29;-5.3;-2.95;-0.6;0.0;2.4;0.5;84.7
1982-01-30;-10.11;-5.2;-0.29;0.0;1.6;1.0;61.49
1982-01-31;-10.5;-6.88;-3.27;2.7;2.911;1.1;58.7
1982-02-01;-11.57;-6.67;-1.76;2.5;2.0;1.9;58.39
1982-02-02;-7.36;-3.18;1.0;6.61;1.0;2.1;75.4
1982-02-03;-4.3;-1.65;1.0;0.0;1.4;1.8;79.18
1982-02-04;-14.0;-6.25;1.5;1.99;2.533;1.8;43.59
1982-02-05;-1.52;-0.06;1.4;2.0;3.5;1.9;71.82
1982-02-06;-3.18;-1.09;1.0;3.3;2.26;1.71;78.1
1982-02-07;-18.9;-9.25;0.4;0.0;2.7;2.4;22.27
1982-02-08;-21.87;-18.73;-15.59;0.0;3.7;2.2;54.86
1982-02-09;-22.95;-19.55;-16.16;0.0;3.2;0.4;84.3
1982-02-10;-22.45;-13.48;-4.51;0.0;3.8;1.3;8.65
1982-02-11;-5.3;-2.15;1.0;10.65;1.7;2.7;72.1
1982-02-12;-4.94;-1.62;1.7;1.8;4.1;2.3;69.67
1982-02-13;-2.6;-0.5;1.6;3.39;3.1;2.3;78.96
1982-02-14;-6.65;-3.08;0.5;0.0;3.5;2.0;70.93
1982-02-15;-13.03;-5.96;1.1;7.87;4.9;1.6;42.52
1982-02-16;-4.14;-1.67;0.8;0.0;2.9;1.8;80.43
1982-02-17;-17.02;-10.47;-3.92;0.0;5.5;2.3;38.47
1982-02-18;-23.31;-17.91;-12.5;0.0;5.3;1.3;52.05
1982-02-19;-21.6;-16.8;-12.0;0.0;5.3;0.8;58.69
1982-02-20;-17.0;-8.1;0.8;2.7;2.2;1.7;65.29
1982-02-21;-5.57;-2.29;1.0;0.0;3.383;1.2;83.61
1982-02-22;-5.08;-2.09;0.9;0.0;4.1;1.4;82.58
1982-02-23;-8.88;-3.89;1.1;0.0;5.461;1.2;78.92
1982-02-24;-14.2;-7.15;-0.1;0.0;6.5;1.0;63.39
1982-02-25;-2.02;-0.46;1.1;0.0;4.5;1.8;82.4
1982-02-26;-1.0;-0.1;0.8;0.0;3.3;1.6;84.4
1982-02-27;-1.0;-0.15;0.7;4.0;3.4;2.2;82.7
1982-02-28;-7.87;-3.58;0.7;2.39;2.3;1.7;79.46
1982-03-01;-12.12;-5.86;0.4;0.0;5.9;1.1;65.58
1982-03-02;-5.5;-2.05;1.4;0.0;4.3;1.7;82.9
1982-03-03;-4.71;-1.85;1.0;0.0;6.9;1.1;83.01
1982-03-04;0.27;1.64;3.0;2.17;3.5;1.6;84.3
1982-03-05;3.63;5.16;6.69;0.0;5.0;1.3;81.5
1982-03-06;2.11;4.47;6.83;2.97;3.2;1.44;83.27
1982-03-07;-0.7;2.15;5.0;0.0;6.2;0.9;80.8
1982-03-08;4.19;3.85;3.51;7.7;3.6;1.7;84.0
1982-03-09;0.66;1.63;2.6;1.2;2.4;1.3;83.72
1982-03-10;-1.3;0.5;2.3;0.0;5.173;0.8;79.61
1982-03-11;-3.2;-0.35;2.5;0.0;9.1;0.8;70.69
1982-03-12;-4.29;-1.15;2.0;0.0;8.2;1.0;69.68
1982-03-13;-3.5;-1.05;1.4;0.0;7.695;0.6;70.53
1982-03-14;-8.4;-4.75;-1.1;0.0;8.2;1.7;42.05
1982-03-15;-13.4;-9.15;-4.9;0.0;10.621;1.6;19.68
1982-03-16;-13.6;-8.81;-4.02;0.0;11.123;0.34;20.35
1982-03-17;-12.8;-7.61;-2.41;0.0;11.313;1.0;21.85
1982-03-18;-9.3;-4.6;0.1;0.0;10.7;0.4;21.79
1982-03-19;-8.7;-4.05;0.6;0.0;13.1;0.9;21.33
1982-03-20;-6.81;-3.35;0.1;0.0;13.964;1.2;17.39
1982-03-21;-9.33;-4.87;-0.4;0.0;14.304;1.1;17.57
1982-03-22;-10.69;-5.35;-0.02;0.0;13.36;0.33;20.88
1982-03-23;-8.9;-3.7;1.5;0.0;14.6;1.0;22.97
1982-03-24;-3.1;-0.17;2.77;0.0;13.405;1.8;25.3
1982-03-25;-4.1;-1.15;1.8;0.0;15.242;1.4;29.19
1982-03-26;-3.6;-1.2;1.2;3.7;7.188;1.8;78.1
1982-03-27;-3.28;1.31;5.9;0.0;13.4;0.7;62.79
1982-03-28;-4.8;1.05;6.9;0.0;14.7;0.5;44.11
1982-03-29;0.33;5.38;10.43;0.0;8.5;1.9;67.63
1982-03-30;6.9;9.32;11.74;0.0;9.7;2.0;69.59
1982-03-31;7.83;13.21;18.59;0.0;10.489;1.49;50.58
1982-04-01;6.69;7.54;8.4;4.5;5.428;1.5;83.0
1982-04-02;6.71;10.81;14.91;0.0;9.091;1.2;65.43
1982-04-03;6.33;7.82;9.3;1.6;6.316;1.4;81.43
1982-04-04;7.75;9.13;10.5;2.8;3.269;1.54;83.6
1982-04-05;-1.1;6.06;13.22;0.0;14.526;0.8;56.87
1982-04-06;-1.62;6.73;15.08;1.92;14.3;0.6;44.9
1982-04-07;-0.2;5.2;10.6;0.0;10.8;1.4;69.16
1982-04-08;-1.0;3.0;7.0;0.0;11.1;0.9;60.86
1982-04-09;-2.7;0.9;4.5;0.0;12.1;0.9;47.53
1982-04-10;-4.8;-0.55;3.7;0.0;17.6;0.7;25.0
1982-04-11;-5.52;-1.16;3.2;0.0;18.56;0.5;23.76
1982-04-12;-4.2;0.05;4.3;0.0;13.0;1.2;38.21
1982-04-13;2.0;6.71;11.43;0.0;9.164;1.4;51.7
1982-04-14;0.09;4.04;8.0;0.0;17.123;1.4;36.46
1982-04-15;-1.0;3.04;7.08;0.0;17.3;1.5;39.46
1982-04-16;-2.6;0.15;2.9;0.0;16.973;1.7;33.2
1982-04-17;-4.2;-1.1;2.0;0.0;18.044;1.3;29.8
1982-04-18;-5.73;-1.97;1.8;0.0;17.788;0.8;39.04
1982-04-19;-6.38;-2.33;1.73;0.0;18.541;0.5;32.69
1982-04-20;-7.05;-2.34;2.36;0.0;17.72;0.08;33.1
1982-04-21;-3.8;-0.2;3.39;0.0;18.731;0.5;31.38
1982-04-22;-7.09;-1.25;4.6;0.0;20.3;0.4;29.25
1982-04-23;-4.0;-0.68;2.65;0.0;11.197;0.3;64.03
1982-04-24;-2.1;1.67;5.44;0.0;10.701;0.7;61.5
1982-04-25;2.8;3.65;4.49;2.94;5.8;1.4;86.6
1982-04-26;3.36;6.88;10.4;1.5;12.1;1.1;46.69
1982-04-27;-1.4;2.1;5.6;0.0;18.407;1.4;31.91
1982-04-28;-3.8;0.9;5.6;0.0;22.3;0.7;22.2
1982-04-29;-2.5;0.19;2.88;2.2;9.632;1.1;60.06
1982-04-30;-2.9;0.95;4.81;0.0;23.3;1.1;28.89
1982-05-01;-5.8;0.79;7.37;0.0;25.105;0.68;22.7
1982-05-02;-1.72;4.5;10.72;1.2;22.048;1.6;27.62
1982-05-03;0.5;6.22;11.95;0.0;23.976;1.6;29.58
1982-05-04;-2.5;5.55;13.6;0.0;23.118;0.4;29.79
1982-05-05;0.6;7.23;13.86;0.0;24.02;1.4;30.5
1982-05-06;3.88;8.76;13.64;0.0;20.9;1.4;40.44
1982-05-07;1.4;9.8;18.2;0.0;24.899;0.6;34.99
1982-05-08;3.0;10.39;17.78;0.0;24.8;1.1;35.84
1982-05-09;2.27;11.08;19.9;0.0;25.2;0.9;32.76
1982-05-10;2.91;10.86;18.8;0.0;25.511;0.6;33.3
1982-05-11;3.8;10.95;18.1;0.0;20.651;0.3;36.4
1982-05-12;7.1;12.01;16.92;0.0;14.145;-0.04;52.87
1982-05-13;5.41;11.77;18.12;0.0;23.677;0.7;42.18
1982-05-14;5.22;11.56;17.9;0.0;21.377;1.3;37.45
1982-05-15;4.4;9.4;14.4;0.0;26.3;1.2;35.4
1982-05-16;2.6;7.82;13.04;0.0;21.025;1.0;31.94
1982-05-17;2.7;9.2;15.7;0.0;27.3;1.2;31.1
1982-05-18;3.5;9.6;15.7;0.0;27.353;1.1;32.98
1982-05-19;1.9;6.85;11.8;0.0;26.71;1.2;32.66
1982-05-20;-0.7;6.0;12.7;0.0;27.7;0.7;26.59
1982-05-21;-0.9;7.35;15.6;0.0;28.1;1.0;24.23
1982-05-22;7.55;10.53;13.5;4.0;6.29;0.9;68.7
1982-05-23;7.69;11.54;15.4;4.9;10.9;0.6;66.54
1982-05-24;7.7;9.06;10.43;4.9;4.998;0.9;91.78
1982-05-25;6.1;11.1;16.1;1.9;8.039;0.6;59.87
1982-05-26;4.5;12.95;21.4;0.0;20.758;0.5;33.81
1982-05-27;10.9;16.46;22.03;0.0;27.915;1.0;32.97
1982-05-28;8.7;15.4;22.1;0.0;25.0;1.1;35.52
1982-05-29;6.3;14.05;21.81;0.0;27.3;0.6;34.9
1982-05-30;5.8;13.25;20.7;0.0;26.5;1.2;36.53
1982-05-31;15.49;19.3;23.1;0.0;20.53;1.4;43.5
1982-06-01;15.49;19.59;23.69;6.15;13.452;1.2;50.59
1982-06-02;6.48;13.92;21.36;0.0;17.27;1.1;52.21
1982-06-03;6.4;12.3;18.2;0.0;10.089;0.49;46.0
1982-06-04;8.55;14.93;21.3;0.0;29.902;1.3;38.28
1982-06-05;7.6;13.96;20.32;0.0;27.9;1.0;36.05
1982-06-06;6.7;13.83;20.96;0.0;24.5;0.4;40.5
1982-06-07;6.9;13.55;20.2;4.6;17.491;1.2;48.19
1982-06-08;6.7;12.45;18.2;0.0;28.9;1.03;41.06
1982-06-09;7.2;10.89;14.59;3.52;8.111;1.2;63.31
1982-06-10;10.0;13.0;16.0;0.0;16.569;1.3;54.71
1982-06-11;8.63;12.62;16.6;2.3;22.842;1.1;53.89
1982-06-12;8.4;13.5;18.6;2.3;18.858;0.7;51.28
1982-06-13;10.91;13.12;15.32;0.0;9.888;1.4;67.1
1982-06-14;5.8;13.65;21.5;0.0;27.924;0.8;39.3
1982-06-15;5.8;14.05;22.31;1.61;13.451;1.0;48.56
1982-06-16;14.0;21.96;29.92;0.0;28.112;1.0;46.0
1982-06-17;14.23;22.08;29.92;9.57;17.1;0.5;49.09
1982-06-18;13.9;21.66;29.43;0.0;29.154;1.0;39.04
1982-06-19;13.71;19.56;25.41;0.0;24.718;1.0;44.71
1982-06-20;12.3;18.63;24.95;0.0;28.4;0.9;35.79
1982-06-21;10.4;16.71;23.01;0.0;23.5;0.9;45.3
1982-06-22;8.2;15.38;22.56;0.0;31.915;1.0;31.7
1982-06-23;6.7;14.25;21.8;0.0;19.4;0.4;41.01
1982-06-24;9.5;15.9;22.3;1.7;18.069;0.6;44.29
1982-06-25;8.7;15.56;22.42;0.0;27.7;0.8;34.97
1982-06-26;9.4;11.9;14.4;0.0;10.695;0.7;62.01
1982-06-27;8.08;12.93;17.79;0.0;17.1;0.5;50.74
1982-06-28;6.6;13.39;20.17;2.51;19.8;0.2;46.65
1982-06-29;6.1;13.35;20.6;3.03;20.078;0.4;50.47
1982-06-30;9.94;16.47;23.0;0.0;25.681;0.4;40.93
1982-07-01;10.67;18.23;25.8;10.7;11.306;0.6;41.78
1982-07-02;10.4;16.1;21.8;3.0;16.463;0.6;58.82
1982-07-03;12.82;19.06;25.3;0.0;20.915;0.4;50.76
1982-07-04;12.4;19.95;27.5;4.26;26.732;1.1;39.4
1982-07-05;11.6;16.3;21.0;1.9;18.5;0.9;67.88
1982-07-06;10.4;15.05;19.7;0.0;11.86;0.9;62.25
1982-07-07;13.3;17.1;20.9;0.0;24.207;1.2;52.93
1982-07-08;11.5;15.36;19.21;3.4;14.0;1.2;56.67
1982-07-09;10.24;14.61;18.97;1.66;14.991;0.9;52.3
1982-07-10;9.52;14.86;20.19;3.8;17.3;1.0;52.3
1982-07-11;9.76;13.63;17.5;0.0;27.98;1.2;39.7
1982-07-12;6.95;13.22;19.5;0.0;24.6;0.8;39.5
1982-07-13;5.9;13.9;21.9;0.0;28.846;0.8;36.07
1982-07-14;9.39;15.75;22.1;0.0;22.898;0.7;41.0
1982-07-15;12.88;15.74;18.6;0.0;13.632;0.6;69.5
1982-07-16;13.3;16.4;19.5;9.17;17.372;0.7;72.83
1982-07-17;12.4;13.21;14.02;10.3;3.491;1.4;91.51
1982-07-18;10.8;13.42;16.04;0.0;14.7;1.4;50.3
1982-07-19;8.0;13.35;18.7;0.0;26.6;0.4;39.7
1982-07-20;11.65;16.32;21.0;3.0;13.675;1.18;58.84
1982-07-21;11.4;16.7;22.0;5.6;18.6;0.9;52.65
1982-07-22;12.7;15.33;17.97;3.7;17.662;1.4;76.02
1982-07-23;11.4;15.55;19.7;0.0;19.049;0.9;52.9
1982-07-24;12.7;16.6;20.5;0.0;13.9;1.0;60.58
1982-07-25;12.2;17.65;23.1;0.0;18.719;0.8;53.6
1982-07-26;12.86;19.83;26.8;0.0;19.056;0.8;49.65
1982-07-27;11.5;19.54;27.57;0.0;25.901;0.6;38.84
1982-07-28;11.0;19.76;28.51;0.0;25.6;0.5;38.51
1982-07-29;13.21;20.91;28.61;0.0;23.528;0.9;40.19
1982-07-30;17.8;19.61;21.41;1.2;9.107;1.2;74.64
1982-07-31;14.7;18.7;22.7;0.0;16.218;0.7;50.54
1982-08-01;11.8;15.65;19.5;2.3;13.039;1.0;65.46
1982-08-02;11.2;15.2;19.2;0.0;19.062;0.9;56.53
1982-08-03;8.24;13.92;19.6;0.0;15.294;0.6;48.4
1982-08-04;7.32;13.21;19.1;0.0;12.6;0.4;50.71
1982-08-05;13.8;15.65;17.5;21.49;3.959;1.3;85.63
1982-08-06;11.6;14.48;17.37;19.69;10.195;1.0;81.6
1982-08-07;11.47;15.34;19.2;3.4;16.197;0.9;53.81
1982-08-08;10.68;12.84;15.0;0.0;8.629;0.9;69.54
1982-08-09;8.98;13.64;18.3;0.0;16.3;0.5;45.84
1982-08-10;9.65;15.82;22.0;0.0;21.81;1.0;42.51
1982-08-11;9.8;15.0;20.2;4.73;15.6;0.9;66.1
1982-08-12;9.7;13.59;17.48;1.1;16.9;1.0;61.69
1982-08-13;11.2;15.7;20.2;0.0;20.1;1.3;52.49
1982-08-14;12.71;16.2;19.7;0.0;16.344;1.11;65.82
1982-08-15;12.12;15.11;18.1;2.3;5.3;0.8;82.23
1982-08-16;12.5;14.9;17.3;2.93;9.577;1.0;81.75
1982-08-17;11.09;13.74;16.4;2.5;8.836;0.9;64.45
1982-08-18;10.1;12.15;14.2;2.0;7.845;1.0;79.63
1982-08-19;9.6;12.9;16.2;0.0;14.946;0.7;59.58
1982-08-20;11.2;13.4;15.6;10.03;6.395;0.19;90.29
1982-08-21;11.5;13.2;14.89;9.26;6.9;1.1;88.76
1982-08-22;11.86;13.33;14.8;5.03;6.711;0.4;90.18
1982-08-23;8.8;12.65;16.5;0.0;12.6;0.3;67.4
1982-08-24;9.1;11.06;13.02;0.0;7.9;0.6;84.36
1982-08-25;8.4;11.19;13.98;0.0;11.1;0.8;52.2
1982-08-26;10.41;13.24;16.07;5.21;5.899;1.1;73.58
1982-08-27;10.6;13.7;16.8;11.8;9.197;1.3;82.89
1982-08-28;12.7;15.15;17.6;11.11;9.187;0.9;88.11
1982-08-29;9.15;12.07;15.0;12.93;10.25;0.9;81.34
1982-08-30;9.2;13.0;16.8;4.5;14.6;1.2;60.4
1982-08-31;9.81;13.75;17.7;0.0;11.9;1.3;67.33
1982-09-01;9.9;12.71;15.53;3.7;8.3;0.9;81.62
1982-09-02;10.01;12.16;14.3;7.2;5.695;1.0;89.6
1982-09-03;11.74;13.28;14.81;15.9;6.7;1.1;90.2
1982-09-04;6.5;10.3;14.1;1.4;9.926;1.0;67.25
1982-09-05;5.0;7.88;10.75;0.0;13.2;1.22;41.74
1982-09-06;1.9;6.25;10.6;0.0;12.9;0.7;38.53
1982-09-07;2.1;6.6;11.1;0.0;6.2;0.4;64.61
1982-09-08;5.82;8.46;11.1;12.99;3.072;0.9;89.53
1982-09-09;3.33;7.16;10.99;0.0;5.893;1.0;89.78
1982-09-10;3.3;8.15;13.0;6.03;5.6;1.3;61.62
1982-09-11;6.61;9.15;11.7;8.69;4.9;1.2;88.01
1982-09-12;2.07;7.33;12.59;0.0;10.9;0.8;50.38
1982-09-13;1.6;5.95;10.3;0.0;11.8;1.0;51.4
1982-09-14;3.2;6.95;10.69;0.0;12.6;0.5;49.0
1982-09-15;4.6;7.39;10.18;0.0;8.5;1.2;65.05
1982-09-16;8.5;10.8;13.1;1.8;6.4;1.1;80.87
1982-09-17;3.3;7.75;12.2;2.2;6.6;0.7;72.56
1982-09-18;2.39;7.64;12.89;3.09;9.1;1.1;63.26
1982-09-19;11.1;13.0;14.9;0.0;12.1;1.6;68.99
1982-09-20;6.24;9.82;13.4;0.0;12.7;1.4;54.05
1982-09-21;5.1;9.06;13.02;0.0;9.1;1.1;57.52
1982-09-22;5.7;9.4;13.1;4.0;5.3;1.2;83.57
1982-09-23;5.92;10.27;14.61;3.79;2.209;1.53;80.14
1982-09-24;7.43;10.12;12.8;0.0;10.5;1.7;49.56
1982-09-25;0.6;7.1;13.6;0.0;11.0;0.9;45.86
1982-09-26;0.4;6.11;11.82;0.0;7.4;0.4;64.8
1982-09-27;7.3;10.15;13.0;0.0;4.7;0.4;85.55
1982-09-28;7.4;12.46;17.53;0.0;9.975;1.0;60.01
1982-09-29;6.9;12.8;18.69;0.0;9.3;0.9;62.06
1982-09-30;5.89;12.21;18.54;0.0;9.5;0.9;56.6
1982-10-01;3.9;8.97;14.05;0.0;9.7;0.85;67.1
1982-10-02;3.86;9.23;14.61;0.0;7.3;0.8;60.91
1982-10-03;11.39;14.35;17.3;0.0;4.9;0.8;81.39
1982-10-04;8.01;11.86;15.71;0.0;9.1;1.1;63.2
1982-10-05;3.6;9.21;14.81;0.0;5.3;1.0;74.58
1982-10-06;6.1;9.5;12.91;0.0;7.812;0.9;80.57
1982-10-07;9.28;11.09;12.9;0.0;6.8;1.6;77.0
1982-10-08;6.0;8.82;11.63;3.54;2.7;1.5;75.3
1982-10-09;-2.9;1.75;6.4;0.0;7.993;0.9;53.5
1982-10-10;-3.48;3.17;9.82;8.8;6.8;1.0;42.89
1982-10-11;5.3;9.46;13.61;1.7;3.4;1.5;88.4
1982-10-12;-0.6;3.47;7.53;0.0;7.3;0.5;53.65
1982-10-13;1.9;6.25;10.6;0.0;2.0;1.5;54.08
1982-10-14;8.6;12.02;15.43;0.0;6.8;1.4;62.09
1982-10-15;8.5;12.02;15.53;0.0;6.0;1.3;71.7
1982-10-16;2.48;8.08;13.69;3.0;1.356;1.41;86.61
1982-10-17;0.3;5.1;9.9;0.0;5.619;0.7;62.27
1982-10-18;5.83;8.82;11.81;0.0;4.3;1.5;66.94
1982-10-19;6.9;9.35;11.8;0.0;4.7;1.4;70.3
1982-10-20;8.12;10.44;12.76;0.0;1.7;1.67;88.3
1982-10-21;7.11;11.27;15.42;3.2;3.812;1.7;83.2
1982-10-22;1.7;4.8;7.9;0.0;3.9;1.0;74.8
1982-10-23;1.9;5.4;8.9;0.0;4.0;0.94;69.11
1982-10-24;4.7;7.0;9.3;0.0;2.9;1.0;64.19
1982-10-25;2.2;4.65;7.1;21.19;4.6;1.1;83.18
1982-10-26;6.4;7.15;7.9;0.0;2.1;1.4;87.5
1982-10-27;5.5;7.5;9.5;7.49;1.1;1.5;86.0
1982-10-28;-0.35;4.28;8.9;0.0;2.8;1.2;64.98
1982-10-29;-2.54;0.68;3.9;0.0;3.8;0.3;77.8
1982-10-30;-0.68;1.11;2.9;7.45;3.8;1.0;87.2
1982-10-31;2.31;2.5;2.7;22.67;1.4;1.9;90.4
1982-11-01;0.46;2.68;4.9;6.1;3.601;1.2;67.39
1982-11-02;0.2;2.85;5.5;0.0;1.8;1.5;70.3
1982-11-03;-2.3;1.22;4.74;2.74;3.1;0.6;80.18
1982-11-04;4.33;4.77;5.2;2.78;1.1;0.6;91.3
1982-11-05;1.8;2.63;3.45;2.5;2.0;1.4;87.4
1982-11-06;1.8;3.7;5.6;3.5;1.1;1.8;76.87
1982-11-07;6.3;7.7;9.1;4.99;0.6;1.4;88.6
1982-11-08;7.12;8.41;9.7;0.0;1.6;1.3;86.7
1982-11-09;0.23;4.07;7.9;2.5;2.1;1.0;84.4
1982-11-10;-1.99;0.26;2.5;0.0;1.9;0.8;84.1
1982-11-11;-3.0;-1.78;-0.57;0.0;2.2;0.4;89.4
1982-11-12;-2.89;0.43;3.74;0.0;1.6;0.3;76.29
1982-11-13;-4.36;-2.53;-0.7;0.0;2.2;0.5;88.2
1982-11-14;-0.6;0.25;1.1;0.0;1.772;0.4;88.2
1982-11-15;-1.3;-0.29;0.72;0.0;2.3;0.8;86.4
1982-11-16;-1.8;-0.59;0.61;0.0;1.3;1.3;84.1
1982-11-17;-1.05;-0.23;0.6;0.0;1.2;1.3;81.5
1982-11-18;-4.53;-2.72;-0.9;0.0;1.7;1.1;68.93
1982-11-19;-4.6;-2.9;-1.2;0.0;1.5;0.9;67.03
1982-11-20;-2.3;-1.55;-0.8;0.0;1.1;0.4;89.5
1982-11-21;-3.0;-1.25;0.5;0.0;1.7;0.14;87.9
1982-11-22;-3.1;-1.15;0.8;0.0;1.3;0.6;85.2
1982-11-23;-4.41;-1.71;1.0;0.0;1.6;0.5;84.7
1982-11-24;-6.0;-3.95;-1.9;0.0;1.3;0.2;86.58
1982-11-25;-4.65;-3.13;-1.6;0.0;1.5;0.4;89.7
1982-11-26;-3.0;-0.55;1.9;0.0;1.0;1.0;84.4
1982-11-27;-2.47;0.21;2.9;0.0;1.2;1.3;82.45
1982-11-28;-4.77;-1.43;1.9;3.3;1.0;0.5;76.77
1982-11-29;0.4;1.35;2.3;4.9;0.7;1.1;87.79
1982-11-30;-0.15;0.83;1.8;0.0;0.9;0.46;87.6
1982-12-01;-1.97;-0.55;0.87;0.0;1.2;1.2;84.3
1982-12-02;-2.0;-1.05;-0.1;3.56;0.7;1.8;84.1
1982-12-03;-0.8;0.75;2.3;8.45;0.4;2.0;83.8
1982-12-04;-0.09;1.06;2.2;1.2;0.6;1.6;84.87
1982-12-05;-3.82;-1.61;0.6;0.0;0.8;1.8;67.01
1982-12-06;-4.58;-2.66;-0.74;2.91;0.6;1.64;70.39
1982-12-07;-6.2;-3.5;-0.8;0.0;0.7;1.3;82.5
1982-12-08;-12.7;-8.95;-5.2;0.0;1.1;1.3;69.59
1982-12-09;-15.8;-13.1;-10.4;0.0;0.8;0.3;88.51
1982-12-10;-12.75;-8.95;-5.15;0.0;0.9;1.3;70.8
1982-12-11;-6.12;-2.91;0.3;3.7;0.5;1.6;78.25
1982-12-12;-7.7;-3.87;-0.04;0.0;0.6;1.1;78.26
1982-12-13;-9.57;-7.2;-4.83;0.0;0.7;1.1;77.2
1982-12-14;-6.7;-5.63;-4.56;0.0;0.7;1.3;82.01
1982-12-15;-12.15;-8.61;-5.06;0.0;0.6;1.5;69.59
1982-12-16;-16.01;-11.61;-7.2;0.0;0.6;0.98;59.3
1982-12-17;-12.1;-8.4;-4.7;0.0;0.5;0.6;76.76
1982-12-18;-11.7;-7.85;-4.01;0.0;0.5;0.9;73.24
1982-12-19;-6.8;-4.15;-1.5;2.5;0.5;2.1;55.31
1982-12-20;-2.3;-0.4;1.5;7.1;0.4;2.5;82.97
1982-12-21;0.3;1.05;1.81;7.2;0.4;1.7;86.39
1982-12-22;-2.72;-0.48;1.77;0.0;0.5;1.6;72.68
1982-12-23;-2.65;-1.43;-0.2;6.4;0.4;1.0;86.0
1982-12-24;-1.3;-0.3;0.7;2.2;0.5;0.7;87.6
1982-12-25;-2.3;-0.5;1.3;1.7;0.4;1.0;84.6
1982-12-26;-2.9;-1.25;0.4;1.7;0.5;0.5;85.59
1982-12-27;-10.72;-5.71;-0.7;0.0;0.5;0.8;66.39
1982-12-28;-11.01;-9.15;-7.3;0.0;0.5;0.13;85.1
1982-12-29;-11.09;-8.3;-5.51;0.0;0.8;1.1;85.38
1982-12-30;-6.8;-4.2;-1.6;0.0;0.5;0.9;79.29
1982-12-31;-2.3;-0.99;0.31;0.0;0.5;0.7;85.37
1983-01-01;-1.1;0.05;1.2;0.0;0.6;1.4;84.0
1983-01-02;-7.36;-2.93;1.5;0.0;0.5;0.9;80.68
1983-01-03;-4.8;-4.08;-3.35;0.0;0.5;1.51;83.0
1983-01-04;-10.4;-7.3;-4.2;0.0;0.6;1.5;57.03
1983-01-05;-11.05;-9.7;-8.34;0.0;0.8;1.0;82.8
1983-01-06;-14.31;-10.5;-6.69;0.0;0.9;0.2;79.5
1983-01-07;-11.9;-5.7;0.5;2.8;0.7;1.3;42.64
1983-01-08;-5.84;-1.87;2.1;5.86;0.9;1.7;78.8
1983-01-09;-1.87;0.11;2.1;0.0;0.9;1.7;81.5
1983-01-10;-4.1;-1.35;1.4;5.1;1.3;1.7;64.59
1983-01-11;-0.42;1.6;3.62;1.9;0.6;2.1;79.61
1983-01-12;-0.9;1.07;3.05;4.1;1.3;1.6;72.78
1983-01-13;0.86;2.86;4.86;8.54;0.9;2.1;77.14
1983-01-14;-4.6;-1.65;1.3;0.0;1.2;1.7;49.97
1983-01-15;-1.0;1.71;4.43;5.1;0.5;1.9;83.6
1983-01-16;1.8;3.1;4.41;0.0;0.7;1.4;84.0
1983-01-17;-0.63;0.71;2.05;0.0;1.1;0.3;84.0
1983-01-18;-4.48;-2.14;0.2;0.0;1.3;1.1;74.55
1983-01-19;-4.1;-1.6;0.9;0.0;1.0;1.2;77.66
1983-01-20;-1.7;0.45;2.6;4.06;0.5;1.9;81.1
1983-01-21;0.3;1.4;2.5;9.77;0.5;1.9;84.5
1983-01-22;-3.28;-0.69;1.9;0.0;1.3;1.4;81.93
1983-01-23;-2.0;0.15;2.3;0.0;1.2;1.8;79.5
1983-01-24;2.0;3.5;5.0;3.0;0.7;2.0;84.1
1983-01-25;1.0;2.92;4.84;0.0;1.2;1.1;84.5
1983-01-26;1.1;3.0;4.9;0.0;0.9;1.0;83.11
1983-01-27;0.83;2.74;4.65;0.0;1.232;0.4;84.5
1983-01-28;-1.67;0.24;2.15;2.8;1.8;1.4;80.22
1983-01-29;-1.7;-0.25;1.2;1.7;1.0;1.7;82.52
1983-01-30;0.4;1.15;1.9;6.92;1.3;1.5;83.6
1983-01-31;0.31;2.2;4.1;1.6;0.9;1.8;82.6
1983-02-01;-2.3;-0.4;1.5;0.0;3.0;1.3;79.2
1983-02-02;-0.69;0.51;1.7;0.0;2.0;1.0;83.3
1983-02-03;-1.1;0.85;2.8;3.7;3.0;1.8;74.66
1983-02-04;2.0;3.28;4.56;6.0;0.682;1.8;85.2
1983-02-05;1.87;3.39;4.9;8.7;1.3;2.2;79.2
1983-02-06;1.82;3.12;4.41;8.56;1.6;2.5;78.32
1983-02-07;-4.1;0.19;4.48;3.44;2.7;1.7;70.2
1983-02-08;-3.78;-1.34;1.1;0.0;2.666;1.1;81.65
1983-02-09;-0.9;0.35;1.6;1.1;1.864;1.82;75.85
1983-02-10;-3.69;-1.65;0.4;0.0;4.216;1.1;66.53
1983-02-11;-4.58;-1.79;1.0;0.0;1.9;0.6;76.3
1983-02-12;-4.29;-1.59;1.1;1.7;1.4;1.1;83.3
1983-02-13;0.7;1.35;2.01;0.0;2.2;1.0;84.51
1983-02-14;-0.7;0.55;1.8;0.0;2.571;0.5;83.71
1983-02-15;-2.6;-1.0;0.6;1.4;2.3;1.1;80.0
1983-02-16;-6.05;-4.22;-2.4;1.88;4.0;1.3;74.28
1983-02-17;-7.02;-3.56;-0.1;1.2;2.2;1.0;76.9
1983-02-18;-3.0;-1.75;-0.51;0.0;3.8;2.2;74.92
1983-02-19;-4.53;-2.87;-1.2;5.63;2.5;2.61;72.29
1983-02-20;-3.58;-2.1;-0.61;1.8;3.2;1.6;79.7
1983-02-21;-10.32;-6.71;-3.1;0.0;5.2;1.3;76.7
1983-02-22;-13.6;-10.38;-7.16;0.0;5.3;1.0;81.4
1983-02-23;-13.75;-9.22;-4.7;0.0;5.0;0.8;74.16
1983-02-24;-15.2;-10.5;-5.8;0.0;5.7;0.2;75.0
1983-02-25;-16.38;-11.39;-6.4;0.0;6.9;0.8;70.79
1983-02-26;-16.69;-11.39;-6.1;0.0;6.453;0.75;74.33
1983-02-27;-14.41;-8.41;-2.42;0.0;7.0;1.0;58.16
1983-02-28;-6.8;-3.0;0.8;0.0;4.4;1.0;80.42
1983-03-01;-7.21;-3.15;0.9;2.0;2.8;1.62;78.4
1983-03-02;-5.5;-2.15;1.2;0.0;5.5;1.37;81.72
1983-03-03;-5.5;-2.4;0.7;0.0;4.3;0.5;82.53
1983-03-04;-1.97;-0.43;1.1;4.7;0.616;1.7;84.3
1983-03-05;-3.08;-0.9;1.29;8.49;3.809;1.8;82.6
1983-03-06;-1.32;-0.41;0.5;2.0;6.4;2.1;81.1
1983-03-07;-7.78;-3.24;1.3;0.0;7.3;1.5;75.12
1983-03-08;-8.7;-3.7;1.29;0.0;9.3;0.8;63.37
1983-03-09;-8.61;-3.77;1.07;0.0;7.3;0.8;75.66
1983-03-10;-5.0;-1.54;1.91;0.0;9.403;1.0;72.4
1983-03-11;-3.6;-0.5;2.6;0.0;10.4;1.7;74.17
1983-03-12;-1.31;1.16;3.63;2.0;4.1;1.81;81.4
1983-03-13;4.47;8.87;13.27;2.2;9.5;2.01;75.11
1983-03-14;0.6;4.63;8.65;0.0;9.39;1.3;77.7
1983-03-15;0.13;3.23;6.34;4.9;0.95;1.8;79.7
1983-03-16;-1.07;2.91;6.89;4.57;9.7;1.4;73.4
1983-03-17;-2.07;1.22;4.51;0.0;6.1;1.5;78.3
1983-03-18;-1.92;2.17;6.25;0.0;9.4;0.8;72.78
1983-03-19;-1.3;1.25;3.8;1.9;6.3;1.2;81.21
1983-03-20;-2.6;2.1;6.8;0.0;10.312;0.9;70.7
1983-03-21;-3.56;1.47;6.5;0.0;11.2;0.7;65.05
1983-03-22;-1.6;1.32;4.24;0.0;8.8;1.3;77.11
1983-03-23;-1.1;1.14;3.38;2.4;7.0;1.5;80.79
1983-03-24;-3.2;0.8;4.8;0.0;12.9;0.4;65.8
1983-03-25;-4.44;0.86;6.17;0.0;14.564;0.34;37.64
1983-03-26;-2.0;2.0;6.0;2.3;7.7;1.5;73.04
1983-03-27;1.28;3.87;6.46;3.2;10.091;1.8;73.8
1983-03-28;-0.26;1.92;4.1;2.35;4.899;1.8;83.24
1983-03-29;-2.0;3.0;8.0;0.0;15.2;0.9;39.46
1983-03-30;-1.8;1.6;5.0;0.0;7.5;1.0;75.73
1983-03-31;2.19;4.45;6.7;0.0;7.78;1.0;77.58
1983-04-01;-1.8;2.01;5.82;0.0;11.273;0.7;65.79
1983-04-02;-2.7;1.3;5.3;0.0;13.017;1.1;47.65
1983-04-03;-2.32;0.89;4.1;0.0;16.207;1.2;37.27
1983-04-04;-3.8;-0.2;3.4;0.0;16.206;1.2;29.59
1983-04-05;-2.3;0.95;4.2;0.0;8.891;1.6;52.83
1983-04-06;-1.5;2.56;6.63;0.0;14.9;1.4;44.1
1983-04-07;0.4;4.15;7.9;0.0;12.6;1.7;44.1
1983-04-08;0.66;1.98;3.3;0.0;7.0;1.3;81.02
1983-04-09;-1.0;3.15;7.3;0.0;10.53;0.4;55.76
1983-04-10;-2.0;2.2;6.4;0.0;12.309;0.5;48.62
1983-04-11;-1.27;5.07;11.4;0.0;13.3;0.9;37.02
1983-04-12;1.71;6.96;12.2;0.0;12.169;0.8;41.58
1983-04-13;4.62;6.02;7.41;1.9;10.4;1.3;69.56
1983-04-14;4.64;7.03;9.41;0.0;6.7;1.0;73.36
1983-04-15;3.77;4.36;4.95;0.0;7.8;0.6;80.3
1983-04-16;2.9;5.0;7.1;0.0;10.6;0.3;63.14
1983-04-17;-2.1;0.84;3.78;0.0;9.906;1.51;44.94
1983-04-18;-5.07;-1.14;2.79;0.0;18.018;1.0;24.33
1983-04-19;-5.88;-1.04;3.8;0.0;19.8;0.4;24.09
1983-04-20;-3.12;1.09;5.3;0.0;19.618;1.6;30.2
1983-04-21;2.4;4.2;6.0;8.96;4.473;2.1;65.96
1983-04-22;5.91;10.16;14.4;0.0;13.027;1.79;59.53
1983-04-23;3.6;9.7;15.8;0.0;19.7;1.3;42.98
1983-04-24;2.9;9.55;16.2;0.0;22.0;1.2;37.0
1983-04-25;2.9;9.74;16.59;0.0;13.1;1.2;42.95
1983-04-26;4.76;8.0;11.25;4.1;9.194;1.61;71.2
1983-04-27;4.3;7.65;11.0;0.0;16.223;1.01;51.31
1983-04-28;2.4;7.5;12.6;0.0;12.594;0.4;49.41
1983-04-29;0.5;6.1;11.7;0.0;21.603;1.1;32.2
1983-04-30;0.35;5.08;9.8;0.0;21.008;1.1;30.6
1983-05-01;-2.12;4.54;11.2;0.0;23.7;0.7;29.28
1983-05-02;-2.08;6.29;14.67;0.0;24.8;0.84;30.5
1983-05-03;2.36;7.88;13.4;0.0;18.477;1.3;36.81
1983-05-04;1.5;6.61;11.71;0.0;20.7;1.2;33.29
1983-05-05;3.0;6.75;10.5;0.0;12.721;1.3;43.83
1983-05-06;2.3;7.41;12.52;0.0;20.3;1.2;40.4
1983-05-07;3.5;6.95;10.4;0.0;25.5;1.76;35.21
1983-05-08;-0.6;5.23;11.05;0.0;25.6;1.3;30.36
1983-05-09;-2.9;5.6;14.1;0.0;25.6;0.6;25.4
1983-05-10;0.43;8.02;15.6;0.0;25.61;0.9;25.09
1983-05-11;0.5;10.21;19.93;0.0;25.503;0.6;30.0
1983-05-12;1.7;10.87;20.03;0.0;24.448;0.9;30.0
1983-05-13;1.88;6.39;10.9;0.0;26.574;1.41;24.4
1983-05-14;0.41;4.94;9.46;0.0;22.714;1.0;26.3
1983-05-15;0.2;5.25;10.3;0.0;22.026;0.7;29.6
1983-05-16;-1.3;5.4;12.1;0.0;27.086;0.5;23.59
1983-05-17;-0.7;6.09;12.88;0.0;26.803;0.9;24.9
1983-05-18;0.5;6.05;11.6;0.0;19.8;0.8;35.7
1983-05-19;-0.7;6.58;13.86;0.0;27.6;0.5;25.1
1983-05-20;-0.7;7.92;16.54;0.0;27.591;0.4;26.39
1983-05-21;1.5;9.85;18.2;0.0;23.437;0.6;29.64
1983-05-22;10.8;15.26;19.71;0.0;15.898;0.5;40.66
1983-05-23;12.24;16.82;21.4;0.0;20.275;1.1;40.8
1983-05-24;13.5;18.75;24.0;1.94;10.981;1.3;49.6
1983-05-25;15.03;20.18;25.34;0.0;13.833;0.8;50.82
1983-05-26;13.87;20.73;27.6;2.0;20.413;1.0;45.71
1983-05-27;7.6;15.45;23.3;0.0;16.5;0.7;58.74
1983-05-28;7.61;11.3;15.0;5.36;4.677;0.8;86.14
1983-05-29;7.4;12.59;17.79;0.0;11.198;0.8;55.7
1983-05-30;8.01;12.45;16.9;0.0;15.043;1.1;49.41
1983-05-31;8.2;10.15;12.1;4.9;12.175;0.6;85.02
1983-06-01;8.2;12.7;17.2;0.0;21.267;0.5;40.21
1983-06-02;11.0;14.71;18.42;0.0;17.244;1.3;50.39
1983-06-03;8.0;14.62;21.23;0.0;29.2;1.3;33.2
1983-06-04;6.8;14.02;21.23;0.0;28.611;1.1;32.1
1983-06-05;5.7;12.15;18.6;0.0;28.7;1.1;33.11
1983-06-06;4.8;11.0;17.2;0.0;28.9;1.2;33.0
1983-06-07;3.8;9.08;14.36;0.0;26.583;1.12;33.52
1983-06-08;3.0;8.5;14.0;1.6;23.8;1.0;34.5
1983-06-09;8.41;10.32;12.24;15.86;7.496;1.2;82.04
1983-06-10;7.53;9.56;11.6;2.0;7.439;1.0;80.67
1983-06-11;5.8;10.15;14.5;0.0;29.5;1.2;31.6
1983-06-12;5.2;9.84;14.48;0.0;28.9;1.1;31.7
1983-06-13;5.4;10.7;16.0;0.0;28.3;1.0;33.21
1983-06-14;2.61;9.01;15.4;3.7;22.513;0.7;41.66
1983-06-15;2.0;10.25;18.5;1.39;23.397;0.4;34.63
1983-06-16;6.8;11.45;16.1;0.0;22.216;0.8;45.01
1983-06-17;7.86;11.93;16.0;1.94;19.57;0.7;44.81
1983-06-18;7.91;12.26;16.6;0.0;21.5;1.0;45.63
1983-06-19;7.2;11.99;16.78;0.0;19.6;0.9;40.4
1983-06-20;6.6;13.55;20.5;0.0;20.833;0.8;40.57
1983-06-21;9.1;15.55;22.0;0.0;20.216;1.0;42.5
1983-06-22;13.07;13.94;14.8;16.17;6.166;0.4;95.63
1983-06-23;11.5;15.65;19.8;0.0;22.89;0.8;47.53
1983-06-24;8.6;13.1;17.6;0.0;22.6;0.9;40.1
1983-06-25;7.29;12.14;17.0;0.0;25.722;0.9;40.0
1983-06-26;6.7;10.09;13.48;8.7;18.7;0.9;69.45
1983-06-27;10.9;12.6;14.3;1.27;8.991;0.6;76.47
1983-06-28;7.49;11.39;15.29;4.6;16.912;0.7;58.73
1983-06-29;6.8;12.0;17.19;4.6;16.8;0.5;50.36
1983-06-30;7.2;13.45;19.7;2.4;22.581;0.5;47.89
1983-07-01;6.69;14.05;21.41;0.0;25.941;0.3;39.96
1983-07-02;8.25;15.18;22.1;0.0;29.105;0.8;35.9
1983-07-03;7.48;15.26;23.03;0.0;28.306;0.7;33.4
1983-07-04;9.2;16.3;23.4;0.0;27.878;1.1;36.2
1983-07-05;14.65;16.63;18.6;10.76;9.802;1.3;88.72
1983-07-06;10.65;14.77;18.9;10.69;14.537;1.2;72.85
1983-07-07;10.7;12.77;14.83;5.91;9.866;1.0;76.4
1983-07-08;10.5;14.31;18.12;3.74;17.978;0.6;60.38
1983-07-09;12.1;14.45;16.79;7.1;12.093;0.8;76.43
1983-07-10;12.7;14.29;15.87;5.5;6.998;0.9;83.72
1983-07-11;10.8;14.79;18.79;4.6;16.9;1.0;67.55
1983-07-12;8.9;14.2;19.5;0.0;19.882;0.3;54.48
1983-07-13;12.9;15.3;17.7;8.7;8.932;1.2;72.41
1983-07-14;11.27;16.69;22.1;2.37;25.105;0.9;46.31
1983-07-15;9.86;15.68;21.5;4.4;20.046;0.6;50.62
1983-07-16;11.2;15.24;19.28;0.0;13.834;0.2;61.98
1983-07-17;10.61;15.71;20.8;2.8;18.6;0.7;53.31
1983-07-18;8.5;15.25;22.0;0.0;25.809;0.56;43.3
1983-07-19;7.5;14.11;20.71;0.0;20.9;0.5;42.0
1983-07-20;6.14;14.02;21.9;0.0;24.354;0.2;39.89
1983-07-21;12.2;18.25;24.3;0.0;25.567;0.7;42.15
1983-07-22;14.31;18.96;23.61;2.8;17.487;0.82;52.1
1983-07-23;14.7;16.55;18.4;47.09;12.088;0.6;89.7
1983-07-24;14.7;15.95;17.2;48.43;10.797;1.56;89.76
1983-07-25;11.7;15.45;19.19;4.32;16.6;1.3;60.98
1983-07-26;11.53;16.16;20.8;0.0;22.208;0.9;49.77
1983-07-27;11.2;17.01;22.82;0.0;21.61;0.5;47.4
1983-07-28;11.61;18.01;24.41;0.0;17.817;0.2;45.4
1983-07-29;14.8;18.41;22.03;0.0;13.5;0.1;66.1
1983-07-30;13.8;17.5;21.2;0.0;14.769;0.2;58.2
1983-07-31;11.5;15.27;19.03;0.0;19.2;0.5;48.68
1983-08-01;10.9;15.2;19.5;0.0;19.9;0.6;45.88
1983-08-02;10.15;16.02;21.9;0.0;22.706;0.9;42.2
1983-08-03;13.8;19.45;25.1;2.5;24.2;1.5;44.5
1983-08-04;16.61;20.25;23.9;0.0;24.757;1.3;56.91
1983-08-05;16.58;19.71;22.85;10.0;11.8;0.8;82.03
1983-08-06;11.58;16.99;22.4;1.2;6.198;1.8;52.71
1983-08-07;9.7;14.05;18.4;0.0;24.36;1.0;44.9
1983-08-08;10.8;11.72;12.64;16.5;6.999;0.8;90.27
1983-08-09;7.0;12.5;18.0;0.0;21.9;0.7;46.15
1983-08-10;5.96;12.38;18.8;0.0;19.935;0.5;43.73
1983-08-11;12.3;19.34;26.37;0.0;23.401;1.54;40.2
1983-08-12;14.3;17.95;21.6;14.33;16.052;1.2;70.17
1983-08-13;12.71;15.63;18.55;11.41;7.098;0.7;73.6
1983-08-14;8.1;12.8;17.5;0.0;19.0;0.9;51.2
1983-08-15;6.54;10.42;14.3;4.1;8.786;0.8;66.09
1983-08-16;9.3;11.44;13.58;0.0;12.48;1.2;52.83
1983-08-17;7.1;10.55;14.01;0.0;18.5;0.8;41.29
1983-08-18;6.2;8.6;11.0;2.0;16.9;1.13;52.39
1983-08-19;6.6;9.6;12.6;0.0;16.6;1.2;46.75
1983-08-20;4.6;9.5;14.4;0.0;19.672;0.7;39.61
1983-08-21;2.45;9.32;16.2;1.6;13.502;0.7;47.7
1983-08-22;10.6;13.75;16.9;3.65;12.91;1.0;75.81
1983-08-23;7.29;11.48;15.67;0.0;17.1;1.1;51.9
1983-08-24;8.1;13.95;19.8;0.0;12.688;0.8;49.3
1983-08-25;12.7;17.73;22.75;0.0;16.4;1.5;56.0
1983-08-26;8.36;12.78;17.2;7.91;13.4;1.2;60.21
1983-08-27;7.6;11.8;16.0;0.0;14.7;0.8;47.1
1983-08-28;4.6;9.45;14.3;4.51;12.579;0.5;60.33
1983-08-29;4.03;10.27;16.5;0.0;15.6;0.4;43.73
1983-08-30;8.0;11.55;15.1;0.0;13.3;0.8;52.8
1983-08-31;8.1;10.2;12.3;4.5;3.399;1.0;86.67
1983-09-01;9.6;11.55;13.5;0.0;6.398;0.8;88.5
1983-09-02;9.9;12.35;14.8;2.3;10.867;1.1;77.36
1983-09-03;7.34;11.47;15.6;0.0;11.379;0.3;50.66
1983-09-04;3.9;9.0;14.1;0.0;16.2;0.6;43.67
1983-09-05;2.1;8.14;14.18;0.0;17.3;0.4;36.1
1983-09-06;2.4;8.1;13.8;1.8;10.2;0.4;48.38
1983-09-07;1.3;6.95;12.6;0.0;9.155;0.5;53.17
1983-09-08;0.4;6.55;12.7;0.0;11.1;0.5;49.0
1983-09-09;6.4;10.05;13.7;3.75;5.3;1.2;66.23
1983-09-10;6.0;9.16;12.32;0.0;14.2;1.2;52.64
1983-09-11;4.8;8.05;11.3;0.0;13.8;1.3;45.3
1983-09-12;4.2;8.3;12.4;0.0;11.4;1.2;43.85
1983-09-13;3.2;6.5;9.8;0.0;14.746;1.2;36.37
1983-09-14;3.15;7.92;12.7;0.0;14.682;1.0;42.26
1983-09-15;3.5;9.9;16.31;0.0;15.304;1.2;47.39
1983-09-16;6.2;9.6;13.0;1.4;6.0;0.6;87.91
1983-09-17;3.5;7.65;11.8;0.0;14.2;0.9;45.14
1983-09-18;3.5;7.82;12.13;1.53;10.808;1.3;50.34
1983-09-19;6.5;10.8;15.1;1.91;10.1;0.4;81.18
1983-09-20;11.32;12.31;13.3;0.0;3.8;0.4;92.33
1983-09-21;11.1;12.69;14.28;0.0;9.7;1.2;76.02
1983-09-22;6.5;9.6;12.7;0.0;12.4;1.0;60.18
1983-09-23;8.8;11.3;13.81;0.0;12.684;1.3;53.7
1983-09-24;9.0;13.15;17.31;0.0;8.0;1.3;54.85
1983-09-25;5.26;8.63;12.0;0.0;7.201;0.8;51.93
1983-09-26;9.8;12.15;14.5;5.91;4.6;0.6;89.3
1983-09-27;8.8;11.9;15.0;1.7;6.4;0.8;88.21
1983-09-28;7.8;8.74;9.69;13.92;2.2;1.1;93.76
1983-09-29;6.98;7.49;8.0;1.2;1.8;1.01;92.34
1983-09-30;3.6;5.8;8.0;2.67;5.393;1.2;89.51
1983-10-01;2.67;5.23;7.8;0.0;6.8;0.9;76.47
1983-10-02;-1.3;2.6;6.49;0.0;4.884;0.8;75.09
1983-10-03;-2.72;1.77;6.26;0.0;5.9;0.8;50.13
1983-10-04;-1.3;3.65;8.6;0.0;9.044;1.1;45.77
1983-10-05;3.1;6.24;9.38;0.0;6.929;1.0;56.32
1983-10-06;4.66;6.33;8.0;0.0;4.0;1.1;88.2
1983-10-07;5.34;7.72;10.1;5.06;3.6;1.79;85.7
1983-10-08;5.18;7.75;10.32;0.0;8.315;1.5;57.34
1983-10-09;5.5;7.75;10.01;0.0;3.739;1.2;81.6
1983-10-10;7.25;8.47;9.7;6.93;2.2;1.7;85.78
1983-10-11;7.13;8.87;10.6;6.84;4.2;1.8;86.66
1983-10-12;4.7;5.95;7.2;0.0;4.323;1.8;67.45
1983-10-13;5.07;6.49;7.9;0.0;3.8;1.6;60.59
1983-10-14;0.0;4.7;9.4;0.0;6.3;1.0;54.28
1983-10-15;-1.23;3.39;8.02;0.0;3.1;0.8;60.48
1983-10-16;0.02;3.51;7.0;0.0;6.0;0.6;64.79
1983-10-17;0.4;3.2;6.0;0.0;3.7;0.9;75.72
1983-10-18;3.8;4.1;4.4;0.0;2.9;1.68;86.0
1983-10-19;4.8;5.12;5.43;0.0;4.8;2.0;63.98
1983-10-20;4.5;5.2;5.9;2.4;4.157;1.94;70.3
1983-10-21;7.1;7.55;8.0;5.0;1.0;1.4;91.7
1983-10-22;7.4;8.65;9.9;0.0;3.2;1.0;89.4
1983-10-23;5.7;7.2;8.7;6.55;1.9;1.1;91.4
1983-10-24;4.4;6.7;9.0;5.21;2.8;1.4;85.9
1983-10-25;7.1;8.1;9.1;3.35;2.1;2.12;89.0
1983-10-26;1.25;5.33;9.41;5.4;3.7;1.1;76.81
1983-10-27;4.4;6.9;9.4;12.65;1.375;1.2;88.0
1983-10-28;4.12;5.26;6.4;2.85;2.2;1.4;87.4
1983-10-29;5.5;5.85;6.2;4.1;0.515;1.47;90.1
1983-10-30;2.3;4.52;6.74;0.0;2.4;1.3;89.5
1983-10-31;0.92;2.86;4.8;0.0;2.2;0.7;79.49
1983-11-01;-0.46;3.27;7.0;5.4;2.6;1.4;68.55
1983-11-02;6.8;8.1;9.4;4.9;0.967;1.9;89.6
1983-11-03;4.6;6.98;9.36;0.0;3.2;1.8;63.87
1983-11-04;2.85;4.72;6.6;0.0;2.9;1.4;69.78
1983-11-05;1.1;3.05;5.0;2.8;2.5;0.7;81.9
1983-11-06;-0.94;1.33;3.6;5.44;1.7;1.0;88.7
1983-11-07;-4.61;-2.76;-0.9;0.0;3.0;0.7;55.11
1983-11-08;-5.93;-4.75;-3.56;0.0;2.5;0.8;64.37
1983-11-09;-7.7;-6.63;-5.56;0.0;2.6;1.0;55.26
1983-11-10;-10.94;-6.72;-2.5;0.0;2.5;0.3;71.26
1983-11-11;-9.2;-4.35;0.5;0.0;2.5;1.3;63.86
1983-11-12;1.11;1.87;2.62;7.5;0.9;1.9;87.6
1983-11-13;-0.9;1.39;3.67;0.0;1.1;1.3;84.07
1983-11-14;-3.1;-1.75;-0.4;0.0;2.0;0.9;86.42
1983-11-15;-3.14;0.63;4.4;2.0;2.3;1.3;74.0
1983-11-16;5.6;6.28;6.96;11.3;0.7;2.1;88.4
1983-11-17;-0.6;2.95;6.5;3.91;1.5;1.9;73.11
1983-11-18;-1.54;-0.2;1.14;0.0;2.0;1.2;81.9
1983-11-19;2.0;2.55;3.1;3.2;1.2;1.95;82.1
1983-11-20;1.96;2.19;2.42;5.23;0.6;1.7;87.11
1983-11-21;-1.5;0.55;2.6;0.0;1.4;0.9;82.77
1983-11-22;-1.6;-0.15;1.3;0.0;1.3;0.9;84.3
1983-11-23;-1.51;-0.55;0.4;4.5;0.846;1.2;86.8
1983-11-24;-1.1;0.05;1.2;0.0;1.0;0.7;86.3
1983-11-25;-2.9;-0.78;1.33;0.0;1.0;0.7;84.5
1983-11-26;-4.74;-3.22;-1.7;0.0;0.9;0.4;88.9
1983-11-27;-7.09;-5.7;-4.3;0.0;0.9;0.5;87.56
1983-11-28;-8.68;-5.43;-2.19;0.0;0.9;0.8;82.1
1983-11-29;-5.8;-4.61;-3.42;0.0;1.2;1.3;82.6
1983-11-30;-4.13;-1.48;1.16;5.8;0.5;1.8;84.3
1983-12-01;-4.2;-1.5;1.2;0.0;0.9;0.7;85.5
1983-12-02;-4.09;-2.19;-0.3;0.0;1.0;1.1;84.8
1983-12-03;-3.1;-1.1;0.9;0.0;0.7;1.5;84.21
1983-12-04;-4.6;-2.83;-1.06;0.0;1.0;1.3;81.6
1983-12-05;-2.2;-0.65;0.9;4.1;0.4;1.0;87.6
1983-12-06;-0.2;0.52;1.23;2.0;0.5;1.7;85.51
1983-12-07;-1.31;-0.03;1.26;0.0;0.7;1.5;84.2
1983-12-08;1.09;2.29;3.5;1.7;0.5;1.7;82.83
1983-12-09;-0.2;0.8;1.8;0.0;0.5;1.7;80.56
1983-12-10;0.66;2.02;3.39;1.09;0.5;1.8;80.84
1983-12-11;2.4;3.72;5.05;5.9;0.4;1.2;86.34
1983-12-12;4.5;4.92;5.33;0.0;0.6;1.1;86.4
1983-12-13;3.6;4.2;4.8;0.0;0.5;0.8;86.4
1983-12-14;1.9;2.6;3.3;0.0;0.4;0.5;86.01
1983-12-15;-3.42;-0.66;2.1;0.0;0.7;0.4;80.88
1983-12-16;-5.92;-3.36;-0.8;0.0;0.7;0.8;79.78
1983-12-17;-6.37;-5.6;-4.82;0.0;0.6;1.3;85.2
1983-12-18;-11.12;-7.19;-3.26;0.0;0.5;1.4;65.42
1983-12-19;-14.8;-11.89;-8.97;0.0;0.7;0.62;63.89
1983-12-20;-13.86;-11.63;-9.4;0.0;0.8;0.7;82.4
1983-12-21;-15.94;-13.77;-11.6;0.0;0.5;0.6;87.3
1983-12-22;-15.1;-12.58;-10.06;0.0;0.7;0.6;77.8
1983-12-23;-14.22;-12.15;-10.08;0.0;0.8;1.2;72.7
1983-12-24;-12.98;-11.79;-10.59;0.0;0.8;1.3;82.2
1983-12-25;-12.08;-9.46;-6.83;0.0;0.6;1.8;68.15
1983-12-26;-9.5;-7.29;-5.07;1.6;0.5;0.8;77.54
1983-12-27;-16.02;-11.15;-6.28;0.0;0.8;0.5;73.79
1983-12-28;-17.48;-14.66;-11.85;0.0;0.5;0.75;82.5
1983-12-29;-14.11;-8.75;-3.4;0.0;0.7;2.17;44.84
1983-12-30;-4.6;-2.3;0.0;5.4;0.4;1.81;72.44
1983-12-31;-0.8;-0.25;0.3;0.0;0.4;0.9;89.82
1984-01-01;-5.4;-2.64;0.12;2.5;0.6;0.8;83.91
1984-01-02;-5.9;-2.81;0.28;0.0;0.7;0.5;80.9
1984-01-03;-3.51;-1.51;0.48;0.0;0.6;1.0;84.1
1984-01-04;-14.02;-8.51;-3.0;0.0;0.8;0.6;41.42
1984-01-05;-7.8;-3.35;1.1;1.1;0.7;1.2;81.17
1984-01-06;-6.3;-3.55;-0.8;0.0;1.2;1.3;72.98
1984-01-07;-6.09;-2.65;0.8;0.0;0.9;1.24;80.3
1984-01-08;-9.68;-4.19;1.3;0.0;0.8;1.3;83.71
1984-01-09;-12.02;-8.41;-4.8;0.0;1.0;0.9;74.33
1984-01-10;-13.04;-6.07;0.9;0.0;0.9;0.7;27.22
1984-01-11;-5.18;-2.09;1.0;0.0;1.2;0.9;80.62
1984-01-12;-5.3;-2.45;0.4;0.0;1.3;0.8;82.8
1984-01-13;-6.22;-3.08;0.05;0.0;1.3;1.3;69.17
1984-01-14;-8.38;-5.2;-2.02;0.0;1.5;1.0;80.89
1984-01-15;-11.3;-8.1;-4.9;0.0;1.5;0.4;83.88
1984-01-16;-17.8;-11.76;-5.71;0.0;1.0;0.8;60.08
1984-01-17;-15.47;-13.64;-11.8;0.0;1.025;0.79;84.7
1984-01-18;-19.21;-17.97;-16.73;0.0;1.5;1.1;81.8
1984-01-19;-20.41;-17.21;-14.01;0.0;1.4;0.5;71.07
1984-01-20;-17.71;-13.09;-8.46;0.0;1.7;0.8;67.52
1984-01-21;-20.53;-15.82;-11.1;0.0;1.6;1.5;81.0
1984-01-22;-20.59;-13.9;-7.21;0.0;1.6;1.1;24.8
1984-01-23;-8.1;-3.95;0.2;0.0;1.1;2.1;62.76
1984-01-24;-17.8;-10.8;-3.81;0.0;1.8;2.1;43.0
1984-01-25;-16.78;-15.11;-13.44;0.0;1.6;1.6;84.0
1984-01-26;-21.21;-17.98;-14.74;0.0;1.6;1.5;74.03
1984-01-27;-26.2;-22.18;-18.16;0.0;1.7;1.2;84.61
1984-01-28;-26.14;-18.52;-10.89;0.0;1.8;1.3;9.35
1984-01-29;-11.2;-7.57;-3.95;1.6;1.8;2.7;65.2
1984-01-30;-14.7;-10.3;-5.9;0.0;3.1;2.3;37.34
1984-01-31;-15.6;-13.25;-10.89;0.0;2.9;1.6;61.52
1984-02-01;-15.9;-13.59;-11.29;1.2;3.3;1.2;78.2
1984-02-02;-25.43;-18.67;-11.91;0.0;3.3;1.1;63.72
1984-02-03;-25.91;-19.82;-13.73;0.0;2.9;0.3;40.89
1984-02-04;-25.75;-20.93;-16.1;0.0;3.6;1.1;59.94
1984-02-05;-19.37;-14.98;-10.6;0.0;3.2;1.2;65.54
1984-02-06;-18.9;-13.4;-7.9;0.0;2.8;1.61;56.54
1984-02-07;-10.71;-6.76;-2.8;2.3;2.2;2.2;55.59
1984-02-08;-3.6;-1.3;1.0;0.0;2.2;1.2;79.76
1984-02-09;-9.3;-5.07;-0.83;0.0;4.1;1.0;68.05
1984-02-10;-9.36;-6.17;-2.99;0.0;3.6;0.4;80.19
1984-02-11;-10.87;-5.39;0.08;1.7;4.4;1.08;43.08
1984-02-12;-1.8;-0.4;1.0;0.0;2.2;1.2;84.6
1984-02-13;-1.53;-0.42;0.7;0.0;1.8;0.6;85.01
1984-02-14;-0.69;0.16;1.0;5.59;3.7;1.8;84.7
1984-02-15;-0.3;0.75;1.8;1.8;3.539;2.2;83.1
1984-02-16;-0.3;0.65;1.6;4.72;2.4;2.0;84.4
1984-02-17;0.3;0.98;1.66;1.5;2.4;1.91;84.46
1984-02-18;-0.5;0.35;1.2;0.0;3.3;1.4;84.9
1984-02-19;-8.65;-3.93;0.8;0.0;5.8;1.2;72.6
1984-02-20;-10.5;-6.16;-1.81;0.0;4.4;0.73;78.11
1984-02-21;-4.9;-2.1;0.71;0.0;3.8;1.4;79.75
1984-02-22;-1.6;-0.4;0.8;3.0;2.297;1.8;83.18
1984-02-23;-1.6;-0.5;0.6;2.77;2.9;1.8;83.3
1984-02-24;-0.5;0.25;1.0;0.0;3.6;1.1;84.7
1984-02-25;-1.0;0.05;1.1;1.7;4.8;1.8;83.7
1984-02-26;-0.3;0.6;1.51;2.5;2.711;1.4;84.22
1984-02-27;-0.3;0.5;1.3;3.94;5.6;1.3;83.7
1984-02-28;-3.65;-0.72;2.21;0.0;5.5;2.2;74.89
1984-02-29;0.0;0.0;0.0;0.0;0.0;0.0;0.0
1984-03-01;-2.0;0.05;2.1;1.2;4.8;1.1;79.82
1984-03-02;-4.8;-2.15;0.5;0.0;7.643;1.2;68.85
1984-03-03;-5.49;-1.87;1.76;0.0;7.6;1.3;71.39
1984-03-04;-2.09;1.0;4.1;1.1;4.3;2.1;68.32
1984-03-05;-1.7;0.27;2.23;0.0;6.6;2.5;62.58
1984-03-06;-8.1;-4.4;-0.7;0.0;8.322;2.41;32.59
1984-03-07;-10.72;-6.26;-1.8;0.0;8.9;0.8;29.27
1984-03-08;-4.6;-0.54;3.51;0.0;9.0;1.5;65.2
1984-03-09;-2.2;-0.25;1.7;1.9;3.6;1.1;81.1
1984-03-10;-7.5;-3.65;0.2;0.0;9.1;2.1;59.02
1984-03-11;-7.69;-3.65;0.4;0.0;10.0;0.4;32.0
1984-03-12;-3.66;-0.93;1.8;1.43;4.3;1.4;79.24
1984-03-13;0.1;2.35;4.6;0.0;8.8;1.6;78.15
1984-03-14;-1.8;2.27;6.33;2.36;2.942;1.8;80.0
1984-03-15;-2.5;1.25;5.0;4.5;7.022;1.0;77.7
1984-03-16;1.15;3.54;5.94;0.0;9.0;1.6;77.4
1984-03-17;-1.5;2.35;6.21;0.0;9.5;1.7;74.13
1984-03-18;-1.6;1.85;5.31;3.8;5.6;1.55;76.94
1984-03-19;-2.1;0.64;3.38;0.0;10.112;2.2;74.42
1984-03-20;-2.4;0.3;3.0;0.0;11.8;1.82;51.39
1984-03-21;-2.8;-0.3;2.2;0.0;7.9;1.4;74.4
1984-03-22;-3.75;-0.96;1.83;0.0;10.6;0.6;69.17
1984-03-23;-4.42;-1.57;1.27;0.0;10.3;1.0;50.13
1984-03-24;-5.4;-2.1;1.2;0.0;12.8;1.2;31.64
1984-03-25;-6.7;-3.25;0.2;0.0;14.4;0.7;24.0
1984-03-26;-3.77;-1.64;0.5;1.57;7.71;1.1;75.17
1984-03-27;-3.61;-0.6;2.4;0.0;12.251;1.7;57.36
1984-03-28;-6.29;-3.25;-0.21;0.0;15.3;1.7;17.98
1984-03-29;-5.9;-2.79;0.32;0.0;10.4;0.8;40.49
1984-03-30;-5.3;-1.85;1.6;2.4;14.4;1.4;55.69
1984-03-31;-0.2;3.15;6.5;0.0;9.995;1.5;71.42
1984-04-01;-0.3;2.62;5.54;2.5;11.2;1.2;75.99
1984-04-02;-0.24;1.43;3.1;1.4;6.491;1.2;82.24
1984-04-03;-1.0;0.5;2.0;3.0;5.195;1.0;82.78
1984-04-04;-4.3;-1.35;1.6;0.0;9.4;1.6;49.87
1984-04-05;-5.6;-1.7;2.2;0.0;17.0;1.3;10.65
1984-04-06;-5.7;-1.01;3.69;0.0;14.1;0.7;19.7
1984-04-07;-4.4;0.75;5.9;0.0;17.566;1.1;19.8
1984-04-08;-3.01;2.05;7.11;0.0;16.8;1.3;29.32
1984-04-09;-3.6;2.1;7.81;0.0;16.868;1.1;37.5
1984-04-10;0.5;5.64;10.79;0.0;11.577;1.1;53.23
1984-04-11;-1.53;2.43;6.39;0.0;17.6;1.3;35.5
1984-04-12;-3.36;1.52;6.4;0.0;17.588;0.9;30.05
1984-04-13;-4.11;1.84;7.8;0.0;18.795;0.6;26.6
1984-04-14;-3.2;3.69;10.59;0.0;18.001;0.8;22.22
1984-04-15;-2.1;2.85;7.8;0.0;16.8;1.2;33.82
1984-04-16;1.2;3.6;6.0;0.0;11.8;0.9;45.43
1984-04-17;-0.1;2.65;5.4;0.0;11.573;0.3;51.74
1984-04-18;-1.2;2.9;7.0;0.0;14.7;0.5;37.43
1984-04-19;-1.9;0.75;3.39;10.56;7.8;1.7;67.42
1984-04-20;-3.4;-0.69;2.03;3.0;13.884;2.2;46.83
1984-04-21;-4.3;-1.07;2.16;0.0;20.1;1.0;11.47
1984-04-22;-4.2;-0.6;3.0;0.0;17.606;0.4;32.75
1984-04-23;-3.0;0.45;3.89;0.0;16.766;0.7;38.5
1984-04-24;-4.4;-0.02;4.37;0.0;18.122;0.7;38.69
1984-04-25;-5.6;0.25;6.1;0.0;21.125;0.4;30.73
1984-04-26;-3.8;3.22;10.24;0.0;22.0;1.1;27.6
1984-04-27;0.3;6.35;12.4;0.0;21.737;1.3;25.08
1984-04-28;-0.2;5.83;11.85;0.0;21.9;1.28;33.33
1984-04-29;0.4;6.9;13.4;0.0;22.215;1.1;34.81
1984-04-30;2.9;7.5;12.1;0.0;22.319;1.8;36.67
1984-05-01;3.0;5.29;7.57;3.0;7.074;1.5;63.25
1984-05-02;1.2;5.35;9.5;0.0;15.604;1.4;47.9
1984-05-03;-1.91;1.13;4.16;0.0;25.9;1.92;15.08
1984-05-04;-3.53;1.58;6.69;0.0;25.6;1.2;14.99
1984-05-05;-3.51;2.4;8.31;0.0;25.6;0.9;18.59
1984-05-06;-3.9;3.34;10.58;0.0;26.7;0.8;20.47
1984-05-07;-0.99;4.42;9.84;0.0;17.2;0.8;34.62
1984-05-08;0.1;5.8;11.5;0.0;21.446;0.9;32.94
1984-05-09;-3.03;3.83;10.7;0.0;18.166;0.8;35.2
1984-05-10;-0.52;6.19;12.9;0.0;25.093;1.0;30.79
1984-05-11;-1.9;5.15;12.2;0.0;17.765;1.0;38.55
1984-05-12;2.4;10.3;18.2;0.0;25.801;1.2;37.72
1984-05-13;5.2;9.95;14.7;0.0;11.899;1.3;69.5
1984-05-14;4.5;9.2;13.9;1.1;19.364;1.5;46.07
1984-05-15;3.3;7.69;12.08;2.5;9.25;0.8;67.1
1984-05-16;4.7;8.1;11.5;0.0;6.177;1.1;86.34
1984-05-17;1.72;9.96;18.2;0.0;24.9;0.5;29.68
1984-05-18;0.6;9.0;17.4;0.0;24.6;0.6;29.38
1984-05-19;4.1;8.99;13.88;0.0;29.604;1.1;30.0
1984-05-20;5.3;8.7;12.1;0.0;10.0;0.59;46.99
1984-05-21;1.9;7.15;12.4;2.0;10.0;0.6;65.89
1984-05-22;0.49;5.84;11.2;2.5;7.499;0.5;52.93
1984-05-23;4.2;6.74;9.29;0.0;10.007;1.31;48.19
1984-05-24;1.6;5.14;8.69;0.0;25.8;1.4;22.76
1984-05-25;-0.1;3.27;6.64;0.0;25.3;0.8;33.67
1984-05-26;-1.96;3.32;8.61;0.0;24.8;0.8;41.39
1984-05-27;-0.58;5.86;12.3;0.0;27.6;0.7;27.77
1984-05-28;4.3;9.0;13.7;0.0;27.0;1.5;30.0
1984-05-29;6.7;9.74;12.78;0.0;20.5;1.1;37.83
1984-05-30;3.28;7.44;11.6;0.0;28.9;1.5;25.1
1984-05-31;1.89;8.0;14.1;0.0;30.134;1.0;23.85
1984-06-01;0.2;9.2;18.2;0.0;27.0;0.5;28.9
1984-06-02;2.1;9.42;16.74;2.0;16.135;0.6;39.61
1984-06-03;7.5;9.3;11.1;0.0;5.7;0.5;90.08
1984-06-04;7.6;10.8;14.0;4.37;6.4;0.9;67.8
1984-06-05;6.3;11.55;16.8;0.0;20.1;1.0;42.2
1984-06-06;5.0;11.6;18.2;0.0;27.726;1.0;32.82
1984-06-07;6.1;11.27;16.44;0.0;25.038;1.1;35.8
1984-06-08;5.46;12.86;20.26;0.0;28.1;0.7;31.6
1984-06-09;5.3;14.43;23.55;0.0;22.8;0.8;32.45
1984-06-10;6.7;14.3;21.9;0.0;30.1;1.0;32.85
1984-06-11;6.7;14.86;23.01;0.0;29.731;1.1;32.69
1984-06-12;9.0;13.95;18.9;0.0;14.184;1.1;52.2
1984-06-13;8.4;12.19;15.97;3.71;11.912;1.2;59.06
1984-06-14;5.8;10.16;14.53;0.0;15.795;1.1;45.73
1984-06-15;5.8;10.5;15.2;2.0;12.4;1.6;50.78
1984-06-16;9.5;13.45;17.4;3.3;11.464;1.3;61.56
1984-06-17;9.3;11.95;14.6;0.0;16.5;1.3;44.22
1984-06-18;8.19;13.54;18.9;0.0;23.796;0.4;38.25
1984-06-19;12.21;16.91;21.61;7.7;12.5;0.8;59.13
1984-06-20;14.3;18.7;23.1;4.6;8.774;0.9;57.28
1984-06-21;14.0;18.8;23.6;0.0;20.453;1.1;42.3
1984-06-22;14.3;18.52;22.75;0.0;20.646;1.3;41.45
1984-06-23;12.45;13.68;14.9;6.63;10.394;1.04;75.55
1984-06-24;11.2;14.3;17.4;6.92;14.291;0.9;62.84
1984-06-25;10.8;13.8;16.8;0.0;18.4;0.6;60.02
1984-06-26;11.82;13.16;14.5;2.84;8.697;0.5;88.85
1984-06-27;12.2;14.8;17.4;0.0;15.72;0.93;66.71
1984-06-28;10.84;14.62;18.39;12.7;13.695;1.1;61.68
1984-06-29;10.9;17.7;24.5;0.0;27.396;0.7;39.3
1984-06-30;13.4;18.91;24.42;0.0;18.309;0.4;42.3
1984-07-01;10.1;17.35;24.6;0.0;31.0;0.6;37.9
1984-07-02;10.8;14.4;18.0;19.6;12.2;0.9;79.52
1984-07-03;9.83;13.57;17.3;3.01;17.501;0.92;63.62
1984-07-04;12.49;13.65;14.81;2.44;7.795;1.2;82.56
1984-07-05;7.4;13.0;18.6;6.24;18.5;0.94;54.96
1984-07-06;7.3;14.45;21.6;1.9;25.696;1.0;42.43
1984-07-07;7.3;12.85;18.4;0.0;17.7;0.5;58.8
1984-07-08;6.5;13.85;21.2;2.0;21.4;0.7;46.75
1984-07-09;15.2;19.44;23.67;5.0;14.485;1.4;58.92
1984-07-10;14.8;19.43;24.06;4.6;27.7;0.8;53.83
1984-07-11;15.1;19.4;23.7;0.0;12.2;1.0;66.92
1984-07-12;9.89;16.14;22.4;9.82;11.216;0.8;64.06
1984-07-13;10.88;17.44;24.0;18.74;13.865;0.6;56.7
1984-07-14;11.51;18.66;25.8;0.0;20.1;0.3;52.82
1984-07-15;13.61;19.71;25.82;0.0;25.094;0.8;49.89
1984-07-16;13.0;19.05;25.1;0.0;26.4;0.9;45.78
1984-07-17;15.61;18.71;21.81;0.0;21.1;0.8;50.1
1984-07-18;14.09;16.64;19.2;0.0;22.97;0.7;45.93
1984-07-19;11.6;13.66;15.71;0.0;18.501;0.8;48.42
1984-07-20;10.4;12.03;13.65;0.0;16.4;0.8;56.41
1984-07-21;8.7;9.68;10.65;2.0;15.3;0.7;71.95
1984-07-22;10.85;11.41;11.96;8.6;11.396;0.7;75.02
1984-07-23;8.7;13.6;18.5;2.2;22.1;0.8;45.06
1984-07-24;8.7;13.9;19.1;2.8;16.8;0.6;53.41
1984-07-25;7.7;14.0;20.3;0.0;19.9;0.2;48.4
1984-07-26;11.6;15.9;20.2;1.2;19.1;0.4;51.81
1984-07-27;8.5;15.0;21.5;3.28;17.148;0.39;58.72
1984-07-28;7.7;13.8;19.9;1.7;16.285;0.3;58.79
1984-07-29;9.78;14.49;19.2;4.1;16.491;0.7;70.1
1984-07-30;8.5;15.35;22.2;2.7;21.122;0.6;46.5
1984-07-31;9.5;15.05;20.6;3.7;16.605;0.5;54.74
1984-08-01;9.3;15.05;20.8;0.0;17.848;0.6;54.73
1984-08-02;10.7;15.5;20.3;3.8;14.4;0.5;58.94
1984-08-03;9.87;14.43;19.0;0.0;18.3;0.7;51.57
1984-08-04;11.54;16.97;22.4;0.0;16.844;0.4;46.34
1984-08-05;14.55;18.96;23.38;0.0;14.606;0.2;49.6
1984-08-06;13.0;16.05;19.1;11.89;11.8;1.4;70.4
1984-08-07;13.06;15.23;17.4;0.0;12.0;0.9;70.39
1984-08-08;13.51;15.16;16.8;0.0;9.61;0.5;85.57
1984-08-09;10.4;13.7;17.0;4.6;12.6;0.9;84.34
1984-08-10;10.3;13.5;16.7;3.5;9.653;1.1;59.75
1984-08-11;11.2;14.35;17.5;4.1;15.2;1.2;70.74
1984-08-12;14.22;15.76;17.3;0.0;15.0;1.5;74.91
1984-08-13;9.0;13.7;18.4;2.3;11.6;0.9;56.3
1984-08-14;7.78;12.39;17.0;2.2;12.7;0.6;53.12
1984-08-15;9.0;12.95;16.9;0.0;13.664;0.3;58.57
1984-08-16;8.0;12.75;17.5;0.0;18.024;0.5;47.23
1984-08-17;10.7;14.25;17.8;3.2;13.7;1.0;49.13
1984-08-18;10.3;12.65;15.0;15.24;3.319;0.6;89.8
1984-08-19;9.2;12.45;15.7;0.0;10.487;1.1;65.28
1984-08-20;7.78;13.09;18.4;11.24;17.531;1.1;41.69
1984-08-21;11.4;13.55;15.7;1.9;12.199;1.4;71.61
1984-08-22;8.8;11.5;14.2;0.0;12.219;1.4;64.37
1984-08-23;8.6;11.8;15.0;11.12;11.451;1.1;68.11
1984-08-24;8.4;13.35;18.3;0.0;19.3;1.0;49.35
1984-08-25;8.4;13.5;18.6;1.8;11.8;1.4;52.99
1984-08-26;7.1;12.65;18.2;0.0;12.0;1.6;55.4
1984-08-27;6.5;10.79;15.08;4.1;12.0;1.2;68.11
1984-08-28;8.8;12.65;16.5;3.68;12.5;1.5;79.55
1984-08-29;5.99;11.03;16.07;0.0;16.002;0.9;45.58
1984-08-30;4.6;11.0;17.4;0.0;18.209;0.8;40.5
1984-08-31;10.7;14.05;17.4;0.0;8.295;1.5;73.76
1984-09-01;10.42;14.31;18.2;0.0;8.8;1.1;82.42
1984-09-02;10.1;15.65;21.2;0.0;9.1;1.1;58.93
1984-09-03;11.52;15.06;18.61;0.0;8.0;1.3;79.12
1984-09-04;11.2;12.84;14.48;0.0;15.0;1.3;70.01
1984-09-05;10.82;14.29;17.76;0.0;15.0;1.1;60.56
1984-09-06;8.76;9.98;11.2;12.23;4.219;0.9;89.31
1984-09-07;8.6;10.05;11.5;20.02;3.291;1.12;88.66
1984-09-08;8.4;9.95;11.5;1.4;6.1;1.0;89.53
1984-09-09;3.5;7.9;12.3;0.0;10.496;1.3;50.77
1984-09-10;1.66;7.38;13.11;0.0;15.222;0.4;37.31
1984-09-11;3.11;8.84;14.56;0.0;11.673;0.8;45.3
1984-09-12;7.51;10.3;13.1;0.0;8.8;0.9;58.3
1984-09-13;8.3;10.7;13.1;3.6;4.399;0.9;86.65
1984-09-14;2.1;7.25;12.4;0.0;10.669;1.1;59.2
1984-09-15;1.89;7.04;12.2;1.67;7.6;1.0;72.04
1984-09-16;7.28;10.74;14.2;0.0;12.7;1.21;60.46
1984-09-17;7.7;10.95;14.2;0.0;13.3;1.6;44.2
1984-09-18;5.6;9.6;13.6;9.3;13.3;1.1;50.22
1984-09-19;12.33;14.41;16.5;2.75;3.9;1.7;90.11
1984-09-20;6.6;9.4;12.2;5.29;3.0;1.7;65.0
1984-09-21;1.54;4.52;7.49;0.0;6.7;1.6;61.49
1984-09-22;-1.9;3.79;9.49;0.0;13.1;0.5;38.5
1984-09-23;5.53;9.02;12.5;0.0;6.3;1.2;58.97
1984-09-24;9.8;13.54;17.28;5.16;4.596;1.7;85.03
1984-09-25;6.8;11.65;16.5;0.0;9.0;0.7;74.54
1984-09-26;5.3;10.21;15.11;2.5;11.5;0.9;56.77
1984-09-27;10.9;14.82;18.73;3.7;8.722;1.8;72.95
1984-09-28;7.8;10.25;12.7;0.0;2.808;1.8;61.54
1984-09-29;5.41;7.65;9.88;0.0;6.8;1.0;66.86
1984-09-30;6.4;8.1;9.8;8.8;5.2;1.4;80.43
1984-10-01;6.6;8.68;10.75;7.91;3.926;0.9;88.71
1984-10-02;1.6;3.95;6.29;1.1;5.143;1.4;72.25
1984-10-03;0.54;3.31;6.07;0.0;9.235;1.2;30.99
1984-10-04;-0.51;2.38;5.26;0.0;3.91;0.7;75.44
1984-10-05;-1.31;1.69;4.69;0.0;8.9;0.4;54.97
1984-10-06;-1.9;2.05;6.0;1.2;8.9;1.1;46.95
1984-10-07;5.49;7.15;8.8;0.0;3.4;0.8;89.3
1984-10-08;0.3;5.0;9.7;0.0;2.1;0.5;82.31
1984-10-09;-1.0;4.45;9.9;0.0;2.896;0.6;75.93
1984-10-10;9.1;10.61;12.11;0.0;4.2;1.1;85.93
1984-10-11;7.1;9.79;12.49;0.0;3.4;0.9;88.01
1984-10-12;6.6;9.25;11.9;0.0;5.8;1.3;73.81
1984-10-13;4.49;7.95;11.4;1.2;2.4;1.0;88.46
1984-10-14;3.2;6.55;9.9;0.0;4.2;1.0;82.25
1984-10-15;8.99;10.2;11.4;3.5;2.0;1.8;90.41
1984-10-16;6.44;8.7;10.96;0.0;4.8;1.4;70.06
1984-10-17;7.8;8.79;9.78;0.0;2.4;1.1;84.77
1984-10-18;7.4;8.4;9.4;7.56;1.1;1.0;90.97
1984-10-19;4.5;5.7;6.9;0.0;2.3;1.1;89.7
1984-10-20;-2.74;0.18;3.1;0.0;2.9;0.81;68.29
1984-10-21;-5.26;-2.1;1.06;0.0;6.2;0.6;57.3
1984-10-22;-2.3;0.85;4.0;0.0;4.8;0.4;84.0
1984-10-23;-3.5;0.45;4.4;0.0;4.8;0.5;67.1
1984-10-24;-2.8;-0.3;2.2;0.0;5.3;1.3;56.76
1984-10-25;-3.1;-1.0;1.1;0.0;5.702;1.7;23.8
1984-10-26;-3.9;-1.75;0.4;0.0;5.5;1.5;39.25
1984-10-27;-2.5;2.2;6.9;0.0;2.7;1.5;47.3
1984-10-28;7.1;7.5;7.91;3.0;1.879;1.9;90.4
1984-10-29;7.1;7.9;8.7;0.0;2.0;1.9;85.77
1984-10-30;4.05;5.53;7.0;0.0;3.712;1.7;64.29
1984-10-31;1.4;3.91;6.41;1.4;2.0;1.8;84.1
1984-11-01;1.8;4.05;6.3;4.0;1.3;1.9;83.6
1984-11-02;5.8;6.0;6.2;4.1;1.6;1.6;89.71
1984-11-03;1.55;3.31;5.08;1.2;3.61;1.0;88.41
1984-11-04;4.8;6.0;7.2;6.5;1.3;0.89;88.42
1984-11-05;2.55;4.38;6.2;0.0;1.1;0.94;88.2
1984-11-06;1.44;2.72;4.0;1.4;2.711;0.79;87.4
1984-11-07;1.1;2.8;4.5;1.54;2.3;0.4;89.2
1984-11-08;1.2;2.6;4.0;0.0;2.0;0.8;85.34
1984-11-09;1.32;4.41;7.5;6.0;1.5;1.7;77.21
1984-11-10;0.47;4.29;8.1;1.8;1.9;1.6;66.18
1984-11-11;-0.47;1.77;4.0;0.0;2.6;1.0;77.26
1984-11-12;2.24;4.62;7.0;0.0;2.5;1.5;73.11
1984-11-13;-2.4;0.05;2.5;1.5;2.0;1.3;80.09
1984-11-14;-4.22;-1.81;0.6;3.05;2.0;0.8;82.5
1984-11-15;-3.9;-2.35;-0.8;0.0;1.5;1.1;85.52
1984-11-16;-4.4;-3.0;-1.6;0.0;1.6;1.0;76.03
1984-11-17;-6.7;-4.85;-3.0;0.0;2.2;0.8;78.66
1984-11-18;-11.1;-8.25;-5.4;0.0;2.2;0.7;74.68
1984-11-19;-11.27;-6.0;-0.72;4.46;1.9;0.96;64.98
1984-11-20;-10.21;-5.56;-0.9;0.0;0.9;0.9;87.41
1984-11-21;-11.45;-8.27;-5.1;0.0;1.9;0.3;80.45
1984-11-22;-9.06;-7.28;-5.5;0.0;1.7;1.2;81.14
1984-11-23;-10.4;-8.36;-6.32;0.0;2.0;0.9;81.68
1984-11-24;-9.6;-5.65;-1.71;0.0;1.2;0.9;70.0
1984-11-25;-2.2;-0.78;0.65;6.3;0.6;1.4;88.8
1984-11-26;0.7;1.32;1.95;0.0;0.8;1.3;88.1
1984-11-27;-2.9;-1.1;0.7;0.0;1.6;0.5;86.1
1984-11-28;-2.73;-1.42;-0.1;2.07;0.9;1.1;87.4
1984-11-29;-3.1;-1.4;0.3;0.0;1.0;0.9;87.71
1984-11-30;-5.4;-2.92;-0.44;0.0;0.9;0.3;85.2
1984-12-01;-1.1;-0.31;0.48;0.0;0.6;0.2;88.9
1984-12-02;-3.3;-1.5;0.3;0.0;1.1;0.8;87.3
1984-12-03;-3.3;-0.94;1.42;0.0;0.8;1.3;76.72
1984-12-04;1.95;2.42;2.9;4.6;0.5;1.8;84.4
1984-12-05;-3.6;-0.26;3.09;0.0;0.8;1.1;75.9
1984-12-06;-5.54;-3.73;-1.93;0.0;0.8;0.6;86.98
1984-12-07;-8.4;-5.35;-2.3;0.0;0.9;1.3;68.25
1984-12-08;-10.59;-8.57;-6.56;0.0;0.6;0.4;91.28
1984-12-09;-12.14;-8.07;-4.0;0.0;0.7;0.4;73.1
1984-12-10;-12.4;-9.25;-6.1;0.0;0.6;0.7;84.68
1984-12-11;-12.82;-10.06;-7.31;0.0;0.7;1.17;84.2
1984-12-12;-13.12;-11.27;-9.41;0.0;0.6;1.2;83.8
1984-12-13;-13.94;-12.28;-10.62;0.0;0.5;1.3;84.2
1984-12-14;-12.9;-10.96;-9.02;0.0;0.7;1.71;70.18
1984-12-15;-14.2;-12.11;-10.02;0.0;0.9;1.7;59.82
1984-12-16;-16.71;-14.1;-11.48;0.0;0.8;1.2;68.19
1984-12-17;-21.31;-17.16;-13.0;0.0;0.7;0.5;76.67
1984-12-18;-20.83;-15.47;-10.11;0.0;0.6;0.5;56.69
1984-12-19;-12.7;-8.77;-4.83;0.0;0.6;0.76;67.76
1984-12-20;-15.52;-10.28;-5.04;0.0;0.7;1.1;47.68
1984-12-21;-12.4;-10.0;-7.6;0.0;0.8;2.2;64.82
1984-12-22;-15.1;-12.38;-9.67;0.0;0.7;1.7;65.5
1984-12-23;-12.25;-8.93;-5.61;1.9;0.8;2.3;56.28
1984-12-24;-6.3;-3.25;-0.2;2.7;0.5;1.0;83.7
1984-12-25;-13.7;-7.65;-1.6;0.0;0.8;1.2;43.36
1984-12-26;-18.3;-15.2;-12.1;0.0;0.6;0.9;81.2
1984-12-27;-17.5;-14.28;-11.05;0.0;0.7;1.2;84.1
1984-12-28;-11.55;-7.48;-3.4;0.0;0.6;1.9;45.5
1984-12-29;-11.5;-6.73;-1.96;0.0;0.7;2.0;42.1
1984-12-30;-13.32;-6.81;-0.3;0.0;0.7;1.7;73.0
1984-12-31;-16.86;-11.94;-7.02;0.0;0.8;0.66;50.8
