iso-date;tmin;tavg;tmax;precip;globrad;wind;relhumid
1980-01-01;-17.0;-13.88;-10.77;0.19;0.507;0.83;75.2
1980-01-02;-16.77;-15.37;-13.97;0.0;0.531;1.36;92.19
1980-01-03;-16.25;-14.23;-12.21;0.0;0.953;1.59;84.47
1980-01-04;-14.0;-11.57;-9.14;1.72;1.01;2.12;70.02
1980-01-05;-10.22;-8.32;-6.41;5.29;0.691;1.73;77.79
1980-01-06;-7.99;-6.56;-5.13;0.93;0.828;0.88;88.09
1980-01-07;-7.83;-6.45;-5.06;0.62;0.783;1.05;87.07
1980-01-08;-11.5;-8.04;-4.59;0.44;0.893;1.27;80.33
1980-01-09;-11.3;-9.68;-8.05;0.43;1.135;1.5;84.53
1980-01-10;-9.15;-7.76;-6.36;1.36;0.937;1.91;83.08
1980-01-11;-9.79;-8.09;-6.39;0.49;0.833;1.46;82.76
1980-01-12;-9.03;-5.95;-2.87;1.23;0.978;1.0;72.53
1980-01-13;-8.53;-3.57;1.39;5.58;0.564;1.95;63.12
1980-01-14;-16.57;-8.6;-0.63;0.23;0.809;1.21;18.12
1980-01-15;-16.93;-7.62;1.69;0.95;1.27;1.33;28.13
1980-01-16;-1.63;-0.4;0.82;0.0;1.488;2.11;79.79
1980-01-17;-5.33;-2.69;-0.04;0.0;1.184;1.62;58.33
1980-01-18;-4.2;-1.93;0.35;0.98;1.538;1.54;72.81
1980-01-19;-1.97;-0.39;1.2;0.39;1.142;0.45;85.57
1980-01-20;-1.87;0.78;3.44;5.38;0.591;2.12;78.44
1980-01-21;-1.13;0.86;2.86;0.0;1.44;2.28;61.29
1980-01-22;-9.87;-4.53;0.8;0.0;1.484;1.37;34.9
1980-01-23;-6.01;-2.97;0.07;6.16;1.009;1.82;75.25
1980-01-24;-19.12;-10.36;-1.59;0.0;1.417;1.48;44.61
1980-01-25;-18.86;-9.67;-0.48;3.9;1.776;1.81;33.98
1980-01-26;-1.99;-0.58;0.83;0.88;1.464;1.24;81.25
1980-01-27;-1.41;-0.14;1.13;1.27;1.186;1.42;81.51
1980-01-28;-3.54;-2.22;-0.9;3.09;1.421;2.02;80.26
1980-01-29;-7.87;-5.3;-2.74;0.21;2.42;2.4;68.5
1980-01-30;-13.32;-9.79;-6.27;0.0;2.682;1.29;67.06
1980-01-31;-15.15;-8.21;-1.27;2.22;2.775;0.99;13.34
1980-02-01;-3.94;-1.56;0.81;2.02;1.358;1.92;82.49
1980-02-02;-14.48;-9.22;-3.96;0.0;2.645;1.2;35.68
1980-02-03;-20.18;-13.71;-7.23;0.0;2.253;1.33;69.52
1980-02-04;-22.68;-19.39;-16.1;0.0;2.898;0.59;92.61
1980-02-05;-23.44;-19.47;-15.5;0.0;2.951;0.6;90.63
1980-02-06;-24.03;-20.73;-17.44;0.0;2.864;0.72;94.66
1980-02-07;-24.55;-20.64;-16.73;0.0;2.589;0.72;83.57
1980-02-08;-21.19;-17.35;-13.51;0.0;4.043;0.79;83.65
1980-02-09;-17.97;-15.68;-13.4;0.0;4.228;0.35;87.53
1980-02-10;-18.12;-14.14;-10.15;0.0;2.993;1.33;63.76
1980-02-11;-14.44;-12.32;-10.2;0.0;4.296;1.16;84.94
1980-02-12;-15.84;-13.85;-11.86;0.0;3.334;1.44;86.75
1980-02-13;-19.86;-16.53;-13.2;0.0;3.813;1.54;85.63
1980-02-14;-22.73;-19.1;-15.47;0.0;5.128;0.93;85.87
1980-02-15;-22.87;-18.48;-14.08;0.0;5.519;0.58;69.84
1980-02-16;-23.32;-17.27;-11.23;0.0;5.218;0.62;38.06
1980-02-17;-12.71;-8.43;-4.14;0.51;4.159;2.02;61.04
1980-02-18;-8.64;-5.65;-2.65;0.35;3.491;1.74;74.92
1980-02-19;-4.25;-3.15;-2.04;3.58;3.408;2.76;80.4
1980-02-20;-6.48;-5.08;-3.68;1.89;3.589;2.47;79.76
1980-02-21;-6.46;-4.37;-2.28;4.3;2.385;1.64;78.6
1980-02-22;-13.5;-7.63;-1.75;1.06;3.124;1.18;77.04
1980-02-23;-15.27;-9.21;-3.15;0.0;5.212;1.06;67.38
1980-02-24;-6.05;-2.54;0.97;0.5;3.688;1.72;77.28
1980-02-25;-0.09;0.43;0.95;0.35;2.595;1.6;87.24
1980-02-26;-8.84;-4.05;0.73;0.0;6.558;1.45;77.24
1980-02-27;-11.21;-7.11;-3.0;0.0;7.343;1.11;63.53
1980-02-28;-13.19;-8.7;-4.21;0.0;7.556;0.79;65.62
1980-02-29;0.0;0.0;0.0;0.0;0.0;0.0;0.0
1980-03-01;-15.2;-9.78;-4.36;0.0;6.413;0.82;69.6
1980-03-02;-15.92;-9.67;-3.42;0.0;8.159;0.37;58.44
1980-03-03;-12.21;-7.2;-2.18;0.0;7.269;0.71;65.35
1980-03-04;-14.9;-8.9;-2.9;0.0;7.535;0.83;66.72
1980-03-05;-7.21;-3.58;0.04;0.0;6.674;1.42;74.82
1980-03-06;-10.23;-6.02;-1.8;0.0;7.756;1.25;72.61
1980-03-07;-10.79;-5.94;-1.09;0.0;7.369;1.55;69.09
1980-03-08;-3.71;-1.33;1.04;0.79;5.412;1.64;80.77
1980-03-09;-1.34;0.24;1.83;7.51;4.006;1.85;84.37
1980-03-10;-3.83;-0.82;2.18;6.54;3.825;2.1;83.07
1980-03-11;-9.89;-5.53;-1.16;0.0;7.2;1.0;73.75
1980-03-12;-13.4;-6.99;-0.58;0.61;10.063;1.44;48.42
1980-03-13;-7.06;-2.81;1.44;0.85;6.349;1.21;76.66
1980-03-14;-14.95;-9.38;-3.82;0.0;10.073;1.02;73.22
1980-03-15;-16.09;-10.38;-4.68;0.0;10.319;0.89;70.6
1980-03-16;-14.7;-9.82;-4.95;0.0;10.832;0.8;76.58
1980-03-17;-8.1;-2.92;2.27;2.75;5.566;2.11;64.45
1980-03-18;-2.95;0.33;3.62;0.0;6.871;1.71;78.83
1980-03-19;-6.84;-1.93;2.97;0.0;6.333;1.72;69.97
1980-03-20;-9.51;-4.93;-0.35;0.0;11.724;1.18;46.44
1980-03-21;-8.87;-3.91;1.05;0.0;11.568;1.35;41.86
1980-03-22;-8.02;-3.53;0.95;0.5;10.268;1.51;66.13
1980-03-23;-1.36;1.74;4.85;2.32;4.19;1.47;86.42
1980-03-24;-5.07;0.02;5.12;0.38;5.013;0.85;86.62
1980-03-25;-5.53;-0.56;4.42;0.0;13.986;0.37;68.07
1980-03-26;-3.6;0.55;4.7;0.0;8.643;1.41;73.72
1980-03-27;-5.79;-2.56;0.68;0.0;13.723;1.47;67.92
1980-03-28;-9.21;-4.99;-0.76;0.0;14.593;1.03;46.56
1980-03-29;-10.81;-5.16;0.5;0.0;15.929;0.32;31.63
1980-03-30;-11.85;-5.37;1.12;0.0;13.363;0.38;41.28
1980-03-31;-6.11;-2.1;1.91;0.49;10.714;1.13;53.01
1980-04-01;-9.93;-5.58;-1.24;0.0;15.12;0.88;62.77
1980-04-02;-9.76;-5.2;-0.63;0.0;14.896;0.37;61.92
1980-04-03;-8.04;-3.84;0.35;0.0;15.435;0.51;52.38
1980-04-04;-10.73;-4.5;1.74;0.51;14.137;0.89;34.55
1980-04-05;-8.3;-4.36;-0.41;0.0;17.899;0.83;53.43
1980-04-06;-7.42;-3.65;0.11;0.0;15.512;1.09;43.49
1980-04-07;-6.17;-0.42;5.34;7.14;6.347;2.09;59.78
1980-04-08;-3.4;0.63;4.65;0.0;14.738;1.24;77.89
1980-04-09;-5.53;-0.71;4.11;0.0;15.937;0.48;56.0
1980-04-10;-5.28;0.04;5.37;0.0;18.932;1.15;38.26
1980-04-11;-5.52;-0.18;5.15;0.0;18.584;1.08;40.62
1980-04-12;-1.39;2.2;5.78;0.0;17.739;1.19;62.4
1980-04-13;1.53;3.09;4.65;4.08;7.576;0.9;85.76
1980-04-14;-3.08;1.29;5.67;0.0;15.784;1.12;63.83
1980-04-15;-3.11;1.68;6.46;0.0;9.939;1.19;56.69
1980-04-16;-0.33;3.81;7.96;0.0;17.62;1.33;55.5
1980-04-17;-1.18;1.8;4.78;0.0;19.621;0.63;75.1
1980-04-18;-0.2;4.97;10.13;0.0;15.195;0.96;55.8
1980-04-19;0.17;6.95;13.72;0.0;20.286;0.76;42.68
1980-04-20;-1.01;7.4;15.8;0.0;18.478;0.63;33.38
1980-04-21;2.23;9.83;17.42;0.0;17.577;0.84;37.71
1980-04-22;1.56;6.23;10.9;0.0;18.795;1.77;34.59
1980-04-23;-0.63;5.06;10.76;0.0;20.119;0.72;19.62
1980-04-24;0.39;6.83;13.28;0.87;19.716;1.1;31.87
1980-04-25;2.04;7.82;13.6;0.0;19.888;1.03;37.67
1980-04-26;1.45;7.82;14.2;0.0;13.956;0.85;37.6
1980-04-27;1.65;8.03;14.41;0.0;19.952;0.89;35.37
1980-04-28;1.42;4.7;7.97;5.58;5.511;0.58;79.02
1980-04-29;-0.97;3.39;7.74;0.0;21.895;0.86;26.22
1980-04-30;-1.34;2.95;7.23;0.0;17.64;0.35;34.71
1980-05-01;-1.1;5.01;11.12;0.0;22.612;0.38;22.18
1980-05-02;-0.32;3.54;7.4;1.96;19.761;1.19;42.61
1980-05-03;-1.14;4.18;9.51;0.0;20.663;0.93;27.88
1980-05-04;-1.02;4.6;10.22;0.0;22.804;0.9;25.64
1980-05-05;-1.28;5.32;11.91;0.0;21.917;0.78;28.26
1980-05-06;-0.69;6.79;14.26;0.0;24.564;1.07;24.7
1980-05-07;1.6;8.46;15.32;0.0;19.932;0.87;35.43
1980-05-08;0.76;8.69;16.61;0.0;23.483;0.49;27.02
1980-05-09;0.4;9.14;17.88;0.0;23.96;0.4;24.17
1980-05-10;1.66;9.71;17.77;0.0;20.554;0.94;28.18
1980-05-11;1.34;7.45;13.56;0.0;25.091;0.94;22.79
1980-05-12;-0.71;6.45;13.61;0.0;25.422;0.8;21.44
1980-05-13;0.34;8.19;16.03;0.0;24.786;0.57;25.25
1980-05-14;0.85;9.12;17.38;0.0;23.801;0.39;28.35
1980-05-15;0.17;9.08;17.99;0.0;25.401;0.42;27.23
1980-05-16;3.44;11.88;20.33;3.15;17.971;1.22;39.43
1980-05-17;10.7;13.14;15.58;6.52;4.265;1.25;88.42
1980-05-18;6.14;10.76;15.38;14.74;7.224;1.19;88.06
1980-05-19;4.1;7.94;11.78;0.0;23.548;1.41;41.26
1980-05-20;0.34;6.56;12.78;0.0;26.851;1.0;30.61
1980-05-21;-2.2;7.01;16.22;0.0;27.6;0.64;25.08
1980-05-22;3.37;12.03;20.68;0.0;27.869;1.14;23.86
1980-05-23;8.25;15.15;22.06;0.0;26.608;1.36;26.61
1980-05-24;4.56;13.36;22.16;0.0;26.869;1.11;26.92
1980-05-25;3.69;13.63;23.58;0.0;23.464;0.7;30.83
1980-05-26;7.52;13.16;18.81;0.0;16.135;0.86;49.41
1980-05-27;6.5;12.07;17.65;0.0;26.893;0.91;39.91
1980-05-28;7.12;12.46;17.8;0.0;21.077;0.78;43.21
1980-05-29;4.36;11.82;19.28;0.0;21.428;0.46;38.34
1980-05-30;10.0;10.72;11.45;5.23;6.281;1.22;90.73
1980-05-31;6.38;10.71;15.03;0.39;15.444;0.43;59.5
1980-06-01;5.52;10.56;15.61;0.0;14.416;0.43;45.82
1980-06-02;8.11;12.61;17.1;6.77;13.435;1.13;51.15
1980-06-03;5.93;10.66;15.38;1.34;9.053;0.86;81.99
1980-06-04;4.14;9.36;14.57;2.47;10.118;0.49;63.8
1980-06-05;3.8;11.25;18.69;0.0;26.889;0.57;36.51
1980-06-06;6.37;13.85;21.32;0.0;24.314;0.79;38.65
1980-06-07;12.74;17.09;21.43;0.0;18.197;1.15;43.86
1980-06-08;11.67;17.57;23.48;6.67;18.7;1.39;40.79
1980-06-09;8.21;12.41;16.61;11.45;8.105;1.01;82.52
1980-06-10;8.24;13.29;18.33;4.42;11.902;0.8;55.1
1980-06-11;5.2;10.21;15.22;0.0;18.117;0.86;49.87
1980-06-12;4.57;10.54;16.5;0.89;23.125;0.56;42.38
1980-06-13;5.8;9.41;13.02;17.09;6.745;1.06;83.6
1980-06-14;4.53;10.32;16.1;5.75;16.399;0.78;52.82
1980-06-15;4.46;11.3;18.14;2.07;18.668;0.65;44.23
1980-06-16;4.9;11.99;19.08;0.0;21.371;0.57;41.46
1980-06-17;8.46;14.79;21.13;0.0;27.139;0.88;37.26
1980-06-18;8.62;13.9;19.18;0.0;21.438;1.04;43.47
1980-06-19;5.13;10.86;16.59;0.0;27.332;1.09;35.9
1980-06-20;4.3;10.17;16.03;0.8;20.612;0.55;44.6
1980-06-21;7.8;11.04;14.29;0.31;11.902;0.39;61.05
1980-06-22;9.41;12.97;16.54;8.16;7.887;0.8;80.39
1980-06-23;8.25;12.71;17.16;8.38;11.317;0.73;85.6
1980-06-24;5.97;12.57;19.17;0.0;29.142;0.58;36.49
1980-06-25;5.38;12.68;19.99;0.0;29.314;0.41;34.0
1980-06-26;5.27;10.91;16.55;0.0;26.54;0.88;41.21
1980-06-27;5.2;13.51;21.82;0.0;29.303;0.41;33.78
1980-06-28;12.71;16.41;20.1;4.99;10.784;0.92;67.62
1980-06-29;8.84;12.68;16.52;0.25;18.106;1.45;57.34
1980-06-30;7.49;14.25;21.02;0.0;28.89;0.3;37.13
1980-07-01;7.6;13.14;18.68;1.5;12.793;1.12;57.24
1980-07-02;14.54;19.82;25.11;1.09;22.439;1.54;51.98
1980-07-03;13.51;17.69;21.87;3.32;11.007;0.64;61.08
1980-07-04;12.77;17.38;22.0;0.0;21.374;1.03;44.59
1980-07-05;10.55;17.12;23.68;0.0;21.792;0.74;44.59
1980-07-06;10.2;16.86;23.51;0.0;20.922;0.61;45.04
1980-07-07;14.69;18.2;21.72;0.0;17.577;0.83;54.73
1980-07-08;14.07;18.38;22.68;7.12;16.001;1.08;52.03
1980-07-09;10.74;16.27;21.81;9.06;12.942;0.8;61.38
1980-07-10;10.08;17.04;23.99;17.12;16.121;0.35;55.46
1980-07-11;11.12;17.38;23.63;0.0;22.829;0.46;52.01
1980-07-12;10.25;16.78;23.31;1.89;21.146;0.51;48.68
1980-07-13;10.47;15.98;21.5;0.0;25.968;0.84;45.29
1980-07-14;8.83;14.59;20.35;0.0;28.285;0.95;38.17
1980-07-15;7.81;14.26;20.71;0.0;28.344;0.66;38.73
1980-07-16;6.95;14.36;21.77;0.0;28.476;0.24;38.39
1980-07-17;9.61;15.2;20.78;30.2;20.237;1.09;54.67
1980-07-18;12.24;14.12;16.0;11.69;11.786;1.33;86.64
1980-07-19;10.97;12.77;14.56;0.55;16.746;1.1;65.04
1980-07-20;10.89;13.02;15.15;6.29;14.703;0.63;73.7
1980-07-21;11.06;13.71;16.35;9.73;12.819;0.72;70.04
1980-07-22;8.58;13.36;18.13;0.0;15.6;0.54;57.34
1980-07-23;7.94;13.56;19.18;0.0;15.669;0.68;49.0
1980-07-24;11.63;13.73;15.83;2.52;13.365;1.17;78.78
1980-07-25;7.71;13.12;18.52;0.0;15.384;1.28;52.76
1980-07-26;7.11;13.59;20.07;5.33;17.569;0.91;58.26
1980-07-27;12.72;16.43;20.13;0.0;18.827;1.22;57.01
1980-07-28;8.52;13.21;17.91;1.14;16.157;0.78;71.43
1980-07-29;7.73;12.5;17.26;0.43;16.453;0.45;64.1
1980-07-30;9.54;14.49;19.44;0.0;22.785;0.86;48.95
1980-07-31;9.22;14.52;19.82;0.0;17.638;0.75;49.96
1980-08-01;11.3;15.7;20.09;2.56;14.162;0.31;62.84
1980-08-02;11.24;14.8;18.35;16.02;9.393;0.62;83.4
1980-08-03;11.64;16.51;21.38;1.21;22.67;1.01;53.64
1980-08-04;8.38;15.41;22.44;0.0;24.76;0.73;41.6
1980-08-05;7.33;15.39;23.45;0.0;25.602;0.4;36.67
1980-08-06;10.68;16.93;23.18;0.0;20.433;0.81;44.53
1980-08-07;12.65;18.07;23.48;0.0;20.423;0.91;50.45
1980-08-08;11.92;18.87;25.82;0.0;22.037;0.45;45.85
1980-08-09;13.26;18.97;24.68;0.0;17.817;0.45;58.55
1980-08-10;11.05;18.11;25.17;0.0;23.442;0.38;47.52
1980-08-11;10.01;17.39;24.78;0.0;20.557;0.69;48.76
1980-08-12;13.18;19.11;25.04;0.0;12.48;0.51;57.67
1980-08-13;13.0;19.73;26.45;0.0;22.198;0.58;44.24
1980-08-14;13.73;17.46;21.19;5.42;6.559;0.37;84.26
1980-08-15;14.05;17.54;21.02;2.72;11.237;0.77;85.42
1980-08-16;12.87;17.5;22.13;5.8;14.251;0.94;63.69
1980-08-17;14.9;17.96;21.03;1.96;12.514;1.08;73.48
1980-08-18;13.41;16.56;19.72;17.73;11.31;0.74;73.16
1980-08-19;15.13;17.37;19.61;3.5;6.767;0.8;87.86
1980-08-20;13.98;16.58;19.17;0.98;12.766;0.63;73.91
1980-08-21;7.81;12.9;18.0;0.0;11.856;0.74;64.41
1980-08-22;6.13;12.67;19.22;1.61;16.394;0.82;47.96
1980-08-23;5.14;9.73;14.32;0.0;16.095;0.94;47.1
1980-08-24;4.29;10.58;16.87;0.0;19.443;0.93;40.63
1980-08-25;6.09;11.74;17.39;2.16;6.937;0.7;62.41
1980-08-26;5.35;12.71;20.08;0.0;16.094;0.84;48.39
1980-08-27;13.11;17.11;21.11;0.39;8.563;0.74;77.66
1980-08-28;14.44;19.17;23.9;0.0;19.235;1.18;58.17
1980-08-29;7.56;13.32;19.08;1.72;10.487;1.07;66.61
1980-08-30;5.67;12.7;19.73;0.0;17.938;0.7;43.54
1980-08-31;11.89;17.39;22.9;2.52;12.396;1.12;59.65
1980-09-01;14.99;17.94;20.89;13.97;7.516;0.47;86.61
1980-09-02;10.66;14.81;18.96;4.04;7.857;0.87;84.33
1980-09-03;8.89;13.4;17.91;2.09;13.009;1.03;63.69
1980-09-04;6.71;11.32;15.94;0.0;12.131;1.06;59.01
1980-09-05;6.57;9.55;12.54;3.61;4.905;0.63;70.88
1980-09-06;4.48;8.43;12.38;0.0;15.395;1.18;49.15
1980-09-07;3.31;7.9;12.49;0.0;13.652;0.73;38.29
1980-09-08;3.64;8.21;12.77;16.69;4.285;1.21;61.94
1980-09-09;4.5;8.45;12.39;0.0;9.892;1.11;67.97
1980-09-10;3.19;8.39;13.6;0.0;14.814;0.45;39.29
1980-09-11;2.52;8.3;14.08;0.0;14.585;0.58;40.88
1980-09-12;4.24;8.93;13.62;0.0;14.486;0.72;43.2
1980-09-13;3.69;9.63;15.58;0.0;13.961;0.67;43.25
1980-09-14;4.31;10.15;15.99;0.0;14.005;0.65;43.57
1980-09-15;5.27;10.83;16.39;0.0;13.244;0.53;48.44
1980-09-16;4.93;10.2;15.47;0.0;9.708;0.66;58.31
1980-09-17;7.33;12.7;18.06;0.46;9.608;0.82;52.4
1980-09-18;7.18;12.0;16.82;0.0;9.075;0.59;49.82
1980-09-19;7.68;11.43;15.18;3.63;8.119;0.66;60.55
1980-09-20;3.78;9.19;14.59;1.55;5.919;0.22;74.47
1980-09-21;3.34;8.72;14.1;0.0;8.598;0.52;58.18
1980-09-22;8.44;11.13;13.83;6.88;4.33;1.72;83.43
1980-09-23;6.92;10.57;14.21;0.57;5.484;0.92;70.84
1980-09-24;7.74;11.13;14.53;3.11;4.539;0.65;87.06
1980-09-25;5.81;9.35;12.89;5.54;2.35;0.91;86.2
1980-09-26;6.98;10.96;14.93;0.0;10.044;0.5;67.44
1980-09-27;5.89;9.66;13.43;0.29;6.496;0.64;77.97
1980-09-28;7.19;9.02;10.84;0.22;4.836;1.12;85.37
1980-09-29;4.72;6.58;8.45;0.0;6.658;1.41;56.84
1980-09-30;3.28;5.1;6.93;0.0;6.96;1.13;58.85
1980-10-01;2.36;4.11;5.86;0.0;7.925;0.92;51.0
1980-10-02;1.89;2.9;3.9;6.89;4.668;1.28;86.55
1980-10-03;0.88;2.71;4.54;0.31;4.452;0.97;85.64
1980-10-04;-1.34;1.61;4.56;0.26;6.375;0.75;79.13
1980-10-05;0.14;1.99;3.84;0.0;5.452;0.93;79.01
1980-10-06;-3.11;-0.01;3.08;0.0;8.56;0.61;63.31
1980-10-07;-2.39;0.53;3.45;0.38;5.892;0.52;80.32
1980-10-08;1.26;2.6;3.94;0.0;5.173;0.5;85.71
1980-10-09;-0.11;1.72;3.55;0.0;6.333;1.02;75.61
1980-10-10;-4.39;-0.83;2.73;0.0;5.825;1.03;56.78
1980-10-11;-4.37;-0.67;3.03;0.0;6.481;0.53;50.85
1980-10-12;-5.48;-2.02;1.45;0.0;6.596;0.4;65.36
1980-10-13;-0.98;1.35;3.68;1.73;5.853;0.71;78.95
1980-10-14;-2.51;-0.69;1.13;0.0;4.902;1.35;77.99
1980-10-15;-1.91;0.02;1.94;0.0;5.488;1.36;55.28
1980-10-16;0.79;2.9;5.02;0.0;4.38;1.2;80.24
1980-10-17;-5.78;-0.83;4.12;2.29;4.151;1.08;84.94
1980-10-18;-6.88;-2.6;1.68;0.0;4.991;0.38;58.19
1980-10-19;-6.59;-2.08;2.43;0.45;4.42;0.58;71.34
1980-10-20;-4.62;-1.86;0.89;0.0;4.624;0.38;81.62
1980-10-21;-4.73;-1.96;0.81;0.0;4.999;1.4;63.66
1980-10-22;-4.24;-1.75;0.75;0.0;5.392;1.17;60.64
1980-10-23;-4.64;-2.35;-0.06;0.2;5.32;0.75;74.44
1980-10-24;-3.55;-1.4;0.76;0.4;2.896;0.41;84.13
1980-10-25;-8.55;-5.84;-3.12;0.0;4.517;0.45;74.15
1980-10-26;-6.03;-2.2;1.64;0.0;4.316;1.56;65.58
1980-10-27;-0.36;1.37;3.1;1.61;4.506;1.81;75.15
1980-10-28;1.21;2.68;4.15;2.34;2.081;1.45;93.77
1980-10-29;-2.25;0.83;3.91;0.0;3.693;1.09;80.4
1980-10-30;-3.27;-0.39;2.5;0.31;4.259;0.57;78.7
1980-10-31;-4.21;-0.24;3.72;1.52;3.438;0.83;69.71
1980-11-01;3.03;4.05;5.08;2.6;2.025;1.67;91.69
1980-11-02;1.46;3.73;6.0;0.5;2.079;1.08;88.45
1980-11-03;0.88;2.97;5.06;1.57;2.386;0.6;86.58
1980-11-04;-1.33;0.83;3.0;0.0;2.794;1.07;80.24
1980-11-05;-1.43;0.33;2.09;0.0;3.027;0.52;87.82
1980-11-06;-0.7;1.4;3.5;0.92;2.653;1.38;78.02
1980-11-07;3.19;5.62;8.05;4.11;1.226;1.63;86.51
1980-11-08;3.55;5.54;7.53;0.65;2.667;1.46;86.18
1980-11-09;2.88;5.11;7.33;2.31;2.214;1.13;83.19
1980-11-10;4.95;6.87;8.78;0.93;2.022;1.19;88.13
1980-11-11;5.18;6.66;8.14;0.39;1.738;1.01;90.1
1980-11-12;4.48;6.17;7.85;2.41;2.432;1.25;88.19
1980-11-13;6.24;7.25;8.26;3.75;0.986;1.22;91.69
1980-11-14;1.05;4.0;6.96;1.47;1.991;1.57;77.87
1980-11-15;-0.28;0.9;2.08;0.0;1.846;0.73;89.75
1980-11-16;-0.31;1.15;2.61;0.0;1.242;0.77;84.31
1980-11-17;-1.51;0.06;1.64;0.0;1.753;1.01;61.2
1980-11-18;-6.17;-3.06;0.05;0.0;1.846;0.61;66.69
1980-11-19;-6.2;-3.31;-0.41;0.0;1.793;0.45;66.43
1980-11-20;-5.0;-2.19;0.61;0.0;1.68;0.63;73.8
1980-11-21;-3.62;-1.16;1.3;0.0;1.611;1.41;69.37
1980-11-22;-0.87;0.47;1.81;0.91;1.285;1.33;80.91
1980-11-23;-0.55;1.35;3.24;2.3;1.109;1.72;81.85
1980-11-24;-4.52;-0.74;3.03;0.86;0.697;1.39;61.18
1980-11-25;-4.29;-0.77;2.75;0.45;1.538;1.51;78.71
1980-11-26;-5.49;-1.44;2.62;3.86;0.804;1.3;71.34
1980-11-27;-11.78;-7.46;-3.13;0.42;1.341;1.06;52.05
1980-11-28;-16.17;-9.53;-2.88;0.0;1.322;0.59;52.44
1980-11-29;-15.42;-6.83;1.75;2.25;1.101;1.46;46.79
1980-11-30;0.49;1.54;2.6;0.45;0.689;1.71;86.85
1980-12-01;-4.66;-1.0;2.66;0.0;0.987;1.76;63.98
1980-12-02;-5.44;-3.69;-1.94;0.8;0.759;1.38;65.74
1980-12-03;-6.18;-2.81;0.55;1.07;0.743;0.84;68.89
1980-12-04;-5.14;-2.4;0.35;0.0;1.172;1.09;78.32
1980-12-05;-4.43;-1.26;1.91;1.21;0.659;1.35;74.33
1980-12-06;0.73;1.92;3.1;3.5;0.505;1.51;87.03
1980-12-07;-0.39;1.34;3.07;1.05;0.62;1.26;85.41
1980-12-08;-4.52;-1.02;2.47;1.14;0.932;1.11;72.3
1980-12-09;-0.38;1.08;2.54;0.6;0.742;1.22;82.33
1980-12-10;-0.78;0.73;2.25;0.34;0.59;1.14;84.09
1980-12-11;-6.92;-3.14;0.64;0.24;0.646;0.5;82.1
1980-12-12;-10.33;-7.32;-4.31;0.0;0.618;0.0;83.91
1980-12-13;-9.82;-6.64;-3.46;0.0;0.615;0.23;77.55
1980-12-14;-8.14;-5.12;-2.09;0.45;0.804;0.92;73.28
1980-12-15;-3.69;-0.97;1.75;5.22;0.433;1.3;82.88
1980-12-16;-2.04;-0.23;1.58;0.77;0.468;1.1;85.76
1980-12-17;-3.41;-1.08;1.26;0.51;0.456;1.54;79.38
1980-12-18;-12.9;-7.34;-1.78;0.57;0.656;1.07;45.02
1980-12-19;-6.13;-2.4;1.32;3.69;0.414;1.15;77.1
1980-12-20;-7.3;-4.33;-1.37;0.0;0.676;1.08;74.48
1980-12-21;-5.34;-1.49;2.36;5.18;0.359;1.65;82.15
1980-12-22;-1.03;0.57;2.17;2.64;0.45;0.86;88.38
1980-12-23;-2.94;-1.22;0.5;1.58;0.479;1.56;75.97
1980-12-24;-6.85;-3.14;0.56;10.7;0.454;2.15;74.16
1980-12-25;-14.8;-9.53;-4.26;0.46;0.746;2.03;44.13
1980-12-26;-19.41;-15.29;-11.16;0.0;0.592;1.4;70.17
1980-12-27;-20.78;-16.79;-12.79;0.0;0.546;0.94;77.5
1980-12-28;-16.53;-12.09;-7.64;0.0;0.478;0.7;66.25
1980-12-29;-10.39;-7.54;-4.7;0.0;0.462;0.6;88.34
1980-12-30;-13.93;-10.93;-7.92;0.33;0.9;0.44;79.84
1980-12-31;-11.27;-8.29;-5.31;0.0;0.746;0.79;82.07
1981-01-01;-8.28;-3.22;1.83;1.29;0.848;1.33;28.31
1981-01-02;0.79;1.34;1.89;0.74;0.535;1.38;83.16
1981-01-03;-0.2;1.02;2.24;2.37;0.681;1.05;81.91
1981-01-04;2.1;2.42;2.75;2.13;0.455;1.24;89.71
1981-01-05;2.87;2.73;2.58;5.07;0.357;1.32;92.11
1981-01-06;2.38;2.46;2.53;1.09;0.385;0.88;92.54
1981-01-07;2.53;2.58;2.63;9.27;0.334;2.08;89.92
1981-01-08;1.74;2.01;2.28;2.06;0.329;0.9;92.13
1981-01-09;-2.34;-0.35;1.64;1.06;0.583;1.71;72.13
1981-01-10;-12.03;-6.77;-1.51;0.0;0.706;1.77;39.65
1981-01-11;-12.85;-7.29;-1.74;0.0;1.204;0.51;16.04
1981-01-12;-8.52;-4.54;-0.57;3.07;0.686;1.23;76.26
1981-01-13;-17.48;-12.63;-7.77;0.0;0.791;1.16;71.68
1981-01-14;-17.98;-9.07;-0.16;1.31;1.381;1.28;13.99
1981-01-15;-2.85;-1.39;0.07;1.3;1.318;0.52;80.98
1981-01-16;-2.18;-1.08;0.02;1.4;0.955;0.81;80.83
1981-01-17;-2.04;-0.64;0.77;6.39;0.672;1.33;78.46
1981-01-18;-15.93;-9.24;-2.56;0.0;1.623;2.3;17.47
1981-01-19;-18.4;-16.09;-13.77;0.0;1.202;1.64;82.35
1981-01-20;-18.41;-14.75;-11.09;0.0;1.591;1.48;77.85
1981-01-21;-12.78;-10.2;-7.62;0.0;1.872;1.33;81.16
1981-01-22;-9.12;-7.65;-6.18;0.0;1.622;1.89;82.38
1981-01-23;-7.77;-6.78;-5.78;0.0;2.061;2.38;78.56
1981-01-24;-8.84;-7.68;-6.52;0.0;2.156;1.92;80.68
1981-01-25;-9.18;-7.87;-6.55;1.88;2.119;1.89;78.29
1981-01-26;-10.54;-8.92;-7.31;0.38;2.35;0.92;81.95
1981-01-27;-10.18;-8.72;-7.26;0.29;2.313;1.08;82.49
1981-01-28;-14.27;-11.43;-8.59;0.0;2.614;1.07;78.79
1981-01-29;-19.22;-16.01;-12.8;0.0;2.755;1.13;75.15
1981-01-30;-20.39;-17.99;-15.59;0.0;2.976;0.82;86.67
1981-01-31;-20.95;-18.43;-15.9;0.0;2.308;0.4;88.74
1981-02-01;-20.82;-15.48;-10.15;0.0;2.446;0.78;46.35
1981-02-02;-13.2;-10.5;-7.8;0.0;3.26;1.51;81.14
1981-02-03;-20.28;-15.63;-10.98;0.0;2.132;1.43;72.52
1981-02-04;-21.42;-15.79;-10.16;0.0;3.368;0.62;49.54
1981-02-05;-12.55;-8.48;-4.41;0.73;2.768;1.61;54.53
1981-02-06;-15.2;-9.88;-4.56;0.0;3.171;1.58;49.01
1981-02-07;-16.03;-11.98;-7.92;0.0;3.293;1.76;58.19
1981-02-08;-21.36;-15.62;-9.88;0.0;3.626;1.56;61.72
1981-02-09;-22.17;-13.34;-4.51;0.47;3.292;1.05;20.34
1981-02-10;-6.01;-3.18;-0.35;0.34;3.447;1.63;69.29
1981-02-11;-5.26;-2.53;0.19;7.33;1.449;1.87;81.3
1981-02-12;-22.46;-13.33;-4.2;0.0;5.011;1.35;26.48
1981-02-13;-22.68;-12.63;-2.58;4.19;3.5;1.94;27.24
1981-02-14;-13.05;-7.43;-1.8;1.71;2.849;1.39;74.23
1981-02-15;-20.48;-12.7;-4.91;0.48;4.576;1.17;25.96
1981-02-16;-10.05;-6.14;-2.23;1.24;2.476;0.99;77.72
1981-02-17;-12.98;-6.61;-0.24;1.31;4.128;1.41;47.8
1981-02-18;-4.24;-1.77;0.71;0.0;5.794;1.61;78.36
1981-02-19;-2.73;-1.19;0.36;3.01;2.193;1.33;86.87
1981-02-20;-8.59;-4.62;-0.64;0.28;5.505;1.7;53.39
1981-02-21;-4.8;-2.28;0.23;4.83;2.938;1.56;82.74
1981-02-22;-3.22;-1.51;0.21;1.09;2.001;1.59;83.81
1981-02-23;-13.91;-7.99;-2.06;0.0;6.146;0.93;65.06
1981-02-24;-14.38;-8.41;-2.44;3.4;5.255;1.37;59.9
1981-02-25;-14.48;-10.01;-5.53;0.0;6.429;1.67;57.13
1981-02-26;-18.24;-13.47;-8.7;0.0;6.688;1.46;74.39
1981-02-27;-22.82;-18.02;-13.22;0.0;6.146;1.06;84.79
1981-02-28;-22.81;-18.41;-14.0;0.0;6.055;0.79;83.15
1981-03-01;-19.11;-12.45;-5.78;0.0;7.898;2.07;61.78
1981-03-02;-12.21;-9.52;-6.82;0.0;7.852;1.97;76.03
1981-03-03;-13.87;-9.77;-5.68;0.0;7.609;1.1;72.1
1981-03-04;-18.48;-14.01;-9.54;0.0;8.327;0.62;80.42
1981-03-05;-19.53;-14.7;-9.86;0.0;9.17;0.5;76.71
1981-03-06;-17.92;-11.77;-5.61;0.0;7.906;1.53;60.7
1981-03-07;-9.76;-6.62;-3.47;0.0;7.528;1.9;69.15
1981-03-08;-8.21;-5.89;-3.57;0.0;7.524;1.1;79.89
1981-03-09;-6.72;-3.32;0.07;0.82;7.29;1.6;75.7
1981-03-10;-3.95;-1.89;0.17;1.75;4.069;1.54;81.33
1981-03-11;-4.77;-2.96;-1.15;0.34;6.623;1.16;78.52
1981-03-12;-7.83;-5.21;-2.58;0.0;9.158;1.45;78.26
1981-03-13;-17.52;-11.54;-5.55;0.0;8.785;0.91;69.23
1981-03-14;-17.45;-9.57;-1.69;0.33;6.806;0.73;52.95
1981-03-15;-10.66;-6.75;-2.83;0.0;8.011;1.23;76.95
1981-03-16;-17.28;-8.62;0.05;3.11;8.571;1.55;38.39
1981-03-17;-5.53;-2.68;0.18;0.31;11.883;1.85;78.39
1981-03-18;-6.94;-3.14;0.67;2.17;5.976;1.3;68.67
1981-03-19;-9.64;-5.04;-0.44;0.0;10.882;1.74;48.35
1981-03-20;-1.99;0.71;3.42;0.66;10.452;2.28;78.92
1981-03-21;-0.95;0.3;1.54;2.37;12.577;2.38;80.35
1981-03-22;-3.48;0.2;3.87;7.6;4.437;1.44;83.23
1981-03-23;-9.46;-4.89;-0.32;0.0;10.278;0.97;69.77
1981-03-24;-13.22;-6.56;0.11;1.78;13.08;0.33;51.84
1981-03-25;-2.8;-0.87;1.05;1.99;10.292;2.44;75.96
1981-03-26;-5.57;-3.53;-1.48;0.0;13.118;2.17;72.78
1981-03-27;-10.37;-6.73;-3.09;0.0;14.296;2.1;57.52
1981-03-28;-14.91;-9.79;-4.68;0.0;14.074;0.98;51.97
1981-03-29;-13.69;-7.19;-0.69;0.0;12.065;0.77;33.32
1981-03-30;-9.7;-6.72;-3.74;0.0;14.49;0.84;78.4
1981-03-31;-8.14;-2.59;2.96;0.0;15.39;1.7;37.38
1981-04-01;-2.88;0.18;3.24;0.0;17.188;1.86;67.56
1981-04-02;-2.99;0.13;3.26;3.34;7.053;1.39;76.13
1981-04-03;-0.49;1.45;3.39;1.65;7.354;0.71;80.5
1981-04-04;-2.59;0.45;3.49;0.0;11.407;0.76;71.43
1981-04-05;-4.11;0.07;4.25;0.0;16.462;0.97;48.47
1981-04-06;-5.27;-0.46;4.35;0.0;15.381;0.86;40.85
1981-04-07;-5.27;0.02;5.31;0.61;15.745;1.38;51.88
1981-04-08;-2.49;1.71;5.92;0.0;15.734;1.55;58.23
1981-04-09;-2.72;0.78;4.28;1.06;9.188;1.12;71.99
1981-04-10;0.15;2.13;4.1;1.52;6.426;0.93;85.48
1981-04-11;-2.78;0.69;4.16;0.0;14.958;0.61;78.12
1981-04-12;-3.5;0.94;5.38;0.0;16.097;0.91;50.45
1981-04-13;-1.72;1.75;5.22;0.0;16.795;0.83;59.28
1981-04-14;-3.18;0.82;4.83;0.0;17.817;0.68;54.31
1981-04-15;-3.25;0.44;4.14;0.0;16.477;0.29;62.6
1981-04-16;-1.11;1.94;5.0;0.0;14.536;0.48;65.47
1981-04-17;-2.53;1.65;5.83;0.0;18.119;0.91;48.07
1981-04-18;-1.36;1.94;5.24;0.0;18.091;0.6;68.36
1981-04-19;-2.06;1.61;5.28;0.0;11.541;0.68;66.21
1981-04-20;0.24;3.45;6.65;0.91;8.159;1.11;79.21
1981-04-21;1.64;5.83;10.02;0.56;17.996;0.71;64.46
1981-04-22;0.09;5.85;11.61;0.0;18.494;0.95;41.6
1981-04-23;-1.34;5.38;12.1;1.2;18.092;1.18;47.72
1981-04-24;5.1;10.37;15.64;0.0;19.233;1.43;49.35
1981-04-25;0.76;6.41;12.05;0.0;15.644;1.69;36.17
1981-04-26;-0.6;3.23;7.06;5.87;11.259;1.49;38.3
1981-04-27;3.66;7.97;12.28;1.96;19.347;1.74;44.44
1981-04-28;0.75;7.08;13.4;0.0;18.215;0.82;43.79
1981-04-29;0.81;6.51;12.21;0.0;16.972;0.84;42.3
1981-04-30;2.19;5.57;8.95;0.0;14.395;0.75;51.76
1981-05-01;1.37;5.73;10.09;0.0;19.539;1.49;31.75
1981-05-02;-0.61;5.08;10.78;0.0;23.815;0.62;24.35
1981-05-03;1.12;5.78;10.43;2.32;7.557;0.85;57.4
1981-05-04;3.72;7.44;11.15;4.2;8.879;1.24;81.09
1981-05-05;2.65;7.99;13.32;0.0;15.437;1.32;50.02
1981-05-06;1.63;7.96;14.29;0.68;16.345;1.07;41.62
1981-05-07;1.55;6.71;11.86;0.0;23.753;1.03;31.78
1981-05-08;2.87;6.45;10.03;4.38;6.634;1.51;73.96
1981-05-09;1.56;7.61;13.65;0.0;22.722;0.94;34.29
1981-05-10;0.23;5.56;10.88;0.0;21.112;0.98;32.71
1981-05-11;-1.09;4.96;11.0;0.0;22.572;0.72;25.22
1981-05-12;0.39;7.67;14.94;0.0;20.466;0.86;35.7
1981-05-13;2.96;7.36;11.75;5.11;8.694;1.37;63.16
1981-05-14;2.4;7.17;11.94;0.0;20.353;1.22;35.29
1981-05-15;0.25;6.04;11.82;0.81;18.924;0.68;37.66
1981-05-16;-1.47;5.21;11.89;0.0;22.136;0.96;35.63
1981-05-17;3.38;5.67;7.95;2.83;9.215;1.27;76.25
1981-05-18;2.46;5.98;9.51;3.71;17.298;0.55;67.02
1981-05-19;1.96;7.85;13.73;0.0;25.604;0.77;32.44
1981-05-20;6.0;7.92;9.84;8.77;9.266;1.39;79.14
1981-05-21;7.43;11.43;15.42;0.83;21.401;1.14;41.88
1981-05-22;9.74;12.13;14.51;9.09;16.471;0.94;74.6
1981-05-23;3.14;7.38;11.62;2.04;8.899;0.91;63.16
1981-05-24;2.33;9.16;15.98;0.0;22.301;0.8;40.46
1981-05-25;2.37;9.88;17.4;0.0;26.787;0.78;32.52
1981-05-26;1.53;9.86;18.18;0.0;26.996;0.51;30.46
1981-05-27;1.82;10.11;18.4;0.0;29.14;0.42;32.07
1981-05-28;1.77;10.25;18.73;0.0;27.216;0.71;34.97
1981-05-29;3.75;8.57;13.38;0.0;27.678;1.07;31.32
1981-05-30;2.64;8.16;13.69;0.0;29.839;0.79;24.84
1981-05-31;2.17;8.32;14.46;0.0;28.056;0.51;29.66
1981-06-01;1.14;8.39;15.65;0.0;27.932;0.54;30.79
1981-06-02;6.17;12.35;18.53;0.0;27.166;0.78;31.08
1981-06-03;11.19;16.29;21.38;0.0;20.828;1.23;38.56
1981-06-04;12.3;18.81;25.33;0.78;26.89;1.23;39.57
1981-06-05;10.46;18.64;26.82;1.44;20.645;0.69;41.11
1981-06-06;9.81;18.52;27.23;4.44;21.714;0.87;35.67
1981-06-07;11.91;17.62;23.32;0.0;23.07;1.16;46.13
1981-06-08;10.17;15.77;21.37;0.0;19.031;0.78;40.7
1981-06-09;5.33;12.09;18.85;0.0;29.062;0.95;28.92
1981-06-10;4.82;12.83;20.84;0.0;30.041;0.54;27.51
1981-06-11;4.97;14.2;23.42;1.24;25.98;0.22;33.62
1981-06-12;9.37;16.73;24.09;1.32;20.661;0.26;51.47
1981-06-13;8.29;17.26;26.23;0.0;25.837;0.31;39.66
1981-06-14;10.11;18.37;26.62;0.0;18.091;0.59;39.39
1981-06-15;9.0;18.14;27.29;0.0;27.979;0.38;31.92
1981-06-16;10.18;19.34;28.5;0.0;22.367;0.38;30.7
1981-06-17;14.24;21.15;28.06;0.0;18.675;0.72;34.15
1981-06-18;14.35;20.32;26.29;1.61;18.882;1.18;37.89
1981-06-19;10.4;14.25;18.11;0.0;28.776;1.36;34.15
1981-06-20;9.31;13.11;16.91;0.0;23.483;1.12;32.44
1981-06-21;4.32;10.87;17.42;0.0;29.001;0.93;29.38
1981-06-22;3.86;11.63;19.41;0.0;29.736;0.31;26.36
1981-06-23;6.89;11.06;15.23;0.0;12.796;0.71;52.72
1981-06-24;8.81;13.21;17.6;8.76;17.099;0.86;58.74
1981-06-25;7.95;12.24;16.53;0.0;26.053;0.87;34.57
1981-06-26;8.59;11.63;14.67;0.0;20.467;0.61;43.93
1981-06-27;9.47;11.73;14.0;0.98;14.434;0.22;59.04
1981-06-28;7.02;11.82;16.63;0.0;21.091;0.79;46.17
1981-06-29;12.04;14.76;17.48;0.0;19.647;0.65;51.42
1981-06-30;12.49;15.45;18.41;2.89;18.379;0.84;60.74
1981-07-01;11.57;13.72;15.87;8.31;5.493;1.23;79.39
1981-07-02;8.41;12.39;16.38;0.0;17.364;1.02;56.61
1981-07-03;6.78;12.19;17.6;0.0;20.687;0.82;48.86
1981-07-04;6.07;13.27;20.46;0.0;26.394;0.27;38.04
1981-07-05;9.01;16.07;23.13;0.0;25.032;0.78;39.68
1981-07-06;15.01;21.41;27.82;0.92;24.665;0.97;46.28
1981-07-07;15.21;21.64;28.07;6.03;22.278;1.19;48.43
1981-07-08;14.08;20.45;26.83;2.3;26.057;0.82;50.81
1981-07-09;12.32;20.2;28.09;0.0;23.63;0.71;43.41
1981-07-10;11.69;20.43;29.17;6.3;24.461;0.52;37.66
1981-07-11;13.1;20.15;27.2;0.0;27.036;0.84;46.01
1981-07-12;11.51;18.74;25.97;0.0;27.794;0.73;38.12
1981-07-13;10.91;18.93;26.95;0.0;29.001;0.57;37.49
1981-07-14;11.99;18.73;25.48;2.67;19.488;0.59;51.56
1981-07-15;13.41;19.82;26.23;1.17;17.284;0.59;44.91
1981-07-16;12.5;17.23;21.97;1.0;13.609;1.16;60.73
1981-07-17;9.93;15.22;20.52;0.0;25.88;0.84;39.97
1981-07-18;9.12;14.23;19.35;0.0;28.347;0.77;32.73
1981-07-19;9.15;14.73;20.31;0.0;27.884;0.98;33.2
1981-07-20;7.77;13.55;19.33;0.0;27.74;0.7;33.41
1981-07-21;7.25;13.93;20.6;0.0;27.974;0.61;31.48
1981-07-22;10.86;16.22;21.58;2.51;20.381;1.32;42.88
1981-07-23;14.27;18.05;21.84;4.88;16.919;0.78;68.62
1981-07-24;12.67;17.65;22.63;0.0;23.987;1.13;49.35
1981-07-25;11.5;17.56;23.62;3.58;20.13;0.61;51.87
1981-07-26;13.09;18.61;24.12;0.38;19.052;0.38;52.26
1981-07-27;14.86;20.82;26.78;2.82;15.898;0.57;58.77
1981-07-28;14.72;20.76;26.8;0.0;19.709;0.46;46.89
1981-07-29;14.66;20.75;26.84;0.0;24.731;0.96;38.81
1981-07-30;15.1;20.6;26.1;0.0;17.54;1.3;39.47
1981-07-31;15.93;19.29;22.65;14.09;6.337;1.16;74.06
1981-08-01;15.07;19.42;23.77;0.0;13.3;0.68;68.41
1981-08-02;12.49;17.91;23.32;0.0;21.955;0.83;49.87
1981-08-03;11.96;17.09;22.22;0.0;16.995;0.5;51.46
1981-08-04;10.36;16.34;22.33;0.0;22.669;0.56;46.44
1981-08-05;9.36;16.61;23.86;0.0;23.876;0.51;34.45
1981-08-06;9.52;16.99;24.47;0.0;23.201;0.69;31.66
1981-08-07;10.81;16.48;22.15;2.17;14.658;0.91;49.93
1981-08-08;13.55;17.44;21.32;1.67;17.88;1.16;54.33
1981-08-09;12.59;17.54;22.48;1.42;19.646;0.95;49.24
1981-08-10;12.3;15.46;18.62;5.95;16.42;1.13;71.94
1981-08-11;9.41;13.2;16.99;0.0;17.065;1.03;55.07
1981-08-12;7.45;14.42;21.39;0.0;22.372;0.71;36.22
1981-08-13;7.72;15.67;23.63;0.0;21.19;0.39;38.66
1981-08-14;8.44;16.18;23.91;8.0;23.489;0.9;36.72
1981-08-15;9.32;13.95;18.58;0.0;9.89;0.77;72.12
1981-08-16;7.0;12.42;17.84;0.0;19.278;0.77;39.73
1981-08-17;7.58;11.9;16.22;0.0;20.412;1.22;34.3
1981-08-18;6.65;11.89;17.13;0.0;21.109;1.09;33.21
1981-08-19;6.0;12.1;18.2;0.0;20.841;0.6;33.26
1981-08-20;6.49;12.07;17.65;0.0;15.373;1.06;42.08
1981-08-21;5.78;10.42;15.06;0.0;18.905;1.03;35.49
1981-08-22;5.54;9.94;14.34;0.0;16.686;0.97;37.37
1981-08-23;3.92;8.46;13.0;0.0;16.554;0.67;39.77
1981-08-24;2.71;8.63;14.55;0.0;19.966;0.23;31.18
1981-08-25;3.44;10.57;17.7;0.0;19.565;0.56;30.54
1981-08-26;4.83;11.53;18.23;0.0;17.658;0.52;33.77
1981-08-27;6.33;12.64;18.96;7.08;13.927;1.01;44.01
1981-08-28;11.47;15.28;19.09;6.31;9.024;1.1;64.61
1981-08-29;12.12;14.07;16.03;4.55;5.378;0.91;91.23
1981-08-30;5.6;11.08;16.56;0.0;8.662;0.97;68.43
1981-08-31;4.89;11.33;17.77;0.0;12.763;0.31;47.54
1981-09-01;8.3;13.32;18.34;0.0;12.374;0.41;46.46
1981-09-02;10.08;12.71;15.35;7.08;4.926;1.09;82.54
1981-09-03;11.61;14.38;17.14;1.28;8.899;0.69;77.88
1981-09-04;5.29;9.88;14.46;0.0;7.256;0.75;69.98
1981-09-05;5.18;11.24;17.31;2.73;12.345;0.97;51.24
1981-09-06;10.7;14.04;17.37;4.15;10.852;1.22;72.9
1981-09-07;12.45;14.52;16.59;4.11;7.181;1.24;81.5
1981-09-08;10.94;13.53;16.12;5.25;5.576;0.78;78.75
1981-09-09;5.95;10.34;14.73;0.0;13.808;1.15;53.45
1981-09-10;4.69;10.16;15.63;0.0;13.064;1.09;45.42
1981-09-11;5.51;10.78;16.05;0.0;14.626;1.24;38.59
1981-09-12;4.48;9.84;15.19;0.0;14.81;0.94;33.41
1981-09-13;4.39;9.58;14.78;0.0;14.311;0.95;35.51
1981-09-14;4.95;9.53;14.11;0.43;8.974;1.06;57.35
1981-09-15;9.13;11.01;12.89;0.82;5.606;1.18;86.65
1981-09-16;10.42;13.45;16.47;0.22;7.915;1.55;64.68
1981-09-17;7.46;11.76;16.06;7.51;6.002;1.09;71.96
1981-09-18;5.8;10.96;16.13;5.41;9.156;0.72;64.24
1981-09-19;10.0;11.14;12.29;21.43;2.618;1.45;97.04
1981-09-20;7.92;10.84;13.75;0.36;7.716;1.0;81.89
1981-09-21;9.04;11.31;13.58;4.6;7.341;1.26;80.13
1981-09-22;9.26;11.63;13.99;0.63;6.699;1.21;74.33
1981-09-23;7.04;10.28;13.51;0.93;5.92;1.22;77.67
1981-09-24;6.31;9.9;13.49;0.86;7.846;0.84;71.97
1981-09-25;6.48;10.25;14.02;0.32;10.727;0.79;58.86
1981-09-26;1.69;6.21;10.72;0.0;7.557;0.87;58.53
1981-09-27;-0.76;5.0;10.77;0.0;10.689;0.68;43.83
1981-09-28;2.9;7.15;11.39;0.0;9.992;0.79;44.83
1981-09-29;2.35;6.31;10.28;0.0;11.033;1.26;41.47
1981-09-30;1.54;5.64;9.75;0.0;10.575;0.82;46.18
1981-10-01;-0.83;4.03;8.89;0.0;9.563;0.61;47.79
1981-10-02;0.43;4.62;8.8;0.0;9.477;1.11;44.56
1981-10-03;2.88;6.6;10.32;0.35;9.063;1.79;50.04
1981-10-04;8.55;11.23;13.9;3.52;2.507;1.32;89.74
1981-10-05;7.36;10.28;13.2;1.43;2.929;0.83;95.62
1981-10-06;4.7;9.67;14.64;0.3;8.789;1.17;64.26
1981-10-07;10.12;12.63;15.13;0.0;4.094;1.56;79.48
1981-10-08;5.61;8.78;11.94;5.54;1.621;1.32;93.93
1981-10-09;4.45;7.36;10.26;0.39;3.368;0.92;83.09
1981-10-10;3.52;6.92;10.31;5.25;5.368;0.86;83.4
1981-10-11;4.13;6.88;9.62;2.44;3.896;1.16;72.96
1981-10-12;5.61;6.5;7.38;11.07;2.799;1.34;91.94
1981-10-13;3.09;4.89;6.7;0.0;7.159;1.31;46.57
1981-10-14;4.2;7.64;11.08;1.04;5.961;1.67;69.29
1981-10-15;9.57;10.48;11.39;18.37;1.719;0.94;98.35
1981-10-16;2.39;6.11;9.82;0.0;3.203;1.26;79.41
1981-10-17;-1.95;1.98;5.92;0.22;5.412;0.61;55.59
1981-10-18;4.31;7.46;10.6;3.65;1.903;1.08;88.95
1981-10-19;5.18;7.72;10.27;0.0;5.263;1.49;74.12
1981-10-20;3.27;4.26;5.26;0.68;4.469;1.43;75.82
1981-10-21;-2.89;0.11;3.12;0.0;3.803;1.41;48.75
1981-10-22;-3.58;-1.33;0.91;0.0;5.661;0.34;36.45
1981-10-23;-1.6;0.81;3.23;2.82;3.127;1.34;67.8
1981-10-24;2.0;3.05;4.1;1.51;1.6;0.98;93.38
1981-10-25;-4.95;-1.27;2.42;3.6;4.52;1.02;76.18
1981-10-26;1.59;3.1;4.62;3.37;1.591;1.33;92.53
1981-10-27;-4.9;-1.37;2.17;0.0;3.468;1.71;48.56
1981-10-28;-5.58;-0.94;3.71;1.18;2.93;1.2;60.76
1981-10-29;-5.54;-1.47;2.6;0.0;4.076;0.99;43.75
1981-10-30;-1.48;1.66;4.79;0.0;4.139;1.13;73.85
1981-10-31;-1.7;0.68;3.06;0.64;4.216;1.26;75.6
1981-11-01;1.41;2.98;4.56;2.39;1.776;1.32;91.52
1981-11-02;-3.09;0.71;4.51;0.4;3.167;0.92;85.38
1981-11-03;-2.15;1.32;4.8;3.38;3.023;1.71;76.26
1981-11-04;3.49;4.8;6.11;4.27;1.563;1.42;88.72
1981-11-05;2.91;4.45;5.99;0.53;2.436;1.04;87.98
1981-11-06;4.34;5.56;6.79;0.0;2.633;0.98;89.25
1981-11-07;1.89;4.12;6.34;1.76;1.254;1.03;83.04
1981-11-08;2.31;5.51;8.71;2.14;1.402;1.49;84.43
1981-11-09;5.81;6.71;7.61;1.43;1.135;1.45;92.22
1981-11-10;5.65;6.21;6.77;0.91;1.035;0.73;93.61
1981-11-11;5.7;6.5;7.29;8.08;1.156;0.57;93.05
1981-11-12;3.41;5.1;6.79;0.63;1.358;0.97;88.52
1981-11-13;1.76;4.25;6.74;1.1;1.507;1.37;82.53
1981-11-14;6.13;6.96;7.78;4.01;1.024;1.7;90.78
1981-11-15;1.6;4.11;6.62;0.0;1.434;1.78;79.19
1981-11-16;-1.51;-0.09;1.33;0.0;2.182;0.81;67.26
1981-11-17;-2.12;-1.25;-0.37;0.0;2.026;1.1;43.37
1981-11-18;-6.21;-3.44;-0.67;0.0;1.887;0.75;53.35
1981-11-19;-6.14;-4.25;-2.37;0.0;2.072;1.16;66.11
1981-11-20;-4.39;-3.54;-2.68;0.0;2.011;1.53;61.37
1981-11-21;-4.41;-3.02;-1.62;0.0;1.725;1.22;61.93
1981-11-22;-4.96;-3.7;-2.44;0.0;1.855;0.85;71.99
1981-11-23;-4.29;-3.17;-2.05;3.74;1.739;1.65;76.83
1981-11-24;-2.97;-2.31;-1.64;1.49;0.793;1.47;82.97
1981-11-25;-6.46;-4.78;-3.09;0.0;1.699;1.9;66.97
1981-11-26;-9.43;-7.74;-6.06;0.0;1.756;1.94;66.73
1981-11-27;-10.74;-9.47;-8.2;0.0;1.106;1.61;78.57
1981-11-28;-11.32;-10.02;-8.71;0.0;1.578;1.4;77.61
1981-11-29;-12.14;-10.63;-9.12;0.0;1.42;1.19;80.2
1981-11-30;-13.51;-11.96;-10.42;0.0;1.46;1.18;84.74
1981-12-01;-12.75;-10.85;-8.95;0.29;1.283;1.34;78.5
1981-12-02;-14.56;-12.41;-10.27;0.32;1.273;1.19;75.08
1981-12-03;-19.82;-16.37;-12.91;0.0;1.223;0.55;76.37
1981-12-04;-19.91;-14.08;-8.25;0.99;0.907;1.21;31.36
1981-12-05;-9.31;-5.71;-2.1;2.72;0.733;1.87;72.04
1981-12-06;-2.34;-1.04;0.26;7.73;0.395;1.74;83.52
1981-12-07;-5.25;-2.42;0.42;1.23;0.793;1.1;84.13
1981-12-08;-0.08;0.47;1.01;11.29;0.453;1.99;87.56
1981-12-09;-6.69;-3.03;0.63;0.22;0.798;1.26;73.72
1981-12-10;-9.14;-7.76;-6.38;0.0;0.835;1.06;84.75
1981-12-11;-7.78;-4.82;-1.86;1.35;0.565;1.11;63.57
1981-12-12;-3.42;-2.54;-1.65;0.39;0.539;0.58;87.0
1981-12-13;-4.2;-3.0;-1.79;3.34;0.478;1.22;87.41
1981-12-14;-11.33;-7.46;-3.59;0.35;0.655;1.27;59.59
1981-12-15;-19.09;-14.54;-9.98;0.75;0.861;2.26;51.47
1981-12-16;-23.19;-19.66;-16.12;0.0;0.849;2.1;49.02
1981-12-17;-24.64;-21.64;-18.65;0.0;0.611;1.31;83.9
1981-12-18;-25.86;-22.95;-20.03;0.0;0.564;0.66;91.4
1981-12-19;-24.59;-21.04;-17.48;0.0;0.825;0.46;82.81
1981-12-20;-21.24;-18.09;-14.94;0.0;0.492;0.68;89.19
1981-12-21;-19.41;-17.01;-14.61;0.16;0.507;0.53;90.31
1981-12-22;-18.73;-14.87;-11.01;0.0;0.537;0.28;72.67
1981-12-23;-17.63;-15.18;-12.74;0.46;0.834;1.02;83.36
1981-12-24;-15.75;-11.48;-7.22;2.73;0.746;1.62;24.92
1981-12-25;-8.66;-6.95;-5.23;2.55;0.582;1.97;77.95
1981-12-26;-9.42;-8.04;-6.65;1.78;0.647;1.94;75.85
1981-12-27;-12.36;-10.15;-7.94;1.44;0.804;1.97;66.63
1981-12-28;-11.48;-8.66;-5.84;2.66;0.593;1.14;74.39
1981-12-29;-13.65;-10.34;-7.03;0.4;0.561;0.57;76.88
1981-12-30;-15.14;-12.12;-9.1;0.26;0.522;1.26;72.95
1981-12-31;-17.72;-14.57;-11.42;0.0;0.535;1.38;78.21
1982-01-01;-22.85;-19.05;-15.24;0.0;0.669;1.01;77.54
1982-01-02;-22.76;-20.24;-17.72;0.0;0.86;0.57;89.73
1982-01-03;-20.84;-12.89;-4.95;1.04;0.696;1.41;5.8
1982-01-04;-7.46;-5.35;-3.24;0.68;0.897;1.57;75.49
1982-01-05;-7.56;-5.92;-4.28;0.0;0.921;1.9;71.71
1982-01-06;-4.98;-2.59;-0.2;5.29;0.486;2.01;72.93
1982-01-07;-4.23;-2.48;-0.72;5.51;0.53;1.64;76.06
1982-01-08;-6.02;-4.48;-2.95;2.58;0.702;1.67;75.6
1982-01-09;-14.04;-9.16;-4.28;0.91;1.018;1.48;64.14
1982-01-10;-23.5;-18.01;-12.52;0.29;0.987;0.87;55.75
1982-01-11;-16.75;-10.32;-3.89;2.64;0.883;1.5;69.67
1982-01-12;-10.05;-7.06;-4.07;0.75;1.009;1.63;78.03
1982-01-13;-13.9;-11.48;-9.07;2.06;1.176;1.94;73.12
1982-01-14;-12.42;-11.32;-10.23;0.77;1.335;1.37;84.77
1982-01-15;-17.62;-13.96;-10.3;0.0;1.426;1.55;82.39
1982-01-16;-20.93;-17.7;-14.46;0.0;1.004;1.23;82.06
1982-01-17;-20.85;-12.41;-3.97;0.48;1.398;1.37;15.64
1982-01-18;-5.29;-3.13;-0.96;1.68;0.215;1.56;76.48
1982-01-19;-2.24;-0.3;1.65;1.96;1.369;1.68;72.78
1982-01-20;-1.13;0.42;1.97;0.0;1.374;1.19;81.55
1982-01-21;-8.51;-3.96;0.58;0.0;1.242;0.9;72.92
1982-01-22;-9.55;-5.16;-0.77;0.0;1.413;1.64;63.48
1982-01-23;-1.97;-1.09;-0.22;0.0;1.781;2.06;82.42
1982-01-24;-3.81;-2.41;-1.0;0.0;1.579;1.8;76.44
1982-01-25;-4.01;-2.51;-1.02;0.82;1.483;1.88;75.96
1982-01-26;-17.76;-9.29;-0.83;0.0;1.881;1.06;36.19
1982-01-27;-18.11;-15.52;-12.93;0.0;1.399;0.99;94.87
1982-01-28;-17.27;-8.69;-0.1;0.44;1.76;0.57;24.8
1982-01-29;-9.25;-4.65;-0.05;0.0;1.553;1.23;72.92
1982-01-30;-8.88;-5.43;-1.97;0.74;2.667;2.07;66.88
1982-01-31;-3.35;-1.42;0.51;0.98;1.751;2.06;75.02
1982-02-01;-3.3;-0.55;2.19;1.53;1.441;1.91;53.71
1982-02-02;-2.39;0.08;2.56;0.23;2.093;1.61;71.21
1982-02-03;-1.53;0.83;3.18;1.0;1.332;1.81;74.49
1982-02-04;-3.64;-0.38;2.89;0.77;3.354;1.99;70.54
1982-02-05;0.26;1.4;2.53;0.0;3.546;2.93;67.87
1982-02-06;0.52;1.65;2.77;2.19;1.16;2.32;82.27
1982-02-07;-4.11;-0.79;2.54;0.0;2.792;1.29;76.49
1982-02-08;-3.25;-0.98;1.28;0.0;4.043;2.39;75.86
1982-02-09;-0.79;0.65;2.08;0.0;1.719;2.68;79.58
1982-02-10;-2.2;-0.73;0.74;1.15;3.738;2.61;65.18
1982-02-11;-11.69;-5.79;0.11;0.0;3.934;1.82;34.35
1982-02-12;-14.25;-7.38;-0.52;1.42;4.296;1.62;18.04
1982-02-13;-6.82;-2.69;1.45;0.3;3.671;1.63;67.58
1982-02-14;-5.72;-2.9;-0.08;0.0;4.18;1.38;76.68
1982-02-15;-5.83;-2.21;1.42;0.0;4.495;1.61;77.6
1982-02-16;-4.45;-1.85;0.75;0.0;5.54;1.85;60.32
1982-02-17;-8.66;-4.58;-0.49;0.46;3.939;1.59;73.52
1982-02-18;-18.62;-12.62;-6.61;0.0;5.911;0.15;47.69
1982-02-19;-16.97;-11.97;-6.97;0.0;5.166;0.97;56.57
1982-02-20;-13.15;-6.42;0.3;0.37;2.958;1.1;62.09
1982-02-21;-16.81;-12.2;-7.6;0.0;5.252;0.47;76.06
1982-02-22;-16.88;-12.9;-8.92;0.0;4.775;0.93;85.11
1982-02-23;-17.28;-12.9;-8.52;0.0;4.894;1.02;74.59
1982-02-24;-13.41;-10.8;-8.19;0.0;6.008;0.96;87.47
1982-02-25;-12.96;-9.86;-6.76;0.0;6.331;0.88;79.71
1982-02-26;-15.32;-11.0;-6.68;0.0;6.635;0.86;81.78
1982-02-27;-16.44;-12.17;-7.89;0.0;6.02;0.73;78.55
1982-02-28;-15.15;-9.24;-3.33;0.5;6.372;1.06;49.94
1982-03-01;-5.61;-2.89;-0.16;0.59;5.918;1.53;75.17
1982-03-02;-17.02;-10.55;-4.08;0.0;7.322;1.6;62.13
1982-03-03;-17.42;-11.94;-6.45;0.0;7.987;0.76;69.12
1982-03-04;-15.81;-8.38;-0.95;0.99;6.686;1.09;54.96
1982-03-05;-15.98;-7.48;1.03;9.33;5.296;1.93;60.4
1982-03-06;-1.74;-0.1;1.53;2.07;4.8;2.18;83.28
1982-03-07;-8.11;-3.67;0.76;5.27;3.675;1.89;79.55
1982-03-08;-12.18;-8.38;-4.59;0.0;8.539;1.1;75.45
1982-03-09;-15.51;-11.21;-6.92;0.0;8.846;0.43;81.95
1982-03-10;-14.29;-9.49;-4.69;0.0;9.261;1.19;70.09
1982-03-11;-17.61;-9.89;-2.18;0.0;9.064;1.0;28.69
1982-03-12;-4.78;-0.97;2.85;9.2;3.577;2.61;74.84
1982-03-13;0.19;1.65;3.11;7.51;3.795;1.45;88.72
1982-03-14;-10.78;-4.36;2.06;0.0;10.218;1.75;38.07
1982-03-15;-11.33;-4.3;2.72;0.3;7.877;1.29;49.34
1982-03-16;-2.71;0.79;4.28;0.0;9.247;1.14;73.38
1982-03-17;-2.38;0.86;4.1;0.0;9.379;1.57;74.58
1982-03-18;-2.06;1.12;4.31;0.0;7.528;1.24;78.98
1982-03-19;-0.83;2.02;4.88;0.0;10.633;1.72;72.58
1982-03-20;0.08;2.19;4.29;0.0;11.417;1.84;78.33
1982-03-21;3.05;3.57;4.09;12.78;1.668;2.04;89.53
1982-03-22;3.26;3.65;4.04;8.95;1.853;1.59;89.95
1982-03-23;3.32;3.74;4.16;2.02;2.665;1.08;89.88
1982-03-24;0.21;2.56;4.92;0.0;13.802;0.92;81.71
1982-03-25;-1.47;1.7;4.87;0.0;11.339;0.93;61.96
1982-03-26;-2.93;1.18;5.28;0.0;13.379;0.78;58.32
1982-03-27;-0.61;2.42;5.46;4.47;10.987;1.13;75.18
1982-03-28;1.65;3.39;5.14;3.53;4.794;1.32;87.68
1982-03-29;-1.42;1.33;4.09;0.0;15.755;1.23;57.12
1982-03-30;0.77;3.21;5.64;2.6;6.824;1.28;81.71
1982-03-31;0.45;2.85;5.25;1.77;15.603;0.66;79.93
1982-04-01;-2.12;1.3;4.72;0.0;16.033;0.99;73.82
1982-04-02;-3.18;-0.05;3.09;0.0;15.22;1.11;49.48
1982-04-03;0.23;3.98;7.72;0.0;15.512;2.29;58.56
1982-04-04;4.38;6.0;7.62;4.27;3.484;1.95;88.24
1982-04-05;4.14;6.88;9.61;2.58;4.044;1.31;81.46
1982-04-06;2.07;4.09;6.12;3.21;5.86;1.43;80.69
1982-04-07;1.38;4.25;7.11;1.03;16.045;1.09;28.8
1982-04-08;2.73;4.42;6.11;3.13;5.158;1.44;81.81
1982-04-09;0.7;4.29;7.89;0.0;16.564;0.64;46.42
1982-04-10;0.44;6.11;11.78;0.0;17.493;0.53;37.7
1982-04-11;1.04;5.75;10.46;0.0;11.378;0.94;57.53
1982-04-12;0.36;3.72;7.07;0.0;17.324;1.26;24.05
1982-04-13;0.15;4.38;8.61;0.0;19.256;1.11;24.82
1982-04-14;2.92;7.83;12.74;0.0;17.142;1.99;44.46
1982-04-15;4.67;7.22;9.77;9.13;3.523;1.28;82.36
1982-04-16;1.58;5.46;9.34;0.0;18.004;1.36;33.91
1982-04-17;1.36;4.55;7.74;1.71;11.273;1.52;42.78
1982-04-18;4.51;7.31;10.12;2.37;4.33;1.32;82.04
1982-04-19;2.21;6.71;11.21;0.0;19.044;0.61;41.16
1982-04-20;1.53;4.89;8.25;5.36;9.28;1.32;60.78
1982-04-21;2.81;7.42;12.02;0.0;10.975;0.88;50.43
1982-04-22;2.81;6.19;9.57;0.84;7.068;0.73;67.24
1982-04-23;4.76;7.04;9.32;6.16;4.219;2.05;76.12
1982-04-24;3.08;4.85;6.61;3.76;7.208;1.62;81.69
1982-04-25;0.83;4.79;8.76;0.0;14.756;1.2;44.69
1982-04-26;-0.2;3.27;6.73;0.54;11.851;1.44;41.92
1982-04-27;-0.58;2.48;5.55;0.0;21.19;1.38;21.56
1982-04-28;-1.12;3.04;7.2;0.0;21.667;0.36;23.8
1982-04-29;-0.4;3.17;6.75;1.16;16.062;0.41;44.34
1982-04-30;1.81;6.19;10.56;0.0;17.004;0.3;38.38
1982-05-01;-0.05;6.06;12.18;0.0;22.434;0.63;21.83
1982-05-02;1.49;6.75;12.0;0.0;23.456;1.12;25.96
1982-05-03;0.29;6.94;13.59;0.0;21.28;0.66;28.23
1982-05-04;0.33;7.49;14.65;0.0;24.66;0.86;22.2
1982-05-05;2.5;8.66;14.81;0.0;25.044;1.35;18.11
1982-05-06;5.4;9.52;13.63;0.0;12.351;1.49;23.34
1982-05-07;5.17;10.16;15.14;0.0;15.461;0.73;28.75
1982-05-08;3.43;9.62;15.81;0.0;17.188;0.25;31.03
1982-05-09;1.96;8.37;14.78;0.0;18.744;0.39;36.21
1982-05-10;2.15;8.54;14.93;0.0;15.333;0.28;38.97
1982-05-11;0.96;8.59;16.21;0.0;25.038;0.57;30.68
1982-05-12;1.16;8.89;16.62;0.0;26.925;0.58;31.21
1982-05-13;2.06;9.47;16.88;0.0;17.048;0.44;38.27
1982-05-14;1.34;8.38;15.43;0.0;25.28;0.64;36.44
1982-05-15;0.13;8.65;17.18;0.0;26.941;0.45;31.86
1982-05-16;1.18;8.42;15.66;1.94;18.38;0.51;38.7
1982-05-17;2.14;8.11;14.08;0.0;23.306;0.94;34.29
1982-05-18;1.79;6.89;12.0;0.0;22.03;1.15;36.28
1982-05-19;1.62;5.21;8.79;0.0;19.004;1.08;41.01
1982-05-20;-0.04;5.94;11.91;0.0;26.775;0.69;25.7
1982-05-21;4.35;6.71;9.08;1.93;8.287;1.19;64.66
1982-05-22;4.2;9.75;15.3;0.0;27.192;1.51;31.47
1982-05-23;3.47;8.02;12.56;0.0;27.276;1.37;22.86
1982-05-24;1.43;6.66;11.89;0.0;27.449;0.86;22.35
1982-05-25;1.05;6.53;12.0;0.0;26.842;0.61;27.13
1982-05-26;3.4;7.81;12.21;0.0;21.662;0.73;31.96
1982-05-27;2.64;7.18;11.72;0.95;16.265;1.06;50.77
1982-05-28;7.8;11.05;14.31;6.53;11.642;1.34;68.39
1982-05-29;9.57;11.93;14.28;6.75;9.114;1.3;71.21
1982-05-30;8.82;11.82;14.83;0.0;16.335;1.21;59.54
1982-05-31;8.91;13.93;18.95;0.0;27.606;1.0;42.4
1982-06-01;10.02;13.75;17.48;11.67;7.901;1.2;65.34
1982-06-02;7.95;11.32;14.7;5.32;9.971;0.75;86.65
1982-06-03;4.29;11.32;18.36;0.0;30.151;0.58;26.73
1982-06-04;8.19;11.0;13.81;15.6;7.339;1.08;68.13
1982-06-05;4.8;10.29;15.78;0.0;20.496;1.4;44.76
1982-06-06;4.12;10.9;17.67;0.0;29.245;0.8;36.67
1982-06-07;11.54;14.96;18.38;3.15;8.105;1.12;60.29
1982-06-08;11.99;17.41;22.84;1.3;20.251;1.28;37.2
1982-06-09;10.71;16.2;21.68;2.11;24.627;1.66;35.78
1982-06-10;3.64;11.93;20.21;0.0;29.029;0.98;27.52
1982-06-11;3.03;11.83;20.63;0.0;29.592;0.61;29.53
1982-06-12;10.93;14.53;18.13;2.03;16.998;0.57;47.48
1982-06-13;11.04;12.0;12.96;3.01;11.18;1.13;93.62
1982-06-14;10.72;13.5;16.28;3.11;10.59;0.72;61.47
1982-06-15;8.08;11.29;14.49;14.16;7.731;1.33;66.28
1982-06-16;5.77;10.5;15.22;1.66;25.729;1.06;44.62
1982-06-17;5.35;10.29;15.23;2.21;17.426;0.96;49.31
1982-06-18;7.7;10.51;13.32;0.0;14.9;1.13;55.21
1982-06-19;8.71;11.39;14.06;3.66;14.321;0.9;54.51
1982-06-20;7.65;11.77;15.89;0.0;18.146;1.09;46.96
1982-06-21;6.72;12.4;18.08;0.0;28.064;0.64;39.09
1982-06-22;7.39;12.98;18.58;0.0;17.207;0.52;43.29
1982-06-23;7.62;12.59;17.55;2.03;23.67;1.17;42.35
1982-06-24;8.55;11.11;13.66;3.0;14.644;1.26;56.8
1982-06-25;9.42;10.38;11.34;1.51;11.327;1.38;73.13
1982-06-26;9.63;10.21;10.79;10.04;12.665;1.35;82.66
1982-06-27;7.96;11.85;15.73;0.0;22.928;1.21;46.75
1982-06-28;6.62;9.73;12.85;3.04;22.058;1.01;51.48
1982-06-29;6.9;11.58;16.26;0.84;24.498;1.09;43.9
1982-06-30;11.78;13.38;14.97;14.47;4.399;1.42;90.06
1982-07-01;13.58;15.92;18.26;1.27;18.254;1.59;67.32
1982-07-02;8.54;12.28;16.01;1.25;11.72;1.38;81.52
1982-07-03;7.57;13.34;19.1;2.04;23.138;0.75;44.64
1982-07-04;13.32;15.47;17.63;37.53;6.489;0.78;89.85
1982-07-05;15.12;18.97;22.83;1.11;11.657;0.93;61.25
1982-07-06;16.08;20.59;25.11;4.8;17.312;1.06;54.97
1982-07-07;12.61;17.48;22.34;0.0;28.296;0.7;55.16
1982-07-08;10.11;14.43;18.75;12.21;14.15;0.93;63.11
1982-07-09;8.16;15.43;22.7;0.0;28.791;0.5;38.1
1982-07-10;12.04;16.13;20.21;3.44;11.89;1.11;58.17
1982-07-11;14.13;15.59;17.05;2.57;9.761;1.26;85.65
1982-07-12;13.97;16.2;18.42;0.58;9.842;0.34;81.76
1982-07-13;13.82;16.7;19.57;0.47;10.921;0.19;76.59
1982-07-14;14.37;18.13;21.89;1.46;16.78;0.83;60.62
1982-07-15;14.95;16.36;17.76;36.17;4.136;1.24;95.99
1982-07-16;15.57;16.78;17.99;5.1;4.719;0.76;98.49
1982-07-17;14.64;15.87;17.1;0.82;5.979;1.17;88.66
1982-07-18;15.04;17.59;20.14;3.22;15.928;1.4;57.6
1982-07-19;14.63;18.27;21.9;0.0;23.67;1.2;50.81
1982-07-20;15.53;19.36;23.2;0.0;16.862;0.49;51.64
1982-07-21;11.4;16.1;20.8;7.46;10.411;0.21;83.61
1982-07-22;10.09;17.14;24.19;0.0;25.937;0.53;44.88
1982-07-23;11.6;17.31;23.02;2.16;25.145;0.63;48.45
1982-07-24;10.71;15.63;20.54;0.0;26.292;1.01;52.77
1982-07-25;10.51;15.25;19.98;4.9;21.298;0.82;53.37
1982-07-26;12.27;14.88;17.5;1.75;17.833;0.77;65.1
1982-07-27;11.8;16.41;21.02;3.38;18.664;1.04;53.58
1982-07-28;11.8;13.53;15.26;0.77;17.847;1.29;64.05
1982-07-29;11.17;13.64;16.1;0.0;17.464;1.38;53.33
1982-07-30;10.93;13.96;16.99;0.0;17.383;1.11;46.63
1982-07-31;9.89;14.28;18.66;0.0;23.75;0.74;42.59
1982-08-01;8.85;13.98;19.12;0.0;20.706;0.69;43.99
1982-08-02;8.1;14.34;20.59;0.0;20.623;0.5;44.4
1982-08-03;11.09;15.79;20.5;0.0;17.948;0.32;51.55
1982-08-04;11.01;15.79;20.57;0.0;16.198;0.19;54.81
1982-08-05;8.1;14.86;21.61;0.0;22.327;0.25;42.99
1982-08-06;7.74;14.56;21.38;1.73;17.581;0.63;57.46
1982-08-07;14.38;18.13;21.88;12.04;13.393;0.96;67.74
1982-08-08;10.94;16.42;21.9;0.0;24.282;0.56;52.91
1982-08-09;11.3;14.6;17.89;3.67;11.092;0.75;70.59
1982-08-10;11.07;14.1;17.13;6.5;13.001;1.14;70.86
1982-08-11;12.17;14.68;17.18;1.87;11.168;0.67;80.31
1982-08-12;10.55;13.26;15.97;7.17;10.985;0.67;80.77
1982-08-13;9.34;13.55;17.76;0.0;17.048;0.61;59.58
1982-08-14;8.94;15.28;21.62;6.63;16.782;1.24;51.35
1982-08-15;9.36;15.42;21.49;2.09;15.788;0.99;55.19
1982-08-16;10.53;14.15;17.77;3.19;13.989;1.0;70.08
1982-08-17;8.73;13.86;18.98;0.0;11.801;0.61;57.65
1982-08-18;7.37;13.2;19.02;0.0;14.334;0.45;55.59
1982-08-19;9.37;13.23;17.09;0.0;13.127;0.86;60.59
1982-08-20;6.22;13.11;20.0;0.52;18.937;0.53;46.86
1982-08-21;7.23;12.89;18.55;10.36;9.24;0.55;56.77
1982-08-22;8.9;13.44;17.98;0.71;17.267;0.41;55.52
1982-08-23;6.37;10.71;15.06;3.18;9.089;0.86;67.93
1982-08-24;4.93;10.21;15.49;0.0;19.788;0.7;38.26
1982-08-25;5.34;9.81;14.28;0.0;19.654;0.96;39.98
1982-08-26;4.2;9.4;14.6;0.0;20.326;0.54;40.66
1982-08-27;4.15;9.31;14.47;0.0;19.279;0.47;40.2
1982-08-28;6.28;10.17;14.05;0.0;13.122;0.34;46.52
1982-08-29;5.13;9.5;13.87;0.0;12.201;0.64;54.16
1982-08-30;3.53;9.62;15.7;2.87;17.713;0.81;43.68
1982-08-31;10.18;13.89;17.61;28.54;3.58;1.45;80.84
1982-09-01;11.75;14.63;17.5;0.0;10.537;0.94;78.72
1982-09-02;10.02;13.02;16.02;0.0;10.615;0.84;65.61
1982-09-03;3.85;9.93;16.01;1.23;12.976;0.59;54.7
1982-09-04;3.4;9.94;16.48;1.09;13.362;0.26;50.59
1982-09-05;9.78;11.24;12.7;11.18;2.577;0.9;89.15
1982-09-06;5.07;9.19;13.3;0.0;15.636;1.28;46.45
1982-09-07;3.47;8.08;12.69;0.0;14.261;0.68;41.69
1982-09-08;4.56;9.05;13.55;1.53;11.108;1.15;58.91
1982-09-09;10.44;11.71;12.98;5.76;6.735;1.59;84.0
1982-09-10;10.36;11.43;12.49;6.09;4.19;1.14;92.3
1982-09-11;7.56;10.74;13.92;0.76;9.364;0.81;78.97
1982-09-12;7.07;10.95;14.83;1.84;9.999;0.45;61.24
1982-09-13;3.83;7.86;11.89;0.57;8.484;1.13;65.28
1982-09-14;2.89;7.05;11.21;0.77;11.529;0.86;52.24
1982-09-15;2.18;7.38;12.59;2.47;11.179;1.27;48.59
1982-09-16;8.48;9.48;10.49;11.75;3.929;1.62;88.59
1982-09-17;6.67;9.8;12.94;0.74;9.208;0.78;62.66
1982-09-18;3.0;7.79;12.58;1.92;9.069;0.52;76.13
1982-09-19;2.65;6.74;10.83;0.61;4.469;0.66;75.56
1982-09-20;3.66;7.1;10.54;0.0;11.19;0.8;52.31
1982-09-21;2.94;5.84;8.75;0.0;8.528;1.18;59.98
1982-09-22;1.26;4.37;7.48;0.0;11.948;1.38;37.73
1982-09-23;-0.04;3.21;6.45;0.0;11.456;1.22;36.28
1982-09-24;-1.75;3.28;8.3;0.89;10.873;0.38;54.53
1982-09-25;6.98;9.16;11.34;0.4;7.314;0.6;75.98
1982-09-26;5.08;8.09;11.09;2.16;6.389;1.3;59.44
1982-09-27;5.42;7.22;9.03;3.6;4.544;1.02;92.96
1982-09-28;4.24;6.07;7.9;0.0;5.259;0.53;86.04
1982-09-29;2.46;6.15;9.84;0.0;6.774;0.7;65.7
1982-09-30;2.57;7.63;12.68;0.0;6.829;0.63;55.03
1982-10-01;2.47;7.9;13.33;0.0;8.673;0.69;50.7
1982-10-02;6.6;11.04;15.48;0.96;5.153;1.89;59.99
1982-10-03;9.29;12.32;15.36;3.84;8.208;1.58;86.68
1982-10-04;8.08;10.3;12.53;7.34;1.868;1.49;89.36
1982-10-05;10.82;11.66;12.5;6.02;1.493;1.25;100.0
1982-10-06;4.58;8.62;12.66;0.5;2.279;0.94;90.06
1982-10-07;3.11;7.08;11.05;0.0;8.26;1.1;54.98
1982-10-08;3.3;8.21;13.13;20.97;1.528;1.36;77.12
1982-10-09;9.82;11.46;13.1;4.7;3.459;1.65;89.56
1982-10-10;2.38;6.98;11.59;0.27;3.656;1.0;83.78
1982-10-11;2.45;6.38;10.31;0.0;5.864;0.64;65.56
1982-10-12;2.72;6.13;9.53;0.91;4.014;0.84;82.21
1982-10-13;8.56;10.95;13.33;22.77;1.285;1.35;92.41
1982-10-14;7.54;11.05;14.57;6.18;5.473;0.67;84.41
1982-10-15;10.72;12.84;14.96;0.39;3.228;0.84;91.12
1982-10-16;6.19;9.84;13.48;0.37;3.618;0.49;85.73
1982-10-17;4.86;8.54;12.21;8.05;2.383;0.54;90.18
1982-10-18;6.66;8.62;10.57;0.49;2.613;0.79;88.44
1982-10-19;3.86;7.63;11.39;0.0;3.582;0.89;84.4
1982-10-20;3.68;6.46;9.23;0.0;2.476;0.74;88.57
1982-10-21;3.57;6.08;8.6;0.66;2.468;0.69;90.81
1982-10-22;2.04;5.13;8.23;0.0;4.144;0.52;82.97
1982-10-23;1.38;4.56;7.74;0.0;3.713;0.65;84.8
1982-10-24;4.72;7.63;10.54;0.0;3.631;0.7;82.91
1982-10-25;6.13;7.93;9.72;0.0;3.847;1.17;83.42
1982-10-26;5.6;7.62;9.63;1.11;4.819;1.54;80.21
1982-10-27;4.96;7.69;10.42;0.92;2.061;1.46;83.36
1982-10-28;0.09;4.29;8.5;0.0;3.526;0.9;78.65
1982-10-29;0.04;3.11;6.18;0.0;3.12;1.14;83.37
1982-10-30;4.13;6.22;8.31;3.35;1.337;1.21;86.63
1982-10-31;5.46;6.82;8.19;0.0;1.724;1.53;88.99
1982-11-01;1.38;3.84;6.31;0.0;2.309;1.61;72.28
1982-11-02;-0.43;1.67;3.78;0.0;3.274;1.24;44.95
1982-11-03;-0.9;0.86;2.63;0.0;3.141;0.88;62.22
1982-11-04;-1.34;0.29;1.93;0.0;3.023;0.7;74.92
1982-11-05;-1.29;0.47;2.23;0.0;2.85;1.11;62.31
1982-11-06;-0.52;0.96;2.44;0.0;2.941;0.87;78.27
1982-11-07;1.34;2.34;3.34;1.26;1.379;1.3;90.04
1982-11-08;-0.89;0.77;2.44;0.0;2.782;1.76;64.04
1982-11-09;-1.91;-1.0;-0.09;0.0;2.119;1.54;59.54
1982-11-10;-2.6;-1.56;-0.52;0.64;2.183;1.5;61.28
1982-11-11;-0.62;0.22;1.05;1.85;1.593;1.34;82.25
1982-11-12;-1.12;-0.21;0.7;0.46;1.683;1.15;80.79
1982-11-13;-1.61;-0.74;0.13;0.38;1.678;0.96;84.0
1982-11-14;-2.53;-0.5;1.52;0.56;1.421;1.07;81.85
1982-11-15;-3.17;-2.67;-2.16;0.0;1.72;0.97;83.81
1982-11-16;-3.1;-1.76;-0.41;0.34;1.677;0.8;79.23
1982-11-17;-0.88;0.35;1.58;2.57;1.128;1.19;84.72
1982-11-18;-0.89;0.17;1.24;0.8;1.242;1.45;83.69
1982-11-19;-5.02;-3.07;-1.12;0.31;2.045;1.19;70.24
1982-11-20;-6.95;-5.32;-3.69;0.0;2.051;1.01;81.37
1982-11-21;-9.32;-7.95;-6.58;0.0;1.681;0.82;85.81
1982-11-22;-9.75;-8.5;-7.24;0.0;1.955;0.72;85.17
1982-11-23;-8.15;-5.63;-3.12;0.53;1.458;0.7;69.86
1982-11-24;-3.12;-1.25;0.62;0.84;1.128;0.48;84.94
1982-11-25;-1.97;-1.0;-0.04;0.44;1.065;1.32;81.59
1982-11-26;-3.95;-2.43;-0.91;0.36;1.396;1.58;75.25
1982-11-27;-7.53;-5.55;-3.58;0.0;1.423;1.34;72.66
1982-11-28;-11.08;-8.91;-6.75;0.0;1.191;1.2;80.59
1982-11-29;-14.47;-11.92;-9.37;0.0;1.333;0.99;84.9
1982-11-30;-19.22;-15.43;-11.65;0.0;0.966;0.9;80.81
1982-12-01;-18.43;-13.25;-8.06;0.0;1.363;1.17;60.45
1982-12-02;-9.43;-7.28;-5.13;1.01;1.07;1.68;67.7
1982-12-03;-8.68;-6.54;-4.39;1.29;1.095;1.41;78.35
1982-12-04;-8.62;-5.43;-2.25;0.64;1.01;0.85;78.13
1982-12-05;-7.17;-4.28;-1.38;0.57;1.028;0.88;84.92
1982-12-06;-6.52;-4.8;-3.08;0.0;0.791;0.9;88.26
1982-12-07;-6.0;-2.12;1.77;1.07;0.772;1.93;65.39
1982-12-08;-0.51;1.04;2.59;1.75;0.532;1.49;87.5
1982-12-09;-0.57;0.91;2.39;0.85;0.624;1.47;86.66
1982-12-10;1.55;2.03;2.51;2.04;0.545;1.77;87.43
1982-12-11;1.73;2.16;2.59;1.55;0.515;1.59;89.37
1982-12-12;-0.13;1.24;2.61;2.46;0.715;1.33;86.49
1982-12-13;1.31;2.15;2.98;2.66;0.545;1.78;84.82
1982-12-14;1.47;2.31;3.16;2.52;0.607;1.57;86.41
1982-12-15;-2.35;0.19;2.72;0.47;0.569;1.18;79.54
1982-12-16;0.23;2.04;3.84;8.78;0.378;2.06;83.48
1982-12-17;0.56;1.99;3.41;0.3;0.681;1.21;84.76
1982-12-18;1.3;2.34;3.38;9.79;0.454;0.82;88.96
1982-12-19;-4.31;-0.64;3.03;0.51;0.772;1.12;65.38
1982-12-20;-4.6;-0.78;3.03;2.6;0.777;1.35;39.24
1982-12-21;1.36;2.44;3.53;1.43;0.429;1.43;87.17
1982-12-22;-2.87;-0.21;2.46;0.37;0.54;0.57;80.83
1982-12-23;0.58;1.65;2.71;0.35;0.428;0.64;90.43
1982-12-24;1.75;2.98;4.22;9.59;0.353;1.65;85.53
1982-12-25;0.04;1.88;3.72;8.99;0.384;0.91;83.43
1982-12-26;-5.12;-1.94;1.24;0.0;0.651;1.08;52.67
1982-12-27;-6.44;-4.29;-2.13;0.0;0.428;0.11;88.4
1982-12-28;-3.85;-2.47;-1.09;0.25;0.739;0.13;88.76
1982-12-29;-3.24;-2.08;-0.92;0.18;0.561;0.8;86.79
1982-12-30;-1.93;-1.04;-0.16;0.45;0.492;1.21;80.35
1982-12-31;-2.82;-1.88;-0.93;0.1;0.48;1.46;71.9
1983-01-01;-7.43;-4.69;-1.95;0.19;0.536;1.69;58.74
1983-01-02;-11.17;-8.43;-5.69;0.0;0.54;1.54;70.18
1983-01-03;-11.5;-9.7;-7.9;0.0;0.74;1.39;77.97
1983-01-04;-11.14;-8.14;-5.14;1.4;0.924;1.63;56.6
1983-01-05;-5.99;-4.96;-3.94;0.78;0.702;1.07;80.21
1983-01-06;-6.97;-5.61;-4.25;0.23;1.017;1.05;85.86
1983-01-07;-5.87;-3.77;-1.67;1.07;0.675;0.96;72.78
1983-01-08;-6.94;-4.26;-1.58;0.0;0.987;0.96;57.7
1983-01-09;-6.82;-5.27;-3.71;0.39;0.773;1.15;82.78
1983-01-10;-4.64;-3.11;-1.58;1.01;0.755;0.99;76.55
1983-01-11;-7.89;-4.96;-2.02;0.0;1.098;0.92;76.66
1983-01-12;-12.82;-9.88;-6.95;0.0;0.626;1.33;74.38
1983-01-13;-17.32;-13.9;-10.48;0.0;0.691;1.16;78.92
1983-01-14;-18.38;-15.84;-13.31;0.0;0.772;1.13;87.19
1983-01-15;-16.93;-11.59;-6.24;1.03;1.396;1.49;42.89
1983-01-16;-7.07;-3.93;-0.79;1.57;1.064;1.11;72.27
1983-01-17;-1.01;-0.37;0.27;2.38;0.718;0.73;82.44
1983-01-18;0.45;0.6;0.75;0.99;0.902;0.25;81.78
1983-01-19;-3.03;-1.3;0.42;0.85;1.057;0.68;76.19
1983-01-20;-9.76;-5.9;-2.05;0.0;1.229;0.65;73.72
1983-01-21;-9.48;-6.84;-4.19;0.0;1.159;1.01;84.45
1983-01-22;-4.91;-2.35;0.22;0.0;1.279;1.77;71.86
1983-01-23;0.62;1.5;2.37;1.32;1.116;2.07;76.04
1983-01-24;2.76;2.65;2.55;1.71;0.999;1.2;89.06
1983-01-25;2.79;2.8;2.82;4.14;0.649;1.72;90.07
1983-01-26;2.56;2.55;2.55;3.42;0.599;1.46;88.96
1983-01-27;0.98;1.48;1.98;2.09;1.147;1.39;84.5
1983-01-28;-2.95;-0.64;1.67;0.79;1.574;1.88;58.82
1983-01-29;-4.69;-3.25;-1.8;0.0;1.678;2.11;66.59
1983-01-30;-6.65;-5.56;-4.47;0.0;2.469;1.26;83.33
1983-01-31;-9.62;-6.92;-4.23;0.0;2.032;0.68;80.19
1983-02-01;-11.19;-9.54;-7.89;0.0;1.65;0.87;87.47
1983-02-02;-11.53;-9.48;-7.43;0.0;2.0;1.12;84.32
1983-02-03;-15.57;-12.47;-9.37;0.0;2.225;1.02;81.69
1983-02-04;-16.58;-13.53;-10.48;0.0;2.663;0.72;74.86
1983-02-05;-14.31;-11.71;-9.1;0.0;3.529;0.65;83.1
1983-02-06;-14.71;-11.59;-8.46;0.0;3.715;0.4;74.51
1983-02-07;-13.92;-11.39;-8.86;0.0;4.034;0.83;84.26
1983-02-08;-15.63;-13.23;-10.83;0.0;4.322;0.78;84.65
1983-02-09;-16.13;-13.57;-11.01;0.0;3.986;0.98;75.07
1983-02-10;-20.36;-16.47;-12.58;0.0;4.394;0.83;74.32
1983-02-11;-20.6;-16.77;-12.93;0.0;4.506;1.31;66.53
1983-02-12;-24.21;-20.01;-15.81;0.0;4.25;1.33;69.34
1983-02-13;-22.64;-16.66;-10.68;0.0;4.693;1.12;40.87
1983-02-14;-15.74;-11.72;-7.7;0.0;5.284;1.8;54.5
1983-02-15;-15.74;-11.43;-7.11;0.55;5.21;1.84;53.44
1983-02-16;-10.05;-5.01;0.03;2.53;1.947;1.59;72.56
1983-02-17;-13.31;-7.53;-1.75;0.0;5.467;1.11;62.03
1983-02-18;-17.01;-14.39;-11.77;0.0;6.185;1.33;80.74
1983-02-19;-21.65;-17.61;-13.56;0.0;4.511;0.59;80.62
1983-02-20;-20.59;-12.9;-5.22;3.29;5.98;1.29;34.16
1983-02-21;-11.08;-7.49;-3.89;3.06;3.334;2.29;69.18
1983-02-22;-14.02;-11.26;-8.5;0.0;6.378;2.51;69.82
1983-02-23;-16.36;-13.75;-11.15;0.0;6.903;2.31;66.06
1983-02-24;-17.74;-14.51;-11.29;0.0;6.502;1.8;64.28
1983-02-25;-20.01;-15.55;-11.09;0.0;6.089;1.19;68.28
1983-02-26;-19.69;-15.07;-10.44;0.0;5.722;1.02;82.91
1983-02-27;-20.65;-16.14;-11.63;0.0;6.23;0.53;79.52
1983-02-28;-20.08;-14.74;-9.4;0.0;7.465;1.01;63.7
1983-03-01;-12.91;-8.54;-4.18;0.64;5.429;0.69;72.44
1983-03-02;-14.12;-10.71;-7.31;0.0;6.601;1.09;77.72
1983-03-03;-21.65;-15.67;-9.7;0.0;7.016;0.74;77.61
1983-03-04;-21.4;-14.7;-8.01;0.0;8.173;0.85;62.08
1983-03-05;-14.71;-9.41;-4.11;0.64;7.996;1.84;27.42
1983-03-06;-5.06;-1.57;1.91;1.64;3.76;2.71;77.67
1983-03-07;-13.29;-6.76;-0.23;0.0;7.9;1.12;64.81
1983-03-08;-13.21;-6.18;0.85;1.67;6.096;1.62;65.45
1983-03-09;-8.15;-3.62;0.92;0.84;6.156;1.23;83.09
1983-03-10;-15.95;-9.43;-2.91;0.0;8.72;1.03;63.87
1983-03-11;-15.68;-8.63;-1.58;3.64;5.035;1.47;67.5
1983-03-12;-14.49;-10.28;-6.07;0.0;9.534;1.01;72.89
1983-03-13;-14.25;-9.25;-4.25;0.0;9.761;1.64;58.26
1983-03-14;-8.89;-3.87;1.16;1.22;4.254;1.83;68.47
1983-03-15;-7.93;-3.08;1.76;1.37;10.117;1.33;69.26
1983-03-16;-11.79;-5.55;0.69;1.14;9.328;2.6;55.53
1983-03-17;-16.55;-11.62;-6.69;0.0;11.119;2.07;68.48
1983-03-18;-19.15;-13.32;-7.49;0.0;12.1;0.91;66.88
1983-03-19;-11.56;-6.21;-0.86;0.5;7.928;1.47;69.88
1983-03-20;-11.0;-5.52;-0.04;0.0;10.387;0.87;57.63
1983-03-21;-7.38;-2.84;1.7;0.0;7.73;0.91;73.1
1983-03-22;-6.78;-3.25;0.27;0.45;8.129;0.99;74.01
1983-03-23;-8.51;-4.35;-0.2;0.0;9.689;1.15;65.65
1983-03-24;-12.06;-7.66;-3.25;0.0;12.213;1.01;77.49
1983-03-25;-15.48;-10.94;-6.39;0.0;13.865;0.14;75.38
1983-03-26;-16.56;-10.48;-4.41;0.0;13.232;0.88;46.96
1983-03-27;-10.77;-6.47;-2.17;0.0;14.123;1.08;52.98
1983-03-28;-12.23;-7.73;-3.23;0.0;13.628;0.86;66.07
1983-03-29;-7.58;-1.56;4.45;0.0;14.081;1.22;59.53
1983-03-30;-7.89;-3.35;1.18;0.0;14.359;1.07;65.14
1983-03-31;-6.72;-2.25;2.23;0.0;16.499;0.83;71.84
1983-04-01;-7.92;-3.96;0.01;0.0;14.208;0.85;63.2
1983-04-02;-9.09;-4.97;-0.85;0.0;15.091;0.8;56.92
1983-04-03;-9.99;-5.54;-1.08;0.0;17.446;0.51;51.28
1983-04-04;-8.98;-4.27;0.44;0.0;16.487;0.89;42.4
1983-04-05;-8.79;-3.93;0.92;0.0;15.193;0.9;43.16
1983-04-06;-8.42;-3.34;1.73;0.0;15.491;0.98;40.52
1983-04-07;-8.92;-4.35;0.21;0.0;15.654;0.7;46.17
1983-04-08;-9.83;-5.73;-1.63;0.0;15.899;0.1;54.05
1983-04-09;-8.62;-1.32;5.97;0.0;14.582;1.1;37.16
1983-04-10;-10.61;-3.95;2.71;0.0;17.239;0.54;33.4
1983-04-11;-11.38;-3.02;5.35;0.0;18.38;0.67;34.53
1983-04-12;-4.8;0.06;4.91;0.92;9.547;0.57;71.11
1983-04-13;-5.11;0.65;6.4;0.0;15.161;0.66;59.02
1983-04-14;-5.93;-0.46;5.0;1.56;11.804;1.09;50.0
1983-04-15;-8.79;-3.2;2.38;0.0;18.904;0.48;34.8
1983-04-16;-4.78;0.52;5.82;4.49;9.99;1.1;58.85
1983-04-17;-7.62;-2.69;2.25;0.78;13.043;1.21;49.27
1983-04-18;-10.6;-5.65;-0.71;0.0;19.477;1.08;36.15
1983-04-19;-11.73;-5.27;1.2;0.0;20.422;1.01;27.38
1983-04-20;-3.34;2.15;7.64;0.0;19.819;1.35;54.42
1983-04-21;-5.02;0.87;6.76;0.0;18.667;0.75;51.6
1983-04-22;-6.18;-0.12;5.94;0.0;19.364;0.57;52.06
1983-04-23;-5.61;-0.05;5.51;0.0;19.767;0.41;54.53
1983-04-24;-7.62;-1.06;5.51;0.0;21.013;0.3;56.33
1983-04-25;-5.35;1.18;7.71;0.0;22.48;0.88;47.11
1983-04-26;-3.94;3.08;10.09;0.0;22.596;0.89;41.83
1983-04-27;-2.86;5.03;12.92;0.0;20.333;0.58;36.35
1983-04-28;-1.91;5.74;13.38;0.0;18.236;0.3;36.3
1983-04-29;-1.68;5.7;13.08;0.0;16.255;1.04;32.75
1983-04-30;-5.22;-2.1;1.01;0.0;23.047;1.92;17.43
1983-05-01;-5.53;-1.72;2.1;0.0;23.354;1.3;13.55
1983-05-02;-5.15;0.02;5.2;0.0;23.56;1.14;14.75
1983-05-03;-4.22;1.79;7.81;0.0;24.361;0.69;13.59
1983-05-04;-0.15;2.39;4.93;6.17;6.706;0.66;76.42
1983-05-05;-2.63;4.05;10.73;0.0;24.12;0.43;32.64
1983-05-06;2.73;6.29;9.84;3.76;8.076;0.78;66.98
1983-05-07;1.77;7.79;13.8;0.0;17.358;0.53;46.46
1983-05-08;0.92;7.47;14.02;0.0;23.724;0.82;32.61
1983-05-09;-1.07;6.17;13.4;0.0;24.315;0.45;31.01
1983-05-10;3.52;9.25;14.98;6.98;16.076;1.2;37.79
1983-05-11;5.29;7.98;10.67;11.35;5.232;1.0;89.85
1983-05-12;4.4;10.04;15.69;0.0;19.969;1.09;37.0
1983-05-13;1.95;8.57;15.19;0.0;25.021;0.81;23.16
1983-05-14;0.5;7.37;14.23;0.0;25.093;0.32;26.21
1983-05-15;-1.68;7.53;16.73;0.0;26.033;0.33;23.15
1983-05-16;1.3;8.63;15.96;0.0;11.402;0.51;40.05
1983-05-17;3.79;10.81;17.84;4.65;10.436;0.9;46.84
1983-05-18;3.76;9.68;15.59;0.0;26.432;1.02;43.2
1983-05-19;2.29;6.54;10.79;0.0;11.146;0.9;49.15
1983-05-20;0.82;6.38;11.93;0.0;27.392;1.01;21.6
1983-05-21;-2.16;5.51;13.19;0.0;27.5;0.76;17.24
1983-05-22;-1.59;6.74;15.07;0.0;27.133;0.88;20.34
1983-05-23;1.22;6.72;12.21;0.0;27.222;0.82;25.16
1983-05-24;-1.49;6.22;13.93;0.0;27.646;0.88;19.18
1983-05-25;5.31;8.25;11.2;2.99;14.653;1.71;47.66
1983-05-26;3.79;12.29;20.78;0.81;17.899;1.15;47.19
1983-05-27;3.32;10.98;18.64;0.0;27.6;0.59;34.7
1983-05-28;5.09;8.1;11.11;1.93;6.267;0.91;77.06
1983-05-29;5.57;10.7;15.82;0.0;22.17;0.83;38.14
1983-05-30;7.21;12.02;16.83;0.74;13.637;1.44;45.13
1983-05-31;6.62;11.87;17.11;4.96;5.477;1.4;71.04
1983-06-01;5.59;12.94;20.29;0.0;28.992;0.63;38.21
1983-06-02;4.59;10.71;16.84;0.0;26.415;1.33;33.96
1983-06-03;4.78;8.05;11.32;0.0;22.563;1.51;31.32
1983-06-04;3.51;9.02;14.52;0.0;28.423;1.0;26.77
1983-06-05;2.89;7.9;12.91;1.75;16.649;1.09;49.25
1983-06-06;4.73;7.85;10.96;3.92;11.308;1.22;55.61
1983-06-07;2.72;7.71;12.7;0.0;21.857;1.05;38.4
1983-06-08;1.33;7.81;14.29;0.0;26.714;0.66;30.74
1983-06-09;3.83;9.93;16.02;0.0;17.925;0.77;38.97
1983-06-10;7.6;13.29;18.99;1.38;19.7;0.24;46.7
1983-06-11;6.29;13.41;20.54;0.74;26.849;1.12;41.88
1983-06-12;4.39;12.42;20.45;0.0;29.442;0.52;31.5
1983-06-13;5.16;14.24;23.33;0.0;29.163;0.84;31.24
1983-06-14;6.33;14.68;23.02;0.0;18.295;0.4;41.09
1983-06-15;8.3;16.63;24.96;0.0;26.828;0.34;39.49
1983-06-16;8.1;15.3;22.5;4.43;12.684;0.93;51.79
1983-06-17;6.97;13.67;20.37;0.0;29.449;0.67;35.1
1983-06-18;6.18;12.83;19.49;0.97;22.769;0.39;43.09
1983-06-19;5.57;12.06;18.55;0.0;23.435;1.06;42.69
1983-06-20;4.81;10.55;16.29;0.0;26.387;1.17;29.57
1983-06-21;6.47;11.12;15.77;0.0;24.249;1.31;34.2
1983-06-22;6.48;12.19;17.89;0.0;29.135;1.28;26.24
1983-06-23;5.8;12.13;18.45;0.0;25.752;0.74;28.42
1983-06-24;8.98;11.04;13.09;7.96;15.314;1.19;62.23
1983-06-25;8.54;10.05;11.56;0.0;19.831;1.38;39.36
1983-06-26;7.38;9.6;11.82;8.23;19.344;1.44;47.78
1983-06-27;9.31;9.77;10.22;9.1;5.223;1.36;87.27
1983-06-28;8.54;10.83;13.12;5.13;22.427;1.3;56.09
1983-06-29;7.96;11.26;14.56;0.32;12.709;1.13;58.77
1983-06-30;7.67;14.36;21.04;7.18;24.015;1.14;40.86
1983-07-01;9.64;13.71;17.79;0.97;26.709;1.37;53.14
1983-07-02;9.25;14.66;20.08;0.0;29.011;0.75;40.18
1983-07-03;11.31;16.82;22.32;9.63;9.385;1.46;51.39
1983-07-04;9.66;15.34;21.01;0.77;10.907;1.3;65.08
1983-07-05;7.53;12.12;16.71;3.22;12.005;1.02;62.48
1983-07-06;7.02;13.95;20.87;0.0;28.175;0.71;38.48
1983-07-07;9.74;16.05;22.37;0.0;29.659;1.49;39.78
1983-07-08;14.56;17.7;20.84;4.39;10.974;1.19;73.97
1983-07-09;12.2;17.76;23.32;0.98;20.631;0.6;60.93
1983-07-10;10.96;18.94;26.91;2.48;22.879;0.46;50.27
1983-07-11;10.48;18.55;26.63;0.0;25.774;0.48;41.39
1983-07-12;10.56;19.02;27.47;0.0;22.88;0.34;43.34
1983-07-13;11.79;19.36;26.92;1.23;23.756;0.34;46.96
1983-07-14;11.81;15.63;19.44;3.47;10.851;0.77;78.52
1983-07-15;11.79;14.08;16.38;1.86;9.319;0.72;88.58
1983-07-16;11.53;13.21;14.88;0.63;8.86;1.0;79.36
1983-07-17;10.75;13.2;15.64;0.0;15.954;1.25;55.46
1983-07-18;7.57;10.53;13.49;0.83;14.553;1.31;48.68
1983-07-19;7.03;12.75;18.47;0.0;21.876;1.0;42.23
1983-07-20;6.64;12.35;18.05;3.02;15.876;0.44;50.6
1983-07-21;6.21;13.23;20.25;0.0;23.414;0.11;45.34
1983-07-22;10.4;15.41;20.42;0.0;15.87;0.68;49.09
1983-07-23;10.26;14.81;19.36;9.51;14.031;1.35;59.9
1983-07-24;12.32;16.07;19.82;1.35;21.136;1.34;61.64
1983-07-25;11.97;17.33;22.69;0.0;20.926;1.23;51.75
1983-07-26;13.58;19.32;25.07;0.0;24.856;0.96;51.08
1983-07-27;11.01;17.86;24.72;0.0;25.676;0.76;48.11
1983-07-28;9.81;16.34;22.87;0.0;20.57;0.3;45.64
1983-07-29;12.2;17.93;23.66;0.0;24.215;0.77;39.46
1983-07-30;15.32;19.22;23.12;20.48;12.062;1.49;58.57
1983-07-31;12.57;16.39;20.22;0.0;24.691;1.11;56.45
1983-08-01;8.23;14.32;20.41;0.0;23.426;0.84;43.99
1983-08-02;7.25;12.9;18.55;0.0;20.758;0.53;44.13
1983-08-03;9.2;14.07;18.94;6.68;15.379;0.92;65.41
1983-08-04;12.22;15.52;18.81;5.45;12.442;0.67;82.18
1983-08-05;11.67;17.96;24.26;0.68;20.467;0.88;46.97
1983-08-06;16.31;20.33;24.35;12.41;10.006;1.2;72.4
1983-08-07;14.2;18.37;22.54;0.47;12.841;0.86;72.25
1983-08-08;15.22;19.42;23.62;4.29;10.958;1.04;73.33
1983-08-09;12.43;16.52;20.61;0.0;15.314;0.77;56.87
1983-08-10;12.37;15.8;19.24;0.0;18.898;0.94;55.23
1983-08-11;11.02;15.61;20.2;0.0;19.741;0.76;47.62
1983-08-12;11.74;17.57;23.39;4.39;14.84;1.35;55.8
1983-08-13;13.11;17.38;21.66;0.0;23.026;0.87;53.57
1983-08-14;11.09;14.91;18.74;3.41;13.747;0.51;66.61
1983-08-15;8.84;14.14;19.45;0.0;22.26;0.86;44.72
1983-08-16;6.62;13.06;19.5;0.0;19.473;0.55;42.88
1983-08-17;10.03;14.71;19.4;0.0;12.397;1.04;63.22
1983-08-18;14.56;18.7;22.84;0.0;18.217;1.32;54.65
1983-08-19;7.03;12.2;17.37;0.0;16.463;1.25;49.28
1983-08-20;6.54;12.39;18.25;0.0;12.596;1.14;51.76
1983-08-21;12.52;16.81;21.1;0.0;13.728;1.21;54.03
1983-08-22;9.77;13.87;17.97;10.02;9.338;0.77;73.6
1983-08-23;7.46;12.26;17.06;0.0;15.113;1.01;51.85
1983-08-24;7.34;12.72;18.11;0.0;15.787;1.1;50.82
1983-08-25;8.52;14.47;20.42;0.0;18.738;0.96;50.34
1983-08-26;8.29;15.47;22.66;0.0;19.619;0.78;43.78
1983-08-27;10.86;17.13;23.4;5.71;12.862;0.64;51.91
1983-08-28;11.4;14.89;18.37;0.49;8.516;0.74;77.59
1983-08-29;11.44;14.95;18.46;4.03;13.156;1.25;62.32
1983-08-30;8.03;11.65;15.28;3.68;9.559;1.23;71.2
1983-08-31;5.02;10.75;16.48;0.0;15.448;0.84;50.58
1983-09-01;4.26;10.13;15.99;0.0;12.431;0.29;49.46
1983-09-02;5.94;11.42;16.89;0.0;11.019;0.25;56.68
1983-09-03;4.18;10.41;16.64;0.0;13.465;0.42;43.57
1983-09-04;5.75;9.78;13.81;3.66;7.893;0.71;67.37
1983-09-05;5.38;10.46;15.54;1.0;13.466;0.87;53.72
1983-09-06;6.96;10.35;13.73;1.42;8.756;0.71;73.77
1983-09-07;6.67;10.84;15.0;1.79;10.67;0.9;60.27
1983-09-08;7.73;10.61;13.48;11.75;9.195;1.43;79.95
1983-09-09;5.68;9.59;13.51;5.89;9.636;0.77;74.57
1983-09-10;3.41;8.0;12.6;1.05;10.941;1.03;59.8
1983-09-11;1.83;6.99;12.14;0.0;14.58;0.28;41.51
1983-09-12;1.65;7.23;12.81;0.0;14.327;0.33;39.07
1983-09-13;1.55;7.54;13.52;0.0;13.491;0.61;43.7
1983-09-14;4.74;10.06;15.38;0.2;14.936;0.83;52.08
1983-09-15;4.83;9.9;14.97;0.28;6.05;0.88;68.25
1983-09-16;4.05;9.41;14.77;0.94;11.5;1.27;58.51
1983-09-17;3.83;9.68;15.54;0.0;13.532;1.28;49.76
1983-09-18;7.39;10.79;14.18;0.0;13.191;1.43;47.76
1983-09-19;9.5;12.7;15.89;4.75;6.052;2.02;58.53
1983-09-20;8.53;10.14;11.75;0.48;7.145;1.86;56.75
1983-09-21;5.49;8.61;11.73;0.73;6.775;1.14;76.96
1983-09-22;7.95;10.82;13.69;0.0;7.086;0.98;80.91
1983-09-23;8.62;12.18;15.73;1.17;9.278;1.31;68.22
1983-09-24;7.25;9.48;11.72;1.08;8.434;1.79;51.93
1983-09-25;3.75;7.26;10.77;0.33;11.543;1.45;50.96
1983-09-26;5.94;8.79;11.63;13.61;1.839;1.11;83.14
1983-09-27;4.28;6.05;7.82;1.5;7.543;1.84;67.0
1983-09-28;3.18;5.73;8.28;0.0;7.533;1.26;53.27
1983-09-29;2.75;5.04;7.33;0.2;8.112;1.05;57.85
1983-09-30;3.18;4.99;6.79;2.56;5.979;1.0;84.57
1983-10-01;2.81;4.85;6.89;0.58;4.634;0.68;87.85
1983-10-02;0.93;3.75;6.58;0.21;6.588;0.67;85.15
1983-10-03;2.63;5.37;8.1;3.01;6.548;0.92;84.0
1983-10-04;6.85;8.14;9.44;0.44;2.906;0.43;93.06
1983-10-05;3.5;6.34;9.19;0.0;4.548;0.96;80.74
1983-10-06;2.63;6.07;9.52;0.42;9.229;1.37;53.4
1983-10-07;6.22;8.72;11.23;7.53;2.946;1.67;86.65
1983-10-08;4.15;7.21;10.27;2.17;3.315;1.23;87.84
1983-10-09;2.41;6.08;9.75;0.0;5.964;0.37;74.45
1983-10-10;1.41;5.08;8.76;0.0;5.153;0.11;68.58
1983-10-11;3.41;6.0;8.58;0.22;4.506;0.94;83.66
1983-10-12;2.98;4.95;6.92;0.0;5.013;1.44;71.22
1983-10-13;1.89;3.49;5.1;0.0;5.322;0.89;60.12
1983-10-14;-0.41;2.17;4.76;0.0;6.193;0.2;66.12
1983-10-15;-1.79;2.54;6.88;0.0;6.623;1.08;48.85
1983-10-16;4.81;7.28;9.75;4.49;4.526;1.71;72.8
1983-10-17;6.45;8.31;10.17;3.22;3.128;1.4;89.0
1983-10-18;5.78;7.58;9.38;6.48;2.106;1.13;91.33
1983-10-19;5.77;6.7;7.63;2.81;1.778;1.17;93.68
1983-10-20;-2.63;1.58;5.79;0.0;5.373;0.66;76.74
1983-10-21;-3.14;0.72;4.59;0.0;5.146;0.13;59.15
1983-10-22;-2.16;0.81;3.78;0.34;4.73;0.59;81.98
1983-10-23;-1.37;1.06;3.5;0.0;3.548;1.11;83.61
1983-10-24;-2.6;-0.48;1.64;0.0;3.483;0.44;86.79
1983-10-25;-0.78;1.52;3.81;2.59;3.485;1.16;81.64
1983-10-26;2.09;3.07;4.06;0.48;2.08;0.44;91.79
1983-10-27;1.28;2.87;4.46;0.69;3.863;0.56;85.0
1983-10-28;0.55;2.36;4.18;3.4;1.922;1.18;81.97
1983-10-29;-1.31;0.03;1.37;3.74;2.297;1.76;74.24
1983-10-30;-5.22;-2.92;-0.62;0.44;3.818;2.09;58.98
1983-10-31;-8.79;-6.24;-3.69;0.0;3.297;1.23;60.95
1983-11-01;-8.65;-6.75;-4.85;0.0;3.347;1.07;68.41
1983-11-02;-8.21;-6.51;-4.8;0.27;3.873;1.12;70.88
1983-11-03;-10.37;-8.48;-6.59;0.0;3.336;0.98;76.96
1983-11-04;-11.54;-9.54;-7.55;0.0;3.181;0.62;73.22
1983-11-05;-11.32;-7.78;-4.23;0.0;3.063;0.92;65.61
1983-11-06;-6.02;-4.55;-3.08;0.0;3.208;1.08;86.93
1983-11-07;-4.57;-1.68;1.21;0.84;1.955;0.97;85.21
1983-11-08;0.78;1.5;2.23;4.57;1.318;1.33;92.15
1983-11-09;0.1;1.55;2.99;3.85;1.135;0.98;92.55
1983-11-10;-5.44;-2.44;0.57;4.38;1.608;1.5;79.54
1983-11-11;-12.88;-9.35;-5.81;0.0;2.443;1.12;63.53
1983-11-12;-14.39;-11.89;-9.39;0.0;2.466;0.46;84.87
1983-11-13;-9.59;-8.23;-6.87;0.82;2.614;1.58;80.07
1983-11-14;-7.16;-6.09;-5.02;3.0;2.236;1.95;78.03
1983-11-15;-5.37;-4.81;-4.26;6.34;1.697;2.07;83.43
1983-11-16;-5.65;-5.03;-4.41;8.77;1.363;2.35;84.27
1983-11-17;-8.31;-6.83;-5.34;2.32;1.808;1.7;81.34
1983-11-18;-14.55;-11.18;-7.8;0.0;2.273;1.17;70.93
1983-11-19;-18.5;-16.02;-13.55;0.0;1.866;0.57;90.43
1983-11-20;-18.1;-14.27;-10.44;0.0;1.874;0.27;76.81
1983-11-21;-20.18;-17.36;-14.54;0.0;1.355;0.75;88.59
1983-11-22;-20.21;-16.51;-12.8;0.0;1.917;0.64;61.89
1983-11-23;-14.13;-11.68;-9.23;0.26;1.37;1.11;82.35
1983-11-24;-11.39;-10.16;-8.93;0.0;1.693;1.32;85.92
1983-11-25;-12.66;-11.49;-10.32;0.0;1.069;1.15;87.51
1983-11-26;-12.7;-11.17;-9.64;0.0;1.442;1.06;86.27
1983-11-27;-10.95;-5.31;0.32;7.08;0.668;1.56;62.51
1983-11-28;-7.25;-3.6;0.04;1.19;0.82;1.39;82.66
1983-11-29;-8.02;-5.38;-2.74;0.81;1.299;0.78;77.33
1983-11-30;-6.25;-4.14;-2.03;0.33;0.813;0.42;86.14
1983-12-01;-5.6;-3.27;-0.94;2.96;0.983;1.12;79.5
1983-12-02;-4.76;-2.65;-0.53;1.07;0.615;0.76;86.58
1983-12-03;-17.75;-10.53;-3.31;0.0;0.863;1.01;60.19
1983-12-04;-18.48;-12.12;-5.75;0.31;1.23;0.65;38.36
1983-12-05;-15.73;-10.5;-5.26;0.0;0.958;0.92;52.32
1983-12-06;-16.82;-13.64;-10.47;0.0;0.914;1.11;81.63
1983-12-07;-19.36;-13.45;-7.53;0.0;1.063;0.67;61.34
1983-12-08;-13.97;-8.92;-3.86;0.59;0.861;1.36;53.75
1983-12-09;-21.84;-16.87;-11.89;0.0;0.772;1.21;80.25
1983-12-10;-22.96;-20.48;-18.01;0.0;0.816;0.67;89.91
1983-12-11;-25.36;-22.19;-19.02;0.0;0.663;0.61;81.85
1983-12-12;-25.59;-19.63;-13.67;0.0;0.946;0.73;50.62
1983-12-13;-15.83;-10.18;-4.53;1.0;0.875;1.54;76.53
1983-12-14;-8.03;-5.99;-3.96;0.0;0.851;1.78;80.53
1983-12-15;-5.65;-3.54;-1.44;1.04;0.557;1.1;79.18
1983-12-16;-10.73;-6.07;-1.41;0.0;0.81;1.22;68.71
1983-12-17;-10.95;-7.48;-4.01;0.0;0.863;1.21;78.16
1983-12-18;-8.2;-6.8;-5.4;0.0;0.901;1.68;85.05
1983-12-19;-8.17;-5.73;-3.29;0.44;0.712;1.26;77.0
1983-12-20;-16.65;-11.12;-5.59;0.0;0.875;0.66;56.47
1983-12-21;-17.39;-12.84;-8.28;0.0;0.543;0.1;66.76
1983-12-22;-12.59;-10.45;-8.3;0.21;0.835;1.41;86.21
1983-12-23;-17.45;-13.36;-9.28;0.0;0.541;1.47;69.59
1983-12-24;-24.97;-19.34;-13.72;0.0;0.542;0.89;66.2
1983-12-25;-24.97;-21.32;-17.67;0.0;0.501;0.7;85.65
1983-12-26;-23.56;-19.67;-15.78;0.36;0.471;0.31;74.26
1983-12-27;-18.86;-16.22;-13.58;0.0;0.459;0.38;90.01
1983-12-28;-17.2;-14.13;-11.06;0.0;0.756;0.58;80.11
1983-12-29;-13.66;-8.22;-2.79;0.47;0.886;1.73;27.35
1983-12-30;-4.63;-3.21;-1.8;8.16;0.429;2.03;72.8
1983-12-31;-3.17;-1.36;0.44;3.21;0.435;1.55;86.01
1984-01-01;-7.74;-3.6;0.53;0.0;0.809;1.01;64.38
1984-01-02;-6.92;-3.17;0.59;0.72;0.706;1.33;50.91
1984-01-03;-1.24;-0.2;0.85;1.11;0.558;1.33;85.45
1984-01-04;-6.91;-3.81;-0.7;0.35;0.552;1.85;60.15
1984-01-05;-16.63;-11.04;-5.45;0.0;0.633;2.05;21.37
1984-01-06;-22.82;-18.55;-14.27;0.0;0.623;1.2;70.99
1984-01-07;-22.36;-12.63;-2.9;0.68;1.05;1.54;6.72
1984-01-08;-7.54;-4.74;-1.94;0.31;0.768;1.58;70.33
1984-01-09;-9.85;-7.64;-5.44;0.41;0.963;1.82;74.48
1984-01-10;-18.72;-13.14;-7.56;0.0;0.943;0.93;67.95
1984-01-11;-18.55;-11.96;-5.38;1.24;0.949;1.04;23.29
1984-01-12;-16.15;-8.76;-1.38;1.63;1.059;1.33;68.32
1984-01-13;-25.92;-19.53;-13.13;0.0;0.796;0.69;65.84
1984-01-14;-26.11;-11.73;2.65;1.69;1.161;1.81;4.24
1984-01-15;1.73;2.94;4.15;6.65;0.483;2.21;82.61
1984-01-16;3.3;3.75;4.21;1.78;0.502;1.49;90.27
1984-01-17;-1.84;0.96;3.76;0.0;0.858;0.46;74.01
1984-01-18;-2.46;-0.99;0.47;0.26;1.29;0.47;86.58
1984-01-19;-1.88;0.15;2.18;0.38;1.242;1.18;71.11
1984-01-20;1.34;2.01;2.68;0.41;1.091;2.02;78.83
1984-01-21;1.36;2.09;2.82;0.23;0.918;1.82;82.87
1984-01-22;0.93;1.3;1.67;1.21;1.187;0.87;87.61
1984-01-23;-3.14;-0.89;1.37;0.41;1.702;0.99;79.46
1984-01-24;-5.25;-2.43;0.39;0.79;1.338;0.27;56.34
1984-01-25;-6.57;-2.96;0.65;0.0;1.283;0.98;54.27
1984-01-26;-7.65;-3.44;0.77;1.64;2.07;1.2;47.04
1984-01-27;-0.67;0.16;0.99;5.44;1.865;1.57;82.11
1984-01-28;-6.99;-3.6;-0.2;0.35;1.661;1.65;36.24
1984-01-29;-9.48;-6.61;-3.74;0.0;1.702;1.48;72.75
1984-01-30;-12.11;-9.13;-6.14;0.21;1.976;0.91;81.62
1984-01-31;-12.81;-10.46;-8.12;0.0;2.46;0.86;88.99
1984-02-01;-17.68;-14.54;-11.4;0.0;2.119;0.52;82.58
1984-02-02;-17.2;-14.01;-10.82;0.38;3.148;0.73;85.75
1984-02-03;-15.17;-13.59;-12.0;0.0;3.406;0.8;95.18
1984-02-04;-20.2;-16.84;-13.48;0.0;2.058;0.8;75.45
1984-02-05;-21.86;-19.5;-17.14;0.0;2.494;1.36;90.83
1984-02-06;-25.03;-21.63;-18.22;0.0;3.804;1.05;91.14
1984-02-07;-25.33;-19.71;-14.09;0.0;2.746;0.93;39.07
1984-02-08;-16.72;-11.51;-6.31;1.68;3.986;1.39;44.05
1984-02-09;-13.3;-9.01;-4.71;2.85;2.017;1.66;73.53
1984-02-10;-21.46;-17.14;-12.81;0.0;4.147;1.49;46.7
1984-02-11;-25.57;-21.98;-18.39;0.0;3.364;1.22;88.08
1984-02-12;-26.83;-22.56;-18.29;0.0;4.687;0.44;55.29
1984-02-13;-21.15;-15.61;-10.06;0.0;3.942;0.81;51.45
1984-02-14;-21.99;-17.68;-13.38;0.0;4.507;0.87;78.97
1984-02-15;-22.33;-17.95;-13.56;0.0;5.21;0.42;58.54
1984-02-16;-16.61;-14.68;-12.75;0.0;4.653;1.43;80.76
1984-02-17;-19.44;-16.98;-14.51;0.0;5.204;1.63;81.51
1984-02-18;-20.75;-18.2;-15.66;0.0;4.951;1.66;78.27
1984-02-19;-20.14;-16.63;-13.12;0.0;5.395;1.41;67.54
1984-02-20;-17.63;-14.79;-11.94;0.0;5.289;1.25;76.33
1984-02-21;-15.95;-11.92;-7.89;0.0;6.369;1.48;62.96
1984-02-22;-8.97;-6.51;-4.05;0.28;4.862;2.01;76.26
1984-02-23;-5.35;-3.87;-2.39;2.21;2.96;1.79;79.01
1984-02-24;-3.06;-1.97;-0.87;0.55;3.881;0.76;82.84
1984-02-25;-6.83;-4.34;-1.86;1.81;3.84;1.45;80.1
1984-02-26;-14.3;-9.96;-5.62;0.0;6.797;1.67;57.48
1984-02-27;-19.03;-13.93;-8.83;0.0;5.939;1.2;71.92
1984-02-28;-24.95;-18.86;-12.78;0.0;6.06;0.57;80.84
1984-02-29;0.0;0.0;0.0;0.0;0.0;0.0;0.0
1984-03-01;-23.8;-16.38;-8.96;0.0;8.093;1.1;65.25
1984-03-02;-13.34;-8.73;-4.13;0.4;7.268;1.84;66.64
1984-03-03;-5.51;-2.33;0.85;7.8;5.377;2.02;70.93
1984-03-04;-2.54;-0.67;1.21;2.71;3.002;1.78;83.15
1984-03-05;-5.78;-3.24;-0.7;0.0;8.228;1.55;77.22
1984-03-06;-5.91;-3.49;-1.06;0.0;8.586;1.44;75.61
1984-03-07;-2.42;-0.47;1.47;1.58;4.844;2.0;78.97
1984-03-08;-6.38;-2.67;1.05;0.0;8.034;1.83;72.86
1984-03-09;-4.61;-0.74;3.14;4.05;5.086;2.48;73.74
1984-03-10;-3.54;-0.35;2.84;0.89;5.021;1.02;75.87
1984-03-11;-1.22;1.03;3.28;0.0;8.298;1.39;79.8
1984-03-12;-0.58;1.43;3.43;1.62;2.2;2.12;81.69
1984-03-13;-0.77;1.58;3.94;0.0;10.06;1.69;83.1
1984-03-14;3.62;3.98;4.34;0.32;6.694;2.01;87.7
1984-03-15;3.32;4.1;4.88;5.5;1.967;1.26;87.76
1984-03-16;0.09;2.13;4.18;0.31;11.186;0.42;83.95
1984-03-17;1.17;3.35;5.53;5.88;2.16;1.43;85.41
1984-03-18;4.73;5.3;5.87;6.85;2.988;1.81;90.6
1984-03-19;4.94;5.35;5.75;7.48;1.736;1.57;90.71
1984-03-20;-3.34;1.08;5.49;1.01;12.173;1.19;78.03
1984-03-21;-4.42;0.68;5.78;0.0;11.976;1.16;48.32
1984-03-22;5.59;6.1;6.61;0.0;12.741;1.52;83.81
1984-03-23;5.24;6.25;7.27;0.0;9.255;1.56;83.27
1984-03-24;6.18;6.76;7.35;1.2;3.804;1.81;86.37
1984-03-25;6.28;6.82;7.36;5.42;1.515;1.32;90.43
1984-03-26;6.82;7.57;8.32;6.3;4.5;1.38;86.6
1984-03-27;6.43;7.13;7.82;2.94;1.838;1.75;88.67
1984-03-28;5.52;6.97;8.43;7.67;5.543;1.0;83.68
1984-03-29;6.4;7.52;8.63;0.76;4.945;1.11;83.97
1984-03-30;5.4;7.24;9.07;0.0;9.196;0.91;70.21
1984-03-31;5.62;7.42;9.21;5.28;4.539;1.44;78.47
1984-04-01;6.5;8.32;10.13;2.38;6.788;1.56;80.35
1984-04-02;6.31;7.34;8.37;3.74;5.978;0.81;84.29
1984-04-03;6.53;9.92;13.31;1.93;9.602;1.5;57.54
1984-04-04;6.88;8.76;10.64;0.0;6.556;1.77;72.99
1984-04-05;6.87;10.09;13.3;0.0;15.43;1.91;45.19
1984-04-06;5.36;7.8;10.24;3.05;4.196;1.61;78.79
1984-04-07;4.61;6.73;8.85;6.98;4.453;0.69;76.44
1984-04-08;4.54;8.3;12.07;4.33;9.431;1.65;63.65
1984-04-09;5.46;7.29;9.13;1.22;4.31;1.63;83.75
1984-04-10;4.64;7.33;10.02;1.39;9.929;1.19;47.52
1984-04-11;4.43;7.13;9.83;2.83;7.994;1.03;64.76
1984-04-12;5.56;9.16;12.77;0.45;13.31;1.08;43.15
1984-04-13;5.46;6.97;8.49;1.91;6.395;1.11;63.92
1984-04-14;4.77;7.21;9.66;0.74;8.571;0.73;70.55
1984-04-15;4.42;6.91;9.39;0.93;7.897;0.35;68.15
1984-04-16;4.4;7.2;10.0;1.17;8.343;0.43;69.17
1984-04-17;4.42;7.88;11.33;0.0;11.101;1.33;53.03
1984-04-18;3.04;7.46;11.88;0.0;17.956;1.43;31.98
1984-04-19;1.72;7.53;13.33;0.0;18.689;0.64;28.87
1984-04-20;3.64;6.67;9.7;1.79;3.346;0.75;76.98
1984-04-21;3.07;5.29;7.52;6.85;4.956;1.52;81.08
1984-04-22;1.84;3.44;5.03;1.84;9.531;1.4;66.29
1984-04-23;-0.87;3.06;7.0;0.0;20.54;0.99;26.18
1984-04-24;-1.39;3.25;7.89;0.0;19.345;0.51;26.8
1984-04-25;1.55;4.91;8.27;0.0;17.423;1.34;29.04
1984-04-26;0.05;3.42;6.78;0.0;18.215;1.01;31.67
1984-04-27;0.0;4.02;8.04;0.0;20.118;0.63;25.35
1984-04-28;0.24;5.29;10.35;0.0;21.356;1.25;23.66
1984-04-29;0.89;6.03;11.16;0.0;23.272;1.92;12.77
1984-04-30;2.5;7.39;12.29;0.0;23.748;2.33;17.08
1984-05-01;2.45;7.34;12.23;0.0;24.138;1.73;21.67
1984-05-02;3.02;9.15;15.29;0.0;20.0;1.57;26.32
1984-05-03;3.76;8.46;13.17;0.0;14.422;1.24;43.75
1984-05-04;2.06;8.77;15.47;0.0;21.999;0.98;26.91
1984-05-05;0.4;7.06;13.72;0.0;23.523;0.74;19.41
1984-05-06;-0.52;5.32;11.15;0.0;24.067;0.9;19.48
1984-05-07;0.45;4.83;9.22;0.0;20.517;0.91;34.94
1984-05-08;0.59;4.99;9.39;0.0;19.89;0.74;40.0
1984-05-09;1.78;6.13;10.48;0.0;17.232;0.71;49.13
1984-05-10;2.15;6.36;10.57;1.86;11.926;0.52;72.86
1984-05-11;2.13;6.16;10.2;1.42;11.419;0.49;73.56
1984-05-12;0.97;5.49;10.01;1.72;13.792;0.23;65.49
1984-05-13;1.14;5.99;10.83;0.0;14.421;0.99;55.91
1984-05-14;1.36;8.67;15.97;0.0;25.573;0.66;27.39
1984-05-15;0.63;8.78;16.93;0.0;26.109;0.95;26.74
1984-05-16;4.38;11.6;18.82;0.0;23.652;1.26;35.96
1984-05-17;6.73;11.94;17.14;0.0;23.904;1.35;46.44
1984-05-18;5.37;13.32;21.27;0.0;21.877;0.92;36.48
1984-05-19;5.66;14.52;23.38;0.0;22.354;1.07;35.52
1984-05-20;4.95;13.81;22.68;0.69;19.375;0.74;44.22
1984-05-21;2.55;10.86;19.17;0.0;19.698;0.79;43.1
1984-05-22;10.94;16.63;22.33;0.0;13.54;0.73;43.08
1984-05-23;11.71;17.58;23.45;0.0;19.227;1.13;39.91
1984-05-24;10.8;17.25;23.7;0.0;21.87;1.05;40.61
1984-05-25;5.32;11.0;16.67;1.1;15.644;1.15;52.17
1984-05-26;4.03;11.29;18.55;0.0;27.156;0.68;30.9
1984-05-27;4.35;11.41;18.47;0.0;28.511;1.1;28.14
1984-05-28;9.54;14.32;19.11;2.15;15.029;1.42;41.9
1984-05-29;3.54;10.3;17.06;0.0;26.647;0.94;43.51
1984-05-30;2.82;10.71;18.61;0.0;29.499;0.34;32.12
1984-05-31;2.46;10.76;19.05;0.0;27.636;0.41;32.57
1984-06-01;2.13;10.79;19.44;0.0;28.492;0.58;31.15
1984-06-02;3.98;11.46;18.93;0.0;19.353;0.36;38.28
1984-06-03;8.86;14.55;20.25;0.99;18.566;0.66;41.65
1984-06-04;11.07;14.46;17.86;1.29;11.18;0.98;65.31
1984-06-05;10.27;15.3;20.33;0.43;25.86;1.15;42.55
1984-06-06;6.86;12.8;18.74;1.47;10.806;0.65;55.02
1984-06-07;4.56;12.67;20.79;0.0;20.307;0.81;36.94
1984-06-08;7.94;13.93;19.92;0.0;19.822;0.43;45.63
1984-06-09;7.42;15.19;22.96;0.0;24.433;0.9;38.53
1984-06-10;11.89;16.12;20.35;1.41;12.855;1.05;60.58
1984-06-11;10.54;15.88;21.22;1.66;26.721;1.42;51.68
1984-06-12;9.38;13.82;18.26;4.08;14.628;0.82;58.6
1984-06-13;5.88;9.28;12.68;0.0;26.851;1.39;39.56
1984-06-14;4.96;9.54;14.13;0.0;29.68;0.83;32.72
1984-06-15;6.7;8.57;10.45;6.06;6.96;0.86;85.53
1984-06-16;9.62;13.36;17.09;1.03;11.831;0.13;63.59
1984-06-17;7.23;12.1;16.96;7.01;9.954;0.82;65.28
1984-06-18;6.52;11.78;17.04;0.51;15.28;0.68;55.45
1984-06-19;6.83;10.6;14.37;1.08;15.192;1.17;54.88
1984-06-20;4.49;10.43;16.38;0.0;28.901;1.09;34.63
1984-06-21;3.98;11.98;19.99;3.93;23.514;0.77;41.4
1984-06-22;9.44;13.93;18.41;18.59;14.923;1.51;57.68
1984-06-23;7.82;14.39;20.96;0.0;28.965;0.53;35.91
1984-06-24;7.46;14.46;21.47;0.0;28.146;0.79;39.39
1984-06-25;12.95;16.11;19.27;13.67;15.707;1.7;49.45
1984-06-26;13.55;14.31;15.07;1.15;5.724;0.84;95.46
1984-06-27;12.82;17.81;22.8;0.0;25.999;0.71;49.56
1984-06-28;12.64;18.13;23.61;0.0;15.403;0.79;52.42
1984-06-29;9.61;15.13;20.65;0.0;23.138;1.08;53.57
1984-06-30;9.16;14.85;20.54;0.0;23.979;0.92;47.07
1984-07-01;10.67;16.23;21.78;0.0;28.683;1.02;45.52
1984-07-02;10.39;17.2;24.01;0.0;24.099;0.72;42.18
1984-07-03;11.06;17.49;23.92;8.39;15.37;0.75;53.44
1984-07-04;9.06;14.59;20.12;0.0;19.28;0.75;55.6
1984-07-05;8.25;14.78;21.3;0.0;28.307;0.78;42.36
1984-07-06;11.91;16.07;20.23;1.14;9.491;0.82;65.21
1984-07-07;12.62;17.13;21.63;0.98;24.307;0.59;50.69
1984-07-08;11.12;15.25;19.39;5.27;16.728;0.63;57.5
1984-07-09;8.48;14.54;20.59;0.0;28.167;0.58;39.69
1984-07-10;7.97;15.22;22.48;9.13;20.553;0.72;45.43
1984-07-11;10.57;15.79;21.02;0.0;27.312;1.11;50.79
1984-07-12;9.66;13.95;18.24;3.91;19.779;1.03;55.02
1984-07-13;9.13;14.03;18.92;0.75;23.141;0.78;50.08
1984-07-14;9.9;13.52;17.14;0.0;21.628;1.04;45.13
1984-07-15;9.08;13.44;17.8;0.0;22.61;1.02;40.36
1984-07-16;8.6;13.95;19.29;4.25;13.713;0.96;56.82
1984-07-17;7.65;13.89;20.14;2.47;18.0;0.9;58.49
1984-07-18;12.26;16.55;20.85;3.1;11.242;1.3;65.23
1984-07-19;12.56;16.11;19.65;1.43;20.579;1.02;56.6
1984-07-20;12.4;15.14;17.89;0.0;16.069;0.97;55.18
1984-07-21;10.29;13.9;17.52;3.48;19.423;0.39;59.96
1984-07-22;10.6;15.02;19.45;1.37;17.618;0.61;52.84
1984-07-23;10.38;16.09;21.8;3.53;16.859;0.92;49.43
1984-07-24;11.88;14.66;17.43;0.0;14.043;1.22;58.8
1984-07-25;11.96;15.62;19.27;16.47;18.6;0.85;57.53
1984-07-26;11.75;15.1;18.44;17.79;7.961;1.25;73.7
1984-07-27;10.55;14.88;19.22;0.0;21.93;0.96;47.57
1984-07-28;7.48;12.29;17.09;3.85;13.001;1.13;61.54
1984-07-29;7.13;11.44;15.74;3.12;21.524;0.99;41.91
1984-07-30;11.55;15.18;18.81;3.38;6.299;1.51;81.55
1984-07-31;11.61;15.69;19.77;2.18;19.579;1.03;62.08
1984-08-01;10.64;14.24;17.84;1.41;15.015;1.05;61.14
1984-08-02;12.12;14.23;16.34;12.63;7.637;0.91;81.73
1984-08-03;11.04;14.15;17.27;0.0;16.649;1.29;48.58
1984-08-04;10.56;13.86;17.15;2.65;20.253;1.05;47.81
1984-08-05;6.63;11.87;17.11;2.3;15.127;0.89;54.67
1984-08-06;5.68;11.89;18.1;3.75;15.924;0.64;47.78
1984-08-07;8.04;13.2;18.35;0.0;23.286;1.09;44.66
1984-08-08;8.31;12.42;16.53;3.19;6.803;0.86;73.69
1984-08-09;6.54;13.26;19.99;0.0;24.088;0.73;45.85
1984-08-10;6.4;12.14;17.87;6.83;5.812;0.83;63.21
1984-08-11;14.06;15.96;17.86;6.05;7.055;1.18;90.84
1984-08-12;14.13;16.69;19.25;23.71;7.674;0.64;91.42
1984-08-13;10.76;14.88;19.0;3.9;9.812;1.15;70.43
1984-08-14;9.52;13.56;17.6;0.0;16.542;1.04;53.28
1984-08-15;9.73;13.48;17.24;0.0;15.689;1.09;48.99
1984-08-16;7.71;12.77;17.83;0.0;20.746;0.94;43.07
1984-08-17;6.25;13.82;21.4;0.0;20.217;0.58;44.3
1984-08-18;9.3;15.52;21.74;0.0;13.108;0.4;62.73
1984-08-19;10.76;17.18;23.61;0.0;16.641;0.8;50.88
1984-08-20;9.65;14.48;19.31;0.37;11.636;0.89;57.55
1984-08-21;8.21;14.97;21.73;0.0;18.849;0.65;46.47
1984-08-22;10.52;16.5;22.48;0.0;17.976;1.21;54.37
1984-08-23;10.79;14.41;18.04;0.0;20.408;1.39;47.88
1984-08-24;8.68;11.52;14.37;5.7;6.432;0.94;79.07
1984-08-25;5.75;9.29;12.84;0.0;17.353;1.24;43.36
1984-08-26;4.73;9.52;14.31;0.0;19.836;0.47;40.09
1984-08-27;4.97;10.95;16.92;1.08;10.411;1.11;55.01
1984-08-28;8.65;13.36;18.06;0.0;13.803;1.1;57.57
1984-08-29;7.94;12.26;16.58;6.25;4.604;0.86;72.31
1984-08-30;5.16;11.04;16.93;0.0;16.635;0.61;45.37
1984-08-31;3.56;9.9;16.24;0.82;13.282;0.51;52.6
1984-09-01;12.37;17.71;23.06;1.08;12.22;1.17;62.31
1984-09-02;7.01;13.93;20.84;3.59;16.597;0.97;58.02
1984-09-03;4.21;12.11;20.0;0.0;16.292;0.35;44.88
1984-09-04;10.64;16.41;22.19;0.48;10.487;1.01;56.11
1984-09-05;9.59;14.53;19.46;2.43;15.645;1.11;58.47
1984-09-06;3.45;9.49;15.53;0.0;15.25;0.94;55.98
1984-09-07;3.18;7.67;12.16;0.26;9.128;0.46;55.85
1984-09-08;6.06;9.44;12.81;0.38;14.001;1.35;49.86
1984-09-09;6.08;9.01;11.94;1.84;10.385;1.37;54.27
1984-09-10;5.85;8.43;11.0;0.26;9.073;1.21;64.77
1984-09-11;7.21;8.78;10.34;0.77;6.606;0.9;85.64
1984-09-12;5.28;7.36;9.44;0.0;10.123;0.99;64.93
1984-09-13;5.21;7.24;9.27;0.26;7.831;0.9;76.94
1984-09-14;4.3;7.15;10.0;0.0;10.758;0.59;58.59
1984-09-15;4.27;6.99;9.71;0.0;8.624;0.29;66.08
1984-09-16;3.67;7.14;10.62;0.0;10.754;0.98;53.47
1984-09-17;3.32;6.59;9.86;0.0;12.242;1.27;43.79
1984-09-18;3.23;6.25;9.27;0.0;12.428;1.49;37.47
1984-09-19;2.06;4.92;7.77;0.0;10.937;1.04;38.57
1984-09-20;1.41;4.75;8.08;0.0;8.371;0.94;45.18
1984-09-21;4.81;6.76;8.71;0.0;7.222;1.04;54.81
1984-09-22;3.17;6.0;8.82;0.0;7.551;0.89;46.55
1984-09-23;2.02;5.93;9.84;2.01;12.007;1.46;42.82
1984-09-24;6.92;8.88;10.84;11.46;2.366;1.78;84.32
1984-09-25;8.21;9.48;10.75;2.72;2.71;1.41;91.45
1984-09-26;5.02;9.12;13.21;0.91;7.786;0.67;67.52
1984-09-27;5.93;8.56;11.19;0.39;4.493;0.64;84.07
1984-09-28;2.26;4.5;6.74;0.0;8.162;1.58;50.27
1984-09-29;-2.62;1.28;5.18;0.0;10.491;0.85;27.43
1984-09-30;-2.4;2.15;6.69;0.0;10.34;1.22;28.76
1984-10-01;3.54;7.68;11.81;0.19;8.821;2.12;49.95
1984-10-02;9.31;10.39;11.46;15.5;2.214;1.63;95.1
1984-10-03;7.37;9.38;11.4;5.57;2.386;1.32;93.92
1984-10-04;7.18;8.53;9.88;1.39;2.98;0.99;88.14
1984-10-05;6.83;10.08;13.33;5.18;7.712;1.82;70.46
1984-10-06;6.28;10.63;14.98;0.0;5.277;1.09;82.99
1984-10-07;6.8;9.37;11.93;3.54;4.155;1.06;92.06
1984-10-08;5.35;8.72;12.09;3.37;3.648;1.07;93.43
1984-10-09;3.81;6.77;9.72;0.0;4.773;1.04;71.09
1984-10-10;1.84;6.13;10.41;0.0;6.147;1.0;56.58
1984-10-11;-0.73;4.38;9.48;0.0;6.364;0.53;55.68
1984-10-12;3.6;7.5;11.41;0.0;3.403;1.16;79.36
1984-10-13;0.99;6.75;12.5;0.0;3.816;0.88;76.32
1984-10-14;0.71;5.29;9.87;0.0;6.789;0.5;61.11
1984-10-15;4.95;7.8;10.65;0.0;4.487;1.25;78.45
1984-10-16;3.75;6.57;9.39;0.0;5.356;1.19;69.2
1984-10-17;3.61;6.29;8.98;0.0;5.522;1.28;69.51
1984-10-18;6.01;7.41;8.8;6.8;2.134;1.6;87.51
1984-10-19;2.96;6.13;9.3;0.38;2.591;1.2;82.02
1984-10-20;1.62;5.34;9.06;0.0;3.113;0.41;73.6
1984-10-21;3.31;6.48;9.64;0.0;3.158;0.2;83.76
1984-10-22;2.26;5.58;8.91;0.0;4.488;0.34;82.34
1984-10-23;2.27;4.48;6.69;0.0;4.418;1.25;80.68
1984-10-24;3.53;6.21;8.9;1.7;1.67;1.46;81.79
1984-10-25;3.44;5.92;8.39;0.88;2.93;1.14;83.91
1984-10-26;6.11;8.77;11.43;2.86;1.789;1.82;85.92
1984-10-27;7.26;9.55;11.85;2.31;2.424;2.02;83.71
1984-10-28;-1.23;3.28;7.78;0.0;2.928;1.35;65.42
1984-10-29;-1.66;1.92;5.5;0.0;3.754;0.94;57.49
1984-10-30;0.58;3.27;5.97;0.0;4.04;1.46;66.19
1984-10-31;5.28;6.96;8.64;11.57;1.109;2.48;85.51
1984-11-01;2.2;4.44;6.67;2.2;1.615;1.51;79.68
1984-11-02;-1.66;0.63;2.91;0.0;3.092;1.08;57.9
1984-11-03;-1.7;0.03;1.76;0.0;2.976;0.7;57.54
1984-11-04;-2.43;0.41;3.26;2.44;3.002;1.31;50.47
1984-11-05;0.58;2.71;4.83;2.74;2.52;1.68;82.36
1984-11-06;-2.07;1.02;4.11;0.0;2.715;1.14;66.51
1984-11-07;-1.37;1.58;4.53;1.25;2.911;1.47;83.4
1984-11-08;3.03;3.97;4.91;1.84;1.36;0.77;91.23
1984-11-09;4.33;5.27;6.2;2.47;1.573;1.39;88.86
1984-11-10;3.94;4.92;5.91;5.8;1.112;0.88;89.46
1984-11-11;-0.79;1.94;4.66;1.93;2.435;0.68;67.76
1984-11-12;-6.37;-1.93;2.52;3.45;2.459;1.14;66.35
1984-11-13;-8.08;-3.31;1.46;0.0;2.196;1.14;68.98
1984-11-14;-7.3;-1.1;5.1;8.96;1.745;1.61;64.33
1984-11-15;4.62;5.91;7.2;6.32;0.758;1.89;86.51
1984-11-16;4.56;5.91;7.26;7.37;1.192;1.35;89.61
1984-11-17;3.84;4.72;5.6;1.01;0.839;1.34;89.39
1984-11-18;3.8;4.78;5.76;6.54;0.752;1.88;85.58
1984-11-19;5.38;5.63;5.88;12.79;0.592;2.05;89.95
1984-11-20;2.74;4.57;6.4;2.66;0.927;1.08;85.5
1984-11-21;2.72;4.29;5.87;2.39;0.741;1.48;81.87
1984-11-22;1.95;3.41;4.87;0.0;1.687;1.59;78.65
1984-11-23;0.07;2.48;4.88;1.44;1.344;0.69;78.0
1984-11-24;-1.32;1.81;4.95;0.84;0.854;1.43;80.03
1984-11-25;-1.88;1.09;4.06;1.81;1.046;1.01;68.1
1984-11-26;2.22;3.38;4.54;0.68;0.782;0.9;87.12
1984-11-27;-1.9;0.71;3.32;1.54;0.987;1.94;58.55
1984-11-28;-10.58;-5.69;-0.79;0.0;1.29;1.25;35.26
1984-11-29;-10.36;-6.0;-1.65;0.58;1.268;1.01;57.78
1984-11-30;-12.76;-9.21;-5.65;0.0;1.203;0.71;74.11
1984-12-01;-11.6;-8.18;-4.77;0.0;1.322;0.81;77.61
1984-12-02;-7.74;-4.57;-1.4;0.87;1.098;1.14;65.51
1984-12-03;-2.81;-1.35;0.11;1.99;1.136;1.76;77.2
1984-12-04;-2.94;0.15;3.24;2.21;0.479;1.75;79.25
1984-12-05;-6.08;-1.83;2.41;0.65;0.849;1.07;71.78
1984-12-06;1.45;2.92;4.38;8.62;0.582;1.5;86.61
1984-12-07;2.61;3.63;4.65;1.3;0.544;1.6;87.43
1984-12-08;1.76;3.37;4.98;2.62;0.682;1.57;83.55
1984-12-09;3.69;4.46;5.24;8.76;0.425;2.11;85.39
1984-12-10;-3.55;0.46;4.46;0.69;0.629;2.04;48.54
1984-12-11;-3.73;-1.15;1.44;4.08;0.88;1.69;49.72
1984-12-12;0.18;1.72;3.25;9.77;0.442;2.17;84.31
1984-12-13;-4.92;-0.91;3.11;3.29;0.521;1.99;59.04
1984-12-14;-7.09;-5.39;-3.69;0.0;0.84;1.02;56.62
1984-12-15;-9.39;-7.16;-4.93;0.0;0.65;1.33;40.81
1984-12-16;-12.5;-8.65;-4.8;2.87;0.598;1.7;52.67
1984-12-17;-14.54;-6.64;1.26;6.52;0.838;1.63;18.51
1984-12-18;-0.39;0.75;1.89;1.95;0.449;1.49;87.12
1984-12-19;-5.56;-2.07;1.42;2.78;0.293;0.75;87.01
1984-12-20;-2.6;-0.68;1.24;6.44;0.295;0.49;90.52
1984-12-21;-15.67;-8.27;-0.86;0.31;0.694;1.42;19.31
1984-12-22;-16.2;-12.3;-8.4;0.0;0.581;0.24;74.57
1984-12-23;-14.21;-10.36;-6.51;0.44;0.51;0.91;65.78
1984-12-24;-9.65;-7.22;-4.8;0.98;0.73;2.02;78.9
1984-12-25;-10.94;-7.95;-4.95;0.0;0.825;1.88;68.17
1984-12-26;-13.07;-10.51;-7.94;0.0;0.509;1.68;81.28
1984-12-27;-14.43;-12.32;-10.21;0.0;0.486;1.35;86.13
1984-12-28;-16.24;-13.68;-11.12;0.23;0.493;0.38;84.25
1984-12-29;-13.74;-7.73;-1.72;2.49;0.791;0.83;42.08
1984-12-30;-7.51;-4.54;-1.57;2.78;0.571;1.51;79.03
1984-12-31;-10.9;-8.16;-5.43;0.0;0.537;1.68;69.32
