iso-date;tmin;tavg;tmax;precip;globrad;wind;relhumid
1980-01-01;2.1;4.38;6.66;9.9;1.577;5.76;80.72
1980-01-02;-3.28;0.12;3.52;10.5;2.206;3.54;75.71
1980-01-03;-4.1;-2.44;-0.78;0.0;2.93;4.43;36.44
1980-01-04;-4.19;-0.78;2.63;2.47;1.489;3.74;71.1
1980-01-05;0.03;0.95;1.87;0.65;0.994;2.55;92.44
1980-01-06;-2.38;-0.88;0.62;0.0;3.149;2.49;84.85
1980-01-07;-6.69;-2.74;1.22;1.85;3.659;2.21;72.52
1980-01-08;-7.58;-3.79;0.0;0.0;3.466;4.22;69.3
1980-01-09;-2.46;0.06;2.59;0.0;2.365;4.49;74.21
1980-01-10;3.04;4.88;6.71;0.7;1.348;4.03;78.14
1980-01-11;1.6;3.52;5.44;0.0;2.793;2.88;77.93
1980-01-12;1.22;3.83;6.44;2.69;3.23;2.84;78.39
1980-01-13;6.24;8.11;9.97;1.84;1.098;3.5;88.09
1980-01-14;4.55;5.96;7.38;0.23;1.401;3.35;91.4
1980-01-15;2.49;5.62;8.74;3.37;1.009;3.75;82.49
1980-01-16;5.71;7.47;9.23;5.26;1.122;4.63;92.97
1980-01-17;3.49;6.09;8.69;1.59;2.487;5.08;69.72
1980-01-18;3.87;5.56;7.26;0.0;3.636;6.85;59.26
1980-01-19;3.48;5.09;6.7;0.67;2.554;1.98;83.39
1980-01-20;0.46;2.58;4.71;1.03;4.622;3.58;72.65
1980-01-21;1.43;4.46;7.49;0.23;3.11;5.75;64.47
1980-01-22;0.32;3.02;5.71;0.0;4.272;2.38;70.17
1980-01-23;-0.69;3.91;8.5;2.95;1.727;2.1;66.09
1980-01-24;3.0;6.06;9.12;0.0;3.923;3.71;77.21
1980-01-25;7.83;8.78;9.73;2.26;1.356;5.65;90.62
1980-01-26;1.05;4.65;8.25;0.84;2.703;6.73;43.06
1980-01-27;0.47;2.59;4.71;0.0;3.31;6.36;51.39
1980-01-28;0.63;4.68;8.73;9.03;1.88;5.49;61.15
1980-01-29;2.15;3.37;4.58;2.93;1.462;6.56;81.8
1980-01-30;-1.56;1.76;5.09;0.0;3.464;3.75;41.53
1980-01-31;-1.9;1.17;4.24;0.0;4.342;2.36;64.9
1980-02-01;3.98;6.51;9.04;2.77;2.409;4.47;83.77
1980-02-02;-1.58;2.8;7.18;0.0;5.087;0.52;70.49
1980-02-03;-2.56;0.82;4.21;0.0;5.505;0.66;65.94
1980-02-04;-1.85;1.2;4.25;0.0;6.724;1.73;53.87
1980-02-05;-1.36;1.99;5.35;0.0;3.554;2.21;71.76
1980-02-06;4.46;6.88;9.29;0.0;3.34;1.99;83.36
1980-02-07;5.6;7.53;9.46;0.0;2.851;1.67;85.18
1980-02-08;1.72;5.87;10.02;0.0;4.385;1.03;71.47
1980-02-09;-0.58;4.02;8.62;0.0;6.496;0.54;51.17
1980-02-10;-0.82;3.42;7.66;0.0;5.313;0.04;51.37
1980-02-11;-1.64;2.6;6.84;0.0;7.753;1.0;50.44
1980-02-12;-0.49;3.48;7.44;0.0;5.446;3.74;63.89
1980-02-13;6.76;8.53;10.3;22.47;1.858;8.4;86.45
1980-02-14;1.76;5.09;8.43;1.07;5.779;8.06;42.49
1980-02-15;0.94;2.2;3.45;1.12;1.938;7.37;64.03
1980-02-16;-0.24;1.47;3.18;0.94;6.328;6.32;56.93
1980-02-17;-1.26;2.29;5.83;0.33;5.304;3.9;54.81
1980-02-18;4.69;6.84;8.99;5.72;3.538;7.22;74.76
1980-02-19;0.9;3.45;6.0;0.73;5.626;7.71;49.97
1980-02-20;0.07;2.15;4.22;0.54;2.977;5.84;63.78
1980-02-21;-2.18;0.61;3.41;0.0;7.906;3.74;50.19
1980-02-22;-2.79;0.59;3.98;0.0;8.693;1.14;50.84
1980-02-23;-2.37;0.92;4.2;0.0;7.617;2.1;37.36
1980-02-24;-2.25;0.12;2.49;0.0;8.483;4.49;36.49
1980-02-25;-0.61;1.26;3.12;0.0;5.763;4.62;54.79
1980-02-26;-1.23;1.14;3.5;0.0;8.007;3.54;36.85
1980-02-27;-1.17;0.94;3.04;0.28;8.357;2.72;62.31
1980-02-28;-1.73;0.6;2.93;0.0;6.876;1.38;75.8
1980-02-29;0.0;0.0;0.0;0.0;0.0;0.0;0.0
1980-03-01;-0.28;2.73;5.73;0.53;6.307;2.59;66.58
1980-03-02;0.92;3.94;6.97;4.42;5.413;2.87;67.99
1980-03-03;3.82;6.44;9.05;4.33;2.703;1.03;83.34
1980-03-04;5.01;8.58;12.15;0.0;5.634;3.44;74.12
1980-03-05;8.48;11.98;15.49;0.0;8.141;4.34;53.56
1980-03-06;9.76;12.84;15.92;0.0;6.896;5.57;54.22
1980-03-07;6.04;10.15;14.26;4.13;4.157;6.22;62.08
1980-03-08;3.64;6.77;9.89;1.23;6.305;3.75;69.04
1980-03-09;2.92;6.31;9.7;0.54;6.894;4.09;64.5
1980-03-10;3.66;7.44;11.21;2.1;3.218;2.76;75.27
1980-03-11;6.64;10.07;13.51;1.45;10.334;4.7;58.25
1980-03-12;8.97;11.02;13.06;1.34;2.93;2.79;89.85
1980-03-13;6.56;13.09;19.63;0.0;13.11;2.22;44.45
1980-03-14;5.49;9.62;13.75;6.66;5.94;3.57;70.62
1980-03-15;3.71;8.6;13.48;0.84;13.344;4.22;44.45
1980-03-16;9.01;12.91;16.81;5.99;3.926;4.64;67.26
1980-03-17;5.84;9.86;13.88;0.0;13.467;1.97;50.17
1980-03-18;1.62;6.74;11.87;0.0;7.248;0.57;58.46
1980-03-19;1.17;7.75;14.32;0.0;14.712;2.32;34.25
1980-03-20;8.66;12.54;16.43;0.0;6.155;3.42;45.37
1980-03-21;10.31;13.46;16.6;0.29;5.727;2.72;65.16
1980-03-22;8.74;12.18;15.61;4.55;8.834;2.45;63.34
1980-03-23;6.4;8.58;10.76;4.13;6.37;4.39;70.37
1980-03-24;3.67;7.21;10.76;3.8;4.871;2.86;63.2
1980-03-25;2.0;6.9;11.8;0.0;13.56;2.38;49.79
1980-03-26;1.34;6.48;11.62;0.0;14.647;0.98;41.9
1980-03-27;-0.6;5.67;11.93;0.0;15.52;1.4;34.94
1980-03-28;1.4;7.12;12.84;0.0;14.273;2.62;44.38
1980-03-29;6.05;10.91;15.78;0.0;13.393;3.64;42.97
1980-03-30;4.71;10.9;17.09;0.0;16.877;2.99;30.52
1980-03-31;2.88;10.45;18.02;0.0;14.325;1.88;33.14
1980-04-01;6.08;10.88;15.68;1.8;10.932;2.58;55.53
1980-04-02;5.0;9.45;13.89;1.21;12.172;1.88;60.06
1980-04-03;6.27;9.57;12.88;5.63;8.638;2.1;56.32
1980-04-04;2.57;5.42;8.28;4.76;10.167;4.04;62.12
1980-04-05;1.66;4.77;7.88;0.0;11.984;5.15;44.85
1980-04-06;0.56;5.2;9.84;0.33;11.772;2.64;59.56
1980-04-07;4.55;10.71;16.87;0.0;15.758;1.95;36.95
1980-04-08;8.64;10.98;13.31;7.55;5.104;2.49;76.77
1980-04-09;7.48;10.36;13.23;4.69;6.205;1.02;72.42
1980-04-10;7.17;10.19;13.21;0.64;6.9;0.19;72.81
1980-04-11;6.13;11.43;16.74;1.86;11.49;1.7;50.61
1980-04-12;4.75;11.46;18.16;0.0;16.964;2.98;37.53
1980-04-13;6.54;12.73;18.93;0.0;19.017;4.3;33.43
1980-04-14;7.39;13.78;20.17;0.0;18.326;4.6;35.8
1980-04-15;10.22;14.12;18.01;7.83;4.854;2.24;69.91
1980-04-16;7.31;12.98;18.66;0.39;16.215;2.64;55.8
1980-04-17;5.46;11.84;18.22;0.0;14.704;0.81;48.39
1980-04-18;8.64;14.01;19.38;3.8;8.057;2.95;58.48
1980-04-19;10.54;15.3;20.07;3.79;13.351;2.37;58.96
1980-04-20;6.29;9.97;13.65;21.29;8.014;2.78;77.84
1980-04-21;3.99;9.63;15.27;0.0;12.696;1.37;51.34
1980-04-22;4.35;9.34;14.33;0.0;22.465;4.68;36.2
1980-04-23;2.1;6.96;11.81;0.0;16.371;2.91;39.11
1980-04-24;5.93;8.14;10.36;0.0;11.325;2.73;48.0
1980-04-25;2.85;6.81;10.77;0.0;12.459;2.12;43.89
1980-04-26;1.21;5.71;10.21;0.0;17.991;2.38;35.15
1980-04-27;5.97;8.06;10.16;0.85;9.912;2.18;65.25
1980-04-28;3.36;7.14;10.92;0.27;15.533;2.28;51.35
1980-04-29;2.91;8.75;14.6;0.0;11.224;2.01;48.49
1980-04-30;8.96;13.47;17.99;0.0;8.72;1.68;60.94
1980-05-01;7.36;14.22;21.08;0.0;12.537;0.73;48.95
1980-05-02;12.23;17.73;23.24;0.0;15.917;0.86;49.42
1980-05-03;12.71;18.52;24.33;0.0;19.634;1.17;46.28
1980-05-04;11.76;17.42;23.08;0.0;18.859;2.05;49.53
1980-05-05;9.63;15.38;21.13;0.0;24.329;3.04;41.26
1980-05-06;9.05;12.63;16.22;0.0;13.323;2.95;51.61
1980-05-07;5.26;9.94;14.62;0.0;18.357;2.09;41.12
1980-05-08;3.58;8.9;14.22;0.0;20.159;2.02;40.65
1980-05-09;4.32;11.08;17.84;0.0;24.245;2.47;35.6
1980-05-10;4.42;11.53;18.64;5.1;13.179;2.04;45.86
1980-05-11;8.94;12.64;16.35;6.86;7.69;1.26;69.09
1980-05-12;7.64;13.04;18.45;0.0;18.722;2.47;47.63
1980-05-13;5.18;10.66;16.15;0.0;19.843;2.6;40.16
1980-05-14;7.34;10.91;14.49;0.0;12.575;4.5;52.63
1980-05-15;10.02;14.4;18.78;0.0;16.691;4.79;46.66
1980-05-16;7.3;10.77;14.23;0.0;15.246;4.1;42.58
1980-05-17;4.54;10.24;15.95;2.94;13.631;1.65;46.12
1980-05-18;3.8;10.45;17.1;0.0;23.827;2.21;39.28
1980-05-19;8.84;12.62;16.39;0.95;10.97;3.33;58.82
1980-05-20;7.93;12.92;17.91;3.89;13.713;2.15;52.0
1980-05-21;8.73;10.98;13.23;8.38;10.367;3.96;73.98
1980-05-22;7.21;13.03;18.84;0.0;24.506;2.47;39.53
1980-05-23;7.41;13.03;18.64;6.47;12.62;3.86;44.19
1980-05-24;8.94;11.75;14.55;14.02;12.786;5.91;60.49
1980-05-25;9.82;13.46;17.09;3.89;15.516;5.4;52.81
1980-05-26;4.74;10.68;16.62;4.2;10.656;2.53;53.61
1980-05-27;4.35;10.29;16.22;0.0;19.551;2.4;42.53
1980-05-28;6.21;11.38;16.55;0.0;22.598;3.6;42.16
1980-05-29;6.13;9.86;13.58;5.67;15.396;1.92;60.94
1980-05-30;5.4;10.02;14.63;0.0;20.91;1.78;41.94
1980-05-31;6.4;11.27;16.13;9.33;6.677;4.11;59.69
1980-06-01;8.27;13.05;17.83;10.33;11.777;4.1;60.29
1980-06-02;6.73;11.84;16.94;0.0;20.531;1.92;46.52
1980-06-03;5.5;12.27;19.03;0.0;23.14;1.93;38.09
1980-06-04;5.12;12.21;19.29;0.0;21.826;2.06;40.8
1980-06-05;7.47;13.36;19.25;0.0;25.873;2.13;41.13
1980-06-06;5.79;12.86;19.92;0.0;28.488;1.27;37.18
1980-06-07;4.83;12.93;21.02;0.0;29.138;1.16;36.01
1980-06-08;8.43;12.62;16.8;3.92;11.401;3.09;60.73
1980-06-09;8.39;11.04;13.68;0.36;11.128;2.83;62.56
1980-06-10;7.72;10.57;13.42;1.81;11.509;3.36;64.59
1980-06-11;6.14;11.24;16.34;5.05;11.617;3.78;57.25
1980-06-12;9.51;12.77;16.03;3.26;16.424;4.93;57.31
1980-06-13;6.48;11.83;17.17;0.0;21.51;2.84;44.86
1980-06-14;6.41;11.99;17.57;0.0;15.104;0.34;49.96
1980-06-15;6.53;13.54;20.56;0.0;20.268;0.0;47.41
1980-06-16;8.26;15.02;21.78;0.0;20.673;0.75;44.07
1980-06-17;11.0;16.99;22.99;4.6;17.258;1.15;49.02
1980-06-18;12.99;18.79;24.59;1.65;18.42;2.27;44.57
1980-06-19;12.69;18.19;23.69;11.34;16.634;3.05;47.86
1980-06-20;8.3;12.74;17.18;6.34;13.034;3.85;61.11
1980-06-21;7.0;12.97;18.95;0.0;22.339;0.92;43.25
1980-06-22;8.64;14.43;20.22;0.0;22.43;1.42;48.23
1980-06-23;12.46;14.97;17.49;1.06;10.331;2.83;69.44
1980-06-24;12.38;15.74;19.1;0.67;10.128;3.11;57.74
1980-06-25;10.9;15.25;19.59;0.0;16.349;3.32;50.55
1980-06-26;10.38;16.2;22.02;0.0;24.18;2.53;44.03
1980-06-27;10.69;13.84;17.0;5.07;6.483;3.31;69.78
1980-06-28;9.42;13.85;18.28;0.0;19.566;2.36;46.64
1980-06-29;9.83;14.79;19.74;0.87;16.666;2.88;47.03
1980-06-30;11.79;15.76;19.73;1.61;17.388;3.03;51.87
1980-07-01;7.64;13.35;19.06;0.99;19.372;2.41;50.67
1980-07-02;7.4;11.63;15.87;8.12;12.873;2.65;54.81
1980-07-03;8.68;13.04;17.4;0.0;18.984;3.24;48.67
1980-07-04;9.32;12.96;16.6;7.5;11.934;2.98;56.81
1980-07-05;8.63;13.47;18.31;0.0;18.82;3.06;48.54
1980-07-06;11.67;14.66;17.64;3.54;15.524;4.32;56.38
1980-07-07;11.77;14.62;17.47;0.74;10.182;4.09;56.61
1980-07-08;11.74;16.22;20.7;0.34;12.636;2.44;57.45
1980-07-09;14.3;16.86;19.42;5.54;7.164;3.13;80.14
1980-07-10;11.12;16.51;21.9;3.06;11.669;2.37;64.18
1980-07-11;8.98;14.77;20.56;0.0;17.894;0.95;51.13
1980-07-12;8.78;15.34;21.9;4.03;15.163;1.49;47.67
1980-07-13;10.12;15.04;19.96;4.12;18.284;2.65;52.24
1980-07-14;10.75;15.57;20.39;1.81;17.738;3.46;50.28
1980-07-15;10.84;16.3;21.75;0.0;20.145;2.25;50.0
1980-07-16;10.32;17.56;24.81;0.0;25.419;1.78;42.93
1980-07-17;12.54;19.0;25.47;0.0;26.506;3.61;42.06
1980-07-18;13.88;21.04;28.19;0.55;22.62;3.73;39.55
1980-07-19;13.72;20.57;27.42;0.0;24.707;2.49;49.18
1980-07-20;12.87;20.39;27.92;0.0;24.885;0.72;44.15
1980-07-21;15.48;24.72;33.96;0.0;23.76;2.87;35.46
1980-07-22;15.96;22.55;29.14;0.77;22.615;2.29;48.4
1980-07-23;12.03;18.04;24.04;0.0;17.884;2.3;51.16
1980-07-24;11.48;16.61;21.73;0.0;18.746;2.66;46.31
1980-07-25;10.57;16.02;21.48;0.0;17.159;2.37;47.68
1980-07-26;8.77;15.61;22.45;0.0;21.411;0.84;42.38
1980-07-27;11.19;19.48;27.76;0.0;24.387;1.64;36.99
1980-07-28;10.17;16.59;23.01;0.0;18.117;3.29;50.33
1980-07-29;8.48;17.23;25.98;1.47;23.439;1.03;37.1
1980-07-30;13.57;19.29;25.01;2.94;15.032;1.91;54.59
1980-07-31;11.17;18.5;25.82;0.0;21.5;0.53;44.03
1980-08-01;11.48;19.59;27.71;0.0;24.343;1.58;36.82
1980-08-02;11.38;20.56;29.74;0.0;24.066;1.19;34.96
1980-08-03;11.9;21.47;31.04;0.0;23.864;1.13;34.89
1980-08-04;13.27;21.99;30.72;0.0;24.795;1.49;36.48
1980-08-05;13.97;20.91;27.85;1.36;23.459;2.78;41.9
1980-08-06;10.89;17.83;24.76;0.0;23.858;2.23;38.15
1980-08-07;11.11;18.13;25.15;0.0;24.098;2.64;34.46
1980-08-08;10.27;18.92;27.58;0.0;23.889;1.9;32.59
1980-08-09;10.04;18.78;27.52;0.0;23.902;1.06;35.84
1980-08-10;10.1;19.7;29.29;0.0;24.493;2.6;33.17
1980-08-11;13.76;17.98;22.21;0.0;19.49;3.8;45.67
1980-08-12;13.56;19.36;25.15;0.0;16.987;2.92;39.3
1980-08-13;16.18;17.7;19.22;1.67;8.707;3.77;69.2
1980-08-14;16.45;19.49;22.54;1.23;11.197;3.62;55.05
1980-08-15;13.74;21.57;29.4;0.0;22.755;1.95;36.78
1980-08-16;11.65;21.59;31.52;1.53;22.712;1.75;33.4
1980-08-17;16.35;22.51;28.67;0.0;21.787;3.25;39.72
1980-08-18;10.84;17.26;23.67;0.0;22.142;3.14;37.85
1980-08-19;5.97;14.08;22.19;0.0;21.506;2.69;35.35
1980-08-20;7.0;15.33;23.66;0.0;22.481;2.26;33.95
1980-08-21;7.03;14.8;22.57;0.0;20.47;1.73;36.05
1980-08-22;5.98;14.37;22.75;0.0;21.131;1.57;36.16
1980-08-23;6.06;14.91;23.76;0.0;20.876;1.61;35.38
1980-08-24;7.16;14.72;22.28;0.0;20.873;2.01;36.64
1980-08-25;7.94;15.52;23.09;0.0;19.305;2.27;35.43
1980-08-26;8.6;16.73;24.86;0.0;20.98;2.35;33.23
1980-08-27;9.39;18.05;26.7;0.0;21.698;2.75;31.11
1980-08-28;10.44;19.1;27.76;0.0;21.175;3.88;28.11
1980-08-29;12.17;18.83;25.49;0.0;20.708;4.3;31.11
1980-08-30;9.29;14.63;19.98;0.0;16.833;2.91;38.85
1980-08-31;5.84;13.53;21.22;0.0;20.515;1.88;34.17
1980-09-01;3.84;13.41;22.98;0.0;19.761;1.36;34.22
1980-09-02;7.15;16.38;25.6;0.0;19.143;2.94;33.96
1980-09-03;13.15;19.21;25.26;0.0;13.364;3.96;31.76
1980-09-04;10.22;17.82;25.42;0.0;19.666;2.72;32.25
1980-09-05;6.7;15.75;24.8;0.0;15.611;1.21;35.94
1980-09-06;14.11;19.89;25.68;0.0;14.933;3.18;39.8
1980-09-07;14.66;21.11;27.56;1.64;19.056;4.4;34.86
1980-09-08;9.21;16.03;22.85;0.33;12.981;2.91;46.73
1980-09-09;9.62;17.76;25.9;11.35;13.789;4.68;38.6
1980-09-10;10.95;15.74;20.53;0.0;13.529;5.3;43.39
1980-09-11;9.36;15.53;21.7;0.0;15.106;2.47;37.88
1980-09-12;8.86;15.4;21.94;10.1;15.189;2.6;42.25
1980-09-13;10.59;14.46;18.32;4.23;14.857;3.05;47.6
1980-09-14;9.24;12.05;14.86;4.62;8.421;4.79;55.37
1980-09-15;9.02;12.33;15.64;0.0;11.051;4.62;46.78
1980-09-16;8.14;13.03;17.92;3.03;13.299;2.16;44.08
1980-09-17;10.59;15.58;20.58;28.44;4.374;4.34;69.72
1980-09-18;9.55;13.96;18.36;3.99;6.797;7.04;49.11
1980-09-19;9.35;13.41;17.48;1.5;11.54;4.86;49.23
1980-09-20;12.25;15.0;17.75;2.63;5.176;4.28;83.39
1980-09-21;8.96;13.32;17.68;2.06;7.342;3.58;65.45
1980-09-22;8.28;12.83;17.38;0.0;10.425;2.3;47.34
1980-09-23;7.71;12.85;17.99;0.0;13.325;2.79;46.38
1980-09-24;9.73;14.55;19.37;0.0;9.849;2.64;52.1
1980-09-25;10.0;15.9;21.8;0.0;14.024;2.25;46.0
1980-09-26;11.93;17.68;23.43;0.0;13.107;2.28;48.16
1980-09-27;13.59;19.32;25.05;0.0;13.369;3.21;40.83
1980-09-28;7.79;13.61;19.43;1.03;11.09;1.18;59.82
1980-09-29;7.83;14.41;21.0;0.0;13.262;2.17;41.58
1980-09-30;10.79;15.1;19.41;0.0;10.241;2.06;55.05
1980-10-01;11.1;17.54;23.98;0.0;13.236;3.09;40.16
1980-10-02;11.97;16.52;21.07;1.2;6.32;4.61;52.49
1980-10-03;11.66;17.26;22.85;6.27;6.932;3.36;44.67
1980-10-04;6.7;10.29;13.88;0.0;7.274;3.36;65.4
1980-10-05;6.45;11.11;15.77;0.62;6.046;3.51;59.41
1980-10-06;12.36;14.69;17.02;1.62;2.22;2.79;85.97
1980-10-07;11.83;15.14;18.45;0.34;8.211;2.01;63.64
1980-10-08;11.79;17.05;22.3;0.0;10.943;3.34;45.97
1980-10-09;13.54;18.39;23.24;0.0;9.602;2.95;47.04
1980-10-10;12.27;14.29;16.32;3.61;2.396;1.61;86.25
1980-10-11;12.54;15.68;18.82;9.77;4.488;2.58;80.16
1980-10-12;10.29;13.42;16.55;1.33;8.524;1.87;72.53
1980-10-13;9.43;13.21;16.98;0.0;5.414;3.31;62.84
1980-10-14;7.64;11.38;15.12;11.6;5.807;4.17;73.88
1980-10-15;5.16;8.59;12.01;0.0;6.577;3.36;50.07
1980-10-16;5.75;10.82;15.89;0.75;2.598;5.86;48.57
1980-10-17;7.33;11.66;15.99;22.02;1.725;6.54;75.29
1980-10-18;6.61;8.45;10.28;1.82;6.002;5.81;60.37
1980-10-19;7.34;9.5;11.65;0.85;2.951;6.31;83.42
1980-10-20;6.29;9.18;12.07;7.52;5.695;7.65;59.81
1980-10-21;5.42;7.29;9.16;2.78;5.084;4.93;74.53
1980-10-22;6.23;8.36;10.48;8.27;3.338;4.23;85.93
1980-10-23;2.79;6.05;9.32;6.49;4.12;4.38;72.13
1980-10-24;3.71;5.48;7.25;5.71;4.656;4.29;77.41
1980-10-25;1.84;5.73;9.62;0.62;6.922;1.47;59.7
1980-10-26;1.96;5.13;8.3;6.1;4.947;3.71;80.12
1980-10-27;-0.38;2.27;4.91;2.56;3.381;3.31;75.88
1980-10-28;3.44;7.02;10.61;0.0;4.382;1.03;64.58
1980-10-29;2.12;6.7;11.27;6.41;4.319;4.25;61.3
1980-10-30;2.84;4.92;6.99;0.91;4.813;4.98;69.07
1980-10-31;3.09;5.39;7.7;0.0;4.666;4.49;58.18
1980-11-01;3.45;6.04;8.64;0.59;2.887;4.98;72.58
1980-11-02;1.15;5.57;9.98;0.0;7.435;2.03;54.59
1980-11-03;0.95;6.61;12.28;0.0;7.42;3.45;39.44
1980-11-04;5.29;8.62;11.94;0.0;4.908;2.51;81.22
1980-11-05;0.95;5.86;10.77;0.0;6.229;2.01;55.2
1980-11-06;-0.3;4.62;9.54;0.0;5.981;1.57;51.92
1980-11-07;1.16;5.84;10.52;0.66;3.803;2.72;65.74
1980-11-08;-0.45;4.76;9.96;0.0;5.961;1.15;55.05
1980-11-09;-0.58;4.14;8.87;0.0;3.415;0.78;65.21
1980-11-10;0.76;5.07;9.38;2.9;3.641;3.46;77.5
1980-11-11;4.1;7.51;10.92;5.63;1.912;2.22;89.83
1980-11-12;-0.35;4.0;8.35;0.0;5.187;0.27;66.32
1980-11-13;0.59;3.61;6.64;0.0;4.034;1.08;79.05
1980-11-14;0.0;3.21;6.43;2.61;2.907;3.14;79.2
1980-11-15;1.9;4.82;7.74;0.0;3.675;2.41;80.62
1980-11-16;0.03;3.91;7.79;0.0;5.325;1.52;66.58
1980-11-17;1.26;4.03;6.79;0.0;2.933;1.09;83.73
1980-11-18;0.43;2.89;5.35;0.0;4.298;1.64;80.66
1980-11-19;0.66;4.07;7.48;1.51;2.137;2.48;73.13
1980-11-20;2.42;6.2;9.98;1.79;3.383;2.68;68.46
1980-11-21;8.28;10.09;11.91;3.33;2.85;3.68;84.45
1980-11-22;5.66;8.9;12.14;0.83;2.547;4.01;83.02
1980-11-23;0.61;3.9;7.18;0.0;2.626;2.21;84.19
1980-11-24;-2.0;0.91;3.82;0.0;3.2;1.11;83.96
1980-11-25;-1.84;0.72;3.29;0.0;3.885;1.83;72.21
1980-11-26;0.76;2.99;5.22;0.42;1.128;1.96;80.13
1980-11-27;-0.22;3.06;6.35;0.0;4.594;1.92;40.08
1980-11-28;-1.62;2.04;5.7;0.0;3.655;1.46;63.93
1980-11-29;0.33;4.28;8.23;0.0;4.062;1.99;72.48
1980-11-30;6.01;7.39;8.78;3.04;1.318;1.62;92.22
1980-12-01;-0.59;3.83;8.24;0.33;1.973;1.11;90.09
1980-12-02;-2.01;0.48;2.96;0.0;3.218;0.69;84.81
1980-12-03;-0.86;3.57;8.0;0.0;2.669;1.91;78.26
1980-12-04;3.28;5.55;7.82;7.79;1.419;3.33;88.34
1980-12-05;-0.23;3.76;7.76;0.0;3.37;2.82;66.44
1980-12-06;-0.13;3.04;6.2;0.0;3.908;3.89;60.84
1980-12-07;5.59;6.57;7.55;3.13;1.282;4.93;85.02
1980-12-08;2.86;4.39;5.92;0.0;2.383;4.4;83.71
1980-12-09;3.77;6.4;9.04;10.61;0.95;6.18;86.04
1980-12-10;8.2;9.52;10.84;0.0;3.505;6.17;68.43
1980-12-11;5.51;7.22;8.93;1.21;1.309;5.0;82.44
1980-12-12;2.54;4.8;7.06;0.0;2.62;4.0;77.64
1980-12-13;2.49;6.59;10.69;0.0;3.034;3.9;57.27
1980-12-14;5.91;9.06;12.21;0.0;2.141;5.1;69.73
1980-12-15;4.29;6.38;8.47;0.0;3.611;3.95;79.45
1980-12-16;5.98;7.49;9.0;9.12;0.943;3.18;92.27
1980-12-17;6.04;7.57;9.1;11.78;1.108;2.93;89.11
1980-12-18;5.17;7.13;9.1;1.91;1.041;5.81;80.57
1980-12-19;-1.4;1.68;4.75;3.01;3.045;2.65;70.63
1980-12-20;-3.69;-1.91;-0.13;0.0;2.843;3.11;81.94
1980-12-21;-3.92;-2.12;-0.32;0.0;2.04;2.25;85.77
1980-12-22;-2.68;-1.3;0.08;1.86;2.649;2.69;85.37
1980-12-23;0.86;4.81;8.77;8.38;0.949;6.08;80.49
1980-12-24;1.3;5.49;9.67;7.68;1.186;5.39;74.36
1980-12-25;1.99;5.36;8.72;0.0;2.466;6.81;42.13
1980-12-26;-0.95;3.68;8.3;1.07;2.125;3.65;51.14
1980-12-27;2.53;5.67;8.82;1.34;2.804;5.27;72.42
1980-12-28;1.96;5.31;8.66;0.93;1.502;4.6;63.75
1980-12-29;3.48;7.77;12.05;9.96;0.768;5.56;78.95
1980-12-30;2.15;5.15;8.15;0.0;3.534;4.29;74.57
1980-12-31;-1.69;1.15;3.99;0.0;2.961;2.72;78.71
1981-01-01;-3.6;-0.42;2.76;0.0;3.293;2.39;70.81
1981-01-02;1.49;3.98;6.46;2.31;1.602;4.24;73.68
1981-01-03;2.79;6.78;10.77;6.0;2.168;6.59;62.62
1981-01-04;1.7;3.81;5.92;2.35;1.534;6.44;68.65
1981-01-05;-0.25;1.13;2.5;0.0;2.969;6.48;35.57
1981-01-06;0.45;3.91;7.36;4.54;1.661;6.49;65.98
1981-01-07;4.33;5.47;6.61;3.9;0.924;7.52;63.99
1981-01-08;1.29;3.16;5.03;0.7;3.161;6.39;65.24
1981-01-09;0.87;2.31;3.76;0.22;2.278;5.77;76.3
1981-01-10;-1.6;2.83;7.27;3.6;3.395;3.76;48.42
1981-01-11;4.47;6.9;9.33;2.57;3.923;4.38;76.39
1981-01-12;4.03;6.02;8.01;13.39;1.849;3.87;80.97
1981-01-13;-1.05;1.43;3.91;0.0;3.049;4.48;66.36
1981-01-14;-1.03;2.31;5.66;0.4;2.166;3.9;78.06
1981-01-15;-4.38;-0.74;2.9;0.0;3.878;1.59;73.87
1981-01-16;-4.81;-2.51;-0.22;0.0;4.433;2.74;34.29
1981-01-17;-3.02;-0.43;2.16;0.0;3.602;5.39;30.66
1981-01-18;-0.79;-0.04;0.72;3.82;1.896;2.94;83.11
1981-01-19;-0.05;3.47;6.98;5.25;1.37;3.43;75.62
1981-01-20;4.41;6.24;8.06;6.48;1.318;3.74;93.26
1981-01-21;1.11;2.79;4.46;0.0;3.839;3.98;77.58
1981-01-22;0.09;3.39;6.69;6.28;3.211;4.82;66.33
1981-01-23;2.26;4.86;7.46;1.71;4.012;5.69;59.54
1981-01-24;6.49;7.8;9.12;6.37;3.526;6.15;80.67
1981-01-25;8.92;10.32;11.73;2.44;1.965;7.26;71.89
1981-01-26;3.77;6.97;10.18;5.25;2.802;4.89;70.25
1981-01-27;1.91;5.38;8.84;0.0;5.033;4.77;44.6
1981-01-28;8.51;10.18;11.85;0.47;1.766;6.59;57.37
1981-01-29;4.07;7.88;11.68;0.0;4.15;6.23;57.65
1981-01-30;2.49;6.05;9.61;0.0;5.61;4.5;40.48
1981-01-31;7.14;10.08;13.02;0.0;5.826;4.21;58.7
1981-02-01;4.53;9.23;13.94;3.8;2.257;8.06;45.67
1981-02-02;4.18;6.51;8.84;2.41;4.357;8.68;52.2
1981-02-03;1.5;5.5;9.51;0.47;5.954;4.68;45.01
1981-02-04;4.68;6.77;8.87;0.0;4.977;6.85;51.97
1981-02-05;4.59;5.89;7.19;0.78;2.42;6.52;81.63
1981-02-06;-0.78;2.76;6.31;0.0;6.052;3.35;38.38
1981-02-07;-3.61;-1.38;0.85;0.0;6.914;2.63;31.11
1981-02-08;-4.87;-2.31;0.25;0.0;6.679;1.35;27.66
1981-02-09;-9.94;-4.48;0.97;0.0;7.239;0.58;29.44
1981-02-10;-4.34;-0.8;2.73;0.0;5.706;1.24;39.24
1981-02-11;-2.05;1.11;4.27;0.0;6.781;2.14;44.42
1981-02-12;-2.78;0.76;4.3;0.0;7.071;2.47;32.31
1981-02-13;-1.6;1.67;4.94;0.0;6.335;4.21;59.73
1981-02-14;1.12;4.14;7.16;5.65;2.443;6.04;78.7
1981-02-15;3.2;5.18;7.15;0.0;5.456;5.47;63.26
1981-02-16;0.89;4.39;7.89;6.39;6.536;5.5;57.98
1981-02-17;1.55;4.75;7.95;3.07;5.982;7.71;51.92
1981-02-18;0.27;2.2;4.12;2.67;2.74;7.01;57.83
1981-02-19;-0.98;0.86;2.71;2.32;4.703;5.95;57.71
1981-02-20;-2.02;0.36;2.75;0.0;8.124;5.67;52.16
1981-02-21;-3.01;0.36;3.72;0.0;7.873;2.4;60.46
1981-02-22;0.77;3.75;6.74;0.0;6.109;3.62;69.35
1981-02-23;4.56;7.74;10.92;1.37;9.262;5.58;50.79
1981-02-24;2.6;6.06;9.53;0.0;8.765;1.98;65.89
1981-02-25;3.1;7.47;11.84;0.32;3.016;5.1;69.58
1981-02-26;2.7;6.43;10.16;0.0;9.246;4.16;58.1
1981-02-27;3.01;6.25;9.48;0.0;7.288;4.18;59.11
1981-02-28;6.27;9.78;13.29;0.0;9.685;6.49;51.0
1981-03-01;3.78;7.09;10.4;4.67;5.545;5.85;63.81
1981-03-02;2.65;6.03;9.4;0.78;7.312;4.8;52.44
1981-03-03;3.4;5.82;8.23;4.76;4.766;7.17;60.47
1981-03-04;3.31;5.25;7.19;2.99;7.004;7.94;67.57
1981-03-05;1.31;4.24;7.17;0.0;6.939;5.69;56.31
1981-03-06;1.01;3.52;6.04;0.0;8.689;4.55;32.89
1981-03-07;-0.49;3.36;7.21;0.0;7.83;2.52;44.26
1981-03-08;1.85;6.3;10.76;0.0;12.763;2.93;36.1
1981-03-09;3.54;7.46;11.39;0.0;4.867;4.17;62.28
1981-03-10;4.31;9.31;14.32;9.55;6.997;5.45;61.73
1981-03-11;3.92;8.07;12.23;0.0;11.972;5.49;43.75
1981-03-12;2.86;7.12;11.38;0.0;7.246;3.45;48.86
1981-03-13;4.99;9.56;14.13;1.67;5.342;6.13;51.8
1981-03-14;5.57;9.04;12.51;2.86;7.69;7.3;49.65
1981-03-15;4.93;7.98;11.03;1.61;5.995;5.6;48.64
1981-03-16;5.15;9.11;13.06;0.87;6.815;3.33;55.49
1981-03-17;5.51;8.38;11.26;2.05;7.299;6.43;67.03
1981-03-18;3.21;8.42;13.63;0.0;13.332;3.91;37.98
1981-03-19;6.87;9.57;12.27;4.86;8.1;5.89;62.52
1981-03-20;6.7;10.11;13.52;4.74;5.46;6.96;63.3
1981-03-21;6.58;9.84;13.09;2.12;7.775;6.02;67.36
1981-03-22;5.71;8.5;11.29;2.73;8.846;5.89;52.13
1981-03-23;5.6;8.22;10.84;0.31;7.065;4.8;65.74
1981-03-24;1.9;7.29;12.68;0.0;11.537;2.01;48.88
1981-03-25;1.46;7.86;14.26;0.0;15.422;1.36;33.18
1981-03-26;1.62;7.15;12.69;1.28;11.639;2.16;53.17
1981-03-27;1.72;6.31;10.89;0.0;13.783;2.97;42.42
1981-03-28;0.7;5.56;10.43;1.31;6.425;2.02;54.02
1981-03-29;-0.29;5.9;12.09;0.0;14.036;2.04;45.89
1981-03-30;3.86;8.2;12.53;5.44;5.155;4.21;67.05
1981-03-31;4.25;7.79;11.33;7.62;8.71;5.12;62.75
1981-04-01;2.48;5.83;9.19;4.95;9.773;3.63;62.02
1981-04-02;1.91;6.53;11.14;1.11;10.177;4.05;40.87
1981-04-03;2.34;5.92;9.5;1.44;8.459;4.99;58.6
1981-04-04;2.52;6.22;9.92;0.41;11.019;4.59;51.87
1981-04-05;2.01;5.01;8.02;4.24;6.347;4.11;60.91
1981-04-06;0.91;4.82;8.72;1.58;5.479;2.73;59.98
1981-04-07;-0.87;4.99;10.84;0.0;17.844;1.53;33.42
1981-04-08;2.89;6.54;10.19;6.72;7.29;1.7;57.91
1981-04-09;2.6;6.04;9.47;0.0;18.024;3.01;39.54
1981-04-10;1.8;5.62;9.43;0.0;12.981;2.57;37.89
1981-04-11;2.0;8.21;14.41;8.07;11.886;4.7;42.63
1981-04-12;2.04;6.76;11.47;0.0;17.891;3.09;43.95
1981-04-13;-0.28;5.6;11.48;0.0;19.268;0.91;34.85
1981-04-14;1.28;8.79;16.3;0.0;20.257;1.65;25.56
1981-04-15;1.22;6.44;11.66;0.0;8.168;1.84;48.13
1981-04-16;0.62;7.07;13.53;1.52;7.721;2.28;54.04
1981-04-17;8.03;11.14;14.25;4.33;5.11;3.61;78.75
1981-04-18;6.53;11.1;15.66;0.0;16.632;4.86;49.13
1981-04-19;6.71;13.67;20.63;0.0;14.437;3.49;40.66
1981-04-20;12.65;17.43;22.22;0.0;20.354;4.53;42.62
1981-04-21;10.51;15.2;19.89;0.0;15.671;4.21;43.18
1981-04-22;7.35;12.48;17.62;0.0;17.482;2.22;46.92
1981-04-23;4.52;7.25;9.98;0.0;16.248;4.2;41.55
1981-04-24;2.06;6.3;10.54;0.0;16.176;2.2;36.9
1981-04-25;1.54;9.62;17.69;0.0;19.056;2.21;31.26
1981-04-26;7.13;13.62;20.11;5.64;15.003;4.0;38.79
1981-04-27;6.53;11.32;16.1;0.33;13.813;4.9;55.28
1981-04-28;4.59;8.12;11.64;0.64;14.964;5.23;50.16
1981-04-29;7.6;10.9;14.2;1.25;10.857;4.84;57.67
1981-04-30;6.88;10.64;14.41;4.65;15.075;4.82;58.82
1981-05-01;7.69;10.98;14.27;0.0;15.911;6.97;40.0
1981-05-02;6.93;9.31;11.69;4.17;12.651;6.82;49.96
1981-05-03;6.56;9.9;13.25;5.66;14.242;3.92;55.46
1981-05-04;7.86;10.37;12.87;0.57;18.587;5.91;46.34
1981-05-05;6.66;10.13;13.59;1.44;18.395;3.43;44.46
1981-05-06;4.15;8.06;11.97;3.7;12.093;4.23;45.37
1981-05-07;4.0;8.01;12.02;0.0;17.959;3.5;42.57
1981-05-08;5.18;10.81;16.44;1.01;8.021;2.91;54.43
1981-05-09;8.39;14.71;21.04;0.0;11.48;2.49;51.66
1981-05-10;6.16;14.49;22.82;0.0;25.381;0.81;36.77
1981-05-11;4.52;14.79;25.05;0.0;27.263;0.55;32.52
1981-05-12;9.28;18.11;26.94;1.63;23.053;2.27;31.09
1981-05-13;9.94;14.63;19.31;4.29;10.813;2.4;66.5
1981-05-14;7.98;11.87;15.75;0.0;10.238;3.15;54.07
1981-05-15;4.14;10.42;16.69;0.0;22.715;2.12;33.03
1981-05-16;3.98;13.35;22.71;0.0;28.628;1.09;29.82
1981-05-17;9.26;18.73;28.19;3.18;24.877;2.03;29.98
1981-05-18;11.61;15.76;19.91;1.03;15.999;3.12;60.25
1981-05-19;9.08;14.11;19.13;0.0;11.617;3.18;56.51
1981-05-20;9.11;13.57;18.04;2.75;11.479;2.17;60.35
1981-05-21;8.68;13.4;18.12;0.0;13.424;2.99;58.41
1981-05-22;7.67;11.3;14.94;2.86;15.539;2.65;50.55
1981-05-23;6.56;9.88;13.21;4.52;13.116;3.16;52.83
1981-05-24;5.45;9.05;12.66;4.04;10.514;3.79;56.15
1981-05-25;5.16;10.85;16.53;1.78;19.303;2.81;43.55
1981-05-26;6.13;10.26;14.38;1.0;17.248;2.92;56.92
1981-05-27;5.91;12.76;19.6;0.0;19.738;1.6;41.98
1981-05-28;8.93;16.64;24.35;0.0;28.757;2.25;34.79
1981-05-29;11.22;18.95;26.68;3.17;22.902;2.88;34.48
1981-05-30;9.33;15.67;22.01;0.0;25.745;1.41;40.41
1981-05-31;11.43;15.83;20.24;0.0;12.283;3.94;47.34
1981-06-01;10.3;14.75;19.19;0.0;15.809;3.91;46.98
1981-06-02;9.08;13.45;17.81;0.0;20.458;3.66;53.6
1981-06-03;7.98;12.8;17.63;0.0;19.749;2.96;42.34
1981-06-04;10.25;14.32;18.4;0.47;14.925;3.62;45.66
1981-06-05;9.78;13.67;17.56;4.31;16.571;3.91;51.38
1981-06-06;8.63;12.58;16.53;0.57;17.061;4.0;44.42
1981-06-07;10.23;13.99;17.75;1.31;10.248;4.31;53.3
1981-06-08;10.58;13.93;17.28;0.42;15.818;4.26;50.47
1981-06-09;10.24;13.78;17.32;0.0;18.519;4.17;44.57
1981-06-10;9.33;15.95;22.56;3.66;21.241;3.73;36.67
1981-06-11;9.61;13.13;16.65;4.38;17.798;5.04;49.1
1981-06-12;10.29;12.61;14.92;4.12;11.946;4.79;65.07
1981-06-13;7.68;11.82;15.96;5.27;11.696;2.35;61.2
1981-06-14;7.69;11.65;15.62;3.67;12.564;3.51;58.82
1981-06-15;8.63;13.79;18.95;0.0;17.251;1.89;48.26
1981-06-16;8.52;13.97;19.43;1.0;15.384;1.78;51.85
1981-06-17;10.02;13.53;17.04;1.04;16.565;2.61;60.25
1981-06-18;8.9;14.22;19.54;0.46;18.814;2.6;49.92
1981-06-19;11.18;14.62;18.06;0.0;17.685;2.82;51.2
1981-06-20;10.85;13.83;16.81;1.12;12.64;1.93;61.37
1981-06-21;11.13;14.28;17.42;1.35;10.691;1.55;68.23
1981-06-22;10.58;15.42;20.26;0.0;23.372;2.49;46.32
1981-06-23;10.51;17.02;23.53;0.0;23.852;4.22;40.87
1981-06-24;15.98;17.78;19.58;1.18;8.317;4.54;68.89
1981-06-25;9.94;16.12;22.3;0.0;28.023;3.51;43.12
1981-06-26;7.84;13.79;19.74;4.19;18.233;2.83;46.97
1981-06-27;9.8;13.05;16.31;4.68;16.867;3.73;58.18
1981-06-28;10.04;13.51;16.99;0.0;12.742;3.98;51.07
1981-06-29;11.98;14.56;17.15;6.86;15.651;5.02;55.06
1981-06-30;11.35;14.02;16.68;0.52;12.619;4.7;50.2
1981-07-01;9.73;14.82;19.91;0.0;19.446;1.88;45.05
1981-07-02;12.57;18.2;23.83;0.0;16.56;1.29;44.87
1981-07-03;10.92;17.98;25.03;0.0;22.528;0.89;45.27
1981-07-04;13.68;19.03;24.38;5.67;11.477;2.06;60.77
1981-07-05;11.84;16.85;21.86;0.0;18.797;2.39;50.56
1981-07-06;10.66;15.99;21.32;0.0;23.401;2.79;43.39
1981-07-07;10.76;16.39;22.01;0.0;22.385;2.64;42.47
1981-07-08;12.78;17.95;23.12;0.0;19.728;2.38;42.74
1981-07-09;15.34;19.04;22.73;1.27;10.886;2.21;50.3
1981-07-10;15.25;19.82;24.39;5.47;12.716;2.04;53.72
1981-07-11;13.95;19.59;25.24;0.0;20.587;1.55;48.49
1981-07-12;12.06;18.73;25.4;0.0;22.429;1.7;44.62
1981-07-13;13.33;18.22;23.11;0.0;16.633;0.43;49.61
1981-07-14;11.89;17.45;23.02;3.07;21.889;3.22;45.25
1981-07-15;11.34;14.86;18.38;0.2;14.589;3.65;53.11
1981-07-16;11.58;15.27;18.96;0.48;13.44;3.79;46.04
1981-07-17;12.9;15.97;19.04;0.0;11.635;3.14;50.78
1981-07-18;11.71;14.97;18.23;0.0;16.872;2.94;44.02
1981-07-19;11.32;14.93;18.53;6.35;16.47;3.36;46.27
1981-07-20;10.14;15.16;20.18;13.23;14.59;3.56;56.45
1981-07-21;10.27;16.03;21.79;7.93;8.787;3.43;62.33
1981-07-22;13.79;17.52;21.25;1.93;18.44;4.03;52.23
1981-07-23;11.55;14.29;17.03;3.49;15.7;4.97;52.74
1981-07-24;8.54;13.53;18.51;0.0;19.989;2.99;42.92
1981-07-25;8.19;14.65;21.11;0.0;21.57;1.57;41.44
1981-07-26;10.01;13.68;17.34;1.96;7.479;2.32;65.82
1981-07-27;10.87;16.05;21.23;0.0;21.449;2.92;50.37
1981-07-28;10.83;13.79;16.74;4.1;9.095;3.02;60.94
1981-07-29;9.55;13.83;18.1;0.0;20.911;3.78;41.73
1981-07-30;9.59;15.35;21.11;0.3;11.67;4.31;46.42
1981-07-31;15.58;18.46;21.34;0.0;14.455;4.35;52.0
1981-08-01;14.36;19.38;24.39;0.0;15.758;2.57;48.11
1981-08-02;11.86;19.21;26.57;0.0;22.178;1.12;44.26
1981-08-03;10.51;19.04;27.56;0.0;24.023;1.29;38.94
1981-08-04;11.72;19.02;26.32;1.47;15.893;1.63;44.97
1981-08-05;11.29;16.9;22.51;1.53;9.798;1.73;55.12
1981-08-06;8.15;16.37;24.59;0.0;24.077;1.73;36.49
1981-08-07;8.0;15.02;22.03;0.0;24.142;2.37;37.56
1981-08-08;11.46;18.29;25.11;0.0;23.646;2.95;35.32
1981-08-09;11.89;18.64;25.4;0.0;24.006;3.17;38.08
1981-08-10;12.28;20.58;28.88;0.0;25.648;3.71;33.66
1981-08-11;15.89;22.54;29.18;2.36;19.776;3.24;38.67
1981-08-12;14.18;22.19;30.2;1.35;24.919;1.7;39.8
1981-08-13;12.27;19.42;26.57;0.0;20.937;2.36;46.2
1981-08-14;11.19;19.21;27.24;0.0;23.068;1.39;38.16
1981-08-15;12.18;21.35;30.52;0.0;23.626;2.03;34.27
1981-08-16;16.31;22.99;29.68;1.33;17.058;1.85;40.38
1981-08-17;16.59;24.49;32.4;2.56;20.43;1.4;36.98
1981-08-18;16.19;22.16;28.13;4.63;19.469;2.22;49.42
1981-08-19;12.61;17.79;22.96;0.0;15.879;2.0;48.09
1981-08-20;11.65;20.17;28.69;0.0;18.57;1.9;35.71
1981-08-21;15.71;20.76;25.81;3.31;20.328;2.65;42.38
1981-08-22;10.19;16.52;22.84;15.08;16.609;2.7;50.98
1981-08-23;8.1;14.41;20.72;0.0;17.816;0.7;43.32
1981-08-24;8.27;13.55;18.83;0.0;16.728;1.27;48.34
1981-08-25;8.09;13.36;18.62;0.0;16.365;2.04;46.67
1981-08-26;11.79;14.92;18.05;14.15;11.736;4.09;56.58
1981-08-27;11.48;15.26;19.04;1.13;14.63;3.44;53.07
1981-08-28;12.43;15.55;18.67;0.92;11.725;2.51;61.39
1981-08-29;13.8;16.64;19.49;0.99;11.342;2.26;61.17
1981-08-30;12.36;16.52;20.67;0.0;11.204;0.71;50.95
1981-08-31;10.32;16.93;23.53;1.29;16.059;3.5;39.35
1981-09-01;12.69;16.05;19.42;14.89;9.415;4.93;58.31
1981-09-02;10.46;13.59;16.72;4.03;11.608;5.14;58.29
1981-09-03;9.82;12.95;16.08;13.07;12.12;3.36;67.15
1981-09-04;10.28;13.99;17.7;0.0;12.656;2.69;48.19
1981-09-05;11.78;14.59;17.4;12.84;5.074;4.45;75.78
1981-09-06;10.06;13.73;17.41;1.0;9.2;3.33;61.11
1981-09-07;9.6;12.42;15.24;0.0;11.015;3.89;47.5
1981-09-08;9.72;13.82;17.92;0.0;11.845;3.76;49.31
1981-09-09;7.99;14.09;20.18;0.0;15.146;2.17;47.87
1981-09-10;6.91;14.61;22.31;0.0;17.933;0.42;40.97
1981-09-11;12.66;16.82;20.98;0.0;16.589;3.22;48.16
1981-09-12;8.14;13.7;19.25;0.0;17.395;1.97;46.75
1981-09-13;6.18;13.09;20.0;0.0;17.969;1.2;40.12
1981-09-14;6.14;13.61;21.08;0.0;17.897;0.92;39.5
1981-09-15;9.47;12.69;15.9;7.43;9.402;3.71;64.21
1981-09-16;9.03;12.82;16.62;2.81;13.763;2.43;58.0
1981-09-17;7.26;12.4;17.54;0.0;14.982;1.52;45.84
1981-09-18;8.69;12.22;15.75;2.04;5.548;4.62;77.31
1981-09-19;8.45;13.03;17.6;0.0;10.927;3.39;49.17
1981-09-20;7.94;12.38;16.82;8.49;8.714;3.1;57.28
1981-09-21;8.02;10.96;13.9;3.01;8.736;4.95;58.19
1981-09-22;4.8;10.54;16.29;0.0;10.398;2.4;49.82
1981-09-23;4.56;11.59;18.62;9.69;5.418;2.89;47.08
1981-09-24;9.2;13.87;18.53;0.0;7.625;3.56;64.54
1981-09-25;8.41;13.86;19.31;0.0;12.378;1.68;49.34
1981-09-26;10.24;14.97;19.7;0.0;14.134;2.81;46.75
1981-09-27;10.21;13.74;17.26;0.0;5.751;1.74;61.29
1981-09-28;6.53;11.59;16.65;0.0;13.14;1.28;49.1
1981-09-29;6.22;11.81;17.4;6.83;13.537;3.82;47.27
1981-09-30;7.49;10.07;12.65;4.01;5.908;4.08;65.21
1981-10-01;7.72;9.48;11.24;8.78;3.713;5.2;79.33
1981-10-02;6.81;9.4;12.0;4.89;3.246;5.14;80.4
1981-10-03;6.79;11.96;17.12;3.04;2.976;3.98;63.59
1981-10-04;12.16;15.16;18.16;0.0;4.666;4.19;68.52
1981-10-05;9.76;15.03;20.3;0.0;11.606;2.69;50.58
1981-10-06;9.17;13.57;17.97;0.0;6.93;3.12;61.5
1981-10-07;8.81;11.65;14.49;1.61;3.644;4.54;74.85
1981-10-08;6.51;11.07;15.64;0.0;5.702;2.9;67.97
1981-10-09;9.07;12.63;16.2;0.0;5.092;4.63;63.69
1981-10-10;9.01;13.23;17.46;8.09;4.67;4.74;64.2
1981-10-11;6.36;9.14;11.92;2.22;6.178;3.99;68.52
1981-10-12;5.91;8.38;10.86;0.36;6.139;3.74;63.72
1981-10-13;4.53;6.72;8.91;1.1;3.877;3.41;80.24
1981-10-14;6.68;10.62;14.56;0.0;6.72;3.57;52.87
1981-10-15;6.61;10.96;15.32;0.0;7.223;2.46;55.23
1981-10-16;5.33;10.23;15.14;0.0;8.944;3.76;41.34
1981-10-17;6.87;10.01;13.15;0.47;3.086;4.04;64.55
1981-10-18;3.55;7.38;11.22;0.0;6.029;3.08;48.64
1981-10-19;4.26;8.28;12.3;31.03;1.672;2.28;73.08
1981-10-20;3.18;6.35;9.53;0.0;6.354;3.72;57.17
1981-10-21;0.97;5.18;9.38;0.0;5.487;1.77;54.5
1981-10-22;-0.12;4.28;8.67;1.4;7.188;2.48;53.58
1981-10-23;5.16;9.11;13.06;1.29;3.535;3.36;73.6
1981-10-24;5.5;8.55;11.61;1.1;3.608;2.45;79.84
1981-10-25;2.74;4.81;6.89;11.77;4.28;5.4;79.27
1981-10-26;0.93;3.74;6.56;0.0;5.175;2.78;62.43
1981-10-27;-0.94;3.21;7.35;0.0;8.091;2.01;56.59
1981-10-28;2.37;5.59;8.81;1.58;2.494;3.3;73.58
1981-10-29;4.46;6.69;8.92;0.41;2.49;1.34;87.69
1981-10-30;1.83;4.63;7.43;0.0;5.26;2.67;78.91
1981-10-31;1.56;7.16;12.75;5.69;4.105;3.74;48.86
1981-11-01;6.86;9.92;12.97;0.0;4.26;5.24;61.26
1981-11-02;3.18;8.54;13.89;0.84;7.238;2.06;54.81
1981-11-03;11.08;14.95;18.83;0.0;6.922;4.91;54.19
1981-11-04;0.72;9.0;17.29;1.91;6.103;3.13;40.44
1981-11-05;0.7;6.42;12.15;0.0;6.065;2.15;54.17
1981-11-06;8.81;11.64;14.48;0.0;3.756;2.26;84.58
1981-11-07;8.33;12.45;16.56;0.0;5.357;1.87;69.54
1981-11-08;7.49;11.34;15.18;0.0;4.24;1.19;71.45
1981-11-09;2.12;7.02;11.92;0.0;5.518;2.18;73.75
1981-11-10;-0.58;3.25;7.07;0.0;5.361;1.73;57.5
1981-11-11;-2.38;1.75;5.87;0.0;4.565;0.55;64.37
1981-11-12;-0.99;2.9;6.79;0.0;2.303;0.26;79.51
1981-11-13;-1.7;2.52;6.75;0.0;5.497;0.61;64.75
1981-11-14;0.35;4.59;8.83;0.0;5.448;1.26;61.72
1981-11-15;1.8;5.81;9.81;0.0;2.707;1.54;80.39
1981-11-16;8.47;9.81;11.15;0.0;2.705;1.78;85.09
1981-11-17;3.49;7.19;10.88;0.98;3.239;3.12;79.63
1981-11-18;2.36;5.62;8.88;1.1;3.343;3.39;77.81
1981-11-19;5.59;8.72;11.85;5.62;4.177;3.13;83.08
1981-11-20;7.72;9.73;11.74;11.3;1.958;3.82;91.61
1981-11-21;3.73;6.21;8.68;1.46;3.319;2.3;88.85
1981-11-22;0.06;4.08;8.11;0.0;3.977;0.52;80.86
1981-11-23;7.23;9.88;12.53;0.0;2.373;3.36;82.6
1981-11-24;6.4;8.88;11.35;0.31;3.618;3.19;80.16
1981-11-25;8.42;10.68;12.95;0.76;4.01;4.12;73.74
1981-11-26;8.18;9.21;10.24;10.78;1.909;1.51;94.4
1981-11-27;5.66;8.08;10.5;4.34;2.701;4.29;82.92
1981-11-28;3.41;6.59;9.78;0.0;4.213;2.95;65.16
1981-11-29;7.32;8.59;9.86;1.53;1.236;2.65;90.04
1981-11-30;3.67;6.35;9.04;0.0;4.183;1.74;81.93
1981-12-01;3.61;6.15;8.69;0.0;3.576;2.54;70.42
1981-12-02;-0.52;2.47;5.47;0.0;3.148;1.35;83.19
1981-12-03;1.89;4.17;6.44;0.0;3.481;3.23;76.23
1981-12-04;4.17;6.35;8.53;6.56;1.244;3.94;75.97
1981-12-05;7.93;9.71;11.49;0.31;1.563;2.62;86.63
1981-12-06;5.99;7.94;9.88;6.89;1.193;1.87;91.45
1981-12-07;3.82;6.02;8.22;1.92;3.196;2.9;84.12
1981-12-08;3.07;4.88;6.68;2.87;2.282;2.96;84.64
1981-12-09;-1.3;1.84;4.98;0.0;1.947;2.92;83.26
1981-12-10;-1.66;3.93;9.53;1.72;1.742;1.55;66.14
1981-12-11;9.64;10.32;11.01;3.16;0.87;5.29;93.77
1981-12-12;9.78;10.18;10.57;14.56;0.961;6.3;93.38
1981-12-13;3.51;7.02;10.54;8.04;1.974;5.97;76.57
1981-12-14;1.75;3.87;5.98;0.0;2.315;5.53;61.64
1981-12-15;-3.15;-0.56;2.02;0.0;3.571;0.75;82.07
1981-12-16;-4.58;-2.41;-0.23;0.0;3.027;0.67;88.32
1981-12-17;-3.67;2.95;9.57;0.0;1.966;4.11;53.89
1981-12-18;8.87;9.64;10.42;0.0;1.485;5.57;84.76
1981-12-19;9.47;10.71;11.95;0.0;2.328;6.57;79.9
1981-12-20;9.07;9.91;10.74;4.03;1.413;4.99;89.78
1981-12-21;10.56;11.04;11.52;1.87;1.043;3.69;95.04
1981-12-22;8.66;9.82;10.99;0.44;1.14;4.0;80.04
1981-12-23;5.1;8.01;10.92;1.54;2.592;5.1;70.25
1981-12-24;3.45;4.71;5.98;6.4;1.384;5.96;80.08
1981-12-25;1.62;5.07;8.53;8.61;0.968;4.74;77.18
1981-12-26;3.05;3.94;4.84;2.72;1.222;7.04;78.72
1981-12-27;1.93;3.56;5.19;1.56;2.255;4.16;76.42
1981-12-28;0.45;3.18;5.91;19.74;0.651;1.38;89.84
1981-12-29;-3.3;0.5;4.29;3.34;2.965;1.47;76.83
1981-12-30;-4.29;-2.06;0.18;0.0;3.019;1.47;76.98
1981-12-31;-2.35;-0.3;1.75;0.0;1.488;4.75;68.09
1982-01-01;0.86;3.02;5.17;0.0;1.718;4.43;69.41
1982-01-02;-0.43;1.99;4.41;0.0;3.088;3.25;79.05
1982-01-03;2.57;4.85;7.13;1.4;1.598;4.16;82.48
1982-01-04;-0.59;0.89;2.36;0.0;2.523;5.49;63.32
1982-01-05;-1.61;0.92;3.46;0.0;2.516;4.97;66.86
1982-01-06;-1.61;0.52;2.64;1.92;1.996;1.21;84.95
1982-01-07;-0.21;2.33;4.86;0.0;1.468;2.9;83.48
1982-01-08;0.83;4.58;8.34;8.04;3.248;1.43;61.83
1982-01-09;4.03;6.43;8.82;3.02;2.652;5.92;84.25
1982-01-10;3.6;4.67;5.74;1.51;1.983;6.5;77.78
1982-01-11;0.83;2.4;3.96;0.0;3.515;4.95;71.39
1982-01-12;2.29;6.21;10.13;23.09;1.018;5.82;72.83
1982-01-13;9.31;10.14;10.98;12.06;1.169;8.56;89.82
1982-01-14;4.35;7.31;10.27;12.06;3.11;9.2;59.22
1982-01-15;-0.82;2.16;5.14;0.78;2.909;5.82;68.91
1982-01-16;-0.73;3.26;7.25;5.62;2.147;3.86;79.95
1982-01-17;1.6;2.91;4.21;0.28;2.512;7.22;59.23
1982-01-18;-1.38;1.54;4.46;0.0;3.426;4.45;57.07
1982-01-19;-0.82;3.41;7.64;14.07;1.091;3.99;78.84
1982-01-20;1.25;2.94;4.63;1.53;3.853;6.41;63.95
1982-01-21;-1.5;0.74;2.98;1.61;0.936;4.14;77.49
1982-01-22;-1.93;1.02;3.98;3.42;4.593;2.66;62.48
1982-01-23;-0.26;2.84;5.94;0.62;3.662;4.77;63.28
1982-01-24;-0.75;2.48;5.71;9.57;1.837;6.37;72.16
1982-01-25;5.93;7.29;8.66;2.73;1.659;6.57;89.33
1982-01-26;8.32;9.07;9.83;0.48;2.327;6.73;87.8
1982-01-27;8.1;9.48;10.86;0.0;2.753;7.05;66.22
1982-01-28;5.53;7.02;8.51;0.0;5.149;5.8;64.6
1982-01-29;6.56;8.81;11.07;0.0;5.238;5.7;53.69
1982-01-30;4.37;7.35;10.32;0.0;6.167;4.89;51.21
1982-01-31;2.38;6.19;9.99;3.17;4.285;6.64;45.63
1982-02-01;0.27;3.22;6.17;0.0;5.327;2.75;65.77
1982-02-02;2.55;5.49;8.43;5.07;1.664;3.22;86.6
1982-02-03;4.62;8.16;11.7;9.0;3.002;6.23;61.85
1982-02-04;3.05;5.41;7.77;1.66;2.372;7.34;57.3
1982-02-05;3.67;7.4;11.13;0.0;2.763;5.04;58.81
1982-02-06;9.01;10.9;12.79;0.0;5.628;6.26;64.57
1982-02-07;7.72;9.82;11.93;0.0;4.486;6.0;66.49
1982-02-08;8.35;9.13;9.91;0.47;2.018;3.76;92.73
1982-02-09;7.59;8.79;9.99;2.28;2.081;2.17;91.12
1982-02-10;5.46;8.23;11.0;0.0;5.333;3.5;69.54
1982-02-11;7.18;9.09;11.01;1.42;7.68;6.12;69.26
1982-02-12;3.55;6.09;8.63;0.0;3.249;5.49;58.37
1982-02-13;3.14;5.32;7.5;0.27;4.765;5.0;47.02
1982-02-14;4.44;7.92;11.39;0.68;6.649;3.93;69.12
1982-02-15;6.99;8.97;10.95;0.0;4.546;5.29;70.31
1982-02-16;1.38;4.9;8.43;0.45;7.055;5.04;58.06
1982-02-17;0.84;4.23;7.62;0.0;5.715;3.83;43.79
1982-02-18;1.08;4.67;8.26;0.0;3.673;4.73;61.17
1982-02-19;4.49;6.67;8.84;3.69;3.103;5.98;74.75
1982-02-20;3.98;5.47;6.97;4.52;2.845;7.41;76.96
1982-02-21;2.38;4.7;7.02;0.29;4.871;7.27;55.02
1982-02-22;0.47;3.46;6.45;0.0;8.88;3.04;44.82
1982-02-23;0.83;4.78;8.73;14.29;3.552;5.56;70.66
1982-02-24;0.3;3.13;5.96;0.99;9.165;5.36;49.03
1982-02-25;-0.76;1.23;3.21;0.8;3.415;4.05;54.35
1982-02-26;-0.35;1.09;2.53;1.92;2.194;5.05;56.75
1982-02-27;-0.79;1.55;3.89;0.5;8.609;4.76;61.06
1982-02-28;2.32;4.99;7.66;0.39;3.772;4.59;79.08
1982-03-01;4.92;7.97;11.02;0.0;5.365;3.81;66.07
1982-03-02;4.26;8.06;11.86;0.0;8.21;3.94;53.59
1982-03-03;3.96;6.53;9.1;4.66;3.501;5.51;80.02
1982-03-04;2.84;6.93;11.03;0.0;8.459;2.59;59.74
1982-03-05;2.9;7.56;12.21;0.0;7.789;3.9;54.76
1982-03-06;4.56;7.43;10.3;0.74;3.574;4.7;71.69
1982-03-07;3.93;6.77;9.61;9.56;3.577;4.03;76.57
1982-03-08;3.49;6.59;9.69;6.5;6.02;6.7;63.34
1982-03-09;-0.31;2.31;4.92;0.72;5.875;5.74;57.46
1982-03-10;-1.37;1.43;4.23;2.36;9.512;4.56;43.25
1982-03-11;-4.29;-0.14;4.01;0.53;7.315;3.44;49.72
1982-03-12;-5.76;-0.5;4.75;0.0;11.599;2.76;41.72
1982-03-13;-3.68;1.8;7.28;8.14;3.844;4.33;56.43
1982-03-14;4.37;6.82;9.28;2.78;8.526;4.76;78.92
1982-03-15;3.17;5.45;7.73;4.31;5.806;3.91;78.93
1982-03-16;1.82;4.98;8.13;0.2;8.212;3.5;57.3
1982-03-17;0.74;4.65;8.56;4.74;3.954;4.23;61.17
1982-03-18;2.6;4.33;6.05;2.17;6.566;7.8;66.09
1982-03-19;2.25;4.58;6.9;1.15;11.747;5.76;48.63
1982-03-20;1.52;2.57;3.62;1.41;2.763;3.54;58.72
1982-03-21;-0.14;2.64;5.41;0.39;13.121;3.11;44.32
1982-03-22;-1.75;1.97;5.69;0.0;12.605;3.26;57.33
1982-03-23;-1.68;4.04;9.75;3.24;9.418;3.92;44.74
1982-03-24;6.7;9.61;12.52;0.67;7.506;5.83;70.33
1982-03-25;3.67;7.63;11.6;0.0;11.827;3.04;54.26
1982-03-26;2.53;6.06;9.59;0.9;11.216;4.34;57.97
1982-03-27;1.15;5.73;10.3;7.44;10.149;1.95;65.6
1982-03-28;1.39;5.21;9.04;4.32;6.8;3.91;69.84
1982-03-29;1.4;5.62;9.83;0.0;15.568;3.23;41.43
1982-03-30;2.38;6.19;10.0;0.0;12.305;3.33;42.33
1982-03-31;3.16;8.66;14.15;4.68;7.726;3.67;46.74
1982-04-01;3.61;7.42;11.23;2.93;8.38;3.31;59.11
1982-04-02;4.54;8.77;12.99;0.61;11.254;2.56;53.79
1982-04-03;3.8;9.43;15.06;0.0;14.807;1.46;42.83
1982-04-04;4.01;8.97;13.94;0.0;11.823;4.72;50.19
1982-04-05;4.72;7.55;10.38;0.0;8.607;5.42;57.73
1982-04-06;2.61;5.77;8.94;0.0;10.634;2.67;46.42
1982-04-07;0.78;5.28;9.79;0.0;17.191;1.43;36.22
1982-04-08;2.51;6.27;10.04;3.6;6.943;3.3;60.96
1982-04-09;2.27;6.65;11.03;2.43;9.386;3.25;47.49
1982-04-10;2.7;7.49;12.28;1.26;11.948;2.52;43.83
1982-04-11;1.67;6.91;12.14;0.0;16.106;2.48;40.07
1982-04-12;2.75;7.79;12.82;0.97;11.781;2.39;47.38
1982-04-13;1.84;7.22;12.6;0.0;14.39;0.95;48.77
1982-04-14;0.61;8.97;17.33;0.0;20.053;1.19;31.54
1982-04-15;6.52;12.05;17.58;2.47;6.946;1.73;50.85
1982-04-16;6.39;11.68;16.97;1.62;7.609;2.89;61.28
1982-04-17;3.88;10.7;17.52;1.44;13.455;2.33;43.82
1982-04-18;3.37;10.86;18.34;1.57;10.794;2.52;44.42
1982-04-19;4.43;11.58;18.74;0.0;21.336;2.5;36.94
1982-04-20;2.74;8.98;15.22;0.0;17.258;2.09;45.84
1982-04-21;0.29;7.67;15.05;0.0;21.543;1.02;31.71
1982-04-22;2.62;8.78;14.93;0.0;16.967;2.58;37.8
1982-04-23;1.87;5.39;8.92;1.41;12.482;2.73;50.48
1982-04-24;1.56;5.2;8.84;0.0;17.718;3.7;42.07
1982-04-25;2.65;6.17;9.7;0.0;17.782;3.26;38.97
1982-04-26;3.37;6.9;10.44;0.0;14.114;2.83;47.16
1982-04-27;3.95;7.55;11.16;0.0;13.549;3.89;40.35
1982-04-28;5.28;9.3;13.32;0.0;11.065;3.95;44.9
1982-04-29;5.41;7.65;9.88;2.49;7.375;3.39;72.27
1982-04-30;3.84;9.28;14.71;0.0;22.41;2.13;37.82
1982-05-01;5.13;9.69;14.25;0.0;19.487;1.73;39.93
1982-05-02;2.65;8.54;14.42;0.0;17.393;2.53;40.39
1982-05-03;2.86;11.64;20.42;6.81;12.124;2.98;41.81
1982-05-04;9.05;13.62;18.19;0.0;19.341;6.04;41.8
1982-05-05;7.93;11.87;15.81;4.32;9.569;2.92;50.72
1982-05-06;5.53;8.36;11.18;0.26;17.837;3.86;56.69
1982-05-07;4.52;7.82;11.12;0.0;20.487;4.24;35.47
1982-05-08;3.63;9.39;15.15;0.0;15.692;2.9;44.83
1982-05-09;9.2;13.66;18.13;0.0;15.437;3.07;51.75
1982-05-10;9.87;12.78;15.69;6.51;6.326;4.61;77.7
1982-05-11;6.08;12.05;18.02;0.0;20.207;3.76;48.38
1982-05-12;4.02;12.3;20.58;0.0;23.872;1.69;34.75
1982-05-13;10.32;15.3;20.28;1.71;11.361;3.22;55.04
1982-05-14;9.23;13.73;18.24;0.0;21.578;3.23;45.85
1982-05-15;9.36;13.08;16.81;2.93;13.868;2.78;52.01
1982-05-16;4.33;10.75;17.17;0.0;24.041;2.37;42.44
1982-05-17;2.76;12.36;21.97;0.0;28.181;0.98;29.57
1982-05-18;11.17;17.32;23.48;9.37;11.254;1.4;51.2
1982-05-19;12.03;14.94;17.85;1.29;8.194;3.57;72.62
1982-05-20;10.39;13.87;17.35;6.32;8.08;4.33;76.23
1982-05-21;10.13;12.63;15.12;0.0;17.525;4.8;45.14
1982-05-22;8.01;11.49;14.97;0.38;14.086;2.88;54.11
1982-05-23;6.16;11.63;17.1;0.0;18.416;1.16;42.33
1982-05-24;7.01;13.36;19.72;0.0;17.099;2.71;40.8
1982-05-25;10.72;15.73;20.74;0.0;16.065;2.84;47.95
1982-05-26;12.08;15.8;19.53;0.0;13.14;4.0;53.33
1982-05-27;11.95;16.4;20.85;0.0;23.894;4.23;44.71
1982-05-28;11.18;17.0;22.82;0.0;28.344;3.5;40.98
1982-05-29;10.97;18.3;25.63;0.0;28.705;1.43;38.46
1982-05-30;11.09;20.57;30.06;0.0;29.867;0.96;29.42
1982-05-31;13.47;22.0;30.54;0.0;27.594;1.44;32.08
1982-06-01;13.8;21.76;29.72;0.0;26.993;1.25;38.28
1982-06-02;14.63;22.38;30.12;10.23;21.82;1.62;36.66
1982-06-03;13.25;17.45;21.64;0.53;20.378;3.85;51.98
1982-06-04;11.08;14.2;17.31;3.46;18.243;4.68;57.46
1982-06-05;9.79;13.03;16.27;0.69;14.235;3.77;55.83
1982-06-06;9.7;13.55;17.41;4.51;14.124;2.77;61.89
1982-06-07;10.39;13.9;17.41;8.9;10.568;3.72;60.54
1982-06-08;9.69;12.84;15.98;1.68;15.738;4.53;53.56
1982-06-09;7.84;11.41;14.99;1.4;15.361;3.28;55.7
1982-06-10;6.17;11.76;17.35;0.31;18.974;2.05;44.71
1982-06-11;10.47;14.62;18.76;1.23;16.078;2.87;52.73
1982-06-12;10.53;13.12;15.71;7.06;9.857;3.51;71.79
1982-06-13;9.37;12.45;15.54;5.76;16.888;3.7;63.58
1982-06-14;8.4;12.79;17.18;0.0;18.979;4.04;45.61
1982-06-15;7.09;12.8;18.51;1.14;17.884;1.95;45.84
1982-06-16;10.86;14.25;17.65;5.67;11.833;5.03;70.88
1982-06-17;10.19;12.77;15.36;1.23;14.979;4.31;52.49
1982-06-18;9.78;13.17;16.56;2.29;12.269;2.98;59.96
1982-06-19;11.98;15.5;19.01;2.32;10.211;3.75;68.01
1982-06-20;10.06;12.51;14.96;8.46;12.876;4.2;65.77
1982-06-21;8.66;12.49;16.32;3.89;14.501;3.11;59.48
1982-06-22;8.45;11.43;14.42;1.63;11.777;4.1;61.8
1982-06-23;7.47;12.02;16.58;0.0;20.216;2.96;43.57
1982-06-24;7.44;13.04;18.63;0.0;19.802;1.79;46.3
1982-06-25;10.7;16.53;22.36;0.0;19.854;1.06;42.82
1982-06-26;10.61;16.66;22.72;0.0;20.093;1.32;45.72
1982-06-27;10.89;17.81;24.74;0.0;16.005;0.66;43.15
1982-06-28;10.18;15.7;21.22;0.62;10.152;1.74;58.57
1982-06-29;8.04;15.15;22.26;0.0;25.258;1.1;39.46
1982-06-30;10.71;16.58;22.44;1.2;9.072;1.32;51.32
1982-07-01;14.91;18.18;21.44;6.7;12.019;0.72;75.37
1982-07-02;15.32;19.13;22.93;2.54;19.933;2.87;55.05
1982-07-03;13.27;16.76;20.25;19.7;6.61;3.71;68.01
1982-07-04;10.88;17.42;23.96;0.0;24.487;1.11;43.76
1982-07-05;12.44;19.07;25.71;0.0;26.565;2.57;42.08
1982-07-06;14.71;22.51;30.3;7.42;23.01;2.81;39.06
1982-07-07;17.63;22.42;27.22;15.08;15.043;1.93;60.01
1982-07-08;14.1;18.96;23.83;0.0;23.066;3.23;52.08
1982-07-09;12.55;18.99;25.43;0.0;24.941;3.73;42.47
1982-07-10;15.64;21.42;27.2;1.88;14.158;3.12;46.01
1982-07-11;15.72;21.24;26.76;0.0;24.928;3.31;46.3
1982-07-12;14.07;20.23;26.4;0.0;25.108;3.55;44.95
1982-07-13;15.06;20.73;26.41;0.53;25.606;4.68;41.33
1982-07-14;15.58;20.61;25.64;1.99;21.089;4.05;43.45
1982-07-15;15.26;18.34;21.43;3.41;8.736;1.84;74.58
1982-07-16;14.69;20.55;26.41;13.49;14.691;1.07;53.16
1982-07-17;14.7;19.41;24.12;0.0;16.859;2.8;57.98
1982-07-18;13.27;18.97;24.67;3.6;18.354;1.5;49.46
1982-07-19;12.88;16.71;20.55;0.34;8.903;3.09;69.74
1982-07-20;10.38;17.75;25.13;0.0;23.581;0.61;42.45
1982-07-21;14.14;21.63;29.11;0.0;23.592;0.86;40.74
1982-07-22;14.7;21.18;27.66;3.16;17.015;1.83;46.29
1982-07-23;13.48;18.16;22.85;7.48;15.626;0.66;62.09
1982-07-24;14.48;17.86;21.23;4.96;19.395;3.68;53.93
1982-07-25;12.81;15.93;19.04;0.97;9.869;3.56;57.91
1982-07-26;12.05;15.55;19.05;0.0;16.374;0.77;51.87
1982-07-27;9.51;15.34;21.17;0.0;22.372;0.86;44.06
1982-07-28;11.36;17.42;23.49;2.05;19.641;3.65;39.26
1982-07-29;13.76;18.27;22.78;0.0;18.308;2.35;52.1
1982-07-30;11.37;16.95;22.54;0.0;18.454;1.97;48.84
1982-07-31;10.2;15.91;21.62;0.0;18.763;1.23;47.92
1982-08-01;10.34;17.54;24.73;0.0;24.865;1.97;39.1
1982-08-02;14.82;20.07;25.32;0.0;17.71;2.18;41.03
1982-08-03;13.8;19.33;24.86;2.05;20.053;1.93;52.42
1982-08-04;11.02;18.32;25.62;5.03;17.068;1.15;47.11
1982-08-05;10.93;16.28;21.63;0.0;18.455;2.75;50.53
1982-08-06;9.07;17.27;25.48;0.0;24.989;1.28;36.33
1982-08-07;9.82;16.07;22.33;0.0;24.263;2.59;42.53
1982-08-08;9.48;15.62;21.75;0.0;18.64;2.5;43.83
1982-08-09;10.1;15.32;20.53;0.0;17.972;2.28;46.15
1982-08-10;10.94;15.2;19.45;0.86;13.548;1.77;57.47
1982-08-11;13.58;17.82;22.05;0.0;17.216;1.83;52.06
1982-08-12;12.51;17.0;21.49;1.25;13.94;2.16;49.85
1982-08-13;10.85;16.16;21.48;0.0;18.298;1.51;43.41
1982-08-14;7.82;15.67;23.52;0.0;22.783;0.39;40.43
1982-08-15;9.35;18.21;27.07;0.0;23.735;1.31;36.44
1982-08-16;11.18;17.77;24.37;4.38;14.722;1.89;46.68
1982-08-17;9.33;16.6;23.87;0.0;22.429;1.32;41.09
1982-08-18;14.12;21.14;28.17;1.28;21.231;1.36;38.55
1982-08-19;9.07;14.88;20.68;0.0;16.811;3.37;50.29
1982-08-20;8.83;15.72;22.61;0.0;19.418;1.97;41.09
1982-08-21;8.17;15.96;23.76;0.0;18.726;1.11;39.55
1982-08-22;9.01;16.0;22.99;0.0;18.404;1.06;42.93
1982-08-23;7.1;15.66;24.23;0.0;20.435;0.78;39.36
1982-08-24;7.87;17.65;27.43;0.0;21.52;0.69;35.87
1982-08-25;9.99;19.3;28.62;0.0;21.916;2.16;33.43
1982-08-26;11.22;17.09;22.95;0.0;13.878;2.13;45.11
1982-08-27;9.03;15.24;21.45;0.0;15.271;1.38;42.2
1982-08-28;7.28;14.02;20.76;0.96;16.68;1.61;39.92
1982-08-29;11.78;16.36;20.95;1.72;13.727;2.8;46.43
1982-08-30;10.16;15.79;21.42;1.3;17.086;2.53;45.95
1982-08-31;10.01;15.14;20.28;7.39;13.886;3.33;47.37
1982-09-01;9.05;12.93;16.81;0.95;13.008;1.7;53.93
1982-09-02;9.78;12.24;14.7;24.82;7.146;3.69;81.09
1982-09-03;9.19;13.11;17.03;10.29;13.178;3.97;58.68
1982-09-04;10.91;13.95;16.98;3.98;11.553;4.08;65.37
1982-09-05;9.56;13.31;17.06;0.0;12.493;2.14;49.44
1982-09-06;8.93;11.77;14.61;1.73;7.15;2.31;71.66
1982-09-07;11.1;14.7;18.3;0.0;10.901;1.56;56.09
1982-09-08;10.3;13.69;17.07;0.31;9.192;2.21;59.53
1982-09-09;10.25;14.64;19.04;5.9;10.028;2.86;54.01
1982-09-10;9.34;14.36;19.38;0.0;16.0;2.45;47.62
1982-09-11;8.25;14.01;19.77;0.0;14.342;1.91;48.39
1982-09-12;9.32;14.99;20.66;0.0;14.037;2.4;51.32
1982-09-13;14.04;18.12;22.2;0.59;11.34;3.52;54.2
1982-09-14;12.63;15.04;17.45;6.74;5.238;5.36;75.32
1982-09-15;11.51;15.14;18.76;3.91;8.647;4.45;53.3
1982-09-16;11.07;15.5;19.93;0.0;11.604;2.0;48.98
1982-09-17;12.57;17.76;22.94;0.0;14.15;2.78;46.31
1982-09-18;13.5;18.21;22.92;2.81;12.271;3.54;49.8
1982-09-19;9.34;14.94;20.53;0.0;11.068;3.49;51.78
1982-09-20;7.83;14.47;21.11;0.0;12.516;0.64;46.2
1982-09-21;10.15;16.0;21.85;0.0;15.865;1.89;47.03
1982-09-22;11.46;16.18;20.9;4.75;5.703;2.14;67.56
1982-09-23;13.25;16.44;19.62;18.27;4.216;2.69;89.46
1982-09-24;11.42;14.23;17.03;3.41;5.985;3.89;80.13
1982-09-25;8.94;12.95;16.95;0.33;9.698;1.9;61.32
1982-09-26;7.65;11.88;16.1;1.14;6.065;2.61;69.07
1982-09-27;12.1;15.47;18.84;0.0;7.58;2.18;67.0
1982-09-28;11.51;14.82;18.14;0.0;7.972;3.58;60.13
1982-09-29;12.02;16.2;20.38;0.0;11.418;4.01;48.75
1982-09-30;7.03;12.13;17.24;5.35;2.828;2.9;71.0
1982-10-01;4.11;8.69;13.27;0.0;10.276;1.39;52.22
1982-10-02;8.58;10.8;13.02;0.0;5.729;1.49;58.48
1982-10-03;8.42;11.07;13.73;0.0;5.024;0.43;70.86
1982-10-04;6.76;11.43;16.11;0.0;11.579;1.24;46.56
1982-10-05;6.7;10.52;14.33;11.46;3.179;3.59;67.29
1982-10-06;6.26;9.61;12.96;0.0;8.059;2.53;60.35
1982-10-07;6.78;9.41;12.04;0.0;5.828;1.78;60.48
1982-10-08;6.46;9.63;12.8;0.0;5.284;0.94;64.28
1982-10-09;5.87;10.22;14.58;0.0;9.271;1.21;53.55
1982-10-10;5.6;10.54;15.47;0.0;4.175;2.72;60.56
1982-10-11;11.29;13.56;15.84;0.0;3.439;2.89;81.93
1982-10-12;11.35;13.61;15.87;0.0;4.094;3.73;76.26
1982-10-13;7.43;11.45;15.46;0.0;3.371;3.47;64.39
1982-10-14;3.47;8.16;12.85;0.0;6.428;1.78;52.24
1982-10-15;1.38;6.55;11.73;0.0;9.463;2.51;36.57
1982-10-16;-0.61;5.29;11.2;0.0;9.24;0.89;36.63
1982-10-17;0.93;8.23;15.54;0.0;8.565;1.79;39.02
1982-10-18;8.41;12.3;16.2;2.61;5.085;3.96;68.3
1982-10-19;11.86;13.59;15.31;5.42;2.273;4.84;87.96
1982-10-20;8.29;11.19;14.09;0.54;4.793;5.69;56.03
1982-10-21;9.11;11.63;14.14;0.68;3.509;4.72;81.09
1982-10-22;6.33;9.88;13.43;5.07;2.003;6.01;80.83
1982-10-23;5.12;6.88;8.63;0.84;5.226;5.67;52.88
1982-10-24;4.53;5.82;7.11;5.54;1.1;4.55;78.54
1982-10-25;4.8;7.21;9.61;0.0;5.0;4.0;60.71
1982-10-26;4.19;8.2;12.21;3.98;2.676;3.6;58.67
1982-10-27;5.82;8.65;11.48;0.0;6.096;3.09;64.17
1982-10-28;6.15;9.82;13.5;2.71;3.135;5.73;76.13
1982-10-29;7.42;9.88;12.35;15.67;1.502;3.28;95.68
1982-10-30;7.17;10.82;14.46;14.02;1.452;4.52;87.97
1982-10-31;7.12;10.52;13.92;0.0;6.082;4.58;60.7
1982-11-01;7.14;10.68;14.21;0.0;1.991;4.05;83.93
1982-11-02;8.57;11.37;14.16;0.0;6.458;3.8;68.7
1982-11-03;7.5;12.1;16.69;4.12;7.064;5.02;53.3
1982-11-04;3.24;5.84;8.44;0.0;4.582;6.12;58.36
1982-11-05;2.05;6.87;11.68;0.0;5.163;4.21;35.72
1982-11-06;7.47;11.46;15.45;0.0;1.968;4.39;73.5
1982-11-07;12.53;15.43;18.33;0.0;5.622;4.23;53.63
1982-11-08;6.3;10.22;14.14;6.27;3.275;4.72;76.37
1982-11-09;5.86;7.64;9.43;0.82;4.092;5.12;63.72
1982-11-10;5.3;6.71;8.11;0.68;3.79;4.49;77.01
1982-11-11;2.87;5.41;7.95;0.0;4.552;5.02;63.65
1982-11-12;6.53;9.53;12.52;20.83;1.318;5.7;78.82
1982-11-13;4.17;6.75;9.32;1.91;2.636;5.89;65.37
1982-11-14;2.15;4.42;6.7;0.0;4.153;2.32;80.17
1982-11-15;-0.13;3.19;6.51;0.0;3.412;2.6;78.93
1982-11-16;4.17;5.52;6.86;2.47;2.374;3.67;89.02
1982-11-17;5.24;6.37;7.5;5.03;1.701;2.28;92.37
1982-11-18;2.54;4.3;6.07;6.75;1.466;2.48;90.5
1982-11-19;1.77;5.84;9.92;0.33;1.957;3.84;75.14
1982-11-20;7.94;9.38;10.82;3.04;2.187;5.13;81.87
1982-11-21;7.52;9.71;11.91;0.0;2.943;5.05;62.68
1982-11-22;7.06;9.36;11.66;0.0;3.066;3.39;77.55
1982-11-23;7.3;10.6;13.89;0.9;4.463;5.02;58.72
1982-11-24;4.87;6.46;8.06;0.0;2.399;4.67;68.16
1982-11-25;4.15;7.21;10.28;6.39;1.791;4.3;76.18
1982-11-26;6.19;8.34;10.49;14.58;1.452;5.13;93.66
1982-11-27;1.62;4.19;6.76;0.0;3.028;4.56;68.01
1982-11-28;0.34;2.35;4.37;0.0;3.96;2.52;78.93
1982-11-29;0.27;3.12;5.97;0.0;2.938;2.14;73.84
1982-11-30;-0.54;0.99;2.52;1.41;3.529;3.31;83.59
1982-12-01;-1.71;0.37;2.45;0.0;1.427;3.02;83.27
1982-12-02;-2.24;-0.61;1.02;0.0;2.27;1.6;84.46
1982-12-03;-1.22;0.54;2.29;0.0;2.008;4.37;84.14
1982-12-04;-2.05;-0.06;1.93;7.68;2.29;1.96;89.93
1982-12-05;-1.39;0.78;2.95;0.86;3.001;2.65;83.41
1982-12-06;-1.47;1.04;3.56;0.85;2.854;4.05;79.46
1982-12-07;-5.35;-3.05;-0.76;0.31;4.002;0.86;89.32
1982-12-08;-3.83;-1.33;1.17;0.85;1.84;0.81;90.16
1982-12-09;0.54;2.82;5.1;1.21;2.752;1.95;85.07
1982-12-10;3.63;5.2;6.76;0.5;1.476;3.15;88.95
1982-12-11;3.85;5.07;6.29;1.06;1.826;2.15;90.03
1982-12-12;-2.74;0.5;3.75;0.0;3.294;1.15;81.98
1982-12-13;0.67;3.34;6.01;0.0;1.723;1.54;81.15
1982-12-14;0.06;3.72;7.38;2.08;2.531;3.29;74.5
1982-12-15;3.31;5.92;8.53;1.39;2.35;2.35;83.24
1982-12-16;6.36;9.85;13.34;11.99;0.864;4.82;78.1
1982-12-17;0.95;3.67;6.38;0.0;1.879;2.19;82.28
1982-12-18;3.55;5.63;7.72;1.64;1.048;4.0;79.04
1982-12-19;0.8;3.42;6.04;0.0;2.219;2.78;79.06
1982-12-20;2.93;8.38;13.83;11.33;0.823;4.83;71.29
1982-12-21;9.57;11.91;14.26;0.0;3.533;4.61;78.13
1982-12-22;7.05;9.45;11.84;0.0;3.542;2.93;72.31
1982-12-23;6.6;9.1;11.6;0.0;3.402;2.71;63.24
1982-12-24;7.28;9.76;12.24;0.0;3.102;3.37;59.08
1982-12-25;8.59;11.47;14.35;0.0;3.256;4.07;47.5
1982-12-26;10.49;12.21;13.92;0.0;2.975;3.84;60.97
1982-12-27;8.54;10.66;12.78;0.0;3.262;3.36;61.9
1982-12-28;7.6;10.28;12.96;1.04;2.563;4.05;54.77
1982-12-29;0.24;3.71;7.18;1.03;3.092;2.69;75.44
1982-12-30;-3.62;1.11;5.84;0.2;2.684;4.9;50.19
1982-12-31;-4.34;-0.0;4.33;6.42;1.405;3.78;65.62
1983-01-01;3.63;5.12;6.61;0.0;2.596;6.51;38.73
1983-01-02;1.25;4.95;8.65;9.32;2.644;2.93;72.84
1983-01-03;4.47;5.78;7.08;1.48;1.689;5.21;75.64
1983-01-04;2.43;4.53;6.63;0.0;3.249;4.02;73.21
1983-01-05;4.24;8.4;12.56;0.0;3.769;3.82;36.12
1983-01-06;1.92;6.16;10.39;0.57;1.764;6.64;43.13
1983-01-07;2.25;5.36;8.46;4.33;1.122;4.14;74.8
1983-01-08;-0.16;1.58;3.33;1.19;2.792;4.98;75.75
1983-01-09;0.76;3.65;6.54;4.74;2.134;4.11;71.46
1983-01-10;3.22;4.71;6.21;0.0;3.084;6.01;67.06
1983-01-11;2.22;3.82;5.42;3.12;2.6;5.17;79.54
1983-01-12;4.79;8.0;11.21;14.94;1.592;5.81;74.61
1983-01-13;10.61;12.02;13.43;0.51;2.83;5.33;68.94
1983-01-14;9.1;10.55;12.0;0.0;2.945;5.39;58.06
1983-01-15;9.56;11.29;13.01;7.11;1.228;7.33;76.67
1983-01-16;5.65;8.13;10.6;0.0;3.605;7.76;39.0
1983-01-17;1.36;3.43;5.5;1.3;1.768;6.06;73.77
1983-01-18;-1.23;0.3;1.82;0.0;3.948;4.39;64.38
1983-01-19;-1.43;-0.49;0.45;2.58;2.022;2.26;82.6
1983-01-20;-1.21;-0.39;0.44;19.85;2.361;4.28;89.97
1983-01-21;-13.91;-8.06;-2.21;0.0;4.419;1.29;41.49
1983-01-22;-8.22;-6.07;-3.92;2.65;5.481;2.64;71.05
1983-01-23;-8.04;-4.84;-1.65;0.0;4.87;3.03;75.43
1983-01-24;-10.63;-8.0;-5.37;0.25;5.046;2.89;81.77
1983-01-25;-6.72;-3.45;-0.18;0.77;3.862;3.64;62.5
1983-01-26;-13.51;-8.89;-4.27;0.0;5.683;2.17;76.54
1983-01-27;-11.95;-9.12;-6.28;0.0;5.268;3.09;71.54
1983-01-28;-15.87;-7.73;0.41;0.25;4.707;2.46;26.73
1983-01-29;1.04;3.54;6.05;13.25;2.425;5.82;80.5
1983-01-30;5.89;7.63;9.37;3.28;1.645;6.84;86.05
1983-01-31;2.66;4.43;6.19;0.0;4.235;6.13;71.21
1983-02-01;1.43;3.77;6.11;3.28;4.812;3.93;73.59
1983-02-02;2.46;4.46;6.45;1.18;4.185;5.9;64.91
1983-02-03;2.55;4.23;5.91;2.23;4.401;4.37;81.73
1983-02-04;0.42;2.77;5.13;0.0;3.711;2.68;80.16
1983-02-05;-1.24;0.89;3.02;0.0;6.107;3.63;55.86
1983-02-06;-2.35;0.99;4.32;4.26;3.413;4.3;61.33
1983-02-07;1.89;4.92;7.95;0.0;5.509;2.43;67.77
1983-02-08;1.29;3.69;6.08;0.69;3.673;3.95;67.66
1983-02-09;1.34;5.03;8.72;1.94;2.911;4.3;54.38
1983-02-10;-1.13;3.21;7.55;0.0;6.509;0.93;54.08
1983-02-11;-1.34;2.37;6.08;0.0;3.4;1.04;78.41
1983-02-12;1.6;4.81;8.03;0.0;3.991;1.2;80.37
1983-02-13;1.59;4.38;7.17;0.0;3.53;1.15;82.06
1983-02-14;2.07;6.99;11.91;0.0;7.519;2.09;47.65
1983-02-15;5.23;7.93;10.63;0.0;4.757;2.07;68.64
1983-02-16;2.01;4.87;7.72;0.81;2.732;2.81;88.4
1983-02-17;-0.41;2.02;4.46;0.0;5.641;4.48;47.9
1983-02-18;-0.67;3.72;8.11;1.36;2.938;4.9;47.87
1983-02-19;6.63;8.0;9.37;2.47;3.595;6.33;83.58
1983-02-20;5.5;7.85;10.2;3.6;7.055;5.36;75.05
1983-02-21;7.08;8.41;9.75;9.09;2.233;6.63;87.1
1983-02-22;2.38;6.83;11.29;6.23;8.214;4.46;53.96
1983-02-23;6.91;9.39;11.88;0.84;9.531;5.0;58.3
1983-02-24;10.0;13.6;17.2;3.18;8.397;5.46;43.99
1983-02-25;1.9;6.75;11.6;0.0;6.568;4.56;38.68
1983-02-26;1.49;5.79;10.08;1.26;3.859;6.3;48.38
1983-02-27;2.18;4.96;7.74;0.0;6.375;8.17;42.37
1983-02-28;2.12;5.88;9.65;12.83;2.904;5.94;71.68
1983-03-01;5.68;8.8;11.92;10.59;4.778;2.99;83.61
1983-03-02;0.65;3.49;6.33;27.05;2.925;7.23;69.97
1983-03-03;1.02;3.01;5.01;6.83;3.302;5.92;83.08
1983-03-04;-1.86;1.03;3.92;0.0;9.986;6.1;49.78
1983-03-05;-3.51;-1.19;1.13;0.0;10.195;3.7;30.15
1983-03-06;-4.12;-1.78;0.56;0.0;10.894;1.44;26.14
1983-03-07;-3.44;0.28;4.0;0.0;7.366;1.31;45.16
1983-03-08;-2.08;1.25;4.58;0.0;11.285;1.6;51.31
1983-03-09;-2.85;1.37;5.59;0.0;11.932;0.78;33.41
1983-03-10;-1.78;4.27;10.32;0.24;11.26;1.64;40.67
1983-03-11;6.06;9.29;12.52;1.42;3.875;2.57;81.57
1983-03-12;5.93;11.3;16.68;0.0;12.612;3.37;45.05
1983-03-13;8.08;10.5;12.92;5.18;2.432;2.37;86.6
1983-03-14;7.58;11.84;16.1;1.34;8.939;1.93;57.66
1983-03-15;5.84;9.54;13.25;0.0;8.347;3.71;59.6
1983-03-16;4.73;8.44;12.14;10.54;4.968;2.25;73.96
1983-03-17;5.38;8.44;11.49;0.0;5.428;4.21;64.91
1983-03-18;4.54;8.19;11.84;0.0;6.427;2.8;60.23
1983-03-19;4.4;8.07;11.75;1.93;9.959;3.73;56.22
1983-03-20;3.32;7.48;11.64;2.18;10.617;3.43;55.31
1983-03-21;2.59;7.16;11.73;0.3;5.268;3.34;76.89
1983-03-22;0.8;7.02;13.23;0.0;16.328;1.36;35.15
1983-03-23;0.05;6.51;12.96;0.0;12.945;0.48;41.9
1983-03-24;1.16;7.67;14.17;0.0;15.622;2.38;33.89
1983-03-25;5.21;11.45;17.69;0.0;16.06;2.92;37.4
1983-03-26;2.9;9.24;15.59;0.0;9.522;1.78;59.84
1983-03-27;2.93;7.98;13.04;0.2;6.966;2.47;68.56
1983-03-28;7.13;10.69;14.25;7.86;6.264;4.72;72.36
1983-03-29;5.79;8.71;11.63;3.26;9.263;5.43;56.53
1983-03-30;6.95;9.32;11.69;4.34;4.607;4.36;82.95
1983-03-31;5.88;8.89;11.9;6.61;7.017;4.83;74.82
1983-04-01;2.19;6.83;11.47;0.0;15.144;2.22;50.56
1983-04-02;2.06;9.24;16.43;0.0;11.104;2.74;40.55
1983-04-03;6.09;11.87;17.64;0.22;10.117;4.65;51.31
1983-04-04;4.49;8.23;11.97;4.81;17.799;5.75;45.6
1983-04-05;3.21;6.2;9.18;1.94;11.176;4.44;52.39
1983-04-06;2.64;6.64;10.64;0.0;13.94;2.98;37.17
1983-04-07;5.66;7.43;9.2;14.22;4.28;4.38;77.63
1983-04-08;5.19;9.48;13.77;3.17;15.843;0.97;52.78
1983-04-09;1.82;6.25;10.69;7.38;11.36;3.97;63.96
1983-04-10;1.74;6.79;11.85;4.34;12.817;3.68;43.88
1983-04-11;3.95;6.58;9.21;5.03;7.169;3.23;61.73
1983-04-12;0.5;5.86;11.22;0.0;18.115;2.35;38.49
1983-04-13;3.19;12.41;21.63;0.73;15.906;3.79;29.07
1983-04-14;9.74;15.9;22.06;5.87;9.98;3.89;49.64
1983-04-15;8.62;13.71;18.81;4.48;11.346;2.76;52.71
1983-04-16;5.14;10.04;14.94;1.21;7.903;2.02;58.94
1983-04-17;4.74;6.91;9.07;0.66;6.761;3.09;71.48
1983-04-18;3.04;8.19;13.34;0.0;11.849;3.52;45.57
1983-04-19;8.17;11.71;15.24;0.0;13.229;2.39;53.91
1983-04-20;9.04;14.28;19.52;0.0;16.092;2.66;49.27
1983-04-21;10.52;17.09;23.67;0.0;19.024;3.22;38.36
1983-04-22;10.95;17.27;23.6;0.0;15.415;2.8;37.58
1983-04-23;9.73;16.76;23.79;0.79;18.782;2.79;35.68
1983-04-24;7.39;12.26;17.12;1.64;18.554;3.83;48.83
1983-04-25;5.85;11.15;16.45;0.0;20.652;1.87;38.89
1983-04-26;5.34;13.78;22.21;0.0;23.674;3.11;28.43
1983-04-27;9.74;16.87;24.0;0.0;23.458;4.56;29.33
1983-04-28;7.76;15.09;22.41;0.0;25.383;2.96;34.16
1983-04-29;4.3;13.78;23.25;0.0;23.997;0.51;33.91
1983-04-30;7.61;16.96;26.32;0.0;25.375;1.99;29.0
1983-05-01;11.29;19.34;27.4;0.0;24.596;2.73;28.08
1983-05-02;9.46;14.62;19.78;11.82;13.3;2.66;50.6
1983-05-03;7.06;11.24;15.43;0.0;19.979;2.87;41.43
1983-05-04;7.33;11.7;16.06;1.36;21.756;2.36;43.12
1983-05-05;7.8;11.38;14.95;2.35;16.387;3.27;47.74
1983-05-06;4.02;8.3;12.58;0.0;19.664;2.49;36.53
1983-05-07;3.65;7.9;12.15;0.52;12.137;0.75;43.97
1983-05-08;4.17;9.59;15.0;9.07;8.901;3.16;58.96
1983-05-09;7.86;10.85;13.83;0.36;19.495;5.54;41.11
1983-05-10;7.12;10.29;13.46;1.39;13.413;4.93;44.66
1983-05-11;4.77;10.97;17.18;0.0;26.843;1.48;32.45
1983-05-12;6.86;15.13;23.4;1.68;21.413;2.81;36.05
1983-05-13;13.03;18.29;23.55;0.46;19.012;1.62;47.34
1983-05-14;10.91;14.18;17.44;5.97;13.566;3.84;63.61
1983-05-15;6.92;12.95;18.99;0.0;16.85;2.55;44.96
1983-05-16;4.69;13.1;21.5;0.0;24.485;0.73;36.51
1983-05-17;8.29;16.74;25.19;0.0;29.354;2.17;31.31
1983-05-18;12.77;18.82;24.87;0.0;15.557;1.99;46.1
1983-05-19;11.64;17.29;22.93;3.26;16.005;1.64;53.02
1983-05-20;9.87;14.36;18.86;0.0;18.947;3.28;48.31
1983-05-21;9.57;13.61;17.65;2.15;14.856;3.93;59.28
1983-05-22;8.69;12.79;16.88;2.86;9.596;3.47;55.24
1983-05-23;6.93;11.98;17.04;1.74;13.042;3.18;59.82
1983-05-24;6.95;13.28;19.61;3.15;9.744;2.96;47.91
1983-05-25;9.56;12.58;15.6;5.68;14.379;4.12;53.06
1983-05-26;9.92;12.91;15.89;3.25;12.692;4.55;59.13
1983-05-27;10.68;14.94;19.19;2.92;18.773;2.93;48.53
1983-05-28;10.56;14.88;19.2;4.08;9.469;2.44;65.1
1983-05-29;9.19;13.77;18.35;2.48;21.099;3.82;48.38
1983-05-30;8.54;12.39;16.25;1.47;17.228;3.0;51.95
1983-05-31;7.21;11.54;15.86;6.2;17.054;2.54;53.28
1983-06-01;8.53;13.09;17.64;0.0;14.592;3.0;49.5
1983-06-02;8.99;13.82;18.66;3.43;17.664;2.45;54.49
1983-06-03;7.65;13.3;18.95;0.0;16.66;0.98;49.17
1983-06-04;8.09;14.22;20.36;0.0;15.769;0.75;49.2
1983-06-05;12.06;18.43;24.8;6.42;25.809;2.39;38.72
1983-06-06;9.12;13.76;18.4;0.0;22.064;4.69;43.43
1983-06-07;8.55;14.96;21.36;0.0;19.653;2.05;34.43
1983-06-08;11.79;18.27;24.74;9.65;16.541;3.24;41.26
1983-06-09;11.23;15.89;20.56;0.0;21.309;3.09;46.51
1983-06-10;11.12;18.61;26.09;1.52;21.934;2.28;37.27
1983-06-11;9.3;15.43;21.56;0.0;17.518;1.61;50.67
1983-06-12;7.77;14.46;21.14;0.0;24.81;1.26;39.8
1983-06-13;9.21;16.09;22.98;0.0;28.891;2.13;37.71
1983-06-14;9.82;17.01;24.2;0.0;29.388;1.94;36.74
1983-06-15;11.84;17.32;22.8;0.0;22.351;2.63;42.05
1983-06-16;9.88;15.77;21.65;0.0;26.365;2.32;41.51
1983-06-17;9.56;16.07;22.59;0.0;23.914;1.58;42.06
1983-06-18;13.96;18.52;23.08;0.0;16.174;0.99;48.79
1983-06-19;13.34;16.48;19.63;1.93;11.991;2.04;65.53
1983-06-20;10.35;13.81;17.27;3.16;15.61;3.96;51.88
1983-06-21;10.03;13.31;16.59;1.89;11.064;2.99;62.16
1983-06-22;12.42;15.32;18.22;1.38;14.582;3.01;54.27
1983-06-23;10.29;15.11;19.92;1.21;13.133;2.51;53.97
1983-06-24;8.85;16.21;23.58;0.0;26.112;1.87;39.0
1983-06-25;12.36;20.35;28.34;5.18;22.277;2.59;37.09
1983-06-26;11.38;16.18;20.97;3.99;17.607;2.5;61.81
1983-06-27;10.63;16.89;23.14;4.45;14.888;1.9;44.52
1983-06-28;10.35;14.21;18.07;0.0;18.863;4.49;44.63
1983-06-29;10.13;15.02;19.91;0.0;25.955;3.58;38.54
1983-06-30;9.14;15.19;21.23;6.74;26.069;2.24;39.12
1983-07-01;11.93;15.65;19.37;0.78;21.0;2.95;48.32
1983-07-02;9.5;16.11;22.71;0.0;28.05;1.41;38.87
1983-07-03;13.12;17.17;21.22;2.4;19.493;5.03;51.83
1983-07-04;13.75;20.21;26.67;2.01;21.999;2.51;44.55
1983-07-05;14.81;19.34;23.87;10.48;9.482;1.29;63.84
1983-07-06;12.46;16.61;20.76;0.0;17.541;3.02;57.62
1983-07-07;10.5;18.29;26.07;0.0;26.891;0.42;39.49
1983-07-08;12.05;20.94;29.83;0.0;26.193;2.38;36.58
1983-07-09;17.16;22.48;27.81;2.78;15.038;2.8;49.75
1983-07-10;15.5;21.59;27.69;0.0;25.102;2.71;45.05
1983-07-11;13.12;19.4;25.68;0.0;24.456;2.71;42.14
1983-07-12;12.46;18.64;24.83;0.0;25.617;3.25;41.62
1983-07-13;11.64;16.56;21.48;0.0;22.126;2.95;45.39
1983-07-14;9.78;16.42;23.06;0.0;27.59;1.83;38.42
1983-07-15;12.22;18.37;24.52;5.01;14.348;2.41;46.03
1983-07-16;14.9;17.32;19.73;0.89;8.752;4.0;75.09
1983-07-17;10.73;15.58;20.42;0.0;14.853;2.97;48.15
1983-07-18;8.93;15.88;22.82;0.0;24.189;1.9;39.59
1983-07-19;12.32;19.2;26.09;0.0;24.462;2.68;38.71
1983-07-20;14.59;22.79;30.99;0.44;24.054;2.85;33.93
1983-07-21;14.8;21.35;27.9;2.66;23.927;3.62;45.09
1983-07-22;11.2;16.23;21.26;0.0;19.866;2.59;45.05
1983-07-23;8.85;16.75;24.64;0.0;23.365;1.31;35.53
1983-07-24;15.92;22.57;29.21;0.27;17.103;3.38;33.87
1983-07-25;9.82;15.54;21.25;0.0;21.459;3.01;41.91
1983-07-26;8.71;16.88;25.05;0.0;24.195;1.12;34.04
1983-07-27;13.53;22.98;32.44;0.0;25.152;3.54;28.6
1983-07-28;15.65;24.16;32.68;0.0;23.986;2.6;29.08
1983-07-29;14.04;22.06;30.09;0.78;22.03;2.68;34.59
1983-07-30;10.84;17.26;23.68;0.0;23.867;2.71;36.13
1983-07-31;9.17;17.16;25.14;0.0;23.131;2.24;34.98
1983-08-01;10.45;19.06;27.67;0.0;24.438;2.42;32.17
1983-08-02;12.61;21.91;31.2;0.0;24.731;3.06;30.32
1983-08-03;14.03;23.48;32.94;0.0;24.476;3.04;27.72
1983-08-04;16.07;25.23;34.39;0.0;24.261;3.01;25.83
1983-08-05;18.11;25.92;33.73;0.0;25.167;3.66;24.08
1983-08-06;16.3;25.46;34.62;0.0;24.417;3.15;22.88
1983-08-07;16.34;26.18;36.02;0.0;24.51;2.31;22.42
1983-08-08;16.96;27.46;37.95;0.0;25.038;1.98;20.78
1983-08-09;17.45;24.72;31.99;3.77;16.546;1.85;34.96
1983-08-10;15.61;23.66;31.72;0.0;22.457;2.22;33.4
1983-08-11;14.04;21.07;28.11;0.0;24.252;2.39;32.32
1983-08-12;11.11;21.32;31.53;0.0;24.167;0.96;28.68
1983-08-13;17.84;25.87;33.9;0.0;22.588;2.39;27.64
1983-08-14;13.3;21.25;29.2;0.0;24.068;1.24;31.08
1983-08-15;14.53;24.8;35.06;0.0;22.99;2.7;25.47
1983-08-16;15.85;24.48;33.12;0.0;23.344;2.96;33.6
1983-08-17;13.43;22.07;30.71;0.0;22.181;1.06;33.05
1983-08-18;14.44;24.64;34.84;0.0;22.623;1.96;26.27
1983-08-19;16.1;23.93;31.76;0.0;22.829;3.12;30.57
1983-08-20;14.87;21.53;28.19;0.0;21.988;2.83;33.91
1983-08-21;11.79;20.59;29.39;0.0;22.283;1.4;30.18
1983-08-22;13.01;23.23;33.45;0.0;22.384;1.23;24.04
1983-08-23;14.17;24.33;34.49;0.0;22.188;1.93;22.65
1983-08-24;16.07;25.48;34.88;0.0;21.224;2.75;22.53
1983-08-25;16.11;24.98;33.85;0.0;21.213;3.01;22.65
1983-08-26;15.8;24.91;34.03;0.0;21.006;2.89;22.86
1983-08-27;17.96;25.5;33.03;0.0;20.809;4.28;26.19
1983-08-28;17.09;24.1;31.11;0.0;20.991;5.02;26.66
1983-08-29;15.44;22.86;30.27;0.0;20.958;5.2;25.03
1983-08-30;14.42;22.45;30.49;0.0;21.027;5.77;20.62
1983-08-31;15.45;22.24;29.03;0.0;20.009;6.01;26.95
1983-09-01;17.03;22.18;27.32;2.95;13.379;3.99;38.87
1983-09-02;13.49;21.75;30.02;10.66;10.603;0.6;42.07
1983-09-03;11.86;19.75;27.64;0.0;16.775;0.15;42.22
1983-09-04;14.29;21.55;28.82;8.75;13.149;1.84;41.6
1983-09-05;13.12;18.74;24.36;2.42;12.996;2.39;48.99
1983-09-06;14.91;19.13;23.36;0.41;10.331;3.94;48.97
1983-09-07;12.17;17.0;21.84;0.0;8.52;1.75;51.26
1983-09-08;12.41;17.79;23.16;1.39;8.369;2.31;54.07
1983-09-09;14.87;19.88;24.89;0.0;13.193;3.47;44.71
1983-09-10;12.52;17.55;22.57;0.0;13.863;3.03;45.13
1983-09-11;12.37;16.16;19.94;8.89;8.491;3.25;55.71
1983-09-12;10.1;14.5;18.89;0.42;10.146;2.09;55.59
1983-09-13;7.92;14.21;20.51;0.0;18.146;1.32;36.94
1983-09-14;6.58;14.0;21.41;0.0;18.223;0.81;33.67
1983-09-15;7.73;14.86;21.99;0.0;14.111;0.9;33.2
1983-09-16;7.19;15.19;23.19;0.0;17.137;1.8;32.41
1983-09-17;9.67;16.55;23.44;0.0;12.623;1.68;39.61
1983-09-18;12.16;18.56;24.97;0.0;16.469;1.9;36.51
1983-09-19;9.97;17.8;25.64;0.0;15.412;2.01;32.78
1983-09-20;10.18;18.04;25.9;0.0;15.562;2.42;31.86
1983-09-21;9.76;18.49;27.22;0.0;16.73;1.72;30.08
1983-09-22;9.69;18.51;27.33;0.0;16.174;1.57;29.47
1983-09-23;8.99;18.13;27.26;0.0;15.085;1.67;26.93
1983-09-24;8.66;18.09;27.51;0.0;14.413;2.06;25.15
1983-09-25;10.34;18.64;26.94;0.0;14.222;2.17;28.47
1983-09-26;14.68;21.22;27.76;3.64;12.023;1.58;37.16
1983-09-27;12.16;20.19;28.22;0.0;14.399;2.17;30.37
1983-09-28;12.29;16.86;21.43;3.32;5.67;2.52;69.09
1983-09-29;10.28;16.88;23.47;1.55;12.792;2.4;43.95
1983-09-30;7.74;12.98;18.21;0.0;9.521;2.77;48.3
1983-10-01;4.95;11.63;18.3;0.0;12.595;1.75;33.67
1983-10-02;9.82;12.96;16.09;3.67;8.002;4.08;44.29
1983-10-03;8.79;11.43;14.06;0.0;6.382;2.9;51.45
1983-10-04;8.46;12.67;16.88;0.0;11.203;3.57;36.8
1983-10-05;9.81;14.46;19.1;0.0;10.122;4.07;42.48
1983-10-06;9.14;14.92;20.7;0.0;5.956;2.34;45.94
1983-10-07;8.18;14.18;20.18;0.0;6.5;3.16;47.64
1983-10-08;13.46;16.0;18.53;0.56;3.221;3.85;73.91
1983-10-09;12.9;15.07;17.25;3.01;2.285;4.84;83.88
1983-10-10;12.81;15.23;17.65;0.0;3.11;4.25;69.2
1983-10-11;12.54;14.98;17.43;0.0;3.536;4.14;63.73
1983-10-12;7.88;11.46;15.05;2.76;7.578;4.81;55.31
1983-10-13;6.48;8.88;11.27;5.31;4.967;4.03;65.16
1983-10-14;6.14;9.53;12.91;1.04;6.865;3.75;55.82
1983-10-15;6.25;9.0;11.76;1.72;6.367;3.47;61.42
1983-10-16;7.99;11.28;14.57;0.0;3.66;4.59;66.98
1983-10-17;2.47;7.95;13.43;0.0;7.002;3.24;46.87
1983-10-18;2.39;7.52;12.64;1.38;4.944;2.15;41.52
1983-10-19;7.29;11.74;16.19;46.93;2.615;2.76;73.72
1983-10-20;13.06;14.98;16.9;4.47;2.707;3.27;90.51
1983-10-21;6.79;11.23;15.68;5.75;2.347;3.63;81.99
1983-10-22;4.89;7.23;9.58;0.0;6.056;4.96;52.75
1983-10-23;1.0;6.14;11.29;0.0;5.32;3.07;53.45
1983-10-24;0.18;5.98;11.78;0.0;8.576;2.71;39.13
1983-10-25;4.41;9.79;15.16;0.0;8.147;3.64;36.28
1983-10-26;9.02;13.04;17.06;0.0;7.914;3.27;44.93
1983-10-27;6.24;9.93;13.61;0.0;7.307;3.57;36.9
1983-10-28;5.11;9.38;13.66;0.0;7.733;3.02;43.98
1983-10-29;2.51;8.24;13.97;0.0;6.407;1.0;58.52
1983-10-30;4.36;9.81;15.27;0.0;7.423;1.46;49.96
1983-10-31;7.58;10.33;13.08;0.83;1.893;3.25;85.99
1983-11-01;7.11;10.17;13.23;0.39;3.521;4.16;68.72
1983-11-02;5.44;7.94;10.43;0.77;2.671;3.61;85.41
1983-11-03;5.5;6.88;8.26;1.76;4.459;4.15;83.96
1983-11-04;4.54;6.65;8.77;0.0;4.566;3.47;66.6
1983-11-05;4.7;6.79;8.87;3.14;2.598;4.02;85.08
1983-11-06;6.1;8.97;11.84;7.76;2.259;2.45;73.36
1983-11-07;8.94;10.81;12.68;9.89;2.163;6.23;85.56
1983-11-08;6.58;9.92;13.26;4.42;5.591;5.22;76.8
1983-11-09;6.32;11.09;15.86;12.19;1.959;4.65;55.8
1983-11-10;9.62;11.8;13.98;5.84;2.652;5.43;80.29
1983-11-11;8.55;10.88;13.21;0.0;3.131;5.3;59.27
1983-11-12;5.62;7.82;10.03;3.89;1.969;5.27;88.06
1983-11-13;0.38;3.29;6.19;0.0;4.704;1.95;60.14
1983-11-14;0.84;3.09;5.34;0.8;3.176;2.52;76.5
1983-11-15;-0.85;1.87;4.6;0.0;4.952;2.27;64.18
1983-11-16;-0.96;4.21;9.39;16.53;1.268;3.77;56.28
1983-11-17;6.01;7.71;9.42;4.16;2.317;2.1;90.24
1983-11-18;6.57;8.25;9.93;6.87;2.989;4.1;85.03
1983-11-19;5.65;6.99;8.32;0.0;2.576;4.56;78.86
1983-11-20;4.04;5.43;6.82;1.97;1.557;1.65;92.92
1983-11-21;1.03;3.41;5.79;2.93;1.957;1.18;92.17
1983-11-22;-0.91;1.15;3.21;0.89;3.07;2.43;85.9
1983-11-23;-1.08;0.97;3.03;0.0;3.675;3.03;78.68
1983-11-24;-1.24;0.84;2.91;0.0;3.58;3.34;78.35
1983-11-25;0.9;2.83;4.76;0.0;3.29;2.88;84.36
1983-11-26;0.33;2.35;4.37;0.0;2.438;0.93;88.38
1983-11-27;1.51;5.67;9.83;13.14;1.102;2.72;78.92
1983-11-28;8.86;10.64;12.42;5.07;1.104;4.12;86.7
1983-11-29;7.99;9.98;11.98;0.32;1.451;4.76;83.87
1983-11-30;4.11;7.11;10.1;13.64;1.826;1.36;86.92
1983-12-01;8.16;9.07;9.98;1.91;1.099;2.39;94.22
1983-12-02;-0.11;4.32;8.74;0.0;3.053;0.93;83.14
1983-12-03;-0.03;3.56;7.15;0.0;1.887;1.81;82.0
1983-12-04;6.48;9.36;12.23;1.84;1.17;3.99;85.03
1983-12-05;6.52;9.36;12.19;3.73;1.027;2.97;83.28
1983-12-06;1.63;4.13;6.63;0.0;2.958;1.2;85.67
1983-12-07;2.5;5.5;8.5;0.75;1.107;4.5;80.9
1983-12-08;4.0;7.0;10.01;0.95;3.156;3.08;74.73
1983-12-09;7.72;10.16;12.61;0.81;2.336;4.7;79.58
1983-12-10;5.85;7.02;8.19;0.68;2.317;4.88;76.26
1983-12-11;4.63;5.75;6.88;2.0;1.844;5.0;86.36
1983-12-12;6.48;8.21;9.94;0.98;0.869;5.36;84.41
1983-12-13;2.64;4.54;6.43;0.98;1.517;7.61;51.04
1983-12-14;-0.26;1.35;2.97;1.52;2.873;6.09;66.21
1983-12-15;1.96;2.8;3.65;1.1;0.655;5.81;86.86
1983-12-16;2.37;3.28;4.19;0.62;1.645;4.54;79.81
1983-12-17;-2.49;0.27;3.04;0.0;2.507;1.99;80.13
1983-12-18;-2.96;-0.05;2.86;0.0;2.539;1.91;82.06
1983-12-19;-1.39;1.21;3.82;0.98;1.786;1.71;82.9
1983-12-20;-2.54;-0.68;1.18;1.11;2.544;2.88;84.36
1983-12-21;0.99;3.93;6.86;10.83;0.894;2.5;85.47
1983-12-22;0.96;3.24;5.52;0.51;2.76;3.08;80.38
1983-12-23;5.31;7.34;9.37;0.31;1.724;3.86;83.83
1983-12-24;1.86;5.6;9.34;9.66;1.04;3.84;88.42
1983-12-25;0.84;3.05;5.27;0.0;1.788;3.56;79.03
1983-12-26;4.4;6.47;8.54;1.12;1.001;4.93;79.14
1983-12-27;6.8;8.64;10.48;3.08;1.28;6.58;78.37
1983-12-28;8.37;8.83;9.29;18.35;0.804;5.4;94.02
1983-12-29;8.49;8.98;9.48;0.75;1.21;5.39;90.05
1983-12-30;2.94;6.15;9.36;3.51;2.885;3.06;82.47
1983-12-31;5.16;8.33;11.5;1.35;2.773;3.45;74.73
1984-01-01;6.72;7.99;9.26;1.02;2.018;5.58;80.67
1984-01-02;-1.36;2.56;6.49;0.0;2.209;3.36;65.74
1984-01-03;-2.76;-0.74;1.28;0.0;2.945;1.83;84.48
1984-01-04;-2.26;2.0;6.26;0.21;3.573;3.27;51.99
1984-01-05;6.21;8.64;11.08;0.25;2.949;4.57;73.16
1984-01-06;5.33;7.95;10.56;3.22;1.744;4.8;83.6
1984-01-07;-2.05;1.61;5.27;0.97;2.383;3.35;77.75
1984-01-08;-4.79;-2.58;-0.38;0.0;3.379;1.81;77.54
1984-01-09;-4.76;-1.82;1.12;0.0;3.862;2.16;57.98
1984-01-10;-3.54;-0.95;1.65;0.0;2.965;1.3;82.21
1984-01-11;-2.34;-0.08;2.17;0.0;3.979;3.08;81.65
1984-01-12;2.42;5.2;7.98;0.0;2.424;3.77;68.86
1984-01-13;4.66;6.51;8.37;2.04;1.369;4.25;82.92
1984-01-14;2.35;4.33;6.3;0.0;3.75;3.82;69.25
1984-01-15;0.69;2.47;4.26;0.0;2.677;3.39;85.13
1984-01-16;1.09;3.37;5.65;0.0;2.855;2.31;82.1
1984-01-17;0.39;3.31;6.24;0.0;3.913;2.15;59.76
1984-01-18;4.0;6.8;9.6;0.0;2.964;2.88;71.87
1984-01-19;3.97;6.97;9.97;4.97;1.005;4.71;66.37
1984-01-20;0.04;5.01;9.99;0.0;4.891;2.95;39.95
1984-01-21;-0.45;2.36;5.18;0.0;4.044;1.76;74.65
1984-01-22;1.39;3.96;6.53;0.0;3.781;2.12;75.66
1984-01-23;-0.26;2.89;6.04;0.0;5.158;2.4;62.46
1984-01-24;1.57;3.35;5.13;0.45;2.071;2.77;83.97
1984-01-25;3.55;5.9;8.26;1.04;2.995;4.3;72.42
1984-01-26;3.03;7.52;12.01;0.48;1.709;2.57;72.73
1984-01-27;6.74;9.48;12.23;1.01;2.535;1.72;84.97
1984-01-28;10.85;13.71;16.58;0.35;4.537;5.96;33.11
1984-01-29;1.24;6.42;11.6;0.26;1.966;4.1;59.98
1984-01-30;1.13;4.11;7.08;0.46;1.869;4.1;71.75
1984-01-31;1.77;5.84;9.92;5.02;1.909;4.74;73.19
1984-02-01;4.52;7.33;10.15;1.03;3.731;6.46;64.15
1984-02-02;1.95;5.54;9.13;3.3;3.592;4.64;66.9
1984-02-03;1.2;4.63;8.06;0.0;5.236;4.75;55.15
1984-02-04;7.28;9.87;12.45;0.0;6.377;6.92;43.06
1984-02-05;3.31;7.12;10.93;5.78;4.083;3.81;76.21
1984-02-06;1.64;4.99;8.34;0.0;6.267;2.23;58.39
1984-02-07;1.36;5.02;8.68;0.0;4.723;4.04;55.32
1984-02-08;3.37;6.79;10.2;5.03;2.668;4.84;72.25
1984-02-09;1.49;4.0;6.5;0.0;4.154;3.69;65.83
1984-02-10;0.41;3.39;6.36;0.0;4.59;2.43;53.19
1984-02-11;-1.31;2.02;5.35;0.0;5.984;0.73;59.95
1984-02-12;-2.1;1.2;4.5;0.0;7.158;3.18;46.83
1984-02-13;-0.47;2.88;6.22;0.0;6.936;4.65;49.42
1984-02-14;0.4;3.96;7.52;0.0;7.98;3.9;46.17
1984-02-15;-0.8;3.25;7.31;0.0;7.472;3.55;47.85
1984-02-16;2.7;6.13;9.56;3.16;3.195;3.59;77.26
1984-02-17;4.22;7.73;11.25;7.16;3.1;3.6;80.17
1984-02-18;0.74;5.48;10.21;0.0;8.592;2.95;51.27
1984-02-19;-1.32;4.16;9.64;0.0;8.435;1.52;39.82
1984-02-20;1.83;4.86;7.89;0.0;7.193;5.6;43.73
1984-02-21;1.15;5.13;9.12;15.64;4.787;5.91;52.68
1984-02-22;8.11;11.84;15.58;0.65;8.751;2.91;56.3
1984-02-23;7.83;10.57;13.32;0.0;2.717;3.2;76.57
1984-02-24;6.57;9.17;11.77;0.0;4.168;3.78;71.38
1984-02-25;5.32;6.83;8.34;10.96;2.47;3.87;86.18
1984-02-26;3.61;6.09;8.57;8.07;3.626;0.95;71.18
1984-02-27;3.38;6.85;10.32;0.0;3.775;2.09;67.34
1984-02-28;5.22;7.79;10.37;2.31;3.706;3.47;83.73
1984-02-29;0.0;0.0;0.0;0.0;0.0;0.0;0.0
1984-03-01;0.35;3.49;6.63;0.0;4.66;5.14;57.73
1984-03-02;-3.94;-1.01;1.92;0.0;11.106;5.65;21.84
1984-03-03;-4.4;-0.31;3.79;0.0;9.505;3.44;19.7
1984-03-04;-3.54;-0.04;3.45;0.0;10.759;0.24;30.32
1984-03-05;-3.15;1.03;5.2;0.0;11.887;0.91;22.44
1984-03-06;0.3;3.18;6.06;0.0;4.19;2.36;48.16
1984-03-07;0.98;7.38;13.78;0.0;11.473;2.82;35.77
1984-03-08;4.33;8.43;12.52;0.0;7.397;3.79;55.92
1984-03-09;4.79;7.98;11.18;2.12;3.192;4.87;81.92
1984-03-10;8.96;10.67;12.38;2.81;3.269;5.72;87.54
1984-03-11;8.95;10.9;12.86;1.67;4.176;7.11;82.27
1984-03-12;6.87;9.16;11.45;8.7;3.275;6.76;87.56
1984-03-13;3.68;6.53;9.38;0.0;8.323;4.93;54.08
1984-03-14;3.12;6.6;10.07;2.17;9.23;5.97;51.12
1984-03-15;4.95;7.81;10.68;0.34;8.154;6.82;53.5
1984-03-16;4.0;8.08;12.16;10.9;4.193;3.52;67.36
1984-03-17;6.06;9.48;12.9;2.08;5.348;2.51;80.91
1984-03-18;2.93;5.5;8.06;0.64;6.708;3.35;72.55
1984-03-19;1.12;4.55;7.98;0.38;10.651;3.26;61.52
1984-03-20;-0.59;3.44;7.47;0.0;13.529;1.1;44.18
1984-03-21;-0.98;2.71;6.41;0.0;13.195;2.08;42.79
1984-03-22;-1.6;3.07;7.73;0.0;16.026;1.69;35.37
1984-03-23;-0.57;2.46;5.5;0.48;11.485;3.11;47.24
1984-03-24;0.83;4.29;7.75;0.71;10.728;4.62;47.71
1984-03-25;1.08;4.68;8.28;3.08;7.038;2.58;58.36
1984-03-26;4.32;7.53;10.74;5.53;6.431;1.06;75.07
1984-03-27;1.09;5.16;9.22;0.0;16.633;3.62;41.42
1984-03-28;-0.67;3.75;8.18;0.0;15.701;1.63;36.95
1984-03-29;-1.28;3.6;8.47;0.0;16.767;1.67;30.96
1984-03-30;-0.73;4.69;10.11;0.0;17.398;2.26;21.88
1984-03-31;-0.38;6.32;13.03;0.0;17.997;2.19;22.74
1984-04-01;3.06;8.13;13.21;0.9;8.206;3.2;39.63
1984-04-02;2.35;8.7;15.05;2.86;9.403;2.21;38.92
1984-04-03;1.96;8.55;15.15;0.0;14.591;0.82;41.33
1984-04-04;0.39;7.57;14.74;0.0;15.698;1.04;38.91
1984-04-05;2.76;6.43;10.11;0.59;8.776;2.54;68.63
1984-04-06;1.67;6.58;11.48;0.0;6.94;1.7;62.36
1984-04-07;1.01;8.21;15.41;0.0;17.526;1.0;34.07
1984-04-08;3.69;11.92;20.14;0.0;19.062;4.38;24.63
1984-04-09;8.8;13.5;18.2;2.23;8.108;2.68;63.23
1984-04-10;6.95;11.38;15.81;0.0;8.423;3.51;54.29
1984-04-11;7.29;11.73;16.17;8.15;8.105;3.71;73.81
1984-04-12;4.07;9.39;14.72;0.0;5.745;3.75;78.93
1984-04-13;3.42;11.52;19.63;0.93;17.209;2.59;40.39
1984-04-14;4.62;9.59;14.55;8.86;4.831;5.12;65.46
1984-04-15;0.01;3.27;6.53;0.0;21.367;4.67;29.04
1984-04-16;-2.0;3.04;8.07;0.0;21.218;2.71;13.83
1984-04-17;1.12;5.77;10.42;5.69;10.123;4.43;41.61
1984-04-18;8.07;10.82;13.58;2.47;5.926;3.32;73.02
1984-04-19;4.88;10.48;16.08;0.0;13.85;2.74;47.96
1984-04-20;2.06;6.62;11.17;0.0;17.779;2.48;40.3
1984-04-21;0.98;6.2;11.41;1.2;17.164;2.79;42.78
1984-04-22;1.02;5.25;9.48;0.0;19.715;2.45;30.26
1984-04-23;3.96;8.88;13.81;9.03;5.901;3.58;61.48
1984-04-24;4.73;9.38;14.04;0.0;15.625;3.71;43.26
1984-04-25;6.68;10.83;14.98;0.67;8.425;4.47;55.17
1984-04-26;5.43;9.11;12.78;10.02;7.003;4.69;74.66
1984-04-27;4.5;9.81;15.12;0.0;17.854;2.71;43.44
1984-04-28;5.34;12.06;18.79;0.93;7.727;3.47;48.57
1984-04-29;6.47;12.45;18.43;0.42;17.869;3.65;45.39
1984-04-30;4.78;10.83;16.88;0.0;18.965;2.04;39.18
1984-05-01;6.02;10.34;14.65;3.71;18.302;3.93;53.55
1984-05-02;6.72;10.28;13.84;6.69;13.407;3.28;55.38
1984-05-03;6.11;9.35;12.59;3.67;10.409;4.04;52.9
1984-05-04;4.37;8.74;13.11;0.0;19.097;3.07;44.58
1984-05-05;4.63;10.05;15.48;2.61;13.126;2.79;56.67
1984-05-06;10.54;16.2;21.85;4.02;14.027;3.58;52.09
1984-05-07;9.66;12.61;15.55;2.65;10.682;5.53;54.13
1984-05-08;8.72;12.63;16.53;0.0;11.956;3.64;48.58
1984-05-09;8.05;13.29;18.52;3.35;8.872;3.4;56.14
1984-05-10;10.15;13.17;16.19;3.36;15.404;4.67;52.63
1984-05-11;11.05;15.55;20.06;0.0;12.44;2.36;58.43
1984-05-12;12.93;18.04;23.15;2.43;17.877;3.38;47.28
1984-05-13;7.32;13.28;19.23;4.56;13.051;2.95;50.15
1984-05-14;6.01;9.71;13.42;0.87;8.023;2.39;65.54
1984-05-15;7.77;13.66;19.55;0.0;21.019;2.54;43.75
1984-05-16;5.86;13.5;21.15;0.0;24.792;0.9;34.97
1984-05-17;7.12;14.22;21.32;0.0;27.802;3.02;31.75
1984-05-18;8.14;15.28;22.41;0.0;28.138;4.35;28.6
1984-05-19;10.7;16.86;23.02;0.0;23.52;3.9;37.69
1984-05-20;14.36;19.74;25.12;0.0;18.299;2.48;43.15
1984-05-21;13.73;20.59;27.45;4.19;17.971;1.72;42.09
1984-05-22;12.59;17.04;21.48;1.69;12.363;2.86;62.1
1984-05-23;12.59;17.54;22.48;0.0;16.529;2.99;48.51
1984-05-24;11.59;15.97;20.35;0.71;16.172;2.93;57.12
1984-05-25;8.45;13.08;17.72;0.0;23.035;2.67;38.15
1984-05-26;7.66;11.78;15.89;2.87;15.199;2.14;58.12
1984-05-27;8.44;12.0;15.55;0.0;14.776;4.03;53.66
1984-05-28;7.63;11.13;14.64;0.0;20.934;3.74;40.53
1984-05-29;7.28;10.71;14.14;1.26;14.802;3.75;48.08
1984-05-30;7.49;10.96;14.44;5.5;18.389;3.85;54.57
1984-05-31;7.27;10.64;14.01;5.43;13.515;2.43;62.99
1984-06-01;6.92;11.16;15.39;0.0;18.887;0.85;40.99
1984-06-02;7.48;12.08;16.67;2.12;7.278;2.55;55.76
1984-06-03;10.79;15.51;20.24;1.08;17.259;2.53;51.27
1984-06-04;11.68;15.31;18.95;3.02;11.435;2.49;66.42
1984-06-05;9.78;13.01;16.24;1.28;14.973;2.81;65.47
1984-06-06;10.31;12.92;15.53;2.23;9.152;3.3;74.56
1984-06-07;9.77;11.96;14.14;10.19;10.314;5.1;68.11
1984-06-08;10.39;13.27;16.14;4.15;7.9;4.91;74.96
1984-06-09;8.79;12.68;16.58;0.29;14.79;3.64;53.4
1984-06-10;6.85;12.55;18.26;0.0;20.758;1.08;46.2
1984-06-11;9.81;14.91;20.02;0.0;22.185;0.8;45.27
1984-06-12;9.27;15.99;22.71;0.0;28.889;3.58;36.73
1984-06-13;11.96;15.68;19.4;7.53;6.829;4.09;60.51
1984-06-14;10.39;15.23;20.08;2.03;24.072;3.28;44.68
1984-06-15;8.73;13.71;18.69;5.14;17.722;1.2;54.19
1984-06-16;9.99;14.59;19.19;1.62;15.291;2.65;53.26
1984-06-17;8.82;13.35;17.88;0.84;12.048;3.25;55.49
1984-06-18;7.48;12.44;17.39;0.0;18.64;2.17;45.53
1984-06-19;7.29;11.38;15.46;0.0;15.803;2.05;47.69
1984-06-20;8.74;11.64;14.55;0.95;15.728;2.44;54.51
1984-06-21;7.88;11.24;14.61;1.58;17.355;2.98;56.57
1984-06-22;7.47;10.99;14.52;0.41;13.672;3.84;53.94
1984-06-23;7.31;11.85;16.39;0.0;16.397;3.29;51.21
1984-06-24;6.3;12.02;17.73;0.0;19.927;1.27;47.32
1984-06-25;10.31;15.39;20.48;0.0;14.893;0.65;45.9
1984-06-26;12.08;14.98;17.89;5.73;8.014;2.56;73.22
1984-06-27;12.22;15.79;19.36;0.0;11.476;2.26;61.29
1984-06-28;10.72;14.36;18.0;9.24;12.606;2.61;68.23
1984-06-29;10.71;14.17;17.63;0.0;11.775;3.56;57.3
1984-06-30;9.8;14.41;19.02;0.0;18.323;3.34;50.28
1984-07-01;9.4;12.85;16.3;0.36;13.59;3.17;61.97
1984-07-02;9.1;14.29;19.48;1.18;21.995;3.26;50.31
1984-07-03;10.66;15.12;19.58;0.33;17.017;1.94;53.26
1984-07-04;11.34;15.69;20.03;0.0;12.891;1.37;52.24
1984-07-05;12.8;15.12;17.43;11.38;8.227;2.99;74.56
1984-07-06;10.07;14.26;18.44;0.8;9.692;3.44;67.75
1984-07-07;8.68;14.16;19.65;0.11;15.861;2.24;57.1
1984-07-08;13.63;16.3;18.97;1.81;9.04;3.48;73.66
1984-07-09;10.13;14.63;19.12;0.0;15.074;3.56;54.45
1984-07-10;8.9;14.05;19.19;0.0;19.792;2.76;46.93
1984-07-11;8.06;13.86;19.66;0.0;19.071;1.09;47.02
1984-07-12;12.8;15.33;17.86;4.78;7.581;2.1;71.73
1984-07-13;10.91;14.31;17.71;8.63;9.195;1.51;70.5
1984-07-14;8.97;12.99;17.01;0.0;19.072;3.82;52.8
1984-07-15;8.32;13.32;18.33;0.0;15.5;2.47;52.46
1984-07-16;11.22;15.49;19.76;0.97;12.52;2.25;61.88
1984-07-17;10.22;14.51;18.8;1.57;11.717;2.88;60.13
1984-07-18;7.55;13.06;18.57;0.0;18.929;1.19;47.57
1984-07-19;8.04;14.06;20.08;0.0;18.852;1.15;46.01
1984-07-20;10.42;14.89;19.37;4.74;11.738;2.75;59.16
1984-07-21;10.05;14.5;18.95;0.0;15.992;3.33;52.37
1984-07-22;10.47;14.75;19.04;0.0;16.675;2.96;48.83
1984-07-23;11.96;15.27;18.58;10.34;8.528;3.75;64.93
1984-07-24;12.34;15.63;18.92;3.33;11.451;3.84;60.08
1984-07-25;10.43;15.07;19.71;0.6;13.745;3.82;56.35
1984-07-26;9.52;15.2;20.87;0.0;17.202;1.54;48.2
1984-07-27;9.06;15.2;21.33;0.0;18.613;2.29;48.54
1984-07-28;8.89;14.75;20.6;3.01;18.789;2.93;49.97
1984-07-29;12.67;16.19;19.71;0.0;17.212;4.14;54.85
1984-07-30;11.11;15.58;20.06;0.0;12.598;1.69;56.06
1984-07-31;9.81;15.08;20.35;0.0;17.614;0.99;50.87
1984-08-01;7.67;13.66;19.65;0.0;18.617;1.89;51.7
1984-08-02;11.33;15.55;19.77;0.81;12.945;1.52;61.68
1984-08-03;13.34;16.85;20.36;0.81;13.605;0.98;57.52
1984-08-04;13.0;15.63;18.26;5.57;8.666;2.0;77.87
1984-08-05;10.13;14.96;19.78;0.0;15.311;2.99;57.95
1984-08-06;8.79;14.38;19.97;0.0;20.847;2.44;44.93
1984-08-07;11.18;16.28;21.38;0.0;18.123;1.6;48.68
1984-08-08;13.66;19.59;25.52;3.42;23.343;2.73;40.89
1984-08-09;14.96;19.02;23.07;15.17;14.526;3.76;56.58
1984-08-10;13.89;15.97;18.05;2.73;6.596;5.58;73.69
1984-08-11;13.9;16.59;19.29;1.47;9.562;4.47;72.47
1984-08-12;12.83;15.86;18.89;0.37;10.309;2.15;65.95
1984-08-13;11.79;17.41;23.02;0.0;20.396;2.51;50.34
1984-08-14;13.16;18.21;23.26;1.09;14.447;1.08;52.83
1984-08-15;13.53;17.54;21.56;2.24;18.692;2.24;52.65
1984-08-16;11.89;14.88;17.88;3.78;14.392;4.71;55.24
1984-08-17;10.13;13.29;16.45;1.06;15.41;4.19;55.49
1984-08-18;9.57;12.75;15.94;0.0;16.602;4.08;48.6
1984-08-19;7.99;13.17;18.35;0.0;19.432;2.25;46.65
1984-08-20;8.94;14.66;20.37;0.0;19.03;1.82;49.83
1984-08-21;10.95;17.0;23.06;4.79;14.06;1.55;47.55
1984-08-22;11.54;14.63;17.73;6.62;12.423;4.05;62.42
1984-08-23;10.41;12.45;14.48;16.22;12.334;4.04;73.71
1984-08-24;6.46;11.68;16.89;0.0;17.241;2.95;47.31
1984-08-25;6.05;12.62;19.19;0.0;19.61;0.38;43.73
1984-08-26;8.63;14.25;19.87;0.0;14.96;1.94;47.05
1984-08-27;9.32;15.04;20.77;0.0;17.849;0.87;46.51
1984-08-28;13.85;16.98;20.1;8.51;8.066;3.91;72.15
1984-08-29;13.58;17.54;21.49;0.79;10.824;1.74;67.66
1984-08-30;13.31;18.8;24.29;1.24;18.814;1.84;45.51
1984-08-31;14.45;17.01;19.57;0.71;11.535;3.34;60.11
1984-09-01;11.83;15.82;19.82;3.84;16.769;3.98;50.44
1984-09-02;10.33;14.47;18.61;5.67;11.045;3.66;52.78
1984-09-03;9.19;13.63;18.07;2.41;10.811;2.98;56.32
1984-09-04;11.16;14.73;18.31;7.81;12.403;3.67;59.81
1984-09-05;11.1;14.95;18.81;3.89;13.3;3.11;55.93
1984-09-06;11.95;15.15;18.35;12.74;5.767;3.48;74.53
1984-09-07;8.55;12.19;15.82;1.44;10.797;4.59;54.93
1984-09-08;8.62;12.39;16.16;0.0;12.869;3.74;54.2
1984-09-09;10.93;13.83;16.73;0.48;8.46;3.12;60.07
1984-09-10;10.95;14.17;17.4;9.9;6.636;3.26;68.73
1984-09-11;10.18;12.61;15.03;0.0;10.563;3.9;57.49
1984-09-12;7.91;12.02;16.13;0.0;9.227;1.8;49.14
1984-09-13;7.61;12.88;18.15;0.0;11.842;2.26;45.88
1984-09-14;8.7;12.92;17.14;1.09;5.219;1.79;71.39
1984-09-15;9.52;14.52;19.52;0.0;14.977;1.7;58.11
1984-09-16;7.58;12.89;18.19;0.0;14.891;1.88;49.73
1984-09-17;6.83;12.48;18.12;0.0;15.399;1.85;47.83
1984-09-18;6.17;11.78;17.39;0.0;12.143;1.25;51.15
1984-09-19;10.59;14.56;18.54;0.0;7.983;0.98;59.05
1984-09-20;10.14;14.19;18.24;0.0;11.476;1.76;51.81
1984-09-21;8.01;12.77;17.52;0.0;9.677;0.68;55.51
1984-09-22;9.13;13.72;18.31;0.0;10.266;1.6;54.93
1984-09-23;6.6;12.5;18.41;0.65;12.0;0.65;52.26
1984-09-24;8.51;12.99;17.47;0.0;11.229;1.1;55.69
1984-09-25;8.04;12.14;16.25;0.0;6.922;2.8;58.43
1984-09-26;9.0;11.91;14.82;3.81;5.346;2.84;70.4
1984-09-27;8.15;12.03;15.9;2.22;5.984;2.58;62.55
1984-09-28;6.92;12.75;18.58;0.0;14.511;2.79;43.0
1984-09-29;9.28;15.02;20.75;0.0;11.13;2.74;45.23
1984-09-30;10.49;15.79;21.09;3.38;7.074;3.38;51.78
1984-10-01;10.21;15.21;20.22;0.84;12.2;4.49;43.61
1984-10-02;12.38;15.42;18.46;0.91;6.199;4.43;64.92
1984-10-03;12.97;14.93;16.9;5.84;2.503;4.03;87.86
1984-10-04;10.81;13.79;16.76;0.0;5.164;1.27;79.44
1984-10-05;6.19;10.35;14.5;0.0;5.954;1.55;57.56
1984-10-06;5.49;9.91;14.34;0.0;6.84;2.2;54.28
1984-10-07;8.66;13.63;18.59;0.0;9.926;2.93;44.53
1984-10-08;8.91;13.88;18.85;1.33;5.895;4.11;52.94
1984-10-09;10.26;13.85;17.44;1.21;6.892;4.0;57.0
1984-10-10;8.98;11.87;14.75;1.72;6.149;5.7;64.41
1984-10-11;7.3;10.11;12.91;0.84;4.558;2.68;81.07
1984-10-12;7.82;11.91;16.0;1.6;9.02;3.51;61.14
1984-10-13;11.93;14.67;17.41;0.0;7.834;4.83;52.95
1984-10-14;10.73;13.97;17.22;0.0;3.994;2.83;61.96
1984-10-15;9.44;11.83;14.22;0.97;8.224;3.77;64.22
1984-10-16;8.5;10.93;13.35;1.81;4.225;5.27;73.77
1984-10-17;7.82;10.86;13.9;1.3;6.064;4.22;62.25
1984-10-18;7.9;10.57;13.24;6.77;2.151;4.83;73.82
1984-10-19;7.14;10.21;13.27;4.19;6.964;4.13;71.36
1984-10-20;4.96;9.14;13.33;0.0;7.452;3.71;49.23
1984-10-21;8.45;11.34;14.22;1.34;4.757;5.36;56.92
1984-10-22;7.5;9.98;12.47;1.8;4.598;5.25;61.14
1984-10-23;6.28;9.54;12.79;0.76;3.692;4.17;77.03
1984-10-24;9.46;13.89;18.32;0.0;6.089;4.28;48.12
1984-10-25;9.15;12.5;15.85;0.99;3.408;2.71;78.4
1984-10-26;4.33;8.66;13.0;0.0;4.738;2.62;70.9
1984-10-27;3.29;8.34;13.39;0.0;7.492;2.76;43.55
1984-10-28;5.43;10.89;16.36;0.0;7.826;3.12;41.21
1984-10-29;8.69;12.13;15.57;0.0;4.379;0.74;77.37
1984-10-30;8.83;11.5;14.18;0.47;1.926;0.33;94.35
1984-10-31;4.93;9.1;13.27;0.0;6.106;1.12;78.79
1984-11-01;4.13;8.89;13.65;0.0;7.363;2.13;58.73
1984-11-02;5.5;8.46;11.42;0.0;3.627;3.08;82.14
1984-11-03;5.36;8.05;10.75;3.92;1.501;4.24;78.51
1984-11-04;2.65;5.67;8.69;0.0;6.636;3.28;51.18
1984-11-05;3.11;5.63;8.14;0.0;2.475;3.36;78.28
1984-11-06;5.12;5.98;6.84;3.21;2.351;4.3;89.66
1984-11-07;0.94;4.63;8.32;0.0;3.81;4.03;53.97
1984-11-08;-0.52;3.45;7.41;1.09;1.972;2.99;66.87
1984-11-09;7.11;9.12;11.13;0.77;1.847;3.99;90.87
1984-11-10;9.61;10.91;12.21;0.59;2.018;4.64;90.7
1984-11-11;9.13;10.6;12.06;0.0;3.225;5.19;64.85
1984-11-12;9.57;12.09;14.61;0.0;4.176;3.3;58.62
1984-11-13;7.99;10.09;12.18;0.0;2.36;2.12;86.77
1984-11-14;7.46;10.61;13.76;0.0;3.168;1.87;77.59
1984-11-15;5.31;9.52;13.73;0.95;3.999;2.85;74.67
1984-11-16;3.19;5.86;8.53;1.46;1.63;3.24;84.06
1984-11-17;0.79;4.59;8.38;0.0;3.831;2.25;65.0
1984-11-18;4.04;5.67;7.31;4.74;3.5;4.73;79.24
1984-11-19;6.1;8.75;11.41;15.42;1.253;4.86;83.01
1984-11-20;7.28;9.37;11.46;0.3;1.68;5.55;85.21
1984-11-21;3.87;6.01;8.14;1.36;2.76;5.41;67.58
1984-11-22;1.04;3.6;6.15;0.39;3.365;5.53;65.23
1984-11-23;0.86;4.38;7.91;7.68;1.744;4.04;78.55
1984-11-24;0.93;3.11;5.3;0.8;2.054;3.85;76.97
1984-11-25;0.38;2.18;3.97;0.0;2.748;3.85;82.42
1984-11-26;1.01;3.03;5.05;0.0;2.005;3.34;85.74
1984-11-27;2.15;5.63;9.1;6.93;1.645;5.27;84.06
1984-11-28;1.92;4.8;7.68;0.8;1.699;4.27;63.7
1984-11-29;0.73;2.26;3.79;0.32;2.127;1.99;88.78
1984-11-30;2.35;3.38;4.42;0.0;1.705;3.96;85.76
1984-12-01;-1.44;1.51;4.45;0.0;3.332;1.01;83.71
1984-12-02;-4.95;-3.05;-1.15;0.0;3.698;1.5;54.38
1984-12-03;-5.43;-3.13;-0.82;4.34;1.996;2.94;55.49
1984-12-04;-1.28;-0.54;0.21;1.95;1.471;2.68;93.01
1984-12-05;-1.9;-0.4;1.1;0.0;1.866;2.35;92.41
1984-12-06;0.44;1.54;2.65;0.43;1.267;1.51;93.73
1984-12-07;0.7;2.73;4.77;0.46;1.533;0.67;88.12
1984-12-08;0.14;2.95;5.77;0.0;3.024;2.35;80.7
1984-12-09;0.11;1.65;3.18;0.0;1.464;2.56;90.23
1984-12-10;-0.08;1.21;2.51;0.0;3.535;3.69;87.52
1984-12-11;0.47;2.31;4.15;0.0;2.25;1.58;86.04
1984-12-12;-3.33;-0.76;1.81;0.0;2.792;1.72;82.66
1984-12-13;-5.59;-3.46;-1.32;0.0;3.211;1.04;78.52
1984-12-14;-5.55;-3.0;-0.46;0.0;2.545;2.05;83.93
1984-12-15;-4.74;-1.47;1.81;2.28;2.519;3.08;79.55
1984-12-16;-0.17;0.97;2.11;2.47;1.73;4.48;87.5
1984-12-17;-7.62;-3.73;0.15;0.0;3.047;1.84;75.18
1984-12-18;-7.73;-4.36;-0.99;0.0;3.491;1.86;68.8
1984-12-19;-7.11;-4.14;-1.17;0.0;2.843;1.7;82.45
1984-12-20;-3.08;-0.13;2.83;10.17;1.5;3.1;82.04
1984-12-21;2.27;2.95;3.62;0.0;2.272;5.34;83.04
1984-12-22;-0.22;2.77;5.75;2.04;3.208;3.88;73.39
1984-12-23;2.72;4.07;5.41;1.02;2.216;6.24;75.84
1984-12-24;1.47;5.33;9.18;10.91;1.11;6.13;73.5
1984-12-25;1.02;2.15;3.27;0.0;2.055;8.59;54.81
1984-12-26;-1.15;1.92;4.99;6.65;1.871;2.61;57.22
1984-12-27;5.12;7.67;10.22;0.0;1.765;3.23;81.41
1984-12-28;5.52;7.54;9.57;2.78;1.401;3.4;80.19
1984-12-29;3.92;5.09;6.27;2.27;1.559;3.26;84.93
1984-12-30;3.04;3.94;4.84;0.47;1.275;2.61;88.42
1984-12-31;-0.54;1.89;4.32;0.0;2.501;2.03;80.0
