iso-date;tmin;tavg;tmax;precip;globrad;wind;relhumid
1980-01-01;3.57;5.52;7.47;11.04;1.489;5.81;85.31
1980-01-02;-4.79;0.12;5.03;8.63;1.888;3.9;78.29
1980-01-03;-8.16;-5.47;-2.78;0.0;2.88;3.93;40.81
1980-01-04;-6.16;-1.39;3.39;0.72;1.401;3.52;64.18
1980-01-05;1.43;2.71;4.0;0.61;1.045;2.11;89.62
1980-01-06;-2.12;-0.86;0.41;0.0;2.961;2.26;78.09
1980-01-07;-5.54;-2.43;0.68;0.0;3.691;2.11;52.43
1980-01-08;-9.03;-5.63;-2.23;0.0;2.933;3.52;54.22
1980-01-09;-4.76;-0.88;3.0;0.0;2.245;4.13;66.31
1980-01-10;4.36;6.13;7.89;0.41;1.246;4.61;77.49
1980-01-11;2.52;3.75;4.97;0.0;2.243;2.3;73.25
1980-01-12;1.45;4.29;7.12;2.62;3.505;3.2;80.6
1980-01-13;6.1;8.58;11.06;1.11;0.908;4.25;88.39
1980-01-14;4.45;6.05;7.65;0.0;1.783;4.11;88.5
1980-01-15;3.15;6.18;9.21;2.7;1.256;4.33;83.91
1980-01-16;3.54;7.76;11.98;6.59;1.261;5.42;91.69
1980-01-17;4.67;7.04;9.41;1.67;2.811;5.63;74.32
1980-01-18;4.65;6.34;8.03;1.24;3.502;6.49;63.43
1980-01-19;3.68;5.08;6.47;0.63;2.198;2.25;81.01
1980-01-20;0.12;2.58;5.04;0.0;5.148;3.59;70.58
1980-01-21;2.34;5.37;8.4;0.0;3.05;6.18;69.51
1980-01-22;-0.59;2.18;4.94;0.0;4.341;1.64;63.06
1980-01-23;-0.11;3.84;7.8;3.67;1.946;1.67;60.95
1980-01-24;4.48;7.1;9.71;0.0;3.917;4.07;80.34
1980-01-25;5.36;7.89;10.42;4.83;1.5;6.02;87.65
1980-01-26;1.55;4.69;7.82;1.08;2.582;5.7;55.22
1980-01-27;-0.61;2.0;4.61;0.0;3.345;5.47;57.21
1980-01-28;1.27;4.88;8.5;8.96;1.945;5.26;67.23
1980-01-29;1.4;3.75;6.09;2.75;1.375;6.48;82.07
1980-01-30;-3.25;-0.45;2.35;0.0;3.765;3.22;40.74
1980-01-31;-2.17;1.14;4.44;0.0;4.26;1.73;58.77
1980-02-01;4.41;6.77;9.13;2.39;2.898;4.77;85.18
1980-02-02;-1.84;2.4;6.64;0.0;4.791;0.69;59.14
1980-02-03;-3.71;0.01;3.73;0.0;4.46;0.45;55.92
1980-02-04;-2.14;0.6;3.35;0.0;6.104;2.05;46.08
1980-02-05;-1.21;2.0;5.22;0.0;2.9;1.74;60.68
1980-02-06;3.62;6.04;8.46;0.78;3.605;2.34;79.38
1980-02-07;5.04;7.11;9.17;0.34;2.507;2.65;79.27
1980-02-08;2.18;5.45;8.71;0.0;4.18;1.19;66.64
1980-02-09;-1.32;3.43;8.19;0.14;5.997;0.75;51.64
1980-02-10;-0.6;2.67;5.94;0.0;4.475;0.67;54.67
1980-02-11;-1.97;2.95;7.87;0.0;7.511;1.61;48.84
1980-02-12;-0.66;3.84;8.34;0.0;5.727;3.23;62.08
1980-02-13;7.32;9.13;10.93;18.58;2.354;8.09;80.75
1980-02-14;1.25;5.97;10.7;1.55;7.705;8.87;44.61
1980-02-15;0.97;2.41;3.85;2.27;2.349;6.02;63.22
1980-02-16;-1.34;0.19;1.72;1.81;6.604;6.11;55.13
1980-02-17;-2.12;1.69;5.49;0.0;5.252;3.52;52.52
1980-02-18;4.58;6.79;9.01;5.92;3.538;7.46;77.28
1980-02-19;-1.37;2.19;5.74;1.92;6.953;7.31;50.68
1980-02-20;0.79;2.29;3.78;1.09;3.171;5.65;62.89
1980-02-21;-3.34;-0.19;2.96;0.85;7.84;3.92;46.02
1980-02-22;-3.09;0.46;4.01;0.0;9.063;1.66;51.61
1980-02-23;-3.19;0.61;4.42;0.0;6.646;2.31;39.58
1980-02-24;-5.66;-2.83;0.01;0.0;9.374;5.31;33.1
1980-02-25;-0.15;1.34;2.84;0.0;4.692;5.05;56.17
1980-02-26;-0.68;1.52;3.73;0.36;7.04;3.98;41.27
1980-02-27;-0.37;1.63;3.63;2.28;7.203;3.14;63.26
1980-02-28;0.11;2.45;4.78;1.43;5.562;1.48;75.81
1980-02-29;0.0;0.0;0.0;0.0;0.0;0.0;0.0
1980-03-01;-0.49;2.65;5.78;1.56;5.066;2.79;63.43
1980-03-02;0.97;3.48;5.98;4.59;6.236;2.36;66.35
1980-03-03;5.16;6.66;8.15;5.61;3.223;1.29;78.44
1980-03-04;5.89;9.48;13.08;0.0;5.755;3.48;74.01
1980-03-05;7.12;11.38;15.65;0.0;8.151;3.84;54.39
1980-03-06;8.08;12.66;17.25;0.0;8.859;6.31;64.1
1980-03-07;5.76;9.97;14.19;2.83;5.006;6.49;65.3
1980-03-08;4.66;6.99;9.32;1.54;6.065;3.64;65.82
1980-03-09;3.02;6.18;9.35;0.0;7.072;4.17;62.88
1980-03-10;4.96;7.89;10.82;2.37;3.07;2.33;72.82
1980-03-11;7.79;10.38;12.97;1.22;10.158;4.27;56.25
1980-03-12;8.28;10.64;13.01;0.05;3.93;3.15;84.35
1980-03-13;4.88;12.38;19.89;0.0;14.154;2.42;44.48
1980-03-14;7.08;10.39;13.71;6.08;6.026;3.11;70.13
1980-03-15;2.42;8.21;14.0;0.46;13.294;4.14;42.46
1980-03-16;8.21;11.56;14.91;4.77;4.497;4.45;65.58
1980-03-17;4.7;8.98;13.27;0.0;13.169;2.19;50.2
1980-03-18;2.44;6.88;11.32;0.0;7.057;0.27;54.55
1980-03-19;0.94;8.04;15.15;0.0;13.61;2.89;34.82
1980-03-20;7.45;11.97;16.49;0.32;4.463;3.6;46.77
1980-03-21;9.46;12.89;16.33;0.0;5.581;2.06;62.27
1980-03-22;7.91;11.52;15.13;3.45;8.827;2.11;64.55
1980-03-23;7.91;8.38;8.84;4.33;7.061;4.68;71.35
1980-03-24;3.62;6.54;9.45;3.27;5.879;2.3;59.98
1980-03-25;2.3;7.63;12.95;0.0;13.097;2.7;47.3
1980-03-26;1.63;7.21;12.79;0.0;13.879;1.05;39.37
1980-03-27;-1.15;5.83;12.82;0.0;15.952;1.81;37.05
1980-03-28;0.59;7.4;14.21;0.0;13.738;3.03;43.48
1980-03-29;5.7;11.57;17.44;0.0;14.473;3.05;34.51
1980-03-30;3.55;10.66;17.76;0.0;17.645;3.14;29.62
1980-03-31;2.57;10.95;19.32;0.0;13.491;2.11;35.83
1980-04-01;5.74;11.2;16.65;2.1;10.726;1.89;54.14
1980-04-02;5.12;9.44;13.76;1.01;13.508;1.18;57.82
1980-04-03;6.71;9.51;12.3;5.66;8.582;1.8;56.01
1980-04-04;2.85;4.7;6.54;5.77;10.409;4.21;66.33
1980-04-05;2.61;5.89;9.17;0.0;12.626;4.76;45.17
1980-04-06;1.12;5.06;9.01;0.93;11.062;2.64;58.66
1980-04-07;4.63;10.71;16.8;0.0;17.023;2.22;39.07
1980-04-08;7.55;8.72;9.89;12.19;5.434;1.44;79.9
1980-04-09;7.59;9.63;11.68;4.7;8.065;0.65;73.0
1980-04-10;7.37;11.01;14.65;2.02;8.135;0.4;68.6
1980-04-11;6.98;12.14;17.3;1.46;12.619;1.12;49.52
1980-04-12;5.17;12.14;19.12;0.0;17.88;2.8;39.06
1980-04-13;6.98;13.66;20.34;0.0;18.024;4.19;34.81
1980-04-14;7.3;14.76;22.21;0.0;19.301;4.2;39.69
1980-04-15;9.98;13.31;16.64;5.94;4.801;2.16;56.16
1980-04-16;7.85;13.48;19.12;0.0;17.612;2.14;52.62
1980-04-17;6.91;12.99;19.07;0.0;15.425;0.45;53.36
1980-04-18;9.34;15.08;20.82;1.95;8.205;2.79;53.0
1980-04-19;10.27;15.77;21.27;1.95;14.175;2.14;56.44
1980-04-20;6.52;9.0;11.47;19.5;6.355;1.81;83.34
1980-04-21;6.26;11.64;17.01;0.0;12.796;1.32;52.03
1980-04-22;4.1;10.13;16.15;0.0;23.604;4.52;33.74
1980-04-23;1.11;7.15;13.2;0.0;15.12;3.3;39.13
1980-04-24;5.4;8.01;10.62;0.0;10.447;2.37;45.92
1980-04-25;2.68;6.48;10.28;0.0;10.74;1.99;45.09
1980-04-26;1.06;6.13;11.19;0.0;15.205;2.65;36.55
1980-04-27;5.38;6.67;7.95;2.02;10.052;1.62;62.23
1980-04-28;3.84;7.2;10.56;1.33;14.698;2.14;56.6
1980-04-29;2.17;8.18;14.2;0.0;8.757;2.0;47.36
1980-04-30;8.69;13.34;17.99;0.0;9.565;1.11;57.29
1980-05-01;8.78;15.49;22.2;0.1;14.014;0.8;50.67
1980-05-02;12.58;18.38;24.18;0.0;19.02;1.23;48.83
1980-05-03;12.56;19.39;26.21;0.0;23.391;1.7;44.75
1980-05-04;11.96;18.81;25.66;0.0;21.245;1.97;49.88
1980-05-05;10.82;17.39;23.97;0.0;25.123;3.53;41.26
1980-05-06;9.58;12.96;16.35;0.0;13.542;2.54;48.56
1980-05-07;5.26;10.1;14.94;0.5;19.035;2.08;42.39
1980-05-08;3.2;8.21;13.23;0.55;18.847;2.35;43.9
1980-05-09;5.4;11.31;17.22;0.0;23.796;2.75;35.12
1980-05-10;4.31;11.24;18.18;3.62;12.698;2.25;46.37
1980-05-11;9.12;11.77;14.41;6.56;7.14;0.88;69.36
1980-05-12;8.03;13.2;18.37;0.0;19.758;2.78;48.7
1980-05-13;5.38;10.67;15.96;0.0;20.006;2.86;35.89
1980-05-14;5.99;10.98;15.96;0.0;11.084;4.7;51.29
1980-05-15;9.6;14.35;19.1;0.0;17.495;4.49;44.47
1980-05-16;5.99;10.68;15.37;0.0;13.631;4.05;38.18
1980-05-17;3.96;8.94;13.92;2.43;12.042;1.63;50.5
1980-05-18;3.43;9.86;16.29;0.34;22.64;2.66;38.04
1980-05-19;8.09;12.33;16.57;0.0;11.35;3.28;53.52
1980-05-20;8.16;12.28;16.39;4.08;13.508;2.04;54.39
1980-05-21;5.73;7.75;9.77;9.49;9.413;3.55;84.37
1980-05-22;7.97;13.93;19.9;0.0;26.247;2.78;42.25
1980-05-23;6.82;12.31;17.8;5.28;14.624;4.03;45.05
1980-05-24;8.27;10.64;13.01;11.67;17.282;5.8;57.54
1980-05-25;10.5;12.81;15.12;4.47;16.633;5.01;51.81
1980-05-26;4.09;8.75;13.4;4.87;11.738;2.64;52.55
1980-05-27;3.43;9.51;15.59;0.0;18.98;3.1;42.05
1980-05-28;6.14;11.61;17.07;0.0;23.515;3.66;41.98
1980-05-29;6.4;9.19;11.97;8.22;15.352;2.02;64.08
1980-05-30;6.24;10.74;15.24;0.0;21.794;2.27;38.77
1980-05-31;5.98;11.46;16.94;7.25;8.139;3.96;62.64
1980-06-01;9.83;13.68;17.54;8.56;14.477;4.0;57.84
1980-06-02;7.54;12.51;17.48;0.0;22.154;2.19;42.81
1980-06-03;5.14;11.59;18.04;0.0;24.142;2.87;32.92
1980-06-04;5.28;12.04;18.81;0.0;21.96;2.87;35.54
1980-06-05;7.5;13.05;18.6;0.0;27.916;2.54;37.14
1980-06-06;6.84;13.77;20.7;0.0;30.119;1.93;41.38
1980-06-07;6.2;13.18;20.16;0.0;30.427;1.83;36.97
1980-06-08;8.87;12.57;16.28;4.52;11.432;3.27;60.28
1980-06-09;7.74;10.88;14.01;1.68;13.854;2.63;62.38
1980-06-10;7.29;10.24;13.2;3.26;13.438;3.09;68.96
1980-06-11;6.64;11.46;16.29;4.46;12.203;3.79;59.74
1980-06-12;9.9;13.39;16.88;3.68;20.718;4.66;56.68
1980-06-13;6.13;11.89;17.66;0.89;22.104;3.28;41.36
1980-06-14;6.54;11.1;15.65;1.02;14.101;0.29;47.64
1980-06-15;8.42;13.95;19.48;1.32;20.517;0.35;50.8
1980-06-16;9.26;15.41;21.56;0.0;19.907;0.97;43.37
1980-06-17;11.21;16.85;22.49;4.17;17.909;1.16;52.88
1980-06-18;14.45;19.69;24.93;0.6;20.885;2.2;43.38
1980-06-19;11.9;17.36;22.81;9.68;16.76;3.31;50.62
1980-06-20;7.99;12.46;16.93;10.1;13.56;3.58;59.56
1980-06-21;8.68;13.78;18.87;0.0;23.197;0.99;41.66
1980-06-22;9.91;15.52;21.12;0.0;23.052;1.5;47.84
1980-06-23;12.58;15.39;18.21;0.49;10.695;2.93;65.86
1980-06-24;13.3;16.84;20.39;0.0;11.029;3.23;55.11
1980-06-25;10.96;15.09;19.22;0.0;16.601;3.55;47.68
1980-06-26;11.45;16.6;21.75;0.0;23.185;2.81;47.47
1980-06-27;9.38;13.34;17.3;5.67;8.61;3.73;68.86
1980-06-28;9.92;13.93;17.94;0.0;20.051;2.9;45.47
1980-06-29;9.72;15.07;20.43;1.59;16.096;3.38;46.74
1980-06-30;12.35;16.55;20.75;1.35;18.492;3.37;50.2
1980-07-01;8.59;13.89;19.2;1.24;19.279;3.25;50.96
1980-07-02;7.35;10.87;14.39;7.91;14.731;2.81;62.6
1980-07-03;8.7;13.62;18.53;0.0;19.977;3.68;47.16
1980-07-04;9.73;13.54;17.34;6.67;11.911;3.37;53.24
1980-07-05;8.53;13.66;18.79;0.0;19.369;3.47;45.83
1980-07-06;10.41;13.52;16.63;6.4;16.868;4.64;53.58
1980-07-07;11.43;14.79;18.14;1.87;8.554;3.78;57.09
1980-07-08;12.54;16.55;20.55;0.0;12.873;2.53;54.31
1980-07-09;13.07;17.04;21.0;8.64;8.588;2.73;81.92
1980-07-10;11.42;16.95;22.47;3.94;12.138;2.24;67.4
1980-07-11;10.39;15.36;20.32;1.32;17.378;1.59;51.28
1980-07-12;8.41;15.14;21.87;3.96;14.032;1.52;47.26
1980-07-13;10.4;14.89;19.37;4.95;21.846;2.93;50.25
1980-07-14;10.78;15.43;20.08;2.0;19.816;3.78;48.0
1980-07-15;11.67;16.68;21.69;0.0;21.05;2.52;47.87
1980-07-16;11.13;18.17;25.21;0.0;26.639;1.6;42.91
1980-07-17;12.98;19.51;26.03;0.0;26.988;3.19;41.57
1980-07-18;14.29;21.2;28.1;0.0;22.095;3.39;37.87
1980-07-19;13.92;20.85;27.78;0.0;24.597;2.09;50.01
1980-07-20;14.21;20.55;26.89;0.0;25.18;0.4;41.01
1980-07-21;15.7;24.33;32.96;0.0;22.563;2.53;36.56
1980-07-22;16.52;22.81;29.1;0.0;22.48;1.68;46.48
1980-07-23;12.29;18.89;25.5;0.0;18.743;2.42;50.27
1980-07-24;11.99;17.21;22.44;0.0;19.651;2.81;44.59
1980-07-25;10.83;16.18;21.52;0.0;16.223;2.83;45.35
1980-07-26;9.52;16.11;22.7;0.0;21.027;1.16;42.33
1980-07-27;12.99;20.08;27.17;0.0;24.341;1.59;38.17
1980-07-28;10.44;17.18;23.93;0.24;18.593;3.55;47.54
1980-07-29;9.17;17.18;25.19;1.91;22.981;1.21;33.91
1980-07-30;14.15;20.95;27.74;2.89;16.76;1.8;52.75
1980-07-31;12.65;19.11;25.57;0.0;21.785;0.55;41.0
1980-08-01;12.6;19.59;26.59;0.0;22.239;1.6;34.65
1980-08-02;12.58;20.32;28.05;0.0;21.942;1.4;37.29
1980-08-03;12.57;22.02;31.48;0.0;22.963;0.87;38.88
1980-08-04;14.54;22.09;29.64;0.0;25.524;1.46;36.04
1980-08-05;13.68;21.07;28.46;0.66;22.506;2.12;45.73
1980-08-06;12.01;18.17;24.33;0.0;22.945;2.31;34.72
1980-08-07;12.16;18.57;24.99;0.0;22.927;2.72;31.83
1980-08-08;11.79;19.75;27.72;0.0;23.879;1.89;30.48
1980-08-09;11.69;19.03;26.37;0.0;22.039;0.96;33.77
1980-08-10;10.93;19.36;27.79;0.0;24.937;2.95;33.45
1980-08-11;13.62;18.18;22.75;0.0;19.227;3.9;43.16
1980-08-12;13.7;20.0;26.31;0.0;14.964;2.65;36.9
1980-08-13;15.5;18.59;21.67;3.11;10.079;3.7;68.92
1980-08-14;15.84;20.02;24.2;2.53;9.034;3.82;53.78
1980-08-15;15.29;21.87;28.45;0.0;20.908;1.7;37.41
1980-08-16;13.58;21.81;30.04;1.21;20.752;1.7;30.29
1980-08-17;17.08;22.83;28.58;0.0;22.663;2.88;30.5
1980-08-18;12.28;17.91;23.55;0.0;21.565;3.17;34.07
1980-08-19;6.59;13.77;20.95;0.44;19.943;3.11;31.81
1980-08-20;7.82;15.12;22.41;0.0;20.39;2.62;29.34
1980-08-21;7.88;14.66;21.44;0.0;18.076;2.1;33.98
1980-08-22;7.04;14.08;21.13;0.0;18.541;1.8;30.65
1980-08-23;7.3;14.36;21.42;0.0;18.038;1.9;29.67
1980-08-24;7.16;14.27;21.38;0.0;19.869;2.5;29.87
1980-08-25;7.55;14.79;22.04;0.34;17.016;2.54;29.45
1980-08-26;9.68;16.99;24.31;0.0;19.378;2.49;28.41
1980-08-27;11.15;18.93;26.72;0.0;21.104;3.0;28.84
1980-08-28;10.88;18.39;25.9;0.49;20.615;3.91;21.11
1980-08-29;13.02;18.66;24.31;0.0;20.55;3.97;30.43
1980-08-30;8.76;13.89;19.01;0.24;15.551;3.51;36.14
1980-08-31;5.66;12.97;20.28;1.64;19.361;2.59;21.49
1980-09-01;4.3;12.3;20.31;1.14;18.623;2.49;21.75
1980-09-02;8.03;15.61;23.19;0.0;18.736;2.99;30.24
1980-09-03;12.42;18.34;24.26;0.42;11.972;3.82;34.15
1980-09-04;10.62;17.09;23.55;0.0;18.633;2.88;30.88
1980-09-05;8.35;15.79;23.22;0.0;12.792;1.4;33.9
1980-09-06;14.6;20.35;26.1;0.0;13.267;2.48;45.2
1980-09-07;15.5;21.55;27.59;1.9;18.617;4.02;37.46
1980-09-08;10.09;16.55;23.02;0.0;12.201;2.89;43.91
1980-09-09;11.35;17.59;23.83;11.95;16.235;4.57;37.12
1980-09-10;10.95;16.12;21.28;0.0;11.772;4.35;47.17
1980-09-11;9.45;15.2;20.95;0.0;14.202;2.38;30.83
1980-09-12;9.08;14.99;20.9;11.28;16.097;2.33;40.9
1980-09-13;10.94;14.5;18.07;3.89;14.922;2.98;44.04
1980-09-14;8.75;12.41;16.07;4.88;7.853;4.52;56.44
1980-09-15;8.02;12.42;16.83;0.0;10.74;4.56;36.02
1980-09-16;8.36;13.29;18.21;3.6;13.027;3.0;40.73
1980-09-17;6.6;9.55;12.5;54.84;7.101;6.3;84.9
1980-09-18;9.21;14.2;19.18;3.39;6.749;6.07;50.92
1980-09-19;8.81;13.2;17.59;1.17;11.193;4.54;43.21
1980-09-20;11.66;14.25;16.84;2.55;6.243;5.39;81.54
1980-09-21;8.77;13.4;18.04;1.05;6.035;3.47;63.69
1980-09-22;8.32;12.82;17.33;0.0;9.301;2.09;45.16
1980-09-23;7.7;13.17;18.65;0.0;14.43;3.18;47.45
1980-09-24;9.7;14.52;19.34;0.0;8.566;2.29;50.44
1980-09-25;10.17;15.14;20.12;0.0;14.57;2.59;46.11
1980-09-26;11.1;16.73;22.36;0.0;12.768;2.59;49.54
1980-09-27;13.37;18.79;24.21;0.0;12.482;3.29;45.3
1980-09-28;8.1;13.84;19.58;1.89;11.262;1.09;62.28
1980-09-29;7.95;14.53;21.11;0.0;14.392;2.48;43.27
1980-09-30;10.41;15.0;19.59;0.0;10.315;1.7;55.03
1980-10-01;9.88;16.31;22.74;0.78;13.567;3.17;37.0
1980-10-02;11.8;16.35;20.9;0.44;6.126;4.21;57.49
1980-10-03;11.23;16.73;22.23;4.51;7.271;3.46;52.42
1980-10-04;6.35;11.04;15.72;0.0;7.195;3.23;64.0
1980-10-05;6.05;10.97;15.9;0.0;5.745;3.62;55.41
1980-10-06;12.32;13.81;15.3;1.85;3.37;3.54;79.73
1980-10-07;11.89;14.87;17.85;0.0;9.574;1.56;61.84
1980-10-08;11.36;16.7;22.03;0.0;11.801;2.87;48.83
1980-10-09;12.65;17.81;22.97;1.02;9.593;3.21;52.91
1980-10-10;12.16;13.94;15.72;4.54;2.118;1.74;83.61
1980-10-11;12.2;14.9;17.61;7.67;6.589;3.62;80.6
1980-10-12;10.63;13.78;16.92;2.49;9.596;1.72;72.24
1980-10-13;9.89;13.7;17.5;0.0;5.028;3.24;62.84
1980-10-14;9.51;11.41;13.31;12.51;6.524;5.16;82.29
1980-10-15;4.75;8.61;12.47;0.0;6.669;3.28;45.73
1980-10-16;5.68;11.03;16.37;0.8;2.828;5.25;47.8
1980-10-17;9.78;12.48;15.19;15.92;1.966;6.62;86.71
1980-10-18;5.82;8.23;10.64;1.65;6.655;5.6;62.11
1980-10-19;7.03;9.63;12.24;2.07;2.573;6.3;84.24
1980-10-20;6.49;9.59;12.68;10.57;4.797;8.1;61.5
1980-10-21;4.44;6.31;8.18;4.21;5.548;5.17;73.24
1980-10-22;7.15;8.91;10.67;12.1;3.373;4.82;88.82
1980-10-23;2.26;5.46;8.65;6.67;4.733;4.21;66.85
1980-10-24;4.44;5.38;6.32;7.11;4.654;4.26;79.63
1980-10-25;2.38;5.82;9.26;0.0;7.045;1.89;63.14
1980-10-26;1.0;4.73;8.46;7.0;5.622;4.01;87.31
1980-10-27;-0.48;2.68;5.85;2.47;2.79;2.4;77.6
1980-10-28;4.69;7.54;10.38;0.0;4.718;1.11;67.53
1980-10-29;2.47;6.4;10.33;6.53;4.624;4.31;65.43
1980-10-30;2.98;5.17;7.35;2.81;4.768;4.52;69.55
1980-10-31;2.74;5.73;8.71;0.0;5.586;4.21;53.33
1980-11-01;4.15;6.44;8.73;2.13;3.108;4.34;73.48
1980-11-02;0.93;5.98;11.03;0.0;7.408;2.92;55.41
1980-11-03;-0.24;5.83;11.9;0.0;8.656;4.01;37.06
1980-11-04;5.71;8.99;12.28;0.0;4.495;2.25;83.3
1980-11-05;0.33;5.21;10.08;0.0;5.851;2.12;55.93
1980-11-06;-2.28;3.43;9.14;0.0;5.696;1.63;48.22
1980-11-07;1.22;5.62;10.01;0.0;3.446;2.39;67.37
1980-11-08;-2.5;3.02;8.54;0.0;5.594;1.68;49.4
1980-11-09;0.0;4.14;8.29;0.0;2.945;0.95;62.42
1980-11-10;0.39;4.7;9.01;2.79;3.82;3.79;75.87
1980-11-11;4.78;7.71;10.65;6.28;2.212;2.07;90.27
1980-11-12;-0.31;3.1;6.51;0.0;4.399;0.65;63.66
1980-11-13;1.28;3.9;6.52;0.39;3.993;0.93;78.15
1980-11-14;-0.21;2.84;5.89;4.07;2.731;3.06;76.9
1980-11-15;2.54;5.4;8.27;0.0;3.502;2.03;79.67
1980-11-16;0.02;3.59;7.16;0.0;5.09;1.51;66.27
1980-11-17;2.88;4.82;6.77;0.0;2.75;0.63;81.31
1980-11-18;0.49;2.89;5.28;0.56;4.009;1.46;79.7
1980-11-19;1.71;4.71;7.71;0.66;2.068;1.67;73.22
1980-11-20;2.99;6.15;9.31;0.22;3.295;1.65;67.62
1980-11-21;8.26;10.34;12.42;2.98;2.913;3.73;85.89
1980-11-22;7.36;10.39;13.43;0.66;2.494;4.05;86.43
1980-11-23;-0.49;3.61;7.72;0.0;2.529;1.96;84.67
1980-11-24;-0.92;1.39;3.7;0.39;2.953;0.92;78.08
1980-11-25;-2.89;-0.25;2.4;0.0;4.136;1.97;64.46
1980-11-26;0.71;1.84;2.98;0.0;0.986;1.52;73.58
1980-11-27;-1.48;1.61;4.7;0.0;4.742;1.96;47.1
1980-11-28;-2.89;0.58;4.05;0.21;4.104;1.81;54.45
1980-11-29;0.45;4.3;8.16;0.0;3.96;1.78;71.66
1980-11-30;7.13;7.82;8.51;2.95;1.417;1.07;88.95
1980-12-01;-1.88;3.59;9.05;1.95;1.981;0.59;91.87
1980-12-02;-0.81;1.62;4.06;0.79;2.821;0.69;77.89
1980-12-03;0.66;4.67;8.69;0.34;2.521;1.37;75.67
1980-12-04;2.01;4.75;7.5;7.95;1.383;3.44;89.5
1980-12-05;0.06;3.6;7.15;0.0;3.11;1.92;67.41
1980-12-06;-1.19;1.41;4.0;0.0;4.194;3.23;54.48
1980-12-07;6.03;7.59;9.15;4.84;1.2;5.14;84.84
1980-12-08;3.72;5.7;7.67;0.0;2.538;4.34;87.61
1980-12-09;3.04;6.01;8.97;10.03;1.051;5.76;87.61
1980-12-10;8.77;9.78;10.79;0.47;3.297;6.38;78.6
1980-12-11;5.88;7.98;10.09;1.09;1.323;5.35;83.35
1980-12-12;3.28;5.89;8.51;0.0;2.486;3.46;81.28
1980-12-13;2.46;5.66;8.87;0.0;2.834;3.0;65.77
1980-12-14;7.87;10.45;13.03;1.2;2.238;5.18;79.88
1980-12-15;3.04;6.01;8.98;0.0;3.498;3.93;81.38
1980-12-16;4.12;6.39;8.67;10.37;0.765;3.92;90.46
1980-12-17;4.3;6.7;9.09;11.84;1.15;3.56;90.64
1980-12-18;7.07;9.22;11.37;2.38;0.879;6.39;81.37
1980-12-19;-3.17;-0.38;2.42;0.81;3.124;2.08;61.16
1980-12-20;-4.5;-1.8;0.89;0.3;2.849;3.33;70.31
1980-12-21;-3.93;-1.52;0.9;0.0;1.814;2.75;76.9
1980-12-22;-2.57;-0.33;1.9;1.1;2.336;3.03;79.43
1980-12-23;1.87;5.64;9.42;8.2;1.07;5.82;87.13
1980-12-24;3.18;6.95;10.72;7.86;1.399;5.73;84.03
1980-12-25;1.3;3.87;6.44;0.0;2.711;5.88;57.78
1980-12-26;-2.98;0.03;3.05;0.0;2.541;2.43;55.99
1980-12-27;4.07;6.67;9.27;1.2;2.893;5.81;80.14
1980-12-28;3.06;5.27;7.48;0.0;1.615;4.22;65.62
1980-12-29;4.51;8.26;12.01;9.3;0.819;5.65;84.83
1980-12-30;2.47;5.6;8.72;0.0;3.227;4.62;79.49
1980-12-31;-2.33;0.4;3.12;0.0;3.024;2.22;69.38
1981-01-01;-5.35;-2.07;1.2;0.0;3.508;2.31;49.57
1981-01-02;2.31;4.46;6.61;2.99;1.588;4.02;77.66
1981-01-03;4.5;8.75;12.99;5.66;2.255;7.0;74.9
1981-01-04;4.31;5.51;6.72;2.9;1.156;6.43;74.83
1981-01-05;-2.4;-1.08;0.24;0.0;3.591;5.24;35.29
1981-01-06;1.97;5.53;9.09;5.21;1.796;6.68;78.14
1981-01-07;8.26;8.48;8.7;3.18;1.064;7.61;70.52
1981-01-08;1.78;4.13;6.47;0.0;3.499;5.72;72.59
1981-01-09;2.57;3.78;4.98;0.0;2.253;5.01;77.16
1981-01-10;-3.28;-0.15;2.97;1.02;3.76;3.43;47.48
1981-01-11;4.49;7.23;9.96;2.5;3.885;5.64;79.53
1981-01-12;4.28;7.01;9.74;11.31;1.988;5.3;83.95
1981-01-13;-0.84;1.56;3.95;0.0;3.034;4.19;63.25
1981-01-14;-0.33;2.71;5.75;0.28;2.405;3.98;80.52
1981-01-15;-4.29;-0.6;3.09;0.0;4.067;1.41;62.45
1981-01-16;-4.53;-2.38;-0.22;0.0;4.545;1.42;29.42
1981-01-17;-4.43;-0.58;3.26;0.0;4.207;3.69;34.82
1981-01-18;0.48;0.78;1.08;3.69;1.146;2.17;80.63
1981-01-19;1.2;4.2;7.19;5.95;1.258;3.64;81.81
1981-01-20;1.99;6.44;10.88;8.56;1.115;4.52;91.7
1981-01-21;1.92;4.04;6.17;0.0;4.034;4.12;82.49
1981-01-22;0.75;3.71;6.67;4.76;3.226;4.63;70.9
1981-01-23;2.84;5.39;7.94;2.5;4.43;5.53;66.51
1981-01-24;6.35;8.05;9.76;5.91;4.336;6.62;82.95
1981-01-25;9.12;10.91;12.7;3.01;2.827;7.27;76.11
1981-01-26;3.87;6.67;9.47;4.79;3.529;5.12;70.45
1981-01-27;1.42;4.92;8.41;0.0;5.337;3.98;52.35
1981-01-28;10.07;11.71;13.34;0.0;1.586;6.64;65.54
1981-01-29;3.9;8.47;13.04;0.0;4.337;6.84;67.44
1981-01-30;2.65;5.71;8.77;0.0;6.534;3.88;43.03
1981-01-31;5.4;8.46;11.51;0.0;6.557;4.44;62.64
1981-02-01;7.11;10.53;13.94;1.75;1.581;8.83;59.44
1981-02-02;4.73;7.15;9.57;2.76;4.077;8.24;65.53
1981-02-03;0.62;5.23;9.85;0.0;7.258;4.65;49.92
1981-02-04;6.63;8.55;10.48;0.0;4.951;6.11;56.46
1981-02-05;4.47;6.49;8.52;1.82;3.493;6.87;83.41
1981-02-06;-2.1;2.31;6.72;0.0;6.228;2.84;40.24
1981-02-07;-5.27;-2.54;0.18;0.32;6.105;3.77;35.97
1981-02-08;-6.36;-2.97;0.42;0.0;5.62;1.59;30.22
1981-02-09;-8.28;-4.04;0.2;0.79;6.141;1.36;31.61
1981-02-10;-5.69;-1.86;1.98;0.0;5.337;0.82;36.27
1981-02-11;-3.11;0.99;5.09;0.0;6.118;2.34;43.02
1981-02-12;-3.12;0.46;4.04;0.0;6.807;3.18;36.98
1981-02-13;-2.93;0.88;4.69;0.0;5.708;4.01;55.15
1981-02-14;1.8;4.32;6.83;5.86;3.171;6.84;81.61
1981-02-15;3.81;5.64;7.47;0.0;5.498;5.5;62.69
1981-02-16;2.54;4.78;7.01;7.08;6.295;5.93;66.92
1981-02-17;2.0;4.51;7.02;5.2;5.777;7.31;63.29
1981-02-18;1.27;2.72;4.17;2.84;2.525;6.05;59.17
1981-02-19;-1.13;0.73;2.59;2.14;4.562;5.8;56.77
1981-02-20;-4.84;-1.56;1.72;0.0;9.503;5.87;47.06
1981-02-21;-3.71;-0.01;3.68;0.77;8.002;2.95;59.29
1981-02-22;1.52;4.32;7.11;0.0;6.097;3.88;68.69
1981-02-23;4.65;8.17;11.69;1.61;8.877;5.85;56.75
1981-02-24;3.98;6.13;8.27;0.0;9.488;1.57;66.85
1981-02-25;4.99;8.88;12.77;0.0;3.111;5.85;73.45
1981-02-26;3.73;7.92;12.12;0.0;9.207;4.28;62.96
1981-02-27;3.86;7.25;10.65;0.0;7.184;4.18;58.85
1981-02-28;5.61;10.18;14.75;0.0;9.926;6.25;56.9
1981-03-01;4.04;7.18;10.31;4.55;6.165;6.15;68.0
1981-03-02;3.67;6.79;9.92;0.99;6.866;4.9;47.66
1981-03-03;3.51;5.29;7.08;6.23;5.354;7.33;63.72
1981-03-04;3.28;5.18;7.09;3.85;7.719;7.15;71.51
1981-03-05;0.59;3.77;6.94;1.72;8.032;5.65;56.26
1981-03-06;0.84;3.4;5.95;0.33;8.224;4.62;31.19
1981-03-07;-0.88;3.03;6.94;0.0;6.884;2.92;42.15
1981-03-08;2.33;6.83;11.33;0.0;13.048;2.9;35.28
1981-03-09;4.64;8.1;11.55;0.0;5.41;4.2;63.2
1981-03-10;4.67;9.54;14.4;9.2;10.15;6.15;64.14
1981-03-11;2.78;7.99;13.2;0.0;11.863;5.68;39.26
1981-03-12;3.52;7.89;12.27;0.0;7.563;3.57;42.17
1981-03-13;4.7;9.7;14.69;0.96;5.929;6.17;48.49
1981-03-14;5.22;9.19;13.16;3.39;8.845;7.12;51.89
1981-03-15;4.69;8.02;11.34;1.19;6.307;5.75;45.79
1981-03-16;6.76;10.48;14.21;0.41;6.875;3.15;55.36
1981-03-17;7.09;9.25;11.42;2.46;7.589;7.44;73.61
1981-03-18;2.46;8.6;14.73;0.0;12.803;4.05;33.11
1981-03-19;7.76;9.87;11.97;6.31;9.616;6.4;64.02
1981-03-20;6.9;9.66;12.41;4.14;6.703;6.47;65.76
1981-03-21;7.86;10.13;12.4;3.24;7.636;6.25;68.06
1981-03-22;6.54;8.91;11.29;2.3;9.544;5.98;51.14
1981-03-23;6.05;8.1;10.14;0.0;6.647;4.41;62.98
1981-03-24;2.04;7.72;13.41;0.0;10.543;1.98;45.33
1981-03-25;2.21;8.69;15.16;0.0;15.187;1.16;30.92
1981-03-26;2.44;7.97;13.51;0.87;11.825;1.86;49.47
1981-03-27;1.97;7.01;12.05;0.0;13.441;3.14;39.71
1981-03-28;0.15;5.77;11.39;0.64;4.228;1.57;52.5
1981-03-29;-1.32;6.0;13.32;0.0;14.788;2.5;46.87
1981-03-30;3.38;7.36;11.34;5.57;5.17;3.84;66.13
1981-03-31;5.37;6.87;8.37;7.28;9.895;4.97;63.73
1981-04-01;2.55;4.65;6.76;6.41;10.553;3.47;63.92
1981-04-02;1.88;6.86;11.83;0.0;10.884;4.23;41.14
1981-04-03;2.79;5.93;9.06;1.94;6.784;5.0;57.19
1981-04-04;2.07;6.4;10.73;0.0;11.902;4.57;51.55
1981-04-05;1.52;4.05;6.58;5.62;6.587;3.85;64.27
1981-04-06;-0.13;4.18;8.49;2.09;3.932;3.44;67.57
1981-04-07;-1.92;4.67;11.26;0.0;16.11;2.32;33.4
1981-04-08;2.57;5.34;8.11;8.76;4.652;1.7;69.96
1981-04-09;2.85;6.0;9.15;0.0;17.937;3.44;37.06
1981-04-10;2.61;6.71;10.81;0.0;11.368;2.55;36.03
1981-04-11;0.4;7.17;13.93;8.15;10.746;4.95;37.73
1981-04-12;1.72;7.41;13.1;0.0;18.579;3.47;46.15
1981-04-13;-0.18;5.59;11.37;0.0;18.986;0.73;32.8
1981-04-14;1.48;8.84;16.19;0.0;21.5;2.1;23.32
1981-04-15;1.05;5.81;10.56;0.73;6.844;1.27;48.27
1981-04-16;-0.44;6.6;13.64;1.65;6.856;1.48;55.9
1981-04-17;7.47;9.57;11.68;5.74;4.671;3.9;75.57
1981-04-18;7.37;12.07;16.76;0.26;17.281;5.05;48.15
1981-04-19;6.46;13.88;21.29;0.0;16.489;3.39;43.96
1981-04-20;11.63;16.07;20.5;0.0;20.085;4.59;46.98
1981-04-21;11.72;16.91;22.09;0.0;19.028;4.01;35.26
1981-04-22;8.0;13.98;19.96;0.0;18.511;2.31;42.55
1981-04-23;5.25;8.17;11.09;0.39;16.244;4.62;38.93
1981-04-24;2.28;6.42;10.56;0.0;13.452;2.32;37.31
1981-04-25;3.42;10.89;18.37;0.0;18.484;2.52;30.21
1981-04-26;8.06;14.66;21.25;4.4;15.729;4.01;39.0
1981-04-27;6.56;12.32;18.09;0.0;14.374;5.0;55.85
1981-04-28;3.87;8.74;13.61;0.29;14.513;5.3;51.15
1981-04-29;8.02;11.02;14.03;1.99;10.848;4.84;54.28
1981-04-30;6.26;9.71;13.15;4.59;16.032;4.52;66.61
1981-05-01;6.53;10.5;14.46;0.0;12.402;6.39;37.51
1981-05-02;4.91;9.77;14.63;4.78;13.602;6.63;53.21
1981-05-03;6.52;9.43;12.33;6.01;16.027;4.31;60.52
1981-05-04;7.68;11.2;14.72;0.0;18.022;6.39;46.69
1981-05-05;6.44;10.36;14.27;1.59;18.006;3.41;41.32
1981-05-06;3.46;7.44;11.42;4.21;10.279;4.12;46.86
1981-05-07;3.12;8.19;13.26;0.28;18.528;4.01;42.84
1981-05-08;4.62;10.48;16.34;0.28;7.823;2.91;51.85
1981-05-09;8.73;15.62;22.51;0.0;13.865;2.06;50.06
1981-05-10;8.5;15.0;21.5;0.0;25.551;0.61;35.62
1981-05-11;6.55;14.98;23.41;0.3;26.196;0.81;39.63
1981-05-12;10.85;18.86;26.87;0.17;23.65;2.59;34.69
1981-05-13;10.4;13.68;16.95;5.61;13.533;1.94;68.24
1981-05-14;7.29;11.64;15.99;0.0;9.151;2.97;53.13
1981-05-15;4.45;10.24;16.04;0.0;23.37;2.55;30.36
1981-05-16;6.61;13.88;21.16;0.0;27.956;1.19;28.91
1981-05-17;10.21;18.0;25.79;1.85;22.529;2.28;28.8
1981-05-18;12.22;16.48;20.73;0.0;17.278;2.78;59.87
1981-05-19;9.05;14.39;19.73;0.0;11.477;3.24;53.25
1981-05-20;9.77;13.67;17.57;3.37;9.196;1.94;58.22
1981-05-21;8.67;13.63;18.58;0.0;14.133;2.48;55.36
1981-05-22;7.5;11.53;15.56;2.61;15.333;2.55;49.17
1981-05-23;4.27;8.59;12.9;3.39;12.336;2.86;52.58
1981-05-24;3.35;7.04;10.74;4.92;14.124;4.03;58.15
1981-05-25;4.7;10.31;15.93;2.14;18.263;3.32;42.58
1981-05-26;5.61;9.36;13.1;2.17;17.296;3.1;60.25
1981-05-27;6.76;13.36;19.97;0.0;18.986;2.06;42.15
1981-05-28;9.48;17.07;24.66;0.0;29.73;2.85;37.78
1981-05-29;11.43;18.7;25.96;1.7;22.801;3.11;34.76
1981-05-30;9.79;16.39;22.99;0.0;26.096;1.62;43.84
1981-05-31;12.58;17.33;22.08;0.0;12.867;3.96;40.55
1981-06-01;10.6;16.0;21.39;0.0;16.705;3.75;42.69
1981-06-02;9.29;14.63;19.97;0.0;23.111;3.9;52.44
1981-06-03;8.92;13.94;18.96;0.0;21.443;3.1;41.12
1981-06-04;10.68;14.47;18.27;1.34;12.716;3.96;41.36
1981-06-05;9.44;12.68;15.91;4.88;18.157;4.03;47.5
1981-06-06;8.82;12.46;16.09;0.88;17.402;4.35;38.33
1981-06-07;9.56;14.25;18.95;1.21;8.427;4.19;47.52
1981-06-08;11.05;14.97;18.89;1.37;17.322;4.24;47.49
1981-06-09;11.04;14.66;18.28;0.56;18.096;4.42;43.34
1981-06-10;9.74;16.25;22.75;2.34;21.443;3.78;37.75
1981-06-11;9.18;12.86;16.53;5.14;20.073;5.12;47.97
1981-06-12;9.91;12.68;15.44;3.62;12.633;4.88;63.26
1981-06-13;7.15;11.62;16.09;5.39;12.491;2.25;65.66
1981-06-14;7.25;12.41;17.57;3.97;14.38;3.39;59.24
1981-06-15;9.51;14.07;18.64;0.0;16.397;2.14;47.66
1981-06-16;8.93;14.22;19.52;1.82;15.682;2.14;50.54
1981-06-17;9.57;12.87;16.17;1.5;17.474;2.94;59.82
1981-06-18;9.74;14.88;20.02;0.0;18.801;2.64;51.1
1981-06-19;11.5;14.71;17.93;0.0;17.455;2.84;51.35
1981-06-20;11.21;14.3;17.4;2.46;13.581;1.72;60.99
1981-06-21;10.81;14.22;17.63;3.99;12.496;1.5;65.94
1981-06-22;11.52;16.38;21.23;0.0;24.074;2.73;45.82
1981-06-23;11.21;17.83;24.44;0.0;22.779;4.19;40.37
1981-06-24;14.34;17.81;21.28;0.49;8.379;5.06;66.98
1981-06-25;10.68;17.35;24.02;0.89;28.395;3.32;46.77
1981-06-26;8.16;13.93;19.7;4.89;18.053;3.44;47.16
1981-06-27;9.69;12.28;14.87;5.92;16.85;3.79;59.39
1981-06-28;9.63;13.47;17.31;0.0;9.457;4.15;49.36
1981-06-29;11.66;13.78;15.9;9.51;17.177;5.28;49.81
1981-06-30;10.78;14.5;18.23;1.82;9.763;4.99;44.49
1981-07-01;10.05;14.61;19.16;0.0;18.91;2.56;39.73
1981-07-02;12.81;19.05;25.28;0.0;17.62;1.2;41.89
1981-07-03;11.68;18.88;26.07;0.0;23.175;0.64;41.98
1981-07-04;14.2;19.8;25.4;4.13;12.055;1.61;61.3
1981-07-05;12.38;17.0;21.62;0.0;20.572;2.61;48.75
1981-07-06;11.02;16.1;21.18;0.0;23.507;2.91;42.78
1981-07-07;11.4;16.77;22.13;0.0;21.306;2.52;42.91
1981-07-08;13.24;18.23;23.23;0.0;20.212;2.03;40.37
1981-07-09;15.24;19.3;23.36;1.35;11.759;2.23;47.39
1981-07-10;15.54;19.79;24.03;4.0;13.353;1.8;54.05
1981-07-11;13.87;20.76;27.65;0.0;21.284;1.15;52.08
1981-07-12;13.28;20.29;27.31;0.0;22.007;1.6;45.9
1981-07-13;14.19;19.29;24.39;0.0;17.35;0.52;49.33
1981-07-14;11.96;17.33;22.69;3.46;21.169;3.06;45.7
1981-07-15;10.25;14.82;19.39;0.0;14.675;3.62;47.6
1981-07-16;11.49;15.77;20.04;1.18;12.92;4.14;37.8
1981-07-17;12.89;16.31;19.73;0.3;9.23;3.1;45.45
1981-07-18;10.98;14.29;17.6;1.35;17.099;3.0;39.0
1981-07-19;10.42;13.85;17.28;7.56;16.22;3.67;43.43
1981-07-20;9.98;15.09;20.19;13.64;16.368;4.23;56.1
1981-07-21;9.05;15.51;21.96;6.7;8.459;4.13;59.56
1981-07-22;13.48;17.64;21.8;2.22;19.193;3.96;48.09
1981-07-23;9.95;13.06;16.17;5.45;17.801;5.75;46.96
1981-07-24;8.71;13.5;18.28;0.0;20.018;3.49;40.22
1981-07-25;9.01;14.9;20.79;0.0;23.237;2.62;36.38
1981-07-26;9.51;12.61;15.71;1.36;8.633;2.91;70.61
1981-07-27;11.03;15.75;20.46;0.0;22.454;3.1;51.51
1981-07-28;10.4;13.14;15.89;3.86;9.124;3.56;59.86
1981-07-29;8.48;12.73;16.98;1.89;20.955;3.94;40.34
1981-07-30;8.48;15.75;23.02;0.0;11.941;4.88;43.93
1981-07-31;15.14;18.71;22.29;0.0;13.611;4.08;44.42
1981-08-01;14.29;20.21;26.14;0.0;14.57;2.41;43.97
1981-08-02;13.29;20.1;26.91;0.0;21.03;1.19;45.77
1981-08-03;12.57;19.45;26.32;0.0;22.283;1.29;38.67
1981-08-04;12.05;19.36;26.67;0.92;13.621;1.79;43.92
1981-08-05;11.17;16.73;22.29;2.25;7.311;1.77;54.88
1981-08-06;8.5;15.6;22.7;0.0;21.888;2.11;33.26
1981-08-07;8.49;14.82;21.16;0.0;23.401;2.77;34.68
1981-08-08;12.1;18.32;24.53;0.0;22.442;2.89;33.35
1981-08-09;12.58;18.61;24.65;0.0;22.866;2.85;36.8
1981-08-10;12.48;21.05;29.61;0.0;26.73;3.9;30.68
1981-08-11;16.32;22.36;28.4;2.12;20.358;2.56;34.1
1981-08-12;15.56;22.98;30.4;0.52;25.171;1.8;35.9
1981-08-13;13.02;19.96;26.9;0.0;20.098;2.08;45.74
1981-08-14;12.01;19.41;26.81;0.0;20.756;1.59;35.66
1981-08-15;13.69;21.18;28.67;0.0;24.021;1.92;33.69
1981-08-16;17.12;23.48;29.85;1.56;16.523;1.38;39.92
1981-08-17;18.37;25.35;32.33;1.95;18.002;0.52;31.9
1981-08-18;16.78;22.73;28.67;5.14;19.213;1.88;44.82
1981-08-19;13.05;18.34;23.62;0.27;15.377;1.84;47.47
1981-08-20;12.43;20.11;27.79;0.0;16.466;1.71;36.65
1981-08-21;16.64;20.86;25.08;3.03;19.674;2.2;40.69
1981-08-22;10.62;16.19;21.76;14.27;15.546;2.9;46.28
1981-08-23;7.75;14.35;20.94;0.0;16.576;0.86;36.23
1981-08-24;7.85;13.41;18.97;0.0;16.081;1.88;45.82
1981-08-25;7.69;13.18;18.66;0.0;15.403;2.36;40.54
1981-08-26;11.72;14.16;16.6;13.49;11.777;4.22;54.78
1981-08-27;11.75;15.41;19.08;1.17;14.971;3.63;52.72
1981-08-28;12.74;16.27;19.81;1.93;10.81;2.72;62.46
1981-08-29;13.79;17.09;20.38;1.18;11.191;1.86;62.25
1981-08-30;12.81;17.82;22.83;0.0;9.769;0.34;45.9
1981-08-31;10.79;16.97;23.15;0.42;14.628;3.51;38.14
1981-09-01;13.66;15.82;17.99;13.42;10.56;4.49;59.84
1981-09-02;10.73;13.27;15.8;3.15;10.727;5.32;61.66
1981-09-03;9.32;12.86;16.39;13.69;10.693;2.88;70.03
1981-09-04;9.85;14.42;18.99;0.0;11.415;2.69;42.22
1981-09-05;11.58;14.09;16.6;13.68;4.106;3.51;77.84
1981-09-06;10.05;13.95;17.84;0.66;6.552;3.51;63.42
1981-09-07;9.82;12.86;15.9;0.56;11.536;3.71;38.84
1981-09-08;8.98;13.55;18.13;0.0;11.395;3.6;46.32
1981-09-09;8.13;14.36;20.58;0.0;14.184;2.27;45.41
1981-09-10;7.34;15.53;23.71;0.0;18.421;0.35;39.22
1981-09-11;13.34;17.96;22.58;0.0;17.465;3.47;52.25
1981-09-12;8.79;14.18;19.57;0.06;17.16;2.19;48.54
1981-09-13;6.41;13.21;20.02;0.0;17.98;1.7;35.05
1981-09-14;6.73;13.83;20.92;0.0;17.728;1.05;36.21
1981-09-15;9.94;12.81;15.68;6.93;9.083;3.59;60.45
1981-09-16;9.89;13.5;17.1;3.91;13.386;2.26;57.22
1981-09-17;7.86;13.03;18.19;0.0;15.531;1.8;42.53
1981-09-18;9.24;12.28;15.32;2.27;5.169;5.03;84.85
1981-09-19;8.96;13.75;18.54;0.0;10.857;3.26;43.14
1981-09-20;9.23;13.05;16.88;11.07;10.392;2.69;50.83
1981-09-21;7.63;10.61;13.58;2.75;8.113;5.5;56.96
1981-09-22;4.56;10.57;16.58;0.0;10.007;2.56;44.45
1981-09-23;6.17;12.25;18.33;6.8;4.852;2.68;44.31
1981-09-24;9.51;14.45;19.39;0.0;7.08;3.09;60.34
1981-09-25;9.51;14.45;19.39;0.0;12.347;1.51;50.73
1981-09-26;10.35;14.59;18.82;0.36;14.769;2.68;46.07
1981-09-27;10.86;14.82;18.78;0.0;6.894;1.52;58.96
1981-09-28;8.06;12.77;17.48;1.07;13.613;1.41;42.59
1981-09-29;5.26;11.59;17.93;6.0;15.633;3.97;42.27
1981-09-30;6.96;10.38;13.79;3.67;5.028;3.94;64.91
1981-10-01;7.75;9.25;10.75;10.92;2.132;5.46;84.82
1981-10-02;6.85;9.13;11.4;4.29;2.813;5.83;83.87
1981-10-03;6.77;11.98;17.19;1.39;2.811;3.93;59.2
1981-10-04;11.35;15.21;19.07;0.0;4.764;4.17;65.07
1981-10-05;10.69;15.85;21.01;0.0;11.717;2.46;47.63
1981-10-06;9.94;14.53;19.12;0.0;7.09;2.96;59.46
1981-10-07;9.27;12.21;15.16;0.0;3.594;4.15;73.48
1981-10-08;7.26;11.47;15.69;0.0;6.153;2.9;65.95
1981-10-09;9.48;13.07;16.66;0.0;5.488;4.3;61.55
1981-10-10;9.76;13.89;18.03;5.84;4.399;4.61;59.53
1981-10-11;6.92;9.79;12.67;1.33;6.154;3.54;69.45
1981-10-12;6.4;8.62;10.83;0.56;6.475;3.62;52.85
1981-10-13;5.42;7.35;9.29;1.65;3.885;2.76;76.35
1981-10-14;6.92;11.16;15.39;0.0;6.963;3.72;47.51
1981-10-15;7.37;11.34;15.3;0.0;7.57;2.31;53.75
1981-10-16;4.53;9.64;14.75;0.0;10.001;4.1;35.37
1981-10-17;7.24;10.81;14.38;0.0;2.894;3.5;60.9
1981-10-18;3.58;7.67;11.76;0.0;5.821;3.07;42.03
1981-10-19;3.3;6.1;8.89;30.91;3.094;1.21;81.2
1981-10-20;2.73;6.19;9.65;0.0;6.045;3.35;51.24
1981-10-21;1.12;4.93;8.73;0.0;4.819;2.29;53.36
1981-10-22;-0.82;3.63;8.09;1.28;8.382;2.77;53.06
1981-10-23;5.09;9.9;14.71;0.0;3.592;3.34;68.81
1981-10-24;6.28;8.97;11.67;1.51;3.785;2.48;76.13
1981-10-25;3.73;4.59;5.45;13.07;4.326;4.81;85.03
1981-10-26;-0.55;3.12;6.79;0.0;4.428;2.9;62.04
1981-10-27;-2.15;3.0;8.15;0.0;10.067;2.74;48.9
1981-10-28;2.11;5.36;8.62;1.88;2.007;2.56;73.39
1981-10-29;5.27;6.57;7.88;1.5;1.255;0.44;86.24
1981-10-30;1.88;5.28;8.67;0.0;5.043;2.51;78.59
1981-10-31;1.11;6.66;12.21;5.48;4.099;3.8;54.44
1981-11-01;7.39;10.98;14.58;0.0;4.453;4.82;61.48
1981-11-02;2.72;8.2;13.67;0.16;6.662;2.2;53.34
1981-11-03;10.7;14.86;19.02;0.0;6.555;4.46;60.41
1981-11-04;-0.1;7.58;15.27;0.0;6.618;3.81;42.94
1981-11-05;-0.3;5.17;10.65;0.0;5.853;2.39;55.84
1981-11-06;8.01;10.47;12.94;0.0;3.562;1.97;81.8
1981-11-07;8.33;11.97;15.62;0.47;5.561;2.46;65.94
1981-11-08;7.8;10.46;13.13;0.0;4.012;1.03;66.23
1981-11-09;1.87;6.9;11.94;0.0;5.384;2.07;70.11
1981-11-10;-2.12;2.41;6.94;0.0;5.357;1.53;53.76
1981-11-11;-3.53;0.59;4.71;0.58;4.173;1.16;54.68
1981-11-12;-1.33;2.05;5.43;0.74;1.633;0.1;72.8
1981-11-13;-2.66;1.85;6.37;0.0;5.36;0.72;55.58
1981-11-14;-0.81;3.93;8.67;0.0;5.028;1.36;54.77
1981-11-15;3.32;6.13;8.94;0.0;2.296;1.13;75.55
1981-11-16;8.06;9.14;10.21;0.0;2.407;0.99;84.37
1981-11-17;4.6;7.79;10.98;0.0;3.106;2.65;80.47
1981-11-18;2.56;6.02;9.48;0.44;3.476;3.27;79.87
1981-11-19;5.34;8.41;11.47;6.08;4.024;3.34;85.66
1981-11-20;6.64;9.47;12.31;9.86;2.077;3.47;89.6
1981-11-21;4.18;6.57;8.96;0.66;3.009;2.03;89.46
1981-11-22;0.12;4.52;8.92;0.0;3.405;0.63;78.28
1981-11-23;7.75;10.72;13.7;0.0;2.406;3.61;84.59
1981-11-24;7.3;9.06;10.83;0.0;3.351;3.28;79.89
1981-11-25;7.25;9.64;12.03;0.39;3.815;4.75;76.99
1981-11-26;5.73;8.52;11.3;10.5;1.985;1.95;91.19
1981-11-27;7.9;10.08;12.26;5.28;2.817;4.95;84.54
1981-11-28;2.65;6.17;9.69;0.0;3.775;2.08;67.82
1981-11-29;8.13;8.8;9.46;1.54;1.383;2.2;88.34
1981-11-30;3.83;6.38;8.92;0.0;3.762;1.71;83.74
1981-12-01;3.49;6.0;8.5;0.0;3.417;1.69;68.23
1981-12-02;0.57;3.39;6.21;0.0;2.922;0.94;81.69
1981-12-03;2.67;4.67;6.66;0.0;3.436;2.74;76.36
1981-12-04;5.96;6.83;7.71;6.67;1.208;3.74;80.51
1981-12-05;9.05;10.94;12.83;0.0;1.519;2.76;83.59
1981-12-06;5.72;6.96;8.2;6.39;1.278;1.57;90.07
1981-12-07;4.07;6.4;8.72;2.17;3.205;2.73;87.82
1981-12-08;4.13;6.38;8.62;2.22;2.233;3.07;84.78
1981-12-09;-0.48;2.26;5.01;0.76;2.0;2.46;83.57
1981-12-10;0.33;3.77;7.2;0.0;1.687;0.75;67.65
1981-12-11;8.5;10.79;13.08;4.0;1.383;5.16;91.59
1981-12-12;9.85;11.18;12.51;14.19;1.872;7.09;89.61
1981-12-13;5.63;7.96;10.28;9.06;2.22;5.88;82.9
1981-12-14;3.33;4.4;5.47;0.0;2.328;4.05;64.64
1981-12-15;-2.17;0.39;2.95;0.47;3.623;1.11;71.07
1981-12-16;-3.9;-1.63;0.65;0.0;2.979;0.93;84.0
1981-12-17;-2.89;1.61;6.12;0.0;1.696;2.76;56.5
1981-12-18;9.53;10.7;11.87;0.35;1.772;5.74;86.19
1981-12-19;12.7;13.45;14.19;0.92;2.144;7.17;76.58
1981-12-20;8.94;10.7;12.46;5.1;1.401;5.82;85.19
1981-12-21;5.13;8.96;12.8;4.41;1.404;4.67;93.31
1981-12-22;8.93;9.53;10.13;0.75;0.993;4.71;82.82
1981-12-23;5.61;7.86;10.11;0.86;2.699;6.02;76.13
1981-12-24;3.66;6.36;9.06;6.12;1.453;5.9;83.14
1981-12-25;3.34;6.39;9.45;9.75;0.787;5.03;84.29
1981-12-26;3.51;4.85;6.19;2.96;1.07;6.6;80.11
1981-12-27;2.51;4.14;5.77;1.99;2.078;3.59;78.43
1981-12-28;3.4;4.6;5.8;19.67;0.674;0.2;89.53
1981-12-29;-3.32;0.29;3.9;2.24;3.228;0.79;63.54
1981-12-30;-6.83;-3.52;-0.22;0.0;3.089;1.2;54.54
1981-12-31;-6.22;-3.59;-0.97;0.0;1.402;3.72;61.99
1982-01-01;4.06;4.91;5.76;0.0;1.591;3.84;69.43
1982-01-02;0.73;2.75;4.76;0.52;3.137;3.25;73.09
1982-01-03;4.07;6.33;8.58;1.21;1.795;4.4;83.53
1982-01-04;-1.44;0.32;2.08;0.0;2.742;4.5;61.88
1982-01-05;-1.96;0.39;2.73;0.0;2.732;4.26;63.15
1982-01-06;0.1;1.39;2.67;2.5;1.773;1.07;81.44
1982-01-07;1.59;3.2;4.81;0.0;1.392;2.65;80.75
1982-01-08;2.27;4.11;5.94;7.67;2.887;0.62;63.69
1982-01-09;4.51;7.75;10.98;2.67;2.872;6.51;86.17
1982-01-10;4.57;6.17;7.77;2.35;1.896;6.26;81.94
1982-01-11;0.89;2.73;4.57;0.0;3.356;4.5;69.45
1982-01-12;5.47;8.5;11.53;15.37;1.262;7.03;83.44
1982-01-13;9.3;11.05;12.81;11.17;2.123;8.71;82.72
1982-01-14;9.11;9.82;10.53;11.76;3.312;9.05;70.31
1982-01-15;0.6;3.28;5.97;0.52;3.222;5.96;70.26
1982-01-16;1.17;4.7;8.22;5.89;2.498;4.18;83.58
1982-01-17;3.06;4.09;5.13;0.84;2.827;6.47;61.86
1982-01-18;-2.6;-0.24;2.13;0.0;3.601;3.83;53.02
1982-01-19;-2.87;3.11;9.09;13.19;0.954;3.68;83.98
1982-01-20;2.44;4.14;5.85;1.95;3.968;6.19;68.49
1982-01-21;-0.25;1.25;2.75;0.41;0.933;3.49;76.08
1982-01-22;-1.97;0.69;3.36;1.84;4.705;2.65;52.2
1982-01-23;0.63;4.35;8.07;0.66;3.709;4.65;66.64
1982-01-24;0.9;3.53;6.15;9.47;1.584;5.98;78.29
1982-01-25;4.56;7.74;10.92;4.76;2.474;6.93;86.9
1982-01-26;6.88;9.54;12.19;1.55;3.239;7.04;84.24
1982-01-27;9.99;10.73;11.47;1.48;3.028;6.94;73.01
1982-01-28;7.95;8.67;9.38;0.92;5.433;6.1;73.87
1982-01-29;7.17;9.21;11.25;0.0;6.463;5.48;59.15
1982-01-30;4.99;8.25;11.51;0.0;6.399;4.64;55.96
1982-01-31;4.15;6.54;8.94;3.79;4.668;5.83;60.95
1982-02-01;-0.09;3.14;6.36;0.0;5.187;2.29;61.73
1982-02-02;3.2;5.73;8.26;4.13;1.866;3.88;85.64
1982-02-03;8.18;10.5;12.83;10.52;3.186;6.3;75.18
1982-02-04;4.65;6.33;8.01;2.34;2.873;7.15;66.76
1982-02-05;3.95;8.29;12.64;0.0;2.954;5.26;60.33
1982-02-06;8.5;10.64;12.78;0.0;6.175;6.16;70.04
1982-02-07;8.18;10.48;12.78;0.0;4.463;6.68;69.74
1982-02-08;9.92;10.21;10.5;1.8;2.116;4.18;89.08
1982-02-09;8.17;8.53;8.89;3.33;1.809;3.48;86.98
1982-02-10;5.04;8.3;11.56;0.0;5.583;4.12;67.05
1982-02-11;7.95;9.74;11.53;1.96;6.264;6.15;78.48
1982-02-12;5.63;7.33;9.03;0.4;2.894;5.63;66.28
1982-02-13;4.29;5.92;7.54;0.3;4.533;4.62;49.38
1982-02-14;4.45;8.57;12.69;0.61;6.633;4.28;68.87
1982-02-15;7.41;9.55;11.7;0.0;4.603;5.99;71.15
1982-02-16;1.86;5.21;8.57;0.21;6.562;4.82;57.57
1982-02-17;1.57;4.47;7.37;0.0;5.901;3.38;43.08
1982-02-18;1.33;5.17;9.01;0.0;3.237;4.78;66.45
1982-02-19;5.6;7.01;8.43;4.34;3.32;7.27;77.46
1982-02-20;4.09;5.9;7.71;5.86;3.14;7.22;80.16
1982-02-21;3.74;5.9;8.06;0.84;4.795;6.68;61.77
1982-02-22;1.24;3.91;6.57;0.0;7.502;3.36;46.91
1982-02-23;0.93;4.6;8.27;13.36;4.029;6.22;80.38
1982-02-24;-1.8;1.61;5.02;1.31;9.142;6.22;47.15
1982-02-25;0.15;1.6;3.05;1.43;2.549;4.18;54.25
1982-02-26;0.83;1.46;2.09;2.33;2.703;4.54;57.41
1982-02-27;-0.16;2.55;5.26;2.3;8.066;4.89;60.28
1982-02-28;2.59;5.88;9.16;0.32;4.825;5.21;79.81
1982-03-01;6.84;9.43;12.03;0.0;6.042;3.5;61.7
1982-03-02;5.04;9.35;13.66;0.0;8.758;3.72;53.21
1982-03-03;3.34;5.89;8.44;4.76;3.75;6.24;82.77
1982-03-04;3.63;8.18;12.72;0.0;8.395;2.64;58.29
1982-03-05;3.55;8.88;14.21;0.0;8.844;3.72;51.41
1982-03-06;5.91;8.5;11.08;0.0;3.198;5.09;72.47
1982-03-07;4.04;5.67;7.3;12.19;5.725;4.48;80.06
1982-03-08;4.67;7.07;9.47;8.1;7.107;6.91;63.06
1982-03-09;-0.24;1.92;4.09;0.0;5.939;5.31;57.15
1982-03-10;-1.22;1.35;3.93;2.1;7.458;4.86;48.65
1982-03-11;-4.07;0.34;4.75;0.0;5.009;3.49;50.09
1982-03-12;-4.78;-0.16;4.47;0.0;10.58;3.54;38.79
1982-03-13;-2.8;1.81;6.43;5.99;4.767;4.36;58.33
1982-03-14;4.51;6.82;9.13;3.63;9.399;5.41;83.77
1982-03-15;2.75;4.24;5.73;5.01;6.349;4.27;72.8
1982-03-16;1.7;4.74;7.78;0.0;7.073;4.04;61.4
1982-03-17;-0.81;3.09;7.0;5.5;4.119;4.63;61.83
1982-03-18;1.64;3.71;5.78;2.39;6.294;7.61;68.18
1982-03-19;2.88;4.93;6.98;2.47;10.606;5.45;52.81
1982-03-20;2.11;3.3;4.5;1.81;3.761;3.79;61.03
1982-03-21;-0.07;2.49;5.05;1.29;12.783;3.12;47.5
1982-03-22;-2.51;2.06;6.63;0.0;11.619;3.59;58.11
1982-03-23;-1.71;3.59;8.88;2.36;8.674;4.49;43.93
1982-03-24;7.83;10.29;12.75;0.69;7.06;6.18;71.4
1982-03-25;3.66;7.98;12.3;0.0;11.032;2.41;48.91
1982-03-26;2.97;5.96;8.95;2.05;11.702;4.6;60.82
1982-03-27;3.0;5.39;7.78;7.47;9.497;1.91;68.18
1982-03-28;1.5;3.87;6.23;3.91;8.453;3.81;71.41
1982-03-29;1.27;5.96;10.64;0.0;15.71;3.45;39.5
1982-03-30;2.25;6.16;10.06;0.0;12.638;3.41;39.32
1982-03-31;4.18;8.91;13.63;4.04;7.489;3.31;46.16
1982-04-01;4.06;7.27;10.48;3.47;8.92;2.73;58.39
1982-04-02;5.41;9.36;13.31;0.55;11.788;1.79;56.14
1982-04-03;4.61;10.06;15.52;0.0;15.833;0.84;45.31
1982-04-04;3.52;8.8;14.09;0.0;11.678;4.46;47.23
1982-04-05;6.09;8.03;9.96;0.0;8.413;5.42;57.79
1982-04-06;2.77;5.54;8.31;0.34;10.31;2.54;46.61
1982-04-07;0.73;5.41;10.09;0.0;15.542;1.55;38.42
1982-04-08;2.85;6.18;9.51;4.24;7.253;3.26;63.71
1982-04-09;2.86;6.34;9.82;3.52;8.417;3.05;52.83
1982-04-10;2.88;7.81;12.75;0.84;11.508;2.43;41.54
1982-04-11;2.24;7.68;13.12;0.0;15.614;2.31;39.06
1982-04-12;3.81;8.66;13.51;0.83;11.585;2.15;46.76
1982-04-13;3.66;8.59;13.52;0.0;14.636;0.85;49.78
1982-04-14;2.43;10.38;18.34;0.0;20.513;1.09;32.88
1982-04-15;7.12;12.25;17.37;1.25;6.899;1.57;49.25
1982-04-16;7.91;14.11;20.31;1.16;7.198;2.31;57.0
1982-04-17;4.72;11.9;19.09;0.91;13.162;2.13;45.74
1982-04-18;4.6;12.21;19.83;0.89;11.057;2.51;39.73
1982-04-19;5.1;12.25;19.4;0.0;20.974;2.58;41.92
1982-04-20;4.89;10.97;17.05;0.0;17.366;1.93;47.22
1982-04-21;2.4;9.27;16.15;0.06;22.283;1.37;35.3
1982-04-22;3.57;10.31;17.06;0.0;19.042;2.8;36.82
1982-04-23;1.82;3.81;5.81;2.97;11.355;2.62;56.23
1982-04-24;0.92;6.21;11.5;0.53;17.236;4.23;46.92
1982-04-25;2.64;6.65;10.66;0.0;16.232;3.1;39.34
1982-04-26;2.81;6.23;9.64;0.3;13.032;2.81;49.45
1982-04-27;3.41;7.07;10.73;0.0;11.393;3.91;35.17
1982-04-28;4.4;8.84;13.29;0.0;8.854;4.16;39.19
1982-04-29;3.21;5.58;7.95;4.3;8.352;3.52;78.68
1982-04-30;4.87;10.0;15.13;0.25;22.279;2.25;39.33
1982-05-01;5.44;9.59;13.74;0.0;18.953;1.98;38.75
1982-05-02;1.93;8.09;14.25;0.0;16.407;3.25;38.46
1982-05-03;2.92;11.52;20.13;7.47;13.807;3.32;44.34
1982-05-04;8.91;14.71;20.5;0.0;20.913;6.24;37.08
1982-05-05;9.0;12.43;15.86;2.72;8.74;2.92;48.7
1982-05-06;4.74;7.97;11.2;0.0;18.833;4.41;59.17
1982-05-07;3.47;7.74;12.01;0.08;19.698;4.55;33.5
1982-05-08;2.87;9.04;15.22;0.0;14.964;3.41;42.14
1982-05-09;9.88;14.25;18.62;0.0;16.019;2.86;51.42
1982-05-10;8.76;10.87;12.98;8.19;10.269;4.81;77.51
1982-05-11;6.43;12.71;19.0;0.0;20.382;3.69;48.4
1982-05-12;5.09;12.53;19.96;0.0;23.204;2.16;37.4
1982-05-13;10.43;15.1;19.76;1.18;11.347;3.55;52.99
1982-05-14;9.37;14.84;20.3;0.0;23.645;3.57;42.97
1982-05-15;10.76;13.57;16.39;3.28;14.746;2.38;54.07
1982-05-16;4.57;10.57;16.57;0.0;23.787;2.36;42.55
1982-05-17;1.7;11.46;21.23;0.0;24.259;0.96;29.94
1982-05-18;11.3;16.41;21.51;9.16;10.794;1.11;53.0
1982-05-19;10.99;14.69;18.39;1.87;9.431;3.28;67.61
1982-05-20;8.97;12.79;16.61;6.24;9.292;4.04;74.44
1982-05-21;9.92;13.54;17.16;0.0;16.896;4.45;43.68
1982-05-22;7.84;11.99;16.15;0.0;13.106;2.66;52.86
1982-05-23;6.89;11.64;16.39;0.0;18.706;1.33;39.82
1982-05-24;5.76;12.71;19.66;0.0;15.866;3.1;41.56
1982-05-25;10.04;15.55;21.06;0.0;16.331;3.05;46.77
1982-05-26;12.06;16.48;20.91;0.0;12.587;4.19;50.88
1982-05-27;12.05;17.2;22.36;0.0;26.45;4.53;44.95
1982-05-28;10.86;17.02;23.17;0.0;29.398;3.8;42.54
1982-05-29;11.3;18.39;25.49;1.06;29.036;1.55;42.75
1982-05-30;11.39;18.99;26.59;0.0;28.223;1.55;33.41
1982-05-31;12.57;19.8;27.04;0.0;26.416;1.61;32.04
1982-06-01;12.59;20.81;29.03;0.0;27.779;1.63;46.09
1982-06-02;14.36;19.92;25.49;7.06;17.611;0.89;30.96
1982-06-03;14.08;18.55;23.02;0.0;23.033;3.8;46.67
1982-06-04;10.88;14.09;17.29;3.19;20.596;4.84;53.28
1982-06-05;8.95;12.49;16.03;1.21;13.673;3.72;54.82
1982-06-06;9.21;12.89;16.58;5.15;14.759;2.78;62.04
1982-06-07;8.96;12.21;15.45;9.21;14.884;3.56;60.3
1982-06-08;8.38;12.96;17.55;2.79;17.157;4.43;51.67
1982-06-09;6.99;11.09;15.18;1.76;17.143;3.24;53.6
1982-06-10;5.93;11.96;17.99;0.0;18.931;2.55;42.99
1982-06-11;10.71;14.92;19.12;0.9;17.977;2.98;48.47
1982-06-12;10.05;12.59;15.13;8.6;11.545;2.87;74.91
1982-06-13;8.84;11.45;14.05;6.55;19.48;3.84;66.23
1982-06-14;8.22;13.07;17.91;0.0;19.472;4.37;43.41
1982-06-15;7.2;12.24;17.28;1.78;17.512;2.34;46.14
1982-06-16;9.78;13.48;17.19;4.63;10.676;5.53;69.51
1982-06-17;9.99;13.11;16.23;2.08;15.743;4.22;49.35
1982-06-18;8.96;13.05;17.14;3.35;12.324;2.93;60.04
1982-06-19;11.33;15.34;19.35;2.51;11.685;3.73;66.8
1982-06-20;9.8;12.5;15.19;10.8;16.048;3.72;64.39
1982-06-21;8.68;12.27;15.85;5.27;14.609;2.93;62.41
1982-06-22;7.77;10.59;13.4;2.0;9.267;3.72;65.69
1982-06-23;7.51;11.91;16.32;0.0;20.619;3.24;40.36
1982-06-24;8.28;13.7;19.12;0.0;19.058;2.24;46.18
1982-06-25;11.27;16.85;22.43;0.0;19.725;0.61;41.73
1982-06-26;11.45;17.59;23.73;0.0;20.558;1.4;43.91
1982-06-27;11.63;18.52;25.41;0.0;15.048;0.88;40.43
1982-06-28;10.57;16.37;22.16;0.34;10.093;1.92;54.87
1982-06-29;9.08;15.09;21.11;0.0;24.246;1.42;38.15
1982-06-30;10.56;16.5;22.43;0.0;6.825;1.5;48.13
1982-07-01;13.67;17.61;21.55;7.23;12.392;1.09;70.86
1982-07-02;15.04;19.29;23.53;1.23;21.908;2.63;57.02
1982-07-03;11.71;16.02;20.33;15.06;5.233;3.18;68.75
1982-07-04;11.34;17.56;23.78;0.0;23.847;1.01;40.99
1982-07-05;13.17;19.43;25.7;0.0;27.626;2.33;44.26
1982-07-06;14.8;21.58;28.36;1.61;23.605;2.43;42.74
1982-07-07;15.68;20.77;25.85;17.24;16.495;0.77;63.5
1982-07-08;15.03;20.0;24.97;0.0;22.454;2.77;54.27
1982-07-09;12.87;19.77;26.66;0.0;25.194;3.57;48.31
1982-07-10;15.86;21.42;26.99;1.35;15.568;2.93;44.29
1982-07-11;15.66;20.98;26.31;0.0;24.509;2.98;50.75
1982-07-12;14.11;21.04;27.96;0.0;24.671;3.12;48.48
1982-07-13;14.47;20.56;26.65;0.0;25.091;4.13;49.58
1982-07-14;15.27;21.15;27.03;2.01;21.457;3.62;47.4
1982-07-15;14.49;18.0;21.5;5.85;9.075;1.29;69.41
1982-07-16;13.25;19.33;25.41;14.54;11.851;1.19;56.08
1982-07-17;14.68;20.02;25.35;0.0;19.349;2.46;60.0
1982-07-18;13.23;19.39;25.56;3.74;19.862;1.41;44.45
1982-07-19;11.11;16.51;21.91;0.0;7.437;3.19;65.47
1982-07-20;10.74;17.93;25.11;0.78;24.932;1.07;39.95
1982-07-21;14.7;21.62;28.53;0.0;23.585;0.51;41.99
1982-07-22;14.73;21.49;28.25;1.85;17.226;1.6;46.05
1982-07-23;14.5;18.71;22.93;7.04;14.82;0.1;67.25
1982-07-24;14.04;17.66;21.28;4.2;20.716;3.4;51.84
1982-07-25;11.05;15.55;20.05;1.64;7.817;3.92;53.81
1982-07-26;11.87;15.83;19.79;0.0;16.677;0.98;47.1
1982-07-27;10.36;15.69;21.01;0.0;23.259;1.2;40.24
1982-07-28;11.15;16.41;21.68;1.9;17.61;3.75;39.11
1982-07-29;13.73;18.72;23.71;0.0;18.705;2.41;47.51
1982-07-30;11.32;17.76;24.2;0.0;18.712;2.11;45.78
1982-07-31;10.27;16.51;22.75;0.0;18.109;1.19;45.8
1982-08-01;11.2;17.74;24.28;0.0;24.886;2.12;37.35
1982-08-02;14.78;20.75;26.73;0.0;17.516;1.9;38.88
1982-08-03;14.19;20.88;27.58;2.81;19.848;1.6;49.77
1982-08-04;12.0;18.93;25.85;5.25;14.689;0.8;47.55
1982-08-05;11.21;16.47;21.73;0.0;17.545;2.99;47.27
1982-08-06;10.57;17.37;24.17;0.0;23.812;1.7;36.86
1982-08-07;10.22;15.46;20.7;0.0;22.998;3.06;41.31
1982-08-08;9.13;15.45;21.76;0.0;16.565;3.14;39.15
1982-08-09;9.71;15.26;20.81;0.29;16.16;2.89;46.93
1982-08-10;10.52;14.87;19.22;0.92;10.973;2.08;61.33
1982-08-11;13.04;18.02;23.0;0.0;16.807;1.79;53.52
1982-08-12;12.84;17.93;23.02;1.9;13.376;2.1;46.8
1982-08-13;10.92;16.67;22.42;0.0;16.358;1.27;42.89
1982-08-14;8.99;15.1;21.21;0.0;20.161;0.74;37.51
1982-08-15;11.01;18.63;26.24;0.0;22.434;1.3;35.47
1982-08-16;11.99;18.11;24.23;5.32;12.976;1.7;45.69
1982-08-17;10.78;17.03;23.28;0.0;21.731;1.5;37.67
1982-08-18;14.79;21.51;28.23;0.0;20.753;1.49;38.21
1982-08-19;9.69;15.39;21.1;0.0;16.344;3.59;48.8
1982-08-20;8.79;15.31;21.84;0.0;18.687;2.29;37.89
1982-08-21;8.75;15.89;23.03;0.0;15.943;1.01;33.94
1982-08-22;9.61;16.39;23.17;0.0;17.045;1.3;39.61
1982-08-23;8.55;16.05;23.56;0.0;17.936;0.93;34.81
1982-08-24;9.92;17.91;25.91;0.0;19.622;0.59;34.12
1982-08-25;11.64;19.62;27.6;0.0;20.489;2.39;30.28
1982-08-26;11.86;17.82;23.79;0.0;12.128;2.29;45.82
1982-08-27;10.04;15.57;21.11;0.0;14.221;1.51;39.46
1982-08-28;7.19;13.44;19.69;0.0;15.237;2.0;35.31
1982-08-29;12.25;16.81;21.38;2.3;12.497;2.8;40.96
1982-08-30;10.2;15.96;21.71;1.86;16.368;2.73;44.46
1982-08-31;9.93;14.75;19.58;5.96;13.846;3.3;43.76
1982-09-01;8.95;13.66;18.37;0.42;12.77;1.78;53.86
1982-09-02;5.46;9.78;14.1;28.67;5.524;5.27;88.75
1982-09-03;9.9;12.98;16.05;11.94;12.482;3.6;52.28
1982-09-04;10.95;13.75;16.55;4.38;10.85;4.11;67.16
1982-09-05;9.35;13.72;18.09;0.0;10.82;2.18;42.87
1982-09-06;9.45;11.55;13.66;4.82;5.135;2.59;75.97
1982-09-07;11.15;14.73;18.3;0.0;10.682;1.17;52.09
1982-09-08;10.17;13.76;17.35;0.0;8.624;2.04;57.18
1982-09-09;9.35;14.23;19.1;7.09;9.484;2.88;55.17
1982-09-10;8.85;13.98;19.1;0.0;16.583;2.39;48.51
1982-09-11;7.91;14.21;20.51;0.0;14.037;2.24;47.17
1982-09-12;9.25;15.27;21.28;0.0;14.145;2.2;53.59
1982-09-13;14.03;18.48;22.93;0.61;10.503;3.48;54.35
1982-09-14;12.11;14.58;17.06;5.75;4.239;6.21;84.3
1982-09-15;12.08;15.24;18.4;3.85;7.619;3.86;52.99
1982-09-16;11.22;15.62;20.02;0.0;11.379;2.0;47.41
1982-09-17;12.64;17.86;23.08;0.0;12.931;3.0;49.59
1982-09-18;13.58;18.25;22.92;3.21;11.531;3.42;51.82
1982-09-19;9.0;15.15;21.31;0.0;10.733;3.59;49.3
1982-09-20;8.4;14.86;21.31;0.0;11.584;0.61;42.47
1982-09-21;9.86;15.6;21.34;0.0;16.637;1.81;48.62
1982-09-22;11.5;16.41;21.33;4.24;6.181;1.79;64.9
1982-09-23;11.37;15.65;19.93;22.24;4.59;3.55;90.1
1982-09-24;12.04;13.61;15.18;2.76;5.728;3.81;79.72
1982-09-25;8.92;13.33;17.74;0.85;9.995;1.49;63.42
1982-09-26;7.26;12.05;16.84;0.0;5.702;2.38;68.66
1982-09-27;11.1;15.14;19.17;0.0;8.024;1.73;62.8
1982-09-28;10.98;14.71;18.44;0.0;7.811;3.18;55.73
1982-09-29;11.35;16.3;21.25;0.0;11.851;3.58;45.23
1982-09-30;6.71;11.22;15.74;4.89;3.309;2.67;67.65
1982-10-01;5.38;10.21;15.04;0.0;10.242;1.21;50.48
1982-10-02;9.7;11.24;12.78;0.84;5.927;1.21;57.26
1982-10-03;9.17;11.43;13.68;0.0;4.732;0.48;65.47
1982-10-04;7.48;11.66;15.85;0.0;10.748;0.9;44.78
1982-10-05;6.69;10.02;13.34;12.25;2.279;3.52;69.86
1982-10-06;6.7;10.13;13.56;0.0;7.602;2.35;58.14
1982-10-07;6.99;9.56;12.13;0.0;4.857;1.74;52.8
1982-10-08;6.99;9.43;11.86;0.0;4.133;0.88;60.37
1982-10-09;7.34;11.47;15.6;0.0;9.246;0.9;46.27
1982-10-10;5.76;10.63;15.5;0.0;3.135;2.76;57.58
1982-10-11;11.3;13.34;15.38;0.0;4.101;3.22;79.08
1982-10-12;12.14;14.04;15.93;0.0;3.948;3.77;74.14
1982-10-13;7.61;11.67;15.73;0.0;2.823;3.57;62.86
1982-10-14;4.44;8.58;12.72;0.0;6.046;1.71;48.99
1982-10-15;0.04;5.71;11.38;0.0;9.431;3.64;33.91
1982-10-16;-4.09;3.21;10.52;0.0;9.67;0.83;30.04
1982-10-17;-1.69;6.67;15.02;0.0;8.245;2.95;29.64
1982-10-18;9.3;13.4;17.5;1.6;4.823;3.77;67.11
1982-10-19;12.71;13.62;14.52;6.6;1.998;5.98;88.88
1982-10-20;9.21;12.31;15.41;0.0;4.589;5.4;55.87
1982-10-21;9.76;11.97;14.18;1.99;3.895;5.07;82.58
1982-10-22;6.29;10.07;13.86;7.54;1.474;6.24;85.99
1982-10-23;3.32;5.76;8.2;0.0;6.201;4.99;45.15
1982-10-24;5.2;6.01;6.82;6.73;1.448;4.2;78.65
1982-10-25;4.8;7.36;9.91;0.78;4.925;3.41;59.22
1982-10-26;5.04;8.27;11.49;3.18;3.111;2.9;57.23
1982-10-27;5.68;8.26;10.84;0.0;6.372;2.5;64.36
1982-10-28;6.73;10.54;14.35;2.99;2.286;6.16;83.67
1982-10-29;7.52;9.89;12.27;14.48;1.697;4.94;91.09
1982-10-30;8.47;11.14;13.81;18.35;1.003;5.22;89.43
1982-10-31;6.91;11.13;15.35;0.0;5.954;4.49;61.87
1982-11-01;9.07;11.64;14.22;0.0;1.915;4.92;83.45
1982-11-02;8.92;11.88;14.85;0.0;5.979;3.75;69.45
1982-11-03;8.21;13.09;17.96;3.99;6.956;5.3;53.1
1982-11-04;1.78;5.69;9.6;0.44;6.108;5.86;52.83
1982-11-05;2.97;7.29;11.62;0.0;5.696;3.18;38.3
1982-11-06;8.13;11.73;15.34;0.0;2.412;4.15;75.21
1982-11-07;11.38;15.6;19.82;0.0;6.546;4.16;53.13
1982-11-08;6.28;9.73;13.18;4.57;3.535;5.04;78.88
1982-11-09;6.75;8.57;10.38;1.27;4.186;4.36;61.77
1982-11-10;4.79;6.63;8.47;1.23;3.925;4.44;79.12
1982-11-11;2.46;5.93;9.4;0.0;4.844;4.41;64.31
1982-11-12;8.76;10.45;12.14;21.06;1.94;5.77;86.41
1982-11-13;5.48;8.04;10.59;3.19;3.061;5.76;72.34
1982-11-14;2.54;4.53;6.52;0.0;4.203;2.39;75.06
1982-11-15;-0.19;2.88;5.95;0.0;3.346;2.17;75.08
1982-11-16;3.88;5.69;7.49;1.46;1.708;3.23;88.5
1982-11-17;5.68;6.5;7.32;5.4;1.572;1.96;89.42
1982-11-18;1.57;4.29;7.0;8.18;1.096;2.37;89.72
1982-11-19;2.83;6.54;10.26;0.0;1.979;3.32;77.27
1982-11-20;7.63;9.44;11.24;2.76;2.405;4.85;84.23
1982-11-21;7.18;9.37;11.56;1.07;3.05;5.17;68.26
1982-11-22;6.83;9.21;11.58;0.0;3.103;3.02;78.62
1982-11-23;5.96;9.98;14.01;1.16;4.063;5.32;64.58
1982-11-24;5.32;7.21;9.09;0.44;2.168;4.01;73.91
1982-11-25;4.9;6.67;8.43;7.66;1.877;4.13;77.96
1982-11-26;4.16;8.63;13.1;14.13;1.815;5.31;93.94
1982-11-27;0.87;3.83;6.78;0.0;3.21;3.45;71.27
1982-11-28;0.19;2.4;4.6;0.0;4.016;2.35;74.87
1982-11-29;0.7;3.34;5.98;0.0;2.738;1.54;69.43
1982-11-30;-1.19;1.01;3.21;1.75;3.416;3.45;83.08
1982-12-01;-1.15;-0.22;0.71;0.0;1.129;2.34;79.02
1982-12-02;-2.05;-1.53;-1.01;0.0;1.398;1.64;72.82
1982-12-03;-1.62;0.06;1.75;0.0;1.687;3.63;80.21
1982-12-04;-1.02;0.79;2.6;7.32;1.8;2.24;88.4
1982-12-05;-0.75;1.45;3.64;1.52;2.757;2.43;80.46
1982-12-06;-2.12;0.82;3.76;0.8;2.613;3.3;77.33
1982-12-07;-7.47;-2.58;2.32;0.4;4.226;0.87;93.46
1982-12-08;-4.93;-0.65;3.63;0.0;1.151;1.1;85.79
1982-12-09;2.2;3.91;5.62;0.0;2.519;1.31;82.39
1982-12-10;4.52;5.83;7.14;0.0;1.561;3.15;89.36
1982-12-11;4.67;5.42;6.17;0.0;1.888;1.85;88.03
1982-12-12;-1.01;2.39;5.79;0.3;3.224;1.17;74.37
1982-12-13;2.48;3.48;4.48;0.0;1.694;0.79;77.02
1982-12-14;0.62;4.04;7.46;0.72;2.726;2.83;77.97
1982-12-15;3.66;6.4;9.14;0.5;2.457;2.05;84.07
1982-12-16;7.93;10.83;13.73;11.93;1.045;4.9;81.27
1982-12-17;0.97;3.34;5.71;0.0;1.786;1.14;81.08
1982-12-18;4.25;6.32;8.38;1.2;1.232;3.72;83.2
1982-12-19;1.58;3.92;6.26;0.0;2.179;2.3;76.12
1982-12-20;6.21;9.95;13.69;13.05;0.62;4.83;79.51
1982-12-21;9.59;12.21;14.83;0.41;2.931;6.7;78.61
1982-12-22;6.07;8.91;11.75;0.0;3.065;4.39;78.44
1982-12-23;3.89;7.04;10.18;0.0;3.23;3.06;68.11
1982-12-24;4.67;7.74;10.81;0.0;2.931;4.23;70.74
1982-12-25;10.11;11.82;13.53;0.49;3.112;5.76;58.81
1982-12-26;12.48;13.18;13.87;0.0;2.829;5.75;69.89
1982-12-27;8.06;9.48;10.9;0.0;3.193;4.4;70.6
1982-12-28;6.93;8.88;10.84;0.0;2.538;4.41;70.41
1982-12-29;1.95;4.57;7.19;0.0;3.035;2.44;75.96
1982-12-30;-5.9;-2.54;0.82;0.0;2.83;3.52;52.96
1982-12-31;-3.67;-0.76;2.14;3.78;1.403;3.03;66.9
1983-01-01;5.03;5.46;5.9;0.0;2.568;5.93;53.44
1983-01-02;3.65;5.46;7.26;7.46;2.685;3.43;80.69
1983-01-03;6.4;7.71;9.02;1.7;1.694;5.31;79.43
1983-01-04;5.26;6.95;8.63;0.3;3.24;4.23;76.93
1983-01-05;3.31;6.46;9.61;0.0;3.699;3.45;54.59
1983-01-06;4.45;6.5;8.55;0.0;2.119;5.83;55.12
1983-01-07;4.33;7.62;10.91;5.13;1.16;4.4;80.4
1983-01-08;1.26;3.12;4.98;0.61;2.884;4.71;79.1
1983-01-09;2.35;4.54;6.72;5.21;1.917;3.86;79.57
1983-01-10;5.14;6.88;8.61;0.0;3.3;5.93;75.32
1983-01-11;2.83;4.77;6.71;3.43;3.084;5.53;84.85
1983-01-12;5.94;9.14;12.34;15.06;1.584;7.31;82.58
1983-01-13;9.6;11.1;12.6;0.72;2.724;6.64;74.79
1983-01-14;9.27;10.34;11.41;0.0;2.725;5.98;71.06
1983-01-15;9.14;10.52;11.9;7.7;1.248;7.71;81.83
1983-01-16;3.84;6.05;8.27;0.0;3.51;8.3;45.6
1983-01-17;0.41;2.78;5.15;0.82;1.6;5.73;78.22
1983-01-18;-3.48;-0.83;1.82;0.0;3.859;3.89;54.93
1983-01-19;-2.54;-1.92;-1.29;1.64;1.002;2.0;69.71
1983-01-20;-0.9;1.17;3.23;13.55;2.036;4.4;87.64
1983-01-21;-10.95;-6.62;-2.29;0.0;3.882;1.56;40.47
1983-01-22;-12.17;-8.77;-5.36;0.51;4.193;2.45;56.77
1983-01-23;-8.55;-5.88;-3.21;0.0;5.18;2.61;66.47
1983-01-24;-14.04;-8.7;-3.35;0.78;3.624;5.19;79.49
1983-01-25;-5.95;-2.83;0.28;0.0;4.927;4.07;45.81
1983-01-26;-14.41;-8.94;-3.47;0.48;4.264;3.32;74.39
1983-01-27;-15.5;-11.52;-7.53;0.59;3.535;4.38;63.89
1983-01-28;-13.57;-6.87;-0.16;0.0;4.66;3.1;33.77
1983-01-29;0.82;3.44;6.06;11.54;2.234;5.63;84.37
1983-01-30;4.53;7.46;10.38;4.58;1.454;7.05;84.32
1983-01-31;1.67;4.31;6.95;0.78;4.457;5.9;71.24
1983-02-01;0.63;3.56;6.49;2.74;4.781;4.19;76.69
1983-02-02;1.75;4.38;7.02;0.92;4.432;5.81;67.6
1983-02-03;2.02;3.71;5.41;4.31;5.276;4.66;83.53
1983-02-04;-0.28;2.13;4.55;0.0;3.72;2.24;74.38
1983-02-05;-2.32;0.4;3.11;0.0;5.532;3.72;53.85
1983-02-06;-2.69;0.86;4.4;2.4;3.608;3.72;55.78
1983-02-07;1.58;4.79;8.01;0.0;5.406;2.07;65.34
1983-02-08;0.37;2.81;5.24;0.0;3.922;3.57;67.8
1983-02-09;1.73;4.91;8.08;1.95;3.439;3.55;55.83
1983-02-10;-1.54;2.72;6.98;0.2;5.596;0.88;52.39
1983-02-11;-1.02;2.36;5.73;0.0;3.16;1.25;72.02
1983-02-12;3.41;5.66;7.91;0.0;4.171;1.34;73.97
1983-02-13;3.71;5.08;6.45;0.0;3.306;1.29;77.74
1983-02-14;3.23;7.98;12.72;0.0;7.102;2.3;51.61
1983-02-15;4.6;7.45;10.3;0.0;4.733;2.0;66.94
1983-02-16;3.27;6.1;8.93;0.0;3.533;3.16;87.23
1983-02-17;-1.04;1.59;4.22;0.44;6.069;4.45;48.08
1983-02-18;-1.31;3.06;7.43;0.68;3.949;4.64;45.7
1983-02-19;6.84;8.28;9.72;3.95;3.957;7.01;81.7
1983-02-20;5.04;8.79;12.54;3.83;7.229;6.51;86.6
1983-02-21;8.21;10.28;12.34;10.52;2.467;7.52;86.6
1983-02-22;3.36;6.96;10.57;7.34;8.19;4.69;65.84
1983-02-23;7.51;9.98;12.45;2.42;8.961;4.63;61.82
1983-02-24;10.5;13.64;16.78;2.88;7.099;6.01;51.12
1983-02-25;3.31;8.36;13.41;0.44;7.261;4.76;38.94
1983-02-26;2.97;6.5;10.02;1.59;4.605;6.14;50.6
1983-02-27;3.28;4.64;6.0;0.0;5.828;8.08;51.81
1983-02-28;4.79;6.79;8.78;14.82;3.249;6.75;78.43
1983-03-01;3.1;6.99;10.88;10.06;7.16;2.39;79.5
1983-03-02;-0.3;2.9;6.09;24.58;2.264;8.28;73.46
1983-03-03;1.51;3.46;5.42;8.8;4.977;6.35;81.59
1983-03-04;-3.62;0.28;4.18;0.0;9.331;5.88;48.03
1983-03-05;-5.02;-2.43;0.16;0.0;10.323;4.56;35.32
1983-03-06;-5.16;-2.92;-0.69;0.0;10.886;2.48;23.5
1983-03-07;-5.09;-0.62;3.85;0.0;5.804;1.26;42.82
1983-03-08;-0.61;2.58;5.77;0.0;10.416;1.98;57.34
1983-03-09;-3.89;1.39;6.68;0.0;11.142;0.5;28.64
1983-03-10;-2.12;4.91;11.95;0.0;11.055;1.91;37.36
1983-03-11;6.8;9.67;12.54;1.06;4.288;2.56;81.39
1983-03-12;4.67;10.77;16.88;0.0;13.237;2.78;44.75
1983-03-13;10.0;11.75;13.49;5.45;3.085;2.11;84.68
1983-03-14;8.43;11.72;15.01;0.64;8.502;1.71;61.48
1983-03-15;7.01;10.16;13.31;0.0;8.611;3.45;59.98
1983-03-16;5.32;8.08;10.84;10.24;4.294;2.22;75.58
1983-03-17;6.79;9.37;11.94;0.0;5.579;4.15;64.95
1983-03-18;5.32;8.37;11.42;0.0;6.398;2.86;64.01
1983-03-19;4.27;8.07;11.87;2.49;10.876;3.88;56.03
1983-03-20;3.15;7.53;11.91;2.5;11.368;3.48;50.78
1983-03-21;2.14;6.46;10.78;0.0;4.533;3.5;74.36
1983-03-22;0.12;6.96;13.81;0.0;15.67;1.85;36.38
1983-03-23;-0.41;6.55;13.51;0.0;12.591;0.89;40.88
1983-03-24;0.54;7.74;14.94;0.0;14.49;2.78;32.43
1983-03-25;4.77;11.3;17.83;0.0;15.988;3.03;34.28
1983-03-26;2.89;10.14;17.39;0.0;9.254;1.83;56.44
1983-03-27;3.56;8.6;13.63;0.0;7.4;2.3;64.53
1983-03-28;7.81;10.58;13.36;6.52;8.901;4.95;72.71
1983-03-29;7.48;9.45;11.41;3.78;11.766;5.26;57.25
1983-03-30;5.52;8.17;10.82;4.61;6.778;4.46;82.57
1983-03-31;4.75;7.43;10.12;7.83;8.259;4.65;76.98
1983-04-01;2.53;7.44;12.35;0.0;14.931;2.19;52.06
1983-04-02;2.21;9.94;17.67;0.0;10.39;2.6;38.63
1983-04-03;5.77;12.12;18.47;0.0;10.193;4.53;50.67
1983-04-04;3.82;7.61;11.4;4.53;17.627;5.8;46.6
1983-04-05;3.09;5.91;8.72;2.77;10.529;4.31;51.28
1983-04-06;2.75;6.75;10.74;0.0;12.974;2.87;33.17
1983-04-07;4.64;6.43;8.21;10.54;4.334;3.93;78.54
1983-04-08;5.39;9.54;13.69;2.48;15.243;1.01;57.84
1983-04-09;1.59;5.46;9.34;8.58;10.576;4.62;72.49
1983-04-10;1.93;7.17;12.42;4.63;14.303;3.96;45.94
1983-04-11;3.5;4.64;5.79;7.06;6.332;3.29;70.44
1983-04-12;1.2;7.02;12.85;0.0;17.38;2.51;39.17
1983-04-13;4.73;12.51;20.28;0.0;16.349;3.89;28.84
1983-04-14;10.31;15.83;21.35;4.2;10.848;4.34;43.42
1983-04-15;8.95;14.11;19.26;3.08;11.867;2.27;48.72
1983-04-16;6.09;11.38;16.68;1.56;6.808;0.74;55.77
1983-04-17;4.69;6.63;8.57;2.01;7.306;2.62;70.95
1983-04-18;3.55;9.34;15.13;0.0;12.064;3.33;41.85
1983-04-19;8.49;12.68;16.88;0.0;14.658;1.92;54.19
1983-04-20;8.98;14.23;19.49;0.0;17.354;2.23;51.17
1983-04-21;12.08;18.18;24.29;0.0;22.477;3.17;38.02
1983-04-22;12.06;18.58;25.1;0.0;16.75;2.78;36.93
1983-04-23;12.03;17.48;22.94;0.9;22.468;2.72;35.52
1983-04-24;9.02;15.11;21.2;0.87;20.522;3.7;46.32
1983-04-25;6.44;12.65;18.86;0.0;23.183;2.22;40.24
1983-04-26;5.97;14.34;22.72;0.0;22.764;3.45;28.38
1983-04-27;11.39;17.61;23.82;0.0;23.453;4.4;31.57
1983-04-28;9.05;16.16;23.27;0.0;25.343;3.09;45.3
1983-04-29;6.45;14.16;21.87;0.0;22.728;1.11;39.25
1983-04-30;9.47;16.92;24.37;0.0;26.467;1.67;29.14
1983-05-01;11.7;18.36;25.02;0.0;25.914;2.33;31.46
1983-05-02;9.75;16.52;23.28;13.27;15.565;2.27;54.5
1983-05-03;8.32;13.64;18.96;0.0;20.184;2.83;41.8
1983-05-04;7.86;13.27;18.67;0.77;22.743;2.67;42.89
1983-05-05;8.52;12.79;17.06;2.39;17.101;3.2;46.8
1983-05-06;4.31;9.62;14.93;0.0;19.028;3.0;34.99
1983-05-07;4.08;8.26;12.44;1.39;10.046;0.89;46.04
1983-05-08;3.46;9.15;14.84;10.72;9.914;2.54;58.56
1983-05-09;6.79;11.18;15.56;0.0;17.942;5.97;37.99
1983-05-10;6.49;11.13;15.77;1.48;12.463;5.1;39.44
1983-05-11;6.78;12.37;17.96;0.0;26.041;1.74;35.53
1983-05-12;7.33;15.37;23.41;0.0;23.446;3.0;41.13
1983-05-13;13.35;19.08;24.81;0.0;22.363;1.72;46.62
1983-05-14;11.17;13.78;16.39;5.95;15.469;3.47;61.35
1983-05-15;7.29;13.22;19.16;0.0;18.304;2.86;43.23
1983-05-16;6.78;14.2;21.61;0.0;24.802;0.73;40.57
1983-05-17;9.54;16.8;24.06;0.0;29.739;2.47;35.45
1983-05-18;13.4;19.59;25.79;0.0;19.043;2.04;44.1
1983-05-19;11.38;18.42;25.46;3.43;17.292;1.39;50.85
1983-05-20;9.42;15.13;20.83;0.0;20.707;3.24;43.96
1983-05-21;9.23;14.05;18.87;1.9;15.547;3.84;55.24
1983-05-22;7.71;12.65;17.59;2.07;8.437;3.51;53.14
1983-05-23;6.48;11.64;16.81;1.07;11.521;2.85;56.98
1983-05-24;6.9;13.23;19.56;2.08;8.564;3.4;44.24
1983-05-25;9.97;12.97;15.97;5.75;15.407;4.04;53.41
1983-05-26;10.05;12.52;14.98;3.55;14.464;4.38;55.5
1983-05-27;11.62;15.72;19.83;3.6;18.965;3.13;47.14
1983-05-28;9.59;14.45;19.3;4.92;10.381;2.27;61.57
1983-05-29;8.58;13.96;19.34;2.85;22.897;4.16;47.79
1983-05-30;8.63;12.33;16.03;1.23;18.38;2.86;52.5
1983-05-31;6.81;10.78;14.75;4.55;18.825;2.46;54.3
1983-06-01;8.43;13.4;18.37;0.0;12.689;2.78;47.91
1983-06-02;9.9;14.6;19.3;3.1;20.027;2.44;54.22
1983-06-03;8.04;13.83;19.62;0.0;16.639;1.03;48.71
1983-06-04;8.35;13.9;19.45;0.0;13.684;0.92;45.27
1983-06-05;11.62;17.33;23.04;4.61;26.404;2.53;41.19
1983-06-06;9.17;14.5;19.84;0.0;23.281;4.84;40.52
1983-06-07;8.96;14.63;20.3;0.0;18.649;2.4;29.5
1983-06-08;10.15;17.41;24.66;8.3;13.728;3.28;41.36
1983-06-09;11.83;16.36;20.88;0.0;22.318;3.14;48.34
1983-06-10;11.05;18.69;26.32;0.0;22.823;1.94;38.18
1983-06-11;9.32;16.41;23.51;0.0;18.162;1.75;49.17
1983-06-12;8.12;15.2;22.29;0.0;25.42;1.65;41.12
1983-06-13;9.74;16.31;22.88;0.0;29.535;2.13;39.71
1983-06-14;10.82;17.54;24.25;0.0;30.194;1.82;36.53
1983-06-15;11.84;17.52;23.2;0.0;23.834;2.93;44.49
1983-06-16;10.86;16.05;21.23;0.0;25.542;2.52;42.52
1983-06-17;11.04;16.95;22.87;0.0;23.791;1.72;42.36
1983-06-18;13.42;18.89;24.37;0.0;18.293;0.9;48.44
1983-06-19;13.4;16.75;20.11;1.97;13.105;1.83;62.37
1983-06-20;10.72;14.0;17.28;4.27;16.079;4.13;51.23
1983-06-21;9.05;13.04;17.03;4.27;10.547;3.02;64.58
1983-06-22;13.04;15.95;18.85;2.32;16.427;2.88;51.33
1983-06-23;10.67;15.93;21.18;1.26;13.478;2.47;52.72
1983-06-24;9.78;17.54;25.3;0.0;24.252;1.73;39.05
1983-06-25;12.09;19.27;26.46;2.3;22.963;2.25;37.68
1983-06-26;11.63;16.16;20.7;3.01;19.38;2.52;65.37
1983-06-27;10.83;16.81;22.79;4.24;14.412;2.16;42.83
1983-06-28;9.41;14.12;18.82;1.6;17.626;4.68;41.81
1983-06-29;9.69;14.45;19.21;0.0;24.386;3.78;38.03
1983-06-30;9.6;15.17;20.74;6.07;23.634;2.6;42.69
1983-07-01;12.05;15.78;19.51;0.25;22.682;3.13;46.17
1983-07-02;10.07;16.45;22.84;0.0;27.931;1.71;36.27
1983-07-03;12.89;16.91;20.92;2.95;19.985;4.92;48.9
1983-07-04;13.89;20.39;26.89;0.0;23.2;2.11;42.76
1983-07-05;15.3;18.78;22.26;8.35;7.413;0.74;55.92
1983-07-06;12.19;16.95;21.7;0.0;20.275;2.7;57.4
1983-07-07;11.83;18.59;25.34;0.0;27.256;0.48;34.47
1983-07-08;12.46;20.05;27.64;0.0;28.243;2.04;39.41
1983-07-09;16.88;22.09;27.29;1.26;16.644;2.52;49.83
1983-07-10;15.35;21.29;27.23;0.0;26.214;2.36;50.26
1983-07-11;13.76;20.02;26.29;0.0;23.863;2.24;46.89
1983-07-12;13.39;19.65;25.91;0.0;24.573;2.74;45.52
1983-07-13;11.75;17.14;22.53;0.0;21.763;2.74;45.45
1983-07-14;9.76;16.92;24.08;2.0;30.213;1.68;34.94
1983-07-15;12.8;18.63;24.46;3.78;13.738;2.83;43.59
1983-07-16;13.8;17.73;21.65;0.0;10.856;4.47;69.98
1983-07-17;9.69;15.61;21.54;0.0;13.483;2.93;42.4
1983-07-18;8.54;15.59;22.65;0.0;24.877;2.4;34.06
1983-07-19;13.0;19.63;26.27;0.0;23.231;2.53;36.25
1983-07-20;15.07;22.78;30.49;0.0;25.211;2.62;28.79
1983-07-21;14.47;21.05;27.64;2.6;24.958;3.5;49.35
1983-07-22;11.63;16.89;22.14;0.0;19.297;2.72;44.43
1983-07-23;8.63;16.5;24.36;0.0;22.738;1.6;33.71
1983-07-24;15.76;22.59;29.41;0.0;17.583;3.0;32.96
1983-07-25;9.17;15.74;22.31;0.0;18.861;3.53;44.88
1983-07-26;9.42;16.88;24.34;0.25;25.132;1.07;33.8
1983-07-27;14.24;23.11;31.99;0.0;27.307;3.91;25.65
1983-07-28;16.0;23.05;30.1;0.0;24.284;2.41;26.65
1983-07-29;14.3;22.23;30.16;0.0;22.975;2.65;33.39
1983-07-30;10.24;16.97;23.7;0.0;25.742;2.99;33.0
1983-07-31;8.75;16.72;24.69;0.0;23.941;2.8;34.72
1983-08-01;11.18;19.44;27.69;0.0;25.292;2.62;31.65
1983-08-02;13.64;21.98;30.33;0.0;26.403;2.98;24.57
1983-08-03;14.58;22.61;30.64;0.0;25.496;2.76;28.79
1983-08-04;16.99;24.19;31.39;0.0;25.35;2.61;23.97
1983-08-05;17.58;25.09;32.61;0.0;26.52;3.4;24.9
1983-08-06;16.52;23.97;31.42;0.0;25.173;2.82;24.31
1983-08-07;17.23;24.38;31.52;0.0;22.974;1.9;24.21
1983-08-08;18.03;26.45;34.87;0.63;22.668;1.19;26.04
1983-08-09;18.34;25.11;31.87;3.04;14.608;1.07;33.78
1983-08-10;16.17;24.04;31.91;0.0;21.734;2.08;29.66
1983-08-11;15.06;21.79;28.52;0.0;23.929;2.07;30.46
1983-08-12;13.05;21.71;30.37;0.0;21.345;0.94;26.18
1983-08-13;19.8;26.0;32.2;0.0;21.507;1.31;25.92
1983-08-14;14.39;21.38;28.37;0.0;24.062;1.21;30.87
1983-08-15;16.18;23.66;31.15;0.0;23.885;2.18;23.97
1983-08-16;16.57;24.29;32.01;0.0;22.039;2.47;29.71
1983-08-17;14.47;22.47;30.47;0.0;20.382;1.11;30.06
1983-08-18;16.08;23.38;30.69;0.0;23.8;2.08;26.58
1983-08-19;16.67;23.64;30.6;0.0;23.73;2.58;28.12
1983-08-20;15.19;21.54;27.89;0.0;21.206;2.34;33.13
1983-08-21;12.34;20.06;27.79;0.0;21.177;1.4;29.43
1983-08-22;15.42;23.37;31.32;0.0;20.443;1.0;23.95
1983-08-23;15.8;23.63;31.46;0.0;23.234;1.51;21.31
1983-08-24;16.13;23.73;31.32;0.0;22.003;2.21;22.31
1983-08-25;16.48;23.87;31.26;0.0;22.35;2.72;22.31
1983-08-26;16.16;23.73;31.3;0.0;22.043;2.49;21.96
1983-08-27;18.07;23.92;29.77;0.0;22.309;3.12;24.82
1983-08-28;17.09;22.36;27.63;0.0;21.647;3.96;20.98
1983-08-29;15.36;21.14;26.92;0.0;22.408;5.03;20.73
1983-08-30;13.85;21.53;29.21;2.41;22.644;6.01;18.91
1983-08-31;14.74;20.52;26.31;1.63;18.338;4.92;37.14
1983-09-01;18.36;22.2;26.04;2.47;12.753;3.0;43.39
1983-09-02;13.87;21.01;28.15;12.69;10.841;0.1;40.18
1983-09-03;12.75;19.14;25.53;0.0;15.25;0.28;47.43
1983-09-04;15.02;20.34;25.66;10.46;12.851;1.68;44.07
1983-09-05;13.36;19.02;24.67;2.02;13.362;1.98;52.29
1983-09-06;15.02;19.59;24.16;1.03;10.524;3.9;49.37
1983-09-07;11.64;16.73;21.83;0.0;7.296;1.64;50.12
1983-09-08;11.85;17.48;23.12;1.03;8.7;2.38;56.01
1983-09-09;15.34;20.74;26.15;0.66;12.56;2.99;51.87
1983-09-10;12.03;17.04;22.05;0.0;12.592;2.99;47.43
1983-09-11;12.45;16.02;19.59;7.0;7.697;2.95;53.27
1983-09-12;9.4;14.5;19.59;0.0;8.917;2.1;56.89
1983-09-13;7.59;13.5;19.41;0.0;17.974;1.42;30.31
1983-09-14;6.25;13.31;20.38;0.0;18.02;1.42;24.33
1983-09-15;8.34;14.54;20.75;0.0;14.222;0.93;28.26
1983-09-16;7.39;14.35;21.3;0.0;15.943;1.7;30.07
1983-09-17;9.34;15.64;21.95;0.0;12.333;1.29;35.21
1983-09-18;12.25;18.02;23.79;0.65;17.701;1.81;40.6
1983-09-19;9.22;16.16;23.1;0.0;14.611;1.7;35.17
1983-09-20;9.23;16.46;23.69;0.0;16.775;2.59;30.5
1983-09-21;9.24;16.94;24.64;0.0;16.987;1.52;35.05
1983-09-22;8.97;17.13;25.28;0.0;15.477;1.3;30.42
1983-09-23;8.1;17.14;26.19;0.0;15.016;1.27;28.86
1983-09-24;8.11;16.96;25.81;0.0;15.018;1.91;29.04
1983-09-25;9.48;17.11;24.73;0.0;14.37;2.44;31.69
1983-09-26;15.06;20.01;24.96;1.73;13.543;1.68;46.48
1983-09-27;11.66;19.11;26.56;0.0;15.998;2.38;40.25
1983-09-28;11.47;16.1;20.73;3.54;6.518;2.22;64.37
1983-09-29;9.69;15.32;20.96;1.9;13.557;2.59;40.62
1983-09-30;7.5;13.25;19.0;0.0;10.168;2.76;49.44
1983-10-01;4.47;11.27;18.07;0.0;14.982;2.68;29.84
1983-10-02;9.68;13.05;16.42;3.54;8.445;3.89;39.92
1983-10-03;8.32;11.62;14.91;0.0;5.505;2.84;49.89
1983-10-04;8.0;12.19;16.37;0.0;12.105;3.74;30.68
1983-10-05;9.0;13.22;17.45;0.0;9.806;3.94;43.96
1983-10-06;9.18;14.49;19.8;0.0;6.026;2.24;49.92
1983-10-07;8.36;14.23;20.1;0.0;6.165;2.73;46.76
1983-10-08;13.94;15.89;17.84;0.42;3.637;4.26;69.79
1983-10-09;14.62;15.82;17.02;3.69;2.718;5.49;83.37
1983-10-10;13.2;15.55;17.91;0.0;2.9;4.77;66.51
1983-10-11;12.54;15.2;17.85;0.0;3.257;4.02;62.53
1983-10-12;8.43;11.91;15.38;2.84;7.627;4.62;52.3
1983-10-13;6.87;8.74;10.62;4.78;4.736;3.61;55.83
1983-10-14;5.96;9.83;13.7;0.4;6.733;3.54;51.06
1983-10-15;7.16;9.52;11.87;1.92;6.65;2.95;54.19
1983-10-16;8.47;12.17;15.87;0.0;3.537;4.23;64.83
1983-10-17;-0.09;6.84;13.77;0.0;7.671;3.35;36.53
1983-10-18;1.99;6.8;11.61;1.83;4.594;2.08;40.22
1983-10-19;6.71;10.15;13.59;42.67;2.105;1.5;81.63
1983-10-20;12.68;14.93;17.18;5.74;2.938;4.22;86.12
1983-10-21;7.23;11.02;14.8;4.63;2.399;4.15;85.05
1983-10-22;3.69;6.48;9.27;0.0;6.991;4.8;45.37
1983-10-23;0.02;5.66;11.3;0.45;4.871;3.17;47.42
1983-10-24;-0.62;5.63;11.87;0.0;9.413;3.72;34.98
1983-10-25;3.14;8.9;14.66;0.0;8.827;3.91;33.13
1983-10-26;9.52;13.97;18.42;0.0;7.925;3.56;46.1
1983-10-27;4.97;9.72;14.48;0.0;8.35;3.8;30.9
1983-10-28;4.43;9.63;14.83;0.0;8.148;3.31;42.22
1983-10-29;3.43;8.16;12.89;0.0;5.732;1.5;59.03
1983-10-30;4.9;9.71;14.53;0.0;7.127;1.4;47.35
1983-10-31;8.02;10.5;12.97;0.69;1.966;3.12;83.88
1983-11-01;7.75;11.12;14.48;0.0;3.508;3.7;68.06
1983-11-02;4.92;7.68;10.45;0.0;2.455;3.53;85.5
1983-11-03;4.42;6.43;8.45;2.88;4.404;4.29;81.56
1983-11-04;5.04;7.42;9.8;0.49;4.64;3.02;60.66
1983-11-05;3.7;6.12;8.53;4.07;2.3;3.5;86.96
1983-11-06;7.84;8.76;9.68;6.32;2.433;1.46;78.8
1983-11-07;10.53;11.61;12.7;10.83;2.84;6.6;87.92
1983-11-08;5.58;9.45;13.32;2.73;5.935;5.76;79.29
1983-11-09;6.4;11.03;15.65;12.4;2.392;5.09;68.46
1983-11-10;10.04;11.48;12.93;6.04;2.434;6.04;79.59
1983-11-11;8.8;11.59;14.37;0.58;3.446;4.66;62.82
1983-11-12;6.84;9.09;11.33;3.68;2.292;5.46;86.47
1983-11-13;0.02;2.96;5.91;0.0;3.82;1.36;55.93
1983-11-14;1.17;3.17;5.18;0.0;3.243;1.97;74.69
1983-11-15;-1.0;1.75;4.49;0.0;5.072;2.25;57.74
1983-11-16;-0.5;3.23;6.96;11.22;1.007;3.84;70.17
1983-11-17;7.05;7.88;8.7;3.07;2.161;1.64;88.5
1983-11-18;6.66;8.1;9.54;6.52;3.103;4.04;85.04
1983-11-19;5.67;7.33;8.99;1.36;2.511;4.16;79.82
1983-11-20;4.11;5.66;7.2;1.14;1.71;1.45;88.47
1983-11-21;1.55;3.73;5.9;3.01;1.393;0.93;85.93
1983-11-22;-0.66;1.32;3.3;0.65;2.589;2.53;84.19
1983-11-23;-1.74;0.42;2.59;0.0;3.206;3.03;75.86
1983-11-24;-1.13;1.14;3.4;0.0;3.226;3.33;75.92
1983-11-25;0.66;2.93;5.2;0.57;3.304;2.64;86.74
1983-11-26;1.92;3.24;4.56;0.41;1.813;0.58;84.89
1983-11-27;1.2;5.04;8.89;12.77;0.9;3.0;88.32
1983-11-28;10.5;12.16;13.82;5.65;1.187;4.87;84.39
1983-11-29;9.04;11.54;14.04;0.0;1.573;5.39;80.49
1983-11-30;1.97;5.39;8.8;11.23;1.563;2.52;88.19
1983-12-01;7.96;8.94;9.92;2.23;1.079;2.66;91.87
1983-12-02;0.73;4.84;8.95;0.46;2.754;0.88;84.22
1983-12-03;1.58;4.86;8.14;0.0;2.049;1.44;81.59
1983-12-04;7.38;10.15;12.93;1.09;1.285;4.78;84.67
1983-12-05;7.0;9.78;12.56;1.86;1.082;3.18;84.36
1983-12-06;2.81;4.84;6.87;0.0;2.834;0.87;83.46
1983-12-07;3.53;6.24;8.95;1.16;1.182;3.93;83.15
1983-12-08;3.7;7.02;10.34;0.38;2.853;2.93;78.96
1983-12-09;8.5;11.57;14.65;1.04;2.11;5.42;83.43
1983-12-10;6.13;7.4;8.67;0.0;2.519;5.14;80.61
1983-12-11;4.69;6.57;8.45;3.18;2.271;4.94;88.18
1983-12-12;6.39;8.5;10.61;2.45;0.881;5.5;83.9
1983-12-13;4.4;5.2;5.99;0.0;1.534;7.89;44.7
1983-12-14;-3.2;-1.65;-0.1;0.6;2.933;5.79;59.43
1983-12-15;2.1;3.9;5.69;1.7;0.556;5.14;87.53
1983-12-16;1.5;2.33;3.15;0.9;1.708;3.68;78.64
1983-12-17;-1.01;0.85;2.71;0.3;2.327;1.46;71.15
1983-12-18;-1.95;0.44;2.84;0.0;2.225;1.84;73.59
1983-12-19;1.16;2.34;3.53;1.12;1.841;1.46;76.49
1983-12-20;-2.54;-0.02;2.5;0.95;2.354;3.19;79.63
1983-12-21;2.62;4.93;7.23;12.32;0.881;1.58;85.18
1983-12-22;2.21;4.38;6.55;0.0;2.66;2.52;78.74
1983-12-23;6.17;8.17;10.17;0.5;1.934;4.54;85.36
1983-12-24;1.42;6.3;11.19;9.75;0.982;4.28;90.96
1983-12-25;1.29;3.4;5.5;0.0;1.619;2.88;75.84
1983-12-26;6.36;8.32;10.28;0.87;0.972;5.05;82.74
1983-12-27;7.7;10.1;12.5;3.73;1.407;7.34;79.31
1983-12-28;6.53;8.5;10.47;17.65;0.86;4.63;91.93
1983-12-29;7.23;8.94;10.64;0.63;0.993;4.95;88.02
1983-12-30;3.2;6.19;9.18;2.75;2.827;3.84;83.99
1983-12-31;5.27;7.99;10.71;0.54;2.625;3.93;79.72
1984-01-01;6.9;8.62;10.34;1.83;2.328;5.99;84.28
1984-01-02;-0.66;3.26;7.18;0.0;2.264;3.25;65.72
1984-01-03;-2.27;-0.3;1.67;0.0;2.74;1.76;72.47
1984-01-04;-3.76;-0.83;2.1;0.0;3.839;2.45;41.18
1984-01-05;6.81;8.63;10.46;0.93;3.186;5.31;81.93
1984-01-06;5.76;8.52;11.29;3.0;1.674;5.31;84.36
1984-01-07;-1.84;2.01;5.86;1.09;2.422;3.37;78.13
1984-01-08;-6.18;-4.04;-1.9;0.0;3.352;2.24;55.06
1984-01-09;-4.2;-1.67;0.86;0.0;3.948;2.0;42.97
1984-01-10;-2.32;-0.24;1.83;0.0;2.671;1.3;69.9
1984-01-11;-2.49;1.46;5.42;0.0;3.968;3.52;78.12
1984-01-12;3.54;6.0;8.46;0.0;2.61;4.23;69.34
1984-01-13;4.47;6.46;8.46;1.93;1.65;4.53;83.42
1984-01-14;2.35;4.71;7.08;0.0;3.895;3.8;68.65
1984-01-15;2.22;3.73;5.24;0.0;2.61;3.84;87.8
1984-01-16;1.04;3.19;5.33;0.0;2.843;2.67;81.48
1984-01-17;-0.07;3.12;6.31;0.0;3.707;1.78;56.64
1984-01-18;3.7;6.03;8.36;0.0;3.139;3.27;73.93
1984-01-19;5.18;7.63;10.08;5.46;1.19;5.54;71.77
1984-01-20;-0.45;3.59;7.63;0.0;5.351;2.64;44.9
1984-01-21;0.08;2.6;5.13;0.0;4.063;1.72;66.45
1984-01-22;1.48;4.08;6.68;0.0;4.133;1.54;71.78
1984-01-23;0.45;3.74;7.03;0.0;5.162;1.5;60.8
1984-01-24;3.61;5.12;6.63;0.0;2.099;3.07;82.89
1984-01-25;4.28;6.7;9.11;0.98;3.006;4.73;75.79
1984-01-26;4.32;7.88;11.44;0.0;1.68;2.71;73.17
1984-01-27;7.2;9.04;10.89;0.0;2.899;2.72;81.84
1984-01-28;10.5;13.54;16.58;0.74;4.09;8.21;46.37
1984-01-29;3.01;7.83;12.66;0.0;1.814;4.44;62.98
1984-01-30;2.23;4.7;7.16;0.0;1.916;4.24;70.07
1984-01-31;1.42;5.77;10.12;5.81;2.144;4.82;78.15
1984-02-01;5.14;8.32;11.51;0.96;3.941;6.68;75.82
1984-02-02;1.64;5.11;8.58;3.05;3.942;4.65;69.85
1984-02-03;0.9;4.75;8.6;0.0;6.163;4.43;59.27
1984-02-04;6.11;9.96;13.8;0.0;7.09;6.55;48.16
1984-02-05;2.69;6.74;10.79;5.52;5.282;4.67;79.42
1984-02-06;1.56;4.99;8.42;0.0;5.742;1.73;56.55
1984-02-07;0.67;4.92;9.16;0.0;5.237;3.28;56.71
1984-02-08;4.35;7.66;10.96;5.99;2.551;5.36;81.34
1984-02-09;1.51;3.72;5.93;0.0;4.327;2.84;66.23
1984-02-10;-0.03;2.82;5.68;0.0;4.455;1.73;52.27
1984-02-11;-0.89;1.91;4.72;0.0;5.281;0.2;56.06
1984-02-12;-3.38;0.52;4.41;0.0;7.0;3.28;43.25
1984-02-13;-1.75;1.72;5.19;0.0;7.22;4.42;51.11
1984-02-14;0.97;3.94;6.91;0.0;7.438;3.92;47.77
1984-02-15;-0.93;3.24;7.4;0.0;6.595;3.52;49.82
1984-02-16;3.91;6.55;9.19;1.92;2.947;3.17;78.84
1984-02-17;4.41;8.49;12.57;6.55;3.53;4.13;83.48
1984-02-18;1.56;6.57;11.58;0.0;8.274;3.26;54.36
1984-02-19;-1.37;5.14;11.66;0.0;7.132;1.8;41.19
1984-02-20;2.98;5.78;8.57;0.0;7.872;5.63;45.4
1984-02-21;2.0;5.27;8.54;15.52;5.011;6.25;61.18
1984-02-22;8.22;11.77;15.31;0.99;9.235;2.95;55.37
1984-02-23;7.67;10.73;13.79;0.38;3.243;4.26;75.3
1984-02-24;7.32;9.59;11.87;0.0;4.139;4.49;75.4
1984-02-25;8.0;9.04;10.08;15.64;2.919;4.77;86.47
1984-02-26;5.43;7.23;9.03;8.95;4.073;1.05;65.87
1984-02-27;4.67;7.79;10.92;0.0;3.58;2.28;65.43
1984-02-28;5.94;8.42;10.89;2.47;3.98;3.51;81.76
1984-02-29;0.0;0.0;0.0;0.0;0.0;0.0;0.0
1984-03-01;0.09;3.5;6.91;0.0;4.24;5.41;59.29
1984-03-02;-7.18;-1.72;3.74;0.0;9.546;6.94;26.52
1984-03-03;-6.12;-1.31;3.49;0.0;10.136;4.62;30.44
1984-03-04;-5.79;-1.6;2.59;0.0;10.046;0.69;29.0
1984-03-05;-7.13;-0.73;5.68;0.0;10.426;1.75;26.89
1984-03-06;0.73;3.08;5.43;0.65;3.543;2.47;49.1
1984-03-07;1.65;8.71;15.77;0.0;12.204;3.15;35.09
1984-03-08;5.28;9.4;13.53;0.0;7.144;3.63;53.27
1984-03-09;4.68;8.16;11.64;1.41;3.97;5.78;79.06
1984-03-10;8.57;11.16;13.76;3.8;3.517;7.32;81.78
1984-03-11;8.61;11.21;13.8;2.75;5.086;7.61;79.97
1984-03-12;7.13;10.12;13.11;9.81;4.582;7.15;85.32
1984-03-13;3.89;6.63;9.36;0.0;9.292;4.68;54.45
1984-03-14;3.52;6.75;9.98;2.42;10.24;5.98;51.77
1984-03-15;4.67;7.8;10.93;0.42;8.523;6.64;55.23
1984-03-16;4.29;7.66;11.03;10.18;4.324;2.56;69.24
1984-03-17;6.86;9.87;12.87;1.89;4.323;2.63;82.02
1984-03-18;2.73;5.25;7.77;1.31;7.548;3.16;70.27
1984-03-19;1.2;4.57;7.94;0.0;12.273;3.26;65.75
1984-03-20;-0.55;3.99;8.53;0.81;13.028;1.36;42.63
1984-03-21;-1.77;3.15;8.07;1.3;11.367;2.11;44.16
1984-03-22;-0.81;4.23;9.28;0.0;17.26;2.1;32.93
1984-03-23;-1.19;2.71;6.62;0.66;10.52;2.8;49.13
1984-03-24;-0.47;4.39;9.25;1.24;9.48;4.77;49.17
1984-03-25;0.76;4.61;8.46;2.55;6.458;2.8;56.22
1984-03-26;4.2;7.34;10.47;7.21;4.914;0.46;76.13
1984-03-27;-0.05;5.26;10.58;0.0;16.921;3.73;38.96
1984-03-28;-0.49;4.67;9.84;0.32;16.244;1.69;38.89
1984-03-29;-2.55;2.53;7.61;0.0;17.199;2.15;31.28
1984-03-30;-2.23;4.12;10.47;0.0;17.415;2.35;20.33
1984-03-31;-1.6;6.07;13.74;0.0;18.498;3.05;24.82
1984-04-01;2.85;8.1;13.35;0.0;7.182;2.73;34.0
1984-04-02;3.08;9.67;16.26;1.81;8.871;1.79;38.68
1984-04-03;3.3;9.31;15.32;0.0;15.377;0.6;40.65
1984-04-04;0.44;7.52;14.6;0.0;14.892;1.51;40.2
1984-04-05;3.38;6.46;9.54;0.77;8.311;2.29;71.03
1984-04-06;2.43;6.72;11.01;0.0;6.205;0.99;62.31
1984-04-07;1.9;8.43;14.96;0.0;16.891;0.98;36.61
1984-04-08;2.76;10.73;18.69;0.0;18.801;4.65;24.56
1984-04-09;10.26;14.66;19.06;1.28;8.205;2.67;59.07
1984-04-10;7.89;12.33;16.76;0.0;10.209;3.03;50.75
1984-04-11;6.54;10.31;14.08;8.4;8.619;4.56;79.11
1984-04-12;5.29;9.63;13.96;0.0;7.651;3.39;74.19
1984-04-13;4.71;11.93;19.14;0.0;17.785;2.99;42.15
1984-04-14;4.5;8.19;11.88;8.37;4.798;5.27;71.98
1984-04-15;-0.33;4.95;10.22;0.91;21.257;4.5;32.69
1984-04-16;-3.67;3.04;9.76;0.0;18.681;2.92;18.6
1984-04-17;1.48;5.65;9.81;6.15;10.183;4.58;45.49
1984-04-18;6.98;10.25;13.52;2.37;7.657;3.07;69.98
1984-04-19;5.85;12.21;18.58;0.0;14.126;2.43;50.03
1984-04-20;3.06;7.86;12.66;0.0;18.436;2.14;42.39
1984-04-21;0.69;6.88;13.06;0.9;17.262;3.5;48.49
1984-04-22;1.39;5.77;10.15;0.0;17.514;2.92;31.2
1984-04-23;2.63;6.47;10.31;8.32;7.864;3.88;71.75
1984-04-24;4.82;9.94;15.05;0.0;16.105;3.82;42.15
1984-04-25;7.22;11.38;15.53;0.0;6.563;4.79;54.7
1984-04-26;4.0;8.13;12.25;9.16;8.084;4.15;75.2
1984-04-27;4.49;10.28;16.07;0.0;17.916;2.7;43.85
1984-04-28;5.88;11.78;17.68;0.4;8.352;3.3;45.53
1984-04-29;7.05;14.06;21.07;0.0;18.358;3.6;42.05
1984-04-30;4.95;10.81;16.68;0.0;18.594;2.14;41.18
1984-05-01;6.32;9.94;13.56;4.56;19.965;4.19;50.87
1984-05-02;6.33;9.14;11.96;7.17;15.578;3.63;60.59
1984-05-03;5.67;9.36;13.04;4.32;12.253;4.36;55.14
1984-05-04;4.85;9.47;14.09;0.0;18.522;3.47;42.96
1984-05-05;4.56;10.54;16.51;2.0;13.838;2.91;54.84
1984-05-06;10.39;16.55;22.71;3.53;15.627;3.52;47.9
1984-05-07;9.0;12.56;16.13;2.39;10.385;5.61;54.59
1984-05-08;9.02;13.49;17.96;0.0;12.097;3.53;45.41
1984-05-09;7.93;14.04;20.14;2.86;8.961;3.38;51.27
1984-05-10;9.93;14.15;18.37;3.2;17.024;4.7;54.55
1984-05-11;11.25;16.24;21.24;0.0;11.914;2.02;54.87
1984-05-12;12.93;18.48;24.02;1.7;23.306;3.53;45.99
1984-05-13;7.2;13.17;19.14;4.61;13.897;3.25;46.5
1984-05-14;5.07;9.14;13.22;2.1;9.329;2.31;60.46
1984-05-15;8.09;14.03;19.97;0.0;23.193;2.85;42.96
1984-05-16;6.97;14.47;21.98;0.0;25.413;0.93;37.28
1984-05-17;7.86;14.76;21.66;0.0;28.675;3.81;34.68
1984-05-18;9.36;15.72;22.09;0.0;28.477;4.72;25.8
1984-05-19;11.33;17.39;23.44;0.0;24.668;4.14;38.62
1984-05-20;14.19;19.86;25.54;0.0;20.555;2.34;41.87
1984-05-21;13.32;19.7;26.08;3.07;19.384;1.34;41.3
1984-05-22;11.98;17.19;22.39;0.0;15.633;2.4;59.75
1984-05-23;12.29;17.52;22.76;0.0;17.294;3.61;45.69
1984-05-24;11.43;15.89;20.35;0.74;17.55;3.26;55.38
1984-05-25;7.37;12.48;17.59;0.0;22.791;2.99;37.86
1984-05-26;7.56;11.03;14.49;3.39;15.023;2.16;63.45
1984-05-27;7.13;12.04;16.96;0.0;13.656;3.72;51.37
1984-05-28;7.46;11.13;14.81;0.43;21.263;3.69;38.35
1984-05-29;6.46;10.52;14.57;0.94;13.496;3.71;43.68
1984-05-30;6.5;10.25;13.99;5.38;21.051;4.09;55.66
1984-05-31;6.79;10.5;14.21;6.98;13.324;1.74;67.35
1984-06-01;7.04;11.28;15.51;0.0;18.501;1.03;37.3
1984-06-02;6.96;11.84;16.71;0.0;6.248;2.16;58.68
1984-06-03;10.93;15.9;20.87;0.0;18.228;2.78;48.36
1984-06-04;11.31;14.58;17.85;2.5;14.083;2.53;61.38
1984-06-05;9.07;11.72;14.37;2.54;16.144;2.56;66.24
1984-06-06;8.63;12.19;15.75;4.2;11.468;2.78;73.93
1984-06-07;7.3;10.25;13.2;12.57;12.844;4.02;71.9
1984-06-08;9.9;12.9;15.9;4.87;9.04;4.77;73.6
1984-06-09;8.94;13.08;17.22;0.39;14.377;3.65;52.5
1984-06-10;8.37;13.23;18.1;0.0;21.443;1.11;45.45
1984-06-11;10.65;15.82;20.98;0.0;22.945;0.88;43.35
1984-06-12;9.18;16.3;23.41;0.0;29.189;3.55;36.81
1984-06-13;12.45;15.22;17.99;5.98;6.277;4.16;53.55
1984-06-14;11.63;16.18;20.73;1.92;24.096;3.54;47.06
1984-06-15;9.12;13.23;17.35;6.74;18.829;1.5;56.71
1984-06-16;10.29;14.58;18.87;1.47;16.056;2.76;53.69
1984-06-17;8.88;13.57;18.27;0.55;11.884;3.44;53.67
1984-06-18;7.78;12.62;17.46;0.99;19.272;2.35;42.43
1984-06-19;8.07;11.55;15.03;0.0;16.057;2.23;47.01
1984-06-20;9.11;11.31;13.51;2.39;17.211;2.52;58.31
1984-06-21;7.78;11.05;14.33;3.53;19.877;2.84;57.24
1984-06-22;7.67;11.18;14.69;0.82;13.002;3.44;54.39
1984-06-23;7.45;12.14;16.83;1.11;14.949;3.45;50.51
1984-06-24;7.4;11.75;16.09;0.95;20.57;1.61;47.93
1984-06-25;11.41;15.64;19.88;0.0;15.054;0.87;42.96
1984-06-26;11.12;14.68;18.25;6.71;11.589;2.43;69.8
1984-06-27;12.69;16.05;19.42;0.0;11.027;2.11;61.07
1984-06-28;8.93;12.22;15.52;13.5;15.375;2.11;76.46
1984-06-29;10.4;14.49;18.58;0.0;9.65;4.13;53.48
1984-06-30;10.28;14.79;19.31;0.0;18.624;3.6;47.81
1984-07-01;8.75;12.93;17.1;0.0;14.272;3.59;67.86
1984-07-02;9.46;14.78;20.1;1.95;21.803;3.46;47.86
1984-07-03;11.98;15.72;19.47;0.0;19.377;2.11;51.6
1984-07-04;12.62;16.38;20.13;0.0;12.689;1.4;46.94
1984-07-05;13.01;15.68;18.35;12.36;11.127;2.62;71.7
1984-07-06;9.41;13.52;17.63;0.0;8.551;3.55;71.3
1984-07-07;8.63;14.48;20.33;0.0;15.036;2.76;60.66
1984-07-08;13.12;16.75;20.37;3.77;9.087;3.2;68.35
1984-07-09;10.16;14.96;19.75;0.0;13.83;3.62;50.87
1984-07-10;8.51;13.66;18.81;0.0;21.462;3.42;42.33
1984-07-11;9.01;14.25;19.5;0.7;19.433;1.91;41.23
1984-07-12;12.96;15.6;18.23;6.85;9.805;1.6;71.74
1984-07-13;11.93;14.71;17.49;7.11;11.025;1.4;66.08
1984-07-14;9.4;13.43;17.46;2.49;20.039;4.26;50.07
1984-07-15;8.37;13.46;18.55;0.0;14.029;3.02;50.68
1984-07-16;10.99;15.34;19.69;0.0;12.282;2.63;61.34
1984-07-17;9.06;13.95;18.83;0.22;12.067;3.0;58.69
1984-07-18;8.53;12.23;15.94;0.0;23.133;1.7;46.22
1984-07-19;9.58;14.73;19.87;0.72;17.893;1.8;45.73
1984-07-20;10.03;14.37;18.71;4.61;11.794;3.03;58.22
1984-07-21;9.35;14.08;18.81;0.0;15.87;3.74;54.83
1984-07-22;9.94;14.48;19.03;0.0;16.412;3.19;46.6
1984-07-23;12.39;14.77;17.14;11.95;9.916;3.68;63.43
1984-07-24;11.65;15.18;18.7;4.2;12.246;4.11;59.49
1984-07-25;9.93;14.95;19.97;0.0;12.818;3.73;53.82
1984-07-26;9.96;15.36;20.76;0.0;16.156;2.12;46.17
1984-07-27;8.76;14.77;20.79;0.0;17.267;3.0;46.91
1984-07-28;8.48;13.65;18.83;2.67;22.072;3.5;49.15
1984-07-29;11.9;15.62;19.34;0.0;18.198;4.05;53.15
1984-07-30;11.55;16.38;21.21;0.64;13.605;1.7;53.6
1984-07-31;10.56;15.86;21.15;0.0;17.919;1.19;50.2
1984-08-01;8.21;14.17;20.12;0.0;16.587;2.63;46.59
1984-08-02;11.11;14.99;18.88;2.32;13.062;1.7;61.97
1984-08-03;13.36;16.65;19.94;2.59;12.439;0.47;60.91
1984-08-04;9.83;13.75;17.66;8.95;11.185;2.01;82.97
1984-08-05;9.6;13.89;18.17;0.0;14.753;3.6;63.79
1984-08-06;8.15;12.7;17.25;0.0;21.419;3.54;46.54
1984-08-07;11.17;16.66;22.15;0.0;17.918;1.7;48.2
1984-08-08;14.35;21.0;27.65;3.18;22.272;2.35;42.64
1984-08-09;13.77;18.66;23.54;19.99;15.158;3.96;53.21
1984-08-10;12.5;14.18;15.85;1.58;3.6;5.27;83.18
1984-08-11;11.99;15.38;18.76;1.95;11.47;4.64;79.66
1984-08-12;11.4;14.7;17.99;2.4;7.496;2.17;64.95
1984-08-13;12.4;18.32;24.23;0.0;20.245;2.56;49.56
1984-08-14;13.09;18.46;23.83;2.31;13.88;0.44;53.14
1984-08-15;13.58;17.46;21.35;2.08;18.672;2.11;53.24
1984-08-16;10.2;13.79;17.39;5.71;14.492;4.72;54.87
1984-08-17;8.27;11.34;14.42;2.63;16.466;4.34;53.96
1984-08-18;8.72;12.1;15.47;0.0;19.145;4.33;48.17
1984-08-19;7.37;12.61;17.85;0.0;17.995;2.63;43.0
1984-08-20;8.34;13.69;19.04;0.0;16.993;2.1;45.66
1984-08-21;10.82;17.16;23.51;3.86;12.156;1.8;48.02
1984-08-22;11.51;14.8;18.09;7.39;11.184;4.08;64.75
1984-08-23;10.2;12.47;14.75;16.76;10.658;3.41;83.34
1984-08-24;6.49;12.16;17.84;0.0;17.163;3.24;44.59
1984-08-25;6.94;12.91;18.88;0.3;16.661;1.4;40.56
1984-08-26;8.53;13.96;19.39;0.0;14.645;2.2;45.32
1984-08-27;9.99;15.36;20.72;0.67;17.266;0.53;46.21
1984-08-28;13.59;16.95;20.32;12.16;8.507;4.43;79.59
1984-08-29;13.6;18.53;23.46;0.97;12.025;1.71;64.46
1984-08-30;13.66;19.63;25.59;0.24;16.295;1.6;52.02
1984-08-31;13.66;16.82;19.98;0.67;11.776;2.89;60.99
1984-09-01;11.15;15.23;19.32;3.15;15.409;3.81;45.86
1984-09-02;10.16;14.88;19.61;4.34;10.261;3.51;48.91
1984-09-03;8.47;14.01;19.55;1.73;10.009;3.18;53.96
1984-09-04;10.63;14.46;18.28;7.35;12.474;3.62;60.09
1984-09-05;10.95;15.08;19.21;4.29;13.187;3.2;52.12
1984-09-06;11.97;14.07;16.17;14.06;3.364;3.25;76.26
1984-09-07;8.36;12.13;15.91;1.39;10.104;4.89;52.82
1984-09-08;7.76;12.36;16.96;0.23;13.833;3.6;48.49
1984-09-09;10.82;13.46;16.1;0.0;8.071;2.99;60.57
1984-09-10;12.03;14.43;16.84;10.61;7.2;2.69;64.34
1984-09-11;10.39;13.23;16.07;0.0;9.707;3.74;56.44
1984-09-12;7.74;12.61;17.49;0.0;7.874;1.9;47.07
1984-09-13;7.6;13.41;19.21;0.0;11.925;2.4;44.23
1984-09-14;7.93;12.36;16.79;1.17;4.018;1.2;73.75
1984-09-15;9.94;15.05;20.17;0.0;14.672;1.9;59.51
1984-09-16;7.95;13.46;18.96;0.0;14.89;2.2;45.96
1984-09-17;7.38;12.95;18.52;0.0;15.018;2.2;44.08
1984-09-18;5.97;12.21;18.44;0.0;11.875;1.62;46.01
1984-09-19;10.59;14.8;19.02;1.17;8.669;0.85;55.49
1984-09-20;10.82;14.9;18.99;0.28;11.208;1.42;50.16
1984-09-21;9.09;13.81;18.54;0.0;9.582;0.76;56.09
1984-09-22;10.38;14.75;19.12;0.0;9.683;1.23;57.98
1984-09-23;7.42;13.0;18.57;1.05;11.006;0.65;51.89
1984-09-24;9.25;13.93;18.61;0.0;11.115;0.76;57.77
1984-09-25;7.65;12.27;16.88;0.0;5.738;2.84;57.17
1984-09-26;9.62;12.26;14.9;3.6;4.759;2.59;71.33
1984-09-27;8.04;12.23;16.42;1.9;5.917;2.59;60.97
1984-09-28;6.47;12.96;19.46;0.0;15.38;3.55;44.46
1984-09-29;9.1;15.34;21.57;0.0;11.348;2.68;43.08
1984-09-30;10.23;16.31;22.39;2.85;7.134;2.95;50.89
1984-10-01;9.69;15.32;20.96;0.0;13.942;3.92;41.18
1984-10-02;12.04;15.53;19.02;0.85;5.791;4.3;64.35
1984-10-03;11.82;14.03;16.23;6.09;2.366;5.4;89.05
1984-10-04;9.34;13.36;17.38;0.0;7.269;1.47;72.73
1984-10-05;6.29;10.54;14.79;0.0;6.595;1.37;60.11
1984-10-06;5.83;10.42;15.01;0.0;6.807;2.55;46.61
1984-10-07;9.2;14.04;18.88;0.0;10.57;2.84;45.42
1984-10-08;9.35;14.39;19.44;0.0;6.007;3.77;52.3
1984-10-09;10.47;14.16;17.85;0.96;7.297;3.62;52.82
1984-10-10;9.61;13.13;16.66;1.76;5.989;5.7;64.05
1984-10-11;6.85;10.41;13.98;2.02;4.516;2.74;80.8
1984-10-12;7.85;12.14;16.44;1.78;9.346;3.43;64.37
1984-10-13;11.98;15.45;18.91;0.0;7.672;4.61;53.91
1984-10-14;9.98;14.13;18.27;0.0;3.616;2.6;57.47
1984-10-15;9.76;12.83;15.9;0.0;8.674;3.84;61.43
1984-10-16;9.3;11.7;14.1;2.04;4.182;5.39;79.88
1984-10-17;7.95;11.54;15.13;0.0;6.225;4.01;58.56
1984-10-18;8.1;10.55;13.0;6.57;2.082;5.4;78.86
1984-10-19;7.15;10.57;13.99;2.91;7.475;3.9;71.86
1984-10-20;4.37;9.29;14.22;0.0;7.329;3.87;45.06
1984-10-21;9.01;12.36;15.7;0.85;4.749;5.02;55.73
1984-10-22;7.72;10.35;12.98;1.86;4.405;4.9;56.01
1984-10-23;6.7;10.34;13.98;0.16;4.182;4.11;74.77
1984-10-24;9.04;13.99;18.95;0.0;5.651;4.01;55.44
1984-10-25;9.48;12.4;15.32;0.0;3.215;3.01;75.76
1984-10-26;5.52;9.27;13.01;0.0;4.14;2.15;68.92
1984-10-27;2.03;7.5;12.98;0.0;8.222;3.31;36.06
1984-10-28;3.66;9.66;15.66;0.0;8.068;3.42;40.88
1984-10-29;8.63;11.22;13.81;0.6;3.856;0.92;67.53
1984-10-30;9.05;10.32;11.59;1.93;2.704;0.65;85.78
1984-10-31;5.72;9.03;12.33;0.0;6.445;1.03;74.81
1984-11-01;4.63;8.74;12.86;0.0;6.415;2.13;55.96
1984-11-02;5.93;8.5;11.07;0.0;3.213;2.82;81.64
1984-11-03;6.02;8.5;10.98;4.37;1.31;4.13;78.35
1984-11-04;2.87;6.39;9.92;0.0;6.093;3.25;50.03
1984-11-05;3.4;5.35;7.31;0.0;2.006;1.97;78.02
1984-11-06;3.47;5.46;7.46;4.43;1.646;4.16;90.29
1984-11-07;1.49;4.99;8.49;0.0;3.419;2.98;56.64
1984-11-08;-0.74;2.73;6.21;0.0;1.967;2.44;66.51
1984-11-09;6.26;9.06;11.87;0.84;1.924;4.46;91.19
1984-11-10;7.11;9.86;12.6;0.0;2.042;4.97;90.74
1984-11-11;9.48;11.47;13.46;0.48;3.173;4.65;66.36
1984-11-12;9.51;12.6;15.69;0.0;4.256;3.07;59.8
1984-11-13;7.68;9.97;12.26;0.0;2.402;2.16;84.42
1984-11-14;8.11;11.31;14.51;0.0;2.971;1.61;70.84
1984-11-15;5.14;8.53;11.91;0.0;3.568;2.91;75.78
1984-11-16;4.12;6.65;9.19;0.0;1.317;2.83;84.67
1984-11-17;2.07;5.38;8.7;0.0;3.391;1.65;66.16
1984-11-18;4.78;6.67;8.56;5.16;3.932;4.51;81.4
1984-11-19;6.95;9.27;11.58;14.25;0.905;5.0;86.49
1984-11-20;6.27;9.94;13.61;0.0;1.797;5.53;86.97
1984-11-21;4.95;7.79;10.64;1.67;2.92;5.43;75.7
1984-11-22;0.12;2.55;4.98;0.46;4.107;4.81;66.66
1984-11-23;2.18;4.42;6.65;10.9;1.51;3.93;84.28
1984-11-24;0.59;2.52;4.46;0.9;1.956;2.81;74.25
1984-11-25;0.28;1.89;3.49;0.0;2.511;3.53;82.89
1984-11-26;0.67;2.33;3.98;0.0;1.934;2.65;85.36
1984-11-27;2.75;5.97;9.19;8.28;1.662;5.0;87.04
1984-11-28;2.25;5.11;7.96;0.57;1.693;2.84;67.08
1984-11-29;2.33;2.79;3.26;0.0;1.59;1.55;86.61
1984-11-30;2.27;3.34;4.41;0.0;1.51;3.13;86.03
1984-12-01;-1.05;1.81;4.68;0.53;3.014;0.64;79.54
1984-12-02;-7.06;-4.22;-1.38;0.0;3.107;2.3;48.24
1984-12-03;-3.42;-2.63;-1.83;0.21;1.88;3.34;44.59
1984-12-04;-3.65;-0.86;1.93;0.56;1.066;3.11;93.56
1984-12-05;-3.46;-0.78;1.91;0.0;1.037;3.19;92.6
1984-12-06;-2.36;0.84;4.05;0.8;1.485;2.34;95.67
1984-12-07;2.39;3.3;4.22;0.0;1.354;0.83;82.92
1984-12-08;0.1;2.58;5.06;0.0;2.833;1.84;78.52
1984-12-09;0.04;1.96;3.87;0.0;1.233;2.63;89.45
1984-12-10;-2.61;0.78;4.17;0.0;3.878;4.26;88.48
1984-12-11;2.24;3.21;4.18;0.0;2.217;1.29;82.3
1984-12-12;-3.85;-0.54;2.78;0.0;2.657;2.23;70.56
1984-12-13;-5.53;-3.17;-0.8;1.36;3.516;1.22;58.92
1984-12-14;-7.3;-3.81;-0.33;0.3;1.958;2.85;75.36
1984-12-15;-6.08;-2.0;2.09;1.85;2.017;3.37;74.67
1984-12-16;-3.2;0.56;4.32;0.7;1.467;4.32;88.07
1984-12-17;-7.35;-3.53;0.28;0.0;3.22;2.73;58.75
1984-12-18;-8.83;-5.66;-2.49;0.0;3.807;2.33;44.16
1984-12-19;-8.74;-6.05;-3.37;0.3;2.828;2.34;54.32
1984-12-20;-5.61;-1.04;3.54;9.81;1.181;3.19;85.12
1984-12-21;1.92;4.12;6.32;0.0;2.315;4.93;82.6
1984-12-22;-3.27;0.31;3.9;0.32;3.43;3.31;68.22
1984-12-23;4.25;5.65;7.06;1.39;2.315;5.99;76.75
1984-12-24;2.17;5.62;9.06;10.5;1.174;6.11;82.52
1984-12-25;-2.45;-2.17;-1.89;0.0;2.331;7.63;53.92
1984-12-26;-3.36;-1.29;0.78;2.77;1.829;1.32;50.86
1984-12-27;5.86;7.53;9.19;0.3;1.814;3.51;84.07
1984-12-28;6.25;7.54;8.83;2.73;1.474;3.53;82.0
1984-12-29;4.41;5.0;5.58;2.41;1.401;2.44;84.71
1984-12-30;2.72;3.32;3.91;0.41;1.174;2.0;85.72
1984-12-31;-1.08;1.09;3.27;0.0;2.158;1.82;75.21
