iso-date;tmin;tavg;tmax;precip;globrad;wind;relhumid
1980-01-01;-1.94;0.09;2.13;0.0;2.404;3.64;80.24
1980-01-02;-5.05;-2.0;1.04;7.85;1.115;3.55;85.42
1980-01-03;-3.15;-1.05;1.04;0.0;2.031;2.9;78.18
1980-01-04;-2.78;-0.34;2.09;3.58;2.465;2.22;65.11
1980-01-05;6.21;7.98;9.76;2.33;0.81;4.35;89.32
1980-01-06;5.58;7.38;9.18;6.63;2.581;7.27;86.06
1980-01-07;3.55;7.06;10.57;9.4;0.976;5.8;88.98
1980-01-08;6.01;7.55;9.09;15.23;1.343;3.53;89.08
1980-01-09;3.3;5.78;8.25;5.01;1.732;6.16;87.58
1980-01-10;0.94;3.47;6.0;2.56;1.346;5.34;87.62
1980-01-11;-1.24;1.31;3.86;3.44;2.672;2.88;81.21
1980-01-12;1.7;3.21;4.72;9.46;1.909;5.63;84.95
1980-01-13;-3.98;-1.77;0.43;0.0;2.773;2.75;63.55
1980-01-14;-6.82;-3.6;-0.38;0.88;3.343;0.57;71.8
1980-01-15;-3.69;-3.48;-3.27;1.45;2.719;2.62;67.02
1980-01-16;-5.98;-4.07;-2.16;0.0;1.805;2.48;65.09
1980-01-17;-7.74;-5.04;-2.34;0.4;1.642;2.37;69.27
1980-01-18;-7.1;-4.62;-2.13;1.09;2.591;3.72;76.89
1980-01-19;-7.94;-5.5;-3.05;0.0;1.446;2.58;66.22
1980-01-20;-6.19;-4.31;-2.43;0.0;2.16;3.48;68.97
1980-01-21;-3.18;-1.91;-0.63;1.57;1.073;4.6;82.98
1980-01-22;-4.95;-3.61;-2.27;0.5;2.551;3.61;79.77
1980-01-23;-3.8;-1.04;1.72;0.0;1.297;3.83;81.86
1980-01-24;-3.38;-1.0;1.38;0.0;1.532;2.97;80.73
1980-01-25;-1.05;0.16;1.37;0.47;3.709;2.81;86.9
1980-01-26;-1.32;-0.12;1.08;0.0;3.459;3.41;81.61
1980-01-27;-1.75;-0.74;0.26;0.0;4.311;6.34;72.63
1980-01-28;-1.71;0.22;2.15;8.3;2.366;8.08;75.4
1980-01-29;2.44;3.88;5.33;0.53;2.07;6.32;86.0
1980-01-30;-0.7;2.29;5.29;0.0;2.314;2.48;83.46
1980-01-31;-0.3;2.39;5.07;0.0;1.623;6.08;81.88
1980-02-01;3.41;4.91;6.41;0.0;4.011;5.84;85.25
1980-02-02;3.81;6.24;8.67;1.0;4.767;5.55;68.97
1980-02-03;4.56;5.72;6.88;4.02;1.901;6.36;80.29
1980-02-04;4.97;7.39;9.81;0.0;4.412;5.89;64.81
1980-02-05;4.83;6.0;7.18;0.0;2.004;7.02;82.49
1980-02-06;4.25;6.1;7.95;0.0;3.732;5.51;65.76
1980-02-07;5.63;8.85;12.07;0.0;5.236;6.35;66.32
1980-02-08;5.51;7.71;9.9;0.0;4.431;5.45;71.56
1980-02-09;4.97;7.32;9.67;5.35;3.55;5.74;76.11
1980-02-10;2.36;5.04;7.72;3.04;5.124;5.16;76.62
1980-02-11;2.39;4.24;6.09;0.0;5.454;6.51;65.31
1980-02-12;3.08;5.07;7.06;9.1;4.542;7.02;66.89
1980-02-13;3.32;4.99;6.66;7.5;3.617;6.51;80.24
1980-02-14;1.88;4.56;7.25;1.75;4.39;5.25;70.18
1980-02-15;4.07;6.66;9.24;24.69;1.685;5.19;82.34
1980-02-16;2.52;4.3;6.09;3.75;4.655;9.3;70.4
1980-02-17;0.31;2.32;4.33;2.94;2.344;2.64;69.82
1980-02-18;-2.32;0.35;3.03;0.0;5.969;2.78;60.75
1980-02-19;-3.9;-1.31;1.28;0.0;7.322;1.68;56.87
1980-02-20;-2.8;-0.5;1.8;0.0;6.61;2.48;54.99
1980-02-21;-2.14;0.16;2.45;0.0;6.711;4.0;55.08
1980-02-22;-1.96;0.46;2.88;4.44;2.828;4.36;69.71
1980-02-23;2.64;4.02;5.4;1.7;5.823;5.01;76.96
1980-02-24;0.96;3.92;6.87;4.43;4.367;5.8;73.86
1980-02-25;4.5;6.47;8.44;14.41;4.414;6.92;83.89
1980-02-26;3.47;4.68;5.89;5.34;7.739;5.37;69.33
1980-02-27;5.51;7.74;9.97;3.54;5.092;7.0;75.52
1980-02-28;4.44;6.21;7.99;0.0;4.409;5.13;79.17
1980-02-29;3.64;5.22;6.8;1.04;5.512;5.36;77.1
1980-03-01;-0.43;3.16;6.75;0.0;4.304;3.74;64.22
1980-03-02;-3.47;0.77;5.02;0.0;8.041;1.68;50.24
1980-03-03;-3.86;-0.21;3.44;0.0;8.329;1.03;48.71
1980-03-04;0.06;4.23;8.39;5.06;3.468;2.04;57.61
1980-03-05;2.62;5.72;8.83;3.08;7.524;1.2;70.38
1980-03-06;1.74;4.29;6.85;7.56;5.079;4.01;87.92
1980-03-07;4.26;7.64;11.03;0.0;6.172;2.61;69.32
1980-03-08;6.33;7.57;8.81;0.0;4.539;0.7;84.04
1980-03-09;3.08;6.54;10.01;0.0;9.743;4.73;55.19
1980-03-10;-1.1;3.13;7.35;0.0;10.158;7.02;36.84
1980-03-11;-1.86;0.43;2.72;0.0;12.102;5.43;30.46
1980-03-12;-2.3;1.04;4.37;0.0;13.45;3.6;31.19
1980-03-13;-2.32;0.23;2.77;0.0;10.548;2.14;28.1
1980-03-14;-2.3;0.72;3.73;0.0;10.485;1.69;40.5
1980-03-15;-2.65;1.02;4.69;0.0;11.463;3.17;43.92
1980-03-16;-1.15;2.88;6.91;0.0;12.225;4.37;40.18
1980-03-17;0.84;5.09;9.34;0.0;13.55;2.17;36.54
1980-03-18;2.87;5.81;8.76;6.43;6.346;6.82;68.21
1980-03-19;2.12;5.59;9.06;7.61;7.646;6.09;59.74
1980-03-20;1.23;3.98;6.73;0.0;9.959;5.17;42.28
1980-03-21;0.59;3.67;6.74;1.96;7.22;5.3;65.53
1980-03-22;1.03;2.77;4.52;0.0;10.222;6.41;41.65
1980-03-23;-2.53;-0.39;1.74;0.86;4.274;5.71;57.04
1980-03-24;-5.94;-1.86;2.23;0.0;14.242;2.0;30.3
1980-03-25;-2.08;1.38;4.83;0.0;16.704;4.5;27.41
1980-03-26;-0.46;2.0;4.45;0.0;16.805;6.42;39.17
1980-03-27;0.79;4.0;7.21;0.78;15.888;6.92;40.07
1980-03-28;1.3;3.31;5.33;0.0;7.645;6.31;51.58
1980-03-29;-0.29;3.98;8.25;0.0;10.794;4.36;44.65
1980-03-30;-1.51;3.2;7.91;0.0;16.902;2.44;35.93
1980-03-31;-0.7;3.88;8.46;5.74;7.548;3.63;71.79
1980-04-01;2.31;6.67;11.02;0.0;15.009;4.2;50.15
1980-04-02;3.6;6.92;10.23;0.0;9.437;5.63;55.07
1980-04-03;3.1;6.2;9.3;0.0;9.371;4.96;52.23
1980-04-04;2.68;5.45;8.21;0.48;3.878;5.17;71.14
1980-04-05;5.94;9.06;12.18;0.0;11.271;5.27;57.44
1980-04-06;2.84;5.08;7.32;8.99;4.221;5.56;83.79
1980-04-07;2.1;3.73;5.36;0.42;17.996;5.07;41.51
1980-04-08;2.63;4.88;7.12;0.41;11.098;2.62;59.22
1980-04-09;2.62;4.66;6.7;5.04;6.01;3.16;70.0
1980-04-10;5.08;8.45;11.81;3.33;12.424;3.16;62.88
1980-04-11;1.54;4.7;7.86;0.0;12.347;8.47;59.82
1980-04-12;0.28;3.1;5.92;0.0;20.219;6.4;34.28
1980-04-13;1.75;5.14;8.53;0.0;19.532;3.18;32.21
1980-04-14;2.03;4.6;7.17;0.0;7.716;0.86;51.33
1980-04-15;4.5;7.09;9.68;5.03;6.029;2.62;74.38
1980-04-16;2.4;6.16;9.91;0.48;8.194;2.18;60.59
1980-04-17;3.56;6.67;9.77;4.6;6.835;1.02;62.16
1980-04-18;3.44;8.31;13.19;0.0;15.492;4.62;46.28
1980-04-19;2.39;5.16;7.93;7.65;3.922;6.67;76.71
1980-04-20;8.66;12.99;17.32;2.3;11.553;3.97;53.94
1980-04-21;7.03;12.3;17.58;0.0;19.305;3.86;42.28
1980-04-22;8.65;14.28;19.91;5.66;18.59;4.23;37.82
1980-04-23;9.36;15.75;22.14;2.41;14.83;0.89;55.15
1980-04-24;9.0;13.37;17.73;3.75;19.408;2.99;50.61
1980-04-25;10.66;14.82;18.99;3.35;12.208;3.1;52.13
1980-04-26;9.41;14.88;20.35;0.0;20.647;3.15;54.65
1980-04-27;10.06;12.93;15.79;5.39;14.377;3.21;61.86
1980-04-28;9.26;12.8;16.34;5.37;14.679;1.84;61.63
1980-04-29;7.12;10.57;14.03;2.32;13.446;3.38;73.49
1980-04-30;5.24;11.41;17.58;1.69;9.734;2.7;56.87
1980-05-01;9.03;13.52;18.01;0.0;20.455;4.26;52.75
1980-05-02;8.98;13.27;17.56;1.68;19.791;4.73;54.2
1980-05-03;8.58;14.1;19.62;0.0;23.331;3.84;50.87
1980-05-04;8.82;13.46;18.11;0.0;23.763;3.52;51.97
1980-05-05;9.05;13.54;18.02;0.0;16.924;3.44;46.86
1980-05-06;8.6;13.68;18.77;0.0;24.897;2.0;46.5
1980-05-07;8.54;12.27;15.99;2.21;11.101;3.45;63.06
1980-05-08;6.7;8.7;10.69;1.31;7.408;3.34;71.78
1980-05-09;6.78;8.76;10.73;0.0;16.724;2.2;50.31
1980-05-10;4.55;8.44;12.32;0.0;18.986;3.87;49.56
1980-05-11;5.68;9.31;12.95;0.0;23.9;5.61;40.46
1980-05-12;6.15;10.32;14.5;0.0;18.202;5.87;41.95
1980-05-13;7.97;12.43;16.89;0.0;17.899;5.66;42.55
1980-05-14;8.68;12.71;16.75;1.34;12.503;4.4;62.98
1980-05-15;11.46;16.61;21.76;2.01;21.311;3.04;45.97
1980-05-16;11.49;17.39;23.29;0.47;26.458;0.76;48.3
1980-05-17;11.47;14.61;17.75;15.01;12.257;1.58;77.8
1980-05-18;14.63;16.24;17.85;17.44;8.446;2.61;80.89
1980-05-19;8.75;13.21;17.68;2.37;8.592;5.87;57.34
1980-05-20;10.06;13.91;17.77;0.84;22.094;3.33;51.22
1980-05-21;11.54;14.59;17.65;3.42;15.803;2.87;68.62
1980-05-22;9.92;11.66;13.41;2.59;8.365;2.86;81.56
1980-05-23;9.86;12.43;14.99;2.74;11.488;2.45;73.97
1980-05-24;10.16;13.69;17.21;0.0;16.048;0.36;56.29
1980-05-25;10.4;14.66;18.91;0.0;21.615;2.13;54.61
1980-05-26;9.61;13.14;16.67;2.88;17.892;4.06;52.65
1980-05-27;9.42;11.52;13.61;17.0;6.1;3.54;84.5
1980-05-28;10.44;12.88;15.33;1.2;14.183;3.48;69.29
1980-05-29;9.66;12.57;15.49;6.09;8.489;1.96;65.63
1980-05-30;7.92;12.69;17.46;0.0;22.705;3.27;56.64
1980-05-31;7.76;12.69;17.62;0.0;23.317;1.82;46.5
1980-06-01;10.45;13.38;16.32;9.24;14.849;5.07;53.76
1980-06-02;7.95;12.99;18.03;14.77;9.808;3.48;75.53
1980-06-03;8.31;13.48;18.65;0.0;19.631;2.18;51.87
1980-06-04;9.34;14.01;18.67;0.0;19.094;0.87;48.37
1980-06-05;10.21;14.26;18.31;0.0;23.75;2.05;57.74
1980-06-06;9.7;13.63;17.56;0.0;12.241;1.62;56.61
1980-06-07;11.52;15.49;19.47;0.0;20.074;0.46;53.12
1980-06-08;8.76;14.2;19.63;0.0;23.776;2.04;45.62
1980-06-09;8.0;12.96;17.91;0.0;24.325;2.86;47.04
1980-06-10;7.51;12.58;17.65;0.0;27.524;3.46;42.32
1980-06-11;8.07;14.18;20.28;0.0;29.278;3.02;46.35
1980-06-12;10.0;16.01;22.01;0.0;28.41;1.24;47.67
1980-06-13;11.42;16.91;22.39;0.0;26.189;1.17;48.83
1980-06-14;11.56;16.54;21.51;0.0;25.219;0.33;52.09
1980-06-15;10.8;16.96;23.12;0.0;28.241;2.92;50.33
1980-06-16;10.47;14.96;19.46;1.26;25.821;3.35;46.77
1980-06-17;8.25;12.28;16.3;0.0;19.253;1.35;50.2
1980-06-18;10.38;13.3;16.22;0.0;19.133;2.03;52.44
1980-06-19;8.12;12.18;16.24;0.0;20.159;2.01;47.95
1980-06-20;8.09;13.54;18.99;0.0;15.274;2.94;47.71
1980-06-21;13.59;16.33;19.07;0.62;12.081;3.88;55.89
1980-06-22;7.99;12.27;16.55;0.0;22.567;4.16;49.69
1980-06-23;7.29;11.83;16.37;0.0;22.54;1.02;45.34
1980-06-24;9.29;13.4;17.51;7.07;13.753;1.04;58.78
1980-06-25;9.59;13.32;17.06;5.72;7.191;2.16;54.9
1980-06-26;9.4;13.27;17.14;5.3;9.695;4.34;67.01
1980-06-27;12.26;14.75;17.24;13.64;16.248;5.05;68.64
1980-06-28;13.9;16.89;19.87;0.0;12.957;5.17;75.74
1980-06-29;14.57;19.09;23.6;0.0;20.288;2.35;58.12
1980-06-30;14.08;19.19;24.3;0.0;22.447;2.59;60.31
1980-07-01;13.24;18.43;23.63;0.9;16.186;2.7;59.02
1980-07-02;11.58;15.0;18.42;0.77;24.238;2.8;49.16
1980-07-03;11.34;14.01;16.67;5.72;11.665;1.45;75.13
1980-07-04;9.16;13.58;18.0;0.0;22.366;0.99;57.38
1980-07-05;9.42;15.33;21.24;0.0;21.851;1.35;51.03
1980-07-06;14.3;19.2;24.1;0.0;19.56;1.19;56.41
1980-07-07;11.3;16.05;20.8;0.0;24.548;2.48;56.86
1980-07-08;9.36;14.09;18.83;0.0;24.997;1.97;46.49
1980-07-09;9.19;14.26;19.33;0.0;26.177;1.01;43.04
1980-07-10;12.49;18.59;24.68;0.0;23.861;1.86;47.62
1980-07-11;14.75;21.34;27.92;14.33;20.564;1.85;56.68
1980-07-12;12.65;15.96;19.27;0.0;23.181;4.34;56.4
1980-07-13;10.94;14.88;18.82;0.15;18.811;0.74;44.64
1980-07-14;13.03;18.09;23.16;0.0;21.83;1.36;50.63
1980-07-15;13.18;18.17;23.16;0.0;25.349;0.87;54.65
1980-07-16;13.38;19.27;25.16;0.0;23.611;1.65;49.11
1980-07-17;14.29;19.95;25.62;0.0;25.035;1.57;50.41
1980-07-18;12.85;18.41;23.96;0.0;25.465;1.77;44.41
1980-07-19;15.12;21.22;27.32;14.54;12.737;3.22;44.83
1980-07-20;12.65;16.05;19.46;0.0;18.978;4.05;55.15
1980-07-21;11.77;15.14;18.52;0.0;17.149;1.07;50.72
1980-07-22;11.16;16.22;21.28;0.0;24.5;1.89;42.33
1980-07-23;14.76;19.37;23.98;2.2;24.907;4.05;44.66
1980-07-24;12.65;16.23;19.82;2.04;22.428;1.25;52.06
1980-07-25;11.92;16.11;20.31;1.04;19.504;0.98;48.08
1980-07-26;11.66;16.33;21.0;2.6;13.471;1.36;48.23
1980-07-27;11.35;15.52;19.69;0.0;20.814;1.46;49.68
1980-07-28;12.85;13.79;14.74;13.1;4.798;2.87;81.84
1980-07-29;14.8;19.27;23.74;0.0;19.278;2.96;52.39
1980-07-30;14.64;15.93;17.22;23.7;4.995;2.21;82.3
1980-07-31;16.21;20.41;24.6;1.89;18.828;3.02;56.07
1980-08-01;12.86;17.73;22.61;0.0;20.752;1.19;53.09
1980-08-02;10.66;15.15;19.65;0.0;24.239;3.11;51.5
1980-08-03;13.12;18.04;22.97;0.0;24.035;3.02;52.02
1980-08-04;13.06;18.22;23.38;0.0;21.833;3.02;52.24
1980-08-05;14.69;18.89;23.09;0.0;24.146;3.71;50.78
1980-08-06;13.9;17.91;21.91;0.0;24.092;4.55;48.29
1980-08-07;14.65;18.89;23.14;0.0;24.222;4.04;47.41
1980-08-08;9.9;14.84;19.77;0.0;14.578;1.54;50.9
1980-08-09;13.43;18.07;22.72;2.58;18.446;1.81;47.29
1980-08-10;12.22;15.85;19.48;7.95;10.473;1.24;55.91
1980-08-11;11.11;15.41;19.72;0.0;14.656;0.73;55.93
1980-08-12;9.94;13.61;17.29;1.41;14.579;4.16;51.11
1980-08-13;10.54;13.53;16.51;7.99;17.873;2.93;52.45
1980-08-14;10.28;13.93;17.58;0.0;20.258;2.94;45.72
1980-08-15;12.68;16.63;20.58;0.0;15.868;2.47;50.85
1980-08-16;11.47;15.07;18.66;0.0;12.558;4.35;58.12
1980-08-17;9.9;14.13;18.35;0.0;13.948;3.05;52.46
1980-08-18;9.99;14.48;18.97;0.0;14.069;3.04;47.55
1980-08-19;12.42;16.34;20.25;2.59;12.436;5.02;62.39
1980-08-20;11.0;14.26;17.52;0.0;11.442;5.26;51.43
1980-08-21;12.42;16.89;21.36;2.75;10.301;3.29;63.78
1980-08-22;16.07;21.56;27.06;0.0;14.218;2.39;54.82
1980-08-23;15.86;19.16;22.45;2.3;15.143;3.05;64.87
1980-08-24;13.29;16.2;19.12;0.0;15.517;5.0;59.83
1980-08-25;12.25;16.15;20.05;0.0;17.066;3.4;50.3
1980-08-26;14.06;18.04;22.02;0.0;11.328;4.73;54.31
1980-08-27;12.65;15.41;18.17;0.59;9.192;1.98;67.73
1980-08-28;11.3;15.03;18.76;3.59;13.994;4.48;53.62
1980-08-29;11.75;14.16;16.57;8.05;12.222;1.79;68.84
1980-08-30;10.51;12.64;14.77;18.55;4.419;2.35;83.57
1980-08-31;12.0;14.33;16.66;6.43;11.892;2.65;56.59
1980-09-01;10.12;12.47;14.82;2.42;14.252;6.22;59.53
1980-09-02;9.08;11.62;14.16;16.73;8.162;6.99;62.19
1980-09-03;8.73;11.19;13.64;15.5;9.2;6.53;64.5
1980-09-04;8.27;10.9;13.53;0.35;12.387;7.01;57.98
1980-09-05;8.28;11.46;14.63;0.0;6.751;5.3;57.07
1980-09-06;9.28;11.64;14.0;5.9;14.097;3.37;49.54
1980-09-07;10.48;14.12;17.76;4.89;6.534;6.13;78.96
1980-09-08;12.77;17.3;21.83;0.0;16.16;2.37;54.61
1980-09-09;12.71;17.05;21.38;0.0;11.491;4.27;62.91
1980-09-10;10.95;13.11;15.26;0.0;6.822;4.45;65.32
1980-09-11;9.44;12.07;14.71;0.45;9.002;5.78;64.22
1980-09-12;9.52;11.8;14.08;1.17;8.82;4.58;56.73
1980-09-13;9.83;13.02;16.21;0.0;8.219;3.0;56.31
1980-09-14;9.2;14.37;19.54;0.18;16.343;2.88;45.91
1980-09-15;10.21;13.09;15.96;4.43;5.225;0.67;70.23
1980-09-16;10.0;13.71;17.43;0.0;12.36;3.0;62.17
1980-09-17;13.68;18.91;24.15;1.3;14.756;4.04;51.43
1980-09-18;11.19;14.54;17.88;0.0;10.782;2.91;63.1
1980-09-19;9.31;13.5;17.7;0.0;12.589;3.45;63.38
1980-09-20;11.47;14.89;18.31;0.0;5.661;2.37;64.28
1980-09-21;9.95;15.7;21.45;1.52;13.319;2.3;46.56
1980-09-22;12.52;16.2;19.88;3.45;5.703;3.46;77.6
1980-09-23;9.88;13.16;16.45;0.0;8.505;3.86;63.49
1980-09-24;9.48;13.28;17.07;0.0;10.365;3.14;48.4
1980-09-25;11.9;13.15;14.4;5.57;7.414;5.44;78.67
1980-09-26;12.07;14.0;15.92;0.0;5.005;5.09;59.47
1980-09-27;10.32;13.09;15.85;0.0;7.743;4.03;67.5
1980-09-28;9.97;12.14;14.32;1.97;8.47;4.55;68.98
1980-09-29;8.72;10.46;12.2;12.6;7.906;5.8;67.17
1980-09-30;9.67;12.34;15.02;0.0;7.91;5.66;60.41
1980-10-01;9.38;11.1;12.82;4.7;7.295;4.0;72.6
1980-10-02;11.13;13.45;15.76;0.0;5.766;3.56;76.4
1980-10-03;11.14;13.95;16.76;0.0;6.332;3.47;68.85
1980-10-04;9.25;13.59;17.92;0.0;6.686;2.36;66.39
1980-10-05;7.31;11.38;15.46;0.0;4.647;1.99;62.56
1980-10-06;4.71;7.43;10.15;0.0;10.279;4.5;45.72
1980-10-07;2.46;5.26;8.06;0.67;9.63;3.18;48.36
1980-10-08;3.5;6.08;8.67;0.63;10.075;4.74;45.16
1980-10-09;2.93;4.75;6.56;0.0;4.523;1.79;60.55
1980-10-10;3.02;5.68;8.35;9.63;5.916;3.49;60.69
1980-10-11;7.87;9.53;11.18;0.0;5.461;6.38;71.59
1980-10-12;8.79;10.26;11.73;0.0;5.709;6.12;73.56
1980-10-13;7.32;8.42;9.52;3.66;3.954;4.63;79.8
1980-10-14;7.53;9.36;11.18;5.55;5.068;4.07;76.12
1980-10-15;9.23;11.46;13.68;1.91;2.908;6.31;77.44
1980-10-16;9.64;12.11;14.58;0.54;5.558;4.01;54.82
1980-10-17;0.97;6.7;12.42;0.0;5.952;5.75;64.59
1980-10-18;0.83;6.04;11.24;0.0;8.268;2.68;42.26
1980-10-19;4.44;8.54;12.64;1.02;9.805;4.53;45.94
1980-10-20;5.48;8.48;11.47;0.0;5.325;3.34;41.19
1980-10-21;4.31;7.33;10.35;0.0;7.503;4.27;52.69
1980-10-22;5.02;7.65;10.28;0.0;7.573;3.8;58.79
1980-10-23;4.23;7.48;10.73;0.0;7.903;4.12;52.39
1980-10-24;4.22;6.34;8.46;0.39;6.889;4.71;62.13
1980-10-25;2.36;4.88;7.39;0.0;6.572;4.75;65.03
1980-10-26;2.57;5.22;7.88;0.0;6.583;5.19;55.44
1980-10-27;3.7;5.54;7.37;8.62;2.818;2.46;87.99
1980-10-28;4.31;6.45;8.59;3.96;2.335;2.14;90.19
1980-10-29;4.48;6.4;8.32;4.64;1.007;4.45;88.46
1980-10-30;4.77;6.55;8.33;3.96;1.505;3.19;88.41
1980-10-31;5.91;7.95;9.99;0.29;1.46;3.72;88.43
1980-11-01;2.32;7.98;13.63;2.62;1.247;4.46;85.62
1980-11-02;6.43;8.7;10.97;5.79;2.902;6.39;89.8
1980-11-03;8.59;10.21;11.84;16.08;2.443;6.78;88.46
1980-11-04;8.38;10.7;13.01;7.98;3.638;4.08;80.52
1980-11-05;4.56;7.84;11.12;3.92;4.673;1.11;87.39
1980-11-06;4.01;6.45;8.88;0.0;2.874;2.37;81.21
1980-11-07;2.27;3.2;4.12;0.0;2.061;3.4;84.51
1980-11-08;2.95;4.55;6.16;8.82;4.269;4.35;82.18
1980-11-09;4.95;7.5;10.05;1.9;3.014;3.24;86.58
1980-11-10;4.66;6.97;9.29;0.0;2.664;0.61;82.0
1980-11-11;3.29;5.26;7.23;0.0;2.193;2.52;85.18
1980-11-12;2.32;3.33;4.34;4.06;2.775;1.91;79.29
1980-11-13;0.49;2.59;4.69;1.15;2.99;2.11;81.0
1980-11-14;-4.37;-1.71;0.95;1.13;3.322;2.77;83.0
1980-11-15;-3.46;-1.46;0.55;0.0;2.838;2.4;78.13
1980-11-16;-1.41;1.23;3.86;0.0;2.853;1.92;76.95
1980-11-17;-2.25;-0.17;1.91;0.84;2.235;0.9;80.76
1980-11-18;-1.74;-0.41;0.91;0.0;3.71;4.07;68.88
1980-11-19;-2.1;-0.29;1.53;0.0;2.477;2.49;67.91
1980-11-20;-3.54;-0.9;1.75;0.0;2.858;1.7;71.05
1980-11-21;-4.18;-1.47;1.23;0.51;2.054;0.65;79.01
1980-11-22;-2.13;0.44;3.0;3.8;1.584;0.68;84.01
1980-11-23;0.53;2.21;3.88;4.33;2.163;1.67;84.44
1980-11-24;-1.43;0.49;2.41;5.85;1.255;0.99;87.82
1980-11-25;-2.95;-1.79;-0.63;0.53;2.369;3.25;76.96
1980-11-26;-3.67;-2.19;-0.7;0.0;2.069;3.17;76.78
1980-11-27;-3.65;-2.17;-0.7;0.0;2.886;5.33;70.43
1980-11-28;-2.45;-1.54;-0.62;0.0;1.801;5.87;72.56
1980-11-29;-1.99;0.16;2.31;9.27;1.696;2.05;87.84
1980-11-30;-0.64;0.54;1.73;0.0;2.074;2.04;84.17
1980-12-01;-1.38;0.34;2.07;0.0;2.796;2.3;81.81
1980-12-02;-1.01;-0.42;0.16;0.0;1.7;1.37;80.84
1980-12-03;-2.71;-0.98;0.74;0.0;1.705;3.62;81.99
1980-12-04;-2.84;-0.55;1.73;3.88;1.242;5.22;88.31
1980-12-05;-2.32;-0.75;0.81;0.0;1.701;1.98;83.62
1980-12-06;-4.33;-1.57;1.19;4.91;2.605;2.79;78.99
1980-12-07;-0.36;2.57;5.5;0.0;1.395;2.67;87.1
1980-12-08;-0.43;2.03;4.49;0.0;2.19;3.04;83.74
1980-12-09;1.44;3.17;4.9;0.86;1.111;1.97;82.37
1980-12-10;2.26;4.45;6.64;0.65;1.882;2.98;85.44
1980-12-11;2.4;3.74;5.07;0.0;1.689;3.03;90.2
1980-12-12;0.16;3.08;6.0;0.62;1.795;3.53;87.9
1980-12-13;1.14;3.13;5.11;0.0;2.22;4.03;90.2
1980-12-14;-1.84;1.43;4.7;0.0;2.14;0.82;84.13
1980-12-15;-2.68;-0.87;0.95;0.0;1.569;2.73;79.49
1980-12-16;-1.46;0.54;2.55;0.63;1.344;2.8;87.14
1980-12-17;-3.62;-1.16;1.31;0.0;1.711;2.38;79.56
1980-12-18;-1.84;-0.58;0.67;6.1;1.344;4.36;79.67
1980-12-19;1.48;4.21;6.94;11.34;0.976;3.6;89.05
1980-12-20;2.01;3.65;5.29;15.34;2.248;5.45;86.77
1980-12-21;-2.54;0.09;2.72;0.0;1.578;3.33;72.94
1980-12-22;-6.4;-4.13;-1.85;0.0;1.35;3.01;74.68
1980-12-23;-5.06;-3.57;-2.09;1.13;2.246;2.25;70.87
1980-12-24;-12.46;-3.86;4.75;23.0;0.92;3.36;84.96
1980-12-25;4.51;6.07;7.63;16.34;1.45;4.13;83.88
1980-12-26;6.69;7.97;9.26;7.07;0.874;5.34;89.87
1980-12-27;5.82;7.15;8.48;17.76;1.35;3.3;86.7
1980-12-28;2.19;3.57;4.95;0.0;1.873;5.4;83.41
1980-12-29;0.42;1.48;2.54;0.0;2.503;3.19;69.57
1980-12-30;-3.54;-2.95;-2.36;0.0;1.672;5.2;61.36
1980-12-31;-5.95;-4.28;-2.6;0.0;1.595;5.03;56.02
1981-01-01;-5.52;-4.88;-4.25;0.0;1.557;4.19;53.9
1981-01-02;-9.47;-6.2;-2.93;0.0;2.221;0.34;67.7
1981-01-03;-7.41;-4.75;-2.09;3.4;1.733;4.91;52.51
1981-01-04;2.71;4.23;5.75;6.11;2.094;7.41;82.53
1981-01-05;1.7;3.1;4.49;20.66;1.125;5.22;83.73
1981-01-06;-3.96;-0.37;3.22;0.0;2.494;4.89;58.13
1981-01-07;-0.84;3.59;8.02;2.44;1.599;4.63;81.58
1981-01-08;7.46;8.21;8.96;3.77;1.229;6.14;86.97
1981-01-09;0.97;5.03;9.09;1.65;1.926;5.6;86.78
1981-01-10;0.98;3.04;5.1;0.0;2.78;3.92;85.56
1981-01-11;2.91;4.82;6.73;0.0;2.735;5.06;85.42
1981-01-12;5.45;6.84;8.22;3.38;1.707;5.51;81.3
1981-01-13;4.64;6.05;7.47;4.9;1.808;6.7;83.69
1981-01-14;3.21;4.79;6.37;0.0;1.643;5.02;80.4
1981-01-15;1.96;4.25;6.55;5.76;1.644;7.02;81.32
1981-01-16;4.06;5.59;7.13;0.58;1.334;6.22;85.1
1981-01-17;6.4;7.29;8.19;1.17;2.751;6.01;84.29
1981-01-18;6.61;7.95;9.29;3.56;2.119;6.55;80.06
1981-01-19;4.64;5.65;6.66;0.0;1.807;4.69;81.11
1981-01-20;4.63;5.84;7.05;1.1;2.482;3.2;78.17
1981-01-21;1.79;3.48;5.18;0.0;3.02;3.82;86.27
1981-01-22;6.53;7.28;8.02;1.18;1.718;6.33;86.0
1981-01-23;5.67;6.97;8.28;10.98;1.069;8.45;87.28
1981-01-24;6.61;7.3;7.99;5.37;2.271;9.08;76.65
1981-01-25;4.63;7.01;9.39;9.83;1.794;7.1;78.64
1981-01-26;4.1;5.25;6.41;6.71;2.422;8.0;81.16
1981-01-27;0.64;3.08;5.53;4.16;3.702;5.05;66.6
1981-01-28;-4.3;-1.15;2.01;0.0;4.337;3.41;58.95
1981-01-29;1.39;3.2;5.02;5.17;2.907;4.76;64.76
1981-01-30;0.72;3.75;6.79;3.13;1.514;5.2;78.1
1981-01-31;3.03;5.79;8.56;5.31;4.276;5.49;68.37
1981-02-01;2.96;5.85;8.74;13.56;1.679;5.84;82.13
1981-02-02;3.59;5.16;6.73;0.0;2.664;6.56;78.24
1981-02-03;1.21;2.3;3.4;0.0;1.56;3.42;84.51
1981-02-04;-1.1;0.71;2.53;2.3;1.339;4.52;76.85
1981-02-05;1.67;3.81;5.94;5.56;4.166;4.94;73.72
1981-02-06;5.29;6.52;7.75;1.58;3.083;5.75;76.07
1981-02-07;4.3;5.79;7.29;5.1;4.034;9.02;70.38
1981-02-08;0.11;3.12;6.13;3.04;5.142;4.66;68.62
1981-02-09;0.52;3.05;5.59;0.95;2.076;5.19;81.59
1981-02-10;3.3;5.25;7.21;5.43;3.532;6.78;82.99
1981-02-11;5.33;6.23;7.13;4.16;3.13;6.31;75.66
1981-02-12;3.99;6.57;9.14;13.83;1.823;7.65;83.46
1981-02-13;5.19;6.39;7.59;1.87;3.732;8.22;65.1
1981-02-14;1.91;3.86;5.81;0.0;2.74;6.21;59.17
1981-02-15;-0.12;1.6;3.33;2.78;5.424;5.06;60.81
1981-02-16;-2.01;0.09;2.19;0.0;6.56;4.11;57.47
1981-02-17;-1.37;-0.22;0.93;0.0;6.123;4.01;53.07
1981-02-18;-2.07;-0.55;0.96;0.0;3.846;5.42;58.91
1981-02-19;-2.78;-0.23;2.31;0.0;6.716;3.49;45.97
1981-02-20;-1.32;1.67;4.66;2.6;4.248;5.72;75.86
1981-02-21;-1.3;1.29;3.87;0.0;6.363;4.16;56.15
1981-02-22;0.15;2.15;4.14;0.0;6.704;5.11;56.58
1981-02-23;0.31;2.71;5.12;1.41;5.204;4.95;78.75
1981-02-24;4.85;7.19;9.54;0.0;3.872;4.34;69.95
1981-02-25;2.31;4.53;6.75;0.0;6.599;5.03;73.95
1981-02-26;6.59;7.76;8.93;0.86;3.7;7.8;80.41
1981-02-27;4.19;6.51;8.82;0.0;8.277;6.25;74.92
1981-02-28;5.08;7.74;10.39;0.0;7.258;4.91;77.2
1981-03-01;4.77;7.39;10.02;0.0;4.415;2.0;75.86
1981-03-02;2.19;4.93;7.67;0.83;5.599;4.01;85.92
1981-03-03;1.87;3.56;5.24;4.9;8.165;3.66;61.73
1981-03-04;3.4;6.72;10.04;8.05;7.856;7.2;76.17
1981-03-05;1.62;5.82;10.02;7.99;4.704;5.4;57.09
1981-03-06;0.08;3.42;6.75;0.0;6.129;5.15;43.5
1981-03-07;0.24;4.24;8.23;0.0;2.504;2.98;70.64
1981-03-08;3.59;9.13;14.67;0.0;9.069;2.41;59.19
1981-03-09;4.71;8.11;11.51;0.87;6.191;3.77;67.26
1981-03-10;3.16;5.02;6.87;1.08;7.201;5.43;63.28
1981-03-11;3.5;5.54;7.58;16.57;2.558;5.87;82.35
1981-03-12;2.59;3.88;5.18;4.59;7.125;7.12;69.49
1981-03-13;2.61;4.0;5.39;1.17;7.347;7.01;61.03
1981-03-14;1.94;3.08;4.22;0.53;6.405;4.15;50.0
1981-03-15;0.2;3.27;6.35;0.0;11.18;4.86;34.88
1981-03-16;-0.68;2.21;5.09;3.6;7.875;3.96;58.21
1981-03-17;-1.56;2.11;5.78;0.0;12.279;2.93;46.59
1981-03-18;-1.75;1.62;4.98;0.0;11.761;1.63;43.5
1981-03-19;-1.3;3.52;8.33;3.34;14.482;2.8;57.68
1981-03-20;4.12;7.46;10.81;0.0;5.806;2.5;61.76
1981-03-21;4.21;7.48;10.75;0.0;7.512;5.07;73.97
1981-03-22;5.43;8.02;10.6;0.41;10.378;6.03;58.23
1981-03-23;2.04;5.18;8.31;0.0;14.332;3.0;39.64
1981-03-24;2.23;7.28;12.33;0.0;13.687;3.73;45.58
1981-03-25;3.53;7.77;12.02;0.0;13.789;1.64;53.12
1981-03-26;3.93;7.64;11.36;0.0;10.083;1.52;58.32
1981-03-27;4.02;8.18;12.35;0.75;11.758;0.55;61.74
1981-03-28;2.22;8.46;14.71;0.0;13.83;1.75;49.85
1981-03-29;7.19;10.68;14.17;0.0;14.558;2.87;55.2
1981-03-30;5.91;11.6;17.29;0.0;15.799;4.07;46.72
1981-03-31;6.35;11.12;15.89;0.0;16.546;4.15;46.88
1981-04-01;2.83;6.87;10.9;0.0;11.115;5.17;49.92
1981-04-02;-0.21;3.94;8.09;0.0;17.343;3.33;30.82
1981-04-03;-1.18;4.17;9.51;0.0;15.988;3.21;42.5
1981-04-04;2.84;7.24;11.63;0.0;12.705;1.8;48.3
1981-04-05;1.19;7.13;13.06;0.0;15.034;1.46;43.44
1981-04-06;2.47;9.11;15.74;0.0;16.422;2.25;38.97
1981-04-07;3.26;9.92;16.58;0.0;15.955;2.28;45.47
1981-04-08;2.68;7.7;12.71;0.0;17.077;2.7;44.47
1981-04-09;3.48;9.2;14.92;0.0;15.077;2.68;46.29
1981-04-10;7.39;12.36;17.32;0.0;9.713;2.29;40.03
1981-04-11;7.84;12.7;17.55;0.0;10.684;2.18;38.92
1981-04-12;6.85;12.1;17.35;0.0;12.091;3.46;41.64
1981-04-13;1.44;4.13;6.81;14.13;9.05;2.14;77.46
1981-04-14;2.01;7.0;11.99;0.0;13.655;2.9;48.85
1981-04-15;7.61;11.5;15.38;3.2;13.992;5.27;61.9
1981-04-16;4.02;7.75;11.48;8.86;11.389;4.09;58.13
1981-04-17;5.37;8.37;11.37;0.0;14.399;5.81;52.66
1981-04-18;1.94;5.48;9.02;0.0;8.886;4.61;45.94
1981-04-19;2.1;5.38;8.67;0.0;9.605;2.12;42.24
1981-04-20;2.25;6.65;11.05;0.0;18.989;2.39;42.76
1981-04-21;5.73;11.67;17.61;0.0;16.323;4.15;44.18
1981-04-22;4.01;9.23;14.46;0.0;19.366;5.55;44.74
1981-04-23;1.89;2.79;3.68;0.58;12.234;5.08;46.03
1981-04-24;1.46;3.27;5.07;0.41;10.206;2.6;57.26
1981-04-25;0.53;5.25;9.98;0.0;20.016;1.6;37.48
1981-04-26;-1.28;4.47;10.22;0.0;15.639;1.14;26.45
1981-04-27;4.26;8.65;13.04;0.33;11.661;2.91;40.48
1981-04-28;5.12;10.36;15.59;2.74;17.851;2.45;53.67
1981-04-29;4.23;11.16;18.09;0.0;18.265;1.6;35.63
1981-04-30;7.46;12.67;17.87;0.0;22.859;2.41;53.21
1981-05-01;9.75;14.59;19.43;1.38;15.469;1.4;63.15
1981-05-02;8.6;13.45;18.31;0.0;17.728;1.81;57.1
1981-05-03;8.1;13.2;18.29;0.0;23.791;2.2;49.3
1981-05-04;5.97;10.81;15.65;0.0;25.225;3.07;41.27
1981-05-05;7.46;10.82;14.18;0.0;9.336;1.06;60.24
1981-05-06;5.48;9.67;13.86;6.17;9.432;2.78;66.82
1981-05-07;4.6;7.22;9.84;11.79;12.41;0.91;63.49
1981-05-08;7.6;9.72;11.84;5.34;10.79;1.12;69.07
1981-05-09;7.3;11.47;15.65;8.85;8.398;2.84;56.41
1981-05-10;8.88;11.76;14.63;1.79;18.241;3.85;64.08
1981-05-11;7.67;11.46;15.26;0.69;22.632;3.42;44.38
1981-05-12;8.44;10.02;11.61;10.0;10.147;2.3;77.02
1981-05-13;4.78;6.98;9.18;14.99;9.891;1.35;81.83
1981-05-14;5.78;11.07;16.35;1.3;12.689;2.11;50.58
1981-05-15;5.04;10.71;16.38;1.54;22.869;1.32;42.47
1981-05-16;9.06;13.3;17.53;0.0;22.439;3.93;52.25
1981-05-17;8.27;11.59;14.92;0.0;19.923;2.59;48.28
1981-05-18;7.14;11.35;15.55;1.93;10.342;1.54;53.21
1981-05-19;4.76;9.85;14.94;0.0;23.763;2.61;45.17
1981-05-20;6.96;11.1;15.23;0.0;25.571;1.91;45.24
1981-05-21;6.17;9.36;12.55;0.0;17.57;2.82;52.53
1981-05-22;7.14;9.7;12.25;0.0;11.887;2.61;53.38
1981-05-23;7.51;11.73;15.95;0.0;15.943;3.22;46.6
1981-05-24;8.14;13.09;18.03;0.0;28.402;2.25;48.75
1981-05-25;8.5;12.0;15.49;2.16;9.509;1.47;71.05
1981-05-26;7.85;13.03;18.21;0.0;22.759;1.48;51.34
1981-05-27;9.62;13.96;18.31;1.18;17.156;1.17;48.2
1981-05-28;8.27;11.57;14.88;2.02;14.412;1.18;63.02
1981-05-29;9.6;12.79;15.99;6.03;8.975;1.72;65.67
1981-05-30;7.65;11.21;14.77;2.42;8.216;1.07;63.05
1981-05-31;5.88;9.79;13.69;0.46;17.093;3.9;52.51
1981-06-01;6.38;12.59;18.81;0.0;29.016;3.82;43.41
1981-06-02;14.5;18.44;22.38;18.85;13.571;4.18;54.04
1981-06-03;13.33;16.73;20.12;3.63;11.513;1.28;73.69
1981-06-04;10.99;16.54;22.08;0.0;26.521;1.55;54.14
1981-06-05;9.34;14.98;20.62;0.0;25.523;1.45;48.86
1981-06-06;11.58;16.68;21.77;0.0;22.811;1.09;53.18
1981-06-07;13.64;18.08;22.52;0.0;22.015;2.03;66.01
1981-06-08;12.81;17.64;22.48;0.0;23.754;1.94;59.98
1981-06-09;11.24;16.71;22.17;0.0;26.741;0.47;49.31
1981-06-10;9.15;14.38;19.6;0.0;28.414;2.13;51.87
1981-06-11;9.56;14.69;19.82;0.0;29.367;0.64;46.1
1981-06-12;9.35;15.77;22.19;0.0;24.298;1.42;50.57
1981-06-13;13.37;17.79;22.22;0.0;23.216;1.65;61.37
1981-06-14;11.25;15.5;19.75;6.91;17.588;2.73;54.09
1981-06-15;12.68;17.25;21.82;0.0;24.212;1.33;53.29
1981-06-16;13.78;16.72;19.66;7.13;16.504;1.08;65.07
1981-06-17;10.89;13.16;15.43;1.55;14.196;4.78;71.25
1981-06-18;11.96;13.39;14.83;2.8;11.105;3.16;58.96
1981-06-19;12.07;14.26;16.45;11.5;15.66;5.02;72.98
1981-06-20;12.0;14.28;16.56;9.91;9.541;3.2;71.52
1981-06-21;12.37;13.62;14.87;11.69;17.31;4.85;76.29
1981-06-22;10.9;13.0;15.11;9.34;18.108;4.18;61.22
1981-06-23;10.5;12.25;13.99;8.35;13.539;2.17;75.8
1981-06-24;9.89;12.22;14.55;0.0;13.197;3.05;64.6
1981-06-25;12.55;13.72;14.89;5.54;10.585;3.97;62.73
1981-06-26;12.16;14.49;16.82;0.0;12.986;3.4;64.66
1981-06-27;14.49;17.1;19.71;1.7;16.7;0.38;68.45
1981-06-28;12.64;16.54;20.43;0.98;20.412;1.09;58.62
1981-06-29;11.16;14.82;18.49;0.0;20.409;3.09;53.82
1981-06-30;12.88;17.45;22.01;0.0;23.797;4.32;56.52
1981-07-01;13.68;17.99;22.3;0.0;16.14;3.61;65.91
1981-07-02;12.89;17.43;21.97;0.0;22.118;0.68;57.02
1981-07-03;13.59;19.18;24.76;0.0;25.638;2.63;56.54
1981-07-04;14.75;19.98;25.2;9.27;9.794;2.81;63.9
1981-07-05;12.81;17.4;21.99;0.0;21.741;2.06;56.72
1981-07-06;11.93;15.87;19.8;0.0;23.869;0.57;52.85
1981-07-07;12.17;16.21;20.26;0.0;19.704;2.48;55.78
1981-07-08;12.84;16.43;20.02;1.28;16.46;2.16;61.94
1981-07-09;13.68;17.09;20.51;14.39;10.073;1.83;78.87
1981-07-10;13.28;14.71;16.14;5.9;8.673;5.76;77.01
1981-07-11;12.54;16.18;19.82;0.78;15.989;3.46;65.3
1981-07-12;13.2;15.54;17.87;0.0;17.536;0.87;51.68
1981-07-13;13.0;15.53;18.06;2.83;12.582;3.3;61.26
1981-07-14;13.33;15.88;18.42;0.0;8.432;5.65;53.34
1981-07-15;13.15;16.23;19.31;5.91;8.287;3.5;66.65
1981-07-16;15.39;16.51;17.62;11.14;4.4;4.04;82.29
1981-07-17;13.67;16.36;19.06;3.11;11.714;2.38;80.58
1981-07-18;12.65;15.54;18.42;9.52;8.764;1.81;59.71
1981-07-19;12.44;15.29;18.15;3.03;18.55;3.43;60.51
1981-07-20;10.87;14.21;17.55;0.0;17.738;4.6;55.34
1981-07-21;11.63;15.06;18.49;5.75;10.307;3.17;60.78
1981-07-22;12.34;15.86;19.37;19.61;16.422;4.73;60.99
1981-07-23;11.9;15.48;19.05;6.12;10.708;4.33;56.52
1981-07-24;10.94;14.34;17.73;2.0;14.294;1.81;63.07
1981-07-25;11.07;15.05;19.04;5.93;11.686;1.0;59.2
1981-07-26;12.15;16.14;20.12;1.95;18.408;3.14;59.24
1981-07-27;13.38;16.7;20.01;0.0;19.245;4.15;60.19
1981-07-28;13.05;16.21;19.37;4.29;16.555;3.76;56.33
1981-07-29;13.03;15.59;18.16;0.0;16.776;2.92;60.66
1981-07-30;12.35;16.15;19.95;14.39;14.267;4.04;63.09
1981-07-31;12.01;13.84;15.68;5.68;15.03;5.03;74.2
1981-08-01;11.8;15.55;19.3;0.0;17.353;1.71;57.15
1981-08-02;12.86;15.32;17.78;0.0;13.254;2.82;65.45
1981-08-03;12.65;15.48;18.32;3.31;15.766;5.08;61.91
1981-08-04;14.97;21.11;27.25;0.0;18.267;2.26;49.56
1981-08-05;16.48;19.35;22.22;1.21;19.255;4.65;60.11
1981-08-06;11.26;15.27;19.27;0.0;17.195;3.32;54.97
1981-08-07;10.51;14.53;18.55;0.0;10.573;2.19;55.31
1981-08-08;13.26;15.64;18.03;0.0;18.245;3.4;56.25
1981-08-09;12.12;15.75;19.39;0.0;13.846;2.85;53.36
1981-08-10;13.42;15.89;18.37;1.21;5.067;3.72;67.14
1981-08-11;10.93;13.22;15.51;2.65;16.148;6.76;59.14
1981-08-12;11.99;13.96;15.93;20.94;10.807;5.01;69.93
1981-08-13;11.48;15.59;19.69;0.0;14.109;3.29;57.24
1981-08-14;11.33;13.86;16.39;6.93;5.168;3.02;76.47
1981-08-15;11.57;16.18;20.78;0.0;14.1;2.94;63.78
1981-08-16;10.17;13.89;17.62;0.97;19.472;2.68;49.98
1981-08-17;12.04;17.37;22.7;0.0;15.467;3.19;53.4
1981-08-18;15.17;17.62;20.07;27.02;8.636;2.24;72.8
1981-08-19;9.64;13.95;18.25;0.0;11.017;1.4;53.73
1981-08-20;8.22;13.2;18.17;0.0;15.445;3.04;47.92
1981-08-21;11.34;14.71;18.08;0.87;15.56;3.53;53.31
1981-08-22;11.58;14.07;16.56;6.9;10.633;5.07;68.78
1981-08-23;11.97;13.83;15.69;0.0;8.929;2.24;75.96
1981-08-24;12.63;14.4;16.17;18.7;5.288;1.75;86.07
1981-08-25;9.29;12.99;16.69;0.0;17.113;2.72;44.05
1981-08-26;10.18;14.03;17.87;0.88;5.309;2.36;63.95
1981-08-27;14.95;17.28;19.61;0.0;9.923;4.66;63.66
1981-08-28;10.03;14.44;18.85;0.0;13.904;2.82;53.76
1981-08-29;10.24;16.5;22.77;0.0;18.033;3.62;56.13
1981-08-30;15.41;21.13;26.85;0.0;15.737;2.3;57.8
1981-08-31;12.44;14.78;17.12;11.47;11.1;3.59;71.39
1981-09-01;10.16;14.24;18.33;2.18;14.405;4.16;53.94
1981-09-02;14.07;16.17;18.27;5.07;4.426;5.03;71.56
1981-09-03;14.77;16.33;17.89;0.99;10.236;5.18;57.89
1981-09-04;11.98;13.81;15.64;0.0;7.185;5.9;62.09
1981-09-05;10.93;13.88;16.83;0.0;12.754;4.95;59.08
1981-09-06;11.96;15.36;18.75;0.0;17.624;4.0;54.29
1981-09-07;8.29;13.32;18.36;0.0;12.245;3.39;58.52
1981-09-08;7.35;13.84;20.34;0.0;16.238;3.47;46.36
1981-09-09;12.81;17.11;21.4;0.55;17.328;2.37;63.62
1981-09-10;13.62;16.02;18.42;0.0;14.164;3.59;58.04
1981-09-11;12.36;14.96;17.57;0.0;10.752;5.43;58.08
1981-09-12;10.49;13.96;17.42;0.0;14.87;3.4;58.63
1981-09-13;9.55;14.44;19.32;0.0;14.693;2.35;45.86
1981-09-14;9.16;12.67;16.17;0.52;9.002;1.58;51.52
1981-09-15;7.9;11.15;14.4;0.0;15.476;3.11;49.01
1981-09-16;8.43;11.91;15.4;8.81;14.795;4.56;51.08
1981-09-17;10.51;14.61;18.7;0.0;8.363;5.54;58.3
1981-09-18;9.67;11.95;14.22;3.9;7.167;5.41;74.16
1981-09-19;9.02;10.47;11.92;4.82;4.509;4.39;80.2
1981-09-20;9.5;11.49;13.48;7.1;10.439;4.05;56.96
1981-09-21;7.74;11.66;15.58;17.31;5.081;4.78;69.31
1981-09-22;9.79;12.92;16.05;0.0;7.677;5.51;52.92
1981-09-23;9.39;11.98;14.58;3.39;7.874;4.44;66.37
1981-09-24;8.37;12.11;15.85;0.0;14.467;4.28;43.62
1981-09-25;12.06;13.91;15.76;2.14;2.513;3.87;66.79
1981-09-26;10.68;13.76;16.84;0.0;10.653;2.58;62.1
1981-09-27;9.67;13.45;17.22;2.99;10.39;2.49;52.93
1981-09-28;7.36;10.32;13.29;0.0;8.9;2.57;65.24
1981-09-29;6.27;10.47;14.68;0.0;8.422;4.57;52.73
1981-09-30;10.45;14.05;17.65;0.0;9.88;3.54;66.42
1981-10-01;9.7;12.59;15.48;0.0;6.025;2.49;56.06
1981-10-02;10.12;12.67;15.22;16.44;6.01;4.03;64.06
1981-10-03;10.66;13.84;17.02;33.27;1.046;2.16;93.53
1981-10-04;9.43;11.93;14.44;3.89;5.47;2.03;86.0
1981-10-05;8.98;11.38;13.77;0.0;4.158;2.45;66.74
1981-10-06;8.45;10.27;12.08;12.66;3.102;5.37;85.26
1981-10-07;7.04;9.3;11.57;0.0;7.147;6.14;64.24
1981-10-08;1.34;4.99;8.63;0.0;10.218;4.87;32.9
1981-10-09;1.75;4.71;7.66;2.49;9.61;1.45;45.62
1981-10-10;1.39;4.58;7.77;1.02;8.179;1.13;43.02
1981-10-11;5.67;9.47;13.28;7.85;1.761;7.27;90.69
1981-10-12;5.56;10.31;15.06;16.32;4.37;7.02;88.1
1981-10-13;1.65;5.31;8.96;0.0;6.801;6.96;43.38
1981-10-14;3.31;6.71;10.11;11.49;4.07;4.53;81.05
1981-10-15;9.44;10.67;11.9;3.08;2.735;4.75;87.69
1981-10-16;9.52;11.38;13.23;6.92;2.737;6.72;88.58
1981-10-17;8.35;10.2;12.04;22.77;2.894;4.16;91.67
1981-10-18;5.13;7.99;10.86;0.0;5.168;5.43;58.18
1981-10-19;4.06;6.68;9.3;0.0;6.036;4.81;45.0
1981-10-20;3.83;6.97;10.11;0.0;4.876;5.33;43.32
1981-10-21;7.33;9.71;12.08;6.44;0.965;7.07;90.95
1981-10-22;7.42;9.16;10.91;3.31;4.514;6.49;85.4
1981-10-23;5.66;8.47;11.28;0.0;4.874;5.25;49.75
1981-10-24;5.04;8.37;11.69;3.67;2.903;5.7;80.66
1981-10-25;7.71;9.62;11.53;13.74;1.382;5.93;88.29
1981-10-26;7.29;9.05;10.81;1.9;3.973;4.7;80.92
1981-10-27;6.63;8.32;10.02;3.85;4.0;5.96;77.76
1981-10-28;8.31;9.98;11.64;8.67;2.155;7.38;83.96
1981-10-29;10.47;11.15;11.83;0.0;3.646;8.7;63.78
1981-10-30;6.45;8.02;9.58;7.01;3.817;4.19;67.97
1981-10-31;5.22;7.39;9.57;0.0;4.05;3.48;63.28
1981-11-01;3.98;6.12;8.25;0.0;5.472;3.85;65.71
1981-11-02;3.75;6.66;9.57;0.0;4.686;5.07;72.29
1981-11-03;6.18;9.38;12.58;0.0;4.684;5.74;58.68
1981-11-04;7.57;10.32;13.08;0.0;4.506;4.42;75.94
1981-11-05;5.71;8.82;11.94;0.0;4.481;3.96;76.39
1981-11-06;4.23;7.88;11.53;1.06;4.688;3.23;81.85
1981-11-07;1.44;5.21;8.99;0.0;4.943;0.82;81.08
1981-11-08;0.79;6.06;11.34;0.0;2.781;2.18;80.34
1981-11-09;7.05;8.45;9.85;1.94;2.874;5.16;88.69
1981-11-10;4.28;6.81;9.35;3.17;3.493;3.05;83.37
1981-11-11;1.95;4.91;7.86;0.0;4.159;2.29;83.66
1981-11-12;1.57;3.43;5.29;0.49;4.399;1.93;79.69
1981-11-13;0.76;2.94;5.12;0.0;1.626;1.68;86.06
1981-11-14;2.1;4.86;7.62;0.0;3.027;3.36;82.77
1981-11-15;1.56;4.3;7.04;0.0;3.741;3.06;83.36
1981-11-16;2.23;4.63;7.02;0.0;2.746;3.59;82.97
1981-11-17;5.53;6.33;7.14;0.44;2.697;3.15;88.69
1981-11-18;4.31;6.32;8.33;0.0;4.022;4.63;81.41
1981-11-19;2.26;4.68;7.1;0.0;2.97;3.98;86.51
1981-11-20;3.88;5.9;7.93;0.0;2.954;4.03;86.16
1981-11-21;4.43;5.68;6.93;0.0;2.096;3.87;84.4
1981-11-22;0.36;2.14;3.91;0.0;2.459;2.63;79.39
1981-11-23;-2.35;-0.39;1.58;0.0;2.501;0.83;80.28
1981-11-24;-2.75;-1.1;0.54;0.0;2.281;1.15;77.64
1981-11-25;-3.35;-1.1;1.16;0.0;2.144;2.04;79.06
1981-11-26;-1.96;-0.13;1.71;0.0;2.174;1.39;82.24
1981-11-27;-1.96;-0.62;0.72;0.0;2.166;0.86;78.4
1981-11-28;-3.73;-1.5;0.72;3.99;3.122;4.05;70.87
1981-11-29;1.72;4.51;7.31;5.72;2.703;5.12;86.65
1981-11-30;5.24;7.53;9.81;10.55;0.914;7.24;87.78
1981-12-01;0.77;2.37;3.97;0.0;2.369;4.76;77.58
1981-12-02;0.94;5.63;10.33;5.04;1.59;4.4;84.5
1981-12-03;1.56;4.79;8.01;5.43;2.955;2.17;85.39
1981-12-04;2.75;5.02;7.29;1.07;1.133;3.94;87.58
1981-12-05;1.66;3.71;5.77;0.0;1.805;4.16;84.26
1981-12-06;1.52;3.47;5.43;1.05;2.053;3.94;84.54
1981-12-07;-0.68;1.98;4.64;0.46;2.358;4.63;81.93
1981-12-08;5.5;5.57;5.64;10.23;0.4;6.71;87.61
1981-12-09;1.73;3.76;5.8;0.0;1.109;3.33;82.43
1981-12-10;1.3;4.5;7.69;0.0;1.794;3.18;84.07
1981-12-11;4.46;6.28;8.09;0.0;2.449;5.16;83.79
1981-12-12;3.98;5.89;7.8;0.48;1.219;3.55;89.11
1981-12-13;6.41;7.17;7.92;0.0;1.56;2.84;88.72
1981-12-14;5.58;6.72;7.86;0.0;1.981;3.89;88.08
1981-12-15;5.18;6.37;7.55;0.0;2.43;3.86;87.62
1981-12-16;5.28;6.28;7.28;0.56;1.864;4.35;87.69
1981-12-17;-0.3;2.1;4.49;0.0;1.862;3.26;61.45
1981-12-18;-3.79;-1.31;1.17;0.0;2.099;2.0;74.77
1981-12-19;-4.54;-1.33;1.88;0.0;1.961;3.57;75.03
1981-12-20;2.43;3.8;5.18;0.0;1.677;5.7;86.67
1981-12-21;3.27;5.53;7.79;4.65;1.675;5.23;85.55
1981-12-22;1.84;3.92;6.01;0.0;2.327;3.41;82.23
1981-12-23;-0.16;1.28;2.73;0.0;1.328;5.05;82.16
1981-12-24;3.28;4.79;6.29;7.5;2.639;4.35;71.07
1981-12-25;5.8;6.96;8.11;4.04;1.873;6.7;80.56
1981-12-26;1.89;5.27;8.64;7.83;2.508;9.17;75.42
1981-12-27;1.61;1.71;1.8;15.23;0.41;8.52;77.69
1981-12-28;5.42;6.22;7.02;22.12;1.437;7.68;75.85
1981-12-29;8.02;8.61;9.19;19.96;1.579;8.39;85.79
1981-12-30;3.03;3.17;3.31;1.81;1.35;4.96;71.19
1981-12-31;1.48;1.7;1.92;0.0;2.552;4.13;69.91
1982-01-01;-0.37;2.13;4.64;0.0;2.623;5.15;76.77
1982-01-02;-2.72;-1.16;0.41;0.0;2.289;3.43;80.44
1982-01-03;-2.85;-0.87;1.11;0.0;1.98;2.78;82.36
1982-01-04;-3.84;-1.34;1.15;0.0;1.73;3.52;83.75
1982-01-05;-4.0;-1.34;1.32;2.73;1.591;4.76;75.01
1982-01-06;0.75;2.68;4.61;1.01;2.298;7.03;78.61
1982-01-07;-0.16;2.38;4.92;4.45;2.322;5.68;76.0
1982-01-08;3.62;5.17;6.72;1.2;1.832;6.95;76.95
1982-01-09;2.68;3.9;5.12;0.0;2.426;6.12;82.16
1982-01-10;0.99;3.03;5.07;0.0;2.128;6.05;83.42
1982-01-11;-1.83;1.11;4.06;3.89;2.592;3.41;76.95
1982-01-12;0.2;2.39;4.58;0.0;3.053;2.02;81.93
1982-01-13;3.13;4.37;5.6;0.5;1.911;2.53;80.05
1982-01-14;2.52;4.35;6.18;1.37;2.484;5.24;78.23
1982-01-15;1.73;3.79;5.84;0.0;2.225;4.24;85.21
1982-01-16;2.31;3.75;5.2;0.0;1.721;4.64;83.51
1982-01-17;2.6;3.84;5.08;0.0;1.661;3.13;86.68
1982-01-18;0.11;2.23;4.35;0.0;2.885;1.07;83.37
1982-01-19;-0.33;1.78;3.9;1.21;2.678;2.06;82.12
1982-01-20;3.42;5.96;8.51;5.28;1.807;6.56;84.16
1982-01-21;1.79;4.39;6.99;5.28;1.823;6.01;78.96
1982-01-22;-0.9;1.59;4.07;0.5;3.607;3.34;83.69
1982-01-23;2.09;3.34;4.59;0.0;1.203;4.82;82.63
1982-01-24;-2.21;0.33;2.87;0.0;2.361;3.26;79.06
1982-01-25;-2.28;-0.14;1.99;0.0;2.666;3.22;64.64
1982-01-26;-0.15;0.47;1.08;1.03;3.396;0.84;78.31
1982-01-27;-0.04;2.58;5.2;0.0;2.674;3.51;68.38
1982-01-28;0.61;2.81;5.02;0.0;2.433;3.77;67.52
1982-01-29;3.41;5.11;6.8;0.0;3.955;5.91;64.34
1982-01-30;2.83;3.82;4.81;0.0;2.069;3.31;71.42
1982-01-31;3.05;5.52;7.98;1.26;1.313;6.76;82.84
1982-02-01;5.12;6.43;7.74;4.38;2.36;7.25;83.98
1982-02-02;4.74;7.05;9.36;1.58;4.78;6.74;76.3
1982-02-03;6.0;7.25;8.51;1.55;4.688;6.99;60.89
1982-02-04;3.46;6.29;9.11;8.18;2.138;7.65;85.64
1982-02-05;6.24;7.59;8.94;2.66;2.107;7.47;82.2
1982-02-06;4.07;4.85;5.63;7.23;1.554;7.89;71.81
1982-02-07;0.31;3.08;5.85;0.8;4.174;6.4;58.35
1982-02-08;-5.65;-2.75;0.16;0.0;5.861;4.44;37.89
1982-02-09;-5.09;-3.19;-1.29;13.81;2.726;4.19;61.84
1982-02-10;-2.37;-1.2;-0.02;1.89;6.084;5.44;79.4
1982-02-11;1.25;4.54;7.84;4.45;3.923;6.32;76.49
1982-02-12;2.12;4.39;6.66;0.0;5.942;5.48;68.01
1982-02-13;4.7;6.2;7.7;0.0;3.472;6.34;74.39
1982-02-14;3.83;4.95;6.06;0.0;1.683;7.37;85.08
1982-02-15;4.74;9.27;13.8;18.87;1.957;8.29;82.61
1982-02-16;5.13;7.95;10.77;12.03;1.967;9.7;84.97
1982-02-17;3.46;4.44;5.41;0.85;3.459;5.68;73.64
1982-02-18;1.31;2.65;3.99;0.0;4.728;2.03;68.6
1982-02-19;1.87;4.19;6.51;0.0;3.217;2.65;74.41
1982-02-20;0.15;2.67;5.18;0.0;7.169;2.88;53.56
1982-02-21;-1.86;1.01;3.88;0.0;6.782;2.79;58.18
1982-02-22;-0.01;2.9;5.81;0.0;5.637;2.13;60.71
1982-02-23;3.51;5.22;6.93;0.0;4.458;2.13;76.14
1982-02-24;2.16;4.98;7.81;0.0;4.945;2.49;77.05
1982-02-25;-0.24;1.69;3.61;0.0;5.033;2.56;57.87
1982-02-26;0.8;2.31;3.82;0.0;5.193;2.24;58.15
1982-02-27;-0.16;1.47;3.1;4.37;3.33;5.81;73.88
1982-02-28;0.28;1.94;3.61;0.52;5.333;6.56;57.39
1982-03-01;0.59;3.48;6.37;6.53;2.881;5.12;75.66
1982-03-02;3.84;6.83;9.82;0.84;9.087;4.54;73.21
1982-03-03;3.45;7.7;11.95;0.0;8.966;3.84;57.37
1982-03-04;9.17;11.35;13.53;0.0;7.438;4.54;64.4
1982-03-05;4.57;7.77;10.97;4.08;4.507;4.54;63.72
1982-03-06;3.36;5.88;8.4;1.02;6.439;5.03;63.87
1982-03-07;2.77;5.39;8.01;0.0;7.633;2.54;76.44
1982-03-08;1.99;5.79;9.59;0.0;9.485;3.19;48.78
1982-03-09;3.08;5.17;7.26;0.0;3.689;1.97;82.1
1982-03-10;1.82;5.12;8.41;0.0;9.234;0.85;49.3
1982-03-11;0.21;4.31;8.4;0.0;10.532;1.83;41.42
1982-03-12;-0.58;1.71;3.99;0.74;11.31;1.41;59.91
1982-03-13;-1.62;1.75;5.13;0.0;11.468;4.29;48.07
1982-03-14;-0.21;1.05;2.32;3.07;6.428;5.03;73.2
1982-03-15;1.95;4.04;6.12;4.91;4.531;3.77;82.82
1982-03-16;-0.36;1.66;3.67;0.71;11.184;4.84;54.5
1982-03-17;-2.3;0.81;3.91;0.0;12.404;4.03;39.83
1982-03-18;-2.51;-0.12;2.27;0.0;13.539;4.44;35.41
1982-03-19;-1.84;0.57;2.98;0.0;13.931;3.51;39.57
1982-03-20;-4.56;-0.61;3.34;0.0;13.624;3.51;62.27
1982-03-21;-0.73;2.25;5.23;0.0;10.946;2.58;56.33
1982-03-22;-0.97;3.48;7.92;0.0;14.207;5.97;26.54
1982-03-23;3.09;4.87;6.65;7.86;6.205;5.08;73.12
1982-03-24;3.54;6.2;8.86;2.89;8.143;3.5;62.69
1982-03-25;2.37;5.21;8.05;8.69;4.507;4.09;81.78
1982-03-26;4.92;7.95;10.97;0.0;6.803;3.9;55.7
1982-03-27;6.48;8.64;10.8;7.77;9.085;1.78;78.83
1982-03-28;7.48;12.89;18.31;0.0;14.089;2.69;38.86
1982-03-29;4.52;11.76;19.0;0.0;15.124;4.54;30.75
1982-03-30;2.84;7.45;12.05;0.93;5.231;2.44;62.15
1982-03-31;7.28;9.14;11.01;7.55;5.441;4.33;82.75
1982-04-01;7.46;9.23;11.01;4.32;9.574;1.31;70.56
1982-04-02;6.03;9.92;13.81;0.0;10.494;2.52;65.72
1982-04-03;3.91;6.96;10.0;0.0;10.136;2.63;69.54
1982-04-04;3.4;9.62;15.83;0.0;16.809;4.51;37.62
1982-04-05;7.58;9.86;12.14;7.49;5.678;1.93;78.31
1982-04-06;4.27;8.88;13.5;0.0;14.27;2.71;57.32
1982-04-07;4.38;8.6;12.82;2.65;7.056;1.63;65.19
1982-04-08;7.51;12.68;17.84;0.0;16.171;2.63;52.4
1982-04-09;6.61;12.23;17.85;0.0;15.04;4.29;46.73
1982-04-10;7.46;12.26;17.06;0.49;13.598;1.96;61.57
1982-04-11;7.63;10.16;12.69;0.0;9.717;2.47;72.19
1982-04-12;2.8;7.62;12.43;0.0;17.453;3.61;50.55
1982-04-13;2.28;8.14;14.0;0.0;20.257;1.63;41.46
1982-04-14;4.1;10.11;16.13;0.0;19.185;3.86;54.57
1982-04-15;3.66;7.71;11.76;0.0;19.305;2.35;38.73
1982-04-16;3.05;7.05;11.06;0.0;16.749;4.22;44.32
1982-04-17;3.26;7.87;12.47;0.0;15.053;3.3;41.29
1982-04-18;2.41;6.29;10.16;0.0;20.325;3.09;39.5
1982-04-19;-0.25;4.9;10.05;0.0;20.113;2.18;33.54
1982-04-20;3.83;5.71;7.59;0.0;8.733;0.73;56.76
1982-04-21;4.28;7.27;10.25;0.0;14.65;1.32;48.64
1982-04-22;4.7;8.38;12.06;0.0;11.558;0.89;51.62
1982-04-23;2.53;6.61;10.7;0.0;12.383;3.35;42.53
1982-04-24;1.4;6.16;10.92;0.0;16.681;2.91;31.53
1982-04-25;2.94;5.0;7.07;1.69;6.325;0.88;69.07
1982-04-26;-0.32;5.43;11.19;0.0;18.86;1.43;26.68
1982-04-27;0.63;6.14;11.65;0.0;16.161;3.41;34.17
1982-04-28;1.36;5.55;9.75;0.0;21.503;3.86;39.4
1982-04-29;-0.83;3.91;8.64;0.0;19.368;1.4;26.03
1982-04-30;-0.01;5.84;11.7;0.0;22.075;2.81;27.09
1982-05-01;3.7;9.19;14.67;0.0;16.77;5.48;43.47
1982-05-02;3.49;9.29;15.09;0.0;22.658;4.18;48.87
1982-05-03;2.76;9.3;15.84;0.0;20.203;2.71;41.52
1982-05-04;6.52;12.21;17.89;0.0;14.8;3.51;46.82
1982-05-05;8.87;13.18;17.5;5.25;18.465;2.2;65.37
1982-05-06;8.32;13.02;17.71;0.53;12.681;2.61;58.87
1982-05-07;7.46;12.29;17.13;0.0;25.952;4.04;46.72
1982-05-08;7.21;12.34;17.47;0.0;25.983;4.26;42.55
1982-05-09;7.78;13.6;19.42;0.0;24.777;3.02;46.52
1982-05-10;10.12;15.47;20.83;0.0;15.424;2.37;50.94
1982-05-11;10.58;14.43;18.27;1.31;8.65;2.3;57.18
1982-05-12;9.61;13.75;17.9;0.0;21.033;3.61;52.91
1982-05-13;10.01;14.5;18.98;0.0;24.425;4.79;46.79
1982-05-14;9.81;14.0;18.2;0.0;27.181;4.7;43.82
1982-05-15;9.53;15.32;21.11;0.0;26.831;4.4;41.44
1982-05-16;7.67;13.43;19.19;0.0;26.638;4.03;38.76
1982-05-17;8.11;13.99;19.87;0.0;26.363;3.33;38.38
1982-05-18;8.75;14.96;21.16;0.0;25.932;2.82;40.14
1982-05-19;9.69;16.3;22.92;3.73;19.228;1.16;40.58
1982-05-20;10.03;15.95;21.88;15.01;14.496;1.18;54.65
1982-05-21;12.51;17.43;22.36;0.0;29.351;2.51;49.36
1982-05-22;11.11;15.33;19.55;0.0;21.688;2.9;54.9
1982-05-23;8.8;13.78;18.76;0.0;23.852;2.85;56.02
1982-05-24;8.74;12.96;17.18;0.0;23.248;4.26;51.41
1982-05-25;5.29;10.66;16.03;0.0;24.518;3.27;47.03
1982-05-26;5.05;11.22;17.39;0.0;17.236;2.14;38.66
1982-05-27;12.23;18.3;24.36;0.0;23.654;5.54;38.08
1982-05-28;16.8;21.04;25.27;6.4;12.253;3.46;49.22
1982-05-29;15.9;19.82;23.75;7.06;12.245;1.64;71.32
1982-05-30;11.43;17.56;23.7;0.0;21.216;3.59;56.75
1982-05-31;9.83;13.35;16.87;17.07;11.176;0.54;75.99
1982-06-01;10.05;13.61;17.16;0.0;18.614;2.74;55.11
1982-06-02;8.76;11.2;13.63;1.01;11.324;5.01;58.48
1982-06-03;8.98;13.91;18.84;0.0;18.292;4.33;49.11
1982-06-04;8.8;14.66;20.51;0.0;26.553;2.24;47.8
1982-06-05;10.71;15.57;20.42;0.0;22.773;2.22;55.27
1982-06-06;9.94;15.04;20.14;1.94;22.165;1.65;55.85
1982-06-07;9.23;13.02;16.81;0.0;22.097;4.24;47.39
1982-06-08;6.91;10.07;13.23;1.91;11.896;3.37;64.52
1982-06-09;10.1;14.02;17.95;2.81;23.504;3.76;56.24
1982-06-10;7.79;12.47;17.16;0.0;20.127;2.76;45.59
1982-06-11;6.65;11.48;16.3;7.26;19.563;2.05;49.71
1982-06-12;11.81;14.16;16.5;3.31;19.716;4.02;59.9
1982-06-13;11.76;15.27;18.79;0.0;18.7;1.02;47.66
1982-06-14;12.2;16.52;20.83;3.06;15.346;3.04;48.83
1982-06-15;13.24;18.21;23.19;0.0;13.624;2.02;74.44
1982-06-16;9.03;13.86;18.69;0.0;17.377;2.64;50.3
1982-06-17;9.04;13.91;18.78;0.24;26.942;1.34;46.26
1982-06-18;10.87;15.51;20.15;0.0;23.662;1.74;47.71
1982-06-19;10.36;15.38;20.39;0.0;21.368;0.7;48.23
1982-06-20;9.45;14.56;19.68;0.96;30.034;0.58;40.01
1982-06-21;9.29;15.66;22.04;0.0;25.605;1.63;42.05
1982-06-22;10.84;16.33;21.82;0.0;26.96;2.82;51.54
1982-06-23;9.21;14.29;19.37;0.78;21.232;2.33;46.93
1982-06-24;10.43;14.77;19.1;0.0;15.389;2.92;51.0
1982-06-25;11.3;15.71;20.11;0.0;25.382;3.68;44.02
1982-06-26;10.19;15.05;19.91;0.0;22.096;3.09;46.31
1982-06-27;11.12;16.17;21.22;0.0;19.637;3.03;52.29
1982-06-28;12.36;16.07;19.79;1.26;28.356;4.13;43.07
1982-06-29;10.22;15.27;20.31;0.0;19.433;2.17;48.89
1982-06-30;8.79;13.55;18.32;1.15;10.723;2.69;53.92
1982-07-01;14.8;18.28;21.76;0.0;18.663;0.9;49.73
1982-07-02;15.25;18.09;20.93;27.3;5.125;2.8;65.37
1982-07-03;14.54;14.92;15.3;9.92;7.511;6.6;91.32
1982-07-04;13.79;17.32;20.85;5.57;16.977;4.72;63.04
1982-07-05;12.5;15.77;19.03;4.28;18.306;5.17;73.28
1982-07-06;12.58;15.71;18.85;6.07;20.432;4.53;67.7
1982-07-07;13.03;15.68;18.34;8.37;10.276;3.6;73.09
1982-07-08;12.27;14.8;17.33;7.3;15.138;4.97;62.27
1982-07-09;12.79;16.53;20.27;2.58;21.345;3.94;56.54
1982-07-10;11.0;13.68;16.36;0.0;19.367;4.21;58.24
1982-07-11;11.21;13.72;16.23;0.0;19.035;1.61;49.19
1982-07-12;12.02;15.72;19.42;14.35;12.856;2.98;62.56
1982-07-13;12.49;15.23;17.97;5.8;11.773;3.95;68.54
1982-07-14;10.88;14.96;19.03;0.0;12.833;3.09;61.98
1982-07-15;9.84;13.82;17.81;5.64;12.801;3.4;67.14
1982-07-16;12.54;15.51;18.49;0.0;15.501;5.22;56.68
1982-07-17;11.27;14.04;16.82;1.54;12.67;5.54;59.37
1982-07-18;11.57;15.36;19.14;3.41;9.694;2.31;57.66
1982-07-19;11.61;15.31;19.01;7.6;20.589;4.97;62.09
1982-07-20;10.66;13.41;16.16;5.9;13.878;4.79;66.79
1982-07-21;11.95;14.7;17.45;0.0;20.492;4.38;55.74
1982-07-22;12.23;15.86;19.49;1.99;16.561;2.51;52.82
1982-07-23;14.38;18.55;22.72;0.0;16.547;2.93;62.35
1982-07-24;14.45;19.52;24.6;0.0;23.325;1.45;49.5
1982-07-25;16.85;21.97;27.09;0.0;25.208;2.83;46.3
1982-07-26;17.43;22.91;28.4;0.0;24.627;3.76;47.92
1982-07-27;17.84;23.9;29.96;0.0;24.062;3.9;46.21
1982-07-28;12.71;18.22;23.73;0.0;14.953;3.85;58.31
1982-07-29;12.53;15.73;18.93;0.0;10.945;4.25;62.19
1982-07-30;14.39;19.16;23.92;1.04;18.775;3.12;49.18
1982-07-31;12.76;16.98;21.2;2.34;17.633;2.21;59.52
1982-08-01;10.87;14.68;18.5;0.0;17.207;3.53;52.24
1982-08-02;10.42;14.58;18.74;8.62;6.051;3.83;60.93
1982-08-03;13.88;16.8;19.72;1.12;19.074;2.26;55.38
1982-08-04;10.48;12.36;14.24;19.62;8.514;2.32;75.4
1982-08-05;9.07;11.71;14.34;2.82;19.541;6.18;59.26
1982-08-06;11.94;13.79;15.63;1.31;18.776;6.1;55.49
1982-08-07;12.93;14.89;16.85;0.0;11.085;5.9;54.42
1982-08-08;14.01;16.85;19.69;2.17;9.827;2.47;59.31
1982-08-09;13.3;16.26;19.22;3.54;9.254;2.37;72.96
1982-08-10;11.99;15.35;18.71;2.01;15.439;4.39;59.86
1982-08-11;11.65;15.34;19.02;1.82;14.158;4.97;58.59
1982-08-12;10.74;14.98;19.21;0.0;14.354;3.82;56.11
1982-08-13;11.73;16.51;21.28;0.0;19.052;1.3;53.02
1982-08-14;14.69;17.79;20.88;36.61;5.969;4.16;68.14
1982-08-15;11.83;14.23;16.64;0.0;12.542;5.05;63.79
1982-08-16;9.7;11.54;13.37;5.5;10.409;4.87;76.37
1982-08-17;8.45;11.54;14.62;0.0;14.531;5.71;60.94
1982-08-18;10.43;13.4;16.37;7.7;11.663;6.22;60.2
1982-08-19;14.0;15.56;17.12;4.05;9.012;6.87;80.87
1982-08-20;12.25;15.16;18.07;0.0;12.196;5.44;65.65
1982-08-21;11.75;13.88;16.01;17.34;10.579;4.26;74.05
1982-08-22;10.67;14.96;19.26;5.78;13.256;3.82;54.21
1982-08-23;11.07;13.07;15.06;5.67;10.377;2.58;71.84
1982-08-24;9.32;12.38;15.45;0.0;9.195;4.35;58.84
1982-08-25;8.84;12.65;16.47;9.05;4.418;3.63;67.24
1982-08-26;14.82;16.59;18.37;6.27;5.712;3.11;85.43
1982-08-27;10.8;15.66;20.52;1.22;12.204;3.43;62.23
1982-08-28;9.49;12.64;15.8;1.07;12.595;2.49;58.77
1982-08-29;12.1;14.19;16.28;0.0;10.767;3.92;52.62
1982-08-30;12.47;15.35;18.23;0.0;3.828;3.42;77.99
1982-08-31;11.18;14.72;18.26;0.73;6.161;2.84;73.56
1982-09-01;10.71;15.88;21.06;0.0;9.331;1.99;60.06
1982-09-02;13.63;16.63;19.62;1.43;6.039;5.6;67.2
1982-09-03;12.15;14.79;17.42;0.0;17.239;4.61;59.42
1982-09-04;11.39;13.27;15.14;5.6;7.108;3.01;66.35
1982-09-05;10.2;12.36;14.51;4.32;15.549;4.13;49.25
1982-09-06;10.13;12.84;15.55;0.0;7.35;4.27;66.61
1982-09-07;11.83;14.8;17.77;0.0;8.37;3.83;65.61
1982-09-08;10.04;11.98;13.92;3.54;14.834;5.68;64.05
1982-09-09;9.83;12.32;14.81;11.47;5.289;5.47;75.32
1982-09-10;9.34;12.28;15.21;0.0;11.606;8.6;77.29
1982-09-11;8.91;11.0;13.09;8.01;8.828;5.41;76.23
1982-09-12;7.7;10.29;12.89;4.13;11.643;6.0;59.66
1982-09-13;7.82;10.53;13.24;0.0;9.663;2.6;59.26
1982-09-14;9.11;11.8;14.5;2.51;7.252;5.42;56.51
1982-09-15;10.24;12.66;15.07;4.4;8.643;5.36;75.06
1982-09-16;9.95;11.77;13.58;15.44;8.197;5.11;78.26
1982-09-17;11.16;13.28;15.4;0.0;10.446;3.73;62.47
1982-09-18;10.74;15.0;19.27;1.43;14.479;3.76;53.21
1982-09-19;6.37;11.79;17.2;5.34;4.749;1.64;92.0
1982-09-20;7.4;10.93;14.46;0.0;10.675;1.82;56.06
1982-09-21;10.13;13.27;16.41;1.98;10.152;4.78;67.22
1982-09-22;13.24;16.54;19.83;1.07;10.95;4.28;66.04
1982-09-23;11.03;15.02;19.0;0.95;10.32;4.28;58.92
1982-09-24;10.68;13.53;16.37;0.0;10.353;1.43;60.61
1982-09-25;9.98;13.34;16.69;12.17;4.394;1.79;81.85
1982-09-26;12.49;16.71;20.94;0.0;12.982;2.0;57.96
1982-09-27;11.37;16.47;21.57;0.0;13.186;1.15;50.22
1982-09-28;10.6;16.31;22.02;0.0;11.756;2.07;51.43
1982-09-29;10.29;15.94;21.59;0.79;12.493;1.73;47.99
1982-09-30;12.01;15.96;19.92;0.0;12.387;0.3;52.9
1982-10-01;9.89;15.68;21.47;0.0;12.807;1.43;51.14
1982-10-02;9.94;14.91;19.88;0.0;10.223;0.91;64.15
1982-10-03;11.93;15.54;19.15;0.0;10.146;3.89;59.73
1982-10-04;6.37;11.78;17.19;0.0;6.307;3.14;60.42
1982-10-05;5.35;10.96;16.57;0.0;8.37;2.96;55.32
1982-10-06;9.93;14.79;19.64;0.0;9.644;2.66;66.02
1982-10-07;9.34;13.24;17.14;0.0;8.821;2.37;63.59
1982-10-08;5.66;10.91;16.16;0.0;5.915;3.12;65.4
1982-10-09;5.54;10.02;14.5;0.0;4.996;2.25;74.98
1982-10-10;11.24;14.3;17.36;0.0;6.805;2.24;65.19
1982-10-11;13.05;14.36;15.66;0.0;3.917;1.38;76.66
1982-10-12;10.48;15.05;19.62;0.0;9.484;2.52;68.83
1982-10-13;13.1;16.11;19.11;0.0;9.286;3.39;60.89
1982-10-14;11.86;15.98;20.11;0.0;9.402;1.45;55.89
1982-10-15;12.44;14.77;17.11;0.0;4.927;3.7;81.41
1982-10-16;7.45;10.94;14.43;2.26;2.006;2.1;87.9
1982-10-17;5.15;9.36;13.56;0.0;8.389;1.79;56.86
1982-10-18;3.1;7.33;11.55;0.0;7.499;1.92;51.86
1982-10-19;6.03;10.64;15.26;0.0;8.234;3.09;55.67
1982-10-20;7.05;10.02;12.99;12.91;3.599;3.53;85.54
1982-10-21;5.01;8.88;12.76;0.0;5.403;2.63;72.32
1982-10-22;4.06;7.85;11.64;0.0;6.948;2.49;49.98
1982-10-23;4.64;8.19;11.73;0.0;6.525;3.87;59.55
1982-10-24;6.4;8.65;10.9;0.0;2.957;3.68;78.95
1982-10-25;5.65;8.41;11.17;3.54;3.762;4.47;84.39
1982-10-26;4.22;8.51;12.8;5.5;1.57;4.9;64.56
1982-10-27;7.44;9.04;10.63;5.07;3.803;5.26;77.05
1982-10-28;6.22;8.23;10.24;10.63;2.34;0.45;86.1
1982-10-29;6.14;8.27;10.4;4.34;2.901;3.08;88.81
1982-10-30;1.96;5.04;8.13;0.0;2.97;2.1;81.07
1982-10-31;2.8;5.82;8.85;0.0;5.3;4.18;73.79
1982-11-01;1.55;6.1;10.65;3.54;2.217;4.47;83.0
1982-11-02;4.31;8.17;12.03;0.0;5.028;1.47;49.5
1982-11-03;3.19;6.38;9.56;0.0;4.005;2.97;72.23
1982-11-04;4.31;7.03;9.74;0.0;5.197;0.91;79.42
1982-11-05;3.15;6.77;10.39;0.0;2.685;2.02;75.93
1982-11-06;9.3;11.88;14.46;0.0;3.732;2.65;79.17
1982-11-07;6.5;8.46;10.43;0.0;4.079;2.54;87.18
1982-11-08;5.89;8.47;11.05;6.52;2.703;4.42;83.76
1982-11-09;3.25;6.45;9.65;0.92;3.665;3.52;79.88
1982-11-10;1.35;4.04;6.74;0.0;4.349;1.82;79.96
1982-11-11;1.06;3.0;4.95;0.0;3.108;1.49;79.66
1982-11-12;1.13;3.33;5.53;0.0;1.632;3.05;85.28
1982-11-13;0.64;1.8;2.96;0.55;1.984;2.8;83.77
1982-11-14;0.26;2.52;4.78;0.77;1.653;4.14;83.69
1982-11-15;1.86;4.88;7.91;5.06;1.205;4.95;87.68
1982-11-16;1.93;4.08;6.22;0.0;2.166;3.26;86.45
1982-11-17;2.85;4.47;6.09;0.43;3.435;2.88;83.34
1982-11-18;3.44;5.38;7.31;8.34;1.321;2.96;83.92
1982-11-19;3.94;6.48;9.02;0.0;2.449;1.71;84.12
1982-11-20;3.0;4.72;6.44;0.65;3.126;2.54;79.44
1982-11-21;-0.06;2.21;4.48;0.0;2.477;4.77;83.34
1982-11-22;-0.6;0.47;1.54;0.0;3.664;4.91;68.07
1982-11-23;0.23;1.5;2.78;0.0;3.025;4.13;63.09
1982-11-24;-0.72;1.44;3.6;0.0;2.7;4.0;76.11
1982-11-25;-1.43;-0.65;0.14;0.43;2.602;2.78;72.93
1982-11-26;-4.94;-2.97;-1.0;0.0;1.772;2.13;81.21
1982-11-27;-4.9;-2.75;-0.6;0.4;2.884;1.23;79.4
1982-11-28;-3.06;-1.2;0.67;1.03;2.722;1.43;81.3
1982-11-29;-2.16;-0.16;1.85;0.0;2.284;2.78;79.52
1982-11-30;2.7;4.28;5.85;0.0;2.176;3.88;86.7
1982-12-01;-0.74;1.71;4.16;0.78;1.947;2.97;81.57
1982-12-02;1.32;4.55;7.79;1.09;1.706;6.2;85.29
1982-12-03;0.68;2.98;5.28;3.2;0.966;4.59;85.59
1982-12-04;1.31;3.53;5.75;16.54;0.916;5.95;88.28
1982-12-05;-2.34;-0.3;1.73;0.0;1.221;4.03;82.21
1982-12-06;-2.36;-0.43;1.49;0.0;2.805;2.03;78.09
1982-12-07;-2.84;-0.93;0.98;0.0;2.227;1.55;78.56
1982-12-08;-0.9;0.51;1.93;0.0;2.194;2.35;82.57
1982-12-09;-2.42;-0.18;2.07;13.58;1.337;3.03;87.82
1982-12-10;-2.44;-0.21;2.02;1.63;2.889;4.1;78.09
1982-12-11;-2.08;-0.87;0.34;0.0;2.51;0.64;80.94
1982-12-12;-2.31;-0.99;0.32;0.0;2.867;3.58;72.73
1982-12-13;-3.82;-2.37;-0.92;0.36;2.156;2.73;71.57
1982-12-14;-3.92;-2.33;-0.73;0.0;2.757;3.92;73.03
1982-12-15;-3.84;-2.37;-0.9;0.0;2.624;3.76;70.86
1982-12-16;-3.95;-2.12;-0.29;3.47;2.228;4.5;77.56
1982-12-17;-0.02;1.77;3.56;7.93;1.363;5.43;87.91
1982-12-18;-1.72;-0.28;1.17;0.56;1.363;2.15;84.34
1982-12-19;-3.69;-0.28;3.12;5.14;2.163;5.47;80.2
1982-12-20;1.78;3.63;5.47;0.0;2.438;5.58;85.22
1982-12-21;0.39;0.76;1.12;0.0;2.823;5.72;72.87
1982-12-22;0.41;2.48;4.56;0.95;2.525;5.72;80.81
1982-12-23;-2.48;-0.28;1.93;0.0;1.871;3.67;84.33
1982-12-24;-0.53;0.34;1.21;0.0;2.826;1.23;78.78
1982-12-25;-1.81;0.25;2.31;0.66;2.435;1.51;79.22
1982-12-26;-3.59;-1.23;1.14;0.0;1.676;2.35;80.01
1982-12-27;0.32;1.79;3.27;0.0;1.396;5.7;83.67
1982-12-28;1.37;3.44;5.52;5.94;1.554;5.55;85.76
1982-12-29;0.7;1.29;1.87;0.0;1.457;1.64;81.83
1982-12-30;-0.63;0.81;2.25;0.0;1.874;0.89;84.06
1982-12-31;-2.18;-0.62;0.94;0.0;1.76;3.11;80.15
1983-01-01;-0.57;0.61;1.8;1.43;2.453;3.01;83.63
1983-01-02;-1.87;0.22;2.31;0.0;1.256;2.8;83.44
1983-01-03;-1.99;1.85;5.69;1.43;1.106;3.43;86.11
1983-01-04;-0.09;1.66;3.41;0.79;2.767;1.95;86.97
1983-01-05;-0.59;1.98;4.56;1.65;2.225;2.64;89.24
1983-01-06;0.88;3.5;6.12;1.98;1.736;4.17;75.71
1983-01-07;4.11;5.63;7.14;3.98;2.532;6.05;85.41
1983-01-08;1.87;3.26;4.65;5.18;1.065;5.71;79.45
1983-01-09;-0.54;1.73;3.99;0.0;2.892;3.07;81.89
1983-01-10;1.73;5.58;9.42;2.33;1.435;5.53;85.39
1983-01-11;6.94;7.51;8.08;0.0;1.58;5.76;87.44
1983-01-12;6.59;8.11;9.62;2.85;2.019;6.78;86.28
1983-01-13;6.34;7.5;8.66;1.17;1.318;9.35;74.16
1983-01-14;6.41;7.12;7.83;1.55;1.808;6.88;77.42
1983-01-15;5.5;6.96;8.41;3.66;1.426;7.83;78.03
1983-01-16;4.15;5.69;7.22;5.28;1.231;6.77;82.2
1983-01-17;2.07;3.79;5.51;0.0;2.765;4.45;70.16
1983-01-18;1.39;2.88;4.37;8.8;2.682;5.75;76.99
1983-01-19;3.21;4.81;6.41;5.21;3.117;8.59;71.68
1983-01-20;1.77;4.88;7.99;6.2;1.81;6.0;85.41
1983-01-21;1.77;3.22;4.67;0.0;3.076;4.65;75.1
1983-01-22;3.2;5.16;7.11;1.74;3.435;6.74;67.67
1983-01-23;1.22;4.29;7.35;5.14;2.068;1.1;87.52
1983-01-24;-0.83;1.37;3.57;0.0;3.364;1.1;72.34
1983-01-25;0.26;1.96;3.65;0.0;2.359;1.52;80.41
1983-01-26;-1.03;1.27;3.58;0.0;2.449;3.77;72.88
1983-01-27;-0.96;0.98;2.91;0.0;3.337;4.97;81.8
1983-01-28;-0.07;2.39;4.85;5.95;2.754;6.74;69.16
1983-01-29;2.61;4.25;5.89;6.47;2.132;6.95;80.59
1983-01-30;3.57;4.92;6.26;16.82;2.068;7.1;87.46
1983-01-31;2.52;3.67;4.83;1.08;2.17;3.61;80.32
1983-02-01;-0.14;1.94;4.02;0.0;3.721;4.75;81.0
1983-02-02;2.78;5.71;8.63;5.63;2.073;6.08;81.24
1983-02-03;4.99;5.96;6.92;5.81;2.117;5.91;85.59
1983-02-04;3.06;5.45;7.84;8.38;3.136;7.24;83.75
1983-02-05;4.45;5.39;6.33;0.0;3.255;6.99;69.43
1983-02-06;2.63;4.58;6.54;3.57;2.069;6.13;83.68
1983-02-07;2.61;3.93;5.25;3.61;4.216;6.27;78.12
1983-02-08;2.22;3.36;4.49;0.0;2.192;4.15;85.38
1983-02-09;3.05;4.42;5.79;3.04;3.732;4.94;74.5
1983-02-10;-0.08;2.88;5.84;3.69;3.37;4.2;81.11
1983-02-11;0.06;2.65;5.23;5.7;2.201;5.01;80.96
1983-02-12;2.22;4.12;6.02;5.95;2.384;5.4;85.15
1983-02-13;-1.26;1.65;4.55;0.73;5.141;1.48;75.45
1983-02-14;-3.45;-0.26;2.93;0.34;5.416;1.91;64.67
1983-02-15;-1.13;0.71;2.55;2.45;2.642;1.9;80.9
1983-02-16;-2.41;-0.13;2.15;0.0;4.093;2.92;64.88
1983-02-17;-4.54;-2.57;-0.6;0.0;6.176;2.49;59.11
1983-02-18;-5.02;-2.48;0.06;1.93;1.407;3.35;78.28
1983-02-19;-4.41;-2.18;0.05;0.0;6.173;3.59;55.82
1983-02-20;-4.1;-2.15;-0.19;0.0;6.991;3.28;48.84
1983-02-21;-5.32;-2.74;-0.16;0.0;7.309;3.01;51.37
1983-02-22;-0.98;0.79;2.56;0.0;3.783;0.75;77.37
1983-02-23;0.76;1.54;2.33;3.21;7.781;4.64;85.96
1983-02-24;-2.07;-0.12;1.83;0.0;5.386;3.49;81.16
1983-02-25;1.62;2.85;4.08;2.83;6.458;2.67;77.46
1983-02-26;-0.59;0.78;2.14;16.41;4.567;3.57;88.78
1983-02-27;0.7;3.0;5.3;0.0;5.459;4.97;61.52
1983-02-28;0.33;2.73;5.12;6.11;7.22;3.79;69.66
1983-03-01;3.61;4.05;4.5;5.09;1.862;6.85;75.55
1983-03-02;2.5;3.79;5.09;2.08;6.636;6.37;59.72
1983-03-03;0.93;2.46;4.0;0.0;7.703;4.35;60.51
1983-03-04;1.92;3.35;4.78;0.88;6.297;3.73;82.05
1983-03-05;5.07;6.49;7.9;0.83;3.9;7.48;81.56
1983-03-06;1.66;2.46;3.25;0.22;6.891;4.54;48.74
1983-03-07;-1.67;0.77;3.2;0.0;5.488;2.68;51.12
1983-03-08;-3.2;-0.52;2.16;0.0;8.794;1.03;51.21
1983-03-09;-0.27;3.17;6.6;1.03;4.996;3.59;58.11
1983-03-10;2.33;5.79;9.25;0.0;10.829;4.82;41.06
1983-03-11;6.5;7.3;8.11;8.4;4.224;5.54;65.06
1983-03-12;4.63;7.59;10.55;14.22;7.719;6.87;71.83
1983-03-13;6.37;7.97;9.58;0.0;5.182;5.62;70.99
1983-03-14;3.08;5.6;8.12;3.84;6.001;3.85;84.49
1983-03-15;3.57;5.68;7.8;0.0;8.606;3.35;58.52
1983-03-16;1.95;5.64;9.34;0.0;11.096;2.44;63.17
1983-03-17;0.53;5.03;9.53;0.0;12.347;2.78;42.05
1983-03-18;3.26;6.96;10.67;12.31;8.402;5.93;56.02
1983-03-19;3.03;6.74;10.45;0.0;10.396;1.72;49.46
1983-03-20;3.59;5.95;8.31;0.0;6.788;1.98;51.57
1983-03-21;3.21;6.11;9.0;0.59;7.523;2.21;71.69
1983-03-22;1.02;4.33;7.64;1.51;7.658;3.5;54.02
1983-03-23;-0.31;2.52;5.34;2.32;7.362;3.4;63.26
1983-03-24;1.61;3.72;5.83;1.71;10.753;3.58;64.07
1983-03-25;0.13;2.67;5.2;1.93;11.811;4.05;67.93
1983-03-26;2.87;5.4;7.93;2.91;10.118;3.2;53.73
1983-03-27;1.61;5.5;9.39;4.62;6.794;7.28;60.84
1983-03-28;2.88;6.63;10.39;4.73;9.133;2.58;54.35
1983-03-29;5.9;8.48;11.07;12.69;5.527;5.83;69.89
1983-03-30;5.08;7.47;9.87;1.4;11.432;4.36;55.05
1983-03-31;4.35;6.3;8.25;1.01;7.108;5.04;54.92
1983-04-01;2.6;4.01;5.42;14.51;10.787;4.36;64.88
1983-04-02;3.26;6.49;9.71;2.54;11.005;2.1;56.2
1983-04-03;4.52;6.66;8.8;6.37;5.559;4.95;88.54
1983-04-04;4.89;7.68;10.46;5.49;7.881;1.59;66.14
1983-04-05;1.97;6.26;10.55;1.94;11.299;2.54;60.93
1983-04-06;0.54;6.22;11.91;0.0;16.667;1.89;30.57
1983-04-07;1.92;6.07;10.22;0.0;18.997;5.45;49.08
1983-04-08;4.21;6.32;8.43;0.0;5.581;5.91;70.77
1983-04-09;4.21;6.23;8.25;0.0;8.284;1.45;53.61
1983-04-10;3.26;5.15;7.04;7.78;6.628;3.47;75.26
1983-04-11;7.47;9.48;11.5;7.01;7.937;1.37;58.02
1983-04-12;6.56;8.2;9.84;7.46;7.037;1.19;68.58
1983-04-13;3.44;6.06;8.68;7.27;12.067;2.01;77.06
1983-04-14;2.55;4.11;5.66;6.69;11.037;2.58;73.14
1983-04-15;4.93;7.92;10.9;0.0;16.756;3.39;58.58
1983-04-16;1.93;5.92;9.92;0.0;12.696;4.16;53.64
1983-04-17;-0.03;5.07;10.16;1.89;13.997;1.42;50.29
1983-04-18;4.52;8.77;13.01;0.0;18.141;3.38;60.99
1983-04-19;5.15;9.61;14.07;0.0;14.618;2.18;55.22
1983-04-20;5.94;8.75;11.56;6.0;6.076;2.0;76.74
1983-04-21;7.46;12.92;18.38;0.0;17.843;3.01;51.19
1983-04-22;8.47;12.55;16.63;0.0;15.867;3.55;48.42
1983-04-23;7.38;11.86;16.34;0.0;20.306;4.77;43.98
1983-04-24;5.91;10.14;14.38;2.34;13.526;4.04;57.36
1983-04-25;4.23;8.08;11.93;0.0;15.762;2.74;46.75
1983-04-26;7.06;10.87;14.67;6.0;12.935;2.02;53.2
1983-04-27;9.99;15.59;21.19;9.61;6.579;0.84;58.39
1983-04-28;9.38;12.47;15.56;0.0;19.485;2.31;69.59
1983-04-29;7.3;11.82;16.34;0.0;21.03;4.04;42.32
1983-04-30;4.81;9.3;13.8;0.0;20.127;6.09;40.91
1983-05-01;3.09;8.21;13.34;0.0;21.799;5.42;39.04
1983-05-02;4.42;8.66;12.89;0.25;21.632;4.3;37.97
1983-05-03;3.86;8.56;13.27;0.0;22.67;3.2;39.56
1983-05-04;6.43;11.6;16.76;0.0;19.428;2.61;42.41
1983-05-05;5.08;10.74;16.4;0.0;24.404;1.72;40.97
1983-05-06;6.34;12.54;18.74;0.0;25.595;1.0;41.26
1983-05-07;7.19;13.02;18.85;0.0;23.218;1.97;45.82
1983-05-08;8.02;13.58;19.15;0.0;24.603;3.68;50.94
1983-05-09;9.02;14.87;20.71;0.0;21.648;3.88;48.35
1983-05-10;9.86;15.4;20.94;0.0;20.793;3.51;48.25
1983-05-11;8.44;13.31;18.18;0.0;27.168;3.2;46.1
1983-05-12;7.05;11.79;16.53;0.0;26.593;3.44;45.11
1983-05-13;7.76;12.82;17.88;0.0;25.416;4.29;50.26
1983-05-14;8.21;12.34;16.46;0.0;26.418;5.37;49.59
1983-05-15;6.13;10.28;14.43;0.0;24.505;5.69;44.84
1983-05-16;6.29;10.74;15.19;0.0;26.738;5.98;41.94
1983-05-17;6.7;11.13;15.55;0.0;28.149;4.96;39.44
1983-05-18;6.26;10.9;15.54;0.0;26.691;4.02;38.48
1983-05-19;6.99;10.95;14.91;0.0;21.329;4.21;47.55
1983-05-20;8.68;12.12;15.55;0.0;9.465;2.73;52.57
1983-05-21;8.22;13.7;19.18;2.38;23.664;2.92;50.31
1983-05-22;11.62;14.28;16.94;5.63;11.959;0.21;67.52
1983-05-23;10.39;14.36;18.33;0.0;18.973;2.19;59.77
1983-05-24;11.4;14.29;17.18;14.33;16.447;0.63;69.3
1983-05-25;10.27;16.13;22.0;1.18;22.031;1.72;48.32
1983-05-26;11.35;15.98;20.62;3.75;19.286;1.96;52.74
1983-05-27;10.21;12.25;14.29;0.0;12.559;3.46;71.6
1983-05-28;8.86;11.86;14.85;0.0;11.152;5.4;55.07
1983-05-29;7.42;10.47;13.52;0.0;9.041;3.58;61.1
1983-05-30;6.3;10.5;14.7;1.55;15.771;4.24;50.6
1983-05-31;6.03;9.72;13.42;0.0;14.6;4.35;45.53
1983-06-01;5.51;9.31;13.12;0.0;23.248;2.66;39.64
1983-06-02;5.21;10.1;14.99;0.0;17.105;2.44;46.79
1983-06-03;7.76;12.75;17.73;0.0;18.74;2.53;48.77
1983-06-04;7.94;13.36;18.78;0.0;22.913;3.5;46.73
1983-06-05;7.91;13.38;18.85;0.0;16.578;1.09;46.26
1983-06-06;11.51;15.43;19.36;0.0;21.498;0.39;48.33
1983-06-07;8.84;13.59;18.34;0.0;25.682;2.17;47.66
1983-06-08;8.29;12.05;15.82;1.66;23.686;4.06;49.96
1983-06-09;7.6;11.2;14.79;0.0;17.996;4.39;55.96
1983-06-10;6.31;9.54;12.78;0.0;14.176;3.87;43.87
1983-06-11;6.31;9.36;12.41;0.77;10.907;3.65;50.89
1983-06-12;7.24;10.23;13.22;0.79;13.645;3.02;50.87
1983-06-13;8.72;11.86;15.0;0.0;14.726;1.84;47.4
1983-06-14;7.89;12.16;16.43;0.0;20.284;3.01;45.55
1983-06-15;8.98;13.12;17.25;0.0;19.908;3.28;44.45
1983-06-16;7.56;10.92;14.29;0.0;14.735;4.42;63.36
1983-06-17;9.97;11.59;13.21;5.96;5.682;4.66;76.26
1983-06-18;8.35;13.86;19.37;0.0;26.99;4.24;42.72
1983-06-19;8.24;14.8;21.36;0.0;28.189;3.04;44.66
1983-06-20;8.98;14.56;20.14;0.0;25.402;2.56;48.24
1983-06-21;7.54;15.0;22.47;0.0;26.105;2.63;41.66
1983-06-22;13.76;17.44;21.12;16.83;6.238;3.04;61.31
1983-06-23;10.9;14.06;17.22;5.3;12.549;4.46;76.15
1983-06-24;8.72;12.25;15.77;0.0;26.444;5.37;46.56
1983-06-25;6.12;10.32;14.53;0.0;18.137;4.39;41.76
1983-06-26;6.09;10.18;14.26;1.2;27.416;3.72;42.09
1983-06-27;7.57;11.43;15.29;0.0;27.341;3.77;43.98
1983-06-28;6.3;10.98;15.67;0.73;23.894;2.99;47.8
1983-06-29;12.59;16.41;20.24;1.44;22.111;3.99;58.36
1983-06-30;14.53;18.79;23.05;2.48;15.726;1.61;51.68
1983-07-01;15.47;19.66;23.85;20.15;9.317;2.31;64.63
1983-07-02;14.05;16.4;18.75;0.0;18.327;5.57;57.22
1983-07-03;14.3;18.14;21.99;0.75;10.736;2.92;57.47
1983-07-04;14.04;17.91;21.78;1.63;19.127;1.74;66.67
1983-07-05;11.73;14.72;17.71;6.96;16.703;5.41;71.6
1983-07-06;11.22;13.87;16.51;8.78;17.734;4.14;67.22
1983-07-07;11.26;14.3;17.34;1.65;13.031;4.9;63.9
1983-07-08;12.18;15.54;18.91;8.55;10.743;4.18;78.3
1983-07-09;11.91;15.11;18.3;2.47;19.429;4.68;56.46
1983-07-10;12.26;14.48;16.71;5.0;16.239;5.5;64.77
1983-07-11;12.54;15.95;19.36;22.54;19.067;1.47;56.11
1983-07-12;11.59;14.37;17.14;2.18;9.614;3.82;62.78
1983-07-13;10.8;14.45;18.1;3.2;16.781;2.69;54.68
1983-07-14;9.45;14.64;19.84;0.0;19.13;4.28;56.49
1983-07-15;8.37;12.27;16.17;0.0;17.083;3.6;50.68
1983-07-16;8.63;12.66;16.68;0.72;21.545;2.26;44.67
1983-07-17;9.4;13.3;17.21;0.68;19.321;2.47;50.13
1983-07-18;10.09;13.8;17.52;1.91;19.011;3.62;53.16
1983-07-19;12.82;16.34;19.87;4.29;16.009;2.83;75.1
1983-07-20;10.82;14.46;18.09;2.71;13.655;3.86;59.21
1983-07-21;11.1;14.07;17.03;8.47;10.129;3.56;65.22
1983-07-22;12.34;15.46;18.57;2.07;18.903;3.62;60.14
1983-07-23;11.89;15.16;18.42;3.15;16.819;3.63;51.1
1983-07-24;10.52;13.88;17.23;4.84;18.589;5.24;58.26
1983-07-25;10.9;13.97;17.04;9.06;17.022;5.45;64.07
1983-07-26;11.3;14.42;17.54;1.02;20.374;5.21;58.43
1983-07-27;11.07;15.01;18.95;0.0;14.831;2.02;53.06
1983-07-28;11.15;14.48;17.8;0.0;10.775;2.51;59.17
1983-07-29;11.64;15.75;19.85;2.57;11.922;2.93;62.21
1983-07-30;12.5;15.13;17.75;4.64;13.12;3.86;64.03
1983-07-31;12.84;16.12;19.39;0.0;16.222;2.21;56.74
1983-08-01;12.98;16.79;20.59;1.92;5.781;3.02;76.86
1983-08-02;16.46;22.16;27.85;21.35;17.144;2.62;48.88
1983-08-03;16.53;20.86;25.19;0.0;24.341;1.89;54.62
1983-08-04;16.62;21.55;26.48;0.0;19.481;1.74;59.12
1983-08-05;15.95;20.98;26.02;1.88;18.725;4.08;54.33
1983-08-06;12.91;16.93;20.94;0.0;16.572;2.74;57.97
1983-08-07;14.35;14.98;15.61;15.31;5.001;1.72;89.39
1983-08-08;11.99;14.41;16.84;1.15;17.675;1.12;58.67
1983-08-09;11.2;15.57;19.95;0.0;16.003;3.83;51.69
1983-08-10;16.13;21.36;26.59;0.0;24.932;4.05;45.6
1983-08-11;13.21;18.39;23.57;3.6;16.537;3.31;55.93
1983-08-12;11.57;15.52;19.47;3.54;14.515;5.23;59.12
1983-08-13;12.43;15.03;17.63;0.0;16.149;4.43;63.35
1983-08-14;12.13;14.85;17.57;0.0;14.775;4.99;59.12
1983-08-15;12.59;14.48;16.38;1.38;4.937;5.4;89.73
1983-08-16;10.44;14.89;19.35;6.58;4.478;2.68;90.2
1983-08-17;9.07;11.84;14.62;0.0;25.105;4.05;47.84
1983-08-18;8.8;11.92;15.04;2.57;17.549;2.68;42.1
1983-08-19;8.41;12.55;16.69;0.0;9.833;2.44;53.81
1983-08-20;8.83;13.2;17.56;0.0;16.548;2.64;50.32
1983-08-21;9.34;14.23;19.12;0.0;9.092;3.11;56.79
1983-08-22;13.86;17.61;21.36;1.72;7.023;3.94;76.34
1983-08-23;13.57;18.7;23.82;0.0;16.248;2.56;63.07
1983-08-24;13.96;19.91;25.86;0.0;21.587;1.55;52.56
1983-08-25;16.07;20.79;25.5;0.0;19.946;1.77;52.11
1983-08-26;10.5;13.88;17.26;2.41;9.06;1.88;70.76
1983-08-27;8.65;11.88;15.12;1.66;15.36;2.32;44.89
1983-08-28;9.26;11.93;14.61;5.29;8.335;1.66;66.62
1983-08-29;9.65;12.26;14.87;0.0;14.597;2.73;52.74
1983-08-30;10.13;12.79;15.44;8.08;10.603;2.82;67.1
1983-08-31;11.07;14.04;17.02;0.0;14.69;3.82;54.37
1983-09-01;11.36;13.68;16.0;0.0;10.486;2.29;51.94
1983-09-02;9.07;12.07;15.06;0.0;16.082;6.15;57.25
1983-09-03;10.04;12.42;14.8;0.0;10.866;1.04;51.07
1983-09-04;8.9;11.65;14.4;0.68;14.229;3.59;52.73
1983-09-05;8.09;10.98;13.87;2.94;11.459;5.73;62.31
1983-09-06;5.9;10.72;15.54;0.76;13.814;3.93;50.65
1983-09-07;2.11;8.11;14.11;10.08;11.908;3.59;56.97
1983-09-08;13.86;16.24;18.62;0.0;6.475;6.12;62.52
1983-09-09;12.13;16.0;19.88;0.0;14.049;4.03;58.5
1983-09-10;12.1;17.22;22.34;0.0;17.086;1.03;56.99
1983-09-11;11.46;16.9;22.34;0.0;12.879;2.92;61.16
1983-09-12;9.79;13.87;17.94;1.73;7.313;0.45;72.16
1983-09-13;11.34;14.68;18.02;2.83;12.926;2.1;65.33
1983-09-14;10.39;14.44;18.48;0.45;15.447;3.23;48.12
1983-09-15;9.42;14.73;20.03;0.74;15.928;2.72;44.56
1983-09-16;10.4;14.15;17.9;0.0;5.174;1.93;65.45
1983-09-17;11.92;13.84;15.77;16.44;4.991;3.38;86.57
1983-09-18;10.92;13.98;17.03;0.0;5.874;1.62;71.44
1983-09-19;10.23;13.37;16.51;0.0;7.398;2.24;64.84
1983-09-20;10.87;13.68;16.5;0.0;6.878;0.73;59.64
1983-09-21;10.94;14.03;17.12;0.0;11.54;2.23;58.37
1983-09-22;9.77;13.69;17.6;0.0;12.815;1.59;51.71
1983-09-23;7.62;12.1;16.58;0.0;11.531;2.58;50.65
1983-09-24;10.62;14.25;17.87;0.0;13.946;2.57;51.39
1983-09-25;11.12;14.29;17.45;2.11;7.906;1.72;61.38
1983-09-26;8.42;12.07;15.71;0.37;6.221;3.68;71.58
1983-09-27;7.08;10.68;14.29;0.0;7.23;2.75;51.66
1983-09-28;6.04;9.88;13.71;0.0;7.83;2.93;45.83
1983-09-29;6.9;10.05;13.21;0.0;10.904;4.16;48.11
1983-09-30;6.29;9.12;11.94;1.89;6.866;1.92;68.56
1983-10-01;5.74;9.73;13.73;0.0;11.05;4.36;48.86
1983-10-02;5.32;7.74;10.16;0.58;8.403;6.11;46.14
1983-10-03;5.14;7.7;10.25;0.0;11.218;3.89;43.99
1983-10-04;2.24;4.96;7.67;0.0;8.768;1.0;43.87
1983-10-05;-0.66;4.06;8.78;1.86;4.974;2.84;66.58
1983-10-06;6.47;9.4;12.34;1.85;5.264;4.1;86.97
1983-10-07;7.75;10.23;12.71;2.71;4.416;4.01;84.33
1983-10-08;6.21;10.15;14.1;0.0;10.536;3.67;48.77
1983-10-09;8.6;11.27;13.95;0.0;3.098;4.46;66.59
1983-10-10;7.48;11.14;14.8;0.0;7.066;6.2;62.36
1983-10-11;6.39;8.26;10.13;12.29;4.793;5.93;79.86
1983-10-12;6.44;8.43;10.42;0.0;4.805;5.84;74.06
1983-10-13;3.83;6.54;9.26;8.24;6.641;4.52;89.59
1983-10-14;3.23;4.72;6.21;7.92;4.924;0.75;88.93
1983-10-15;2.64;5.84;9.04;0.67;8.777;1.05;61.26
1983-10-16;0.42;3.6;6.78;6.27;4.04;3.67;76.42
1983-10-17;7.64;9.74;11.85;2.74;6.221;3.44;78.92
1983-10-18;5.62;8.86;12.09;0.0;2.859;3.97;81.01
1983-10-19;5.24;8.84;12.45;0.0;4.421;1.35;60.05
1983-10-20;5.01;7.6;10.19;10.21;2.405;4.28;81.56
1983-10-21;5.2;8.36;11.52;0.0;5.376;3.56;61.38
1983-10-22;6.58;8.15;9.72;0.36;5.282;4.23;76.38
1983-10-23;4.61;7.04;9.46;0.73;4.425;4.45;66.0
1983-10-24;4.36;7.94;11.51;0.2;6.061;0.61;55.15
1983-10-25;3.1;6.71;10.31;0.0;7.567;1.01;50.28
1983-10-26;2.9;5.26;7.62;0.0;5.187;1.64;77.05
1983-10-27;4.5;6.99;9.48;8.2;3.473;4.06;88.15
1983-10-28;5.66;7.01;8.36;0.94;1.614;6.06;81.24
1983-10-29;6.24;7.79;9.35;6.13;4.2;5.86;75.56
1983-10-30;3.19;6.46;9.73;0.72;4.673;4.95;66.07
1983-10-31;1.74;5.45;9.16;0.0;2.646;2.96;63.99
1983-11-01;5.21;8.05;10.9;0.0;1.077;4.04;79.87
1983-11-02;9.14;11.15;13.16;0.0;2.295;3.7;83.32
1983-11-03;8.3;10.66;13.03;0.49;2.341;3.68;83.94
1983-11-04;3.54;6.36;9.17;0.0;4.835;0.83;83.98
1983-11-05;2.85;5.87;8.88;0.81;3.743;1.29;78.66
1983-11-06;5.06;6.07;7.08;0.48;1.659;3.12;83.41
1983-11-07;4.44;5.4;6.36;0.0;3.81;2.62;58.8
1983-11-08;1.88;3.96;6.03;11.2;3.815;2.91;79.9
1983-11-09;-0.26;2.38;5.02;8.78;4.482;6.93;69.61
1983-11-10;-2.5;-0.87;0.76;0.44;3.325;2.64;59.38
1983-11-11;-3.46;-0.92;1.63;4.89;2.063;4.91;58.66
1983-11-12;4.14;5.95;7.76;1.95;2.961;3.62;77.42
1983-11-13;1.43;3.3;5.17;5.06;1.609;2.56;85.82
1983-11-14;0.95;4.09;7.24;3.97;2.947;3.31;80.11
1983-11-15;3.57;6.05;8.53;5.06;1.439;5.16;89.46
1983-11-16;2.99;6.03;9.06;13.69;1.564;4.77;88.2
1983-11-17;1.75;3.58;5.42;0.84;2.371;3.15;82.71
1983-11-18;2.91;4.63;6.35;4.97;2.901;4.77;87.47
1983-11-19;2.73;4.59;6.46;5.28;3.214;5.36;78.66
1983-11-20;0.67;2.77;4.86;0.0;2.094;5.46;78.46
1983-11-21;3.2;3.94;4.68;0.0;2.244;4.0;78.21
1983-11-22;-1.65;1.05;3.76;0.0;3.027;3.55;80.85
1983-11-23;-2.23;-0.06;2.1;0.84;2.122;0.72;82.67
1983-11-24;-0.68;1.63;3.93;2.31;3.213;2.14;85.04
1983-11-25;2.16;3.14;4.11;0.44;1.232;2.99;88.17
1983-11-26;-0.61;1.17;2.95;0.0;1.449;2.18;83.33
1983-11-27;-1.45;-0.59;0.26;0.0;2.068;0.91;79.44
1983-11-28;-0.97;1.33;3.64;0.89;2.266;2.94;80.98
1983-11-29;0.05;2.8;5.56;4.21;1.372;2.27;83.01
1983-11-30;1.72;3.67;5.61;5.49;1.338;4.07;82.7
1983-12-01;-0.66;1.08;2.83;0.98;2.969;3.39;79.92
1983-12-02;-0.61;0.84;2.29;7.43;2.285;2.96;87.83
1983-12-03;-0.6;2.08;4.76;7.37;1.699;2.91;87.82
1983-12-04;-2.42;-0.95;0.51;0.0;1.464;5.47;81.25
1983-12-05;-1.83;-0.55;0.74;0.0;2.575;3.56;76.63
1983-12-06;-2.49;0.7;3.9;6.78;1.128;3.62;81.48
1983-12-07;-2.28;-0.08;2.12;0.0;2.701;2.52;85.04
1983-12-08;-2.67;-0.8;1.07;0.0;2.839;1.35;83.19
1983-12-09;-1.48;0.28;2.04;4.18;1.105;3.64;86.55
1983-12-10;-2.29;-0.21;1.87;0.0;2.547;3.26;83.7
1983-12-11;-2.31;0.19;2.69;0.0;2.366;3.47;81.27
1983-12-12;-2.76;0.04;2.83;0.0;2.753;3.06;85.18
1983-12-13;-2.3;0.39;3.08;0.0;2.758;4.36;85.45
1983-12-14;-3.63;-2.05;-0.47;0.0;2.838;3.65;73.03
1983-12-15;-4.89;-2.88;-0.88;0.0;2.181;5.15;77.07
1983-12-16;-2.67;-0.43;1.8;0.0;0.916;4.63;84.87
1983-12-17;-0.3;1.35;3.01;0.0;2.43;1.84;85.73
1983-12-18;1.98;3.45;4.92;8.27;1.205;3.26;89.92
1983-12-19;-0.01;1.42;2.84;0.0;1.342;5.08;83.59
1983-12-20;-3.55;-2.19;-0.82;0.0;1.691;3.11;66.97
1983-12-21;-4.93;-3.86;-2.79;0.0;2.508;3.48;64.49
1983-12-22;-4.61;-3.87;-3.13;0.0;1.219;4.36;71.91
1983-12-23;-3.88;-1.63;0.62;0.0;1.841;2.49;83.74
1983-12-24;-9.07;-4.73;-0.38;0.93;1.671;1.55;85.41
1983-12-25;-3.88;-1.28;1.31;0.0;1.36;0.84;76.95
1983-12-26;-3.82;-1.58;0.66;0.0;1.694;2.14;79.39
1983-12-27;-3.78;-0.63;2.52;0.0;2.519;2.29;89.53
1983-12-28;-1.6;0.83;3.27;3.36;0.841;4.85;85.83
1983-12-29;-1.93;1.02;3.96;11.54;1.584;2.36;87.3
1983-12-30;-0.02;1.88;3.78;7.07;1.951;3.78;86.56
1983-12-31;-0.54;1.23;3.01;1.95;1.762;3.48;84.15
1984-01-01;0.41;1.67;2.93;0.0;1.563;1.65;83.26
1984-01-02;-0.35;1.89;4.12;0.0;1.541;3.95;84.66
1984-01-03;-0.91;2.26;5.43;15.39;1.116;4.0;88.06
1984-01-04;-0.84;1.29;3.42;0.0;2.673;1.42;83.26
1984-01-05;-2.92;-1.14;0.64;0.0;1.327;1.96;76.91
1984-01-06;-2.99;-1.68;-0.36;0.0;1.927;2.54;76.94
1984-01-07;-3.44;-1.52;0.4;0.0;1.628;3.24;78.21
1984-01-08;-0.9;0.71;2.31;0.49;1.539;4.94;83.54
1984-01-09;2.16;3.66;5.16;4.25;1.344;5.64;87.8
1984-01-10;-1.21;1.05;3.31;0.0;2.881;4.76;76.07
1984-01-11;-3.77;-3.1;-2.43;0.0;2.038;3.6;77.05
1984-01-12;-0.45;0.47;1.39;0.0;2.483;5.29;82.89
1984-01-13;-2.54;-0.65;1.25;0.0;2.368;3.73;82.72
1984-01-14;-3.32;-1.67;-0.02;1.53;2.215;3.96;86.27
1984-01-15;-1.22;0.67;2.56;0.0;2.1;4.24;81.47
1984-01-16;-0.14;1.77;3.69;0.0;3.607;5.83;78.9
1984-01-17;-0.11;1.07;2.25;0.0;2.234;4.97;69.09
1984-01-18;-1.97;-0.02;1.94;0.84;1.906;3.31;83.63
1984-01-19;2.71;2.83;2.94;2.51;1.538;3.27;86.29
1984-01-20;-3.45;-1.1;1.26;0.0;3.287;3.06;65.01
1984-01-21;-3.64;-2.73;-1.82;0.17;2.991;3.04;69.82
1984-01-22;-3.96;-2.44;-0.92;0.0;3.408;3.82;65.14
1984-01-23;-4.41;-2.82;-1.23;0.0;3.457;2.33;64.06
1984-01-24;-5.01;-2.28;0.45;0.0;3.248;2.92;75.32
1984-01-25;-6.01;-2.78;0.45;0.0;3.3;2.45;75.6
1984-01-26;-7.0;-4.3;-1.61;0.0;5.282;4.24;41.73
1984-01-27;-13.6;-8.38;-3.16;0.0;3.923;2.02;33.4
1984-01-28;-7.28;-3.4;0.48;3.8;4.043;6.09;66.52
1984-01-29;-9.21;-8.2;-7.19;0.0;4.662;5.42;60.74
1984-01-30;-7.92;-6.45;-4.97;1.18;4.739;4.55;60.16
1984-01-31;-9.16;-7.39;-5.63;0.0;3.925;4.79;68.99
1984-02-01;-11.24;-7.72;-4.2;0.84;4.32;4.38;70.3
1984-02-02;-8.56;-3.38;1.8;4.98;4.774;7.44;83.2
1984-02-03;-7.36;-3.0;1.36;4.77;1.14;6.62;86.39
1984-02-04;-4.46;-2.44;-0.41;0.0;4.243;3.39;65.35
1984-02-05;-3.4;-0.82;1.75;13.76;3.229;9.43;73.33
1984-02-06;-0.36;1.18;2.71;3.65;2.886;3.21;87.27
1984-02-07;-1.81;0.31;2.43;0.0;4.294;4.32;86.06
1984-02-08;-5.51;-2.52;0.47;0.0;7.206;2.29;69.88
1984-02-09;-2.17;0.08;2.33;1.83;2.459;4.42;82.72
1984-02-10;-2.01;0.7;3.41;2.59;3.926;5.66;82.77
1984-02-11;1.43;2.79;4.15;8.1;2.724;6.12;87.41
1984-02-12;-1.56;1.57;4.7;0.0;5.653;5.89;69.69
1984-02-13;-1.63;4.79;11.21;19.18;3.725;3.35;66.5
1984-02-14;6.14;7.7;9.26;4.97;1.538;7.9;87.07
1984-02-15;3.98;6.05;8.12;0.0;4.365;6.38;69.98
1984-02-16;4.98;7.57;10.15;3.28;2.658;7.07;68.87
1984-02-17;-0.17;2.54;5.25;0.0;5.669;5.64;62.54
1984-02-18;2.57;3.32;4.07;0.0;7.325;7.11;75.27
1984-02-19;2.58;3.7;4.82;0.0;3.715;5.18;85.34
1984-02-20;1.92;4.38;6.84;8.42;4.195;5.49;78.0
1984-02-21;3.78;4.46;5.15;9.24;4.723;7.0;68.96
1984-02-22;3.97;5.17;6.36;2.96;3.663;5.82;84.06
1984-02-23;2.27;4.04;5.8;0.69;5.235;7.9;71.03
1984-02-24;1.86;4.08;6.29;8.36;2.124;7.23;80.87
1984-02-25;2.24;3.75;5.25;0.0;3.074;7.01;74.21
1984-02-26;2.74;4.2;5.65;5.01;7.745;5.36;70.69
1984-02-27;2.77;5.49;8.21;10.39;2.149;8.04;87.89
1984-02-28;2.94;4.28;5.62;1.96;8.494;7.31;64.99
1984-02-29;-0.49;1.68;3.85;5.4;4.086;6.02;81.41
1984-03-01;-1.2;1.15;3.49;0.0;5.675;5.39;64.94
1984-03-02;-2.14;0.55;3.25;0.0;8.45;4.06;55.91
1984-03-03;1.6;4.21;6.83;0.0;7.438;5.13;68.72
1984-03-04;2.38;5.6;8.82;0.83;4.104;6.06;85.05
1984-03-05;7.35;8.06;8.78;0.0;4.41;7.78;85.91
1984-03-06;5.47;7.15;8.84;0.0;2.736;6.15;75.85
1984-03-07;3.92;6.66;9.39;0.0;10.003;3.77;59.14
1984-03-08;2.85;6.24;9.63;0.0;11.4;4.03;56.93
1984-03-09;2.38;5.23;8.08;0.0;11.62;7.27;72.14
1984-03-10;2.65;5.33;8.0;0.0;10.819;6.61;64.05
1984-03-11;2.9;6.31;9.72;0.0;10.994;4.58;50.5
1984-03-12;3.68;6.87;10.06;0.0;3.92;5.42;64.14
1984-03-13;4.25;8.72;13.2;3.68;9.656;5.62;57.63
1984-03-14;3.4;7.62;11.84;0.0;9.196;2.27;73.56
1984-03-15;2.85;6.72;10.59;0.0;6.134;2.05;80.05
1984-03-16;1.97;6.18;10.39;1.06;8.404;5.29;56.28
1984-03-17;4.06;6.29;8.52;2.53;11.243;8.14;74.91
1984-03-18;4.51;6.46;8.41;8.07;3.433;8.68;85.05
1984-03-19;3.39;4.85;6.31;5.99;8.157;8.54;60.07
1984-03-20;3.04;4.44;5.84;3.59;10.1;8.39;57.62
1984-03-21;4.06;5.66;7.27;1.76;10.563;4.88;55.23
1984-03-22;3.04;4.09;5.14;16.21;5.206;6.6;86.45
1984-03-23;0.13;3.44;6.74;0.0;11.851;4.36;55.75
1984-03-24;-1.15;2.06;5.27;0.0;14.59;2.79;37.83
1984-03-25;0.96;3.69;6.43;21.18;3.216;6.4;68.84
1984-03-26;4.01;5.96;7.91;7.68;11.445;6.24;60.99
1984-03-27;6.03;6.67;7.3;5.95;3.576;6.19;92.07
1984-03-28;6.2;6.87;7.54;3.42;5.295;6.87;83.9
1984-03-29;3.39;7.88;12.36;0.0;16.171;4.51;46.66
1984-03-30;5.15;9.21;13.28;2.1;8.554;4.32;49.09
1984-03-31;5.69;7.37;9.04;2.65;9.32;5.17;60.74
1984-04-01;4.08;5.7;7.32;3.46;8.368;4.27;70.49
1984-04-02;1.97;4.84;7.72;0.0;10.323;5.36;57.12
1984-04-03;0.81;3.75;6.68;0.0;10.967;4.98;46.7
1984-04-04;2.32;4.42;6.53;0.0;15.008;2.43;46.71
1984-04-05;0.55;3.82;7.09;0.0;17.34;6.15;43.69
1984-04-06;0.9;5.51;10.12;0.0;16.039;6.95;35.48
1984-04-07;6.49;12.16;17.84;0.0;17.804;5.27;40.42
1984-04-08;7.34;13.3;19.27;0.0;17.176;4.25;38.7
1984-04-09;6.97;12.96;18.94;0.0;15.683;1.65;45.93
1984-04-10;7.73;12.67;17.6;0.0;14.757;0.82;56.75
1984-04-11;3.09;5.71;8.34;0.0;12.838;3.86;60.95
1984-04-12;3.58;5.62;7.65;2.51;9.983;1.56;72.53
1984-04-13;2.73;6.15;9.56;0.0;7.404;3.94;57.13
1984-04-14;2.04;5.65;9.26;0.0;20.207;5.27;41.89
1984-04-15;1.29;4.89;8.49;0.0;15.946;4.32;45.72
1984-04-16;0.71;3.91;7.11;0.0;16.296;3.5;42.74
1984-04-17;1.57;4.47;7.38;0.0;11.031;4.8;55.39
1984-04-18;2.25;5.79;9.33;0.0;12.724;6.02;50.69
1984-04-19;-0.03;1.89;3.81;12.9;8.638;7.68;83.7
1984-04-20;0.09;2.66;5.23;0.52;14.405;5.52;40.62
1984-04-21;-0.01;1.35;2.7;0.0;13.992;2.82;26.6
1984-04-22;-0.33;1.39;3.1;0.0;11.26;0.45;25.3
1984-04-23;-0.83;1.78;4.39;1.01;3.931;2.42;66.32
1984-04-24;0.88;3.01;5.14;1.43;12.302;1.36;54.8
1984-04-25;-1.33;1.16;3.64;9.93;2.6;2.91;80.9
1984-04-26;2.65;6.36;10.07;1.23;20.349;3.91;42.12
1984-04-27;2.53;6.9;11.27;0.0;19.025;2.21;40.08
1984-04-28;1.49;7.02;12.55;0.0;19.278;1.7;38.0
1984-04-29;1.97;6.86;11.75;0.0;20.735;1.71;40.05
1984-04-30;4.68;8.08;11.48;0.0;6.675;3.58;58.41
1984-05-01;4.74;7.74;10.73;8.28;15.458;3.95;53.7
1984-05-02;6.22;9.18;12.14;2.41;13.399;3.33;69.44
1984-05-03;2.71;4.9;7.1;2.01;8.795;3.85;64.29
1984-05-04;0.76;4.98;9.2;12.83;15.667;4.66;54.24
1984-05-05;4.78;7.31;9.85;4.59;15.914;2.0;69.29
1984-05-06;5.04;7.13;9.21;2.17;8.851;3.43;69.24
1984-05-07;5.12;7.06;9.0;1.98;11.951;2.93;67.82
1984-05-08;3.92;8.34;12.76;0.55;18.226;3.51;53.27
1984-05-09;7.3;10.12;12.94;2.42;12.032;1.77;69.79
1984-05-10;9.44;13.36;17.28;0.0;15.6;2.2;59.67
1984-05-11;11.04;16.83;22.62;3.12;27.559;2.69;53.57
1984-05-12;9.86;12.86;15.86;17.99;12.309;1.26;76.17
1984-05-13;8.67;13.07;17.47;1.57;10.723;3.16;61.56
1984-05-14;7.68;13.05;18.42;4.79;17.139;3.32;52.23
1984-05-15;8.24;11.89;15.55;2.39;13.078;2.62;70.39
1984-05-16;7.68;13.29;18.91;0.0;24.738;2.51;50.93
1984-05-17;9.25;15.02;20.79;14.57;14.701;3.03;51.62
1984-05-18;10.3;15.78;21.26;1.02;17.767;1.39;44.63
1984-05-19;7.51;12.46;17.41;0.0;16.148;1.8;54.15
1984-05-20;6.12;11.76;17.39;0.0;19.059;2.54;50.78
1984-05-21;7.39;11.16;14.94;0.0;17.803;4.19;50.64
1984-05-22;7.51;9.16;10.8;3.38;12.364;5.36;71.45
1984-05-23;6.85;9.89;12.94;3.99;16.583;4.78;65.63
1984-05-24;4.83;8.22;11.61;1.28;23.16;3.45;53.99
1984-05-25;3.23;7.27;11.3;0.0;16.955;1.66;48.82
1984-05-26;5.61;8.83;12.05;3.69;15.441;2.76;59.03
1984-05-27;5.19;8.4;11.62;1.71;22.914;1.86;51.35
1984-05-28;5.09;9.01;12.93;0.0;23.999;3.44;48.69
1984-05-29;5.9;8.3;10.71;1.71;8.421;4.08;75.68
1984-05-30;7.76;10.66;13.56;0.0;24.477;3.76;44.12
1984-05-31;6.49;10.06;13.63;0.0;22.589;2.06;40.14
1984-06-01;6.86;10.4;13.95;0.0;18.027;1.86;53.63
1984-06-02;7.09;10.04;12.99;0.3;30.133;1.77;51.87
1984-06-03;5.86;9.11;12.35;0.0;19.927;2.06;54.61
1984-06-04;5.22;10.87;16.52;0.0;20.708;2.12;41.98
1984-06-05;9.16;11.5;13.84;8.46;12.132;2.75;75.46
1984-06-06;8.8;12.95;17.1;0.0;26.819;2.45;50.24
1984-06-07;8.27;13.28;18.29;0.0;24.388;1.45;48.59
1984-06-08;9.06;14.81;20.56;0.0;21.401;3.67;47.41
1984-06-09;13.12;17.27;21.42;0.0;24.192;4.65;43.69
1984-06-10;8.21;13.11;18.01;13.98;8.929;3.67;71.1
1984-06-11;8.36;11.9;15.45;1.53;12.928;2.74;61.68
1984-06-12;10.53;11.68;12.83;10.05;8.136;3.28;78.89
1984-06-13;7.58;10.71;13.83;0.87;12.721;5.35;59.96
1984-06-14;8.12;13.5;18.88;0.0;24.202;3.56;44.41
1984-06-15;11.45;16.42;21.39;1.38;10.989;5.66;56.14
1984-06-16;7.02;10.13;13.23;0.0;19.37;5.25;44.46
1984-06-17;8.35;11.21;14.08;0.0;27.137;1.92;47.19
1984-06-18;6.17;9.25;12.34;4.88;8.162;4.19;63.94
1984-06-19;8.09;11.29;14.49;0.0;22.622;5.73;45.62
1984-06-20;6.81;10.03;13.24;0.0;15.037;4.84;48.25
1984-06-21;8.07;12.33;16.59;0.0;22.56;2.44;49.68
1984-06-22;9.7;11.33;12.96;10.66;5.765;1.96;78.12
1984-06-23;7.56;10.38;13.19;0.0;21.997;6.14;52.83
1984-06-24;9.4;11.98;14.56;0.0;11.896;3.56;56.85
1984-06-25;8.66;10.95;13.23;0.0;12.97;2.8;61.31
1984-06-26;7.27;10.25;13.22;4.65;18.515;1.36;67.34
1984-06-27;6.3;10.58;14.86;1.2;15.858;1.58;54.42
1984-06-28;7.14;11.06;14.98;2.26;18.541;2.07;59.38
1984-06-29;7.77;12.81;17.86;2.24;18.691;1.6;54.72
1984-06-30;7.31;12.53;17.75;3.64;16.705;2.12;53.63
1984-07-01;7.77;12.42;17.08;2.23;15.597;1.83;49.35
1984-07-02;8.36;11.02;13.69;1.24;13.016;5.53;62.57
1984-07-03;7.73;11.93;16.13;1.53;11.558;3.61;49.34
1984-07-04;8.34;13.04;17.73;0.0;20.962;3.51;49.43
1984-07-05;11.92;14.27;16.63;14.05;13.53;3.75;67.56
1984-07-06;11.67;12.54;13.4;15.48;13.808;6.1;89.52
1984-07-07;13.02;16.12;19.21;0.0;29.045;4.9;56.09
1984-07-08;12.33;14.73;17.12;0.0;11.215;4.37;63.41
1984-07-09;10.02;14.54;19.07;0.0;19.961;3.74;56.89
1984-07-10;9.37;14.58;19.79;0.0;23.055;1.53;51.06
1984-07-11;12.74;17.54;22.33;0.0;28.579;4.13;51.42
1984-07-12;13.33;17.75;22.17;0.0;29.037;3.4;47.69
1984-07-13;12.74;17.71;22.69;0.0;25.129;0.88;55.81
1984-07-14;11.67;17.03;22.39;1.3;25.919;1.57;52.52
1984-07-15;13.2;17.35;21.5;0.0;28.3;3.68;54.7
1984-07-16;8.38;12.91;17.45;0.0;16.093;2.99;51.49
1984-07-17;8.82;12.7;16.57;0.0;19.001;3.43;46.05
1984-07-18;10.21;13.53;16.84;0.0;19.172;2.64;50.15
1984-07-19;10.01;13.77;17.52;0.28;23.481;3.85;49.43
1984-07-20;12.13;14.97;17.81;0.0;16.603;2.63;60.44
1984-07-21;10.2;12.93;15.65;4.68;17.645;2.21;57.62
1984-07-22;9.93;12.98;16.04;0.0;21.326;2.66;49.57
1984-07-23;9.57;13.34;17.1;0.0;22.258;3.17;47.51
1984-07-24;8.82;13.0;17.17;0.0;19.966;3.03;43.29
1984-07-25;11.24;13.84;16.44;6.5;9.627;3.96;67.71
1984-07-26;10.66;12.41;14.17;8.09;5.888;4.68;77.76
1984-07-27;11.01;14.21;17.41;0.66;9.498;4.71;63.76
1984-07-28;11.51;15.34;19.16;4.76;11.416;3.84;61.68
1984-07-29;11.62;13.95;16.29;0.0;14.081;5.82;55.02
1984-07-30;9.88;12.35;14.82;12.14;10.915;6.77;71.93
1984-07-31;10.31;12.91;15.52;0.0;16.233;7.5;55.78
1984-08-01;11.51;13.55;15.59;4.9;14.259;2.41;59.89
1984-08-02;11.5;12.61;13.71;15.19;15.983;1.11;82.74
1984-08-03;10.33;13.82;17.31;0.0;15.986;4.61;56.71
1984-08-04;13.1;15.88;18.65;0.0;16.098;1.61;58.29
1984-08-05;12.61;15.82;19.03;2.06;14.642;4.96;57.75
1984-08-06;10.83;14.0;17.18;1.76;13.746;4.04;64.9
1984-08-07;10.54;12.5;14.46;4.66;11.474;1.38;71.63
1984-08-08;9.17;11.89;14.62;1.18;16.565;3.31;54.45
1984-08-09;10.11;12.09;14.07;4.09;10.07;4.15;65.48
1984-08-10;11.3;14.81;18.33;12.24;11.51;2.26;60.02
1984-08-11;11.49;14.83;18.17;6.92;18.3;6.56;61.18
1984-08-12;9.21;13.07;16.93;1.96;12.019;4.36;54.19
1984-08-13;9.82;13.09;16.35;0.0;17.097;3.41;55.92
1984-08-14;11.7;14.59;17.48;1.61;16.325;0.88;55.85
1984-08-15;10.54;13.88;17.22;1.06;18.035;2.0;56.2
1984-08-16;8.88;11.54;14.2;4.27;10.506;4.65;71.24
1984-08-17;10.34;12.29;14.24;0.0;6.817;4.96;77.29
1984-08-18;12.27;15.08;17.9;30.85;10.047;5.01;74.27
1984-08-19;12.62;16.41;20.21;0.0;9.259;3.06;57.65
1984-08-20;14.31;16.6;18.89;3.63;13.945;5.98;57.68
1984-08-21;9.77;12.5;15.22;1.38;13.255;5.8;57.15
1984-08-22;10.07;13.89;17.72;4.91;12.749;3.1;59.24
1984-08-23;12.73;15.75;18.76;3.08;6.483;3.29;83.03
1984-08-24;14.38;19.91;25.45;0.0;19.097;2.91;54.4
1984-08-25;12.76;18.44;24.12;0.0;8.661;3.4;59.78
1984-08-26;9.73;13.54;17.34;0.0;14.973;2.91;51.42
1984-08-27;13.12;16.98;20.85;0.49;15.223;4.34;60.29
1984-08-28;16.49;18.21;19.94;9.58;7.019;2.05;90.13
1984-08-29;12.73;16.58;20.42;0.0;16.718;1.67;60.47
1984-08-30;12.76;17.65;22.54;0.0;18.608;2.36;55.42
1984-08-31;14.55;19.43;24.31;0.0;20.997;2.2;53.59
1984-09-01;13.29;18.46;23.63;0.0;19.021;2.02;52.03
1984-09-02;13.46;19.04;24.62;0.0;17.61;1.6;51.24
1984-09-03;10.43;14.16;17.89;0.0;18.77;4.0;63.01
1984-09-04;9.68;14.28;18.87;0.0;12.678;2.76;55.07
1984-09-05;10.65;15.62;20.59;0.0;10.253;1.63;57.76
1984-09-06;11.65;14.5;17.34;4.39;6.464;2.02;78.61
1984-09-07;8.72;11.93;15.14;0.0;15.969;3.57;49.65
1984-09-08;9.46;12.64;15.83;0.0;12.289;3.3;44.74
1984-09-09;8.9;12.38;15.85;0.48;16.078;1.43;49.41
1984-09-10;8.57;13.35;18.12;0.0;15.539;2.53;42.3
1984-09-11;12.56;15.82;19.09;0.0;8.973;1.35;52.71
1984-09-12;10.1;12.96;15.81;4.89;5.422;2.9;82.63
1984-09-13;8.5;11.85;15.2;0.0;10.043;3.29;57.73
1984-09-14;9.1;12.66;16.21;0.0;8.821;2.52;49.89
1984-09-15;9.5;13.16;16.82;0.0;9.539;3.41;63.2
1984-09-16;9.31;13.09;16.87;0.0;13.389;3.75;47.5
1984-09-17;9.5;13.46;17.42;0.0;12.296;2.91;55.39
1984-09-18;9.92;16.18;22.44;0.0;11.567;3.5;46.88
1984-09-19;8.45;13.99;19.54;2.97;7.697;6.03;55.6
1984-09-20;7.12;9.55;11.98;0.0;6.857;6.16;49.75
1984-09-21;9.27;12.13;14.98;0.41;9.803;1.42;44.0
1984-09-22;10.06;13.89;17.71;0.0;10.204;1.1;43.87
1984-09-23;10.88;16.64;22.41;0.0;13.77;3.14;48.49
1984-09-24;15.0;20.01;25.01;0.0;14.869;3.58;71.09
1984-09-25;14.48;18.77;23.05;0.92;9.945;3.72;63.36
1984-09-26;14.54;19.15;23.76;0.97;14.297;4.26;54.78
1984-09-27;9.89;15.41;20.92;3.07;7.531;5.72;48.83
1984-09-28;8.87;11.45;14.04;0.0;7.479;3.46;51.08
1984-09-29;9.08;12.05;15.03;0.0;9.971;2.3;44.6
1984-09-30;7.29;9.57;11.85;28.74;2.415;5.0;85.68
1984-10-01;5.23;7.74;10.25;5.58;5.504;5.39;64.77
1984-10-02;4.1;6.6;9.1;0.0;9.621;4.18;45.76
1984-10-03;2.72;4.68;6.64;4.28;5.308;2.53;69.04
1984-10-04;1.51;4.29;7.08;0.34;8.132;1.86;68.66
1984-10-05;1.43;3.73;6.03;0.0;5.282;2.16;75.57
1984-10-06;-0.43;4.2;8.83;0.0;6.465;2.87;60.5
1984-10-07;7.25;11.01;14.77;0.95;6.483;3.29;68.87
1984-10-08;8.74;11.59;14.43;0.0;4.236;2.47;73.02
1984-10-09;8.07;10.36;12.64;0.0;3.123;3.06;68.77
1984-10-10;10.71;13.83;16.95;0.0;7.722;2.65;61.7
1984-10-11;8.82;12.49;16.16;0.0;9.083;3.68;50.04
1984-10-12;9.98;12.19;14.39;0.0;2.386;2.26;75.79
1984-10-13;9.85;12.89;15.94;0.0;7.764;0.88;70.71
1984-10-14;9.27;12.91;16.56;0.0;9.874;3.17;56.13
1984-10-15;7.97;10.51;13.05;4.02;1.756;4.3;82.71
1984-10-16;7.11;10.8;14.5;0.0;7.532;2.68;55.0
1984-10-17;4.25;7.49;10.73;20.79;1.547;1.04;90.76
1984-10-18;4.46;8.27;12.08;0.0;5.228;3.65;71.46
1984-10-19;3.17;7.93;12.69;0.36;6.615;1.01;48.92
1984-10-20;2.83;6.93;11.03;0.0;6.928;1.98;54.85
1984-10-21;4.84;8.02;11.19;0.0;5.534;2.79;50.1
1984-10-22;3.17;5.93;8.69;0.0;8.276;7.28;46.05
1984-10-23;4.46;6.21;7.97;0.0;3.101;5.74;68.31
1984-10-24;3.97;7.04;10.11;5.92;3.122;5.33;71.63
1984-10-25;7.34;9.0;10.66;1.17;3.203;3.96;83.76
1984-10-26;6.44;9.61;12.77;0.0;3.392;2.49;76.15
1984-10-27;3.53;6.55;9.57;0.49;5.467;4.17;80.03
1984-10-28;3.95;6.5;9.05;0.0;2.138;6.01;76.55
1984-10-29;4.31;6.81;9.31;0.0;5.587;3.86;58.33
1984-10-30;2.75;5.79;8.83;2.0;3.527;4.89;66.92
1984-10-31;1.5;3.73;5.96;10.61;4.963;4.69;84.79
1984-11-01;5.12;6.42;7.71;7.74;3.222;5.59;82.24
1984-11-02;2.86;4.64;6.42;3.01;2.792;3.54;90.59
1984-11-03;1.18;4.01;6.85;0.0;4.914;1.43;85.71
1984-11-04;-1.06;1.75;4.56;0.0;4.557;1.47;82.0
1984-11-05;3.31;5.78;8.24;8.08;3.313;5.33;80.93
1984-11-06;4.43;6.39;8.36;0.83;4.265;4.0;79.81
1984-11-07;5.77;7.75;9.72;0.0;2.953;3.77;79.58
1984-11-08;3.02;6.04;9.07;0.0;4.272;2.5;76.07
1984-11-09;3.2;7.32;11.44;0.0;3.813;4.19;80.81
1984-11-10;8.74;9.0;9.27;9.96;1.669;4.15;87.54
1984-11-11;8.13;9.62;11.11;2.33;0.89;5.42;86.82
1984-11-12;8.58;9.84;11.1;5.57;2.052;5.69;87.55
1984-11-13;3.9;6.94;9.98;3.08;3.739;5.62;76.62
1984-11-14;2.28;3.94;5.6;0.0;3.691;4.12;62.44
1984-11-15;0.65;2.29;3.92;0.0;3.743;3.81;63.86
1984-11-16;0.78;2.35;3.93;0.0;3.711;2.88;65.0
1984-11-17;-1.62;0.8;3.23;0.0;2.239;3.29;71.67
1984-11-18;-3.57;-1.01;1.55;0.0;2.71;1.67;70.26
1984-11-19;-2.53;-0.68;1.16;0.0;2.971;4.39;74.95
1984-11-20;-0.71;1.51;3.72;0.0;2.399;4.37;76.12
1984-11-21;-1.41;2.46;6.32;0.0;1.685;4.95;89.97
1984-11-22;2.31;4.17;6.04;1.03;1.496;3.79;86.72
1984-11-23;4.31;5.97;7.64;3.02;2.993;3.79;88.16
1984-11-24;4.06;5.32;6.59;3.77;3.084;4.36;81.3
1984-11-25;2.04;4.29;6.55;0.0;1.979;4.79;82.77
1984-11-26;0.31;3.44;6.58;1.66;1.584;4.02;84.45
1984-11-27;-0.77;1.44;3.64;0.0;2.992;3.45;87.18
1984-11-28;-0.68;1.43;3.55;1.97;2.525;0.48;78.92
1984-11-29;-0.55;1.38;3.31;1.03;2.697;0.47;78.44
1984-11-30;-2.44;-0.46;1.52;0.5;3.055;3.77;79.01
1984-12-01;-3.21;-1.44;0.34;0.0;2.887;3.95;84.01
1984-12-02;-4.38;-2.02;0.33;0.53;2.988;1.07;81.17
1984-12-03;-5.72;-1.64;2.44;0.51;2.697;1.57;86.3
1984-12-04;-5.03;-1.73;1.57;0.64;2.418;2.92;80.23
1984-12-05;-0.74;1.23;3.19;0.0;1.816;2.82;81.07
1984-12-06;-1.93;-0.5;0.92;0.0;2.53;2.82;77.82
1984-12-07;-4.84;-2.83;-0.83;0.0;2.085;3.28;70.05
1984-12-08;-4.6;-3.33;-2.06;0.0;1.476;1.92;74.59
1984-12-09;-5.55;-3.96;-2.37;0.0;2.879;1.96;69.17
1984-12-10;-5.2;-2.79;-0.38;2.33;1.468;4.03;81.96
1984-12-11;-5.33;-1.43;2.48;0.0;2.66;5.58;87.61
1984-12-12;-5.1;-2.86;-0.62;0.0;2.552;7.87;73.87
1984-12-13;-5.56;-3.97;-2.39;2.63;1.344;7.09;78.95
1984-12-14;-5.24;-3.22;-1.2;0.0;1.941;5.6;74.5
1984-12-15;-4.12;-3.41;-2.69;0.0;1.685;3.3;68.11
1984-12-16;-7.41;-4.8;-2.19;0.89;2.748;1.96;72.67
1984-12-17;-6.44;-4.6;-2.75;0.0;2.661;3.92;68.99
1984-12-18;-8.23;-7.41;-6.58;2.48;2.225;5.4;71.97
1984-12-19;-9.97;-6.04;-2.12;0.63;2.132;5.22;67.13
1984-12-20;-3.22;-2.12;-1.02;6.37;1.337;4.54;86.43
1984-12-21;-3.76;-3.19;-2.62;0.0;1.672;1.83;75.41
1984-12-22;-4.47;-2.92;-1.38;5.98;1.02;4.55;85.06
1984-12-23;-8.31;-3.03;2.25;0.74;2.559;3.36;84.13
1984-12-24;-1.86;1.06;3.98;5.27;2.239;3.08;90.23
1984-12-25;0.94;2.23;3.53;0.67;2.168;1.26;86.7
1984-12-26;-4.12;-1.95;0.23;0.0;1.341;3.95;81.04
1984-12-27;-4.9;-3.26;-1.61;0.58;2.328;5.19;68.62
1984-12-28;-8.21;-5.86;-3.5;0.67;2.163;1.9;71.59
1984-12-29;-8.53;-5.32;-2.12;0.0;2.263;4.34;70.82
1984-12-30;-2.48;-0.52;1.45;0.0;1.691;3.92;85.13
1984-12-31;-2.01;0.36;2.72;0.0;1.978;4.46;86.89
