iso-date;tmin;tavg;tmax;precip;globrad;wind;relhumid
1980-01-01;-1.34;1.79;4.93;0.0;5.988;2.55;51.55
1980-01-02;-3.72;0.27;4.27;0.0;6.176;5.14;42.78
1980-01-03;3.69;4.71;5.74;0.0;2.793;5.95;74.15
1980-01-04;1.3;4.24;7.18;0.0;6.941;6.47;47.11
1980-01-05;-1.11;3.96;9.04;0.23;3.7;2.13;69.09
1980-01-06;-0.88;3.29;7.45;0.0;5.657;1.31;61.83
1980-01-07;4.22;6.87;9.52;0.23;3.602;6.31;62.89
1980-01-08;3.0;6.53;10.06;0.0;6.193;2.73;53.08
1980-01-09;6.29;8.43;10.56;0.0;3.354;2.77;58.61
1980-01-10;4.93;6.18;7.43;0.73;3.632;1.15;77.38
1980-01-11;-1.44;1.08;3.6;0.0;3.333;3.11;58.28
1980-01-12;-1.13;0.24;1.6;0.24;5.404;1.09;48.52
1980-01-13;-3.12;-0.01;3.11;0.0;4.067;2.03;51.35
1980-01-14;-5.32;-1.9;1.53;0.0;5.613;2.93;43.67
1980-01-15;-6.41;-2.24;1.93;0.79;5.108;0.9;60.72
1980-01-16;1.72;3.61;5.5;11.82;2.036;3.37;85.54
1980-01-17;-0.25;1.29;2.83;9.97;4.094;1.82;75.77
1980-01-18;-2.39;1.47;5.34;0.0;5.25;2.12;54.4
1980-01-19;1.03;3.54;6.06;4.08;3.472;3.82;82.09
1980-01-20;-0.59;3.02;6.62;0.0;6.933;2.4;63.74
1980-01-21;3.76;5.9;8.04;0.0;3.802;6.43;66.41
1980-01-22;2.71;4.82;6.93;2.46;6.714;6.37;58.64
1980-01-23;1.94;3.6;5.26;5.23;3.79;1.58;77.5
1980-01-24;-2.89;-0.58;1.73;0.0;5.567;2.62;53.46
1980-01-25;-3.46;-2.45;-1.44;0.0;5.309;2.65;56.06
1980-01-26;-3.95;-0.5;2.95;5.61;3.82;5.59;71.89
1980-01-27;2.45;3.98;5.52;6.63;1.783;5.67;84.55
1980-01-28;1.38;5.37;9.35;18.36;2.64;4.95;68.47
1980-01-29;-3.32;-0.07;3.17;4.32;5.75;2.19;54.9
1980-01-30;-3.77;-0.8;2.16;0.0;6.47;2.3;39.02
1980-01-31;0.52;4.84;9.17;0.0;5.911;4.15;48.48
1980-02-01;2.33;4.19;6.05;0.0;9.524;0.56;64.03
1980-02-02;1.89;5.69;9.49;0.0;4.107;2.2;53.15
1980-02-03;3.3;8.4;13.5;0.0;6.327;1.86;44.61
1980-02-04;-1.31;2.17;5.64;0.0;8.205;3.74;56.98
1980-02-05;-7.61;-4.98;-2.35;0.0;9.85;7.21;16.61
1980-02-06;-4.81;-2.6;-0.4;0.0;6.975;4.51;48.28
1980-02-07;-4.46;-1.98;0.5;0.0;8.072;1.68;55.39
1980-02-08;-7.88;-4.55;-1.23;5.47;3.064;3.78;65.01
1980-02-09;-7.88;-4.78;-1.67;0.0;5.555;3.35;43.42
1980-02-10;-13.54;-10.78;-8.02;0.0;8.937;5.92;40.05
1980-02-11;-13.73;-7.5;-1.27;0.0;10.364;4.05;41.44
1980-02-12;-13.29;-7.36;-1.43;0.98;4.654;3.06;71.23
1980-02-13;-9.14;-4.4;0.35;0.0;8.502;2.21;46.39
1980-02-14;-2.33;-0.22;1.89;0.0;5.759;7.88;65.65
1980-02-15;2.17;6.5;10.83;21.54;3.312;9.65;78.69
1980-02-16;1.04;2.88;4.72;13.7;5.928;2.54;81.43
1980-02-17;0.74;3.29;5.83;0.0;7.56;3.97;42.62
1980-02-18;-4.79;-2.02;0.74;0.0;8.473;4.02;47.25
1980-02-19;-5.21;-2.46;0.29;0.0;8.122;3.21;43.87
1980-02-20;-0.9;2.44;5.79;0.0;6.478;6.79;56.15
1980-02-21;2.18;3.89;5.6;0.0;7.488;5.61;52.97
1980-02-22;4.66;6.46;8.25;0.0;12.004;6.12;36.7
1980-02-23;3.16;7.71;12.27;0.0;11.327;4.47;27.88
1980-02-24;3.76;9.25;14.75;0.0;12.118;2.72;26.37
1980-02-25;3.62;7.8;11.99;0.0;8.079;3.33;34.95
1980-02-26;2.68;8.21;13.73;0.0;6.705;2.36;38.45
1980-02-27;-0.11;5.4;10.9;0.0;9.714;2.56;42.65
1980-02-28;-1.7;4.36;10.41;0.0;12.059;3.3;31.1
1980-02-29;0.0;0.0;0.0;0.0;0.0;0.0;0.0
1980-03-01;1.36;7.63;13.9;0.0;12.707;2.57;23.93
1980-03-02;0.59;5.55;10.51;0.0;12.893;3.12;41.36
1980-03-03;-0.84;5.3;11.45;0.0;12.549;2.76;47.98
1980-03-04;-1.81;2.27;6.35;0.0;6.607;1.82;60.02
1980-03-05;-1.43;2.85;7.12;0.0;10.066;1.25;48.44
1980-03-06;0.57;4.5;8.42;0.0;7.244;2.25;51.97
1980-03-07;0.33;3.81;7.29;0.0;9.126;1.95;49.8
1980-03-08;1.03;5.89;10.76;0.0;13.392;4.07;43.22
1980-03-09;0.97;6.31;11.64;0.0;12.74;3.65;44.17
1980-03-10;-0.92;5.99;12.9;0.0;15.034;4.67;39.29
1980-03-11;4.89;7.86;10.83;0.0;13.023;5.25;42.98
1980-03-12;4.82;6.83;8.85;6.74;4.894;5.01;70.92
1980-03-13;4.82;6.12;7.42;6.27;8.033;3.91;55.48
1980-03-14;-0.65;3.69;8.03;0.0;10.067;3.61;53.82
1980-03-15;-1.05;1.32;3.69;0.0;8.159;3.02;59.98
1980-03-16;-1.2;3.6;8.4;0.0;14.386;2.44;44.96
1980-03-17;-1.66;1.94;5.55;5.0;7.182;0.26;38.84
1980-03-18;3.48;5.04;6.59;3.4;3.685;0.87;72.87
1980-03-19;-1.9;1.34;4.59;0.0;12.227;4.57;46.86
1980-03-20;-2.76;0.66;4.08;0.0;8.332;3.38;55.11
1980-03-21;-2.67;-0.29;2.09;0.0;11.958;1.79;60.86
1980-03-22;-2.96;-1.4;0.16;0.98;6.317;1.78;67.01
1980-03-23;-1.68;1.41;4.49;3.35;3.98;1.9;77.88
1980-03-24;4.71;6.63;8.56;1.82;4.652;1.56;66.34
1980-03-25;3.06;8.58;14.1;0.0;16.461;3.65;30.18
1980-03-26;2.1;7.75;13.41;0.0;17.86;3.27;27.04
1980-03-27;1.16;7.33;13.51;0.0;18.163;3.88;28.44
1980-03-28;2.38;8.91;15.44;0.0;17.327;4.19;30.72
1980-03-29;4.96;11.21;17.46;0.0;16.754;3.68;32.08
1980-03-30;5.48;6.1;6.72;5.18;3.078;1.79;79.34
1980-03-31;5.6;7.55;9.51;1.78;7.251;1.93;72.24
1980-04-01;3.25;7.54;11.83;0.0;9.663;2.88;51.05
1980-04-02;3.64;9.52;15.4;0.0;11.293;1.78;46.74
1980-04-03;2.97;9.4;15.83;0.0;16.015;0.82;35.67
1980-04-04;4.46;11.14;17.82;0.0;19.92;2.08;36.86
1980-04-05;7.65;13.76;19.87;0.0;18.02;1.28;38.42
1980-04-06;9.05;16.26;23.47;0.0;9.697;2.08;35.87
1980-04-07;8.19;12.45;16.72;0.0;12.234;2.17;45.9
1980-04-08;6.14;10.09;14.04;0.0;13.55;2.26;37.66
1980-04-09;7.06;10.79;14.53;1.6;18.262;3.09;50.76
1980-04-10;8.03;11.93;15.84;6.03;15.708;1.21;49.36
1980-04-11;8.88;10.91;12.93;11.75;2.4;4.46;64.86
1980-04-12;7.53;9.19;10.85;0.0;7.426;2.46;70.37
1980-04-13;7.12;10.04;12.96;1.14;20.041;3.57;37.1
1980-04-14;5.29;8.98;12.67;10.03;9.888;1.29;52.72
1980-04-15;2.18;7.46;12.73;0.0;19.578;3.97;31.12
1980-04-16;2.69;7.91;13.13;0.0;24.952;2.75;29.51
1980-04-17;7.81;11.33;14.86;0.0;8.477;2.93;21.02
1980-04-18;5.68;10.84;16.0;0.0;18.086;2.67;32.8
1980-04-19;2.61;8.37;14.13;0.0;25.08;3.57;31.13
1980-04-20;2.51;7.7;12.88;0.0;17.102;2.19;32.31
1980-04-21;2.03;8.97;15.91;0.0;24.443;1.84;31.75
1980-04-22;7.2;14.2;21.2;1.66;11.809;1.16;40.56
1980-04-23;7.32;11.99;16.66;11.23;11.261;6.55;37.05
1980-04-24;5.16;7.79;10.43;8.38;10.346;2.07;63.28
1980-04-25;3.13;7.81;12.5;0.0;18.139;3.45;39.32
1980-04-26;4.3;8.24;12.19;0.0;23.836;1.75;37.1
1980-04-27;3.5;10.96;18.41;0.0;27.552;5.0;39.5
1980-04-28;7.76;9.87;11.98;3.36;8.237;0.74;71.34
1980-04-29;6.12;10.26;14.39;0.0;8.268;4.04;59.63
1980-04-30;3.0;9.95;16.89;0.0;26.014;2.6;36.55
1980-05-01;8.46;12.71;16.96;0.0;15.63;3.84;40.34
1980-05-02;6.49;11.02;15.54;0.0;28.768;5.25;30.82
1980-05-03;10.03;12.59;15.15;0.0;15.994;3.92;41.71
1980-05-04;10.17;13.66;17.15;0.0;13.622;2.71;56.19
1980-05-05;8.35;13.48;18.62;0.0;23.824;1.23;48.83
1980-05-06;8.45;14.78;21.1;0.0;21.843;2.36;34.3
1980-05-07;14.04;17.09;20.15;0.0;11.394;1.41;39.79
1980-05-08;15.06;17.02;18.98;0.0;17.021;0.43;47.58
1980-05-09;12.08;17.61;23.13;0.0;25.285;1.76;42.29
1980-05-10;10.42;16.01;21.6;0.0;25.508;3.38;33.0
1980-05-11;8.99;14.7;20.4;0.0;25.082;3.36;35.42
1980-05-12;11.28;14.38;17.47;6.04;16.865;3.7;56.34
1980-05-13;13.0;17.27;21.53;0.0;23.433;1.89;22.93
1980-05-14;10.35;14.98;19.62;0.0;25.062;3.02;45.07
1980-05-15;10.89;16.66;22.43;0.0;24.267;2.1;46.05
1980-05-16;11.7;17.58;23.46;0.0;26.545;1.12;24.45
1980-05-17;10.7;18.3;25.89;6.36;25.163;1.78;29.58
1980-05-18;11.94;16.94;21.94;3.62;23.411;3.22;56.59
1980-05-19;13.5;18.52;23.53;0.0;25.586;1.41;40.47
1980-05-20;12.41;18.2;23.99;2.36;17.089;1.57;37.84
1980-05-21;11.85;13.84;15.82;9.42;10.519;4.94;69.59
1980-05-22;12.99;17.22;21.45;0.0;19.551;5.22;39.67
1980-05-23;10.6;14.34;18.09;10.73;15.883;4.1;48.97
1980-05-24;11.54;15.4;19.27;0.0;16.946;3.4;50.4
1980-05-25;11.37;16.65;21.93;3.91;29.066;4.19;38.15
1980-05-26;13.6;17.63;21.65;7.35;8.599;3.13;49.9
1980-05-27;14.59;18.99;23.4;0.0;26.024;2.7;39.56
1980-05-28;14.95;19.88;24.82;0.0;27.619;4.37;25.16
1980-05-29;16.42;21.14;25.86;0.0;21.058;1.52;29.27
1980-05-30;15.9;22.77;29.65;0.0;24.795;1.58;27.64
1980-05-31;15.49;22.04;28.58;0.0;31.396;1.4;20.2
1980-06-01;12.69;18.15;23.61;0.0;29.446;2.48;35.64
1980-06-02;11.19;18.05;24.91;0.0;29.894;3.0;34.78
1980-06-03;16.92;22.2;27.47;0.0;28.763;3.53;33.67
1980-06-04;18.42;23.03;27.64;0.0;23.552;1.61;40.36
1980-06-05;16.02;21.55;27.08;0.0;23.68;1.4;39.0
1980-06-06;15.59;23.41;31.22;0.0;30.73;1.61;21.24
1980-06-07;17.65;24.9;32.15;0.0;30.307;1.7;26.95
1980-06-08;16.24;22.54;28.84;0.0;13.742;2.61;30.26
1980-06-09;16.44;21.33;26.22;2.15;18.254;0.88;34.51
1980-06-10;15.19;20.18;25.18;0.0;19.875;1.2;38.56
1980-06-11;14.42;21.0;27.57;0.0;28.575;1.53;25.32
1980-06-12;16.84;21.01;25.18;0.54;7.907;1.64;60.92
1980-06-13;15.42;21.33;27.24;0.0;25.175;1.42;27.02
1980-06-14;16.64;22.84;29.04;0.0;29.328;3.21;22.15
1980-06-15;16.33;22.54;28.75;0.0;30.002;3.61;25.15
1980-06-16;17.41;24.52;31.63;0.0;30.417;4.05;26.97
1980-06-17;19.92;27.35;34.77;3.18;19.081;3.62;22.76
1980-06-18;21.61;27.48;33.35;9.16;22.2;2.11;26.47
1980-06-19;21.79;24.87;27.94;4.62;23.261;0.66;63.8
1980-06-20;21.32;24.86;28.4;6.48;20.827;0.89;59.73
1980-06-21;22.1;25.3;28.49;0.0;24.704;0.81;65.78
1980-06-22;21.14;25.19;29.23;0.0;28.105;0.21;45.97
1980-06-23;19.2;24.26;29.32;0.0;28.363;0.7;38.47
1980-06-24;20.81;24.46;28.12;0.0;23.877;1.61;63.02
1980-06-25;18.95;23.49;28.04;0.0;26.076;3.33;54.38
1980-06-26;18.92;24.73;30.55;0.0;30.613;3.25;41.1
1980-06-27;19.0;24.62;30.23;0.0;25.949;1.85;30.06
1980-06-28;20.39;24.05;27.71;0.0;18.328;1.34;44.49
1980-06-29;16.22;16.45;16.67;77.48;5.48;3.93;90.72
1980-06-30;18.72;20.8;22.88;0.0;22.214;2.88;71.51
1980-07-01;17.73;20.02;22.31;0.0;19.909;1.94;60.05
1980-07-02;17.16;19.49;21.82;0.0;21.286;1.76;62.7
1980-07-03;16.52;19.02;21.53;0.0;19.084;2.33;59.49
1980-07-04;19.23;22.16;25.09;0.0;17.035;2.13;60.42
1980-07-05;20.05;23.77;27.48;0.0;21.937;1.52;65.91
1980-07-06;19.1;22.87;26.63;0.0;16.338;2.1;63.02
1980-07-07;18.12;18.59;19.07;26.52;6.236;1.96;92.71
1980-07-08;20.59;23.83;27.07;0.0;25.754;1.32;71.1
1980-07-09;20.23;24.18;28.12;0.0;26.007;0.4;61.18
1980-07-10;21.62;25.32;29.02;0.06;24.731;2.06;64.87
1980-07-11;21.56;24.57;27.59;2.64;22.105;2.0;71.99
1980-07-12;23.61;28.02;32.43;0.0;22.867;0.99;44.36
1980-07-13;23.45;28.69;33.92;0.0;30.002;5.44;19.76
1980-07-14;22.62;29.02;35.42;0.0;30.256;4.88;20.79
1980-07-15;21.32;27.02;32.72;0.0;29.271;3.7;26.02
1980-07-16;19.05;24.95;30.84;0.0;23.528;2.4;39.84
1980-07-17;16.11;22.1;28.09;0.0;27.32;3.61;35.67
1980-07-18;16.71;21.84;26.97;0.0;25.7;1.58;31.07
1980-07-19;16.27;20.71;25.15;0.0;16.278;2.58;33.48
1980-07-20;16.58;19.95;23.32;1.74;26.052;3.08;36.58
1980-07-21;15.6;19.59;23.58;1.01;26.924;2.68;36.09
1980-07-22;14.74;19.7;24.65;0.0;26.438;3.28;36.39
1980-07-23;16.52;20.31;24.11;0.0;25.749;2.68;32.17
1980-07-24;15.06;21.05;27.03;11.53;18.392;2.11;25.18
1980-07-25;22.57;23.52;24.47;16.64;16.341;2.76;56.54
1980-07-26;17.6;20.38;23.15;14.87;16.404;1.77;64.2
1980-07-27;16.74;21.22;25.7;0.0;24.217;2.38;44.12
1980-07-28;15.67;20.04;24.4;1.05;12.496;1.99;49.79
1980-07-29;15.03;18.8;22.58;0.0;25.713;2.86;39.4
1980-07-30;14.6;19.02;23.44;0.0;25.113;1.68;33.11
1980-07-31;17.88;23.89;29.9;0.0;23.589;1.88;36.12
1980-08-01;17.09;22.48;27.86;7.4;17.948;1.58;31.28
1980-08-02;18.38;22.58;26.78;0.0;16.429;3.45;39.57
1980-08-03;17.29;21.68;26.07;0.0;24.485;3.73;32.01
1980-08-04;17.0;22.37;27.74;0.0;21.868;2.6;43.66
1980-08-05;20.0;25.04;30.07;0.0;22.963;1.11;40.5
1980-08-06;18.83;26.34;33.86;0.0;23.414;1.58;27.28
1980-08-07;21.45;28.3;35.14;0.0;23.916;1.87;22.28
1980-08-08;21.21;28.96;36.72;0.0;25.256;1.7;23.96
1980-08-09;22.66;26.73;30.8;0.0;24.011;3.32;31.11
1980-08-10;21.24;25.58;29.92;0.0;21.403;2.43;26.8
1980-08-11;18.48;24.66;30.84;0.0;24.582;3.95;13.9
1980-08-12;17.5;24.33;31.16;0.0;24.078;3.75;17.01
1980-08-13;20.15;26.12;32.09;0.0;22.475;2.11;18.56
1980-08-14;20.15;25.34;30.52;0.0;21.468;2.21;34.76
1980-08-15;18.07;23.99;29.91;0.0;21.667;3.11;38.84
1980-08-16;16.53;22.45;28.37;0.0;23.472;3.65;30.17
1980-08-17;15.67;20.88;26.08;0.0;21.016;2.8;24.13
1980-08-18;15.72;21.31;26.9;0.0;20.74;1.2;23.78
1980-08-19;18.65;24.56;30.48;0.0;20.237;0.72;29.28
1980-08-20;19.75;26.05;32.35;0.0;21.363;1.61;26.39
1980-08-21;20.44;27.53;34.62;0.0;22.334;2.45;19.69
1980-08-22;20.83;27.59;34.34;0.0;22.334;1.12;21.44
1980-08-23;18.78;25.82;32.86;0.0;20.617;2.03;26.42
1980-08-24;18.17;23.59;29.01;2.62;20.829;3.89;35.72
1980-08-25;15.57;19.84;24.12;0.0;20.369;2.33;35.19
1980-08-26;13.91;18.51;23.1;0.0;20.627;1.0;26.39
1980-08-27;14.14;19.75;25.36;7.95;14.115;1.81;29.11
1980-08-28;13.44;16.32;19.21;2.78;17.785;4.14;41.87
1980-08-29;13.86;16.29;18.72;0.0;15.278;5.34;32.06
1980-08-30;15.31;19.52;23.74;0.0;12.347;2.71;35.61
1980-08-31;16.03;17.88;19.72;11.72;11.617;2.33;65.62
1980-09-01;17.06;20.12;23.18;10.94;7.658;1.26;68.58
1980-09-02;18.07;21.29;24.5;2.55;18.421;3.51;52.02
1980-09-03;9.64;15.17;20.69;0.0;18.522;4.81;33.39
1980-09-04;10.65;15.19;19.73;2.87;19.983;1.8;32.88
1980-09-05;16.69;20.33;23.96;4.51;10.536;1.8;45.39
1980-09-06;15.78;20.66;25.53;0.0;16.838;4.43;40.84
1980-09-07;9.88;13.82;17.77;0.0;21.72;5.0;26.5
1980-09-08;9.47;14.63;19.79;0.0;21.435;3.69;22.56
1980-09-09;9.75;16.04;22.32;0.0;19.71;2.02;27.86
1980-09-10;13.91;18.77;23.63;0.0;9.949;3.15;49.72
1980-09-11;12.1;18.39;24.69;0.0;19.025;3.34;30.96
1980-09-12;13.73;18.55;23.36;0.0;16.71;1.79;28.57
1980-09-13;10.92;18.57;26.21;0.0;17.793;1.34;16.14
1980-09-14;15.99;22.57;29.16;0.0;17.627;0.7;17.15
1980-09-15;15.63;22.32;29.0;0.0;16.308;2.74;32.2
1980-09-16;12.77;18.02;23.28;0.0;16.736;3.63;40.89
1980-09-17;12.21;16.2;20.18;0.0;16.524;1.9;24.91
1980-09-18;12.09;16.24;20.39;0.0;16.051;1.54;25.27
1980-09-19;13.62;18.86;24.1;0.0;15.96;0.5;28.0
1980-09-20;12.95;19.05;25.16;0.0;15.672;1.3;30.12
1980-09-21;13.56;17.18;20.8;0.0;7.909;2.6;44.82
1980-09-22;12.37;16.14;19.91;0.0;16.719;2.67;26.64
1980-09-23;11.37;17.32;23.28;0.0;15.155;2.0;33.37
1980-09-24;16.06;20.05;24.05;0.0;8.815;1.31;27.31
1980-09-25;13.64;18.51;23.37;0.0;15.5;2.6;31.89
1980-09-26;11.38;15.32;19.26;0.0;15.911;2.79;38.02
1980-09-27;11.67;15.95;20.23;0.0;6.973;2.26;41.02
1980-09-28;9.18;14.62;20.05;0.0;14.005;1.19;28.32
1980-09-29;10.23;16.37;22.5;0.0;15.759;3.46;22.17
1980-09-30;10.94;17.99;25.04;0.0;14.653;3.81;22.51
1980-10-01;14.38;20.09;25.8;0.0;10.908;3.16;24.96
1980-10-02;8.32;14.56;20.8;0.0;14.639;3.14;27.55
1980-10-03;8.44;14.13;19.82;0.0;14.226;0.9;23.2
1980-10-04;9.08;17.48;25.88;0.0;13.995;1.02;22.2
1980-10-05;12.26;19.25;26.25;0.0;12.917;1.37;18.86
1980-10-06;12.96;19.66;26.36;1.53;8.719;1.61;30.05
1980-10-07;9.86;17.88;25.91;0.0;12.764;2.28;28.08
1980-10-08;12.1;17.61;23.13;0.0;12.563;2.27;26.92
1980-10-09;10.11;15.62;21.13;0.0;14.082;3.18;25.6
1980-10-10;10.11;14.88;19.66;0.0;14.678;4.01;23.6
1980-10-11;6.93;11.88;16.82;0.0;14.023;5.85;22.7
1980-10-12;7.91;13.18;18.44;0.0;13.911;5.93;25.04
1980-10-13;11.57;17.27;22.96;0.0;12.737;1.51;23.34
1980-10-14;10.79;16.44;22.09;0.0;12.776;1.52;25.34
1980-10-15;10.35;16.05;21.76;0.0;12.592;1.52;24.3
1980-10-16;7.11;13.41;19.72;0.0;12.38;1.86;24.91
1980-10-17;8.61;14.45;20.29;0.0;10.797;3.2;38.02
1980-10-18;5.81;10.65;15.49;0.0;11.268;2.18;31.29
1980-10-19;7.58;13.55;19.52;0.0;10.764;3.52;34.97
1980-10-20;10.47;14.73;18.99;0.0;7.76;1.38;41.01
1980-10-21;8.86;13.94;19.01;0.0;9.553;2.18;41.73
1980-10-22;7.03;11.96;16.89;0.0;7.369;2.67;46.78
1980-10-23;6.02;11.67;17.33;0.0;10.597;2.06;33.14
1980-10-24;9.13;16.34;23.55;0.0;12.088;3.42;37.25
1980-10-25;13.41;18.11;22.81;0.0;7.214;1.97;41.03
1980-10-26;12.93;19.48;26.04;0.0;12.786;1.81;20.7
1980-10-27;11.84;20.97;30.1;0.0;10.56;2.14;14.8
1980-10-28;13.35;20.66;27.96;0.0;11.202;1.98;16.33
1980-10-29;9.69;13.9;18.11;0.0;5.683;1.98;50.96
1980-10-30;6.78;9.71;12.65;0.0;4.496;2.49;41.39
1980-10-31;3.75;8.54;13.32;0.0;8.258;1.78;39.65
1980-11-01;3.2;8.15;13.1;0.0;7.353;1.5;35.19
1980-11-02;3.42;7.97;12.53;0.0;7.424;1.22;41.05
1980-11-03;4.12;9.59;15.05;0.0;5.828;0.69;39.11
1980-11-04;3.08;8.99;14.9;0.0;8.502;0.97;34.36
1980-11-05;3.05;8.79;14.53;0.0;8.113;0.78;34.46
1980-11-06;6.02;10.25;14.47;0.0;7.033;2.2;35.78
1980-11-07;2.97;7.59;12.21;0.0;7.974;2.68;26.91
1980-11-08;2.85;8.28;13.7;0.0;7.963;2.13;19.38
1980-11-09;-0.75;8.34;17.42;1.77;7.044;0.56;26.94
1980-11-10;-2.03;7.04;16.11;1.54;7.417;0.8;20.49
1980-11-11;0.24;8.06;15.89;1.43;7.481;0.99;26.92
1980-11-12;0.84;8.49;16.15;0.0;8.105;1.19;26.87
1980-11-13;2.81;7.95;13.09;0.0;7.419;2.32;19.34
1980-11-14;2.85;8.21;13.56;0.0;7.251;2.65;26.32
1980-11-15;-1.08;8.34;17.75;0.78;7.297;2.89;14.45
1980-11-16;1.65;11.71;21.78;0.0;9.184;2.09;19.32
1980-11-17;5.98;12.1;18.21;0.0;5.042;1.29;44.17
1980-11-18;2.93;8.44;13.94;0.0;8.569;2.6;34.19
1980-11-19;4.41;10.38;16.35;0.0;6.728;1.6;24.22
1980-11-20;5.57;10.92;16.27;2.62;3.568;0.5;50.53
1980-11-21;6.04;10.95;15.86;0.0;7.402;2.36;23.07
1980-11-22;4.56;9.14;13.72;0.0;7.431;2.67;33.47
1980-11-23;4.47;8.78;13.08;0.0;5.293;2.67;47.88
1980-11-24;3.99;6.71;9.43;0.0;4.791;0.94;55.72
1980-11-25;4.84;6.46;8.09;0.38;2.906;0.52;53.51
1980-11-26;4.49;8.94;13.39;0.0;5.274;1.8;34.04
1980-11-27;1.42;4.99;8.55;0.0;7.674;4.72;23.02
1980-11-28;-0.38;2.04;4.45;0.0;6.404;5.73;41.45
1980-11-29;-3.11;-0.76;1.59;0.0;5.134;5.5;34.45
1980-11-30;-3.73;-0.78;2.17;0.0;6.109;3.17;34.48
1980-12-01;-1.66;1.98;5.63;0.0;4.063;1.73;51.43
1980-12-02;-2.95;0.82;4.59;0.75;4.019;2.31;54.26
1980-12-03;-0.84;0.83;2.49;1.64;1.992;4.56;50.74
1980-12-04;-2.75;-1.36;0.03;0.45;1.577;2.98;43.45
1980-12-05;-3.36;0.28;3.91;0.99;3.155;2.31;29.63
1980-12-06;-0.57;2.82;6.21;0.0;3.591;2.2;43.72
1980-12-07;-2.35;1.14;4.64;0.0;4.218;3.29;62.62
1980-12-08;-1.3;1.67;4.64;0.38;4.865;2.8;40.79
1980-12-09;-0.35;3.22;6.79;0.0;6.059;2.42;53.19
1980-12-10;1.89;4.81;7.73;0.0;4.124;2.61;56.27
1980-12-11;4.13;6.38;8.63;0.0;2.585;2.7;61.71
1980-12-12;3.92;6.38;8.83;0.0;3.942;2.41;57.75
1980-12-13;3.06;5.78;8.49;0.28;1.812;3.0;66.43
1980-12-14;1.75;2.45;3.15;0.76;1.401;2.31;61.66
1980-12-15;-0.35;1.83;4.01;7.48;2.254;4.11;72.87
1980-12-16;1.35;3.21;5.06;0.0;3.479;4.42;73.26
1980-12-17;-1.0;1.79;4.57;7.66;3.072;5.79;75.81
1980-12-18;-0.62;1.54;3.7;0.0;3.445;3.62;49.51
1980-12-19;3.86;6.4;8.95;6.37;2.738;5.38;81.14
1980-12-20;5.16;9.89;14.63;12.83;1.577;5.33;76.2
1980-12-21;-0.67;2.79;6.26;0.0;4.279;2.81;52.14
1980-12-22;-0.91;4.47;9.86;0.0;5.899;2.73;58.45
1980-12-23;-3.48;1.7;6.88;0.0;3.628;3.44;60.02
1980-12-24;-5.27;-2.92;-0.58;0.0;5.028;2.71;37.61
1980-12-25;-5.17;-0.91;3.36;0.0;6.2;1.0;23.17
1980-12-26;0.02;1.16;2.29;9.52;1.662;2.71;80.97
1980-12-27;-0.52;0.88;2.28;0.8;2.328;1.49;66.76
1980-12-28;0.53;1.71;2.88;1.75;3.142;1.61;70.74
1980-12-29;-2.98;1.26;5.5;0.31;1.948;0.45;98.4
1980-12-30;-1.93;1.2;4.33;0.0;5.407;1.29;73.7
1980-12-31;-3.12;-0.14;2.84;12.55;1.737;2.43;78.56
1981-01-01;-1.15;1.84;4.83;0.49;3.296;3.02;62.77
1981-01-02;0.63;1.64;2.64;1.5;3.502;1.4;75.39
1981-01-03;0.03;1.15;2.28;0.0;3.216;2.24;72.65
1981-01-04;-1.31;0.01;1.33;6.86;2.202;0.86;83.74
1981-01-05;-0.55;2.2;4.94;13.15;2.202;1.61;80.54
1981-01-06;0.54;2.35;4.16;0.33;5.852;2.81;63.91
1981-01-07;0.1;1.16;2.22;1.2;3.903;1.6;73.92
1981-01-08;-1.32;0.47;2.27;0.82;2.079;2.52;72.79
1981-01-09;3.21;4.07;4.93;8.43;0.876;3.12;87.29
1981-01-10;6.04;8.7;11.35;14.3;2.796;6.36;53.22
1981-01-11;-1.54;0.21;1.96;0.0;4.884;7.0;61.15
1981-01-12;-1.21;0.21;1.63;1.16;4.294;1.28;56.75
1981-01-13;1.86;3.14;4.41;2.52;4.488;3.81;72.34
1981-01-14;2.46;3.65;4.83;0.0;4.735;5.02;64.32
1981-01-15;-0.91;0.35;1.61;2.21;2.239;3.88;78.22
1981-01-16;-2.85;0.2;3.25;0.0;4.642;2.3;59.43
1981-01-17;-9.44;-5.98;-2.52;30.65;0.2;3.14;69.92
1981-01-18;-2.29;1.06;4.41;1.41;3.077;2.3;68.04
1981-01-19;-5.19;-1.58;2.04;0.0;6.949;3.75;44.53
1981-01-20;-5.3;-2.81;-0.32;0.0;3.821;1.29;55.17
1981-01-21;-4.37;-1.21;1.95;0.0;5.051;3.81;61.28
1981-01-22;-1.72;0.69;3.1;1.59;4.183;4.84;56.95
1981-01-23;-1.1;0.09;1.28;0.0;4.791;4.21;46.32
1981-01-24;1.19;3.72;6.25;7.18;3.618;6.24;55.15
1981-01-25;0.81;1.98;3.15;0.0;4.676;4.44;57.15
1981-01-26;-0.79;2.63;6.06;0.0;6.679;1.37;58.71
1981-01-27;0.22;4.49;8.76;0.0;6.934;4.63;57.0
1981-01-28;-3.97;2.02;8.02;0.0;2.938;4.01;80.86
1981-01-29;-5.18;0.18;5.54;0.0;8.046;2.47;55.42
1981-01-30;1.2;4.72;8.24;0.0;6.902;6.56;57.86
1981-01-31;0.32;0.98;1.65;0.0;4.656;4.59;54.41
1981-02-01;-2.95;0.32;3.59;0.0;5.478;2.54;50.11
1981-02-02;-1.22;1.35;3.91;0.0;7.131;6.57;54.37
1981-02-03;1.61;4.83;8.05;5.45;4.596;4.42;55.33
1981-02-04;-2.91;-0.01;2.89;0.0;4.305;2.51;64.46
1981-02-05;-0.19;1.97;4.13;0.0;5.554;0.63;51.28
1981-02-06;-2.38;0.72;3.82;0.0;3.599;2.3;58.2
1981-02-07;-0.82;1.9;4.61;0.52;5.559;0.42;52.01
1981-02-08;-1.9;0.53;2.96;4.56;4.394;1.01;60.28
1981-02-09;-8.59;-5.22;-1.85;0.84;2.868;3.77;71.69
1981-02-10;-9.15;-7.18;-5.2;0.0;4.073;5.03;56.4
1981-02-11;-9.14;-8.09;-7.03;0.0;4.428;2.3;49.4
1981-02-12;-8.63;-5.63;-2.62;0.0;6.451;2.65;46.16
1981-02-13;-8.25;-4.87;-1.49;0.0;6.233;2.88;46.54
1981-02-14;-1.16;-0.7;-0.24;0.0;5.827;3.84;79.41
1981-02-15;-0.89;0.1;1.08;8.99;4.091;5.23;80.35
1981-02-16;-0.76;2.0;4.76;1.25;5.069;3.21;78.68
1981-02-17;-0.41;1.33;3.07;0.0;5.16;2.55;62.08
1981-02-18;-0.71;1.38;3.47;0.0;7.492;5.73;49.92
1981-02-19;2.87;4.03;5.19;15.19;2.505;5.61;71.36
1981-02-20;-0.49;2.83;6.16;1.74;8.233;1.47;69.14
1981-02-21;-3.74;-0.3;3.14;3.38;3.542;2.91;62.65
1981-02-22;-4.52;-2.49;-0.46;8.91;2.455;4.03;66.5
1981-02-23;-8.59;-6.46;-4.33;0.0;4.262;4.03;68.21
1981-02-24;-8.06;-3.74;0.58;0.55;6.818;2.02;40.7
1981-02-25;-0.59;2.14;4.86;1.61;6.661;3.1;65.22
1981-02-26;1.74;3.98;6.22;0.74;6.397;2.85;64.94
1981-02-27;-0.59;1.34;3.28;6.66;3.329;3.64;74.74
1981-02-28;-0.39;2.2;4.78;0.0;8.327;3.15;53.49
1981-03-01;-0.59;2.33;5.25;0.0;8.097;5.42;49.62
1981-03-02;1.69;3.04;4.39;5.29;4.423;8.53;72.71
1981-03-03;3.74;6.89;10.04;0.0;12.082;3.92;49.7
1981-03-04;-0.09;5.05;10.19;6.14;5.18;5.45;68.38
1981-03-05;1.1;5.23;9.37;3.16;7.675;5.96;56.75
1981-03-06;-1.56;1.1;3.77;0.0;4.395;6.29;46.38
1981-03-07;0.99;1.92;2.84;5.29;6.869;5.25;52.18
1981-03-08;-2.57;-0.63;1.31;3.36;7.037;3.91;61.67
1981-03-09;-3.33;-2.09;-0.85;0.0;5.802;4.47;56.7
1981-03-10;-1.9;-0.76;0.37;0.0;12.51;3.65;29.48
1981-03-11;-2.5;2.7;7.9;0.0;11.611;3.8;56.25
1981-03-12;4.41;7.78;11.15;1.83;8.699;2.96;56.3
1981-03-13;-0.37;4.73;9.82;0.0;15.687;2.18;60.65
1981-03-14;-0.63;3.66;7.95;0.0;14.541;0.51;47.75
1981-03-15;2.55;6.06;9.57;0.0;8.769;2.81;53.67
1981-03-16;5.03;8.1;11.17;0.0;4.969;5.36;63.0
1981-03-17;2.64;7.16;11.68;6.1;3.944;1.34;68.54
1981-03-18;4.83;10.41;15.99;0.0;16.951;0.55;44.67
1981-03-19;5.89;11.83;17.76;0.0;18.162;0.64;44.71
1981-03-20;6.69;13.29;19.88;0.0;18.113;0.42;45.58
1981-03-21;7.01;12.49;17.97;0.0;18.958;1.13;43.72
1981-03-22;7.21;11.62;16.03;0.0;12.325;2.0;48.07
1981-03-23;8.9;14.48;20.05;0.0;15.495;3.65;45.56
1981-03-24;8.71;14.55;20.4;0.0;17.728;4.87;48.11
1981-03-25;7.91;14.71;21.5;0.0;19.709;2.22;47.54
1981-03-26;9.23;14.13;19.04;0.0;21.31;0.73;41.5
1981-03-27;7.18;11.77;16.36;0.0;18.354;2.12;27.87
1981-03-28;4.95;6.63;8.3;9.1;2.745;2.32;85.99
1981-03-29;3.65;5.04;6.43;8.18;2.729;1.58;81.95
1981-03-30;6.44;12.21;17.99;0.0;16.002;1.48;47.16
1981-03-31;4.82;10.5;16.18;0.0;18.685;1.48;39.19
1981-04-01;5.33;11.72;18.11;0.0;18.615;0.72;33.63
1981-04-02;6.98;13.79;20.61;0.0;18.72;1.24;34.15
1981-04-03;5.58;13.15;20.72;0.0;18.707;3.24;34.22
1981-04-04;7.38;10.68;13.98;13.23;4.482;2.99;54.47
1981-04-05;5.97;10.04;14.11;0.0;16.881;5.41;39.28
1981-04-06;5.25;10.72;16.2;2.01;9.246;3.06;38.41
1981-04-07;5.1;11.39;17.69;0.71;18.287;1.71;48.13
1981-04-08;4.44;8.8;13.17;0.0;10.515;5.69;42.61
1981-04-09;3.65;8.7;13.75;0.0;14.95;5.04;44.2
1981-04-10;10.77;12.07;13.38;21.75;3.378;4.19;69.78
1981-04-11;6.36;10.07;13.78;0.21;8.306;5.35;58.07
1981-04-12;5.75;8.72;11.7;0.0;11.315;4.63;46.37
1981-04-13;7.04;9.06;11.09;4.5;7.786;5.82;46.4
1981-04-14;5.7;7.9;10.1;3.51;8.795;6.35;43.97
1981-04-15;5.66;8.34;11.03;7.63;7.461;2.56;67.47
1981-04-16;12.14;15.99;19.84;0.0;11.609;5.48;46.03
1981-04-17;7.05;8.73;10.42;14.78;6.019;1.3;75.16
1981-04-18;7.48;10.38;13.29;0.0;9.471;0.49;58.98
1981-04-19;3.82;10.96;18.1;0.0;20.124;1.9;43.47
1981-04-20;8.79;13.4;18.02;0.0;24.758;2.34;43.55
1981-04-21;7.01;13.22;19.43;0.0;20.698;3.77;47.36
1981-04-22;8.96;12.54;16.12;0.0;10.933;6.6;54.7
1981-04-23;10.38;16.38;22.37;0.0;23.223;6.41;47.75
1981-04-24;11.55;17.19;22.82;0.0;25.847;6.21;45.69
1981-04-25;8.47;11.53;14.59;5.76;11.273;3.66;45.91
1981-04-26;4.39;8.01;11.63;0.0;19.71;3.97;22.99
1981-04-27;3.58;8.09;12.6;0.0;21.4;2.56;37.54
1981-04-28;2.84;10.01;17.18;0.0;25.434;2.41;32.21
1981-04-29;5.96;13.35;20.73;0.0;23.219;1.7;33.32
1981-04-30;6.97;13.88;20.8;0.0;25.705;1.51;31.57
1981-05-01;10.68;16.52;22.37;0.0;22.254;1.8;53.68
1981-05-02;11.0;15.65;20.3;0.0;15.848;0.93;59.3
1981-05-03;9.83;15.7;21.56;0.0;21.012;1.62;49.85
1981-05-04;9.65;11.04;12.42;1.91;4.422;3.47;78.18
1981-05-05;8.89;12.37;15.84;0.0;16.936;5.31;38.08
1981-05-06;9.55;13.99;18.43;0.0;26.252;2.81;31.75
1981-05-07;9.76;16.14;22.53;0.0;26.451;3.52;23.65
1981-05-08;9.76;17.04;24.32;0.0;23.86;2.2;26.57
1981-05-09;9.97;16.84;23.71;0.0;22.245;1.5;42.37
1981-05-10;9.35;14.23;19.12;0.0;18.754;1.8;50.94
1981-05-11;8.15;12.41;16.68;0.0;25.715;2.07;35.55
1981-05-12;8.58;12.34;16.09;4.73;16.856;2.61;50.39
1981-05-13;5.67;9.38;13.08;14.48;10.184;2.42;65.53
1981-05-14;4.84;11.09;17.34;0.0;29.221;4.25;28.04
1981-05-15;9.19;15.57;21.94;0.0;26.605;4.81;25.56
1981-05-16;12.72;18.1;23.48;0.0;25.516;2.93;25.3
1981-05-17;13.25;18.05;22.84;0.0;16.159;1.69;43.69
1981-05-18;10.85;14.68;18.5;1.99;16.278;1.7;42.66
1981-05-19;10.4;15.61;20.82;0.0;19.223;3.71;29.87
1981-05-20;15.59;17.71;19.84;7.13;15.974;1.02;52.52
1981-05-21;12.06;16.89;21.72;0.0;19.757;1.79;51.23
1981-05-22;8.55;14.69;20.83;0.0;30.28;2.62;37.92
1981-05-23;9.82;15.78;21.74;0.0;29.02;1.78;36.91
1981-05-24;13.93;18.21;22.5;0.0;23.612;1.19;47.92
1981-05-25;10.97;18.37;25.77;0.0;29.868;2.82;37.08
1981-05-26;13.89;19.16;24.42;0.0;27.428;3.39;24.88
1981-05-27;15.04;21.87;28.7;0.0;30.79;1.4;24.21
1981-05-28;15.05;22.24;29.43;0.0;25.379;2.18;22.8
1981-05-29;13.73;19.8;25.87;0.21;15.724;1.79;35.21
1981-05-30;12.18;16.77;21.37;0.0;14.23;3.21;61.19
1981-05-31;10.0;13.66;17.33;16.69;5.876;3.71;43.97
1981-06-01;13.6;17.29;20.99;6.85;6.323;2.96;61.19
1981-06-02;13.33;18.71;24.09;0.0;19.428;3.45;41.61
1981-06-03;12.12;18.69;25.26;0.0;20.54;5.5;37.29
1981-06-04;10.96;15.74;20.51;4.91;20.123;3.63;47.88
1981-06-05;11.4;15.88;20.36;0.0;26.173;2.41;26.42
1981-06-06;11.68;16.27;20.86;0.0;28.337;2.91;23.71
1981-06-07;13.85;19.16;24.47;0.0;24.507;4.19;23.76
1981-06-08;16.73;23.16;29.59;0.0;25.327;2.2;22.07
1981-06-09;17.45;22.51;27.57;0.0;22.63;1.61;57.94
1981-06-10;17.39;21.98;26.56;0.0;22.557;2.0;47.84
1981-06-11;16.82;21.2;25.59;0.0;15.652;2.1;47.52
1981-06-12;14.93;20.04;25.15;0.0;29.64;2.26;17.94
1981-06-13;14.88;20.49;26.1;0.0;29.415;2.4;16.82
1981-06-14;16.59;23.57;30.55;0.0;29.004;3.1;18.95
1981-06-15;20.88;26.0;31.13;0.0;27.277;2.93;27.89
1981-06-16;19.97;25.54;31.1;10.42;22.268;1.41;25.9
1981-06-17;17.48;21.73;25.99;3.25;19.696;2.79;59.07
1981-06-18;15.59;19.42;23.25;0.0;11.33;4.05;52.0
1981-06-19;16.06;20.04;24.02;0.0;23.414;2.32;30.53
1981-06-20;15.56;21.58;27.6;0.0;26.132;1.51;21.71
1981-06-21;14.73;21.53;28.33;3.55;16.373;2.42;17.5
1981-06-22;16.07;21.05;26.02;0.0;23.499;3.32;40.35
1981-06-23;16.41;20.45;24.48;3.07;9.675;4.02;43.43
1981-06-24;18.54;21.32;24.1;5.53;17.298;3.61;59.28
1981-06-25;18.74;22.3;25.85;3.68;19.074;2.64;71.43
1981-06-26;15.15;21.91;28.66;0.0;20.435;4.4;37.39
1981-06-27;17.81;21.84;25.88;0.0;17.414;2.94;50.55
1981-06-28;18.17;22.8;27.42;0.0;25.109;1.85;53.19
1981-06-29;19.11;23.65;28.19;0.0;28.448;1.24;45.05
1981-06-30;17.63;22.16;26.7;5.03;19.968;1.33;37.1
1981-07-01;17.28;23.11;28.94;0.0;27.029;1.53;31.0
1981-07-02;19.78;25.55;31.32;0.0;29.397;2.87;29.68
1981-07-03;20.28;26.41;32.55;0.0;29.134;3.89;20.45
1981-07-04;19.89;25.66;31.44;0.0;29.307;3.84;16.26
1981-07-05;20.4;25.91;31.41;0.0;30.061;3.53;17.79
1981-07-06;20.52;25.95;31.38;0.0;26.782;3.54;18.78
1981-07-07;19.18;24.96;30.74;0.0;29.24;3.51;20.84
1981-07-08;18.24;24.21;30.18;0.0;27.423;2.11;19.48
1981-07-09;19.3;25.93;32.56;0.0;25.905;2.53;20.02
1981-07-10;24.48;27.86;31.24;0.0;22.65;1.2;37.77
1981-07-11;22.88;27.6;32.32;0.0;27.353;1.52;16.88
1981-07-12;22.63;27.63;32.64;0.0;27.6;2.32;27.42
1981-07-13;22.47;29.2;35.94;0.0;28.231;2.98;16.39
1981-07-14;24.76;30.63;36.51;0.0;28.195;3.0;18.87
1981-07-15;23.24;28.01;32.78;0.0;28.227;3.0;27.2
1981-07-16;23.21;27.95;32.68;0.0;27.132;2.6;25.75
1981-07-17;21.56;26.5;31.45;0.0;23.92;2.11;38.65
1981-07-18;21.42;24.87;28.32;0.0;25.441;3.42;48.47
1981-07-19;19.06;24.58;30.1;0.0;26.163;2.78;24.92
1981-07-20;18.37;24.34;30.32;0.0;25.543;2.78;26.06
1981-07-21;21.37;25.75;30.12;0.0;24.51;2.68;35.01
1981-07-22;22.22;26.06;29.91;0.0;24.75;2.05;31.39
1981-07-23;21.76;25.6;29.44;0.0;15.983;1.08;33.58
1981-07-24;21.05;26.66;32.28;0.0;20.529;0.51;26.89
1981-07-25;23.54;29.38;35.22;0.57;24.602;1.62;15.33
1981-07-26;21.37;25.75;30.13;0.0;26.106;3.93;33.18
1981-07-27;19.17;23.27;27.37;0.0;21.491;3.32;23.18
1981-07-28;18.32;22.26;26.2;0.0;24.442;2.02;25.49
1981-07-29;18.37;23.29;28.2;0.0;21.641;1.29;31.18
1981-07-30;18.38;23.27;28.15;10.16;14.944;1.7;34.62
1981-07-31;17.27;22.1;26.93;0.0;24.96;2.37;32.41
1981-08-01;17.37;23.75;30.13;0.0;23.27;2.68;24.33
1981-08-02;17.91;22.88;27.85;0.0;23.306;3.36;41.07
1981-08-03;17.14;22.7;28.27;0.0;23.839;3.6;17.99
1981-08-04;17.13;22.91;28.69;0.0;23.134;3.84;18.13
1981-08-05;17.04;23.98;30.91;0.0;22.016;4.52;25.32
1981-08-06;20.24;25.81;31.38;0.0;24.252;4.85;14.38
1981-08-07;20.35;25.46;30.58;0.0;23.07;1.71;16.47
1981-08-08;19.6;25.65;31.7;0.0;23.591;2.67;13.03
1981-08-09;19.83;26.03;32.23;0.0;23.614;3.11;14.39
1981-08-10;19.12;24.52;29.91;0.0;22.802;2.02;22.57
1981-08-11;19.95;24.78;29.61;0.0;20.536;1.43;28.73
1981-08-12;20.29;25.16;30.04;0.0;22.569;1.3;25.83
1981-08-13;19.69;25.82;31.94;0.0;22.79;0.96;23.22
1981-08-14;18.82;25.55;32.29;0.0;22.378;1.01;23.23
1981-08-15;19.78;25.28;30.78;0.0;20.343;2.8;34.73
1981-08-16;17.37;22.82;28.26;0.0;23.083;3.1;20.17
1981-08-17;16.95;22.72;28.49;0.0;22.98;3.01;19.16
1981-08-18;18.92;23.66;28.41;0.0;23.274;3.84;16.64
1981-08-19;17.23;22.55;27.86;0.0;22.571;3.25;19.16
1981-08-20;14.0;18.57;23.15;0.47;23.439;3.32;18.3
1981-08-21;12.24;17.97;23.7;0.0;22.048;2.91;16.52
1981-08-22;13.22;20.38;27.54;0.0;20.517;2.02;20.99
1981-08-23;16.99;23.88;30.76;0.0;22.126;2.14;17.96
1981-08-24;16.78;23.98;31.17;0.0;22.023;1.71;18.21
1981-08-25;18.44;26.07;33.7;0.0;20.837;1.2;19.7
1981-08-26;18.54;25.61;32.69;0.0;21.964;3.6;20.88
1981-08-27;19.1;26.21;33.31;0.0;20.398;3.56;25.21
1981-08-28;20.09;26.38;32.67;0.0;20.154;1.7;30.31
1981-08-29;17.25;23.59;29.94;0.0;20.583;2.91;21.81
1981-08-30;18.15;22.89;27.64;0.0;18.204;2.53;28.08
1981-08-31;18.11;21.59;25.08;1.18;19.049;2.92;32.81
1981-09-01;16.3;19.41;22.51;0.0;10.862;0.81;32.94
1981-09-02;13.71;19.8;25.9;0.0;18.62;1.5;28.35
1981-09-03;17.31;22.64;27.97;0.0;19.864;1.61;24.17
1981-09-04;17.03;23.31;29.59;0.0;20.771;2.62;17.4
1981-09-05;17.23;24.1;30.97;0.0;20.942;2.26;15.79
1981-09-06;19.21;26.45;33.69;0.0;18.414;0.82;17.38
1981-09-07;18.97;24.5;30.03;0.0;17.921;2.63;22.14
1981-09-08;20.98;24.3;27.62;0.0;18.532;2.11;40.61
1981-09-09;13.15;18.27;23.38;0.0;17.416;3.74;38.63
1981-09-10;12.39;16.7;21.02;0.0;18.433;3.2;19.85
1981-09-11;11.57;17.0;22.42;0.0;19.615;3.07;22.45
1981-09-12;10.41;16.13;21.84;0.0;19.709;2.05;23.91
1981-09-13;11.34;17.43;23.51;0.0;17.33;1.16;27.89
1981-09-14;17.99;20.44;22.89;0.0;10.565;1.2;33.63
1981-09-15;17.24;21.8;26.37;0.0;16.667;3.61;23.06
1981-09-16;14.39;20.31;26.23;0.0;17.477;3.0;20.97
1981-09-17;15.52;20.73;25.95;0.0;16.356;0.37;22.06
1981-09-18;16.11;21.57;27.03;0.0;16.023;1.9;32.56
1981-09-19;18.45;22.38;26.31;7.28;16.181;2.5;35.06
1981-09-20;16.26;20.8;25.33;0.0;15.462;3.47;45.07
1981-09-21;13.24;17.68;22.13;0.0;9.931;3.64;40.68
1981-09-22;13.98;18.29;22.59;0.0;14.4;1.1;33.75
1981-09-23;13.44;16.99;20.54;8.31;9.615;1.84;51.67
1981-09-24;14.61;14.66;14.72;13.4;10.486;2.25;46.46
1981-09-25;11.4;14.58;17.76;5.52;10.844;3.24;48.7
1981-09-26;12.86;15.06;17.27;0.0;12.113;1.29;41.55
1981-09-27;9.28;15.17;21.06;0.0;16.667;4.35;30.03
1981-09-28;13.33;19.07;24.81;0.0;14.816;3.49;32.52
1981-09-29;13.42;20.05;26.67;0.0;13.09;2.6;37.46
1981-09-30;14.66;19.97;25.28;0.0;13.389;1.69;46.62
1981-10-01;13.2;17.39;21.58;0.0;12.125;1.1;54.38
1981-10-02;11.98;19.1;26.22;0.0;12.527;2.15;31.89
1981-10-03;16.6;22.15;27.69;0.0;12.846;2.06;23.98
1981-10-04;15.28;21.34;27.39;0.64;13.661;2.29;26.97
1981-10-05;12.49;19.34;26.2;0.0;13.033;2.96;35.8
1981-10-06;13.46;18.26;23.06;0.0;13.802;1.48;32.39
1981-10-07;10.68;16.06;21.45;5.77;6.825;3.1;50.96
1981-10-08;15.22;17.82;20.43;1.93;7.74;1.84;53.14
1981-10-09;7.36;11.5;15.64;5.63;8.641;3.39;51.63
1981-10-10;6.6;11.68;16.76;0.0;8.616;1.51;35.34
1981-10-11;10.08;14.11;18.13;0.0;2.57;1.78;46.8
1981-10-12;9.19;14.77;20.36;0.0;12.568;1.88;34.45
1981-10-13;11.05;17.15;23.25;0.0;12.153;2.38;28.27
1981-10-14;10.61;16.93;23.25;0.0;13.779;1.98;27.19
1981-10-15;8.85;14.59;20.34;0.0;13.496;1.51;22.96
1981-10-16;10.58;14.41;18.24;0.0;7.071;1.52;36.14
1981-10-17;6.77;11.35;15.93;0.0;11.38;1.79;32.62
1981-10-18;7.99;13.85;19.71;0.0;12.298;4.29;36.57
1981-10-19;3.8;8.56;13.33;7.64;2.513;3.96;49.19
1981-10-20;3.06;7.69;12.32;5.59;6.836;4.6;37.07
1981-10-21;13.78;14.38;14.99;31.88;2.965;7.8;85.54
1981-10-22;6.04;6.72;7.4;37.55;1.3;0.96;88.9
1981-10-23;4.02;6.58;9.15;14.73;2.199;0.33;91.91
1981-10-24;10.74;14.32;17.9;0.0;8.146;3.76;65.28
1981-10-25;12.85;17.46;22.07;0.0;11.051;3.53;51.74
1981-10-26;11.82;16.05;20.29;0.0;8.713;2.49;45.95
1981-10-27;8.87;13.59;18.32;0.0;8.713;3.22;46.55
1981-10-28;10.54;14.11;17.68;5.05;4.7;2.28;61.42
1981-10-29;10.1;14.58;19.06;0.0;7.762;2.19;56.71
1981-10-30;13.57;18.43;23.29;0.0;10.13;4.05;37.71
1981-10-31;10.54;14.55;18.56;0.0;8.465;4.04;34.34
1981-11-01;9.97;13.3;16.62;13.04;2.902;1.54;64.09
1981-11-02;7.75;10.96;14.16;0.0;8.234;2.29;45.41
1981-11-03;3.59;6.66;9.72;0.0;8.825;2.97;60.65
1981-11-04;1.43;4.38;7.32;0.0;7.909;5.59;34.69
1981-11-05;-1.52;-0.96;-0.4;0.0;2.798;5.65;55.04
1981-11-06;-1.91;-0.99;-0.07;0.0;2.353;6.08;63.27
1981-11-07;3.69;5.29;6.89;0.0;4.522;3.42;73.05
1981-11-08;5.33;6.78;8.22;0.0;4.008;1.91;57.35
1981-11-09;1.23;3.54;5.84;0.0;7.536;2.95;63.27
1981-11-10;-4.96;-0.59;3.77;0.0;6.494;6.48;47.74
1981-11-11;-3.93;-0.67;2.6;0.0;7.804;4.58;39.72
1981-11-12;-3.88;0.96;5.81;0.82;5.93;4.56;46.87
1981-11-13;-0.3;1.93;4.15;6.9;4.736;2.8;81.79
1981-11-14;-0.32;0.76;1.84;2.56;4.487;3.66;75.87
1981-11-15;-3.67;0.02;3.71;8.23;4.581;5.02;56.08
1981-11-16;5.16;6.71;8.26;0.0;3.649;2.25;81.44
1981-11-17;-0.99;2.92;6.83;0.25;2.742;3.56;72.38
1981-11-18;-3.94;-1.87;0.2;0.0;7.213;4.16;42.55
1981-11-19;-4.64;0.25;5.13;0.0;6.283;4.66;52.11
1981-11-20;1.6;4.63;7.66;0.24;3.151;3.49;74.29
1981-11-21;2.16;5.0;7.83;5.01;1.396;3.99;71.52
1981-11-22;2.33;4.5;6.67;0.0;5.38;5.51;39.81
1981-11-23;-6.18;-1.41;3.35;1.33;3.63;6.02;44.93
1981-11-24;-9.12;-6.86;-4.6;0.0;4.701;5.32;21.43
1981-11-25;-8.38;-4.47;-0.55;0.0;7.397;5.49;6.84
1981-11-26;-9.14;-2.41;4.32;1.31;5.267;6.19;29.5
1981-11-27;2.87;5.04;7.21;0.0;4.177;3.42;85.42
1981-11-28;2.59;6.35;10.11;0.0;4.765;4.72;66.87
1981-11-29;-4.27;0.45;5.17;0.27;3.214;4.64;52.69
1981-11-30;-5.77;-3.17;-0.58;0.0;6.065;4.24;23.4
1981-12-01;-5.73;-2.8;0.13;0.0;6.111;4.49;15.55
1981-12-02;-5.74;-2.5;0.73;0.0;6.415;4.62;41.22
1981-12-03;-10.29;-3.33;3.62;0.0;6.254;2.7;66.93
1981-12-04;-4.2;-1.09;2.02;0.0;5.279;3.8;67.45
1981-12-05;-4.04;-1.02;2.01;0.0;5.3;3.93;67.0
1981-12-06;-2.32;0.58;3.47;1.06;2.697;3.41;90.5
1981-12-07;-3.14;-0.92;1.31;0.0;5.775;5.37;37.5
1981-12-08;-4.19;-1.0;2.19;0.0;5.057;1.71;44.91
1981-12-09;-6.26;-1.88;2.51;0.0;3.899;0.81;67.78
1981-12-10;-5.66;-1.47;2.72;0.0;4.571;2.21;71.43
1981-12-11;-1.34;1.21;3.75;2.59;4.218;2.52;74.33
1981-12-12;-0.73;1.93;4.6;0.0;4.049;1.33;60.9
1981-12-13;2.05;3.33;4.61;0.58;3.383;2.56;69.17
1981-12-14;3.91;6.48;9.05;1.11;3.953;3.84;77.68
1981-12-15;5.89;7.91;9.94;0.0;3.939;2.8;83.08
1981-12-16;2.52;6.11;9.7;12.69;1.143;1.52;85.0
1981-12-17;0.75;4.25;7.75;6.99;1.815;0.75;87.75
1981-12-18;0.46;2.12;3.78;0.0;4.723;2.53;65.64
1981-12-19;2.6;3.7;4.8;0.0;2.506;4.75;77.43
1981-12-20;3.19;3.74;4.28;7.76;1.999;5.92;84.34
1981-12-21;-1.89;1.66;5.2;0.0;3.903;3.27;42.31
1981-12-22;0.53;0.96;1.39;5.59;2.463;0.92;83.05
1981-12-23;-7.73;-5.0;-2.27;0.0;3.684;3.48;43.16
1981-12-24;-6.63;-2.07;2.49;0.41;3.831;3.08;39.18
1981-12-25;4.26;6.21;8.17;7.2;2.326;5.35;79.55
1981-12-26;3.06;5.5;7.93;0.5;4.622;5.75;71.37
1981-12-27;-0.01;4.38;8.76;19.59;0.41;6.47;87.68
1981-12-28;2.86;4.43;6.0;0.31;4.58;3.51;66.82
1981-12-29;1.82;4.42;7.02;0.76;2.808;5.68;81.08
1981-12-30;3.86;4.94;6.02;0.0;4.784;2.23;66.57
1981-12-31;-4.77;-1.59;1.59;0.0;3.249;4.78;43.91
1982-01-01;-4.28;-0.87;2.55;0.0;5.498;3.34;39.63
1982-01-02;-0.72;1.13;2.97;0.68;2.201;4.8;79.65
1982-01-03;2.13;4.79;7.46;0.0;4.49;2.72;68.51
1982-01-04;-0.32;3.2;6.72;1.62;4.157;0.91;57.37
1982-01-05;-1.28;3.56;8.39;0.0;6.051;3.06;39.42
1982-01-06;5.56;9.54;13.51;2.53;5.15;6.57;49.27
1982-01-07;0.55;2.45;4.35;0.0;4.09;3.22;54.38
1982-01-08;-3.44;-0.58;2.28;0.0;3.826;0.9;44.54
1982-01-09;-3.15;-1.48;0.19;6.13;2.252;4.03;75.8
1982-01-10;-2.46;0.18;2.82;2.25;4.584;3.01;59.22
1982-01-11;4.24;4.5;4.77;7.7;5.124;2.71;76.62
1982-01-12;3.29;4.64;5.99;5.8;2.487;0.75;86.2
1982-01-13;1.33;1.65;1.97;1.96;4.53;4.35;64.31
1982-01-14;2.16;4.88;7.6;6.68;1.928;1.82;85.82
1982-01-15;2.06;4.21;6.35;0.0;3.124;6.37;76.14
1982-01-16;1.5;3.1;4.71;0.0;5.213;4.6;54.08
1982-01-17;-1.3;1.13;3.55;0.0;4.738;3.1;50.92
1982-01-18;-1.63;2.54;6.7;0.65;6.373;5.2;49.86
1982-01-19;-5.15;-0.87;3.42;0.0;4.817;4.33;47.73
1982-01-20;-4.09;-1.98;0.12;0.0;6.111;1.54;41.06
1982-01-21;-4.02;0.92;5.86;4.25;7.342;5.25;41.91
1982-01-22;-2.18;1.89;5.96;0.0;4.952;4.51;58.38
1982-01-23;-3.35;-1.06;1.24;5.02;4.183;1.35;64.25
1982-01-24;-6.8;-3.75;-0.71;0.0;3.242;3.58;48.53
1982-01-25;-4.78;-3.53;-2.28;0.0;5.593;2.03;53.88
1982-01-26;-3.96;-0.85;2.25;1.79;5.146;3.48;58.75
1982-01-27;0.98;2.01;3.05;3.31;3.255;3.14;87.27
1982-01-28;2.16;3.0;3.85;0.0;4.609;2.07;71.69
1982-01-29;2.68;3.65;4.62;0.0;3.768;2.68;72.48
1982-01-30;0.82;3.22;5.61;0.0;6.75;3.78;60.25
1982-01-31;-3.0;1.21;5.42;0.0;4.706;0.77;58.33
1982-02-01;-3.35;0.72;4.79;0.0;5.914;1.17;54.06
1982-02-02;-0.04;3.38;6.79;2.27;9.393;2.48;60.26
1982-02-03;-0.61;1.92;4.45;9.83;1.611;1.0;91.9
1982-02-04;2.01;2.96;3.9;2.62;6.185;1.46;69.73
1982-02-05;-0.53;2.73;5.98;7.97;4.189;3.48;78.78
1982-02-06;-6.68;-3.84;-1.0;0.0;5.375;3.23;42.66
1982-02-07;-6.84;-4.56;-2.28;2.01;3.901;3.82;46.83
1982-02-08;-0.07;2.3;4.68;5.66;2.786;4.73;83.59
1982-02-09;-3.83;-1.29;1.26;0.81;5.208;4.95;57.86
1982-02-10;-6.01;-3.98;-1.95;0.0;7.562;3.97;45.52
1982-02-11;-6.41;-4.17;-1.94;0.0;5.626;2.55;39.2
1982-02-12;-8.64;-4.03;0.59;2.16;6.089;5.61;62.24
1982-02-13;-0.9;1.11;3.13;13.36;2.848;6.96;82.49
1982-02-14;-3.92;1.14;6.2;22.57;3.683;3.35;81.53
1982-02-15;-1.34;-0.56;0.22;8.89;4.494;5.21;80.1
1982-02-16;-3.37;-1.7;-0.03;0.47;4.586;3.62;65.39
1982-02-17;-4.01;-1.83;0.35;5.72;5.463;4.54;54.83
1982-02-18;-6.6;-4.38;-2.16;4.97;1.97;5.38;62.45
1982-02-19;-6.45;-1.6;3.26;1.24;6.714;3.46;55.38
1982-02-20;1.42;3.36;5.31;0.0;7.657;5.65;54.7
1982-02-21;4.26;5.67;7.07;0.0;3.74;6.94;70.24
1982-02-22;2.04;5.14;8.25;4.9;3.736;6.36;84.08
1982-02-23;1.3;4.2;7.09;0.0;11.068;3.44;48.41
1982-02-24;0.91;6.15;11.39;0.0;6.988;4.03;51.88
1982-02-25;5.57;9.98;14.39;0.0;10.028;6.22;37.74
1982-02-26;4.37;9.52;14.66;0.0;10.594;5.34;32.38
1982-02-27;7.53;9.25;10.96;6.18;3.501;1.09;54.21
1982-02-28;1.93;4.97;8.02;0.0;11.248;5.84;46.65
1982-03-01;-1.91;-0.12;1.67;0.0;6.659;4.42;56.25
1982-03-02;-0.24;-0.16;-0.09;6.15;7.131;5.74;53.4
1982-03-03;-2.55;0.22;2.99;1.64;9.379;5.71;51.26
1982-03-04;1.53;4.6;7.67;0.0;7.154;5.96;51.54
1982-03-05;3.37;6.7;10.02;2.63;7.663;6.0;57.65
1982-03-06;1.8;5.9;9.99;0.0;12.145;2.93;56.06
1982-03-07;1.58;5.15;8.71;0.0;7.629;4.15;57.53
1982-03-08;6.65;9.26;11.87;0.0;8.402;2.32;60.19
1982-03-09;5.71;11.02;16.32;0.0;12.314;2.72;39.15
1982-03-10;4.44;10.4;16.35;0.0;13.791;3.21;31.83
1982-03-11;4.44;11.36;18.28;0.0;15.022;2.92;31.63
1982-03-12;5.92;12.41;18.91;0.0;15.494;1.81;27.37
1982-03-13;5.92;11.54;17.15;0.0;15.777;3.33;9.57
1982-03-14;4.4;10.91;17.42;0.0;15.396;2.43;38.92
1982-03-15;5.35;10.95;16.54;0.0;13.865;1.5;35.21
1982-03-16;0.45;5.34;10.23;0.99;9.748;3.61;52.24
1982-03-17;0.4;7.95;15.49;3.33;17.5;3.43;32.66
1982-03-18;3.87;6.86;9.84;1.87;12.172;6.13;43.35
1982-03-19;6.03;7.03;8.03;12.12;8.993;3.87;52.85
1982-03-20;3.09;5.58;8.06;1.85;8.33;4.43;54.19
1982-03-21;3.15;6.06;8.96;1.35;10.832;3.31;50.15
1982-03-22;0.46;4.76;9.06;1.08;12.182;4.16;51.71
1982-03-23;-0.21;4.36;8.94;0.0;17.107;1.57;33.63
1982-03-24;-1.96;1.17;4.31;0.0;14.312;4.87;34.4
1982-03-25;-1.49;2.54;6.57;3.76;11.596;3.32;52.97
1982-03-26;2.28;7.17;12.07;18.77;5.698;2.47;68.53
1982-03-27;6.21;8.33;10.45;2.26;5.741;6.69;67.59
1982-03-28;6.04;9.42;12.8;0.72;14.433;3.86;48.55
1982-03-29;6.24;11.63;17.01;0.0;12.882;4.06;53.11
1982-03-30;12.42;17.23;22.05;0.0;15.445;5.19;48.63
1982-03-31;7.63;13.72;19.82;2.96;13.501;3.86;42.2
1982-04-01;5.88;11.11;16.34;0.0;15.302;1.28;49.62
1982-04-02;6.08;12.11;18.13;0.0;19.956;1.56;34.89
1982-04-03;5.54;12.53;19.52;0.0;16.103;0.96;38.32
1982-04-04;6.08;12.89;19.69;0.0;18.331;0.72;36.86
1982-04-05;7.18;13.36;19.53;0.0;20.001;1.88;34.33
1982-04-06;10.03;16.86;23.68;0.0;19.446;3.26;29.98
1982-04-07;11.27;18.07;24.87;0.86;20.495;3.09;33.08
1982-04-08;11.89;17.41;22.93;1.36;9.676;0.79;44.73
1982-04-09;10.2;15.42;20.64;1.82;9.425;1.51;49.76
1982-04-10;9.56;14.18;18.81;0.0;11.099;1.82;54.35
1982-04-11;8.09;13.87;19.64;0.0;19.278;1.3;35.45
1982-04-12;8.51;14.32;20.13;3.1;6.609;1.8;37.94
1982-04-13;10.39;14.68;18.97;0.0;18.147;1.5;41.77
1982-04-14;8.37;12.52;16.68;0.0;19.592;1.74;36.93
1982-04-15;7.82;14.18;20.53;0.0;12.453;2.86;37.37
1982-04-16;9.7;14.46;19.23;0.0;17.557;1.51;34.94
1982-04-17;11.9;17.05;22.2;0.0;20.439;1.4;35.62
1982-04-18;12.86;18.74;24.62;0.0;22.046;1.11;46.65
1982-04-19;13.7;19.04;24.38;0.0;20.6;1.89;35.12
1982-04-20;11.95;18.11;24.27;12.99;14.687;1.11;37.86
1982-04-21;10.37;15.27;20.16;0.0;22.195;3.33;53.76
1982-04-22;10.2;14.36;18.51;0.0;14.711;2.94;56.99
1982-04-23;10.27;14.55;18.84;0.0;14.424;2.47;55.58
1982-04-24;9.83;15.86;21.9;3.64;19.557;2.04;35.6
1982-04-25;12.18;15.98;19.79;2.75;20.698;2.32;57.22
1982-04-26;9.94;15.29;20.65;0.0;19.695;2.59;51.14
1982-04-27;10.03;15.32;20.61;0.0;23.338;1.53;39.34
1982-04-28;11.67;17.87;24.07;0.0;22.696;2.47;33.2
1982-04-29;12.31;16.6;20.89;2.7;10.055;1.98;39.91
1982-04-30;9.67;14.34;19.02;0.0;13.458;3.36;47.27
1982-05-01;11.03;14.48;17.92;8.38;7.728;3.45;58.02
1982-05-02;11.89;15.03;18.16;2.73;15.123;2.85;60.99
1982-05-03;10.64;15.56;20.48;1.1;23.014;3.0;46.98
1982-05-04;13.2;18.14;23.09;0.0;23.974;2.61;51.92
1982-05-05;12.34;17.05;21.76;0.0;15.346;5.18;30.32
1982-05-06;13.44;19.33;25.22;0.0;21.337;2.86;38.04
1982-05-07;11.44;17.25;23.05;0.0;19.173;3.19;35.18
1982-05-08;10.64;15.4;20.16;4.53;15.212;2.74;37.76
1982-05-09;9.42;11.71;14.0;5.96;11.242;2.41;38.8
1982-05-10;7.69;9.64;11.6;4.53;15.441;4.92;24.9
1982-05-11;10.12;12.89;15.66;1.97;11.826;2.99;61.63
1982-05-12;6.78;11.49;16.2;0.0;19.116;5.82;37.11
1982-05-13;10.32;11.64;12.96;11.02;6.923;0.93;76.18
1982-05-14;10.35;16.58;22.81;3.15;23.083;2.4;48.68
1982-05-15;11.9;16.84;21.78;5.07;10.119;2.19;43.89
1982-05-16;11.02;16.36;21.69;0.0;26.822;1.89;29.37
1982-05-17;10.09;15.76;21.43;6.31;23.319;3.32;53.09
1982-05-18;5.39;9.73;14.07;5.0;27.51;3.16;49.71
1982-05-19;4.02;9.6;15.18;0.0;27.32;2.29;25.27
1982-05-20;4.74;12.18;19.63;0.0;29.724;2.65;18.19
1982-05-21;7.15;14.29;21.42;0.0;28.9;2.42;18.37
1982-05-22;8.23;15.57;22.91;0.0;30.012;3.14;22.43
1982-05-23;14.24;17.89;21.54;21.12;22.065;0.82;49.93
1982-05-24;14.46;17.16;19.86;2.65;21.465;2.19;62.22
1982-05-25;14.6;17.24;19.88;12.58;16.158;0.2;63.38
1982-05-26;12.59;16.55;20.51;0.0;30.165;3.18;42.25
1982-05-27;10.19;15.45;20.7;0.0;25.894;4.93;18.76
1982-05-28;12.72;16.5;20.28;0.0;19.586;3.6;23.95
1982-05-29;11.95;15.82;19.69;1.5;11.858;1.1;37.1
1982-05-30;10.73;15.31;19.9;8.29;16.676;2.84;45.06
1982-05-31;9.62;14.18;18.74;1.26;11.939;3.61;43.41
1982-06-01;6.92;11.27;15.62;4.45;15.929;2.37;19.13
1982-06-02;7.67;11.24;14.81;10.34;16.472;2.6;32.57
1982-06-03;8.53;14.61;20.7;0.0;24.14;0.91;26.66
1982-06-04;10.93;16.46;21.99;0.0;24.447;2.71;31.44
1982-06-05;12.59;19.02;25.45;6.88;19.724;0.96;42.52
1982-06-06;17.4;21.27;25.13;1.65;23.194;0.49;61.47
1982-06-07;14.01;19.64;25.26;0.0;26.859;0.96;48.16
1982-06-08;12.93;20.7;28.46;0.0;29.922;1.61;26.73
1982-06-09;15.63;20.43;25.24;0.0;18.427;4.19;49.69
1982-06-10;16.46;21.02;25.58;0.0;24.463;3.52;47.88
1982-06-11;16.77;20.82;24.87;0.0;20.32;1.1;43.88
1982-06-12;16.42;22.5;28.57;0.0;26.495;1.39;23.35
1982-06-13;17.14;23.76;30.37;0.0;24.608;0.7;23.79
1982-06-14;16.93;23.45;29.98;0.0;23.384;2.57;28.7
1982-06-15;17.09;22.48;27.86;0.0;24.546;1.61;45.44
1982-06-16;16.08;21.07;26.06;0.0;20.721;2.82;27.76
1982-06-17;15.86;21.2;26.55;0.0;30.612;2.21;19.02
1982-06-18;17.43;23.66;29.9;0.0;30.654;2.24;17.55
1982-06-19;16.7;22.84;28.99;0.0;29.585;2.31;21.59
1982-06-20;17.06;21.07;25.08;13.1;19.134;2.21;44.62
1982-06-21;16.13;16.91;17.7;62.64;9.14;4.29;89.52
1982-06-22;16.76;20.79;24.82;0.0;29.762;2.93;52.22
1982-06-23;17.1;21.31;25.52;0.0;22.874;3.1;44.43
1982-06-24;17.2;22.17;27.14;0.0;25.944;2.11;38.08
1982-06-25;17.2;21.05;24.89;0.0;22.945;2.42;54.24
1982-06-26;15.97;19.12;22.26;2.73;25.324;2.43;38.05
1982-06-27;14.55;20.04;25.53;0.0;20.424;1.13;29.02
1982-06-28;15.9;20.57;25.23;0.0;17.324;3.03;46.62
1982-06-29;15.46;20.16;24.87;0.0;19.861;1.63;31.38
1982-06-30;16.84;22.13;27.43;0.0;27.888;2.9;25.16
1982-07-01;17.45;22.79;28.12;0.0;29.947;4.65;20.54
1982-07-02;17.22;23.05;28.87;0.0;28.572;4.75;19.93
1982-07-03;18.26;23.91;29.57;0.0;30.143;3.25;23.17
1982-07-04;18.72;23.23;27.73;0.0;21.378;2.23;26.07
1982-07-05;17.03;23.95;30.86;0.0;31.19;3.33;31.65
1982-07-06;16.44;21.32;26.2;0.0;29.702;3.96;23.6
1982-07-07;16.74;21.78;26.82;0.0;26.52;2.24;20.53
1982-07-08;18.46;22.78;27.1;0.0;17.059;1.87;22.34
1982-07-09;18.49;23.26;28.03;0.0;23.644;1.53;15.3
1982-07-10;18.05;22.73;27.4;0.0;26.333;1.8;25.13
1982-07-11;17.76;22.67;27.58;0.0;25.386;1.29;23.16
1982-07-12;17.15;23.0;28.86;0.0;26.634;1.02;23.44
1982-07-13;17.93;23.48;29.04;0.0;26.384;1.0;27.83
1982-07-14;15.7;19.07;22.45;11.26;16.176;1.5;50.25
1982-07-15;15.93;21.58;27.23;0.0;16.182;0.74;27.26
1982-07-16;17.82;25.02;32.21;0.0;24.914;1.0;29.03
1982-07-17;22.01;26.39;30.76;0.0;24.939;1.61;57.71
1982-07-18;21.53;24.66;27.79;4.44;17.698;2.19;49.92
1982-07-19;20.21;25.27;30.33;0.0;26.953;2.78;28.14
1982-07-20;19.1;24.35;29.6;0.0;26.742;0.99;27.24
1982-07-21;19.54;24.95;30.35;0.0;25.218;1.89;31.81
1982-07-22;18.81;20.41;22.01;17.73;11.989;2.88;68.03
1982-07-23;16.76;20.54;24.32;0.0;17.16;1.48;43.41
1982-07-24;16.38;22.12;27.85;0.0;24.508;1.29;33.11
1982-07-25;17.0;24.06;31.12;0.0;26.861;3.07;28.16
1982-07-26;18.67;25.52;32.36;0.0;27.411;3.26;28.21
1982-07-27;21.93;26.81;31.69;0.0;23.591;3.33;42.53
1982-07-28;22.85;27.41;31.96;0.0;22.099;1.52;27.32
1982-07-29;21.13;27.17;33.21;0.0;23.723;0.71;28.11
1982-07-30;22.34;26.78;31.22;0.0;22.206;1.99;54.0
1982-07-31;22.38;26.13;29.89;0.0;21.921;1.09;50.48
1982-08-01;22.57;26.44;30.31;0.0;21.936;1.29;52.92
1982-08-02;23.2;26.32;29.45;5.19;20.472;0.74;54.04
1982-08-03;22.27;24.64;27.02;7.95;15.437;0.6;58.63
1982-08-04;19.78;23.07;26.35;17.81;11.507;1.38;56.14
1982-08-05;19.49;23.36;27.23;21.94;10.909;0.81;51.94
1982-08-06;19.07;22.02;24.96;17.39;16.593;1.65;74.4
1982-08-07;19.81;22.53;25.25;0.0;20.574;2.36;75.32
1982-08-08;19.92;22.52;25.11;0.0;22.015;1.08;62.48
1982-08-09;19.14;22.69;26.24;0.0;21.813;1.01;50.46
1982-08-10;18.42;22.87;27.32;0.0;21.18;1.12;56.89
1982-08-11;16.79;20.99;25.19;2.71;22.048;1.71;68.24
1982-08-12;17.04;21.41;25.77;0.0;21.931;1.5;38.21
1982-08-13;17.77;22.99;28.21;0.0;20.961;0.61;32.14
1982-08-14;13.8;19.09;24.38;14.27;12.888;3.11;45.4
1982-08-15;13.6;17.41;21.21;2.28;17.307;2.02;46.74
1982-08-16;12.9;17.89;22.87;5.68;13.179;2.87;41.71
1982-08-17;13.04;17.68;22.32;5.89;15.081;2.8;39.22
1982-08-18;12.68;18.48;24.28;1.74;19.569;4.14;24.86
1982-08-19;17.17;22.58;27.99;0.0;21.394;2.65;21.58
1982-08-20;18.56;22.27;25.99;0.0;13.726;2.33;58.75
1982-08-21;18.18;21.88;25.57;2.54;13.067;2.43;53.69
1982-08-22;13.86;18.98;24.09;0.0;17.927;3.21;37.9
1982-08-23;12.2;18.52;24.84;0.0;21.358;1.6;25.74
1982-08-24;12.68;19.91;27.14;0.0;17.866;2.02;25.69
1982-08-25;15.98;20.3;24.62;0.0;22.075;5.23;37.91
1982-08-26;13.83;19.77;25.7;0.76;22.768;6.33;29.14
1982-08-27;16.96;22.27;27.57;0.0;22.707;4.69;23.16
1982-08-28;16.87;22.45;28.02;0.0;22.089;4.1;20.22
1982-08-29;17.22;23.1;28.99;0.0;20.944;3.0;18.34
1982-08-30;17.05;23.29;29.53;0.0;20.341;3.0;19.81
1982-08-31;17.83;24.68;31.53;0.0;20.211;2.63;19.41
1982-09-01;20.12;26.91;33.71;1.79;19.898;2.02;23.21
1982-09-02;19.04;24.24;29.45;0.0;20.252;3.12;49.73
1982-09-03;19.04;25.09;31.15;0.0;18.299;1.6;35.3
1982-09-04;18.81;26.05;33.29;0.0;19.39;1.3;22.13
1982-09-05;20.16;28.06;35.96;0.0;18.922;1.3;17.35
1982-09-06;19.73;27.09;34.44;0.0;18.324;0.43;18.05
1982-09-07;20.16;27.95;35.75;0.0;17.997;0.69;17.85
1982-09-08;19.66;27.85;36.05;0.0;18.004;0.6;17.97
1982-09-09;19.1;27.86;36.62;0.0;17.546;1.6;19.37
1982-09-10;19.61;26.78;33.95;0.0;17.349;2.21;21.13
1982-09-11;17.19;23.12;29.04;0.0;20.396;4.88;20.0
1982-09-12;15.99;22.05;28.1;0.0;21.932;6.07;16.87
1982-09-13;15.61;21.27;26.93;0.0;22.033;6.04;17.18
1982-09-14;19.09;23.47;27.85;0.0;16.564;4.01;18.15
1982-09-15;18.04;23.64;29.24;0.0;16.321;1.92;23.9
1982-09-16;18.36;25.29;32.21;0.0;15.206;0.84;19.31
1982-09-17;19.69;22.76;25.83;2.68;8.281;1.22;33.14
1982-09-18;19.14;23.26;27.37;7.87;14.104;2.2;41.31
1982-09-19;16.14;21.02;25.89;0.0;14.159;1.2;43.77
1982-09-20;13.16;17.07;20.99;7.81;6.014;3.17;45.97
1982-09-21;12.63;16.84;21.06;0.0;15.534;1.81;39.15
1982-09-22;10.67;16.06;21.45;0.0;15.456;0.92;24.74
1982-09-23;13.2;18.22;23.24;0.0;10.215;1.59;47.7
1982-09-24;12.2;18.07;23.95;0.0;15.987;1.42;27.7
1982-09-25;13.4;20.25;27.11;0.0;18.845;2.7;22.65
1982-09-26;13.37;19.86;26.36;0.0;14.5;1.02;30.34
1982-09-27;16.24;21.89;27.54;0.0;10.495;1.6;32.01
1982-09-28;17.16;22.14;27.13;0.0;13.115;2.2;33.88
1982-09-29;18.02;22.57;27.12;0.0;14.253;2.22;26.83
1982-09-30;16.99;22.95;28.9;0.0;12.481;0.91;23.78
1982-10-01;15.31;20.91;26.51;0.0;12.79;1.1;30.04
1982-10-02;14.48;19.2;23.92;0.0;11.522;2.34;46.52
1982-10-03;14.55;19.57;24.59;0.0;10.702;0.65;32.09
1982-10-04;5.64;10.14;14.65;0.0;2.537;3.07;51.44
1982-10-05;4.08;10.29;16.49;0.0;15.626;1.75;26.67
1982-10-06;7.19;12.19;17.19;0.0;14.265;1.69;22.09
1982-10-07;8.23;13.22;18.22;11.75;5.111;3.06;35.67
1982-10-08;8.29;10.66;13.03;0.0;7.201;3.85;38.08
1982-10-09;7.68;9.22;10.76;3.09;8.418;4.29;37.95
1982-10-10;4.91;7.58;10.26;0.0;5.977;3.79;45.13
1982-10-11;11.54;13.04;14.55;16.38;3.003;2.74;84.43
1982-10-12;9.47;12.53;15.58;11.85;2.792;3.37;67.55
1982-10-13;6.34;10.38;14.43;0.0;12.183;3.17;40.85
1982-10-14;10.15;13.18;16.21;13.11;5.822;3.44;72.67
1982-10-15;6.29;9.81;13.33;0.0;10.092;3.77;51.25
1982-10-16;1.06;2.35;3.64;0.07;4.4;4.01;60.87
1982-10-17;1.33;3.02;4.71;2.21;3.809;3.45;63.37
1982-10-18;3.09;5.19;7.28;0.0;10.943;0.86;55.15
1982-10-19;4.48;8.42;12.36;0.0;7.233;2.67;38.88
1982-10-20;5.59;9.73;13.87;2.66;10.624;1.31;47.48
1982-10-21;2.56;6.74;10.92;0.0;2.16;1.87;83.28
1982-10-22;9.11;12.67;16.23;14.73;2.173;0.38;92.37
1982-10-23;6.69;10.11;13.53;0.0;9.696;0.58;57.38
1982-10-24;5.94;10.06;14.19;0.0;9.298;2.48;45.35
1982-10-25;7.78;13.21;18.65;0.0;8.739;3.53;44.19
1982-10-26;13.31;17.3;21.3;0.0;9.47;2.49;42.35
1982-10-27;8.12;13.02;17.92;1.8;5.183;4.24;35.49
1982-10-28;4.07;8.66;13.25;0.0;7.69;2.1;41.61
1982-10-29;3.51;7.73;11.95;0.0;9.401;2.08;43.01
1982-10-30;4.39;6.29;8.19;0.0;8.346;1.93;44.87
1982-10-31;4.04;7.15;10.27;13.4;2.519;2.89;82.95
1982-11-01;2.48;5.19;7.9;17.39;6.178;5.24;73.46
1982-11-02;0.79;1.67;2.54;0.0;4.395;5.33;59.51
1982-11-03;0.32;3.21;6.1;0.0;6.719;3.1;43.28
1982-11-04;0.42;5.97;11.53;1.02;3.604;2.73;79.87
1982-11-05;7.61;11.44;15.26;5.27;2.554;4.2;71.63
1982-11-06;1.38;4.37;7.35;4.62;3.019;3.36;71.87
1982-11-07;-0.05;2.83;5.71;7.28;4.78;3.0;81.99
1982-11-08;7.1;8.09;9.07;0.0;3.404;1.71;74.05
1982-11-09;6.06;9.46;12.87;0.0;6.166;4.18;61.13
1982-11-10;8.72;12.16;15.6;0.0;9.064;3.63;54.62
1982-11-11;9.34;12.31;15.29;0.0;4.448;4.36;58.66
1982-11-12;9.44;12.82;16.21;0.0;8.565;4.18;54.71
1982-11-13;8.03;11.93;15.84;0.0;4.751;3.49;57.94
1982-11-14;6.03;10.78;15.52;0.0;7.037;2.69;60.81
1982-11-15;5.68;9.4;13.12;0.0;7.347;1.08;45.44
1982-11-16;2.89;8.83;14.77;0.0;8.291;2.89;36.76
1982-11-17;3.49;8.95;14.41;0.0;8.777;1.45;48.3
1982-11-18;0.76;5.8;10.85;0.0;7.01;1.99;52.2
1982-11-19;-2.49;1.04;4.58;0.0;6.918;1.39;52.59
1982-11-20;-2.44;1.14;4.71;0.0;5.233;2.17;48.67
1982-11-21;-5.18;-0.86;3.46;0.0;7.062;3.79;40.92
1982-11-22;5.28;6.55;7.83;0.0;2.057;3.92;69.8
1982-11-23;1.27;5.44;9.61;0.0;2.9;2.42;69.75
1982-11-24;1.36;3.98;6.59;0.0;5.34;0.98;51.19
1982-11-25;0.22;4.68;9.13;0.0;5.607;2.58;45.58
1982-11-26;4.52;8.75;12.97;0.0;7.209;4.5;39.28
1982-11-27;9.51;13.35;17.19;0.0;6.109;5.1;45.02
1982-11-28;9.89;12.47;15.05;0.0;3.243;5.75;56.28
1982-11-29;11.16;14.65;18.14;0.0;6.254;4.47;47.1
1982-11-30;10.75;14.9;19.06;0.0;6.775;4.05;44.16
1982-12-01;5.38;10.74;16.1;0.0;3.102;5.89;51.96
1982-12-02;0.22;3.49;6.77;0.0;3.283;2.47;41.76
1982-12-03;0.39;4.69;8.99;0.0;3.15;3.94;45.67
1982-12-04;-0.2;2.88;5.96;12.57;1.253;4.11;72.19
1982-12-05;-0.86;3.86;8.59;0.0;4.392;3.64;56.85
1982-12-06;6.53;8.61;10.68;22.15;0.717;2.11;94.49
1982-12-07;3.99;6.29;8.6;4.75;3.151;0.84;80.79
1982-12-08;-0.68;1.29;3.26;0.0;4.652;1.46;56.95
1982-12-09;-3.87;-1.92;0.03;0.78;3.662;3.37;54.95
1982-12-10;-4.81;-2.84;-0.87;2.06;2.554;0.58;55.04
1982-12-11;-0.51;-0.06;0.39;1.13;5.65;1.09;62.33
1982-12-12;-5.64;-2.84;-0.04;0.0;4.722;3.31;47.21
1982-12-13;-6.13;-3.92;-1.71;0.0;5.162;2.98;41.32
1982-12-14;-6.54;-3.81;-1.07;0.0;5.826;6.29;43.43
1982-12-15;-7.57;-5.24;-2.9;0.0;5.822;6.88;39.98
1982-12-16;-11.66;-8.98;-6.31;0.0;5.399;7.08;31.0
1982-12-17;-6.4;-4.63;-2.85;0.0;4.682;6.56;41.74
1982-12-18;-11.39;-7.82;-4.25;0.0;1.633;0.88;85.26
1982-12-19;-7.66;-3.56;0.54;1.12;3.288;1.32;86.65
1982-12-20;-6.22;-2.76;0.69;0.5;3.734;3.07;84.57
1982-12-21;-3.77;-1.19;1.39;0.12;3.508;5.74;81.03
1982-12-22;-4.8;-2.4;-0.01;0.0;3.497;6.97;74.82
1982-12-23;-4.05;-2.95;-1.85;0.0;3.693;6.94;68.51
1982-12-24;-6.13;-3.92;-1.72;0.0;3.868;6.65;71.43
1982-12-25;-9.4;-5.9;-2.4;0.0;3.714;3.83;64.13
1982-12-26;-10.4;-6.29;-2.17;0.82;3.289;1.5;47.83
1982-12-27;-1.48;1.3;4.09;0.5;6.29;3.78;77.43
1982-12-28;0.91;2.6;4.28;0.0;2.944;4.02;82.92
1982-12-29;-0.02;0.57;1.17;0.0;2.097;2.71;59.61
1982-12-30;1.78;3.24;4.7;1.86;4.006;1.82;69.51
1982-12-31;3.37;4.68;5.98;0.0;3.217;3.04;83.07
1983-01-01;3.65;6.23;8.8;4.49;2.303;3.21;91.21
1983-01-02;2.19;6.27;10.35;0.0;5.898;2.72;61.86
1983-01-03;1.48;5.81;10.14;1.94;1.75;1.82;72.17
1983-01-04;1.22;5.03;8.83;0.0;6.377;6.23;49.55
1983-01-05;-3.04;-0.74;1.55;0.0;3.208;5.81;64.31
1983-01-06;-4.24;-1.37;1.5;0.55;3.38;1.28;62.83
1983-01-07;-1.98;0.68;3.34;14.15;2.526;2.81;77.53
1983-01-08;2.73;5.09;7.45;10.17;2.432;3.71;82.87
1983-01-09;2.07;5.71;9.34;0.0;6.926;2.72;54.53
1983-01-10;4.9;6.99;9.07;3.14;4.373;3.31;64.86
1983-01-11;3.24;5.82;8.4;2.89;5.683;5.64;63.66
1983-01-12;2.05;4.02;5.99;10.68;2.488;4.93;75.03
1983-01-13;3.71;3.88;4.06;0.6;3.838;2.79;74.77
1983-01-14;-0.76;1.42;3.61;0.0;2.697;2.31;66.61
1983-01-15;-1.14;2.8;6.74;0.0;3.681;4.36;63.97
1983-01-16;2.16;5.26;8.37;0.0;4.342;3.39;77.84
1983-01-17;5.15;7.83;10.52;0.0;6.347;5.88;63.91
1983-01-18;5.83;7.75;9.68;9.94;2.868;5.39;77.96
1983-01-19;-2.18;1.68;5.53;1.59;3.675;4.12;54.28
1983-01-20;-1.48;0.54;2.56;0.0;4.996;5.29;39.28
1983-01-21;3.02;4.45;5.87;5.8;5.245;7.03;47.96
1983-01-22;5.62;7.2;8.77;0.0;6.994;5.89;54.95
1983-01-23;5.55;9.18;12.81;5.57;4.395;6.22;53.22
1983-01-24;7.83;10.74;13.65;1.45;2.649;5.32;59.6
1983-01-25;3.85;5.47;7.09;0.0;7.228;2.65;58.82
1983-01-26;-5.74;-1.36;3.02;3.16;2.343;2.0;62.57
1983-01-27;-8.23;-4.96;-1.68;0.0;5.824;5.55;40.15
1983-01-28;-8.47;-7.0;-5.53;1.52;8.091;4.46;29.83
1983-01-29;-6.47;-3.8;-1.14;0.0;7.176;2.82;43.79
1983-01-30;-8.37;-4.05;0.27;0.0;10.324;5.38;16.18
1983-01-31;-5.45;-2.58;0.3;0.0;7.791;1.54;39.39
1983-02-01;-5.97;-1.44;3.08;0.0;7.811;1.58;55.98
1983-02-02;-3.67;0.81;5.28;0.0;9.604;3.07;50.72
1983-02-03;0.96;3.74;6.52;0.0;5.393;5.92;58.77
1983-02-04;2.59;5.96;9.33;0.0;7.909;4.97;51.22
1983-02-05;3.31;6.53;9.74;3.17;1.838;6.55;80.92
1983-02-06;1.58;7.43;13.29;5.71;5.72;3.9;51.48
1983-02-07;-4.76;0.56;5.87;0.0;8.399;0.31;43.93
1983-02-08;-3.65;-0.01;3.62;0.0;10.159;2.3;34.69
1983-02-09;-3.66;1.48;6.63;0.0;10.494;2.04;37.19
1983-02-10;-0.53;4.77;10.06;1.18;7.549;2.3;50.28
1983-02-11;1.05;3.79;6.54;0.0;5.147;1.68;73.47
1983-02-12;-5.0;-0.96;3.09;0.0;4.009;2.79;54.46
1983-02-13;-5.97;-2.13;1.7;0.0;9.888;1.77;39.43
1983-02-14;-7.78;-3.81;0.17;0.0;8.846;0.91;61.38
1983-02-15;-4.62;-2.69;-0.75;0.0;8.626;3.88;48.11
1983-02-16;-5.61;-2.31;1.0;0.0;8.675;3.33;45.79
1983-02-17;-5.87;-2.71;0.45;0.0;7.097;0.42;73.79
1983-02-18;-2.21;1.45;5.11;0.0;9.903;1.3;46.95
1983-02-19;-3.39;1.38;6.15;0.0;10.399;1.88;41.54
1983-02-20;-4.4;1.75;7.91;0.0;10.307;0.68;45.86
1983-02-21;-2.62;1.96;6.54;0.0;5.103;2.72;44.9
1983-02-22;-2.74;0.9;4.54;0.0;3.696;2.85;61.9
1983-02-23;1.28;4.3;7.33;2.07;5.117;5.8;45.1
1983-02-24;-0.42;2.62;5.66;0.0;10.805;3.12;36.66
1983-02-25;-1.82;2.55;6.92;0.0;10.733;1.29;43.31
1983-02-26;-1.98;2.61;7.2;0.0;10.067;1.94;34.9
1983-02-27;2.54;6.28;10.01;0.0;6.685;3.81;53.18
1983-02-28;3.85;7.05;10.26;8.67;6.115;3.64;65.34
1983-03-01;2.21;4.5;6.79;1.21;6.208;4.81;48.55
1983-03-02;3.08;6.62;10.16;4.17;7.164;4.92;55.93
1983-03-03;-1.51;1.15;3.82;0.0;12.7;1.66;42.46
1983-03-04;0.01;3.55;7.1;3.43;5.675;3.33;58.11
1983-03-05;4.19;6.97;9.75;4.57;7.15;6.13;61.24
1983-03-06;-5.68;3.0;11.67;15.83;2.987;3.33;61.19
1983-03-07;-4.5;-1.35;1.8;0.0;12.014;1.81;30.37
1983-03-08;-15.81;-9.91;-4.0;0.0;11.121;1.92;48.16
1983-03-09;-13.77;-9.51;-5.25;0.0;12.515;1.55;32.42
1983-03-10;-14.36;-9.95;-5.54;0.0;14.753;0.1;31.8
1983-03-11;-6.2;-0.95;4.31;2.66;10.648;3.48;45.57
1983-03-12;-1.76;1.42;4.6;0.0;12.157;2.83;47.73
1983-03-13;-1.69;4.42;10.54;0.0;12.08;3.31;54.31
1983-03-14;1.53;7.18;12.84;0.0;12.71;3.02;45.75
1983-03-15;0.97;6.0;11.03;0.0;14.846;0.35;37.25
1983-03-16;-1.27;6.66;14.59;0.0;13.518;0.46;33.58
1983-03-17;1.89;10.48;19.07;0.0;15.04;1.17;36.95
1983-03-18;3.28;11.36;19.44;0.0;16.808;1.18;37.79
1983-03-19;4.84;13.36;21.87;0.0;15.595;1.57;29.29
1983-03-20;6.05;13.34;20.63;0.0;18.636;1.19;34.56
1983-03-21;6.44;14.14;21.84;1.48;18.411;0.64;29.51
1983-03-22;6.39;9.78;13.16;0.0;10.355;1.79;62.17
1983-03-23;7.19;13.25;19.3;0.0;18.499;0.98;41.2
1983-03-24;4.22;11.96;19.7;0.0;17.602;3.32;34.24
1983-03-25;8.28;15.52;22.77;10.37;17.321;2.47;32.03
1983-03-26;8.12;14.29;20.47;0.0;11.477;1.06;51.5
1983-03-27;4.21;8.62;13.02;0.0;8.078;1.68;65.65
1983-03-28;4.44;9.43;14.42;0.36;7.068;1.16;57.03
1983-03-29;2.5;7.38;12.25;0.0;9.979;1.2;38.63
1983-03-30;4.23;9.8;15.38;0.0;9.623;1.01;46.78
1983-03-31;6.52;11.13;15.74;0.0;18.015;0.6;39.29
1983-04-01;7.13;9.86;12.59;7.42;8.01;1.47;64.17
1983-04-02;7.65;12.48;17.31;0.0;16.112;2.18;48.06
1983-04-03;8.28;10.57;12.86;3.18;9.132;3.42;66.87
1983-04-04;5.38;9.2;13.02;0.0;8.5;6.68;63.99
1983-04-05;8.62;12.41;16.21;0.0;14.765;8.75;38.8
1983-04-06;5.89;8.18;10.47;19.26;4.831;2.18;79.31
1983-04-07;3.62;7.7;11.77;0.0;15.876;1.69;40.43
1983-04-08;2.63;10.48;18.34;0.0;20.788;2.47;27.47
1983-04-09;8.89;16.53;24.17;0.0;21.355;2.13;33.19
1983-04-10;10.87;17.24;23.61;0.0;18.426;2.4;51.25
1983-04-11;11.34;14.03;16.71;2.31;6.769;1.5;78.58
1983-04-12;11.48;16.17;20.86;0.0;10.009;1.87;58.5
1983-04-13;12.18;16.76;21.34;0.0;16.716;0.77;52.55
1983-04-14;12.74;16.25;19.77;1.53;13.027;2.35;60.56
1983-04-15;11.39;16.29;21.19;1.83;11.227;1.3;50.85
1983-04-16;11.13;16.3;21.48;0.0;17.301;1.36;50.08
1983-04-17;12.33;16.26;20.19;6.22;11.497;0.64;59.08
1983-04-18;11.36;17.02;22.69;0.0;15.581;0.71;48.87
1983-04-19;15.14;21.37;27.6;16.57;11.676;1.4;31.91
1983-04-20;9.79;14.84;19.9;12.27;9.0;0.77;56.26
1983-04-21;15.35;18.07;20.78;0.0;9.128;0.6;68.2
1983-04-22;10.66;15.65;20.64;0.0;12.557;1.01;63.08
1983-04-23;10.29;16.89;23.5;0.0;19.728;1.52;44.5
1983-04-24;12.33;17.59;22.85;5.6;10.902;1.79;50.13
1983-04-25;9.82;12.45;15.08;9.18;4.946;0.83;81.34
1983-04-26;12.67;14.17;15.67;18.79;10.944;1.7;79.51
1983-04-27;13.17;16.12;19.07;0.0;17.114;0.5;59.23
1983-04-28;13.15;17.59;22.02;0.0;17.372;1.7;42.85
1983-04-29;17.61;20.73;23.85;0.0;15.619;3.93;68.6
1983-04-30;13.92;19.28;24.64;0.0;21.66;1.41;54.79
1983-05-01;8.15;14.29;20.43;0.0;23.047;1.91;45.89
1983-05-02;7.63;13.89;20.16;0.0;19.003;1.32;52.98
1983-05-03;12.72;17.61;22.49;0.0;22.75;3.08;51.98
1983-05-04;13.56;19.02;24.48;0.0;22.818;1.51;36.31
1983-05-05;11.98;17.44;22.9;0.0;16.883;0.87;44.23
1983-05-06;13.57;19.25;24.92;19.05;14.038;1.23;52.37
1983-05-07;15.17;19.54;23.9;0.0;23.041;3.67;58.76
1983-05-08;15.12;19.04;22.97;3.56;17.351;2.8;59.6
1983-05-09;10.61;14.52;18.42;0.0;15.419;1.13;58.16
1983-05-10;9.32;13.12;16.91;1.57;18.705;0.57;39.99
1983-05-11;7.38;13.46;19.53;0.0;25.422;1.6;39.39
1983-05-12;8.2;11.35;14.5;7.71;4.728;0.49;77.34
1983-05-13;12.24;15.36;18.49;0.0;15.675;2.09;56.15
1983-05-14;10.3;13.87;17.44;9.68;13.251;3.74;65.22
1983-05-15;13.0;16.89;20.78;0.0;20.245;1.5;65.74
1983-05-16;11.56;17.8;24.04;14.63;8.606;1.12;46.95
1983-05-17;15.32;18.86;22.4;20.58;10.468;2.3;55.25
1983-05-18;10.7;12.13;13.56;13.05;5.641;2.98;87.82
1983-05-19;10.23;11.32;12.4;10.02;5.758;1.02;78.42
1983-05-20;9.88;14.2;18.52;0.0;21.967;2.19;44.17
1983-05-21;12.85;16.52;20.18;0.0;19.017;6.5;55.77
1983-05-22;12.6;18.02;23.44;0.0;19.761;2.93;56.24
1983-05-23;13.22;19.05;24.88;0.0;26.037;1.41;44.36
1983-05-24;12.71;21.12;29.53;0.0;31.8;1.3;35.33
1983-05-25;12.99;17.84;22.7;0.0;21.768;3.66;61.41
1983-05-26;16.31;18.71;21.12;0.0;29.604;3.52;59.21
1983-05-27;14.1;19.45;24.81;0.0;27.801;1.79;50.72
1983-05-28;14.58;19.98;25.39;0.0;25.764;1.3;38.4
1983-05-29;13.75;14.98;16.22;12.98;7.59;2.61;89.03
1983-05-30;16.32;18.7;21.07;4.86;17.447;0.52;79.79
1983-05-31;16.94;20.69;24.44;0.0;21.832;1.15;70.57
1983-06-01;15.7;21.16;26.61;0.0;25.162;0.49;57.91
1983-06-02;16.82;22.39;27.97;0.0;23.622;0.48;51.5
1983-06-03;19.97;24.78;29.59;0.0;25.996;1.1;65.06
1983-06-04;19.53;24.18;28.83;0.0;27.578;1.39;62.83
1983-06-05;19.67;25.01;30.35;0.0;25.49;0.68;59.99
1983-06-06;20.21;24.58;28.94;0.0;30.626;0.5;66.93
1983-06-07;22.41;25.48;28.56;2.25;29.12;0.6;80.5
1983-06-08;20.5;24.21;27.93;12.12;26.764;0.37;67.78
1983-06-09;20.16;23.8;27.43;3.18;24.114;0.8;69.71
1983-06-10;18.99;24.48;29.96;0.0;24.515;0.8;63.83
1983-06-11;18.31;23.59;28.88;4.5;26.819;0.7;50.68
1983-06-12;18.83;23.38;27.93;0.0;26.681;2.0;51.21
1983-06-13;19.17;23.09;27.01;0.0;26.19;1.9;49.73
1983-06-14;18.27;23.06;27.85;0.0;28.918;1.3;50.47
1983-06-15;17.95;22.87;27.79;0.0;26.147;1.51;59.22
1983-06-16;17.82;22.11;26.39;0.0;23.342;1.31;68.27
1983-06-17;16.91;20.08;23.25;0.0;25.008;2.32;59.11
1983-06-18;17.49;19.38;21.27;0.0;14.583;0.49;69.09
1983-06-19;16.99;19.78;22.58;3.95;18.595;2.52;56.31
1983-06-20;16.75;19.34;21.93;0.13;19.111;2.82;47.48
1983-06-21;15.22;19.13;23.04;0.0;10.674;0.91;46.61
1983-06-22;14.31;20.72;27.13;0.0;22.342;0.71;32.45
1983-06-23;15.07;21.69;28.3;0.0;20.117;1.0;36.72
1983-06-24;17.54;21.02;24.51;0.0;22.845;2.11;51.25
1983-06-25;16.44;19.09;21.75;21.23;5.996;3.82;40.44
1983-06-26;14.69;16.85;19.01;3.9;11.714;3.04;62.31
1983-06-27;13.65;17.7;21.74;3.05;11.366;1.28;52.06
1983-06-28;13.87;16.39;18.91;0.0;11.508;2.43;52.22
1983-06-29;14.4;18.68;22.95;0.0;15.981;1.42;45.75
1983-06-30;14.7;19.21;23.72;6.36;8.838;1.34;71.91
1983-07-01;16.9;21.21;25.53;0.0;22.218;1.52;52.29
1983-07-02;16.92;21.37;25.81;0.0;22.397;1.13;48.07
1983-07-03;16.64;20.53;24.42;4.43;19.698;0.72;58.12
1983-07-04;19.7;24.16;28.61;8.97;16.982;1.53;46.96
1983-07-05;23.09;28.89;34.69;3.9;26.084;0.51;39.37
1983-07-06;19.29;27.9;36.51;0.0;26.654;4.43;19.04
1983-07-07;22.94;27.99;33.04;0.0;29.763;5.9;19.9
1983-07-08;20.28;26.53;32.77;2.61;29.621;6.36;13.49
1983-07-09;20.62;26.91;33.19;1.75;29.503;5.58;11.14
1983-07-10;18.93;25.54;32.14;0.0;29.588;4.41;15.14
1983-07-11;20.08;24.27;28.45;0.0;24.778;3.18;36.87
1983-07-12;18.99;23.23;27.46;0.0;26.444;2.4;27.71
1983-07-13;18.81;23.45;28.1;0.0;24.387;1.48;22.05
1983-07-14;19.07;23.43;27.78;4.13;16.309;2.74;24.71
1983-07-15;19.1;23.24;27.38;0.0;23.909;1.4;43.16
1983-07-16;18.11;20.89;23.68;7.75;24.42;3.0;42.94
1983-07-17;18.11;22.84;27.58;0.0;25.645;1.61;26.48
1983-07-18;18.19;23.21;28.24;0.0;12.112;1.83;23.6
1983-07-19;17.92;23.41;28.89;6.33;20.833;1.99;33.58
1983-07-20;18.08;22.37;26.66;0.0;21.262;1.63;46.91
1983-07-21;17.65;22.98;28.31;0.0;24.499;1.1;32.46
1983-07-22;20.78;24.96;29.15;2.68;25.249;1.01;31.71
1983-07-23;15.53;16.94;18.35;14.56;6.178;3.43;84.61
1983-07-24;16.89;20.56;24.24;0.0;25.478;1.05;36.51
1983-07-25;17.61;20.88;24.15;3.71;17.756;0.77;45.86
1983-07-26;16.72;20.66;24.6;0.0;23.52;2.58;39.37
1983-07-27;16.58;19.02;21.45;9.23;15.879;1.42;49.06
1983-07-28;18.06;21.99;25.92;0.0;8.869;0.81;41.41
1983-07-29;16.47;21.1;25.73;0.68;11.805;0.87;39.36
1983-07-30;16.4;19.41;22.41;13.26;11.654;1.68;49.47
1983-07-31;18.2;21.98;25.76;4.04;15.525;2.76;49.38
1983-08-01;22.04;24.87;27.7;0.0;22.913;1.68;57.98
1983-08-02;17.76;22.69;27.62;0.0;22.067;3.17;49.9
1983-08-03;18.85;22.64;26.43;0.0;18.282;1.47;44.42
1983-08-04;19.31;23.12;26.93;0.0;21.391;1.47;49.77
1983-08-05;17.93;23.21;28.49;0.0;20.882;1.37;44.3
1983-08-06;18.96;24.42;29.88;0.0;22.144;2.18;28.47
1983-08-07;18.44;24.45;30.45;0.0;22.823;3.65;23.22
1983-08-08;18.37;24.88;31.4;0.0;22.929;3.67;18.13
1983-08-09;19.0;24.56;30.13;0.0;22.51;2.31;21.23
1983-08-10;18.18;24.25;30.32;0.0;23.399;4.3;23.22
1983-08-11;21.43;26.5;31.57;0.0;21.97;2.41;19.07
1983-08-12;20.23;24.44;28.65;0.0;22.17;2.21;42.16
1983-08-13;19.43;23.78;28.13;0.0;22.413;3.19;25.35
1983-08-14;18.48;23.21;27.94;0.0;22.131;2.9;23.95
1983-08-15;17.14;22.5;27.86;0.0;23.4;2.7;17.18
1983-08-16;17.14;22.54;27.94;0.0;23.837;4.02;16.02
1983-08-17;17.13;22.65;28.17;0.0;22.791;2.9;18.85
1983-08-18;15.55;22.19;28.83;0.0;21.559;1.63;19.6
1983-08-19;18.68;24.27;29.87;0.0;19.594;2.51;30.14
1983-08-20;18.79;24.3;29.81;0.0;23.066;2.02;15.21
1983-08-21;16.57;23.88;31.19;0.0;20.93;2.56;20.95
1983-08-22;17.54;22.63;27.71;0.65;22.861;4.5;20.02
1983-08-23;16.24;22.11;27.99;0.0;23.661;4.93;23.05
1983-08-24;17.21;22.5;27.78;0.53;24.231;4.93;23.13
1983-08-25;17.02;23.23;29.44;0.0;22.075;3.59;18.03
1983-08-26;18.15;23.45;28.74;0.0;20.336;2.53;22.06
1983-08-27;16.5;22.02;27.53;0.0;19.888;1.39;23.64
1983-08-28;17.72;22.32;26.92;1.7;18.535;2.33;28.08
1983-08-29;16.74;21.43;26.13;0.0;19.894;2.91;21.36
1983-08-30;17.21;21.62;26.03;2.3;21.98;2.45;17.27
1983-08-31;17.12;17.55;17.99;21.25;5.808;2.58;69.6
1983-09-01;17.83;20.19;22.55;0.0;13.086;0.56;51.25
1983-09-02;15.69;18.58;21.47;0.0;11.751;0.54;37.36
1983-09-03;14.91;20.23;25.55;0.0;18.88;0.69;27.95
1983-09-04;17.38;22.96;28.54;0.0;20.53;1.5;25.06
1983-09-05;17.1;21.16;25.23;0.0;18.42;3.38;20.97
1983-09-06;13.75;18.13;22.52;0.0;18.992;2.21;21.05
1983-09-07;14.27;20.17;26.08;0.0;19.296;1.21;21.38
1983-09-08;14.16;18.69;23.21;14.32;12.395;2.98;45.77
1983-09-09;12.18;16.49;20.81;0.0;10.728;3.52;48.09
1983-09-10;13.23;17.96;22.69;0.0;17.843;1.5;23.35
1983-09-11;12.79;18.98;25.16;0.0;18.21;0.5;27.93
1983-09-12;13.62;21.29;28.97;0.0;18.228;0.81;22.32
1983-09-13;15.54;25.27;34.99;0.0;17.064;0.72;16.43
1983-09-14;16.52;22.88;29.25;0.0;16.109;2.3;32.26
1983-09-15;18.37;22.41;26.46;0.0;15.701;1.34;37.36
1983-09-16;16.66;21.12;25.57;0.0;11.089;2.6;43.07
1983-09-17;11.06;14.3;17.54;0.0;16.127;3.07;36.81
1983-09-18;10.3;14.55;18.8;0.0;17.799;1.79;24.11
1983-09-19;7.93;12.59;17.25;0.0;18.23;2.2;24.62
1983-09-20;8.23;12.9;17.57;0.0;19.159;2.67;22.97
1983-09-21;10.62;14.11;17.59;0.0;7.719;4.24;29.96
1983-09-22;14.58;15.58;16.58;0.0;5.492;2.36;34.29
1983-09-23;13.01;15.5;18.0;3.4;5.257;1.79;41.27
1983-09-24;10.53;11.56;12.59;6.55;3.422;2.57;78.98
1983-09-25;3.29;7.21;11.14;0.0;19.596;5.19;18.53
1983-09-26;3.16;7.44;11.71;0.0;18.835;4.89;16.13
1983-09-27;3.2;10.81;18.42;0.0;17.261;4.7;23.05
1983-09-28;12.67;16.78;20.89;4.78;6.665;1.9;41.1
1983-09-29;11.19;14.65;18.11;15.62;2.383;2.99;80.97
1983-09-30;13.55;15.52;17.48;7.01;5.795;1.6;66.72
1983-10-01;12.88;15.8;18.72;0.0;9.405;1.9;53.3
1983-10-02;5.71;8.98;12.26;5.78;15.199;3.95;53.25
1983-10-03;5.92;9.96;14.01;0.0;14.107;3.38;35.72
1983-10-04;7.5;11.07;14.64;7.17;8.548;2.57;46.62
1983-10-05;6.42;10.56;14.7;0.0;11.69;1.6;36.92
1983-10-06;3.2;7.99;12.78;0.0;9.734;2.85;33.69
1983-10-07;6.12;8.49;10.86;14.22;2.325;2.86;56.11
1983-10-08;5.77;6.96;8.16;13.92;6.058;3.64;63.92
1983-10-09;11.7;12.95;14.2;5.42;5.198;1.88;72.42
1983-10-10;12.03;13.79;15.56;14.24;6.398;3.33;76.57
1983-10-11;9.26;10.12;10.97;3.42;8.418;5.8;66.91
1983-10-12;9.78;11.46;13.15;0.0;5.497;3.88;46.15
1983-10-13;11.32;12.28;13.23;11.49;3.355;5.0;77.31
1983-10-14;12.84;14.76;16.67;6.25;4.58;2.68;74.05
1983-10-15;10.95;16.21;21.48;3.34;11.286;4.39;47.45
1983-10-16;7.41;9.33;11.25;0.0;5.219;6.46;44.61
1983-10-17;7.2;8.39;9.59;4.39;6.552;4.59;43.45
1983-10-18;6.9;9.04;11.19;3.21;7.761;8.65;60.71
1983-10-19;2.54;5.47;8.41;0.0;3.669;7.37;54.24
1983-10-20;1.71;4.0;6.29;0.0;8.182;1.51;51.96
1983-10-21;3.88;7.9;11.92;4.95;2.885;3.72;83.62
1983-10-22;12.65;15.5;18.34;0.0;8.014;4.8;66.62
1983-10-23;12.81;16.46;20.12;0.0;8.812;3.2;48.38
1983-10-24;13.76;15.98;18.2;7.94;4.719;0.52;49.78
1983-10-25;10.47;11.98;13.5;8.55;1.872;0.59;84.78
1983-10-26;8.86;14.33;19.8;0.0;11.237;4.92;33.83
1983-10-27;12.75;16.28;19.81;0.0;8.86;2.68;39.38
1983-10-28;8.73;11.85;14.97;0.0;8.124;3.1;51.52
1983-10-29;-1.37;2.57;6.52;0.0;9.196;7.61;46.3
1983-10-30;-4.25;0.12;4.48;0.0;8.237;5.41;35.24
1983-10-31;-2.89;1.62;6.13;1.32;8.545;2.68;42.22
1983-11-01;-1.48;2.83;7.15;0.0;6.213;2.97;45.63
1983-11-02;1.6;5.5;9.41;0.0;8.074;2.29;49.21
1983-11-03;0.82;7.37;13.91;0.0;9.229;4.74;42.17
1983-11-04;6.81;9.22;11.64;0.0;4.561;4.65;52.26
1983-11-05;6.56;11.06;15.56;8.31;4.965;5.15;56.47
1983-11-06;2.09;4.37;6.65;0.0;6.547;8.58;48.75
1983-11-07;-1.35;-0.7;-0.05;1.92;2.601;6.51;52.64
1983-11-08;3.14;4.82;6.49;0.0;8.881;4.96;40.66
1983-11-09;4.53;8.46;12.38;5.2;3.387;6.94;72.8
1983-11-10;1.55;6.31;11.07;0.0;6.21;6.12;76.75
1983-11-11;8.27;9.9;11.54;12.06;1.586;6.97;85.09
1983-11-12;8.37;10.79;13.22;17.47;2.318;10.47;90.15
1983-11-13;5.6;7.8;10.0;8.24;3.129;2.49;83.33
1983-11-14;4.5;8.0;11.49;0.0;6.569;4.49;58.26
1983-11-15;6.12;8.15;10.19;0.0;5.628;2.64;63.09
1983-11-16;2.16;4.05;5.94;8.83;6.879;2.78;51.28
1983-11-17;-3.08;-0.47;2.15;0.07;2.83;3.79;64.97
1983-11-18;-2.96;-0.55;1.85;0.0;7.123;3.79;41.92
1983-11-19;-5.53;0.06;5.65;0.0;7.987;4.11;47.26
1983-11-20;4.4;6.83;9.26;0.25;6.61;2.19;73.29
1983-11-21;2.94;5.85;8.76;0.0;4.131;3.29;69.02
1983-11-22;5.78;9.47;13.17;2.96;4.595;3.7;58.27
1983-11-23;0.83;4.21;7.59;0.0;5.166;6.02;51.94
1983-11-24;2.3;5.55;8.8;0.0;3.853;3.29;63.1
1983-11-25;-2.32;0.21;2.73;13.88;0.918;6.9;40.98
1983-11-26;0.06;1.09;2.12;0.0;4.023;3.79;44.38
1983-11-27;0.43;1.36;2.29;0.0;4.734;1.81;61.67
1983-11-28;-1.0;0.6;2.21;0.0;4.723;1.08;69.69
1983-11-29;-3.65;-1.69;0.26;0.88;3.706;2.32;62.68
1983-11-30;-6.4;-3.74;-1.07;6.07;4.717;5.68;59.89
1983-12-01;-12.77;-9.21;-5.66;1.62;0.512;4.97;73.93
1983-12-02;-10.74;-6.11;-1.48;0.0;6.613;4.69;55.35
1983-12-03;-9.95;-6.25;-2.55;0.0;7.796;8.29;38.95
1983-12-04;-12.5;-11.59;-10.67;4.5;2.811;9.3;13.4
1983-12-05;-11.39;-9.19;-6.98;0.0;5.352;8.04;36.99
1983-12-06;-12.0;-8.7;-5.39;0.0;5.47;5.19;45.48
1983-12-07;-11.63;-6.8;-1.97;0.0;6.882;3.49;52.04
1983-12-08;-8.96;-4.01;0.95;0.0;7.292;4.57;37.16
1983-12-09;-9.13;-6.36;-3.58;0.39;0.2;2.02;66.63
1983-12-10;-3.56;-0.32;2.91;0.0;5.399;3.09;90.48
1983-12-11;-0.47;0.85;2.17;4.0;1.448;2.31;90.91
1983-12-12;0.46;2.67;4.89;4.44;1.325;4.43;90.96
1983-12-13;-0.03;3.01;6.05;3.86;4.911;4.71;85.27
1983-12-14;-0.32;3.4;7.13;7.22;1.716;2.23;85.28
1983-12-15;-0.05;3.63;7.31;8.96;1.4;2.51;80.99
1983-12-16;5.92;7.53;9.14;17.0;0.391;3.81;77.99
1983-12-17;2.6;5.89;9.18;7.01;1.913;3.07;61.63
1983-12-18;-3.35;-0.6;2.15;0.0;5.826;7.22;51.78
1983-12-19;1.22;3.57;5.92;4.96;3.286;3.0;52.86
1983-12-20;3.26;6.38;9.5;9.66;2.626;5.33;77.17
1983-12-21;-4.47;-2.56;-0.65;0.0;3.971;6.81;44.34
1983-12-22;-3.57;-2.76;-1.95;0.0;3.929;2.71;57.83
1983-12-23;-5.36;-2.93;-0.49;0.0;4.034;2.81;40.16
1983-12-24;-8.33;-6.42;-4.51;0.0;4.958;2.64;49.41
1983-12-25;-9.3;-6.39;-3.48;1.44;3.959;1.62;39.32
1983-12-26;-13.76;-8.65;-3.55;0.0;4.091;1.61;66.85
1983-12-27;-1.94;1.18;4.29;3.03;3.388;2.61;81.14
1983-12-28;-1.9;0.83;3.57;0.0;4.91;3.48;77.46
1983-12-29;-0.26;0.45;1.17;8.14;2.098;3.78;72.02
1983-12-30;-2.68;-0.74;1.2;0.82;3.933;5.69;76.29
1983-12-31;-2.82;-0.4;2.03;1.73;1.656;4.33;77.22
1984-01-01;-1.53;0.35;2.22;0.32;2.524;3.18;79.28
1984-01-02;-1.93;1.77;5.47;1.06;3.008;4.81;76.74
1984-01-03;0.84;2.46;4.08;13.0;3.015;3.24;82.2
1984-01-04;-5.09;-1.81;1.47;0.3;3.776;5.51;38.24
1984-01-05;-4.78;-2.0;0.78;0.0;4.265;1.0;35.99
1984-01-06;-5.05;-1.5;2.04;0.52;4.882;0.75;52.96
1984-01-07;-5.82;-1.31;3.21;0.0;4.751;1.02;71.36
1984-01-08;-2.1;0.96;4.02;0.0;5.392;4.02;74.01
1984-01-09;-4.74;-0.63;3.48;0.0;4.685;4.03;55.75
1984-01-10;-5.3;-3.35;-1.41;1.22;5.391;1.2;57.13
1984-01-11;-5.72;-3.03;-0.35;0.7;5.452;1.0;62.9
1984-01-12;-5.66;-2.0;1.66;2.42;5.197;0.89;63.96
1984-01-13;-2.79;-0.52;1.76;2.82;3.534;0.34;72.73
1984-01-14;0.85;2.37;3.89;4.13;2.068;0.74;86.81
1984-01-15;0.23;2.98;5.73;0.0;3.419;1.09;70.27
1984-01-16;1.98;5.18;8.38;0.0;6.215;3.86;56.82
1984-01-17;2.92;5.58;8.24;1.38;4.954;4.3;64.44
1984-01-18;3.17;5.6;8.03;0.31;2.949;2.9;88.43
1984-01-19;3.18;5.24;7.3;2.25;2.41;3.71;86.92
1984-01-20;4.39;7.71;11.02;0.0;5.03;3.21;71.68
1984-01-21;5.14;8.41;11.68;0.0;7.913;5.45;46.19
1984-01-22;5.25;8.01;10.77;0.0;8.576;6.11;58.48
1984-01-23;5.21;6.23;7.25;3.48;2.664;4.19;83.26
1984-01-24;5.59;9.14;12.69;1.2;4.519;3.28;56.88
1984-01-25;3.25;8.25;13.24;0.0;4.609;4.91;50.74
1984-01-26;2.65;6.09;9.53;0.0;8.139;3.57;56.4
1984-01-27;3.0;4.55;6.11;0.0;4.526;1.95;76.43
1984-01-28;1.93;3.81;5.69;0.0;3.791;0.2;67.85
1984-01-29;3.36;5.58;7.81;0.0;3.659;0.8;77.24
1984-01-30;5.08;6.21;7.33;0.0;5.66;1.98;75.66
1984-01-31;3.21;6.95;10.69;0.0;8.713;1.24;60.79
1984-02-01;2.52;5.38;8.25;0.0;9.507;1.28;58.95
1984-02-02;1.94;7.17;12.4;0.0;9.928;2.83;41.74
1984-02-03;4.39;9.86;15.32;1.08;6.191;3.06;31.31
1984-02-04;4.78;8.74;12.7;1.18;2.626;4.49;64.05
1984-02-05;6.08;8.96;11.84;2.07;3.472;1.11;71.61
1984-02-06;3.09;7.17;11.26;0.0;4.447;4.2;69.94
1984-02-07;2.92;6.58;10.24;0.0;8.553;3.7;41.99
1984-02-08;-0.48;5.29;11.05;0.0;9.056;1.45;45.77
1984-02-09;0.91;5.29;9.67;0.0;8.96;1.5;51.79
1984-02-10;2.08;8.22;14.36;0.0;10.862;1.25;53.14
1984-02-11;1.56;5.03;8.49;0.0;6.99;1.68;69.97
1984-02-12;1.67;8.08;14.49;0.0;11.058;1.18;53.58
1984-02-13;2.18;8.63;15.08;0.0;11.285;1.6;42.83
1984-02-14;1.61;5.2;8.79;0.0;7.049;0.35;54.78
1984-02-15;-0.41;3.06;6.53;0.0;4.736;0.47;60.61
1984-02-16;-0.6;4.5;9.59;0.0;9.298;0.44;46.89
1984-02-17;-0.97;3.76;8.48;0.0;10.04;0.74;51.77
1984-02-18;-0.14;3.62;7.37;0.86;6.496;1.89;58.24
1984-02-19;-0.14;5.23;10.61;5.32;3.037;3.59;53.51
1984-02-20;0.59;3.03;5.47;0.0;5.924;3.75;56.18
1984-02-21;-4.39;-1.81;0.77;8.56;4.278;1.7;68.68
1984-02-22;-12.56;-7.36;-2.15;0.0;10.734;4.85;29.77
1984-02-23;-11.4;-8.69;-5.98;0.0;10.91;2.72;20.74
1984-02-24;-12.02;-5.4;1.21;0.0;11.142;4.85;25.81
1984-02-25;-0.42;2.68;5.78;7.7;2.198;8.63;64.38
1984-02-26;3.66;7.03;10.39;0.0;4.493;4.38;58.2
1984-02-27;-2.28;3.58;9.45;0.0;7.099;5.31;37.79
1984-02-28;-0.84;4.48;9.8;0.0;11.187;2.87;26.78
1984-02-29;0.0;0.0;0.0;0.0;0.0;0.0;0.0
1984-03-01;6.08;11.11;16.13;0.0;12.012;5.29;41.48
1984-03-02;6.73;12.12;17.5;0.0;10.211;5.45;29.51
1984-03-03;1.62;9.83;18.04;0.0;9.025;4.95;33.7
1984-03-04;0.85;5.48;10.12;0.0;4.968;1.65;48.83
1984-03-05;-2.22;0.72;3.66;2.45;9.043;4.37;50.39
1984-03-06;-3.32;-1.08;1.15;0.0;7.811;7.04;43.97
1984-03-07;-1.64;-1.22;-0.8;0.0;8.105;3.12;32.79
1984-03-08;-1.58;-0.01;1.57;6.74;5.587;2.83;64.67
1984-03-09;-1.64;0.9;3.44;6.92;5.69;3.32;66.34
1984-03-10;0.74;4.08;7.41;0.0;7.099;3.22;56.52
1984-03-11;-0.2;3.5;7.21;1.97;6.333;2.44;78.88
1984-03-12;3.14;5.57;8.0;9.49;4.857;3.44;84.83
1984-03-13;4.95;9.22;13.5;0.0;12.995;4.14;54.96
1984-03-14;5.48;10.5;15.53;0.0;14.767;6.53;50.38
1984-03-15;1.31;6.65;11.99;1.98;8.509;6.62;46.9
1984-03-16;0.89;6.07;11.24;0.0;15.498;4.28;38.46
1984-03-17;4.31;9.44;14.56;0.0;10.237;3.62;49.09
1984-03-18;7.18;12.07;16.97;0.0;17.25;3.27;30.78
1984-03-19;8.08;13.39;18.69;0.0;17.26;4.47;24.13
1984-03-20;7.37;13.82;20.27;0.0;18.846;1.51;40.72
1984-03-21;6.74;13.5;20.26;0.0;19.58;1.53;39.17
1984-03-22;7.36;11.39;15.43;0.0;6.424;3.46;45.41
1984-03-23;6.35;11.64;16.93;0.0;18.77;2.11;34.18
1984-03-24;4.5;11.82;19.14;0.0;12.41;4.49;24.61
1984-03-25;1.61;6.08;10.56;0.0;10.005;3.65;45.93
1984-03-26;1.88;6.68;11.48;0.77;17.312;3.31;30.48
1984-03-27;1.48;8.38;15.28;0.0;12.194;3.55;35.84
1984-03-28;8.24;14.33;20.42;0.0;19.528;3.18;27.23
1984-03-29;7.87;14.01;20.15;3.84;17.341;3.47;49.37
1984-03-30;5.61;10.45;15.29;0.0;17.244;2.18;34.53
1984-03-31;8.65;15.8;22.96;0.0;17.285;3.07;26.9
1984-04-01;12.3;19.16;26.01;8.07;18.435;3.61;23.12
1984-04-02;8.7;14.96;21.21;0.0;13.037;3.44;53.09
1984-04-03;8.01;12.91;17.8;0.0;16.75;2.75;51.58
1984-04-04;10.69;14.11;17.53;0.0;18.592;1.98;50.49
1984-04-05;10.22;15.6;20.98;0.0;18.863;4.04;32.97
1984-04-06;8.13;11.63;15.12;1.78;12.157;5.02;53.88
1984-04-07;5.16;7.65;10.14;0.0;8.9;3.77;45.21
1984-04-08;3.15;6.2;9.25;1.05;10.304;2.87;55.41
1984-04-09;2.27;5.25;8.23;0.0;9.045;1.98;51.26
1984-04-10;0.19;6.25;12.32;0.0;13.128;3.97;47.51
1984-04-11;3.56;9.52;15.47;0.0;9.744;2.63;48.4
1984-04-12;3.1;11.43;19.76;0.0;20.187;2.95;33.89
1984-04-13;9.2;15.5;21.81;1.84;21.744;2.77;41.24
1984-04-14;11.5;15.18;18.86;0.0;8.312;3.3;59.2
1984-04-15;12.76;17.5;22.24;0.0;15.221;6.88;46.86
1984-04-16;11.48;17.56;23.65;0.71;5.18;4.28;43.54
1984-04-17;3.72;9.13;14.53;0.0;11.929;2.76;54.67
1984-04-18;2.15;7.73;13.3;0.0;24.915;3.04;25.91
1984-04-19;0.73;9.5;18.27;0.0;20.687;3.48;18.1
1984-04-20;10.15;15.0;19.86;2.09;9.84;3.15;42.79
1984-04-21;10.12;14.41;18.7;0.0;11.096;2.89;55.44
1984-04-22;9.09;12.21;15.34;3.58;5.233;2.78;63.41
1984-04-23;9.56;11.49;13.42;5.06;6.898;1.6;72.26
1984-04-24;2.81;8.9;15.0;0.0;27.581;3.09;33.55
1984-04-25;3.44;9.79;16.15;0.0;25.251;2.07;32.84
1984-04-26;7.92;10.29;12.66;6.3;8.773;1.98;75.21
1984-04-27;8.95;14.0;19.05;0.0;17.221;1.89;49.1
1984-04-28;6.54;12.9;19.26;0.0;26.045;1.9;28.54
1984-04-29;7.51;11.82;16.14;0.0;8.808;1.6;58.63
1984-04-30;8.14;9.96;11.79;7.92;3.947;1.2;81.66
1984-05-01;9.09;13.6;18.1;0.0;19.379;0.92;49.42
1984-05-02;8.14;13.29;18.43;0.0;13.34;3.66;39.71
1984-05-03;12.74;18.8;24.86;0.0;22.85;3.24;36.51
1984-05-04;12.76;19.04;25.33;0.0;27.27;3.07;35.58
1984-05-05;12.74;18.48;24.21;0.0;25.049;2.29;47.16
1984-05-06;6.74;12.59;18.43;0.0;20.904;3.4;31.19
1984-05-07;2.9;8.24;13.59;0.0;26.616;2.29;18.5
1984-05-08;3.1;11.5;19.9;0.0;25.357;1.13;15.41
1984-05-09;5.13;14.63;24.14;0.0;26.818;1.95;16.27
1984-05-10;9.34;15.13;20.93;0.0;14.171;0.75;36.53
1984-05-11;16.19;19.23;22.27;6.63;10.757;1.41;66.42
1984-05-12;12.79;16.68;20.58;0.0;15.633;1.69;64.57
1984-05-13;11.11;15.59;20.08;0.26;17.817;1.69;39.39
1984-05-14;13.6;18.94;24.28;0.0;21.171;2.78;32.35
1984-05-15;17.1;22.21;27.33;0.0;22.568;2.62;30.41
1984-05-16;14.54;20.59;26.65;0.0;23.443;1.59;31.45
1984-05-17;14.6;21.54;28.47;0.0;23.706;1.41;31.24
1984-05-18;17.55;23.56;29.58;0.0;24.211;3.49;31.07
1984-05-19;13.13;18.83;24.53;0.0;29.743;4.74;38.14
1984-05-20;12.83;18.32;23.81;0.0;25.893;2.1;35.35
1984-05-21;13.37;19.52;25.68;0.0;28.931;1.7;31.16
1984-05-22;15.14;20.69;26.24;0.0;29.41;1.32;33.13
1984-05-23;14.48;20.65;26.82;0.0;23.541;0.7;30.51
1984-05-24;14.62;21.22;27.83;0.0;21.685;1.0;30.61
1984-05-25;17.31;22.2;27.08;0.0;24.332;1.98;41.06
1984-05-26;15.17;20.98;26.78;0.0;26.718;1.59;32.06
1984-05-27;13.84;20.8;27.77;0.0;28.174;2.36;26.42
1984-05-28;16.64;21.83;27.02;7.95;21.789;1.98;38.05
1984-05-29;17.15;20.8;24.46;12.12;15.523;0.8;67.2
1984-05-30;16.74;20.84;24.93;0.0;24.462;1.58;44.12
1984-05-31;14.67;21.38;28.08;0.0;31.089;1.5;29.71
1984-06-01;18.22;22.5;26.78;0.0;19.539;0.94;43.67
1984-06-02;17.73;23.21;28.69;0.0;23.952;0.91;26.67
1984-06-03;17.29;23.61;29.92;2.34;30.099;0.7;31.73
1984-06-04;19.89;23.61;27.32;2.09;20.769;0.7;68.84
1984-06-05;18.55;23.48;28.41;0.0;23.367;0.7;56.54
1984-06-06;17.31;23.23;29.14;0.0;26.08;0.6;38.19
1984-06-07;17.57;23.02;28.46;1.36;15.496;1.79;32.66
1984-06-08;17.59;22.19;26.79;0.0;26.743;2.81;34.51
1984-06-09;17.58;23.25;28.93;0.0;29.036;1.04;33.5
1984-06-10;17.29;21.95;26.62;2.89;9.266;2.92;35.0
1984-06-11;16.0;20.46;24.93;6.29;15.473;4.06;40.38
1984-06-12;16.04;20.13;24.23;0.0;13.641;3.92;36.43
1984-06-13;15.85;20.72;25.59;5.64;17.83;3.93;31.73
1984-06-14;16.68;20.29;23.9;1.25;21.643;1.97;43.39
1984-06-15;14.72;19.98;25.25;0.0;25.05;1.75;24.57
1984-06-16;15.49;21.14;26.8;0.0;21.655;2.09;24.07
1984-06-17;16.3;21.52;26.75;0.0;27.702;1.91;29.06
1984-06-18;13.3;20.52;27.73;5.63;20.764;3.7;24.79
1984-06-19;14.8;19.65;24.5;1.52;23.439;3.82;34.39
1984-06-20;15.96;21.86;27.75;0.0;29.965;1.51;24.35
1984-06-21;17.2;23.68;30.16;0.0;29.121;2.65;20.06
1984-06-22;16.55;25.23;33.9;0.22;31.714;2.21;18.79
1984-06-23;16.97;24.25;31.54;0.0;29.05;2.53;25.74
1984-06-24;17.46;23.59;29.72;0.0;30.972;2.53;29.91
1984-06-25;16.68;20.7;24.72;5.21;8.542;3.89;44.11
1984-06-26;17.76;21.12;24.47;10.6;19.982;2.43;50.06
1984-06-27;12.99;17.96;22.93;7.07;9.049;4.66;34.24
1984-06-28;13.72;19.96;26.21;0.0;27.272;3.91;31.26
1984-06-29;15.9;19.39;22.87;0.0;15.733;3.35;40.94
1984-06-30;15.92;20.32;24.71;0.0;20.811;2.43;33.83
1984-07-01;18.08;22.09;26.1;0.0;23.707;2.63;41.08
1984-07-02;16.2;20.66;25.13;0.0;22.385;3.03;48.9
1984-07-03;16.78;21.52;26.26;0.0;27.056;1.33;30.71
1984-07-04;16.46;22.73;29.01;0.0;25.86;2.33;23.79
1984-07-05;15.67;19.57;23.47;4.33;18.121;3.92;35.93
1984-07-06;16.81;20.53;24.25;0.0;24.418;1.16;30.7
1984-07-07;16.82;23.09;29.37;0.0;27.903;1.7;22.01
1984-07-08;22.67;26.71;30.75;0.0;29.413;0.58;18.65
1984-07-09;18.76;23.68;28.6;0.0;20.168;3.12;32.73
1984-07-10;16.36;19.04;21.71;5.62;9.842;4.69;58.76
1984-07-11;14.02;15.8;17.58;14.16;9.356;4.33;71.32
1984-07-12;13.53;15.82;18.12;7.11;8.669;3.7;76.98
1984-07-13;14.82;17.05;19.29;5.57;8.327;1.8;67.35
1984-07-14;16.12;21.17;26.22;0.0;22.05;2.5;49.51
1984-07-15;20.38;23.85;27.33;5.49;20.822;2.78;62.27
1984-07-16;20.34;24.37;28.4;3.81;25.677;1.39;65.93
1984-07-17;20.6;25.12;29.63;0.0;23.421;0.4;69.03
1984-07-18;21.6;25.94;30.28;0.0;22.964;0.53;59.28
1984-07-19;22.93;26.42;29.91;11.69;24.49;2.18;36.51
1984-07-20;21.11;23.96;26.81;20.43;15.972;1.88;34.67
1984-07-21;21.28;25.55;29.81;0.51;20.154;1.01;61.72
1984-07-22;20.22;25.7;31.17;0.0;24.371;0.81;42.17
1984-07-23;20.66;26.23;31.81;0.0;23.71;0.51;29.5
1984-07-24;21.36;27.11;32.85;0.0;22.603;1.19;29.2
1984-07-25;22.68;28.0;33.31;0.0;24.303;1.71;35.83
1984-07-26;24.71;31.66;38.6;0.0;25.959;0.91;17.45
1984-07-27;21.87;28.2;34.54;0.0;28.199;3.17;27.44
1984-07-28;21.77;25.84;29.91;0.0;24.681;2.97;49.45
1984-07-29;20.6;25.91;31.21;0.0;25.525;2.86;23.8
1984-07-30;20.52;25.52;30.53;0.0;25.301;2.08;19.82
1984-07-31;20.24;25.44;30.64;0.0;22.787;1.79;31.59
1984-08-01;21.26;24.73;28.21;0.0;23.998;1.4;42.79
1984-08-02;22.67;26.34;30.0;0.0;4.3;0.2;47.68
1984-08-03;17.98;21.26;24.54;16.12;13.265;1.99;55.31
1984-08-04;17.98;21.32;24.66;0.0;21.614;1.65;54.0
1984-08-05;17.03;20.91;24.78;0.0;22.67;1.99;35.59
1984-08-06;16.25;22.02;27.78;0.0;22.259;2.91;21.1
1984-08-07;18.84;24.64;30.44;0.0;22.364;2.66;20.65
1984-08-08;19.79;25.86;31.93;0.0;23.531;1.71;26.84
1984-08-09;19.0;24.27;29.55;0.0;22.556;3.55;39.79
1984-08-10;18.02;23.27;28.51;0.0;23.598;2.41;23.42
1984-08-11;17.49;24.79;32.09;0.0;23.281;0.58;19.0
1984-08-12;17.15;24.99;32.83;0.0;23.678;0.82;23.16
1984-08-13;18.48;24.21;29.95;0.0;22.265;2.61;41.95
1984-08-14;17.13;23.24;29.36;0.0;21.982;2.9;37.25
1984-08-15;17.43;22.53;27.63;0.0;22.477;2.21;24.23
1984-08-16;17.07;22.93;28.79;0.0;20.62;1.39;23.99
1984-08-17;19.45;26.77;34.1;0.0;20.958;1.02;17.46
1984-08-18;19.78;24.96;30.14;0.0;19.723;3.01;30.88
1984-08-19;17.94;23.4;28.86;0.0;21.972;2.72;18.34
1984-08-20;18.3;25.84;33.39;0.0;22.368;0.87;17.2
1984-08-21;18.14;23.48;28.82;0.0;21.059;3.3;41.91
1984-08-22;17.18;22.28;27.38;0.0;21.74;2.73;17.21
1984-08-23;17.58;22.95;28.31;0.0;21.336;2.62;16.17
1984-08-24;15.88;21.71;27.54;0.0;14.601;2.73;23.15
1984-08-25;16.25;20.98;25.71;0.0;17.934;3.11;27.2
1984-08-26;12.86;18.29;23.71;0.0;19.897;2.62;19.24
1984-08-27;18.17;23.05;27.92;2.89;11.406;4.37;41.55
1984-08-28;17.94;22.45;26.97;10.4;11.597;5.05;37.91
1984-08-29;15.22;18.5;21.77;3.9;18.208;3.44;29.24
1984-08-30;14.62;18.45;22.28;0.0;17.749;2.02;27.28
1984-08-31;13.93;16.3;18.67;4.6;12.668;2.53;42.31
1984-09-01;13.6;18.16;22.73;0.0;19.955;2.02;24.68
1984-09-02;15.77;21.78;27.79;0.0;19.409;1.01;26.93
1984-09-03;16.93;24.61;32.29;0.0;19.98;2.32;18.24
1984-09-04;20.1;27.25;34.39;0.0;18.563;0.55;22.6
1984-09-05;18.22;24.88;31.53;0.0;17.95;2.43;29.67
1984-09-06;12.95;19.41;25.88;0.0;19.9;3.83;28.2
1984-09-07;13.06;17.67;22.28;0.0;19.479;2.14;23.29
1984-09-08;10.87;17.27;23.68;0.0;20.125;2.67;21.23
1984-09-09;12.25;19.52;26.79;0.0;21.904;4.46;17.77
1984-09-10;16.36;24.01;31.66;0.0;17.77;2.6;22.22
1984-09-11;18.77;23.97;29.17;0.0;16.736;1.9;28.08
1984-09-12;19.09;24.52;29.94;0.0;15.783;0.78;24.8
1984-09-13;17.61;24.41;31.22;0.0;15.718;1.8;22.73
1984-09-14;18.63;24.38;30.14;0.0;16.591;3.76;25.46
1984-09-15;17.79;24.26;30.73;0.0;16.356;1.9;24.16
1984-09-16;16.04;24.52;33.01;0.0;15.19;0.61;20.95
1984-09-17;18.03;23.48;28.94;0.0;16.088;1.59;32.37
1984-09-18;17.34;22.07;26.8;0.0;13.881;2.09;43.48
1984-09-19;14.4;19.5;24.61;0.0;15.358;1.49;34.64
1984-09-20;13.91;19.11;24.31;0.0;15.184;1.77;32.31
1984-09-21;13.75;19.73;25.72;0.0;13.118;1.6;36.51
1984-09-22;13.76;19.7;25.64;0.0;15.359;0.81;29.63
1984-09-23;13.93;19.9;25.87;0.0;14.536;2.5;42.65
1984-09-24;12.14;17.38;22.62;0.0;15.286;1.4;33.35
1984-09-25;12.26;18.35;24.44;0.0;15.206;2.1;26.49
1984-09-26;14.6;19.39;24.17;0.0;14.631;1.6;21.99
1984-09-27;14.06;20.21;26.36;0.0;13.418;1.6;30.61
1984-09-28;13.56;20.53;27.5;2.84;12.424;3.35;33.36
1984-09-29;13.86;17.91;21.96;0.0;13.923;2.59;47.06
1984-09-30;11.77;16.16;20.56;0.0;15.757;2.99;34.73
1984-10-01;12.2;16.53;20.86;0.0;13.144;1.9;31.91
1984-10-02;10.59;16.88;23.17;0.0;10.912;2.48;30.25
1984-10-03;9.85;16.75;23.64;0.0;13.341;0.6;23.76
1984-10-04;15.57;21.36;27.15;0.0;14.685;2.86;33.85
1984-10-05;14.92;21.11;27.29;0.0;12.131;1.34;35.45
1984-10-06;13.23;21.02;28.8;0.0;11.694;1.62;26.64
1984-10-07;15.11;19.68;24.25;17.97;9.671;2.93;38.32
1984-10-08;9.91;12.2;14.48;4.41;9.961;3.18;52.49
1984-10-09;7.58;10.48;13.39;0.0;12.348;2.75;40.02
1984-10-10;6.68;10.81;14.94;0.0;12.373;2.66;30.05
1984-10-11;7.54;12.04;16.55;0.0;12.849;1.88;31.96
1984-10-12;11.69;15.55;19.41;6.66;4.596;3.37;65.23
1984-10-13;10.78;16.21;21.64;3.39;9.296;3.63;49.51
1984-10-14;10.15;12.95;15.75;0.0;6.559;1.54;58.72
1984-10-15;12.37;15.98;19.59;1.55;4.368;0.7;74.15
1984-10-16;12.57;17.35;22.13;0.0;9.941;2.07;51.5
1984-10-17;12.33;17.55;22.78;0.0;13.331;1.87;42.56
1984-10-18;8.65;14.37;20.09;0.0;10.792;1.1;45.92
1984-10-19;6.26;11.0;15.73;0.0;11.663;1.28;36.64
1984-10-20;7.56;11.96;16.35;0.0;10.222;1.8;41.94
1984-10-21;5.96;11.94;17.92;0.0;11.241;3.62;32.3
1984-10-22;5.69;12.0;18.3;0.0;11.592;4.3;26.28
1984-10-23;9.22;14.62;20.02;0.0;12.553;1.98;29.44
1984-10-24;4.54;10.62;16.69;0.0;5.129;2.67;46.38
1984-10-25;4.84;8.23;11.63;0.0;9.185;1.79;40.19
1984-10-26;1.6;4.34;7.09;5.88;2.11;1.29;89.44
1984-10-27;7.87;9.25;10.63;7.27;1.628;1.13;87.9
1984-10-28;10.34;14.62;18.89;0.0;5.199;1.81;60.47
1984-10-29;8.09;11.29;14.48;0.0;8.294;1.0;50.36
1984-10-30;7.22;11.31;15.4;0.0;7.798;4.22;40.48
1984-10-31;6.02;10.09;14.15;0.0;7.819;4.9;39.54
1984-11-01;6.25;8.57;10.9;12.01;3.744;1.19;74.59
1984-11-02;8.68;11.12;13.56;0.0;5.511;1.5;64.59
1984-11-03;10.0;11.76;13.52;0.77;4.801;1.23;63.14
1984-11-04;8.04;12.61;17.17;2.36;6.323;1.91;52.63
1984-11-05;2.74;6.96;11.17;2.91;3.009;2.1;69.71
1984-11-06;3.34;6.38;9.42;0.0;8.398;1.4;38.23
1984-11-07;1.35;6.46;11.58;0.0;9.527;2.0;38.34
1984-11-08;2.96;8.6;14.23;0.0;7.879;0.84;39.0
1984-11-09;3.69;8.87;14.04;0.0;9.328;0.97;42.92
1984-11-10;4.33;9.37;14.4;0.0;8.986;1.34;44.1
1984-11-11;3.47;8.5;13.54;0.0;6.303;2.12;50.32
1984-11-12;2.4;5.9;9.39;2.47;3.358;2.1;67.2
1984-11-13;7.32;9.66;11.99;1.3;3.581;2.2;74.66
1984-11-14;2.02;5.29;8.56;2.67;3.02;3.63;62.61
1984-11-15;-1.84;0.17;2.18;0.87;5.382;5.22;26.77
1984-11-16;-5.55;-1.81;1.92;0.0;6.293;4.4;39.03
1984-11-17;-4.92;-1.34;2.24;0.0;8.67;3.7;33.67
1984-11-18;-1.27;5.26;11.79;0.0;8.957;3.07;22.9
1984-11-19;-0.17;6.65;13.46;0.0;5.622;3.29;43.5
1984-11-20;0.54;4.56;8.58;3.43;5.617;6.14;43.27
1984-11-21;1.84;4.84;7.84;0.0;3.161;2.91;62.45
1984-11-22;2.92;6.16;9.4;17.43;2.975;3.0;83.26
1984-11-23;3.15;5.47;7.8;3.5;4.426;3.05;68.55
1984-11-24;2.19;4.32;6.45;0.0;5.35;3.48;46.71
1984-11-25;-0.31;1.81;3.93;7.82;4.005;7.63;50.26
1984-11-26;0.23;2.02;3.81;1.71;4.992;2.9;64.82
1984-11-27;-1.46;0.52;2.51;0.0;5.641;1.91;59.88
1984-11-28;-3.55;-1.28;0.99;0.83;3.908;2.51;64.4
1984-11-29;-1.99;2.13;6.26;1.64;2.711;4.19;58.67
1984-11-30;0.63;4.21;7.79;7.53;6.855;8.89;71.78
1984-12-01;1.39;4.56;7.73;0.0;4.504;5.75;44.03
1984-12-02;1.19;2.99;4.78;3.57;3.334;3.08;52.13
1984-12-03;-1.4;1.58;4.56;19.23;2.579;3.22;72.96
1984-12-04;-3.77;-2.73;-1.69;0.0;4.519;5.47;33.01
1984-12-05;-5.8;-4.78;-3.76;0.0;3.433;1.12;42.57
1984-12-06;-4.48;-2.67;-0.85;4.77;1.325;3.9;42.6
1984-12-07;2.05;3.34;4.63;1.96;6.685;3.07;81.9
1984-12-08;3.91;7.47;11.04;9.18;3.971;3.3;73.64
1984-12-09;3.37;5.83;8.29;0.0;5.364;4.1;65.31
1984-12-10;8.92;12.02;15.11;0.0;6.227;4.78;55.0
1984-12-11;6.27;9.0;11.74;0.29;2.004;3.6;72.19
1984-12-12;6.97;10.14;13.31;0.0;4.537;6.05;48.94
1984-12-13;3.81;4.5;5.2;2.47;2.922;4.58;66.74
1984-12-14;5.59;8.34;11.1;3.95;3.999;3.08;81.04
1984-12-15;13.1;13.36;13.61;2.42;2.11;7.81;65.23
1984-12-16;2.18;7.29;12.39;0.07;3.077;3.97;49.87
1984-12-17;1.71;5.68;9.64;0.0;3.067;3.46;61.7
1984-12-18;-0.61;2.98;6.58;0.0;4.395;4.93;60.27
1984-12-19;0.76;5.06;9.36;12.23;4.73;3.71;70.22
1984-12-20;-3.34;2.79;8.92;0.0;3.15;5.59;36.55
1984-12-21;-1.79;-1.17;-0.54;8.06;2.462;2.11;63.08
1984-12-22;-2.62;-0.14;2.35;0.31;3.037;5.39;77.89
1984-12-23;0.04;1.15;2.26;2.65;2.335;0.8;82.01
1984-12-24;-1.22;0.35;1.92;10.22;1.726;2.44;67.73
1984-12-25;0.98;1.86;2.74;0.6;3.145;3.0;70.1
1984-12-26;1.29;3.11;4.93;11.56;2.818;4.91;63.26
1984-12-27;-1.79;0.57;2.93;0.0;3.618;3.29;67.94
1984-12-28;-7.91;-4.4;-0.88;0.31;2.77;5.32;60.74
1984-12-29;-13.15;-10.49;-7.83;0.0;2.518;3.25;51.92
1984-12-30;-10.78;-3.53;3.71;0.0;6.749;4.67;38.96
1984-12-31;0.9;4.1;7.3;0.0;5.089;2.61;68.17
