iso-date;tmin;tavg;tmax;precip;globrad;wind;relhumid
1980-01-01;5.4;10.13;14.86;0.0;11.228;1.64;16.65
1980-01-02;3.45;9.62;15.79;1.1;10.977;1.89;15.38
1980-01-03;1.24;7.07;12.9;0.0;11.681;2.5;18.56
1980-01-04;0.35;5.67;10.99;0.0;10.819;2.99;23.7
1980-01-05;3.39;6.5;9.62;4.25;3.364;2.96;63.42
1980-01-06;6.32;8.35;10.38;3.37;3.152;1.8;76.51
1980-01-07;6.35;10.04;13.74;0.0;7.817;0.51;51.78
1980-01-08;4.53;9.19;13.84;1.83;11.661;2.98;34.43
1980-01-09;5.07;8.3;11.53;7.88;4.406;1.21;61.76
1980-01-10;5.47;9.21;12.94;3.18;8.213;2.5;45.77
1980-01-11;5.5;8.68;11.86;3.08;7.703;2.53;59.01
1980-01-12;8.99;11.07;13.14;5.5;0.9;2.32;59.74
1980-01-13;9.05;10.23;11.4;13.95;2.928;2.61;79.03
1980-01-14;8.9;10.98;13.06;7.44;5.23;1.91;72.28
1980-01-15;7.87;10.04;12.21;18.42;4.538;1.4;70.43
1980-01-16;6.17;8.88;11.58;34.29;3.369;2.99;78.42
1980-01-17;7.05;9.0;10.95;14.72;3.743;2.61;70.58
1980-01-18;4.88;6.71;8.54;30.86;5.28;3.23;74.41
1980-01-19;5.22;7.42;9.62;18.15;7.04;1.71;59.92
1980-01-20;4.18;7.73;11.28;3.26;8.904;1.01;64.91
1980-01-21;3.12;6.31;9.5;14.71;2.716;1.39;69.52
1980-01-22;2.73;5.82;8.91;0.0;13.525;1.5;46.65
1980-01-23;-0.26;5.15;10.55;0.75;13.712;1.82;26.9
1980-01-24;2.71;5.32;7.93;6.89;2.357;3.52;43.69
1980-01-25;5.55;7.23;8.91;0.67;7.023;1.92;40.42
1980-01-26;5.7;6.55;7.4;34.24;2.906;1.56;71.52
1980-01-27;-0.15;6.28;12.71;14.04;5.23;1.11;57.26
1980-01-28;-1.74;4.74;11.21;0.0;15.805;1.82;21.17
1980-01-29;-2.45;2.21;6.86;0.0;15.142;2.34;17.19
1980-01-30;-2.84;2.07;6.98;0.0;16.143;2.23;14.15
1980-01-31;-3.18;0.91;4.99;0.0;13.823;2.93;19.36
1980-02-01;-4.17;0.72;5.61;1.12;14.207;2.91;19.35
1980-02-02;-4.25;0.08;4.42;1.69;13.9;3.08;19.4
1980-02-03;-3.77;-0.39;2.99;0.0;11.771;3.15;25.97
1980-02-04;-4.9;-1.25;2.4;3.77;8.659;1.34;35.59
1980-02-05;-3.23;2.07;7.37;0.0;14.141;0.5;27.88
1980-02-06;-1.85;4.17;10.18;0.0;15.269;0.91;22.18
1980-02-07;-0.95;5.58;12.1;0.0;15.269;1.52;19.64
1980-02-08;0.01;5.68;11.36;0.0;14.935;2.04;22.91
1980-02-09;0.06;6.2;12.34;0.0;12.924;2.13;24.15
1980-02-10;0.4;5.83;11.27;0.0;15.771;1.85;20.75
1980-02-11;-0.87;5.52;11.9;0.0;15.362;2.15;23.36
1980-02-12;0.0;6.28;12.56;4.84;12.523;2.25;30.83
1980-02-13;5.43;8.77;12.12;8.52;7.584;1.43;63.82
1980-02-14;6.75;10.6;14.45;4.87;8.319;2.61;55.79
1980-02-15;7.95;9.21;10.47;9.7;5.381;1.99;74.2
1980-02-16;3.98;7.43;10.88;0.0;10.987;2.08;50.07
1980-02-17;2.39;8.17;13.95;0.0;15.714;1.22;34.14
1980-02-18;6.3;12.31;18.33;0.0;9.302;0.9;42.78
1980-02-19;6.46;11.77;17.08;0.0;17.258;1.71;42.61
1980-02-20;4.15;10.42;16.69;0.0;14.036;2.87;42.03
1980-02-21;4.5;10.44;16.37;0.0;15.028;2.4;40.1
1980-02-22;6.6;10.52;14.45;2.79;8.662;1.7;57.49
1980-02-23;5.54;9.87;14.2;0.0;11.633;0.9;53.76
1980-02-24;6.62;11.61;16.6;2.21;14.958;0.1;41.6
1980-02-25;7.46;11.12;14.78;1.49;13.702;1.0;58.7
1980-02-26;8.34;11.59;14.84;7.62;8.785;0.7;58.79
1980-02-27;7.92;11.25;14.57;41.96;11.46;1.3;61.74
1980-02-28;4.72;6.98;9.24;7.02;6.43;1.59;74.92
1980-02-29;0.08;5.91;11.74;0.0;9.43;0.7;58.84
1980-03-01;-0.78;6.0;12.78;0.0;18.932;1.4;34.96
1980-03-02;2.17;8.66;15.16;0.0;19.359;0.8;32.62
1980-03-03;4.44;11.33;18.22;0.0;18.974;0.44;33.87
1980-03-04;7.28;13.54;19.79;0.0;12.427;1.85;40.83
1980-03-05;6.67;12.82;18.96;0.0;18.165;1.1;36.0
1980-03-06;7.6;13.36;19.11;0.0;18.463;1.1;43.82
1980-03-07;7.36;12.63;17.89;0.0;18.578;2.24;37.39
1980-03-08;7.33;13.1;18.87;0.0;17.143;1.47;43.71
1980-03-09;7.76;11.05;14.35;3.86;9.619;1.09;60.62
1980-03-10;7.85;12.34;16.83;0.0;12.683;0.6;40.88
1980-03-11;7.62;13.28;18.94;0.0;18.719;1.36;36.18
1980-03-12;7.67;10.74;13.81;3.8;6.877;1.63;52.06
1980-03-13;7.24;12.25;17.25;0.0;8.567;1.09;52.55
1980-03-14;6.09;10.26;14.43;11.3;9.92;0.39;56.68
1980-03-15;4.75;8.54;12.34;16.32;9.908;0.95;56.67
1980-03-16;8.25;9.63;11.0;15.49;5.307;1.9;81.83
1980-03-17;7.05;10.6;14.15;3.86;14.137;1.37;63.45
1980-03-18;7.11;11.14;15.18;1.64;16.031;0.68;52.6
1980-03-19;6.93;9.69;12.45;3.75;12.995;1.37;64.89
1980-03-20;7.11;9.78;12.45;3.59;14.259;1.55;59.41
1980-03-21;7.29;11.01;14.73;2.82;15.371;1.36;56.67
1980-03-22;6.83;11.25;15.66;2.27;14.758;0.7;53.19
1980-03-23;5.88;11.51;17.14;0.0;20.072;1.08;37.19
1980-03-24;3.78;9.26;14.73;2.26;7.659;1.65;53.17
1980-03-25;0.53;7.31;14.1;0.0;24.622;1.38;25.87
1980-03-26;5.39;11.95;18.5;0.0;23.953;1.07;32.03
1980-03-27;5.85;13.57;21.29;0.0;24.722;0.59;28.4
1980-03-28;6.53;13.95;21.36;0.0;25.096;0.78;25.37
1980-03-29;7.93;15.41;22.89;0.0;23.947;1.17;22.84
1980-03-30;8.54;16.3;24.05;0.0;23.489;1.17;22.55
1980-03-31;9.66;17.97;26.28;0.0;22.859;0.79;16.51
1980-04-01;11.87;19.52;27.18;0.0;22.291;0.69;11.81
1980-04-02;11.93;20.69;29.44;0.0;24.171;0.87;9.69
1980-04-03;12.55;20.76;28.96;0.0;23.294;0.79;11.35
1980-04-04;14.18;22.66;31.14;0.0;23.393;0.72;11.62
1980-04-05;14.26;22.07;29.87;0.0;22.231;0.79;11.94
1980-04-06;14.79;22.93;31.08;0.0;18.355;0.5;16.85
1980-04-07;14.74;20.82;26.9;0.0;14.675;0.79;30.34
1980-04-08;13.61;20.26;26.91;0.0;15.004;2.35;28.62
1980-04-09;10.83;14.68;18.52;9.67;19.054;1.49;56.28
1980-04-10;12.25;17.22;22.19;0.0;15.875;0.25;51.24
1980-04-11;9.99;17.43;24.86;0.0;23.309;0.39;29.67
1980-04-12;11.94;17.73;23.51;0.0;15.532;0.98;32.06
1980-04-13;9.07;13.96;18.85;4.28;8.218;3.11;70.8
1980-04-14;7.95;11.05;14.15;0.99;26.184;1.73;33.54
1980-04-15;8.26;12.46;16.67;3.92;15.272;1.28;45.42
1980-04-16;10.65;14.88;19.11;2.79;18.282;0.72;45.0
1980-04-17;10.49;15.86;21.22;0.0;19.269;0.39;34.66
1980-04-18;10.94;18.7;26.46;0.0;24.68;0.87;28.87
1980-04-19;13.32;21.02;28.73;0.0;20.092;0.68;26.51
1980-04-20;14.68;22.0;29.32;0.0;24.351;0.9;21.94
1980-04-21;13.38;19.73;26.07;0.0;21.433;1.24;24.27
1980-04-22;12.26;20.18;28.09;0.0;25.051;0.83;22.95
1980-04-23;14.3;20.68;27.05;0.0;15.289;0.8;21.3
1980-04-24;14.19;22.62;31.05;0.0;26.09;1.2;13.88
1980-04-25;14.56;20.75;26.93;0.0;25.968;1.58;31.45
1980-04-26;13.24;22.88;32.52;0.0;25.346;1.4;14.76
1980-04-27;16.12;21.34;26.57;0.0;21.522;2.2;24.5
1980-04-28;12.69;18.12;23.55;0.0;19.043;1.49;44.22
1980-04-29;12.71;22.16;31.62;0.0;25.91;1.09;18.3
1980-04-30;16.12;24.35;32.58;0.0;22.756;1.09;13.33
1980-05-01;13.22;18.36;23.5;5.49;23.621;2.39;35.92
1980-05-02;12.74;14.16;15.57;12.3;6.445;2.51;61.23
1980-05-03;12.12;14.68;17.24;3.3;5.657;1.89;54.6
1980-05-04;10.41;14.21;18.0;4.75;12.856;1.41;39.81
1980-05-05;10.57;15.28;19.99;0.0;22.582;1.1;46.62
1980-05-06;9.32;15.98;22.64;0.0;25.973;0.7;28.03
1980-05-07;11.12;18.97;26.82;0.0;25.996;0.81;24.9
1980-05-08;11.57;18.19;24.81;0.0;27.012;1.21;33.2
1980-05-09;12.91;19.45;25.98;0.0;23.602;1.4;25.43
1980-05-10;11.9;15.86;19.82;0.0;17.448;1.3;46.85
1980-05-11;11.16;19.71;28.27;0.0;28.902;0.81;23.95
1980-05-12;14.98;25.47;35.96;0.0;20.026;3.5;20.21
1980-05-13;10.06;16.72;23.38;0.0;9.171;1.7;53.6
1980-05-14;11.5;17.15;22.8;0.0;17.405;1.2;37.82
1980-05-15;10.51;16.43;22.36;0.0;21.673;1.4;41.6
1980-05-16;11.85;18.53;25.21;0.0;24.953;1.2;29.67
1980-05-17;13.49;20.11;26.72;0.0;24.499;1.2;32.07
1980-05-18;13.85;21.09;28.33;0.0;26.391;1.11;25.42
1980-05-19;13.91;23.25;32.59;0.0;15.748;0.8;15.38
1980-05-20;16.07;20.88;25.68;0.0;27.958;1.78;33.33
1980-05-21;11.82;18.3;24.79;0.0;18.311;1.49;35.05
1980-05-22;11.85;19.96;28.07;0.0;28.213;0.9;27.21
1980-05-23;15.71;25.47;35.23;0.0;25.674;1.3;16.69
1980-05-24;17.0;24.55;32.1;0.0;23.426;1.5;25.01
1980-05-25;17.28;22.13;26.98;0.0;26.571;2.07;30.87
1980-05-26;16.68;23.32;29.97;0.0;23.841;1.1;22.77
1980-05-27;16.11;22.32;28.54;0.0;28.259;1.5;22.44
1980-05-28;15.91;22.06;28.21;0.0;25.024;1.79;28.9
1980-05-29;16.24;22.56;28.89;0.0;24.308;1.88;30.36
1980-05-30;15.11;19.77;24.44;5.09;22.522;2.38;35.53
1980-05-31;14.07;19.77;25.47;0.0;19.602;1.52;27.4
1980-06-01;13.65;22.37;31.09;0.0;26.701;1.0;19.18
1980-06-02;15.87;22.29;28.7;0.0;22.349;1.31;20.33
1980-06-03;15.92;23.22;30.52;0.0;29.453;1.21;19.45
1980-06-04;16.31;23.85;31.4;0.0;29.305;1.3;21.36
1980-06-05;17.0;24.2;31.4;0.0;29.684;1.42;21.4
1980-06-06;16.55;22.7;28.86;0.0;29.98;1.67;34.29
1980-06-07;16.46;23.79;31.12;0.0;29.685;1.61;21.44
1980-06-08;17.64;24.56;31.49;0.0;27.582;1.71;16.64
1980-06-09;17.43;24.05;30.66;0.0;28.754;1.86;18.26
1980-06-10;16.84;23.7;30.57;0.0;25.871;1.82;21.47
1980-06-11;16.99;23.0;29.01;0.0;30.171;1.61;22.28
1980-06-12;15.88;23.21;30.55;0.0;26.399;1.72;19.31
1980-06-13;17.04;24.46;31.89;0.0;28.896;1.61;19.29
1980-06-14;18.04;25.2;32.36;0.0;29.195;1.8;22.17
1980-06-15;19.23;26.06;32.89;0.0;24.191;2.0;20.46
1980-06-16;18.91;25.14;31.38;0.0;26.501;2.1;27.03
1980-06-17;19.21;24.3;29.38;0.0;28.528;2.11;19.79
1980-06-18;17.42;25.41;33.4;0.0;31.774;1.32;14.39
1980-06-19;18.72;26.16;33.6;0.0;30.677;1.82;14.07
1980-06-20;17.44;26.53;35.62;0.0;30.392;1.0;9.16
1980-06-21;19.67;28.55;37.43;0.0;30.961;1.23;8.37
1980-06-22;22.35;29.0;35.64;0.0;29.049;2.0;16.72
1980-06-23;21.62;28.17;34.73;0.0;27.697;1.61;18.7
1980-06-24;21.45;29.38;37.3;0.0;27.896;1.6;21.72
1980-06-25;24.36;30.84;37.33;0.0;28.684;1.9;17.31
1980-06-26;21.94;29.92;37.9;0.0;31.5;1.12;9.41
1980-06-27;22.04;29.61;37.18;0.0;29.902;1.8;13.41
1980-06-28;23.05;27.41;31.78;0.0;25.918;2.09;29.25
1980-06-29;21.03;23.52;26.0;0.56;22.513;1.7;58.12
1980-06-30;20.28;22.27;24.26;0.0;23.656;1.42;64.66
1980-07-01;17.5;23.79;30.08;0.0;28.801;1.9;21.69
1980-07-02;18.66;25.4;32.13;0.0;28.739;1.99;16.11
1980-07-03;17.8;24.88;31.95;0.0;31.108;1.6;16.27
1980-07-04;18.71;27.11;35.51;0.0;30.756;1.5;14.0
1980-07-05;21.04;28.77;36.49;0.0;27.969;1.41;14.21
1980-07-06;22.19;28.24;34.29;0.0;27.708;1.9;21.9
1980-07-07;21.38;28.26;35.14;0.0;26.722;1.6;25.67
1980-07-08;21.97;29.28;36.59;0.0;27.476;1.51;25.83
1980-07-09;21.21;27.37;33.52;0.0;27.224;1.98;30.62
1980-07-10;21.52;26.41;31.29;0.0;23.413;2.48;39.26
1980-07-11;21.26;26.83;32.39;0.0;26.816;1.89;22.05
1980-07-12;21.25;27.54;33.82;0.0;28.617;1.5;17.72
1980-07-13;21.09;27.49;33.89;0.0;27.217;1.69;20.11
1980-07-14;21.41;28.81;36.22;0.0;26.718;1.6;20.02
1980-07-15;22.13;29.18;36.23;0.0;26.144;1.9;20.5
1980-07-16;20.98;28.61;36.24;0.0;29.43;1.6;12.19
1980-07-17;20.72;29.41;38.1;0.0;31.27;1.09;10.31
1980-07-18;22.8;30.7;38.61;0.0;29.269;1.7;7.54
1980-07-19;22.58;31.36;40.15;0.0;27.88;1.89;4.69
1980-07-20;22.52;30.42;38.33;0.0;28.978;1.5;9.44
1980-07-21;22.69;29.95;37.2;0.0;27.734;1.89;14.14
1980-07-22;23.72;28.19;32.66;0.0;25.668;1.9;33.68
1980-07-23;22.99;25.09;27.19;12.06;22.836;2.51;44.77
1980-07-24;18.56;23.49;28.43;62.89;20.078;2.51;40.62
1980-07-25;22.95;27.62;32.29;0.0;22.079;2.6;30.44
1980-07-26;22.06;28.53;35.0;0.0;25.011;1.99;25.87
1980-07-27;22.8;28.9;34.99;0.0;24.423;1.89;26.16
1980-07-28;22.48;28.34;34.19;0.0;25.629;1.8;22.23
1980-07-29;22.84;29.42;36.01;0.0;26.499;1.6;17.39
1980-07-30;22.85;29.7;36.54;0.0;25.417;1.6;21.4
1980-07-31;24.0;30.0;36.0;0.0;23.091;1.5;26.98
1980-08-01;24.21;30.12;36.03;0.0;24.519;1.7;28.67
1980-08-02;23.63;28.85;34.07;0.0;24.614;2.31;29.44
1980-08-03;23.29;27.58;31.87;0.0;24.173;2.78;37.05
1980-08-04;23.95;29.15;34.34;0.0;22.861;1.99;35.1
1980-08-05;23.38;29.59;35.81;0.0;22.397;1.8;34.0
1980-08-06;23.43;29.29;35.14;0.0;23.856;2.0;29.54
1980-08-07;22.63;29.12;35.61;0.0;24.119;2.42;21.03
1980-08-08;21.77;27.03;32.3;0.0;23.578;2.5;20.97
1980-08-09;20.96;26.03;31.1;0.0;24.099;1.9;21.73
1980-08-10;21.51;27.31;33.12;0.0;24.125;1.8;24.01
1980-08-11;21.37;27.57;33.77;0.0;23.483;2.0;27.02
1980-08-12;22.04;29.02;35.99;0.0;23.673;1.8;28.92
1980-08-13;22.64;30.29;37.93;0.0;23.422;1.58;23.07
1980-08-14;23.5;31.08;38.66;0.0;24.405;1.19;15.44
1980-08-15;23.71;31.09;38.46;0.0;24.5;1.27;11.32
1980-08-16;23.25;32.17;41.1;0.0;24.799;1.09;7.99
1980-08-17;24.58;33.29;42.0;0.0;24.258;0.89;10.23
1980-08-18;23.26;29.98;36.71;0.0;22.988;1.91;19.38
1980-08-19;24.19;29.55;34.92;0.0;22.702;2.1;31.63
1980-08-20;21.44;28.83;36.22;0.0;24.88;1.41;15.1
1980-08-21;22.15;29.2;36.25;0.0;23.295;1.46;20.47
1980-08-22;22.44;29.33;36.22;0.0;22.998;1.99;18.81
1980-08-23;21.15;26.64;32.13;0.0;22.882;2.0;20.34
1980-08-24;21.73;27.39;33.05;0.0;22.577;1.57;23.01
1980-08-25;22.45;27.67;32.89;0.0;21.147;1.47;29.56
1980-08-26;21.94;26.57;31.2;3.01;19.945;2.18;39.02
1980-08-27;21.61;28.49;35.37;0.0;22.888;1.26;21.9
1980-08-28;23.11;29.79;36.47;0.0;23.082;1.17;18.23
1980-08-29;25.44;31.94;38.43;0.0;23.296;0.89;17.42
1980-08-30;23.45;30.91;38.36;0.0;22.765;1.29;22.78
1980-08-31;23.35;28.82;34.29;0.0;20.182;1.59;36.54
1980-09-01;24.22;29.5;34.79;0.0;21.255;1.93;38.26
1980-09-02;22.09;29.32;36.55;0.0;22.393;0.61;25.1
1980-09-03;24.32;31.13;37.94;0.0;23.177;1.19;18.75
1980-09-04;24.29;30.09;35.88;0.0;21.152;1.42;29.97
1980-09-05;24.24;29.73;35.23;0.0;22.015;1.68;30.04
1980-09-06;23.64;28.83;34.02;0.0;21.81;1.5;37.32
1980-09-07;23.35;28.57;33.8;0.0;20.942;1.69;38.41
1980-09-08;21.48;26.83;32.17;1.24;19.202;1.9;33.04
1980-09-09;18.3;24.51;30.71;0.0;20.746;2.18;15.37
1980-09-10;16.27;23.79;31.31;0.0;22.454;1.68;10.3
1980-09-11;12.25;22.04;31.82;1.0;22.002;1.0;6.83
1980-09-12;16.65;24.32;32.0;0.31;22.541;1.05;4.2
1980-09-13;17.15;25.93;34.72;0.0;21.743;0.65;4.51
1980-09-14;19.05;26.67;34.3;0.0;17.776;0.8;15.16
1980-09-15;18.39;25.21;32.02;0.0;20.701;1.39;19.23
1980-09-16;17.0;22.89;28.79;0.0;18.422;1.39;16.37
1980-09-17;17.8;23.3;28.81;0.0;18.805;1.28;19.57
1980-09-18;17.41;24.63;31.86;0.0;20.892;0.8;13.47
1980-09-19;17.15;25.14;33.13;0.0;20.485;0.9;13.23
1980-09-20;20.08;26.4;32.72;0.0;20.376;0.97;15.21
1980-09-21;19.24;25.89;32.55;0.0;19.816;1.1;18.23
1980-09-22;18.75;25.39;32.03;0.0;21.051;1.22;14.93
1980-09-23;16.8;25.05;33.3;0.0;20.632;1.22;11.18
1980-09-24;18.1;25.34;32.58;0.0;19.273;1.94;11.38
1980-09-25;18.67;26.41;34.16;0.0;20.078;1.0;12.54
1980-09-26;19.3;26.1;32.9;0.0;19.277;1.62;17.17
1980-09-27;18.08;25.63;33.18;0.0;20.478;1.0;16.54
1980-09-28;17.7;25.82;33.94;0.0;19.634;1.21;12.53
1980-09-29;18.07;26.16;34.25;0.0;19.633;1.21;11.62
1980-09-30;18.26;27.63;37.0;0.0;16.845;0.8;7.71
1980-10-01;19.2;27.52;35.84;0.0;18.155;0.8;12.01
1980-10-02;17.84;23.99;30.14;0.0;17.544;1.74;28.12
1980-10-03;18.17;22.22;26.26;0.0;15.708;2.0;53.36
1980-10-04;13.57;20.29;27.01;0.0;17.537;1.75;22.69
1980-10-05;11.95;19.71;27.48;0.0;17.956;0.71;12.2
1980-10-06;14.31;21.57;28.84;0.0;17.941;0.6;13.3
1980-10-07;17.66;23.38;29.1;0.0;17.956;0.6;19.31
1980-10-08;17.01;23.2;29.38;0.0;17.563;0.82;25.47
1980-10-09;14.56;23.54;32.52;0.0;17.086;1.31;18.46
1980-10-10;17.72;25.64;33.56;0.0;16.596;0.9;16.76
1980-10-11;18.36;26.31;34.26;0.0;15.752;0.3;12.24
1980-10-12;18.71;26.14;33.58;0.0;16.688;1.32;22.48
1980-10-13;18.3;22.12;25.94;10.44;13.866;2.3;32.39
1980-10-14;15.8;19.54;23.27;11.28;11.108;1.81;39.54
1980-10-15;13.38;16.77;20.15;8.68;7.045;1.01;48.2
1980-10-16;12.7;18.73;24.75;0.0;12.207;0.93;31.68
1980-10-17;15.58;19.39;23.19;8.41;12.048;0.72;41.8
1980-10-18;15.21;18.17;21.13;11.95;3.957;1.88;51.61
1980-10-19;14.16;18.1;22.04;0.0;7.655;1.78;53.94
1980-10-20;12.16;17.8;23.45;0.0;9.577;0.3;40.86
1980-10-21;11.84;18.62;25.39;0.0;14.71;1.44;23.02
1980-10-22;14.39;20.24;26.09;1.35;15.871;0.91;19.54
1980-10-23;13.95;20.45;26.96;0.0;13.46;1.12;19.17
1980-10-24;12.5;20.21;27.93;0.0;11.451;0.62;19.04
1980-10-25;14.72;20.08;25.44;0.0;13.051;0.91;38.51
1980-10-26;12.83;19.09;25.34;0.0;11.329;0.32;35.54
1980-10-27;15.82;20.63;25.45;4.31;12.234;1.01;46.85
1980-10-28;14.65;20.4;26.15;0.0;13.408;1.21;31.43
1980-10-29;12.51;19.68;26.85;0.0;12.849;0.2;23.81
1980-10-30;14.21;20.77;27.34;0.7;13.176;1.53;24.24
1980-10-31;12.62;19.4;26.18;0.0;13.659;1.74;18.78
1980-11-01;12.6;19.39;26.18;0.0;13.103;1.7;19.22
1980-11-02;12.93;19.33;25.73;0.0;10.539;1.74;18.62
1980-11-03;13.95;20.7;27.44;0.0;10.825;1.53;21.13
1980-11-04;13.71;20.08;26.45;0.0;10.776;1.95;20.93
1980-11-05;13.55;20.25;26.95;0.0;11.868;2.02;21.89
1980-11-06;9.84;16.94;24.03;0.0;13.141;2.23;17.79
1980-11-07;4.05;9.48;14.91;0.0;14.491;2.08;13.15
1980-11-08;-0.89;4.14;9.17;0.0;4.587;1.63;23.88
1980-11-09;0.04;6.22;12.41;0.0;14.685;1.72;14.36
1980-11-10;1.12;7.04;12.95;0.0;6.946;1.31;16.23
1980-11-11;3.08;8.37;13.65;0.0;8.983;1.1;19.39
1980-11-12;3.04;9.89;16.75;0.0;12.878;0.7;21.25
1980-11-13;6.01;11.98;17.96;0.0;12.01;0.8;26.21
1980-11-14;6.46;11.96;17.45;0.0;13.431;1.0;25.69
1980-11-15;6.35;13.14;19.92;0.0;13.079;1.29;23.45
1980-11-16;4.69;11.12;17.55;0.0;13.356;2.22;18.99
1980-11-17;3.71;10.34;16.97;0.0;13.66;2.05;16.73
1980-11-18;6.78;13.44;20.1;0.0;12.468;0.5;15.45
1980-11-19;6.37;13.47;20.57;0.0;12.762;1.37;18.82
1980-11-20;5.0;12.7;20.39;0.0;13.123;1.0;14.86
1980-11-21;4.92;11.58;18.24;0.0;13.068;2.09;17.3
1980-11-22;5.56;11.52;17.48;0.0;13.17;2.99;12.85
1980-11-23;4.76;11.29;17.81;0.0;10.406;2.98;18.89
1980-11-24;6.72;10.5;14.28;0.0;4.398;2.8;38.38
1980-11-25;7.07;12.13;17.18;0.0;4.307;2.25;46.93
1980-11-26;8.31;14.09;19.87;0.0;11.01;2.27;32.73
1980-11-27;6.64;12.72;18.8;0.0;10.318;2.45;28.72
1980-11-28;7.98;12.7;17.42;0.0;4.905;2.77;29.41
1980-11-29;11.58;15.85;20.12;0.0;7.797;1.6;34.31
1980-11-30;7.38;13.51;19.64;3.44;5.069;0.66;40.4
1980-12-01;5.89;11.55;17.21;0.0;10.761;1.47;28.02
1980-12-02;5.46;11.86;18.26;0.0;10.336;1.29;29.45
1980-12-03;5.81;12.11;18.41;0.0;9.913;0.99;31.41
1980-12-04;6.27;12.13;17.99;0.0;10.26;1.39;30.51
1980-12-05;9.09;14.35;19.61;0.0;6.345;0.29;41.22
1980-12-06;6.0;11.88;17.75;0.0;9.842;1.49;31.48
1980-12-07;5.31;10.69;16.08;0.17;10.308;1.18;29.17
1980-12-08;4.55;11.19;17.82;0.0;8.721;0.82;29.67
1980-12-09;9.52;15.81;22.1;0.0;8.761;0.71;39.81
1980-12-10;10.5;15.4;20.31;6.8;3.685;1.28;51.76
1980-12-11;10.08;12.84;15.6;5.7;2.993;3.26;60.91
1980-12-12;7.6;12.39;17.19;0.0;6.414;1.87;37.49
1980-12-13;6.3;11.88;17.46;0.0;9.056;1.28;36.64
1980-12-14;5.55;12.01;18.47;0.0;9.143;2.16;31.83
1980-12-15;5.34;10.52;15.69;0.0;7.674;2.25;34.21
1980-12-16;5.75;10.04;14.32;0.0;3.708;2.16;34.98
1980-12-17;4.65;9.36;14.07;0.0;9.618;2.88;35.83
1980-12-18;4.79;10.22;15.65;0.0;9.679;3.07;35.22
1980-12-19;6.28;10.65;15.03;0.0;5.058;2.06;34.07
1980-12-20;5.93;11.29;16.66;0.0;8.11;2.45;36.36
1980-12-21;5.82;10.06;14.3;0.0;8.318;3.45;29.16
1980-12-22;7.82;9.57;11.32;21.05;3.964;3.47;59.2
1980-12-23;7.68;10.75;13.81;4.36;4.896;2.96;42.94
1980-12-24;9.25;9.57;9.89;15.9;0.992;2.58;74.35
1980-12-25;7.21;8.84;10.46;9.19;3.977;1.03;68.91
1980-12-26;7.97;9.47;10.98;15.41;2.226;1.1;76.74
1980-12-27;5.11;8.89;12.67;10.86;6.293;1.38;67.8
1980-12-28;5.11;7.72;10.33;13.51;6.21;2.06;64.38
1980-12-29;7.78;10.59;13.39;2.54;5.26;0.92;69.5
1980-12-30;7.84;11.54;15.23;6.44;5.776;2.58;62.29
1980-12-31;8.95;10.81;12.68;13.91;1.888;2.94;66.3
1981-01-01;8.22;10.41;12.59;9.62;1.199;2.97;61.65
1981-01-02;6.91;10.79;14.66;1.27;5.911;1.89;45.71
1981-01-03;5.88;9.66;13.44;1.48;4.849;2.39;39.39
1981-01-04;5.69;8.3;10.91;4.21;3.21;1.79;58.67
1981-01-05;6.01;8.52;11.02;4.81;3.341;1.31;67.03
1981-01-06;5.75;8.84;11.92;7.34;3.635;1.17;66.2
1981-01-07;6.04;8.65;11.26;6.83;5.549;2.89;64.84
1981-01-08;5.4;6.61;7.82;13.38;4.659;1.78;70.36
1981-01-09;4.77;7.08;9.39;2.65;5.254;0.51;68.89
1981-01-10;5.36;8.92;12.48;0.53;7.45;0.41;55.48
1981-01-11;3.45;7.87;12.29;0.42;11.932;0.8;43.22
1981-01-12;2.19;6.59;10.99;0.0;11.751;0.51;36.88
1981-01-13;0.17;5.51;10.85;0.0;12.21;1.82;34.18
1981-01-14;-0.16;4.55;9.26;0.0;10.377;2.42;29.73
1981-01-15;-0.15;4.51;9.17;0.0;10.776;3.0;31.34
1981-01-16;1.16;5.17;9.18;0.0;4.323;3.34;37.77
1981-01-17;4.32;5.71;7.1;7.02;4.058;3.26;57.61
1981-01-18;4.7;6.5;8.3;4.17;6.118;2.01;66.53
1981-01-19;3.14;8.36;13.58;1.9;7.989;2.6;35.71
1981-01-20;2.21;7.88;13.56;0.0;12.277;1.23;39.13
1981-01-21;2.9;7.58;12.27;10.94;4.673;0.82;71.1
1981-01-22;0.47;6.68;12.88;0.0;13.528;1.82;34.64
1981-01-23;-1.1;4.32;9.74;0.0;12.703;1.52;31.44
1981-01-24;2.29;7.62;12.94;2.97;7.229;0.57;50.07
1981-01-25;2.99;5.96;8.93;0.46;8.179;1.82;54.58
1981-01-26;4.77;8.46;12.16;4.51;6.669;0.63;66.75
1981-01-27;8.64;11.52;14.39;2.93;4.88;1.93;63.57
1981-01-28;9.74;12.19;14.63;38.39;2.781;3.92;74.48
1981-01-29;-0.07;6.26;12.59;0.0;9.662;3.53;17.98
1981-01-30;-1.71;2.67;7.06;0.0;15.71;2.71;15.78
1981-01-31;-3.03;2.16;7.35;0.0;15.856;1.22;17.18
1981-02-01;-4.26;-0.98;2.3;0.74;14.553;2.75;24.83
1981-02-02;-1.71;2.86;7.43;0.0;9.743;1.72;41.34
1981-02-03;-1.38;4.03;9.43;5.35;12.772;0.91;45.24
1981-02-04;6.36;8.85;11.33;17.17;4.768;2.11;73.71
1981-02-05;8.77;11.27;13.77;2.35;3.231;2.54;66.34
1981-02-06;0.01;6.56;13.11;0.0;13.302;0.91;44.31
1981-02-07;-0.34;5.12;10.57;0.0;16.758;1.72;16.88
1981-02-08;1.07;7.3;13.53;0.0;14.115;1.35;32.63
1981-02-09;4.2;10.03;15.86;0.0;10.216;1.44;46.29
1981-02-10;8.2;12.13;16.07;3.64;9.494;1.63;61.21
1981-02-11;6.42;11.34;16.25;8.55;13.589;0.7;62.62
1981-02-12;9.47;12.36;15.25;3.39;9.197;1.85;64.83
1981-02-13;6.98;11.74;16.5;0.0;12.991;1.28;43.4
1981-02-14;7.27;12.35;17.43;0.0;16.025;1.75;42.05
1981-02-15;4.79;10.73;16.68;0.0;15.405;2.1;43.44
1981-02-16;5.97;11.52;17.08;0.0;16.169;1.6;44.25
1981-02-17;8.25;13.31;18.37;0.0;15.416;1.7;44.56
1981-02-18;7.84;13.43;19.02;0.0;17.248;1.8;40.46
1981-02-19;6.47;13.18;19.9;0.0;15.742;1.6;39.29
1981-02-20;11.95;17.48;23.01;0.0;10.295;1.99;37.64
1981-02-21;9.36;12.82;16.28;10.15;9.463;2.77;46.71
1981-02-22;8.26;10.09;11.91;10.04;4.276;2.99;79.84
1981-02-23;7.13;10.38;13.64;3.03;8.615;2.38;53.9
1981-02-24;6.75;8.98;11.21;24.39;11.073;1.8;56.12
1981-02-25;5.81;7.77;9.72;8.85;5.378;2.95;65.55
1981-02-26;0.1;4.38;8.65;6.16;3.567;2.38;54.59
1981-02-27;0.07;5.39;10.71;5.05;11.413;1.46;55.03
1981-02-28;2.17;7.21;12.26;0.0;11.883;0.29;46.02
1981-03-01;3.76;8.86;13.96;0.0;17.52;0.7;31.45
1981-03-02;1.81;7.24;12.67;0.0;15.003;1.77;33.59
1981-03-03;0.52;6.46;12.41;0.0;19.282;1.2;34.33
1981-03-04;1.68;7.91;14.14;2.74;9.85;1.2;45.11
1981-03-05;8.34;10.5;12.66;12.47;5.066;0.29;76.45
1981-03-06;5.96;9.99;14.02;2.38;8.075;0.71;60.24
1981-03-07;7.17;10.51;13.85;0.0;10.996;1.69;54.59
1981-03-08;7.09;9.91;12.73;7.96;12.099;0.6;69.15
1981-03-09;4.04;6.79;9.53;13.22;6.237;1.18;64.92
1981-03-10;0.96;6.28;11.6;1.33;20.273;0.99;34.46
1981-03-11;2.18;8.09;13.99;0.0;19.513;0.69;31.08
1981-03-12;4.03;11.08;18.13;0.0;19.657;0.3;29.82
1981-03-13;6.04;12.12;18.19;0.0;19.629;0.22;33.85
1981-03-14;7.66;13.93;20.2;0.0;19.105;0.35;32.49
1981-03-15;7.18;12.75;18.33;0.0;16.235;0.99;38.21
1981-03-16;8.35;11.45;14.55;0.0;10.719;1.28;54.62
1981-03-17;7.01;11.5;15.99;3.69;8.153;1.9;49.6
1981-03-18;6.7;8.68;10.66;1.6;7.929;2.48;56.74
1981-03-19;4.44;9.46;14.48;0.0;19.774;1.36;33.09
1981-03-20;5.76;8.88;11.99;9.5;12.383;0.86;54.59
1981-03-21;5.38;7.8;10.23;6.43;7.887;1.55;67.65
1981-03-22;4.35;9.64;14.93;0.0;18.509;0.81;39.55
1981-03-23;3.62;7.69;11.75;7.86;7.226;2.9;56.95
1981-03-24;6.53;8.37;10.21;16.92;4.371;1.46;82.17
1981-03-25;4.06;6.82;9.58;11.25;14.291;1.65;55.52
1981-03-26;0.11;5.76;11.42;1.45;19.792;2.12;31.01
1981-03-27;0.35;5.0;9.64;0.84;21.636;1.65;27.82
1981-03-28;0.18;6.71;13.25;0.0;25.234;0.79;23.66
1981-03-29;0.66;7.4;14.13;0.0;24.416;1.75;21.29
1981-03-30;3.02;10.44;17.85;0.0;24.253;0.79;28.63
1981-03-31;3.05;10.32;17.59;0.0;24.748;0.79;28.88
1981-04-01;5.37;11.81;18.25;0.0;24.001;1.07;29.94
1981-04-02;6.42;13.03;19.64;0.0;19.646;1.86;27.03
1981-04-03;10.45;13.35;16.25;3.44;12.481;2.28;47.12
1981-04-04;2.82;9.94;17.06;0.0;17.283;1.85;27.3
1981-04-05;0.06;7.8;15.54;2.86;26.209;0.69;12.71
1981-04-06;5.78;12.7;19.61;0.0;24.265;1.17;23.69
1981-04-07;7.09;13.75;20.41;0.0;24.022;1.47;27.55
1981-04-08;6.49;13.64;20.8;0.0;25.286;0.97;29.03
1981-04-09;10.69;16.83;22.97;0.0;23.021;1.94;30.79
1981-04-10;12.4;16.94;21.48;0.0;16.387;3.03;29.4
1981-04-11;11.53;15.03;18.53;4.07;18.309;2.62;42.27
1981-04-12;9.96;14.05;18.15;0.0;17.426;0.87;54.0
1981-04-13;8.6;15.02;21.45;0.0;25.545;0.78;30.39
1981-04-14;11.53;17.55;23.58;0.0;16.145;1.38;32.98
1981-04-15;12.58;18.55;24.53;0.0;23.057;0.99;30.23
1981-04-16;14.02;19.86;25.7;0.0;15.272;1.49;30.24
1981-04-17;11.73;18.27;24.8;2.88;19.597;1.38;33.43
1981-04-18;13.42;17.5;21.57;1.87;7.911;0.78;55.58
1981-04-19;12.17;15.67;19.17;4.17;22.096;1.08;52.5
1981-04-20;12.4;17.8;23.19;0.0;13.883;0.28;43.58
1981-04-21;11.36;18.96;26.57;0.0;24.764;1.3;27.61
1981-04-22;14.27;21.47;28.67;0.0;24.487;2.29;19.66
1981-04-23;13.13;19.96;26.78;0.0;19.151;0.8;27.4
1981-04-24;10.46;16.48;22.5;0.0;19.756;1.87;35.22
1981-04-25;9.21;13.6;17.98;0.0;16.671;1.39;47.68
1981-04-26;7.64;14.96;22.28;0.0;26.776;0.3;25.9
1981-04-27;13.47;19.84;26.22;0.0;18.96;1.77;23.82
1981-04-28;11.3;17.08;22.85;0.0;18.493;1.59;37.34
1981-04-29;10.96;15.55;20.14;0.0;19.111;1.76;43.31
1981-04-30;10.33;16.94;23.55;0.0;25.269;0.7;27.44
1981-05-01;13.84;17.41;20.98;4.94;12.311;1.49;49.03
1981-05-02;12.45;14.84;17.24;3.26;18.522;2.74;55.41
1981-05-03;12.66;13.88;15.11;7.88;16.778;1.6;58.83
1981-05-04;13.74;14.84;15.95;7.45;16.581;1.01;59.91
1981-05-05;11.66;14.93;18.19;0.0;20.008;0.72;61.12
1981-05-06;9.5;16.19;22.87;7.87;17.763;0.78;51.8
1981-05-07;10.01;14.01;18.01;14.2;16.673;1.2;46.29
1981-05-08;13.12;16.0;18.88;0.0;15.603;0.9;49.59
1981-05-09;7.32;11.18;15.04;14.29;16.528;1.69;62.01
1981-05-10;9.88;15.91;21.95;5.18;12.679;1.2;40.41
1981-05-11;10.78;13.64;16.51;0.0;17.447;0.8;57.94
1981-05-12;12.68;17.05;21.42;1.09;14.674;1.07;46.29
1981-05-13;13.25;15.38;17.51;3.0;17.673;2.7;62.1
1981-05-14;11.73;15.29;18.84;0.0;13.037;1.01;53.04
1981-05-15;12.01;17.46;22.92;0.0;29.951;0.91;29.09
1981-05-16;12.03;19.89;27.76;0.0;26.942;0.9;24.8
1981-05-17;13.48;19.83;26.17;0.0;28.594;1.29;24.88
1981-05-18;13.39;19.85;26.31;0.0;27.681;1.2;32.24
1981-05-19;13.07;22.19;31.3;0.0;25.851;0.8;20.18
1981-05-20;16.85;24.25;31.64;0.0;26.4;1.69;23.13
1981-05-21;15.93;20.71;25.5;0.0;26.146;1.69;41.42
1981-05-22;14.99;19.3;23.61;0.0;25.32;1.79;36.55
1981-05-23;14.07;20.82;27.57;0.0;23.308;1.7;29.81
1981-05-24;16.96;21.4;25.84;0.0;24.243;1.3;35.96
1981-05-25;16.17;22.94;29.7;0.0;23.579;1.69;25.6
1981-05-26;16.96;23.15;29.34;0.0;23.946;1.31;32.9
1981-05-27;17.59;21.55;25.5;0.0;23.538;2.35;42.03
1981-05-28;18.13;21.88;25.63;0.0;23.64;2.08;46.18
1981-05-29;17.97;23.07;28.17;0.0;24.297;1.79;39.7
1981-05-30;16.96;21.48;26.0;0.0;21.511;1.6;49.91
1981-05-31;15.93;22.62;29.31;0.0;20.597;1.1;31.82
1981-06-01;16.8;23.91;31.02;0.0;24.067;1.44;26.88
1981-06-02;16.33;23.81;31.3;0.0;26.03;1.1;24.76
1981-06-03;17.27;24.03;30.79;0.0;28.202;1.21;25.88
1981-06-04;17.36;23.12;28.88;0.0;28.571;1.72;34.75
1981-06-05;17.0;23.8;30.59;0.0;28.877;1.41;31.21
1981-06-06;17.02;24.83;32.63;0.0;27.588;0.59;27.24
1981-06-07;17.36;24.0;30.65;0.0;27.329;1.42;31.18
1981-06-08;17.81;24.1;30.39;0.0;27.615;1.65;28.44
1981-06-09;17.7;23.14;28.58;0.0;28.394;1.82;37.29
1981-06-10;17.22;22.57;27.92;0.0;27.473;1.91;36.02
1981-06-11;16.71;21.93;27.14;2.37;24.896;1.61;42.0
1981-06-12;17.77;23.41;29.06;0.0;24.279;1.11;38.01
1981-06-13;18.44;26.39;34.34;0.0;22.709;0.6;26.69
1981-06-14;21.13;28.84;36.55;0.0;25.813;0.89;14.46
1981-06-15;22.61;28.77;34.94;0.0;30.868;1.91;11.58
1981-06-16;22.59;29.18;35.77;0.0;24.662;2.2;14.0
1981-06-17;21.91;29.51;37.1;0.0;27.109;2.29;12.18
1981-06-18;22.21;26.74;31.27;0.0;27.765;2.1;37.55
1981-06-19;21.12;26.63;32.15;3.03;24.986;2.25;36.04
1981-06-20;21.23;25.87;30.5;0.0;27.324;1.81;40.19
1981-06-21;20.29;24.88;29.48;0.0;27.227;2.0;41.75
1981-06-22;21.04;25.72;30.4;0.0;24.06;2.29;43.41
1981-06-23;20.52;25.25;29.99;0.0;24.733;1.92;45.37
1981-06-24;19.57;25.71;31.85;0.0;26.547;1.72;24.53
1981-06-25;20.82;25.86;30.89;0.0;26.301;1.71;33.97
1981-06-26;22.04;26.91;31.77;0.0;24.176;1.99;26.18
1981-06-27;21.23;26.63;32.03;0.0;26.174;1.8;26.0
1981-06-28;19.73;23.91;28.08;0.0;30.338;1.8;35.1
1981-06-29;19.35;25.71;32.06;0.0;25.161;1.99;22.19
1981-06-30;19.26;26.46;33.66;0.0;29.082;2.18;17.95
1981-07-01;21.71;27.82;33.92;0.0;25.208;1.9;19.51
1981-07-02;21.96;28.7;35.44;0.0;26.652;1.5;22.87
1981-07-03;22.32;28.36;34.39;0.0;26.404;1.6;27.44
1981-07-04;21.21;26.19;31.17;0.0;20.845;2.19;27.62
1981-07-05;19.28;25.48;31.68;0.0;29.205;2.0;18.98
1981-07-06;19.39;25.36;31.32;0.0;24.106;2.72;21.66
1981-07-07;19.57;24.87;30.16;2.08;26.721;2.95;22.51
1981-07-08;19.15;24.56;29.98;0.0;27.519;2.09;20.3
1981-07-09;19.43;26.36;33.29;0.0;27.592;1.69;21.89
1981-07-10;20.93;27.42;33.91;0.0;24.309;1.7;23.51
1981-07-11;21.05;28.17;35.29;0.0;29.894;1.54;14.0
1981-07-12;21.65;28.91;36.17;0.0;29.282;1.8;12.6
1981-07-13;23.04;28.83;34.62;0.0;30.033;1.89;15.96
1981-07-14;20.34;28.74;37.15;0.0;31.526;1.12;10.72
1981-07-15;21.76;29.55;37.35;0.0;28.312;1.12;11.41
1981-07-16;23.36;29.34;35.32;0.0;26.831;1.69;23.35
1981-07-17;22.62;28.95;35.27;0.0;25.799;1.9;27.54
1981-07-18;23.0;30.18;37.35;0.0;27.24;0.87;15.62
1981-07-19;24.48;31.7;38.92;0.0;27.525;1.09;15.03
1981-07-20;23.08;31.49;39.91;0.0;27.945;1.7;16.1
1981-07-21;23.21;29.16;35.11;0.0;26.323;2.09;20.73
1981-07-22;22.8;27.47;32.13;0.0;26.783;2.31;30.35
1981-07-23;21.84;27.74;33.64;0.0;25.727;2.3;22.98
1981-07-24;21.51;27.8;34.1;0.0;26.7;1.99;19.71
1981-07-25;21.78;29.3;36.83;0.0;27.908;1.51;17.91
1981-07-26;22.8;30.3;37.79;0.0;26.79;1.7;17.03
1981-07-27;23.7;29.8;35.9;0.0;26.223;1.7;21.4
1981-07-28;24.23;29.23;34.22;0.0;24.393;1.99;22.62
1981-07-29;23.37;29.4;35.42;0.0;25.978;1.7;20.75
1981-07-30;22.75;28.91;35.06;0.0;26.476;1.8;21.65
1981-07-31;22.93;26.95;30.97;1.13;24.991;2.76;38.1
1981-08-01;22.23;28.39;34.55;0.0;25.409;2.43;15.33
1981-08-02;20.77;28.34;35.9;1.62;25.637;1.08;14.71
1981-08-03;23.43;31.41;39.38;0.0;25.834;1.24;11.96
1981-08-04;25.23;33.42;41.61;0.0;24.812;0.99;11.12
1981-08-05;24.61;31.52;38.42;0.0;25.388;1.98;18.7
1981-08-06;22.66;30.31;37.96;0.0;26.98;1.9;10.53
1981-08-07;23.83;30.98;38.13;0.0;25.802;1.9;5.74
1981-08-08;24.48;32.15;39.81;0.0;26.105;1.7;5.3
1981-08-09;25.74;34.13;42.52;0.0;26.466;0.7;8.5
1981-08-10;23.35;31.59;39.83;0.0;26.072;1.7;14.7
1981-08-11;24.0;30.73;37.46;0.0;24.398;1.69;23.63
1981-08-12;23.8;31.13;38.46;0.0;24.594;1.09;17.34
1981-08-13;24.93;32.09;39.26;0.97;22.275;0.89;13.45
1981-08-14;25.62;33.17;40.73;0.0;21.55;1.03;15.36
1981-08-15;24.25;31.07;37.88;0.0;23.712;1.8;21.05
1981-08-16;23.44;30.47;37.5;0.0;23.146;1.7;21.83
1981-08-17;23.26;29.89;36.52;0.0;23.325;1.49;25.29
1981-08-18;22.96;28.99;35.02;0.0;22.937;1.8;31.01
1981-08-19;23.6;28.05;32.49;0.0;22.987;1.8;34.0
1981-08-20;22.58;26.58;30.58;0.0;20.612;2.19;42.89
1981-08-21;21.83;26.8;31.77;0.0;22.663;2.09;29.63
1981-08-22;22.57;27.97;33.37;0.0;22.306;1.79;35.25
1981-08-23;23.12;26.76;30.4;2.73;19.945;1.99;41.89
1981-08-24;22.59;27.54;32.49;0.0;21.881;2.09;38.17
1981-08-25;20.83;27.21;33.59;0.0;22.881;2.26;19.95
1981-08-26;18.2;26.03;33.86;0.0;23.557;1.46;15.62
1981-08-27;20.69;27.98;35.26;0.0;24.144;0.7;14.29
1981-08-28;23.0;29.76;36.52;0.0;23.792;1.31;15.76
1981-08-29;22.92;29.02;35.11;0.0;22.999;1.68;18.63
1981-08-30;20.78;28.21;35.64;0.0;23.615;1.07;11.97
1981-08-31;20.37;28.15;35.93;0.0;23.135;0.9;12.13
1981-09-01;21.14;27.37;33.6;0.0;22.477;1.5;22.46
1981-09-02;20.73;25.8;30.87;1.2;20.387;1.61;46.19
1981-09-03;19.37;28.05;36.74;0.0;21.995;0.99;21.43
1981-09-04;19.54;28.89;38.24;0.0;22.398;0.9;14.25
1981-09-05;23.0;30.89;38.79;0.0;22.75;1.19;15.11
1981-09-06;20.89;28.41;35.92;0.0;19.154;1.69;17.65
1981-09-07;19.14;25.75;32.36;0.0;23.279;0.9;10.89
1981-09-08;19.4;27.63;35.85;0.0;22.014;0.79;11.3
1981-09-09;21.13;28.27;35.41;0.0;19.72;1.12;14.14
1981-09-10;20.65;28.28;35.91;0.0;22.334;0.9;13.01
1981-09-11;20.63;27.5;34.37;0.0;22.936;0.89;13.26
1981-09-12;20.16;27.3;34.45;0.0;22.77;1.58;11.98
1981-09-13;19.38;27.41;35.43;0.0;21.254;1.59;14.44
1981-09-14;18.57;27.64;36.7;0.0;21.028;1.68;7.43
1981-09-15;19.06;28.18;37.3;0.0;20.854;1.98;7.4
1981-09-16;21.76;29.02;36.29;0.0;19.909;1.57;6.08
1981-09-17;21.23;28.87;36.5;0.0;18.879;0.66;12.52
1981-09-18;20.48;27.83;35.17;0.0;18.319;1.29;18.22
1981-09-19;20.8;26.34;31.89;0.0;15.758;0.89;23.73
1981-09-20;20.41;24.92;29.43;4.87;17.161;0.91;62.37
1981-09-21;20.61;25.71;30.81;0.0;19.622;1.19;36.69
1981-09-22;15.72;21.79;27.86;6.89;14.523;1.42;29.12
1981-09-23;13.89;19.83;25.76;0.0;18.515;2.02;27.78
1981-09-24;12.52;20.51;28.5;0.0;19.322;1.73;21.48
1981-09-25;13.22;21.71;30.21;0.0;19.146;1.22;18.93
1981-09-26;13.94;21.41;28.88;0.0;19.151;1.52;17.6
1981-09-27;11.7;20.26;28.82;0.0;19.867;1.16;13.56
1981-09-28;12.61;22.73;32.84;0.0;19.152;0.6;6.43
1981-09-29;16.35;25.47;34.59;0.0;17.138;0.47;5.7
1981-09-30;19.23;27.23;35.23;0.0;17.893;1.0;9.76
1981-10-01;18.19;25.94;33.69;0.0;19.555;0.91;14.31
1981-10-02;18.75;25.84;32.92;0.0;19.85;1.32;14.74
1981-10-03;18.28;25.24;32.2;0.0;19.309;2.15;16.68
1981-10-04;17.87;24.99;32.12;0.0;19.339;1.51;11.93
1981-10-05;15.99;23.47;30.95;0.0;18.987;2.2;12.54
1981-10-06;15.62;23.27;30.93;0.0;17.13;2.44;13.61
1981-10-07;13.54;20.37;27.19;21.23;14.251;2.05;32.26
1981-10-08;13.28;20.79;28.31;0.0;18.343;1.32;22.86
1981-10-09;15.83;20.77;25.71;7.93;16.283;1.11;42.31
1981-10-10;15.58;19.18;22.78;17.52;10.277;1.93;65.24
1981-10-11;15.56;18.59;21.63;15.08;9.12;1.93;62.49
1981-10-12;11.41;15.65;19.9;0.0;18.282;1.22;52.14
1981-10-13;10.99;16.61;22.23;0.0;18.791;0.6;41.75
1981-10-14;12.27;17.19;22.1;8.94;12.783;0.71;39.14
1981-10-15;14.83;18.77;22.71;0.0;13.3;1.12;51.79
1981-10-16;14.72;17.56;20.4;9.87;8.192;1.12;52.85
1981-10-17;12.01;15.75;19.49;8.26;12.303;1.77;51.75
1981-10-18;11.17;16.64;22.1;0.0;15.292;0.67;38.45
1981-10-19;12.71;18.02;23.33;0.0;17.025;1.44;30.14
1981-10-20;12.99;16.21;19.43;10.12;8.95;0.82;50.19
1981-10-21;12.96;16.72;20.48;1.0;8.355;0.71;62.07
1981-10-22;12.99;18.11;23.23;1.8;13.439;0.61;40.94
1981-10-23;12.72;17.49;22.26;16.02;9.985;1.44;37.45
1981-10-24;12.65;16.39;20.14;9.43;9.015;1.12;57.56
1981-10-25;11.64;17.11;22.58;3.09;13.771;0.43;48.82
1981-10-26;11.73;17.16;22.6;0.0;10.534;1.11;41.22
1981-10-27;10.62;16.5;22.39;0.0;14.841;2.97;33.65
1981-10-28;14.23;16.88;19.54;5.65;8.464;3.37;63.41
1981-10-29;11.89;16.91;21.93;0.0;10.555;1.01;42.75
1981-10-30;11.21;17.51;23.8;0.0;13.698;0.4;31.51
1981-10-31;10.78;17.17;23.56;0.0;13.951;0.7;28.69
1981-11-01;8.81;16.71;24.61;0.0;13.96;1.75;26.58
1981-11-02;11.37;16.52;21.68;7.46;9.336;2.33;46.42
1981-11-03;14.36;14.98;15.6;1.72;6.098;2.98;78.0
1981-11-04;13.18;15.11;17.03;5.56;4.08;2.4;60.64
1981-11-05;11.69;14.62;17.55;0.09;3.967;1.92;64.95
1981-11-06;12.58;17.78;22.98;0.0;10.282;1.71;46.4
1981-11-07;12.88;18.05;23.22;0.0;10.028;1.72;48.5
1981-11-08;12.73;17.47;22.21;0.0;7.733;0.4;52.07
1981-11-09;12.75;17.36;21.96;4.59;8.458;1.51;54.29
1981-11-10;13.42;17.7;21.98;0.0;6.444;1.21;46.0
1981-11-11;13.29;18.23;23.18;0.0;8.599;2.56;55.93
1981-11-12;13.19;17.83;22.47;0.0;9.519;2.23;52.39
1981-11-13;11.72;17.21;22.71;0.0;11.771;0.5;44.63
1981-11-14;12.88;18.05;23.22;0.0;8.107;0.3;40.0
1981-11-15;12.76;17.7;22.63;0.0;11.205;0.7;39.54
1981-11-16;10.86;16.96;23.06;0.0;11.832;0.89;36.68
1981-11-17;10.42;16.36;22.29;0.0;12.417;1.08;33.12
1981-11-18;10.16;15.75;21.34;0.68;12.553;1.46;35.82
1981-11-19;6.57;12.65;18.73;0.0;12.086;1.57;34.27
1981-11-20;5.08;11.64;18.2;0.0;13.22;2.01;22.89
1981-11-21;6.78;12.98;19.17;0.0;10.72;1.0;29.8
1981-11-22;8.84;13.0;17.16;0.0;6.969;2.45;33.9
1981-11-23;8.24;12.96;17.69;0.0;3.608;1.78;40.75
1981-11-24;11.18;14.63;18.08;2.48;3.7;1.09;45.32
1981-11-25;10.94;14.83;18.72;5.58;4.176;1.78;46.87
1981-11-26;8.24;13.74;19.24;0.0;6.185;1.08;45.45
1981-11-27;7.53;13.65;19.76;0.0;10.336;0.89;37.89
1981-11-28;6.76;13.0;19.24;0.0;11.595;0.2;35.7
1981-11-29;5.61;11.31;17.02;0.0;11.154;1.38;29.18
1981-11-30;4.33;9.75;15.17;0.0;10.744;1.58;27.28
1981-12-01;3.49;8.79;14.08;0.0;11.045;0.99;26.74
1981-12-02;3.67;9.62;15.57;0.0;11.877;1.66;25.53
1981-12-03;6.27;9.92;13.57;0.0;5.927;3.21;29.61
1981-12-04;5.99;11.3;16.62;0.0;5.664;2.13;39.9
1981-12-05;10.14;14.5;18.85;3.71;7.544;1.78;31.45
1981-12-06;7.06;11.83;16.6;1.73;3.485;0.5;56.69
1981-12-07;7.64;13.72;19.8;0.0;9.424;0.8;42.85
1981-12-08;8.87;14.5;20.14;0.0;10.024;1.0;46.59
1981-12-09;10.08;15.84;21.59;0.0;7.087;1.29;46.8
1981-12-10;11.84;15.85;19.86;0.0;5.846;2.06;55.5
1981-12-11;5.49;12.19;18.89;19.18;0.892;2.57;58.53
1981-12-12;5.52;8.31;11.11;0.0;12.364;1.67;38.79
1981-12-13;6.75;9.06;11.37;25.41;5.174;2.06;66.24
1981-12-14;7.52;8.94;10.36;10.55;4.043;1.58;75.49
1981-12-15;5.73;7.83;9.94;3.81;5.603;1.96;68.57
1981-12-16;2.14;6.73;11.31;0.76;3.896;0.71;51.46
1981-12-17;0.9;5.89;10.88;0.0;10.601;1.38;39.91
1981-12-18;3.7;9.33;14.96;0.0;7.085;0.92;46.38
1981-12-19;5.86;8.96;12.07;2.94;3.711;2.24;62.39
1981-12-20;2.84;8.18;13.51;0.0;8.167;3.03;39.01
1981-12-21;1.36;5.76;10.17;0.0;9.724;2.46;42.07
1981-12-22;3.75;7.34;10.93;3.01;5.364;1.0;55.09
1981-12-23;4.84;8.83;12.82;2.67;4.709;1.11;57.01
1981-12-24;3.04;6.93;10.81;0.0;6.414;1.48;52.85
1981-12-25;1.7;6.26;10.83;0.0;9.264;0.62;55.36
1981-12-26;5.71;7.14;8.58;15.53;3.794;1.2;75.81
1981-12-27;3.63;6.86;10.08;1.32;7.539;1.11;52.73
1981-12-28;2.6;7.25;11.89;0.0;6.254;0.88;57.82
1981-12-29;3.7;9.67;15.64;0.0;11.017;0.91;40.33
1981-12-30;0.65;6.13;11.61;1.39;9.99;1.19;45.33
1981-12-31;0.28;5.72;11.16;0.0;10.258;1.88;37.39
1982-01-01;1.35;6.36;11.37;0.0;7.309;2.7;35.95
1982-01-02;2.01;6.96;11.91;0.0;8.432;2.7;34.44
1982-01-03;1.69;6.56;11.43;0.0;9.228;2.09;36.52
1982-01-04;1.51;5.31;9.12;0.0;5.574;3.2;34.7
1982-01-05;4.77;7.64;10.52;2.05;7.406;1.79;58.55
1982-01-06;6.61;9.42;12.22;0.0;5.012;2.4;51.67
1982-01-07;4.2;8.06;11.92;0.0;5.35;1.99;53.19
1982-01-08;2.01;8.35;14.69;0.0;11.909;1.39;38.63
1982-01-09;6.1;11.7;17.3;0.0;9.501;0.32;43.26
1982-01-10;6.08;11.2;16.33;0.0;8.058;0.4;53.51
1982-01-11;10.59;13.07;15.56;0.0;7.584;0.61;63.08
1982-01-12;10.48;13.73;16.99;0.0;5.632;0.8;34.65
1982-01-13;6.43;11.77;17.1;0.0;10.291;1.2;40.78
1982-01-14;4.31;10.69;17.08;0.0;11.13;2.12;37.75
1982-01-15;3.21;8.73;14.26;0.0;11.355;2.52;31.69
1982-01-16;1.97;4.73;7.49;4.67;2.722;1.61;65.04
1982-01-17;5.64;8.13;10.63;15.95;4.228;1.2;65.3
1982-01-18;8.33;11.13;13.94;3.04;5.122;1.2;69.39
1982-01-19;8.16;12.15;16.14;0.0;8.853;0.97;54.08
1982-01-20;8.0;9.64;11.29;10.21;3.389;0.95;71.85
1982-01-21;9.73;10.23;10.74;14.35;2.564;2.12;75.52
1982-01-22;7.37;11.11;14.84;3.63;7.983;1.7;41.16
1982-01-23;7.51;11.24;14.97;2.65;5.573;0.91;52.1
1982-01-24;5.38;10.16;14.94;1.09;6.469;1.11;50.73
1982-01-25;3.93;8.91;13.89;0.0;9.886;1.22;47.96
1982-01-26;3.5;8.93;14.35;0.0;12.909;0.6;36.92
1982-01-27;2.51;7.58;12.64;0.0;13.166;2.42;28.58
1982-01-28;2.92;5.23;7.55;0.83;4.027;2.83;72.32
1982-01-29;5.5;7.72;9.94;0.0;8.973;1.0;57.28
1982-01-30;3.6;8.71;13.83;0.0;12.271;1.0;38.44
1982-01-31;5.46;9.43;13.4;5.24;6.221;2.44;38.34
1982-02-01;8.29;9.84;11.38;11.76;7.398;0.98;70.09
1982-02-02;7.78;9.54;11.29;9.32;8.637;1.82;63.79
1982-02-03;7.04;9.7;12.36;8.62;9.007;1.94;57.41
1982-02-04;8.31;9.29;10.27;8.27;5.368;0.91;74.56
1982-02-05;5.8;10.16;14.53;0.0;7.728;0.5;49.87
1982-02-06;2.41;8.25;14.1;0.0;13.713;0.48;40.62
1982-02-07;5.17;6.89;8.61;8.01;5.387;1.23;77.85
1982-02-08;5.89;9.6;13.3;4.37;5.295;2.77;57.3
1982-02-09;10.39;11.37;12.34;38.94;2.626;3.5;87.62
1982-02-10;7.06;8.47;9.88;35.2;4.285;3.55;54.52
1982-02-11;0.59;2.02;3.44;0.0;9.59;4.02;39.25
1982-02-12;-3.91;-0.66;2.6;22.02;5.389;2.54;40.1
1982-02-13;-3.06;3.06;9.19;3.63;13.612;2.12;37.02
1982-02-14;-2.73;0.26;3.26;0.0;16.769;1.31;27.65
1982-02-15;-4.87;1.93;8.72;0.0;17.518;0.26;36.64
1982-02-16;0.15;5.2;10.25;0.0;10.449;0.45;44.35
1982-02-17;4.54;7.06;9.58;26.3;7.002;2.38;84.78
1982-02-18;7.66;9.74;11.82;22.81;6.213;1.51;71.28
1982-02-19;1.7;6.05;10.4;0.0;17.382;1.99;38.98
1982-02-20;0.4;5.8;11.2;0.0;15.171;1.31;25.12
1982-02-21;1.75;7.24;12.73;0.0;16.257;2.67;31.36
1982-02-22;-1.29;5.32;11.94;0.0;16.636;2.09;38.78
1982-02-23;2.7;6.23;9.76;8.65;9.504;0.9;55.82
1982-02-24;4.18;7.13;10.08;6.24;6.085;1.89;68.75
1982-02-25;3.18;6.66;10.13;15.09;6.596;0.6;68.76
1982-02-26;4.4;8.31;12.22;28.06;5.174;1.28;59.08
1982-02-27;5.8;7.33;8.87;2.39;8.174;0.7;80.44
1982-02-28;5.7;8.72;11.74;1.28;9.588;0.36;38.38
1982-03-01;2.37;6.3;10.23;0.0;7.354;1.05;38.38
1982-03-02;6.39;8.81;11.23;1.45;13.663;0.7;53.18
1982-03-03;5.42;7.58;9.75;1.7;10.726;2.48;48.43
1982-03-04;6.88;9.19;11.5;0.0;9.631;2.28;58.96
1982-03-05;8.47;11.57;14.68;0.0;15.238;0.8;43.79
1982-03-06;5.8;8.07;10.34;9.66;12.96;1.69;55.43
1982-03-07;5.46;8.73;12.0;0.0;7.036;1.4;74.78
1982-03-08;5.54;10.03;14.51;0.0;12.738;1.66;42.73
1982-03-09;3.3;9.86;16.41;0.0;18.808;1.17;31.49
1982-03-10;1.99;7.13;12.26;0.0;19.886;1.47;24.23
1982-03-11;0.58;6.49;12.4;0.0;20.743;0.88;24.18
1982-03-12;3.83;9.89;15.96;0.0;12.526;0.75;30.09
1982-03-13;4.6;9.57;14.55;3.69;14.092;1.74;46.69
1982-03-14;7.64;8.66;9.69;15.11;3.054;1.28;86.34
1982-03-15;7.46;10.63;13.79;4.81;6.919;0.7;66.89
1982-03-16;7.52;11.97;16.43;3.81;11.935;1.99;56.36
1982-03-17;7.47;10.38;13.28;4.51;12.607;3.04;49.88
1982-03-18;7.94;11.26;14.57;6.0;15.979;1.56;60.59
1982-03-19;8.51;12.02;15.53;3.45;10.526;1.55;60.93
1982-03-20;9.16;13.37;17.57;0.0;18.909;1.65;53.38
1982-03-21;9.35;13.61;17.88;0.0;14.972;0.5;53.19
1982-03-22;12.12;17.27;22.41;0.0;11.134;0.29;40.56
1982-03-23;11.66;17.69;23.71;0.0;12.233;1.06;39.16
1982-03-24;12.64;19.14;25.65;0.0;17.651;0.98;36.01
1982-03-25;15.18;20.52;25.87;0.0;15.363;0.43;40.49
1982-03-26;9.04;15.6;22.16;0.0;20.459;1.37;40.62
1982-03-27;8.33;13.3;18.28;0.0;14.393;1.08;40.53
1982-03-28;7.77;13.94;20.11;3.5;15.079;0.98;42.28
1982-03-29;14.06;14.88;15.7;22.32;9.291;2.48;83.56
1982-03-30;12.0;15.35;18.7;1.76;5.591;0.4;60.38
1982-03-31;12.93;16.8;20.68;0.0;5.129;1.74;61.23
1982-04-01;9.81;13.43;17.05;0.0;17.275;2.39;61.64
1982-04-02;7.84;13.17;18.5;0.0;19.063;2.16;44.96
1982-04-03;10.09;15.64;21.2;0.0;22.713;1.85;36.4
1982-04-04;8.29;15.83;23.38;3.82;18.908;1.56;34.88
1982-04-05;12.21;17.23;22.25;5.93;7.773;0.4;51.51
1982-04-06;11.19;13.84;16.48;4.73;9.984;1.57;65.96
1982-04-07;10.33;15.4;20.47;0.0;15.239;0.5;47.12
1982-04-08;9.92;15.59;21.26;0.0;21.632;1.27;41.07
1982-04-09;12.44;16.98;21.53;3.22;15.261;2.16;50.8
1982-04-10;7.11;11.84;16.57;4.55;15.51;1.79;47.52
1982-04-11;6.49;12.2;17.91;0.0;25.227;1.28;36.3
1982-04-12;7.31;13.24;19.18;0.0;22.254;1.38;39.82
1982-04-13;10.7;14.39;18.08;5.95;15.266;1.58;58.14
1982-04-14;11.46;17.52;23.58;0.0;14.742;1.08;32.68
1982-04-15;7.33;10.82;14.3;0.0;17.087;1.68;56.71
1982-04-16;7.72;11.67;15.62;4.09;18.132;1.58;41.77
1982-04-17;7.78;9.52;11.26;10.4;18.537;1.94;53.62
1982-04-18;5.59;11.42;17.25;1.19;22.509;0.88;39.72
1982-04-19;7.44;11.63;15.82;8.12;15.378;1.28;55.93
1982-04-20;8.42;13.11;17.79;0.0;20.098;0.87;51.03
1982-04-21;7.67;14.63;21.58;0.0;20.05;2.38;42.55
1982-04-22;9.03;13.23;17.42;7.49;16.853;1.97;59.0
1982-04-23;7.44;12.16;16.87;0.0;25.504;1.7;40.57
1982-04-24;5.07;10.3;15.53;1.09;24.703;2.2;22.19
1982-04-25;1.48;10.0;18.51;0.0;24.197;0.3;20.99
1982-04-26;11.21;18.01;24.8;0.0;21.496;2.72;22.8
1982-04-27;11.07;14.21;17.36;12.03;21.402;1.88;36.28
1982-04-28;9.54;13.45;17.36;21.39;12.215;1.69;57.04
1982-04-29;9.73;14.75;19.77;0.0;23.944;1.49;52.16
1982-04-30;8.69;15.09;21.48;0.0;29.447;0.23;33.75
1982-05-01;13.21;20.01;26.81;0.0;20.888;1.2;25.85
1982-05-02;13.22;21.19;29.16;0.0;27.053;1.45;19.74
1982-05-03;11.19;16.37;21.55;0.0;18.863;0.99;45.25
1982-05-04;7.91;15.7;23.48;17.81;11.514;0.37;22.98
1982-05-05;9.73;15.79;21.84;3.2;23.554;0.8;36.77
1982-05-06;13.15;16.48;19.8;1.76;22.541;1.01;58.34
1982-05-07;10.37;16.47;22.58;5.56;8.112;1.2;40.42
1982-05-08;8.26;15.78;23.3;0.0;27.428;0.38;36.49
1982-05-09;11.99;18.84;25.7;0.0;24.816;1.2;33.09
1982-05-10;12.16;15.82;19.48;0.0;25.262;1.2;60.0
1982-05-11;10.57;15.06;19.55;2.46;15.577;1.1;50.39
1982-05-12;10.42;15.23;20.05;3.21;17.861;0.37;48.96
1982-05-13;10.97;15.54;20.11;0.0;20.18;0.7;57.82
1982-05-14;12.85;18.32;23.79;0.0;26.234;1.01;41.72
1982-05-15;12.96;21.52;30.07;0.0;26.037;0.27;28.0
1982-05-16;16.99;24.55;32.12;0.0;12.326;0.57;31.23
1982-05-17;16.34;22.98;29.62;0.0;23.179;1.19;30.24
1982-05-18;16.54;22.1;27.66;0.0;27.598;1.52;37.72
1982-05-19;16.99;24.09;31.19;0.0;24.29;0.91;22.98
1982-05-20;17.04;21.36;25.68;0.0;25.696;1.89;40.73
1982-05-21;16.31;22.43;28.56;0.0;26.27;1.63;32.45
1982-05-22;16.52;22.17;27.83;0.0;25.148;1.88;30.54
1982-05-23;16.51;21.95;27.4;0.0;24.381;1.79;38.18
1982-05-24;14.67;19.39;24.11;0.8;30.599;1.69;28.93
1982-05-25;13.69;20.52;27.34;0.0;23.425;1.2;20.76
1982-05-26;14.36;16.42;18.48;7.11;13.139;3.0;68.41
1982-05-27;13.5;18.89;24.29;0.0;22.548;1.6;31.45
1982-05-28;13.22;19.48;25.73;0.0;28.934;1.74;32.54
1982-05-29;14.86;21.48;28.11;0.0;22.302;1.4;28.89
1982-05-30;15.97;19.14;22.32;15.17;24.881;1.88;28.42
1982-05-31;19.07;19.29;19.5;18.06;16.439;1.69;72.34
1982-06-01;16.88;21.93;26.98;0.81;27.928;1.2;40.23
1982-06-02;17.86;23.3;28.75;0.0;27.634;1.2;38.82
1982-06-03;18.02;22.41;26.79;0.0;29.198;1.69;44.78
1982-06-04;17.75;24.45;31.15;0.0;27.216;0.38;34.97
1982-06-05;20.82;28.09;35.36;0.0;29.828;0.6;27.73
1982-06-06;21.06;28.16;35.25;0.0;30.392;0.89;27.7
1982-06-07;20.99;29.35;37.72;0.0;30.408;1.11;22.33
1982-06-08;19.47;26.49;33.51;0.0;29.391;1.61;25.85
1982-06-09;18.6;24.26;29.92;0.0;27.836;1.92;31.0
1982-06-10;17.88;22.14;26.41;0.0;28.331;1.81;43.41
1982-06-11;17.98;21.48;24.99;0.0;22.659;1.5;47.92
1982-06-12;16.46;23.23;29.99;0.0;24.24;1.41;26.19
1982-06-13;17.33;23.44;29.55;0.0;24.952;1.51;28.94
1982-06-14;17.48;21.66;25.83;0.0;24.668;1.81;48.83
1982-06-15;18.5;20.64;22.78;0.0;21.779;1.72;52.36
1982-06-16;18.89;22.66;26.44;0.0;23.602;2.02;39.29
1982-06-17;19.72;24.1;28.48;0.0;24.96;2.5;38.6
1982-06-18;19.15;24.79;30.43;0.0;27.223;1.91;40.59
1982-06-19;19.89;24.15;28.41;0.12;25.425;2.0;38.0
1982-06-20;19.45;22.85;26.25;2.95;24.191;2.0;53.99
1982-06-21;18.89;22.14;25.39;0.8;21.955;2.0;55.31
1982-06-22;18.44;22.87;27.29;1.07;24.905;1.46;44.27
1982-06-23;17.78;23.69;29.59;0.0;28.096;1.08;26.78
1982-06-24;18.62;25.11;31.59;0.0;28.246;1.1;22.59
1982-06-25;19.86;24.92;29.98;0.0;27.604;1.62;31.1
1982-06-26;18.41;24.38;30.35;0.0;27.817;2.09;37.08
1982-06-27;19.38;25.58;31.78;0.0;25.48;1.88;23.12
1982-06-28;20.25;26.91;33.57;0.0;28.705;1.35;24.6
1982-06-29;19.81;26.82;33.83;0.0;29.965;1.45;22.37
1982-06-30;19.74;28.41;37.08;0.0;28.862;1.04;16.55
1982-07-01;21.04;27.95;34.85;2.36;27.011;2.09;19.37
1982-07-02;19.13;27.35;35.57;0.0;31.88;1.43;14.24
1982-07-03;21.12;28.7;36.27;0.0;29.131;1.46;11.29
1982-07-04;23.04;29.71;36.39;0.0;29.106;1.7;12.23
1982-07-05;21.23;28.19;35.14;0.0;29.411;1.9;22.09
1982-07-06;21.47;27.16;32.85;0.0;26.591;2.19;28.58
1982-07-07;20.53;27.16;33.79;0.0;30.211;1.11;16.97
1982-07-08;21.96;29.3;36.65;0.0;29.011;1.21;16.89
1982-07-09;23.81;30.7;37.59;0.0;29.436;1.89;15.39
1982-07-10;24.29;30.4;36.51;0.0;29.9;2.41;14.01
1982-07-11;22.84;29.99;37.14;0.0;26.45;2.09;19.1
1982-07-12;23.25;27.29;31.33;0.0;26.727;1.9;36.88
1982-07-13;22.16;27.13;32.09;0.0;26.308;1.69;36.14
1982-07-14;20.63;27.29;33.95;0.0;27.537;1.69;32.01
1982-07-15;21.41;29.85;38.3;0.0;26.527;1.4;23.23
1982-07-16;24.74;31.94;39.14;0.0;26.105;1.21;18.07
1982-07-17;25.5;32.73;39.96;0.0;25.616;1.6;15.4
1982-07-18;23.56;29.28;35.01;0.43;18.928;1.99;33.94
1982-07-19;22.47;27.01;31.55;0.0;26.36;2.41;19.53
1982-07-20;20.17;26.02;31.87;0.0;26.789;1.5;13.01
1982-07-21;19.93;26.62;33.31;0.0;29.975;0.57;17.98
1982-07-22;22.37;29.62;36.86;0.0;28.231;1.15;15.51
1982-07-23;23.54;30.82;38.1;0.0;26.612;1.7;14.47
1982-07-24;24.48;30.45;36.41;0.0;24.958;2.08;18.53
1982-07-25;24.23;30.34;36.46;0.0;24.623;1.99;17.97
1982-07-26;23.21;29.72;36.23;0.0;26.178;1.99;19.99
1982-07-27;23.2;28.98;34.77;0.0;25.182;2.28;24.38
1982-07-28;24.0;28.7;33.41;0.0;24.967;2.19;37.11
1982-07-29;24.07;25.36;26.65;0.3;20.014;2.2;50.29
1982-07-30;25.01;28.6;32.19;0.05;23.519;1.28;54.79
1982-07-31;23.37;29.4;35.43;0.0;23.824;1.07;30.07
1982-08-01;23.79;29.07;34.35;0.0;24.538;1.7;30.18
1982-08-02;24.27;29.72;35.17;0.0;20.726;1.09;28.96
1982-08-03;23.54;28.94;34.34;0.0;24.189;2.21;31.01
1982-08-04;22.55;29.15;35.74;0.0;21.087;2.01;29.69
1982-08-05;24.02;29.98;35.94;0.0;20.023;2.09;32.33
1982-08-06;24.41;28.05;31.69;0.0;21.324;2.51;52.96
1982-08-07;24.16;28.63;33.11;0.0;21.909;2.54;41.81
1982-08-08;23.87;29.05;34.24;0.0;23.534;1.81;34.98
1982-08-09;23.42;29.08;34.74;0.0;23.964;1.81;27.37
1982-08-10;23.25;29.99;36.73;0.0;24.502;1.49;23.01
1982-08-11;23.48;30.49;37.51;0.0;24.812;1.18;18.58
1982-08-12;24.48;31.05;37.63;0.0;24.475;1.28;20.89
1982-08-13;24.73;30.84;36.94;0.0;23.477;1.27;23.6
1982-08-14;23.58;28.44;33.3;3.87;19.664;2.2;44.34
1982-08-15;23.89;29.46;35.03;0.0;22.793;1.8;31.69
1982-08-16;24.52;30.66;36.8;0.0;21.554;1.26;26.85
1982-08-17;25.8;32.26;38.72;0.0;24.058;1.84;18.0
1982-08-18;29.62;35.76;41.89;0.0;19.624;1.37;13.55
1982-08-19;25.25;31.55;37.85;0.0;22.886;2.0;31.08
1982-08-20;24.91;30.16;35.4;0.0;22.659;2.09;28.62
1982-08-21;24.91;29.45;33.99;0.0;22.477;1.99;33.96
1982-08-22;24.38;29.38;34.39;0.0;21.201;1.89;38.39
1982-08-23;23.38;29.09;34.79;0.0;21.23;2.13;29.99
1982-08-24;23.59;28.87;34.15;0.0;21.56;2.35;27.22
1982-08-25;22.46;27.23;32.0;0.0;21.71;2.1;25.42
1982-08-26;21.36;26.8;32.24;0.0;22.386;2.18;25.56
1982-08-27;21.06;26.45;31.83;0.0;21.021;2.11;22.51
1982-08-28;21.73;24.97;28.21;0.0;22.361;1.51;47.52
1982-08-29;19.42;25.63;31.83;0.0;22.977;1.15;21.16
1982-08-30;19.72;27.4;35.08;0.0;22.474;0.85;14.26
1982-08-31;21.01;28.27;35.54;0.0;22.851;1.39;19.41
1982-09-01;20.45;27.82;35.19;0.0;21.723;1.5;22.75
1982-09-02;20.85;27.79;34.73;0.0;21.72;1.5;21.58
1982-09-03;20.46;25.95;31.45;0.0;21.33;1.92;24.88
1982-09-04;20.24;26.52;32.79;0.0;20.172;2.1;29.28
1982-09-05;20.71;27.46;34.22;0.0;21.8;1.33;21.0
1982-09-06;21.26;27.48;33.71;0.0;21.321;1.69;22.77
1982-09-07;21.67;27.36;33.05;0.0;21.198;1.9;27.55
1982-09-08;20.92;28.28;35.64;0.0;21.228;1.29;22.78
1982-09-09;21.43;27.18;32.94;0.0;19.642;1.79;28.4
1982-09-10;19.61;26.2;32.79;0.0;21.108;1.4;20.93
1982-09-11;17.92;25.78;33.63;0.0;21.934;1.49;16.08
1982-09-12;17.99;26.15;34.31;0.0;21.414;1.2;16.42
1982-09-13;17.92;26.54;35.15;0.0;21.921;1.09;15.69
1982-09-14;19.69;27.76;35.82;0.0;22.584;0.8;16.27
1982-09-15;20.91;28.45;36.0;0.0;21.203;1.19;18.28
1982-09-16;20.48;27.55;34.63;0.0;20.174;1.78;26.67
1982-09-17;20.16;26.6;33.05;0.0;19.945;1.78;22.51
1982-09-18;17.93;25.54;33.14;0.0;21.165;0.91;10.7
1982-09-19;17.95;26.3;34.64;0.74;21.123;1.13;11.05
1982-09-20;18.57;27.3;36.02;0.0;20.856;1.39;9.84
1982-09-21;19.8;28.23;36.66;0.0;19.116;0.81;8.94
1982-09-22;19.92;27.53;35.14;0.0;19.958;1.43;20.14
1982-09-23;20.83;26.03;31.23;0.0;18.714;1.84;33.63
1982-09-24;18.32;25.7;33.07;0.0;17.003;0.48;31.17
1982-09-25;19.93;26.65;33.37;0.0;19.462;1.21;24.0
1982-09-26;19.75;25.19;30.63;0.0;16.411;2.16;32.46
1982-09-27;18.44;21.76;25.07;5.49;9.399;1.62;47.19
1982-09-28;17.13;21.17;25.22;5.54;14.073;1.0;40.89
1982-09-29;15.98;22.89;29.81;0.0;16.385;1.52;22.07
1982-09-30;19.01;24.08;29.14;11.94;16.489;2.39;18.98
1982-10-01;15.68;19.91;24.15;9.42;4.272;1.74;72.9
1982-10-02;15.21;23.25;31.29;0.0;17.999;1.62;24.85
1982-10-03;18.25;24.33;30.41;9.25;16.495;2.14;25.31
1982-10-04;16.41;21.07;25.73;14.28;11.48;2.48;45.58
1982-10-05;17.64;20.41;23.18;8.41;7.736;2.25;61.47
1982-10-06;17.37;21.69;26.01;0.0;10.666;1.98;62.43
1982-10-07;19.71;24.03;28.35;12.4;14.1;3.17;40.53
1982-10-08;17.92;21.38;24.84;17.74;12.63;2.39;50.15
1982-10-09;13.1;18.84;24.58;8.91;7.757;2.28;41.35
1982-10-10;13.54;19.38;25.21;0.0;17.385;1.73;27.02
1982-10-11;14.64;21.36;28.07;0.0;14.721;2.3;27.26
1982-10-12;18.14;19.98;21.81;15.5;5.964;3.14;65.03
1982-10-13;15.77;18.74;21.72;16.75;8.223;1.83;62.2
1982-10-14;17.19;21.24;25.29;0.15;15.881;0.91;57.72
1982-10-15;16.32;21.45;26.58;0.0;16.982;0.61;53.38
1982-10-16;15.29;20.85;26.41;0.0;15.844;1.19;29.78
1982-10-17;16.1;21.91;27.72;0.0;15.711;0.91;24.96
1982-10-18;15.79;23.02;30.24;0.0;16.398;1.01;22.84
1982-10-19;17.09;24.75;32.41;1.56;16.235;0.82;17.85
1982-10-20;18.13;23.46;28.79;0.0;15.136;1.85;25.54
1982-10-21;16.62;24.18;31.73;0.0;15.168;0.82;20.41
1982-10-22;17.0;23.98;30.95;0.0;15.319;1.23;22.74
1982-10-23;15.54;22.73;29.93;0.0;15.564;1.01;18.97
1982-10-24;15.58;21.75;27.91;0.0;15.085;1.43;22.79
1982-10-25;13.59;20.24;26.9;0.0;13.721;1.37;22.79
1982-10-26;13.4;20.18;26.97;0.0;14.507;1.74;21.75
1982-10-27;12.85;19.86;26.88;0.0;13.751;1.84;25.44
1982-10-28;13.78;20.54;27.29;0.0;14.078;2.04;27.43
1982-10-29;13.05;19.84;26.64;0.0;13.65;1.75;26.06
1982-10-30;14.64;20.3;25.95;0.0;14.062;2.14;34.45
1982-10-31;14.63;19.78;24.93;0.0;13.524;2.54;36.83
1982-11-01;13.97;19.61;25.24;0.0;13.796;2.25;32.1
1982-11-02;12.68;18.88;25.07;0.0;13.49;2.19;30.46
1982-11-03;13.01;18.66;24.32;0.0;13.368;1.32;34.35
1982-11-04;7.6;14.5;21.41;0.0;14.846;1.27;21.85
1982-11-05;6.58;11.89;17.21;40.33;7.277;1.83;36.45
1982-11-06;9.41;12.36;15.31;12.18;9.52;1.21;63.35
1982-11-07;6.03;8.12;10.21;10.66;7.075;2.0;48.25
1982-11-08;4.68;8.39;12.1;18.11;1.863;2.23;73.06
1982-11-09;6.66;9.19;11.72;14.66;2.291;2.84;58.83
1982-11-10;4.79;8.57;12.36;13.46;4.807;2.34;41.92
1982-11-11;5.78;10.33;14.88;0.0;14.863;0.51;50.96
1982-11-12;5.51;11.32;17.14;0.0;11.054;0.53;45.09
1982-11-13;8.24;12.48;16.72;0.0;7.709;0.91;47.12
1982-11-14;9.96;14.06;18.16;0.0;9.208;1.01;46.83
1982-11-15;8.78;13.31;17.84;2.22;8.487;2.13;49.13
1982-11-16;8.89;12.88;16.86;10.03;8.167;1.78;55.83
1982-11-17;10.83;14.36;17.9;12.19;8.007;1.77;64.66
1982-11-18;5.58;10.7;15.81;3.82;6.943;1.58;59.97
1982-11-19;4.65;9.44;14.23;0.0;11.507;0.53;40.53
1982-11-20;4.94;9.55;14.16;0.79;11.347;0.39;42.78
1982-11-21;6.33;11.16;16.0;0.0;12.655;0.79;43.94
1982-11-22;4.01;9.39;14.78;0.0;13.522;1.09;35.28
1982-11-23;4.38;9.22;14.07;0.0;11.725;0.6;37.69
1982-11-24;2.09;7.28;12.46;0.0;8.084;1.04;37.08
1982-11-25;0.04;4.95;9.87;4.02;7.456;2.07;32.93
1982-11-26;0.04;5.01;9.99;0.0;12.23;1.19;40.1
1982-11-27;1.34;6.86;12.38;0.0;11.045;0.29;43.49
1982-11-28;3.52;6.54;9.57;9.9;6.181;1.77;59.94
1982-11-29;-0.22;5.13;10.49;0.0;11.351;2.13;32.9
1982-11-30;-1.52;3.22;7.97;0.0;12.236;1.28;27.41
1982-12-01;-0.5;4.13;8.75;0.62;12.071;0.2;40.68
1982-12-02;4.97;9.37;13.76;4.16;6.096;0.89;55.3
1982-12-03;0.5;5.73;10.96;0.0;11.073;1.08;46.72
1982-12-04;1.09;5.67;10.24;8.65;6.198;1.33;52.91
1982-12-05;4.45;6.6;8.74;1.99;3.322;1.98;69.62
1982-12-06;3.51;7.69;11.87;0.0;8.896;1.77;44.53
1982-12-07;0.83;6.41;11.98;0.0;10.684;1.8;39.41
1982-12-08;3.34;8.39;13.45;0.0;8.005;1.85;42.55
1982-12-09;6.07;9.87;13.67;0.0;7.252;1.58;35.59
1982-12-10;5.39;10.62;15.85;0.0;10.49;1.58;37.07
1982-12-11;3.85;9.47;15.09;0.0;10.6;1.68;39.82
1982-12-12;3.54;9.3;15.06;0.0;9.922;1.17;29.98
1982-12-13;3.28;9.11;14.94;0.0;10.702;1.58;36.4
1982-12-14;1.42;7.36;13.3;0.0;11.432;2.15;25.24
1982-12-15;0.78;6.65;12.52;0.0;11.623;2.16;22.89
1982-12-16;0.58;6.61;12.63;0.06;11.405;1.97;22.73
1982-12-17;0.75;6.76;12.77;0.66;11.455;1.97;20.48
1982-12-18;-0.06;6.11;12.29;0.0;11.358;2.03;22.13
1982-12-19;0.02;6.09;12.16;0.0;11.332;2.36;17.99
1982-12-20;-0.68;5.37;11.41;0.0;10.146;2.16;20.8
1982-12-21;0.04;6.2;12.37;0.0;10.716;2.06;23.53
1982-12-22;1.44;7.83;14.21;0.0;10.028;1.29;22.75
1982-12-23;1.41;7.95;14.49;0.47;9.105;1.65;18.97
1982-12-24;1.02;7.72;14.42;0.53;9.541;1.97;19.68
1982-12-25;0.96;8.6;16.24;0.0;12.08;1.96;18.45
1982-12-26;5.71;12.66;19.6;0.0;12.7;1.29;19.09
1982-12-27;5.74;12.68;19.63;0.0;12.398;1.38;18.66
1982-12-28;5.79;11.22;16.66;0.0;12.15;1.27;17.35
1982-12-29;3.23;9.0;14.77;0.0;11.366;1.29;16.01
1982-12-30;1.34;7.85;14.36;0.44;11.598;1.88;17.98
1982-12-31;-0.54;5.62;11.78;0.0;11.921;1.97;15.66
1983-01-01;-0.34;5.01;10.36;0.0;6.911;1.8;6.8
1983-01-02;1.13;6.43;11.72;0.0;8.189;1.89;12.18
1983-01-03;2.56;7.97;13.38;1.93;9.755;0.91;13.81
1983-01-04;2.02;8.19;14.35;0.0;10.216;0.85;19.06
1983-01-05;3.52;9.72;15.93;0.0;6.877;1.59;32.16
1983-01-06;3.85;9.46;15.08;0.0;9.545;2.59;31.85
1983-01-07;2.56;7.0;11.43;0.0;7.674;2.59;24.08
1983-01-08;-0.84;6.21;13.26;0.47;11.353;1.49;23.11
1983-01-09;1.73;7.29;12.86;0.0;11.708;2.5;17.9
1983-01-10;1.54;5.4;9.26;0.0;10.649;3.21;13.98
1983-01-11;-0.01;4.58;9.17;0.64;3.024;1.69;38.95
1983-01-12;2.43;8.54;14.66;0.0;10.247;0.81;31.7
1983-01-13;3.14;8.15;13.16;0.0;10.042;2.88;22.05
1983-01-14;-0.52;5.79;12.11;0.0;12.992;2.13;21.22
1983-01-15;1.78;8.11;14.43;0.0;12.372;1.12;23.56
1983-01-16;1.43;7.98;14.54;0.0;11.899;0.71;21.92
1983-01-17;6.64;8.86;11.07;2.18;4.208;1.2;59.05
1983-01-18;4.54;10.12;15.7;0.38;5.635;1.4;37.95
1983-01-19;2.52;6.89;11.26;4.37;7.608;2.32;36.38
1983-01-20;2.33;8.07;13.82;0.0;12.669;1.39;36.56
1983-01-21;0.42;6.89;13.36;0.0;14.16;1.81;26.5
1983-01-22;1.5;7.9;14.3;0.0;12.16;1.01;17.23
1983-01-23;2.45;7.27;12.09;1.72;13.668;0.91;14.24
1983-01-24;2.4;8.52;14.63;0.0;12.142;0.62;31.78
1983-01-25;-0.98;5.45;11.88;2.39;13.113;2.54;15.27
1983-01-26;-1.05;4.62;10.29;0.0;10.929;3.31;14.95
1983-01-27;-1.48;4.29;10.05;0.0;15.161;2.85;11.22
1983-01-28;-1.89;4.26;10.42;0.0;15.208;2.62;14.78
1983-01-29;-0.12;5.77;11.66;0.0;9.98;2.34;19.13
1983-01-30;0.35;7.02;13.7;16.44;5.453;1.29;25.39
1983-01-31;2.5;7.86;13.21;0.0;14.038;1.21;39.71
1983-02-01;1.88;8.14;14.41;0.0;8.378;0.51;39.63
1983-02-02;8.93;12.83;16.74;0.96;10.181;0.22;47.48
1983-02-03;5.6;11.25;16.91;2.59;11.957;1.85;38.01
1983-02-04;6.22;9.73;13.24;6.04;8.039;2.04;64.35
1983-02-05;5.56;9.96;14.35;0.0;8.434;1.53;41.93
1983-02-06;5.39;10.61;15.83;0.0;11.855;0.46;43.05
1983-02-07;4.64;10.29;15.94;0.79;13.653;1.02;38.8
1983-02-08;7.33;12.7;18.07;0.0;6.318;1.44;37.74
1983-02-09;5.56;11.88;18.19;0.0;12.081;1.71;34.38
1983-02-10;8.58;12.76;16.94;13.21;4.872;2.89;29.97
1983-02-11;9.3;10.93;12.56;42.3;3.749;3.5;73.62
1983-02-12;7.78;8.6;9.42;17.07;4.768;4.15;72.29
1983-02-13;4.93;9.6;14.27;2.48;14.064;1.64;48.73
1983-02-14;3.69;8.78;13.87;0.0;15.685;1.7;31.91
1983-02-15;2.57;8.32;14.07;0.0;15.659;2.76;33.11
1983-02-16;2.16;8.4;14.64;0.0;14.694;3.0;27.56
1983-02-17;7.19;8.79;10.4;5.54;5.921;2.43;49.07
1983-02-18;6.61;10.37;14.12;17.88;11.748;1.31;75.66
1983-02-19;6.75;11.7;16.65;0.0;15.69;0.6;46.12
1983-02-20;4.79;11.45;18.11;0.0;17.395;0.18;37.49
1983-02-21;6.18;11.65;17.12;0.0;16.885;0.7;39.68
1983-02-22;6.99;10.98;14.98;0.0;9.887;2.84;31.17
1983-02-23;6.03;9.0;11.96;0.0;11.759;3.66;26.48
1983-02-24;4.95;9.68;14.4;4.52;6.788;3.24;31.83
1983-02-25;5.25;8.49;11.73;24.66;4.14;1.87;76.87
1983-02-26;4.34;8.62;12.9;13.47;8.05;1.18;52.96
1983-02-27;6.08;9.25;12.43;1.76;4.493;0.9;77.85
1983-02-28;5.9;10.7;15.5;4.2;12.377;1.77;54.91
1983-03-01;7.42;10.43;13.45;12.82;10.281;1.59;55.72
1983-03-02;6.08;9.91;13.75;3.74;6.867;1.5;55.19
1983-03-03;7.46;11.93;16.4;0.0;18.166;1.77;45.93
1983-03-04;5.88;13.23;20.59;0.0;18.684;0.39;45.53
1983-03-05;8.42;13.41;18.4;0.0;19.006;1.35;37.19
1983-03-06;7.66;13.49;19.32;0.0;17.752;1.97;34.69
1983-03-07;7.17;13.5;19.83;0.0;15.221;1.96;36.57
1983-03-08;7.24;12.04;16.84;1.64;13.266;1.49;47.3
1983-03-09;7.11;9.52;11.92;3.11;8.432;1.09;50.73
1983-03-10;6.35;11.7;17.05;0.0;13.514;0.79;34.76
1983-03-11;6.34;12.53;18.72;0.0;18.59;0.19;33.34
1983-03-12;5.89;11.32;16.75;0.0;20.149;1.0;25.18
1983-03-13;5.38;11.75;18.13;0.0;20.446;0.69;21.54
1983-03-14;8.13;13.37;18.61;0.0;11.537;0.7;26.43
1983-03-15;7.1;12.86;18.62;0.77;17.441;1.94;26.7
1983-03-16;5.22;12.7;20.17;0.0;18.851;2.07;24.08
1983-03-17;6.39;14.14;21.9;0.0;19.618;0.88;26.16
1983-03-18;8.75;15.37;21.99;0.0;20.169;1.27;32.93
1983-03-19;8.21;16.57;24.92;0.0;20.14;0.59;21.39
1983-03-20;11.28;17.34;23.39;0.0;15.358;2.35;28.03
1983-03-21;11.11;14.49;17.88;0.0;6.109;2.11;32.94
1983-03-22;10.34;15.89;21.45;1.64;15.104;0.99;34.37
1983-03-23;10.12;13.38;16.65;0.0;12.779;1.27;48.09
1983-03-24;9.74;15.14;20.55;3.82;13.562;0.79;32.35
1983-03-25;8.4;12.72;17.04;1.61;12.016;1.17;47.13
1983-03-26;7.88;13.3;18.73;0.0;17.595;0.68;33.64
1983-03-27;7.29;13.2;19.11;0.0;21.832;1.18;32.03
1983-03-28;8.48;13.87;19.26;0.74;14.236;0.75;36.14
1983-03-29;10.03;13.52;17.01;1.9;15.845;1.96;55.88
1983-03-30;10.05;16.33;22.61;0.0;15.003;0.79;32.69
1983-03-31;7.94;15.54;23.14;0.35;24.075;0.57;22.56
1983-04-01;9.21;16.83;24.45;0.0;23.509;0.72;18.34
1983-04-02;12.01;18.84;25.68;0.0;22.624;0.5;22.72
1983-04-03;11.03;18.39;25.75;0.0;17.31;0.25;26.57
1983-04-04;11.6;18.29;24.98;0.0;23.475;0.97;28.58
1983-04-05;10.35;16.97;23.59;0.0;24.759;1.07;33.7
1983-04-06;9.74;17.5;25.25;0.0;24.924;0.79;28.23
1983-04-07;11.57;18.82;26.08;0.0;22.136;0.61;24.27
1983-04-08;14.8;21.44;28.07;0.0;22.265;0.68;13.98
1983-04-09;9.34;14.72;20.1;0.0;15.11;1.93;33.86
1983-04-10;7.74;14.39;21.03;0.0;22.486;0.59;30.02
1983-04-11;8.85;16.57;24.28;0.0;24.035;0.77;26.92
1983-04-12;12.5;19.09;25.69;0.0;13.889;1.58;28.03
1983-04-13;14.69;19.82;24.94;6.06;9.992;0.78;29.76
1983-04-14;15.98;20.86;25.74;0.0;10.432;1.18;40.5
1983-04-15;15.28;19.4;23.52;2.65;10.996;1.52;47.47
1983-04-16;15.13;19.48;23.82;1.93;10.163;0.99;51.81
1983-04-17;13.8;19.15;24.5;0.0;16.039;0.39;39.22
1983-04-18;15.11;21.19;27.27;7.87;13.52;0.74;33.74
1983-04-19;15.09;20.02;24.95;0.0;14.681;0.49;43.59
1983-04-20;10.41;16.79;23.16;3.47;19.232;1.28;36.47
1983-04-21;9.7;16.05;22.4;0.0;23.69;0.9;35.12
1983-04-22;10.22;16.66;23.1;0.0;26.903;0.4;27.38
1983-04-23;13.07;20.3;27.52;0.0;12.437;0.27;23.44
1983-04-24;14.72;21.46;28.19;2.73;12.27;0.57;31.82
1983-04-25;13.43;19.84;26.24;0.0;16.717;1.1;37.77
1983-04-26;10.28;14.23;18.17;4.73;11.886;0.8;69.05
1983-04-27;9.26;15.12;20.98;7.38;21.025;1.59;42.14
1983-04-28;10.55;16.02;21.49;7.93;21.226;1.31;41.3
1983-04-29;13.52;17.69;21.86;2.63;15.882;0.39;40.27
1983-04-30;12.12;17.93;23.74;0.0;19.441;0.8;48.26
1983-05-01;13.61;17.12;20.63;7.26;16.661;0.9;52.67
1983-05-02;13.64;17.72;21.8;0.0;18.901;0.8;53.09
1983-05-03;15.39;22.36;29.32;0.0;25.655;1.6;30.09
1983-05-04;15.78;16.89;18.0;4.89;4.8;2.85;71.51
1983-05-05;14.02;16.45;18.87;9.29;17.79;1.89;59.4
1983-05-06;13.04;15.86;18.68;8.75;13.278;1.6;54.15
1983-05-07;12.81;16.21;19.62;10.91;16.922;1.01;55.05
1983-05-08;12.98;16.39;19.8;1.02;16.566;0.8;46.82
1983-05-09;11.35;15.75;20.16;1.96;23.21;0.9;49.24
1983-05-10;12.5;16.65;20.8;1.23;17.877;1.39;46.29
1983-05-11;15.06;16.89;18.72;8.27;13.274;2.2;51.78
1983-05-12;13.75;16.48;19.2;0.0;15.077;0.7;47.28
1983-05-13;13.09;14.32;15.56;22.85;13.223;0.7;60.15
1983-05-14;11.5;12.99;14.48;14.98;5.9;1.89;87.56
1983-05-15;14.3;18.41;22.53;0.0;24.023;1.49;48.69
1983-05-16;14.04;18.55;23.06;4.97;17.023;2.61;34.75
1983-05-17;14.58;17.17;19.76;5.24;17.85;1.89;65.06
1983-05-18;16.11;18.64;21.18;0.0;24.401;1.42;63.78
1983-05-19;16.02;19.0;21.98;0.0;23.203;1.39;62.15
1983-05-20;13.17;20.54;27.91;0.0;25.008;0.91;33.14
1983-05-21;16.24;22.66;29.07;0.0;22.518;1.89;35.23
1983-05-22;12.51;17.38;22.25;0.0;25.957;1.3;41.99
1983-05-23;12.17;18.59;25.02;0.0;24.43;1.4;32.48
1983-05-24;13.43;19.98;26.53;0.0;27.689;1.1;33.67
1983-05-25;15.69;24.42;33.15;0.0;28.331;0.6;20.79
1983-05-26;18.42;26.62;34.82;0.0;29.331;0.89;20.77
1983-05-27;20.04;28.19;36.34;0.45;27.465;0.6;20.71
1983-05-28;20.84;28.58;36.32;0.0;28.198;0.74;20.56
1983-05-29;20.63;28.49;36.36;0.0;26.053;0.62;19.63
1983-05-30;20.5;28.52;36.54;0.0;25.55;0.46;19.5
1983-05-31;19.18;25.71;32.25;0.0;28.932;1.4;30.58
1983-06-01;18.51;22.79;27.06;0.0;31.598;1.69;42.75
1983-06-02;18.2;22.99;27.78;0.0;25.551;1.88;45.03
1983-06-03;18.03;23.23;28.43;0.0;26.691;1.98;33.68
1983-06-04;16.7;24.34;31.99;0.0;30.897;1.4;21.86
1983-06-05;17.8;25.81;33.83;0.0;31.25;0.84;15.81
1983-06-06;18.96;27.78;36.59;0.0;32.153;0.82;12.28
1983-06-07;20.9;29.55;38.2;0.0;26.863;1.31;11.55
1983-06-08;20.35;29.83;39.31;0.0;25.997;1.31;14.87
1983-06-09;20.39;27.48;34.56;0.0;28.779;1.82;21.77
1983-06-10;19.86;26.14;32.43;0.0;28.973;1.73;27.17
1983-06-11;19.47;24.73;29.99;0.0;26.208;2.87;25.07
1983-06-12;18.75;24.44;30.13;0.0;27.483;2.01;18.27
1983-06-13;18.75;27.65;36.55;0.0;29.799;1.3;18.95
1983-06-14;22.18;31.36;40.54;0.0;28.394;0.66;9.9
1983-06-15;23.87;32.32;40.77;0.0;30.103;1.0;13.25
1983-06-16;24.02;32.42;40.83;0.0;30.587;1.17;11.62
1983-06-17;22.12;28.9;35.67;0.0;29.927;2.0;24.48
1983-06-18;21.5;27.39;33.27;0.0;28.412;1.91;25.58
1983-06-19;21.36;27.38;33.41;0.0;28.385;1.82;28.64
1983-06-20;21.67;27.02;32.36;0.0;27.122;2.01;27.59
1983-06-21;22.7;27.73;32.76;0.0;27.668;2.39;25.32
1983-06-22;19.36;24.76;30.16;0.0;23.638;2.69;22.86
1983-06-23;17.79;23.76;29.73;0.0;29.18;2.1;24.34
1983-06-24;18.43;24.39;30.35;0.0;25.812;1.92;22.79
1983-06-25;18.41;24.23;30.04;3.09;25.894;2.29;31.08
1983-06-26;16.4;19.16;21.93;14.63;32.75;3.42;22.91
1983-06-27;17.25;24.31;31.38;0.0;29.999;1.7;15.13
1983-06-28;18.8;26.02;33.23;0.0;31.52;1.21;15.41
1983-06-29;19.72;26.75;33.77;0.0;27.717;1.8;19.59
1983-06-30;19.56;26.49;33.43;0.0;30.214;1.6;23.43
1983-07-01;18.9;25.86;32.83;0.0;27.9;2.09;27.83
1983-07-02;19.07;25.75;32.44;0.0;28.704;2.0;20.14
1983-07-03;18.36;26.2;34.05;0.0;29.916;0.96;14.24
1983-07-04;19.75;28.03;36.31;0.0;30.501;1.31;16.1
1983-07-05;21.5;28.61;35.73;0.0;30.451;1.54;15.58
1983-07-06;21.79;28.77;35.74;0.0;29.855;1.7;17.24
1983-07-07;21.41;28.37;35.33;0.0;31.223;0.72;10.66
1983-07-08;21.93;29.7;37.48;0.0;31.74;1.1;10.72
1983-07-09;21.95;27.62;33.28;0.0;27.971;2.09;24.07
1983-07-10;19.68;28.39;37.1;0.0;31.544;1.3;12.34
1983-07-11;20.98;29.13;37.28;0.0;30.022;1.5;11.31
1983-07-12;22.72;29.3;35.88;0.0;29.278;1.69;12.93
1983-07-13;21.53;29.41;37.29;0.0;28.555;1.69;10.73
1983-07-14;23.17;31.01;38.85;0.0;29.705;1.7;9.35
1983-07-15;24.16;31.63;39.09;0.0;27.923;1.88;14.6
1983-07-16;23.66;28.98;34.29;0.0;28.051;2.19;15.15
1983-07-17;23.59;28.85;34.11;0.0;27.664;1.98;14.27
1983-07-18;23.55;29.88;36.22;0.0;27.143;1.79;16.57
1983-07-19;23.97;29.53;35.09;0.0;26.795;1.89;19.16
1983-07-20;22.61;28.95;35.29;0.0;28.534;1.7;20.03
1983-07-21;22.81;27.57;32.33;0.0;26.208;2.19;22.61
1983-07-22;22.09;27.59;33.08;0.0;25.682;2.3;24.54
1983-07-23;22.04;28.41;34.79;0.0;25.124;1.99;25.06
1983-07-24;21.8;28.98;36.15;0.0;25.363;1.99;24.21
1983-07-25;22.28;28.68;35.07;0.0;25.136;1.99;23.16
1983-07-26;21.91;28.0;34.09;0.0;24.921;1.93;28.27
1983-07-27;23.01;29.13;35.26;0.0;24.733;1.9;27.44
1983-07-28;22.68;29.54;36.41;0.0;25.815;1.79;19.78
1983-07-29;23.09;31.09;39.1;0.0;27.213;1.18;15.28
1983-07-30;23.77;31.01;38.25;0.0;26.665;1.39;17.52
1983-07-31;23.38;29.99;36.6;0.0;25.91;1.42;23.9
1983-08-01;22.59;28.47;34.34;0.0;25.388;1.81;24.8
1983-08-02;21.33;28.11;34.9;0.0;24.189;1.99;27.63
1983-08-03;22.63;29.02;35.42;0.0;24.388;2.12;23.24
1983-08-04;22.25;29.13;36.0;0.0;26.22;2.3;13.57
1983-08-05;21.62;28.34;35.05;0.0;24.614;1.81;17.07
1983-08-06;22.56;29.26;35.95;0.0;24.973;1.25;17.58
1983-08-07;24.0;30.45;36.89;0.0;24.722;1.7;13.56
1983-08-08;25.4;31.66;37.92;0.0;24.81;0.89;18.92
1983-08-09;24.36;31.41;38.46;0.0;25.049;1.2;18.0
1983-08-10;24.7;31.58;38.46;0.0;24.798;0.88;18.04
1983-08-11;24.92;33.2;41.48;0.0;23.248;1.0;10.44
1983-08-12;25.69;33.04;40.39;0.0;22.984;1.19;13.39
1983-08-13;24.25;31.38;38.51;0.0;25.787;1.91;6.28
1983-08-14;24.07;31.27;38.46;1.5;25.737;2.19;5.3
1983-08-15;24.26;31.4;38.54;0.0;25.101;2.28;8.87
1983-08-16;24.13;31.6;39.07;0.0;24.728;1.7;7.3
1983-08-17;23.89;31.71;39.52;0.0;23.793;1.39;17.84
1983-08-18;23.9;29.43;34.95;0.0;22.734;2.0;28.93
1983-08-19;24.4;28.65;32.91;0.0;23.159;2.1;31.04
1983-08-20;23.35;26.83;30.31;6.27;21.18;1.67;40.94
1983-08-21;21.97;28.93;35.9;0.0;23.188;1.37;22.49
1983-08-22;23.24;31.35;39.46;0.0;24.189;0.52;14.1
1983-08-23;25.17;33.95;42.73;0.0;24.708;1.07;8.13
1983-08-24;23.9;30.21;36.52;0.0;23.411;1.67;19.4
1983-08-25;21.73;27.51;33.28;0.0;21.52;1.69;16.87
1983-08-26;20.53;27.25;33.98;0.68;21.907;1.26;14.96
1983-08-27;22.91;29.56;36.22;0.0;23.288;1.42;16.56
1983-08-28;23.0;29.13;35.25;0.0;22.385;1.51;23.9
1983-08-29;21.65;27.56;33.48;0.0;19.919;1.79;27.61
1983-08-30;20.62;28.45;36.27;0.0;21.727;1.68;22.48
1983-08-31;21.9;30.47;39.05;0.0;23.486;1.19;11.42
1983-09-01;23.17;30.65;38.13;0.0;23.446;1.59;14.09
1983-09-02;22.56;30.17;37.78;1.03;23.111;1.39;13.31
1983-09-03;24.75;30.96;37.18;0.0;23.157;1.78;22.05
1983-09-04;23.6;31.26;38.92;0.0;23.064;0.94;15.83
1983-09-05;24.8;33.04;41.27;0.0;20.041;0.53;13.61
1983-09-06;25.01;33.51;42.0;0.0;18.534;0.61;13.76
1983-09-07;23.71;30.25;36.8;0.0;22.098;1.59;27.75
1983-09-08;23.69;29.46;35.23;0.0;22.278;1.29;29.39
1983-09-09;22.22;30.29;38.36;0.0;21.638;0.73;18.75
1983-09-10;22.91;31.48;40.04;0.0;20.572;1.19;21.12
1983-09-11;22.84;28.98;35.12;0.0;21.777;1.77;29.75
1983-09-12;22.63;27.71;32.8;0.0;19.151;1.78;34.38
1983-09-13;21.2;26.55;31.91;0.0;17.086;2.29;31.67
1983-09-14;21.08;25.05;29.01;0.0;14.917;2.28;38.79
1983-09-15;20.16;23.75;27.34;0.0;13.559;1.78;47.95
1983-09-16;18.47;24.73;31.0;0.0;20.854;0.59;22.04
1983-09-17;19.46;25.84;32.23;0.0;21.669;0.89;13.29
1983-09-18;19.45;27.0;34.55;0.0;19.948;1.69;15.33
1983-09-19;19.06;27.43;35.8;0.0;20.22;2.16;11.33
1983-09-20;19.59;27.03;34.47;0.0;20.189;2.22;17.11
1983-09-21;19.28;27.22;35.16;0.0;19.281;1.79;14.78
1983-09-22;19.77;28.41;37.05;0.0;19.079;0.64;9.15
1983-09-23;23.2;29.63;36.06;0.0;19.867;0.24;8.65
1983-09-24;21.71;27.75;33.79;0.0;18.046;1.51;24.76
1983-09-25;20.87;27.38;33.9;0.0;17.677;1.32;28.56
1983-09-26;21.22;27.42;33.62;0.0;18.069;1.84;24.62
1983-09-27;21.6;26.34;31.08;0.0;17.359;2.03;34.9
1983-09-28;20.98;23.68;26.37;0.0;15.625;2.29;62.94
1983-09-29;17.93;23.46;28.99;0.0;16.46;2.02;30.3
1983-09-30;15.31;23.4;31.49;0.0;19.25;0.6;14.33
1983-10-01;16.51;25.88;35.24;0.0;19.874;0.4;7.87
1983-10-02;16.56;25.06;33.56;0.0;19.635;1.1;10.25
1983-10-03;19.39;26.59;33.79;0.0;18.924;1.52;12.35
1983-10-04;17.92;26.2;34.47;0.0;18.275;0.71;13.91
1983-10-05;18.29;25.41;32.52;0.0;18.583;1.42;22.9
1983-10-06;19.25;24.32;29.4;0.0;16.423;1.74;29.23
1983-10-07;18.38;23.36;28.34;0.0;16.719;1.93;32.28
1983-10-08;17.9;23.88;29.86;0.0;17.26;0.81;27.2
1983-10-09;17.98;22.88;27.78;0.0;13.999;2.92;18.52
1983-10-10;15.7;22.8;29.9;0.0;16.793;2.79;14.61
1983-10-11;15.54;23.48;31.43;0.0;16.896;0.89;12.24
1983-10-12;16.1;23.82;31.54;0.0;17.095;1.42;12.84
1983-10-13;15.22;21.89;28.57;0.0;13.029;1.74;17.31
1983-10-14;19.21;26.77;34.33;0.0;11.338;2.72;4.87
1983-10-15;20.53;26.58;32.63;0.0;7.975;1.32;16.1
1983-10-16;18.81;24.81;30.81;0.0;12.907;1.44;22.75
1983-10-17;20.14;27.0;33.87;1.53;12.719;0.29;11.48
1983-10-18;18.83;26.53;34.23;0.0;14.939;0.71;14.21
1983-10-19;17.8;25.15;32.5;0.0;16.133;1.58;13.79
1983-10-20;17.11;25.43;33.75;0.0;15.858;0.91;13.06
1983-10-21;16.11;22.2;28.29;0.0;15.735;1.01;20.13
1983-10-22;13.82;19.56;25.31;0.0;16.363;2.08;17.83
1983-10-23;10.48;16.84;23.2;0.0;15.898;2.63;11.84
1983-10-24;9.82;17.01;24.2;0.0;15.165;2.39;12.48
1983-10-25;9.74;15.71;21.67;0.19;15.144;3.3;5.98
1983-10-26;10.0;15.56;21.12;0.0;15.164;3.31;12.73
1983-10-27;9.34;16.05;22.77;0.0;13.663;2.58;12.14
1983-10-28;12.74;19.05;25.35;0.0;12.836;2.14;10.44
1983-10-29;10.62;18.14;25.66;0.0;13.768;2.26;10.05
1983-10-30;6.92;13.73;20.55;0.11;12.565;3.35;8.47
1983-10-31;9.72;13.71;17.69;5.36;10.435;3.78;32.22
1983-11-01;10.03;12.69;15.35;5.39;2.505;3.52;51.16
1983-11-02;13.3;17.85;22.4;5.18;12.711;3.35;24.95
1983-11-03;11.12;14.07;17.03;20.46;3.408;3.3;41.92
1983-11-04;9.88;11.41;12.94;7.35;0.9;3.3;71.21
1983-11-05;12.51;16.65;20.79;4.02;9.568;1.21;49.35
1983-11-06;12.79;15.76;18.73;4.08;6.613;1.21;63.67
1983-11-07;13.13;14.84;16.56;14.52;1.943;1.91;75.03
1983-11-08;12.95;16.54;20.13;0.0;8.523;1.21;48.36
1983-11-09;12.94;17.7;22.46;0.0;9.247;2.24;52.14
1983-11-10;11.87;17.29;22.7;3.24;8.884;0.68;47.08
1983-11-11;11.71;17.19;22.67;0.0;11.975;0.4;41.35
1983-11-12;10.84;16.48;22.13;0.0;12.45;1.1;36.82
1983-11-13;9.37;15.65;21.93;0.0;12.074;1.21;37.62
1983-11-14;11.61;15.31;19.01;8.07;4.399;1.1;58.59
1983-11-15;11.95;17.29;22.62;0.0;10.115;0.66;42.44
1983-11-16;11.06;16.57;22.09;0.0;10.018;1.09;45.22
1983-11-17;8.55;12.63;16.72;47.14;4.457;1.89;62.34
1983-11-18;10.41;14.18;17.94;10.89;8.248;2.15;71.8
1983-11-19;11.8;13.53;15.26;11.67;2.301;1.37;77.08
1983-11-20;-0.36;6.39;13.13;58.4;6.291;0.91;54.51
1983-11-21;7.52;10.88;14.24;2.73;7.664;1.18;61.64
1983-11-22;8.8;12.93;17.06;0.0;11.121;0.81;46.65
1983-11-23;7.44;12.83;18.22;0.0;9.058;0.2;51.69
1983-11-24;8.96;13.49;18.01;0.0;10.414;0.98;46.82
1983-11-25;7.96;11.88;15.81;0.0;8.777;2.65;46.82
1983-11-26;7.51;10.87;14.23;3.11;4.878;0.99;61.57
1983-11-27;9.1;13.71;18.33;0.0;8.184;1.97;44.53
1983-11-28;9.19;12.56;15.94;0.0;3.891;2.59;60.29
1983-11-29;10.12;13.64;17.16;0.0;7.557;1.38;53.99
1983-11-30;9.3;12.6;15.89;0.0;6.173;0.7;60.92
1983-12-01;9.33;13.24;17.15;0.0;8.141;0.89;50.04
1983-12-02;10.15;13.79;17.43;1.6;7.087;1.17;47.18
1983-12-03;7.49;12.27;17.05;5.48;6.16;1.16;51.55
1983-12-04;6.58;11.12;15.66;0.0;8.521;0.99;48.18
1983-12-05;9.17;12.71;16.26;1.51;3.663;1.58;62.07
1983-12-06;6.63;11.02;15.4;0.0;8.277;2.53;43.47
1983-12-07;6.7;9.15;11.6;11.52;5.227;0.89;68.85
1983-12-08;7.41;11.76;16.11;0.0;8.29;1.97;40.13
1983-12-09;5.72;11.09;16.47;0.0;10.327;0.82;41.97
1983-12-10;6.11;11.15;16.2;0.0;10.117;1.05;42.78
1983-12-11;4.85;9.43;14.01;0.0;9.033;2.06;38.36
1983-12-12;0.56;5.27;9.98;0.0;10.37;1.86;35.39
1983-12-13;-1.47;4.68;10.84;0.0;10.069;0.71;26.52
1983-12-14;-0.4;5.67;11.74;0.0;11.07;1.29;21.01
1983-12-15;-0.65;3.02;6.7;0.0;5.125;3.17;31.29
1983-12-16;1.51;5.62;9.73;0.0;7.072;1.48;36.49
1983-12-17;0.19;5.33;10.47;0.0;10.556;1.18;38.59
1983-12-18;2.01;6.77;11.54;0.0;7.42;0.4;37.06
1983-12-19;2.02;4.76;7.5;3.0;1.853;1.77;56.65
1983-12-20;1.61;6.38;11.15;0.0;6.72;2.9;55.81
1983-12-21;1.22;5.18;9.14;0.0;4.587;1.97;63.46
1983-12-22;4.66;10.45;16.24;0.0;10.028;0.71;36.84
1983-12-23;4.39;9.21;14.04;0.0;10.214;1.38;40.34
1983-12-24;4.41;9.46;14.51;0.0;6.242;2.06;28.46
1983-12-25;3.72;9.18;14.63;0.0;10.212;2.16;27.36
1983-12-26;2.75;8.23;13.71;0.0;9.283;2.46;34.6
1983-12-27;2.99;9.08;15.17;0.0;9.095;1.29;33.48
1983-12-28;4.19;10.1;16.01;0.0;10.548;1.11;32.18
1983-12-29;4.4;10.49;16.58;0.0;11.546;1.29;19.15
1983-12-30;2.36;8.69;15.01;0.0;11.696;1.57;20.93
1983-12-31;-0.15;5.48;11.12;1.11;9.727;2.58;19.85
1984-01-01;-0.27;3.21;6.68;0.77;2.621;2.5;56.2
1984-01-02;5.01;6.62;8.23;17.41;1.576;0.91;75.71
1984-01-03;6.51;8.64;10.77;6.28;3.02;1.79;74.34
1984-01-04;7.29;8.72;10.16;4.78;4.279;1.79;73.64
1984-01-05;6.66;9.78;12.89;4.22;5.753;0.67;72.88
1984-01-06;9.22;12.9;16.58;0.0;7.841;0.93;55.07
1984-01-07;6.0;12.06;18.13;0.0;9.093;0.52;46.17
1984-01-08;7.58;13.03;18.48;0.0;9.622;1.1;39.33
1984-01-09;7.74;11.97;16.2;0.0;4.831;1.45;46.98
1984-01-10;10.14;11.89;13.65;0.0;4.082;0.91;62.6
1984-01-11;9.66;11.57;13.48;1.81;4.826;1.28;72.29
1984-01-12;6.58;9.5;12.43;7.14;7.821;2.33;62.88
1984-01-13;7.56;8.55;9.55;13.74;4.231;1.71;67.97
1984-01-14;5.68;8.82;11.96;7.33;4.442;0.4;74.93
1984-01-15;3.64;9.03;14.42;0.0;11.717;0.71;39.99
1984-01-16;4.1;7.35;10.61;3.26;7.684;1.11;60.8
1984-01-17;5.77;10.35;14.93;0.0;9.014;1.3;41.05
1984-01-18;5.03;7.99;10.95;0.0;6.216;2.42;56.88
1984-01-19;3.4;7.17;10.94;3.07;6.929;1.01;59.0
1984-01-20;4.47;8.57;12.68;0.97;12.383;0.48;53.75
1984-01-21;5.44;9.61;13.77;0.0;3.376;2.02;40.35
1984-01-22;3.59;7.48;11.37;0.0;8.152;3.65;31.26
1984-01-23;2.15;6.58;11.0;2.41;4.139;3.27;41.33
1984-01-24;7.84;8.31;8.78;9.63;4.331;3.52;70.51
1984-01-25;7.34;8.52;9.69;16.68;3.14;1.62;79.3
1984-01-26;5.78;10.3;14.83;4.23;6.438;2.23;55.54
1984-01-27;2.91;8.19;13.47;2.91;14.18;1.31;44.18
1984-01-28;8.38;10.76;13.14;9.59;3.498;3.3;72.21
1984-01-29;9.28;10.96;12.65;0.0;5.229;1.91;69.38
1984-01-30;5.83;11.05;16.27;0.0;8.841;1.65;44.9
1984-01-31;4.79;9.43;14.07;0.47;10.58;2.57;41.13
1984-02-01;5.65;9.98;14.31;0.0;10.994;2.04;41.53
1984-02-02;4.23;8.43;12.63;0.0;4.237;3.12;38.07
1984-02-03;4.93;7.06;9.19;11.04;5.004;1.64;73.84
1984-02-04;1.95;7.09;12.24;0.0;14.357;1.44;33.84
1984-02-05;0.51;4.76;9.02;0.85;8.093;3.13;37.78
1984-02-06;4.59;6.61;8.63;2.47;4.825;1.74;59.9
1984-02-07;3.4;9.5;15.61;0.0;8.118;1.78;44.43
1984-02-08;5.13;11.05;16.97;0.32;9.437;1.63;47.13
1984-02-09;3.72;9.12;14.51;0.0;14.973;0.81;31.21
1984-02-10;2.21;8.6;14.99;0.0;14.026;2.35;28.23
1984-02-11;3.14;9.48;15.83;0.0;9.669;3.17;25.25
1984-02-12;4.54;9.61;14.67;0.16;10.638;2.88;23.98
1984-02-13;2.25;8.75;15.24;15.4;11.962;3.15;33.57
1984-02-14;8.63;8.8;8.96;26.79;1.906;3.0;82.15
1984-02-15;5.71;7.14;8.57;3.56;2.496;1.0;73.91
1984-02-16;7.54;12.53;17.52;0.0;10.981;0.4;41.85
1984-02-17;6.75;10.55;14.35;1.88;11.148;1.36;51.9
1984-02-18;6.87;11.47;16.07;0.0;14.195;1.41;42.33
1984-02-19;9.14;11.38;13.62;22.75;10.55;1.8;63.96
1984-02-20;6.59;12.14;17.69;0.0;12.963;0.7;48.23
1984-02-21;8.58;13.11;17.64;0.0;17.213;1.89;47.25
1984-02-22;8.09;10.41;12.74;5.42;6.684;2.14;66.72
1984-02-23;8.26;10.79;13.32;4.35;7.388;2.09;62.77
1984-02-24;9.33;9.87;10.41;31.52;2.872;2.3;87.26
1984-02-25;5.85;9.9;13.95;3.38;4.727;1.3;54.18
1984-02-26;4.6;11.09;17.58;0.0;13.213;1.49;41.46
1984-02-27;7.47;9.83;12.2;5.06;6.061;1.19;74.42
1984-02-28;10.34;12.06;13.78;9.09;10.624;1.54;58.69
1984-02-29;8.61;12.37;16.12;2.42;18.141;1.67;55.46
1984-03-01;7.34;12.48;17.62;0.0;18.046;0.99;42.42
1984-03-02;7.94;13.74;19.54;0.0;18.526;0.9;52.09
1984-03-03;7.97;13.74;19.52;0.0;18.522;0.85;48.74
1984-03-04;7.41;12.17;16.92;0.0;11.025;1.2;53.06
1984-03-05;7.37;9.85;12.33;8.29;11.891;2.46;59.29
1984-03-06;4.04;7.88;11.72;10.99;19.835;2.28;51.72
1984-03-07;2.49;6.94;11.38;0.0;15.97;1.93;42.2
1984-03-08;1.53;4.71;7.88;0.0;20.951;0.89;24.21
1984-03-09;0.06;5.27;10.48;0.0;19.974;1.81;18.12
1984-03-10;3.17;4.84;6.51;1.63;10.758;3.08;53.87
1984-03-11;1.11;8.79;16.46;0.0;18.961;1.18;30.46
1984-03-12;6.34;12.53;18.71;0.66;18.639;0.36;35.38
1984-03-13;7.72;12.48;17.25;0.0;14.062;0.69;40.94
1984-03-14;6.28;11.22;16.16;5.12;14.09;1.19;55.28
1984-03-15;5.23;9.4;13.57;24.7;10.661;0.9;54.3
1984-03-16;8.69;11.72;14.76;52.02;2.451;2.24;92.86
1984-03-17;6.57;10.68;14.78;4.47;19.169;1.18;58.81
1984-03-18;5.82;10.92;16.01;0.82;7.243;1.27;55.24
1984-03-19;7.05;11.12;15.18;3.45;15.847;1.87;62.91
1984-03-20;8.38;13.94;19.5;0.53;18.193;0.68;47.41
1984-03-21;8.25;13.99;19.74;0.0;19.833;0.78;48.73
1984-03-22;8.49;14.89;21.3;0.71;16.274;0.69;35.66
1984-03-23;12.53;17.66;22.8;0.0;11.489;1.56;38.17
1984-03-24;9.82;15.18;20.53;0.0;12.474;0.25;41.54
1984-03-25;7.29;14.95;22.6;0.0;23.315;0.59;33.38
1984-03-26;7.08;11.86;16.65;14.08;14.142;2.4;49.34
1984-03-27;7.94;10.24;12.54;4.17;22.049;2.57;50.47
1984-03-28;6.87;9.65;12.43;6.25;14.425;1.55;54.86
1984-03-29;8.21;10.27;12.33;3.59;8.898;1.86;58.42
1984-03-30;7.22;9.82;12.43;10.15;8.116;1.84;60.27
1984-03-31;7.15;11.02;14.89;3.11;16.451;0.69;58.35
1984-04-01;8.31;12.83;17.35;0.0;25.094;1.08;41.83
1984-04-02;7.67;12.5;17.34;0.0;20.063;1.47;52.02
1984-04-03;7.65;13.88;20.11;0.0;24.66;0.69;38.38
1984-04-04;9.13;15.89;22.66;0.0;25.339;0.78;31.42
1984-04-05;10.53;17.08;23.63;0.0;24.455;0.88;28.87
1984-04-06;9.59;16.62;23.65;0.0;24.181;0.5;25.96
1984-04-07;10.35;16.75;23.15;0.0;24.998;0.97;35.17
1984-04-08;10.09;14.85;19.61;0.0;21.592;1.86;49.12
1984-04-09;8.01;13.05;18.1;3.39;20.098;1.49;39.8
1984-04-10;10.49;13.54;16.58;2.18;19.078;1.9;62.02
1984-04-11;9.47;15.45;21.42;0.0;21.344;1.78;40.39
1984-04-12;7.25;13.99;20.74;0.0;26.828;1.0;34.51
1984-04-13;8.33;16.02;23.71;0.0;25.901;0.58;25.17
1984-04-14;11.37;18.13;24.9;0.0;16.942;0.78;26.12
1984-04-15;8.1;14.11;20.11;5.31;19.156;1.57;40.18
1984-04-16;5.18;10.34;15.51;0.0;25.053;1.69;34.02
1984-04-17;2.92;8.93;14.95;0.0;28.161;2.08;22.7
1984-04-18;5.79;14.22;22.66;0.0;28.101;0.48;18.63
1984-04-19;11.95;18.92;25.9;0.0;22.692;2.07;15.93
1984-04-20;11.28;20.99;30.7;0.0;25.666;1.59;10.72
1984-04-21;12.97;22.53;32.09;0.0;25.203;1.49;8.98
1984-04-22;15.22;23.93;32.65;0.0;27.691;1.98;11.71
1984-04-23;17.52;26.68;35.84;0.0;24.302;1.88;10.53
1984-04-24;17.28;26.15;35.02;0.0;24.232;1.97;12.8
1984-04-25;17.7;26.09;34.48;0.0;24.361;1.97;11.86
1984-04-26;11.98;18.41;24.84;0.0;17.959;1.7;31.42
1984-04-27;11.76;16.68;21.61;0.0;27.474;1.97;28.71
1984-04-28;10.54;14.38;18.21;0.0;19.517;2.29;48.38
1984-04-29;11.15;17.02;22.88;0.0;21.066;1.66;28.56
1984-04-30;9.85;13.66;17.47;4.11;14.808;2.2;48.48
1984-05-01;10.37;16.32;22.28;0.0;27.724;1.6;27.92
1984-05-02;10.03;16.61;23.2;0.0;27.34;1.4;30.22
1984-05-03;10.84;18.16;25.47;0.0;24.971;1.2;27.91
1984-05-04;12.17;21.41;30.65;0.0;26.295;0.97;14.47
1984-05-05;13.43;21.98;30.52;0.0;26.682;1.59;19.25
1984-05-06;13.13;18.34;23.56;0.0;25.921;1.82;33.38
1984-05-07;12.17;19.11;26.04;0.0;26.676;1.3;31.59
1984-05-08;12.56;21.57;30.57;0.0;27.702;0.9;20.17
1984-05-09;14.36;24.09;33.83;0.0;27.844;0.56;11.19
1984-05-10;14.95;21.8;28.65;0.0;19.649;1.3;20.44
1984-05-11;13.23;19.13;25.03;0.0;27.045;1.79;26.62
1984-05-12;13.41;19.04;24.67;0.0;22.529;1.59;27.16
1984-05-13;13.21;20.8;28.4;0.0;23.896;0.91;20.51
1984-05-14;13.53;22.69;31.85;0.0;27.645;1.11;11.8
1984-05-15;15.66;23.38;31.11;0.0;19.945;1.29;13.38
1984-05-16;14.78;23.7;32.61;0.0;26.035;0.8;15.58
1984-05-17;16.17;23.45;30.72;0.0;28.88;1.59;10.83
1984-05-18;17.24;23.76;30.28;0.96;12.83;1.4;15.48
1984-05-19;17.0;22.46;27.93;0.0;26.017;2.09;32.01
1984-05-20;16.6;22.07;27.54;0.0;24.446;1.98;30.32
1984-05-21;13.93;21.4;28.87;0.0;21.655;0.6;23.86
1984-05-22;16.71;23.84;30.98;0.0;22.765;1.08;21.76
1984-05-23;16.36;20.66;24.97;0.0;19.869;1.9;40.81
1984-05-24;15.72;19.48;23.24;1.05;18.634;2.45;35.55
1984-05-25;13.0;21.25;29.5;0.0;12.093;1.79;33.48
1984-05-26;11.71;18.95;26.19;0.0;31.742;1.69;20.75
1984-05-27;10.7;20.02;29.33;0.0;31.835;1.31;9.13
1984-05-28;14.36;23.23;32.11;0.0;28.99;0.89;10.72
1984-05-29;16.04;25.25;34.46;0.0;29.197;0.6;11.91
1984-05-30;17.6;27.47;37.34;0.0;28.334;0.59;9.95
1984-05-31;20.59;29.72;38.85;0.0;28.974;0.79;11.42
1984-06-01;19.25;26.91;34.57;0.0;30.842;1.79;14.11
1984-06-02;17.16;26.6;36.05;0.0;29.067;1.31;13.83
1984-06-03;19.6;28.06;36.52;0.0;29.687;1.29;17.7
1984-06-04;19.47;26.82;34.18;0.0;29.086;1.71;21.68
1984-06-05;18.29;24.86;31.42;0.0;27.21;1.71;28.08
1984-06-06;18.51;23.66;28.82;0.0;23.653;2.01;37.54
1984-06-07;18.56;23.41;28.27;0.0;23.642;1.72;45.34
1984-06-08;17.63;24.84;32.06;0.0;28.461;0.7;26.07
1984-06-09;17.06;23.64;30.23;0.0;24.368;1.83;24.48
1984-06-10;17.0;21.58;26.16;0.0;20.758;1.61;35.77
1984-06-11;16.94;23.3;29.67;0.0;26.673;1.61;27.4
1984-06-12;17.06;22.15;27.24;0.0;21.065;1.82;27.17
1984-06-13;16.68;23.48;30.28;0.0;29.987;1.72;17.44
1984-06-14;17.44;25.33;33.22;0.0;30.034;1.91;18.65
1984-06-15;18.33;25.47;32.62;0.0;30.377;2.1;17.92
1984-06-16;16.46;25.11;33.75;1.06;31.004;1.52;9.9
1984-06-17;18.08;25.38;32.67;0.0;29.361;1.62;17.74
1984-06-18;18.72;24.99;31.27;0.0;27.179;1.91;25.54
1984-06-19;18.27;21.63;24.99;0.0;21.295;1.82;44.72
1984-06-20;17.94;24.19;30.43;0.0;25.336;2.0;20.95
1984-06-21;17.08;24.63;32.17;0.0;28.418;1.61;18.96
1984-06-22;18.29;25.07;31.85;0.0;27.49;1.81;20.2
1984-06-23;18.08;24.63;31.19;0.0;26.154;1.91;18.31
1984-06-24;17.02;25.61;34.2;0.0;29.089;1.59;18.3
1984-06-25;18.4;27.72;37.04;0.0;32.625;1.4;9.21
1984-06-26;19.84;28.62;37.39;0.0;32.555;1.5;7.06
1984-06-27;21.68;28.71;35.74;0.0;30.0;1.6;13.55
1984-06-28;22.76;28.7;34.63;0.0;27.817;2.18;25.58
1984-06-29;21.77;27.48;33.19;0.0;27.524;2.19;22.84
1984-06-30;19.87;26.66;33.45;2.67;27.16;2.39;28.86
1984-07-01;20.26;28.57;36.88;0.0;30.076;1.9;17.23
1984-07-02;21.96;28.55;35.13;0.0;27.717;1.6;17.52
1984-07-03;24.55;30.31;36.07;0.0;19.207;1.99;21.63
1984-07-04;25.01;30.53;36.05;0.0;20.879;1.7;25.94
1984-07-05;24.88;30.17;35.47;0.0;29.383;1.99;19.35
1984-07-06;23.03;29.37;35.71;0.0;27.926;1.4;18.96
1984-07-07;23.27;29.53;35.8;0.0;23.249;1.25;19.75
1984-07-08;23.57;30.2;36.82;0.0;21.166;1.9;23.02
1984-07-09;21.98;27.79;33.6;0.0;27.837;1.89;22.44
1984-07-10;22.17;26.3;30.43;0.0;25.142;2.19;36.14
1984-07-11;21.88;26.29;30.7;0.0;24.63;2.48;34.38
1984-07-12;21.85;27.35;32.84;0.0;21.565;2.3;25.96
1984-07-13;21.08;26.99;32.91;0.0;24.093;2.42;24.07
1984-07-14;20.82;28.27;35.73;0.0;27.661;2.3;18.78
1984-07-15;22.46;28.89;35.31;0.0;28.284;2.09;14.17
1984-07-16;22.14;29.67;37.2;0.0;30.381;0.83;11.68
1984-07-17;23.71;30.7;37.68;0.0;28.014;2.04;14.83
1984-07-18;23.08;28.64;34.21;0.0;26.199;2.41;21.85
1984-07-19;23.21;27.75;32.3;0.0;24.614;2.41;30.36
1984-07-20;22.58;26.84;31.11;0.0;24.845;2.5;32.45
1984-07-21;21.19;26.89;32.59;0.0;25.415;2.12;25.85
1984-07-22;21.18;26.49;31.8;0.0;26.115;2.5;25.69
1984-07-23;21.55;26.36;31.16;0.0;26.119;2.74;32.95
1984-07-24;21.0;27.39;33.79;0.0;23.727;1.89;29.02
1984-07-25;19.49;28.18;36.87;0.0;26.412;1.51;21.18
1984-07-26;20.56;26.94;33.31;0.0;25.403;1.99;24.04
1984-07-27;20.34;27.74;35.15;0.0;24.115;2.08;22.86
1984-07-28;21.7;28.43;35.16;0.0;26.031;1.8;21.74
1984-07-29;21.82;28.41;35.01;0.0;24.829;2.09;23.26
1984-07-30;22.12;29.56;37.0;0.0;24.811;2.2;17.58
1984-07-31;22.01;29.34;36.66;0.0;28.631;1.15;12.54
1984-08-01;23.75;32.05;40.35;0.0;27.21;0.49;6.28
1984-08-02;23.51;32.55;41.6;3.26;26.191;1.24;10.35
1984-08-03;23.37;30.08;36.79;0.0;25.688;1.7;20.81
1984-08-04;23.06;30.56;38.06;0.0;25.883;1.49;16.95
1984-08-05;23.88;30.33;36.77;0.0;24.915;2.0;21.46
1984-08-06;23.16;29.17;35.18;0.0;24.566;2.22;20.93
1984-08-07;22.77;29.61;36.45;0.0;23.82;1.81;19.58
1984-08-08;22.53;30.67;38.81;0.0;24.548;1.08;16.31
1984-08-09;23.35;30.17;36.99;1.36;23.889;1.9;21.49
1984-08-10;23.59;29.21;34.83;0.0;23.888;1.9;25.12
1984-08-11;22.74;28.89;35.04;1.52;23.409;1.69;33.04
1984-08-12;23.04;30.57;38.1;0.0;23.656;1.26;21.52
1984-08-13;24.39;30.05;35.72;0.0;22.921;2.0;24.2
1984-08-14;23.25;29.79;36.32;0.0;22.461;2.0;28.03
1984-08-15;22.64;30.95;39.26;0.0;23.578;1.28;16.54
1984-08-16;24.91;33.47;42.03;0.0;21.012;0.86;10.18
1984-08-17;23.72;33.5;43.28;0.0;23.203;1.28;7.92
1984-08-18;24.71;30.21;35.71;0.0;22.995;2.0;27.45
1984-08-19;23.58;29.73;35.88;0.0;23.277;2.1;23.01
1984-08-20;24.39;29.39;34.39;0.0;22.283;1.9;31.35
1984-08-21;22.49;27.16;31.83;0.0;17.984;1.69;42.15
1984-08-22;22.16;26.86;31.56;0.0;22.886;1.79;25.76
1984-08-23;21.37;26.85;32.33;0.0;22.634;1.99;22.95
1984-08-24;20.83;28.12;35.41;0.0;23.49;0.88;17.09
1984-08-25;21.55;26.5;31.45;0.0;19.321;2.09;23.98
1984-08-26;19.73;25.13;30.52;0.0;21.544;2.19;19.38
1984-08-27;19.44;25.79;32.13;0.0;23.16;0.99;19.68
1984-08-28;20.4;25.91;31.43;0.0;21.707;1.47;22.9
1984-08-29;20.55;26.52;32.5;0.0;21.814;1.47;22.36
1984-08-30;19.72;28.34;36.97;0.0;22.779;0.9;13.39
1984-08-31;23.35;29.93;36.5;0.0;22.567;1.5;20.14
1984-09-01;22.88;28.21;33.54;0.0;21.127;1.9;22.79
1984-09-02;20.36;28.05;35.74;0.0;22.092;0.82;14.68
1984-09-03;22.51;29.38;36.26;0.0;22.095;1.69;18.54
1984-09-04;21.54;26.12;30.69;0.0;20.436;2.29;32.41
1984-09-05;18.63;25.41;32.2;0.0;21.992;1.5;18.15
1984-09-06;19.4;26.75;34.09;0.0;22.493;0.96;15.81
1984-09-07;19.8;28.49;37.18;0.0;22.204;0.9;13.57
1984-09-08;21.55;28.25;34.95;0.0;21.778;1.39;19.15
1984-09-09;19.97;27.79;35.61;0.0;21.638;1.59;19.08
1984-09-10;19.15;27.86;36.56;0.0;21.87;0.59;10.62
1984-09-11;19.35;28.37;37.38;0.0;22.304;1.11;13.67
1984-09-12;20.32;26.77;33.22;0.0;20.855;2.01;23.26
1984-09-13;19.97;26.12;32.27;0.0;19.453;2.09;23.61
1984-09-14;19.96;26.96;33.97;0.0;19.699;1.78;25.31
1984-09-15;21.64;28.09;34.55;0.0;20.291;1.67;29.26
1984-09-16;18.74;26.17;33.61;0.0;20.863;2.1;14.1
1984-09-17;16.66;24.27;31.88;1.51;21.444;1.49;11.4
1984-09-18;17.14;24.85;32.56;0.0;20.903;1.37;14.01
1984-09-19;19.86;26.86;33.85;0.0;20.633;1.0;14.72
1984-09-20;19.47;26.94;34.41;0.0;20.184;0.7;15.44
1984-09-21;19.26;26.31;33.36;0.0;18.853;1.42;26.27
1984-09-22;20.05;23.75;27.45;0.0;16.95;2.31;44.69
1984-09-23;18.82;22.3;25.77;0.7;9.826;2.16;53.83
1984-09-24;16.88;20.7;24.51;10.57;8.972;0.6;49.76
1984-09-25;15.75;20.86;25.96;5.47;14.28;0.49;38.74
1984-09-26;16.24;21.5;26.76;0.0;16.341;1.42;36.58
1984-09-27;15.19;22.13;29.06;5.64;14.647;0.8;28.63
1984-09-28;16.59;21.59;26.6;9.29;17.112;1.62;40.27
1984-09-29;17.09;20.11;23.13;15.97;10.234;1.74;66.2
1984-09-30;18.58;23.02;27.45;4.6;16.764;1.42;40.37
1984-10-01;17.88;24.25;30.62;0.0;15.668;0.4;29.83
1984-10-02;18.14;24.42;30.7;0.0;18.922;0.27;23.05
1984-10-03;19.43;25.84;32.26;0.0;18.364;1.31;19.3
1984-10-04;19.74;27.44;35.14;0.0;17.781;0.5;14.53
1984-10-05;20.39;26.73;33.06;0.0;17.505;1.73;17.97
1984-10-06;18.25;25.82;33.4;0.0;18.875;0.9;16.05
1984-10-07;19.72;27.04;34.35;0.0;17.827;0.5;11.36
1984-10-08;17.82;26.3;34.79;0.0;18.511;1.21;12.79
1984-10-09;17.05;25.09;33.13;0.0;18.109;0.81;12.55
1984-10-10;19.0;26.64;34.27;0.0;15.534;0.6;13.13
1984-10-11;17.3;24.91;32.53;0.0;16.899;0.85;15.64
1984-10-12;16.08;23.0;29.93;0.0;13.288;1.0;30.42
1984-10-13;13.29;19.92;26.56;0.0;17.102;1.65;24.26
1984-10-14;11.14;18.3;25.45;0.0;17.054;0.72;19.19
1984-10-15;11.26;18.25;25.23;0.0;17.655;1.03;16.33
1984-10-16;10.66;17.91;25.15;0.0;15.901;1.74;18.7
1984-10-17;11.74;18.48;25.23;0.0;17.081;2.21;16.53
1984-10-18;12.01;19.0;26.0;0.0;15.397;2.7;12.62
1984-10-19;11.69;19.11;26.54;0.0;15.168;3.12;11.75
1984-10-20;13.9;21.52;29.13;0.0;14.989;2.71;9.87
1984-10-21;15.16;22.02;28.89;1.56;14.708;2.81;7.72
1984-10-22;14.04;20.7;27.35;0.0;16.493;1.98;18.99
1984-10-23;12.7;20.12;27.53;0.0;11.756;3.62;10.55
1984-10-24;10.03;17.52;25.01;0.0;16.477;2.26;9.09
1984-10-25;5.39;13.15;20.91;0.0;15.387;1.53;5.61
1984-10-26;6.65;12.2;17.75;0.0;14.755;2.9;10.55
1984-10-27;6.05;12.01;17.97;1.05;13.115;2.97;13.62
1984-10-28;6.44;12.24;18.03;1.03;13.272;3.02;11.92
1984-10-29;7.81;14.09;20.37;0.0;12.232;1.63;17.77
1984-10-30;7.1;14.84;22.58;0.0;13.952;2.26;15.78
1984-10-31;6.46;14.02;21.57;0.0;13.058;3.32;13.7
1984-11-01;8.92;13.79;18.65;8.85;5.14;3.35;56.69
1984-11-02;11.61;15.89;20.18;7.04;12.189;0.91;45.72
1984-11-03;9.92;14.11;18.31;0.0;10.226;0.51;43.0
1984-11-04;8.78;14.98;21.18;0.0;12.851;1.09;32.72
1984-11-05;8.87;15.68;22.48;0.0;13.389;2.13;26.03
1984-11-06;8.01;15.18;22.34;0.0;12.655;2.77;29.09
1984-11-07;10.23;16.16;22.1;6.58;13.354;3.07;26.06
1984-11-08;13.86;17.97;22.08;2.22;7.431;2.98;56.42
1984-11-09;13.17;16.72;20.27;0.0;5.048;0.8;64.25
1984-11-10;15.56;17.45;19.34;8.86;6.518;0.53;78.42
1984-11-11;10.2;14.15;18.1;3.98;2.875;1.91;63.88
1984-11-12;9.36;13.74;18.13;2.68;8.034;1.87;48.12
1984-11-13;11.27;16.29;21.31;0.0;12.867;0.6;42.25
1984-11-14;7.53;13.38;19.24;1.26;8.586;0.84;45.29
1984-11-15;10.05;14.96;19.86;9.44;5.571;2.34;52.5
1984-11-16;12.11;15.15;18.2;43.82;1.034;3.8;76.34
1984-11-17;11.08;15.1;19.12;0.33;6.976;0.73;49.86
1984-11-18;12.84;15.4;17.96;0.0;4.291;0.99;55.99
1984-11-19;10.42;15.41;20.39;0.0;11.688;1.47;40.19
1984-11-20;7.66;13.58;19.5;0.0;11.108;2.06;37.03
1984-11-21;6.99;13.82;20.65;0.0;9.665;2.54;36.61
1984-11-22;7.28;13.53;19.78;0.0;10.985;2.64;36.33
1984-11-23;8.11;13.61;19.1;0.0;10.23;2.17;33.94
1984-11-24;8.08;12.73;17.38;0.0;6.476;2.25;39.9
1984-11-25;9.77;14.35;18.93;0.0;5.533;2.07;41.64
1984-11-26;11.66;15.71;19.77;0.91;6.202;1.39;41.34
1984-11-27;10.13;15.16;20.19;0.0;7.986;1.88;37.96
1984-11-28;8.3;13.77;19.24;5.14;4.435;1.48;47.0
1984-11-29;8.14;13.9;19.66;0.0;10.684;0.6;43.49
1984-11-30;7.57;13.7;19.82;0.0;11.022;0.4;40.9
1984-12-01;8.42;14.02;19.61;0.0;8.78;1.48;31.34
1984-12-02;7.18;11.54;15.89;0.0;6.192;2.06;38.35
1984-12-03;7.28;12.89;18.5;0.0;9.2;1.18;39.74
1984-12-04;8.36;13.02;17.67;0.0;7.994;0.9;42.99
1984-12-05;8.74;11.01;13.28;6.73;6.163;1.56;67.92
1984-12-06;7.83;10.23;12.64;21.72;1.077;2.13;73.46
1984-12-07;7.58;9.97;12.36;15.51;1.585;1.18;66.93
1984-12-08;7.71;12.46;17.22;0.0;7.221;1.18;55.29
1984-12-09;5.67;9.19;12.71;0.0;7.235;1.67;41.14
1984-12-10;7.43;10.48;13.53;25.24;1.935;2.98;75.55
1984-12-11;8.07;11.21;14.34;5.01;1.568;3.03;56.52
1984-12-12;7.76;10.68;13.61;4.14;7.44;1.77;60.34
1984-12-13;4.24;9.42;14.6;0.0;9.963;1.96;43.03
1984-12-14;1.99;7.42;12.86;0.0;10.301;2.15;36.52
1984-12-15;3.33;8.81;14.29;0.0;8.712;1.73;37.15
1984-12-16;3.52;8.65;13.79;0.0;9.117;2.87;32.38
1984-12-17;5.44;9.02;12.59;0.0;6.298;2.56;40.13
1984-12-18;6.42;11.84;17.26;0.0;7.9;1.28;33.99
1984-12-19;4.73;10.44;16.15;0.33;9.184;2.25;40.5
1984-12-20;9.86;13.49;17.12;0.0;6.408;2.47;46.24
1984-12-21;9.35;13.45;17.56;0.0;7.33;1.11;52.87
1984-12-22;9.01;13.79;18.56;0.0;8.917;1.38;39.94
1984-12-23;7.25;12.88;18.5;0.0;9.44;1.95;33.68
1984-12-24;5.75;11.87;17.98;0.0;8.701;2.06;36.29
1984-12-25;5.14;10.77;16.39;0.0;10.805;2.64;33.58
1984-12-26;5.88;11.33;16.78;0.0;8.122;2.16;35.7
1984-12-27;6.28;12.0;17.71;0.0;8.948;1.29;35.55
1984-12-28;7.44;12.71;17.98;0.0;10.064;1.29;31.12
1984-12-29;6.21;12.12;18.03;0.0;10.421;1.49;28.59
1984-12-30;6.88;11.76;16.65;0.0;10.107;1.39;24.53
1984-12-31;6.95;12.07;17.19;0.0;9.849;1.05;28.08
