iso-date;tmin;tavg;tmax;precip;globrad;wind;relhumid
1980-01-01;-2.05;3.15;8.35;0.0;5.753;1.57;43.1
1980-01-02;-3.25;2.25;7.75;0.0;9.562;0.84;51.51
1980-01-03;-3.75;1.92;7.58;0.0;9.194;0.85;49.51
1980-01-04;-1.82;2.85;7.52;0.32;8.124;1.24;58.45
1980-01-05;-1.32;3.81;8.94;1.94;8.228;2.8;47.44
1980-01-06;0.8;2.78;4.77;0.72;3.147;3.45;76.11
1980-01-07;1.08;3.37;5.65;0.0;6.597;1.13;60.66
1980-01-08;-1.16;1.88;4.93;9.19;6.911;1.51;63.41
1980-01-09;1.41;3.95;6.49;0.0;5.987;1.76;64.77
1980-01-10;-5.34;-0.95;3.43;12.58;4.203;1.8;71.82
1980-01-11;-4.83;-0.59;3.65;12.71;6.849;4.3;55.35
1980-01-12;-2.85;0.99;4.83;0.0;8.672;3.12;51.31
1980-01-13;-5.03;-0.26;4.51;0.0;4.943;2.45;47.05
1980-01-14;-7.71;-2.84;2.02;0.82;4.26;2.95;48.5
1980-01-15;-8.11;-3.23;1.64;0.0;5.194;1.5;54.06
1980-01-16;-7.99;-4.16;-0.33;0.0;8.189;1.48;47.87
1980-01-17;-9.76;-1.45;6.86;3.64;9.275;4.4;46.57
1980-01-18;-5.03;-0.92;3.19;0.0;8.128;4.88;49.68
1980-01-19;-6.71;-2.36;1.99;0.0;6.744;4.68;52.1
1980-01-20;-3.93;-1.87;0.19;1.08;5.699;3.58;66.71
1980-01-21;-6.21;-4.17;-2.12;0.0;9.054;1.97;54.66
1980-01-22;-7.23;-3.94;-0.64;0.0;8.183;2.16;40.29
1980-01-23;-8.66;-5.08;-1.5;0.0;8.05;2.43;33.95
1980-01-24;-5.6;-0.78;4.03;7.45;4.041;4.45;49.69
1980-01-25;-6.07;-2.42;1.23;0.0;8.738;2.74;46.34
1980-01-26;-7.42;-5.01;-2.6;3.16;6.516;2.63;59.33
1980-01-27;-6.04;-2.1;1.83;0.0;7.52;2.98;57.21
1980-01-28;-9.87;-6.51;-3.16;0.0;9.359;2.89;60.19
1980-01-29;-12.36;-7.74;-3.13;0.0;9.36;3.4;51.69
1980-01-30;-10.87;-6.28;-1.7;0.0;8.873;2.5;59.46
1980-01-31;-11.24;-7.39;-3.54;0.0;9.688;2.5;51.7
1980-02-01;-11.79;-7.67;-3.56;0.0;8.523;3.81;30.21
1980-02-02;-10.97;-6.05;-1.13;0.0;12.141;3.58;28.65
1980-02-03;-9.33;-7.21;-5.08;0.0;8.509;4.3;28.35
1980-02-04;-9.1;-6.59;-4.08;0.0;8.357;3.62;29.67
1980-02-05;-8.79;-5.39;-1.99;0.0;9.647;1.77;28.7
1980-02-06;-8.22;-3.52;1.19;0.0;8.859;1.53;41.45
1980-02-07;-7.79;-3.02;1.75;0.0;10.349;1.37;49.13
1980-02-08;-5.83;-1.79;2.26;0.0;10.958;2.91;54.98
1980-02-09;-6.96;-3.48;-0.01;0.0;11.196;2.51;55.9
1980-02-10;-6.88;-3.5;-0.12;0.0;11.121;2.24;49.34
1980-02-11;-11.05;-6.52;-1.98;0.0;12.111;1.26;53.87
1980-02-12;-9.89;-4.78;0.34;0.0;11.551;1.19;44.02
1980-02-13;-6.93;-2.17;2.58;0.41;7.498;1.54;46.06
1980-02-14;-13.53;-5.93;1.67;4.7;2.522;3.19;57.37
1980-02-15;-12.62;-5.61;1.4;0.0;8.952;2.22;56.08
1980-02-16;-7.39;-3.05;1.28;0.0;11.575;2.41;42.64
1980-02-17;-5.24;-1.37;2.5;1.25;8.881;2.32;75.35
1980-02-18;-5.41;-0.04;5.34;0.0;12.14;2.41;56.06
1980-02-19;-1.72;3.52;8.75;0.0;12.715;1.96;59.05
1980-02-20;-3.32;3.47;10.27;0.0;13.531;2.06;44.13
1980-02-21;0.68;6.84;13.0;0.64;14.348;2.31;41.65
1980-02-22;3.22;6.83;10.43;1.05;12.895;2.17;58.33
1980-02-23;1.36;6.3;11.25;0.0;8.545;0.88;62.34
1980-02-24;1.15;6.79;12.43;0.0;14.545;2.51;50.85
1980-02-25;-1.29;2.52;6.34;4.5;5.688;2.25;70.97
1980-02-26;-3.39;0.61;4.61;0.0;8.27;3.2;52.4
1980-02-27;-5.58;-2.56;0.46;0.0;12.408;2.9;36.11
1980-02-28;-5.05;-1.26;2.52;0.0;10.166;3.63;39.11
1980-02-29;-3.72;0.43;4.57;0.0;8.681;2.9;46.22
1980-03-01;-3.68;1.87;7.42;0.87;15.668;0.95;39.14
1980-03-02;-3.49;2.7;8.88;0.0;16.845;2.33;26.22
1980-03-03;-4.25;3.55;11.35;0.0;17.223;2.37;39.01
1980-03-04;-1.5;6.04;13.57;0.0;13.975;3.4;47.15
1980-03-05;-0.18;4.67;9.53;0.0;7.493;3.19;49.34
1980-03-06;-0.27;5.93;12.13;0.0;17.823;1.93;38.23
1980-03-07;-0.76;6.38;13.53;0.0;16.899;2.43;32.99
1980-03-08;1.2;7.26;13.33;0.0;14.323;2.92;41.67
1980-03-09;1.33;5.74;10.15;7.36;7.95;3.54;55.48
1980-03-10;-1.69;2.27;6.23;2.89;7.256;2.32;60.52
1980-03-11;-1.85;1.8;5.45;2.59;7.204;1.1;61.89
1980-03-12;-0.92;2.93;6.78;0.0;11.193;1.0;54.9
1980-03-13;-1.33;3.38;8.08;0.0;14.24;0.65;53.3
1980-03-14;-0.07;3.77;7.61;4.35;6.556;1.94;67.08
1980-03-15;4.05;9.25;14.45;0.0;12.525;0.5;56.81
1980-03-16;0.51;4.71;8.9;2.11;5.522;0.91;66.55
1980-03-17;-0.75;5.74;12.23;0.0;19.48;1.06;41.52
1980-03-18;2.2;5.8;9.41;3.51;9.288;1.45;62.2
1980-03-19;-1.15;5.31;11.77;0.0;17.422;2.99;37.63
1980-03-20;-1.71;3.53;8.78;0.0;10.743;2.36;43.02
1980-03-21;0.06;5.77;11.47;0.0;16.784;3.09;43.15
1980-03-22;-0.12;4.02;8.15;5.0;5.382;4.86;63.21
1980-03-23;0.04;5.39;10.74;0.0;18.345;3.85;41.9
1980-03-24;-2.37;2.48;7.34;0.0;18.932;0.98;36.17
1980-03-25;-2.17;5.17;12.52;0.0;20.877;1.68;26.74
1980-03-26;1.11;8.39;15.67;0.0;9.835;1.67;37.94
1980-03-27;2.74;10.36;17.99;0.0;19.396;1.57;37.19
1980-03-28;2.97;10.98;19.0;0.0;21.996;1.35;35.18
1980-03-29;3.71;12.09;20.47;0.0;21.826;2.11;30.49
1980-03-30;3.78;11.77;19.76;0.0;21.205;1.21;29.54
1980-03-31;5.18;9.94;14.7;0.0;7.54;1.1;40.28
1980-04-01;3.9;11.14;18.39;0.39;13.785;1.22;34.68
1980-04-02;4.14;12.95;21.75;0.0;17.797;1.48;32.68
1980-04-03;6.51;14.86;23.22;0.0;21.222;2.18;22.4
1980-04-04;5.75;14.32;22.9;0.0;21.215;1.97;21.61
1980-04-05;5.75;13.96;22.17;0.0;16.849;1.15;28.4
1980-04-06;5.84;12.65;19.47;0.0;22.566;1.81;39.84
1980-04-07;3.63;11.14;18.65;0.0;22.789;0.67;36.17
1980-04-08;6.15;11.55;16.95;0.83;11.261;1.2;40.92
1980-04-09;5.57;9.3;13.03;0.0;11.426;1.26;51.96
1980-04-10;3.35;10.13;16.9;1.59;17.813;1.85;36.1
1980-04-11;3.4;8.04;12.69;1.6;13.737;1.76;59.09
1980-04-12;2.63;8.11;13.59;0.0;15.894;2.92;44.64
1980-04-13;-3.33;0.94;5.21;1.52;13.015;5.07;45.46
1980-04-14;-2.83;1.35;5.54;0.83;16.524;4.58;42.42
1980-04-15;-2.2;2.53;7.26;10.91;8.665;3.21;46.87
1980-04-16;-4.47;4.01;12.48;0.0;25.156;2.07;21.38
1980-04-17;1.73;8.97;16.21;0.0;15.918;1.44;31.41
1980-04-18;3.1;11.43;19.76;0.0;21.836;1.11;29.14
1980-04-19;5.54;12.96;20.39;0.0;23.879;1.03;30.37
1980-04-20;7.31;14.77;22.23;1.16;13.982;1.8;31.29
1980-04-21;4.24;11.44;18.64;0.0;21.565;3.15;22.31
1980-04-22;5.01;12.02;19.02;0.0;21.255;2.52;30.57
1980-04-23;5.06;11.55;18.05;0.0;16.318;2.17;37.33
1980-04-24;5.74;11.8;17.85;0.0;23.096;1.3;34.07
1980-04-25;5.83;12.59;19.34;0.0;12.258;1.11;31.31
1980-04-26;4.67;13.64;22.6;0.0;24.691;3.5;24.19
1980-04-27;8.98;15.61;22.24;0.0;12.525;2.1;23.33
1980-04-28;9.38;16.31;23.24;0.0;16.067;1.41;36.71
1980-04-29;6.16;14.87;23.58;2.36;23.25;1.3;32.0
1980-04-30;8.51;15.98;23.46;0.0;15.116;2.22;31.29
1980-05-01;5.72;11.13;16.54;0.0;9.733;1.02;42.56
1980-05-02;5.74;11.25;16.75;4.37;15.288;2.78;42.14
1980-05-03;0.98;8.79;16.61;0.0;18.819;2.59;30.71
1980-05-04;5.0;10.55;16.11;2.43;15.582;2.26;34.14
1980-05-05;5.73;12.01;18.29;0.0;20.317;2.16;36.92
1980-05-06;5.22;13.27;21.32;0.0;26.507;2.15;25.02
1980-05-07;5.45;11.95;18.45;0.0;16.72;1.53;35.02
1980-05-08;5.8;11.2;16.59;4.04;16.324;2.33;50.96
1980-05-09;6.58;13.2;19.82;0.0;25.722;2.68;39.64
1980-05-10;6.93;14.31;21.7;1.52;20.302;1.73;49.8
1980-05-11;10.87;19.11;27.36;2.32;19.748;1.92;32.06
1980-05-12;9.18;15.85;22.52;5.95;17.693;0.4;45.28
1980-05-13;13.15;19.54;25.93;0.0;26.143;1.42;50.07
1980-05-14;12.28;17.68;23.08;0.0;19.297;1.83;47.72
1980-05-15;10.48;15.35;20.21;0.0;21.952;2.15;58.58
1980-05-16;9.01;15.68;22.35;0.0;18.636;2.8;51.31
1980-05-17;7.41;15.06;22.71;0.0;26.527;2.76;32.81
1980-05-18;5.37;10.56;15.75;2.88;10.312;2.21;44.11
1980-05-19;7.8;14.6;21.4;0.0;19.509;0.51;39.74
1980-05-20;7.09;15.6;24.1;0.0;26.592;1.42;32.24
1980-05-21;10.72;16.82;22.93;0.45;19.849;1.42;42.69
1980-05-22;8.75;15.93;23.1;0.0;27.32;1.0;27.51
1980-05-23;9.53;17.15;24.77;0.0;24.805;0.36;22.69
1980-05-24;11.59;18.4;25.21;0.0;20.701;0.77;24.82
1980-05-25;10.52;17.41;24.29;0.0;19.557;1.59;33.88
1980-05-26;9.36;17.27;25.17;0.0;26.177;1.18;26.5
1980-05-27;10.17;17.39;24.61;1.59;19.624;0.62;26.72
1980-05-28;10.48;17.81;25.14;2.08;21.773;1.18;34.31
1980-05-29;10.09;17.66;25.23;1.82;23.666;2.6;40.95
1980-05-30;7.24;14.44;21.64;3.05;20.675;2.5;33.07
1980-05-31;4.85;11.29;17.73;0.73;12.573;2.8;38.25
1980-06-01;5.87;12.44;19.01;0.0;18.799;1.07;31.27
1980-06-02;9.86;17.59;25.32;0.0;18.837;1.68;23.01
1980-06-03;8.45;16.41;24.38;1.85;26.006;0.96;24.46
1980-06-04;13.0;18.7;24.39;0.0;24.766;0.74;39.28
1980-06-05;12.63;18.01;23.39;4.54;18.856;1.86;39.94
1980-06-06;12.34;20.0;27.66;0.0;26.539;1.96;19.55
1980-06-07;13.89;23.05;32.21;0.0;26.323;2.16;15.14
1980-06-08;11.45;19.21;26.98;0.84;17.111;1.97;24.5
1980-06-09;9.8;16.74;23.68;2.12;20.707;1.43;35.43
1980-06-10;10.5;17.45;24.4;0.0;27.448;0.39;27.87
1980-06-11;8.88;15.75;22.61;1.84;23.0;2.75;25.71
1980-06-12;8.21;14.21;20.21;0.26;13.953;3.09;44.21
1980-06-13;7.32;14.09;20.85;1.79;17.279;2.04;35.54
1980-06-14;9.52;16.77;24.02;0.0;23.783;2.07;25.45
1980-06-15;8.32;15.19;22.05;3.44;17.911;2.76;26.28
1980-06-16;3.9;9.54;15.19;7.61;11.723;4.2;49.11
1980-06-17;3.92;13.95;23.98;0.0;20.037;2.04;26.31
1980-06-18;6.89;16.8;26.72;0.0;29.9;0.86;16.86
1980-06-19;10.35;20.63;30.9;0.0;30.837;1.96;17.1
1980-06-20;12.71;22.79;32.86;0.0;8.23;3.08;12.2
1980-06-21;11.6;18.0;24.39;0.0;22.852;2.96;45.05
1980-06-22;10.29;18.54;26.78;0.47;31.892;2.95;17.63
1980-06-23;8.87;18.27;27.67;0.0;31.83;2.77;18.71
1980-06-24;10.56;20.16;29.76;0.0;27.241;1.94;19.48
1980-06-25;12.07;21.09;30.12;0.0;28.501;1.98;23.46
1980-06-26;13.48;21.86;30.23;0.0;30.326;1.24;25.29
1980-06-27;14.49;22.32;30.16;0.0;26.101;2.08;36.48
1980-06-28;13.71;21.5;29.29;1.87;21.696;1.48;37.55
1980-06-29;14.99;19.36;23.73;0.77;20.733;2.28;53.66
1980-06-30;11.72;17.88;24.03;0.0;25.554;3.0;39.25
1980-07-01;9.52;15.71;21.89;0.0;20.338;2.5;35.42
1980-07-02;9.92;16.3;22.68;0.0;27.341;2.19;28.65
1980-07-03;9.3;17.88;26.46;0.0;29.205;2.07;25.85
1980-07-04;10.67;18.75;26.84;0.0;30.003;2.7;16.88
1980-07-05;12.13;20.86;29.59;0.0;29.811;3.39;19.91
1980-07-06;13.38;22.19;31.0;0.0;30.476;4.21;19.9
1980-07-07;14.34;23.45;32.55;0.0;29.723;3.74;22.4
1980-07-08;12.65;22.23;31.82;0.0;30.819;3.17;16.31
1980-07-09;11.75;21.05;30.36;0.0;32.054;2.81;9.66
1980-07-10;12.81;22.38;31.94;0.0;30.306;3.59;14.8
1980-07-11;13.72;22.77;31.81;0.0;29.664;3.98;19.58
1980-07-12;14.82;24.59;34.35;0.0;28.957;3.59;19.02
1980-07-13;15.84;24.83;33.81;0.0;27.269;2.6;17.89
1980-07-14;18.68;24.93;31.18;0.0;23.35;1.28;24.4
1980-07-15;17.8;24.66;31.53;0.0;24.057;1.59;19.94
1980-07-16;18.2;24.16;30.11;0.0;20.171;2.7;38.99
1980-07-17;15.25;20.55;25.84;1.68;14.119;3.4;54.88
1980-07-18;13.01;20.98;28.94;0.0;26.088;3.22;23.79
1980-07-19;13.01;19.96;26.91;0.0;24.887;3.22;24.18
1980-07-20;12.32;19.3;26.29;0.0;26.128;2.5;25.47
1980-07-21;10.83;20.75;30.67;0.0;27.201;1.86;15.94
1980-07-22;13.9;21.05;28.19;7.45;18.113;1.79;23.45
1980-07-23;13.12;19.54;25.97;9.3;15.243;1.79;25.76
1980-07-24;13.92;21.7;29.48;0.0;25.223;2.92;19.63
1980-07-25;14.2;22.05;29.9;0.0;27.702;1.14;17.88
1980-07-26;11.92;21.95;31.98;0.0;27.442;1.38;11.63
1980-07-27;13.54;22.46;31.38;0.0;25.828;2.49;14.34
1980-07-28;13.44;21.57;29.69;0.0;26.404;2.57;20.76
1980-07-29;12.72;23.32;33.93;0.0;26.329;2.0;13.89
1980-07-30;14.63;23.49;32.35;0.0;19.123;2.1;17.83
1980-07-31;18.9;26.06;33.23;0.0;26.911;0.2;21.9
1980-08-01;16.71;27.41;38.12;0.0;25.056;3.2;12.47
1980-08-02;13.78;21.09;28.41;0.0;25.227;2.97;22.1
1980-08-03;12.29;20.62;28.95;0.0;24.748;2.08;21.45
1980-08-04;14.6;21.99;29.38;0.0;25.547;0.72;18.56
1980-08-05;15.0;24.7;34.39;0.0;26.207;3.22;13.47
1980-08-06;14.36;21.98;29.6;0.0;23.777;2.74;24.74
1980-08-07;14.11;21.12;28.12;0.0;23.754;2.3;23.4
1980-08-08;13.26;22.14;31.03;0.0;24.228;2.32;17.05
1980-08-09;13.95;22.85;31.75;0.0;22.925;0.89;16.49
1980-08-10;12.59;22.85;33.12;0.0;24.034;2.33;12.89
1980-08-11;14.42;22.54;30.66;0.0;24.185;3.06;18.88
1980-08-12;12.02;21.45;30.87;0.0;23.846;1.91;15.13
1980-08-13;14.23;22.78;31.33;0.0;23.985;1.99;16.47
1980-08-14;15.85;22.32;28.8;0.0;22.643;2.86;19.84
1980-08-15;12.31;19.8;27.29;0.0;24.023;1.63;11.42
1980-08-16;9.35;20.17;30.99;2.38;20.721;2.43;13.72
1980-08-17;11.97;20.13;28.29;0.0;24.429;2.33;16.42
1980-08-18;12.93;20.95;28.98;0.0;22.926;2.52;16.72
1980-08-19;12.11;20.04;27.96;0.0;24.522;3.32;14.05
1980-08-20;9.83;18.84;27.85;0.0;23.637;2.0;10.07
1980-08-21;9.9;19.25;28.61;0.0;23.408;2.24;12.48
1980-08-22;13.56;20.55;27.54;2.37;21.614;3.42;31.9
1980-08-23;12.16;17.32;22.49;0.0;10.409;4.74;33.44
1980-08-24;12.86;18.86;24.85;6.25;10.294;2.82;47.47
1980-08-25;14.33;20.54;26.75;4.66;14.758;1.89;34.9
1980-08-26;14.88;21.41;27.95;0.3;22.653;2.31;40.63
1980-08-27;12.35;19.95;27.56;4.56;17.73;2.52;33.71
1980-08-28;14.85;20.23;25.6;1.76;19.818;1.09;41.9
1980-08-29;14.9;21.57;28.24;0.0;20.889;1.3;31.69
1980-08-30;13.4;21.19;28.98;0.0;22.978;0.7;23.16
1980-08-31;11.97;21.52;31.06;0.0;22.554;1.1;16.37
1980-09-01;13.41;21.54;29.67;0.0;21.421;1.4;19.14
1980-09-02;15.48;24.34;33.19;0.0;21.889;0.94;18.15
1980-09-03;13.11;23.04;32.98;0.0;21.936;0.53;9.7
1980-09-04;18.0;25.82;33.64;0.0;21.257;2.64;13.26
1980-09-05;15.09;22.57;30.05;0.0;20.201;2.21;21.29
1980-09-06;14.22;21.64;29.05;0.0;20.22;2.51;20.02
1980-09-07;4.37;9.59;14.81;5.96;4.542;5.3;38.01
1980-09-08;3.4;7.81;12.22;13.12;5.964;3.5;57.48
1980-09-09;3.55;12.01;20.47;0.12;17.488;2.71;33.68
1980-09-10;6.23;11.06;15.89;0.0;13.372;3.24;32.1
1980-09-11;3.85;11.62;19.39;0.0;21.234;1.08;25.67
1980-09-12;3.77;13.49;23.22;0.0;20.668;0.47;18.76
1980-09-13;7.5;15.94;24.38;0.0;20.322;1.7;19.99
1980-09-14;7.17;11.91;16.64;0.0;7.632;3.29;42.76
1980-09-15;5.95;11.24;16.54;0.0;16.099;3.2;32.3
1980-09-16;5.89;10.54;15.19;0.0;15.847;2.92;34.24
1980-09-17;3.94;11.03;18.11;0.0;18.481;2.5;24.37
1980-09-18;4.12;12.38;20.65;0.0;18.581;2.71;24.84
1980-09-19;7.48;14.71;21.95;0.0;19.151;2.77;24.63
1980-09-20;7.68;15.63;23.58;0.0;19.082;2.3;19.41
1980-09-21;7.92;15.49;23.06;0.0;18.932;2.6;21.77
1980-09-22;7.29;15.26;23.24;0.0;18.918;3.02;17.19
1980-09-23;7.66;16.55;25.43;0.0;18.529;2.3;16.0
1980-09-24;10.43;19.29;28.15;0.0;18.89;1.35;13.45
1980-09-25;11.69;20.35;29.01;0.0;17.446;1.81;10.22
1980-09-26;13.06;20.73;28.4;0.0;16.632;1.78;9.96
1980-09-27;11.01;19.39;27.76;0.0;17.275;1.42;8.49
1980-09-28;10.43;18.02;25.61;0.0;17.274;0.38;15.95
1980-09-29;9.15;18.86;28.56;0.0;17.394;0.84;10.97
1980-09-30;10.6;18.96;27.33;0.0;17.797;0.8;13.03
1980-10-01;11.88;19.71;27.55;0.0;17.366;1.15;15.6
1980-10-02;8.68;16.11;23.54;5.98;9.961;1.59;34.72
1980-10-03;7.25;13.32;19.39;3.38;9.272;2.1;42.47
1980-10-04;4.72;9.36;14.0;0.0;9.194;2.46;47.42
1980-10-05;3.07;10.57;18.07;0.0;15.059;0.49;23.61
1980-10-06;3.54;11.58;19.63;0.0;13.535;2.37;32.8
1980-10-07;3.62;8.49;13.37;0.95;7.57;2.16;50.1
1980-10-08;1.27;7.67;14.07;0.0;16.257;3.0;23.07
1980-10-09;1.21;9.75;18.29;0.0;15.343;2.98;17.9
1980-10-10;4.74;14.14;23.53;0.0;14.949;2.37;24.13
1980-10-11;8.14;18.17;28.2;0.0;15.503;1.89;15.31
1980-10-12;11.69;20.69;29.69;0.0;14.039;2.09;12.6
1980-10-13;14.12;20.58;27.04;0.0;12.663;1.38;19.46
1980-10-14;12.09;18.17;24.25;0.0;13.014;2.98;27.45
1980-10-15;5.08;11.49;17.9;1.85;6.79;1.9;45.89
1980-10-16;1.4;8.79;16.17;0.0;13.722;1.18;24.95
1980-10-17;3.83;11.16;18.49;0.0;13.508;3.11;30.97
1980-10-18;11.64;13.7;15.76;11.13;4.233;3.07;65.66
1980-10-19;-1.04;3.0;7.03;12.45;3.753;3.61;52.91
1980-10-20;-0.02;3.38;6.77;0.77;11.463;2.63;33.04
1980-10-21;-4.83;1.06;6.96;0.0;7.772;4.12;27.42
1980-10-22;-1.77;4.35;10.47;0.0;11.445;2.0;26.77
1980-10-23;-1.95;3.4;8.75;1.69;9.654;1.49;42.57
1980-10-24;-2.02;3.95;9.91;0.0;12.015;0.6;43.36
1980-10-25;-2.66;3.13;8.92;4.71;11.47;1.9;35.5
1980-10-26;5.66;9.6;13.54;14.75;3.244;3.33;42.57
1980-10-27;0.59;6.3;12.01;0.0;11.188;2.1;48.21
1980-10-28;-1.74;4.5;10.74;0.0;12.475;1.58;35.18
1980-10-29;-0.38;7.59;15.57;0.0;12.182;1.21;32.01
1980-10-30;2.29;9.84;17.4;0.0;12.014;1.57;30.25
1980-10-31;1.77;9.29;16.82;0.0;12.773;0.89;33.49
1980-11-01;1.93;9.31;16.69;0.0;12.561;0.58;33.48
1980-11-02;2.97;10.49;18.01;0.0;11.226;1.49;31.54
1980-11-03;5.08;12.17;19.26;0.0;10.638;0.98;32.62
1980-11-04;3.64;10.96;18.28;0.0;11.534;0.6;40.71
1980-11-05;5.45;11.15;16.86;0.0;11.289;0.39;43.41
1980-11-06;3.22;10.73;18.25;0.0;12.747;0.61;32.99
1980-11-07;3.41;10.4;17.39;0.0;12.022;0.71;38.33
1980-11-08;5.0;11.6;18.2;0.0;7.053;2.3;36.68
1980-11-09;9.21;14.6;19.99;0.05;10.276;2.7;42.17
1980-11-10;9.98;15.14;20.3;3.49;8.991;2.62;38.51
1980-11-11;10.58;16.16;21.74;4.67;5.706;4.85;39.74
1980-11-12;7.13;8.31;9.49;4.0;6.046;3.24;58.67
1980-11-13;7.18;10.0;12.83;12.79;1.218;3.96;53.54
1980-11-14;7.76;11.3;14.85;10.88;0.0;5.36;70.34
1980-11-15;2.56;7.39;12.21;1.84;6.084;3.03;61.82
1980-11-16;-0.12;7.31;14.74;0.0;12.27;2.85;42.76
1980-11-17;9.12;11.63;14.13;8.69;8.138;6.33;61.13
1980-11-18;5.93;9.23;12.53;1.4;2.735;3.98;67.86
1980-11-19;3.93;7.29;10.64;3.9;3.363;3.62;68.52
1980-11-20;5.14;8.49;11.85;8.81;1.72;4.18;65.41
1980-11-21;7.9;10.76;13.62;9.0;1.176;3.76;58.63
1980-11-22;6.64;10.46;14.27;0.85;6.56;5.13;52.03
1980-11-23;4.64;8.33;12.02;3.54;4.232;4.9;60.63
1980-11-24;3.07;7.12;11.17;0.0;6.173;3.84;55.29
1980-11-25;4.2;7.99;11.78;3.42;3.426;4.89;63.72
1980-11-26;0.34;6.47;12.61;0.0;9.233;2.78;50.34
1980-11-27;4.96;9.44;13.92;0.0;8.59;3.2;53.28
1980-11-28;3.99;9.43;14.87;0.0;6.145;3.2;43.5
1980-11-29;1.44;5.08;8.71;1.56;1.77;3.46;70.45
1980-11-30;0.16;4.97;9.79;0.0;8.651;2.65;46.6
1980-12-01;-0.98;4.18;9.34;0.0;9.01;0.4;42.85
1980-12-02;-0.47;4.75;9.98;0.0;8.511;0.31;42.26
1980-12-03;-1.55;4.54;10.63;0.0;8.336;0.4;42.0
1980-12-04;-1.39;4.26;9.92;0.0;9.455;1.27;40.88
1980-12-05;-1.77;3.6;8.96;0.1;1.841;0.84;57.91
1980-12-06;-3.31;2.03;7.36;0.0;8.644;1.01;47.26
1980-12-07;-4.56;1.59;7.74;0.0;8.129;1.06;36.12
1980-12-08;1.36;6.42;11.48;0.6;9.413;2.22;58.41
1980-12-09;6.17;10.13;14.08;0.0;5.122;2.41;61.85
1980-12-10;4.33;8.19;12.05;1.87;4.462;1.68;66.39
1980-12-11;2.03;6.31;10.59;0.0;8.75;1.18;57.78
1980-12-12;2.43;6.89;11.35;0.0;7.912;2.1;50.74
1980-12-13;0.72;5.85;10.98;0.0;6.107;2.68;60.41
1980-12-14;5.38;9.67;13.96;1.62;2.121;4.32;57.3
1980-12-15;4.1;6.66;9.21;7.61;2.198;3.79;77.61
1980-12-16;4.14;7.39;10.65;0.0;4.075;4.01;67.95
1980-12-17;5.4;8.59;11.78;0.0;5.224;4.2;57.39
1980-12-18;2.5;7.13;11.76;0.0;7.415;3.78;44.01
1980-12-19;1.68;5.25;8.83;0.0;4.965;2.82;61.5
1980-12-20;0.86;6.21;11.56;0.0;8.015;3.94;50.39
1980-12-21;4.6;6.34;8.08;16.99;3.297;3.14;77.69
1980-12-22;1.6;4.33;7.07;5.25;4.621;4.13;62.06
1980-12-23;-4.56;-2.11;0.34;0.0;4.654;2.52;50.14
1980-12-24;-4.98;-2.88;-0.78;0.0;5.422;2.82;52.83
1980-12-25;-5.55;-3.23;-0.9;0.0;7.656;1.54;43.13
1980-12-26;-3.92;-0.66;2.61;0.0;4.22;1.73;53.59
1980-12-27;-2.73;-0.31;2.1;7.62;3.043;1.92;78.59
1980-12-28;3.03;5.38;7.73;4.88;5.996;3.07;63.48
1980-12-29;2.72;6.04;9.35;0.83;5.141;3.18;65.18
1980-12-30;0.41;2.94;5.47;1.0;3.345;3.63;75.99
1980-12-31;1.37;5.01;8.64;1.12;5.852;3.72;58.89
1981-01-01;0.79;4.69;8.59;0.0;5.649;4.03;46.49
1981-01-02;0.06;2.41;4.77;0.2;3.568;4.76;66.33
1981-01-03;-0.51;2.6;5.7;0.0;4.323;4.24;57.16
1981-01-04;-2.0;1.9;5.8;0.0;4.933;2.27;62.25
1981-01-05;-3.55;-1.65;0.24;0.0;5.648;1.43;66.34
1981-01-06;-4.0;-2.32;-0.64;0.0;5.215;3.49;41.61
1981-01-07;-14.22;-6.08;2.06;9.71;1.293;3.22;67.85
1981-01-08;-12.1;-4.78;2.55;3.56;9.442;1.68;66.36
1981-01-09;-4.82;-2.52;-0.21;0.0;2.617;4.05;83.75
1981-01-10;-6.51;-2.57;1.37;0.0;6.67;1.34;65.57
1981-01-11;-6.62;-2.1;2.42;0.0;6.515;1.32;64.5
1981-01-12;-7.62;-1.45;4.72;0.0;7.842;1.09;53.52
1981-01-13;-7.06;-0.86;5.34;0.0;9.417;1.85;53.73
1981-01-14;-6.61;-1.57;3.48;0.0;9.626;1.28;48.47
1981-01-15;-5.8;-1.42;2.96;0.0;8.598;1.28;44.14
1981-01-16;-5.8;-0.62;4.56;0.0;7.805;2.07;37.94
1981-01-17;-4.02;0.59;5.19;0.0;9.503;3.19;41.11
1981-01-18;-3.64;0.22;4.08;0.0;8.256;3.18;55.62
1981-01-19;-1.33;0.2;1.73;2.3;4.556;1.96;67.74
1981-01-20;1.7;2.46;3.21;3.62;4.613;2.65;72.45
1981-01-21;-3.27;-0.91;1.45;1.5;5.528;3.82;61.31
1981-01-22;-5.03;-1.18;2.67;0.0;8.273;2.36;49.57
1981-01-23;-6.4;-2.79;0.81;0.0;8.11;1.17;45.3
1981-01-24;-4.75;-1.32;2.11;0.0;6.117;1.68;62.87
1981-01-25;-3.92;-0.8;2.31;0.0;8.217;2.93;51.5
1981-01-26;-4.21;-0.41;3.4;0.0;5.348;4.58;66.22
1981-01-27;0.3;3.13;5.96;1.27;4.456;4.49;70.69
1981-01-28;-2.62;2.02;6.65;4.23;2.946;4.82;55.06
1981-01-29;-5.96;-3.21;-0.47;0.0;5.676;4.67;39.99
1981-01-30;-6.35;-2.79;0.77;0.0;7.215;2.77;44.83
1981-01-31;-6.71;-4.22;-1.74;0.0;8.244;1.63;46.71
1981-02-01;-8.7;-5.15;-1.61;1.72;11.051;0.32;40.56
1981-02-02;-8.14;-5.56;-2.98;3.16;6.336;1.6;54.55
1981-02-03;-10.33;-6.04;-1.76;0.0;10.565;1.75;47.83
1981-02-04;-11.12;-4.31;2.49;9.26;4.146;3.76;53.27
1981-02-05;-7.52;-1.96;3.59;0.0;10.423;2.43;48.03
1981-02-06;-8.46;-3.83;0.8;0.0;10.607;1.26;39.85
1981-02-07;-3.77;0.1;3.98;4.51;9.013;3.1;70.84
1981-02-08;2.21;5.08;7.95;0.0;10.797;1.25;83.47
1981-02-09;2.05;6.41;10.78;0.0;8.065;3.23;63.66
1981-02-10;1.98;4.32;6.66;1.84;6.553;2.08;67.42
1981-02-11;2.83;5.85;8.87;6.01;7.078;2.71;63.88
1981-02-12;3.44;5.35;7.26;8.78;5.288;3.22;66.42
1981-02-13;-1.58;2.38;6.33;2.62;8.243;1.54;55.49
1981-02-14;-2.71;5.5;13.71;0.0;11.512;1.97;44.89
1981-02-15;1.08;6.52;11.96;0.0;12.577;3.8;48.88
1981-02-16;1.23;5.15;9.07;0.0;8.037;3.59;54.77
1981-02-17;0.52;5.88;11.25;0.0;10.413;4.38;44.66
1981-02-18;3.65;8.03;12.41;0.0;5.682;5.75;41.77
1981-02-19;2.13;5.99;9.86;0.84;4.88;7.12;50.66
1981-02-20;-0.44;3.2;6.85;0.0;9.702;5.41;46.18
1981-02-21;-2.03;0.81;3.65;0.0;3.189;2.51;50.25
1981-02-22;-3.43;0.23;3.89;0.0;9.213;2.7;52.16
1981-02-23;-0.73;1.89;4.5;1.23;8.177;1.44;64.33
1981-02-24;-3.64;0.1;3.85;10.51;4.777;0.63;77.63
1981-02-25;-2.69;1.7;6.08;11.31;4.809;1.13;69.32
1981-02-26;-1.86;1.05;3.96;3.87;8.16;4.82;64.14
1981-02-27;-0.27;3.41;7.08;0.67;6.293;5.59;63.59
1981-02-28;-1.92;2.64;7.19;0.0;7.897;3.63;52.59
1981-03-01;-2.2;0.76;3.73;1.51;10.168;2.81;51.45
1981-03-02;-1.76;1.14;4.03;2.67;7.525;2.8;62.41
1981-03-03;-3.4;2.29;7.97;1.46;8.859;2.81;61.22
1981-03-04;1.12;3.92;6.72;5.55;6.453;3.64;67.42
1981-03-05;-1.1;2.87;6.84;0.0;12.503;1.03;54.59
1981-03-06;-1.9;4.57;11.04;0.0;15.274;2.01;47.76
1981-03-07;0.49;4.13;7.76;5.32;8.335;2.14;57.74
1981-03-08;-1.52;2.19;5.9;1.46;10.839;4.86;57.73
1981-03-09;-4.08;0.92;5.92;0.0;11.972;3.87;45.25
1981-03-10;-6.28;-0.71;4.86;0.0;16.923;2.02;41.49
1981-03-11;-6.18;0.96;8.1;0.0;16.269;1.2;42.27
1981-03-12;-2.75;4.82;12.39;0.0;18.156;3.22;32.4
1981-03-13;-1.47;5.55;12.57;0.0;16.417;2.94;36.12
1981-03-14;0.34;6.14;11.94;2.91;9.56;3.22;45.56
1981-03-15;0.01;4.75;9.48;1.24;6.642;3.4;59.02
1981-03-16;0.71;4.88;9.06;3.75;6.381;4.81;61.41
1981-03-17;-1.81;2.9;7.61;0.25;12.008;4.33;49.88
1981-03-18;-4.78;0.78;6.34;0.0;16.774;3.39;28.02
1981-03-19;-3.84;1.08;6.0;4.06;6.203;2.1;60.43
1981-03-20;0.51;4.4;8.29;2.49;16.783;2.01;53.7
1981-03-21;-3.04;0.89;4.82;1.21;10.714;3.01;58.93
1981-03-22;-4.75;-0.19;4.37;1.64;12.35;3.7;48.63
1981-03-23;-5.57;-1.83;1.91;7.51;6.532;5.31;76.62
1981-03-24;-3.61;1.35;6.31;0.0;15.5;3.53;47.18
1981-03-25;-4.85;-0.76;3.33;0.0;13.492;3.3;45.7
1981-03-26;-6.82;-2.27;2.29;0.48;15.146;3.96;49.4
1981-03-27;-6.99;-3.27;0.45;0.0;18.255;3.9;36.47
1981-03-28;-5.1;-0.54;4.01;0.0;13.096;2.46;41.9
1981-03-29;-5.82;0.35;6.53;0.0;18.658;0.86;37.43
1981-03-30;-2.95;2.16;7.27;0.0;17.786;2.36;44.83
1981-03-31;-0.94;4.24;9.41;0.0;19.093;2.08;41.1
1981-04-01;-1.53;4.83;11.2;0.0;14.466;1.69;43.81
1981-04-02;1.2;8.74;16.29;0.0;21.159;1.09;37.82
1981-04-03;4.37;8.86;13.34;1.78;11.291;2.18;52.79
1981-04-04;-1.96;1.39;4.74;2.07;7.83;2.76;62.38
1981-04-05;-3.4;3.04;9.49;0.0;23.14;2.17;29.36
1981-04-06;-2.83;3.17;9.16;0.0;14.305;1.4;40.66
1981-04-07;1.2;4.92;8.64;1.63;13.854;0.6;54.89
1981-04-08;4.37;6.98;9.59;2.16;13.295;0.99;63.25
1981-04-09;0.43;4.43;8.43;0.0;8.536;2.01;48.5
1981-04-10;-1.84;6.11;14.05;1.21;25.04;3.44;32.72
1981-04-11;-0.43;8.46;17.35;4.84;16.998;3.7;30.09
1981-04-12;5.54;11.39;17.25;2.19;13.343;1.66;49.13
1981-04-13;2.73;7.79;12.84;6.71;15.005;1.1;60.78
1981-04-14;5.96;8.59;11.21;0.0;13.915;0.11;62.69
1981-04-15;4.18;10.27;16.35;0.0;19.345;0.6;42.51
1981-04-16;5.28;12.43;19.58;0.0;21.782;0.4;38.96
1981-04-17;11.21;15.5;19.79;3.93;17.645;0.77;35.14
1981-04-18;7.15;11.12;15.08;6.42;11.942;1.36;64.69
1981-04-19;4.07;8.64;13.22;4.09;8.218;0.89;61.82
1981-04-20;3.11;11.42;19.73;0.0;19.648;1.04;38.9
1981-04-21;4.46;13.34;22.21;0.0;22.986;1.41;34.92
1981-04-22;10.3;16.83;23.36;0.0;20.992;1.61;42.07
1981-04-23;7.67;12.53;17.39;0.0;11.1;1.01;66.69
1981-04-24;5.01;11.82;18.62;0.25;24.23;0.91;38.59
1981-04-25;7.47;12.42;17.37;0.0;19.093;0.91;56.32
1981-04-26;4.49;12.54;20.58;0.0;23.773;2.92;31.1
1981-04-27;5.86;12.6;19.34;11.26;10.173;3.5;49.95
1981-04-28;2.65;10.07;17.49;0.0;25.623;1.82;37.13
1981-04-29;5.38;10.74;16.1;0.0;18.992;0.27;41.18
1981-04-30;4.26;11.01;17.76;1.37;20.941;0.28;39.05
1981-05-01;5.43;10.31;15.2;1.3;11.972;0.45;61.31
1981-05-02;5.23;10.62;16.0;2.98;12.366;0.92;49.0
1981-05-03;4.35;8.37;12.38;8.15;12.377;1.02;75.32
1981-05-04;7.61;11.63;15.66;0.42;15.148;1.51;55.8
1981-05-05;5.37;10.77;16.17;1.49;18.993;1.64;41.7
1981-05-06;3.95;9.66;15.37;0.0;18.192;2.64;43.53
1981-05-07;-1.96;4.74;11.45;2.35;21.493;3.35;32.69
1981-05-08;-1.68;6.35;14.38;0.0;22.094;2.03;29.03
1981-05-09;6.67;12.39;18.12;0.0;21.035;0.6;40.0
1981-05-10;2.32;10.88;19.45;0.0;27.174;1.24;27.16
1981-05-11;0.99;12.21;23.43;0.83;26.659;1.33;28.05
1981-05-12;7.35;15.41;23.46;13.68;24.554;2.72;43.72
1981-05-13;6.1;8.22;10.34;2.27;8.453;4.04;76.17
1981-05-14;5.0;10.89;16.78;0.0;11.876;3.39;41.38
1981-05-15;4.44;11.71;18.97;0.0;21.506;2.88;42.15
1981-05-16;9.54;14.96;20.37;9.88;14.006;2.47;50.11
1981-05-17;10.86;15.58;20.31;2.58;12.382;4.6;41.44
1981-05-18;7.87;12.4;16.92;13.18;13.895;3.11;45.64
1981-05-19;5.67;11.36;17.04;0.0;20.327;3.25;45.66
1981-05-20;5.06;12.4;19.74;0.0;22.763;3.01;39.22
1981-05-21;8.06;15.57;23.09;0.0;22.56;1.92;40.18
1981-05-22;6.61;14.23;21.86;0.0;25.355;1.92;39.33
1981-05-23;6.12;13.46;20.8;0.0;28.432;1.26;37.69
1981-05-24;8.64;13.96;19.29;0.92;20.072;0.49;41.98
1981-05-25;7.54;12.64;17.75;23.23;7.868;0.2;72.97
1981-05-26;9.54;13.88;18.23;0.25;14.681;1.59;64.62
1981-05-27;8.56;14.02;19.48;0.0;24.612;0.25;41.21
1981-05-28;10.86;15.38;19.9;1.08;19.699;0.58;41.15
1981-05-29;9.4;15.06;20.72;0.0;25.333;0.78;34.79
1981-05-30;9.35;17.3;25.26;1.54;23.555;1.58;40.11
1981-05-31;10.29;18.52;26.76;0.0;26.961;1.48;41.59
1981-06-01;8.85;16.39;23.93;0.0;22.379;0.86;39.55
1981-06-02;11.6;17.32;23.04;3.37;20.565;0.39;48.98
1981-06-03;8.37;15.36;22.34;0.0;17.066;0.98;41.03
1981-06-04;10.24;14.99;19.74;7.57;21.117;1.14;53.34
1981-06-05;9.8;15.7;21.6;2.15;22.107;1.03;51.96
1981-06-06;10.61;14.91;19.22;7.89;11.881;0.23;65.3
1981-06-07;11.48;16.68;21.87;5.86;15.826;0.74;52.17
1981-06-08;10.59;17.8;25.01;0.0;26.483;1.32;52.32
1981-06-09;8.86;16.19;23.52;0.0;26.323;1.15;47.57
1981-06-10;8.77;15.43;22.09;3.8;19.932;0.95;40.77
1981-06-11;11.29;16.54;21.78;5.93;19.502;0.69;49.56
1981-06-12;11.19;18.42;25.65;0.0;27.563;0.58;40.93
1981-06-13;10.34;17.84;25.35;3.22;19.554;1.14;37.94
1981-06-14;12.3;19.71;27.12;0.0;29.523;0.58;39.22
1981-06-15;12.59;20.3;28.0;0.0;30.8;1.36;41.78
1981-06-16;11.81;19.73;27.64;0.0;31.305;2.57;42.71
1981-06-17;11.78;19.71;27.64;0.0;31.02;2.59;41.29
1981-06-18;12.2;20.06;27.93;0.0;31.878;1.76;38.9
1981-06-19;11.18;19.7;28.21;0.0;33.542;2.47;29.53
1981-06-20;11.19;19.71;28.24;0.0;31.521;2.66;24.53
1981-06-21;12.22;20.65;29.08;0.0;30.578;1.17;35.42
1981-06-22;12.28;20.23;28.19;0.0;23.915;1.76;30.33
1981-06-23;11.83;19.6;27.37;0.0;30.739;1.16;34.35
1981-06-24;12.5;19.65;26.8;1.86;23.815;0.58;27.74
1981-06-25;13.21;21.49;29.77;1.98;22.866;1.17;29.56
1981-06-26;11.61;18.01;24.41;9.77;16.711;2.6;35.78
1981-06-27;12.68;18.38;24.07;5.62;18.001;1.39;45.38
1981-06-28;11.72;16.25;20.77;3.12;15.382;1.19;46.88
1981-06-29;9.29;14.26;19.24;11.13;13.725;1.97;50.19
1981-06-30;8.26;16.41;24.55;26.31;15.581;2.66;43.04
1981-07-01;9.57;16.7;23.83;0.87;20.673;2.89;55.64
1981-07-02;10.19;16.32;22.44;0.0;19.764;1.56;47.72
1981-07-03;12.29;18.2;24.12;13.33;18.155;2.41;55.74
1981-07-04;15.61;20.62;25.62;4.79;23.134;2.39;54.71
1981-07-05;15.92;20.68;25.45;2.26;20.657;1.28;48.52
1981-07-06;12.02;16.86;21.7;7.58;15.441;2.5;60.19
1981-07-07;11.93;15.71;19.5;0.0;19.895;2.71;52.41
1981-07-08;12.29;16.67;21.06;1.81;26.731;1.3;60.54
1981-07-09;10.4;16.77;23.13;7.52;25.114;1.08;59.0
1981-07-10;14.34;17.65;20.96;1.81;17.525;1.39;57.04
1981-07-11;10.59;18.62;26.65;0.0;25.462;1.17;38.82
1981-07-12;13.23;20.09;26.95;0.0;23.38;1.99;37.19
1981-07-13;11.71;19.21;26.71;0.0;27.949;2.7;24.65
1981-07-14;11.46;20.15;28.84;0.0;27.32;1.99;17.82
1981-07-15;11.97;21.16;30.36;0.0;27.037;2.29;17.99
1981-07-16;13.52;21.21;28.9;0.0;25.406;2.72;25.18
1981-07-17;13.34;20.5;27.66;0.0;25.06;2.71;31.23
1981-07-18;11.92;20.32;28.71;0.0;28.902;2.71;15.44
1981-07-19;14.81;23.25;31.69;0.0;27.834;1.09;21.34
1981-07-20;14.4;24.61;34.83;0.0;27.677;1.39;15.91
1981-07-21;12.82;21.26;29.7;0.0;25.195;3.01;24.22
1981-07-22;10.26;18.15;26.04;0.0;24.854;2.92;28.43
1981-07-23;11.29;19.43;27.57;0.0;26.979;2.29;19.41
1981-07-24;11.61;21.63;31.64;0.0;27.555;1.59;12.22
1981-07-25;13.29;23.44;33.59;0.0;26.492;1.69;11.67
1981-07-26;15.9;24.74;33.58;0.0;27.2;2.29;16.91
1981-07-27;14.07;23.76;33.45;0.0;22.438;3.4;16.05
1981-07-28;13.9;20.96;28.02;0.0;24.688;4.28;22.34
1981-07-29;12.67;22.2;31.72;0.0;26.094;2.3;14.25
1981-07-30;15.31;22.18;29.06;0.0;24.231;3.04;26.6
1981-07-31;13.77;20.49;27.21;0.0;23.532;3.21;33.96
1981-08-01;11.92;20.5;29.07;0.0;24.947;2.93;22.46
1981-08-02;13.97;22.56;31.15;0.0;23.54;2.73;23.26
1981-08-03;15.27;24.34;33.41;0.0;25.66;2.86;15.63
1981-08-04;16.25;23.68;31.11;0.0;23.536;4.17;30.07
1981-08-05;13.22;20.8;28.39;0.0;25.803;4.32;17.27
1981-08-06;11.29;20.05;28.81;0.0;23.592;4.4;19.93
1981-08-07;12.18;21.36;30.54;0.0;25.158;3.42;13.18
1981-08-08;14.06;24.98;35.91;0.0;26.016;2.47;8.49
1981-08-09;14.22;25.78;37.34;0.8;24.225;1.73;7.68
1981-08-10;18.24;27.78;37.33;0.0;24.275;2.01;13.49
1981-08-11;16.09;22.15;28.21;2.65;17.25;3.71;49.82
1981-08-12;14.87;19.08;23.29;0.89;11.909;2.75;46.23
1981-08-13;12.51;19.15;25.79;0.0;16.896;1.81;38.39
1981-08-14;14.48;21.94;29.4;0.0;22.924;2.63;32.89
1981-08-15;15.87;22.63;29.4;0.0;22.925;2.94;30.45
1981-08-16;14.15;21.04;27.93;0.0;22.89;2.47;35.06
1981-08-17;14.39;20.56;26.74;1.41;19.575;2.75;35.29
1981-08-18;14.51;20.36;26.21;3.65;19.623;3.53;38.37
1981-08-19;17.03;21.54;26.04;4.22;19.368;2.74;46.59
1981-08-20;12.97;20.67;28.37;0.0;21.63;1.99;29.53
1981-08-21;9.82;15.25;20.68;6.92;12.29;1.9;48.7
1981-08-22;10.08;18.07;26.07;0.0;22.483;1.4;30.13
1981-08-23;10.12;18.34;26.56;0.0;22.134;1.83;29.49
1981-08-24;11.7;18.02;24.34;0.0;22.632;2.82;31.1
1981-08-25;9.53;18.06;26.59;0.0;22.258;1.9;25.3
1981-08-26;9.01;18.55;28.1;0.0;21.64;2.09;23.56
1981-08-27;11.33;19.41;27.49;0.0;22.136;1.0;24.76
1981-08-28;12.48;19.54;26.6;0.0;17.699;1.9;28.06
1981-08-29;11.02;17.99;24.97;0.0;21.74;2.0;33.99
1981-08-30;9.8;18.69;27.58;0.0;22.156;1.15;20.9
1981-08-31;10.66;19.82;28.99;0.0;22.646;1.3;11.31
1981-09-01;12.68;21.3;29.93;0.0;22.011;1.76;7.78
1981-09-02;12.28;20.66;29.04;0.0;21.98;3.13;15.25
1981-09-03;11.26;19.89;28.51;0.0;21.579;2.31;17.67
1981-09-04;10.58;19.65;28.72;0.0;21.759;1.51;12.76
1981-09-05;9.57;19.52;29.47;0.0;21.21;1.8;14.31
1981-09-06;10.01;17.69;25.37;0.0;20.476;2.35;27.14
1981-09-07;6.55;14.68;22.81;0.0;21.619;1.4;18.03
1981-09-08;8.3;17.15;26.0;0.0;21.082;1.1;17.16
1981-09-09;10.72;18.89;27.07;0.0;20.703;1.23;19.23
1981-09-10;11.2;19.48;27.75;0.0;20.731;1.1;18.85
1981-09-11;11.26;18.66;26.06;0.0;20.275;2.86;18.05
1981-09-12;10.08;19.47;28.86;0.0;19.969;1.3;14.64
1981-09-13;10.54;19.73;28.91;0.0;20.825;1.15;12.9
1981-09-14;13.5;22.64;31.79;0.0;19.063;1.3;9.65
1981-09-15;14.21;23.06;31.91;0.0;19.857;1.84;13.41
1981-09-16;14.12;22.1;30.08;0.0;18.89;1.9;15.05
1981-09-17;13.42;21.09;28.75;0.0;18.179;2.92;14.0
1981-09-18;10.56;18.71;26.86;0.0;19.479;2.71;15.52
1981-09-19;11.88;19.63;27.37;0.0;10.803;0.8;9.64
1981-09-20;10.26;18.67;27.08;1.59;16.444;1.71;22.85
1981-09-21;9.99;18.34;26.68;5.01;16.526;3.14;27.55
1981-09-22;6.67;12.45;18.23;0.0;18.966;2.0;37.67
1981-09-23;5.57;11.63;17.7;0.0;11.503;3.2;36.55
1981-09-24;7.04;13.89;20.75;0.0;16.345;2.21;32.41
1981-09-25;4.64;12.62;20.6;0.0;18.341;1.3;33.91
1981-09-26;6.9;12.07;17.23;0.0;13.956;2.21;32.91
1981-09-27;4.24;11.75;19.25;0.0;17.887;1.1;23.01
1981-09-28;3.46;12.07;20.67;0.0;18.404;0.8;17.87
1981-09-29;4.61;14.19;23.77;0.0;17.997;0.47;17.19
1981-09-30;7.6;16.48;25.37;0.0;17.473;1.91;13.57
1981-10-01;5.98;15.23;24.48;0.0;17.1;2.3;20.17
1981-10-02;8.67;17.48;26.3;0.0;17.701;1.81;17.39
1981-10-03;12.11;19.82;27.53;0.0;17.042;1.19;12.25
1981-10-04;10.06;19.03;28.0;0.0;16.395;1.35;11.11
1981-10-05;9.19;18.41;27.64;0.0;16.869;1.67;10.15
1981-10-06;8.23;16.36;24.49;0.0;16.941;0.99;16.22
1981-10-07;9.34;15.16;20.99;0.0;12.963;0.69;26.87
1981-10-08;7.44;13.92;20.39;0.0;13.185;1.37;28.77
1981-10-09;7.75;13.85;19.94;9.78;11.796;2.67;30.52
1981-10-10;9.26;9.72;10.19;14.46;7.812;1.29;65.55
1981-10-11;0.69;5.73;10.77;6.99;4.894;1.99;62.74
1981-10-12;-0.78;4.26;9.3;9.52;5.232;1.7;61.01
1981-10-13;3.63;7.68;11.72;0.3;13.291;4.61;43.98
1981-10-14;2.94;8.65;14.37;11.72;9.772;3.62;45.12
1981-10-15;2.75;5.43;8.12;2.87;11.238;3.91;55.32
1981-10-16;0.01;5.32;10.63;0.0;11.975;4.05;47.49
1981-10-17;4.95;8.47;12.0;2.96;8.306;2.29;55.61
1981-10-18;4.77;8.96;13.14;1.13;7.608;0.08;56.3
1981-10-19;1.51;8.5;15.48;0.0;12.859;0.24;38.69
1981-10-20;1.06;8.72;16.39;0.0;13.103;0.68;29.21
1981-10-21;2.06;8.23;14.41;0.0;8.317;2.63;48.51
1981-10-22;0.39;5.33;10.28;0.0;11.804;1.25;31.39
1981-10-23;0.54;5.87;11.19;0.0;11.864;0.73;31.29
1981-10-24;0.13;6.16;12.19;0.0;12.0;0.88;38.43
1981-10-25;0.58;6.7;12.82;0.0;11.295;2.31;43.33
1981-10-26;1.49;7.05;12.62;0.0;11.038;2.31;41.22
1981-10-27;0.26;7.13;14.01;0.0;12.555;1.06;31.31
1981-10-28;-1.22;6.89;15.01;0.0;12.469;0.69;32.01
1981-10-29;1.67;7.15;12.63;0.0;10.123;1.8;44.21
1981-10-30;0.46;6.03;11.59;0.0;12.619;0.89;38.1
1981-10-31;-0.81;6.1;13.01;0.0;11.876;0.98;31.21
1981-11-01;1.1;8.49;15.88;0.9;10.726;1.28;32.87
1981-11-02;8.27;11.71;15.14;3.8;5.358;2.91;56.01
1981-11-03;8.86;13.62;18.37;0.0;8.906;1.9;48.91
1981-11-04;8.33;13.27;18.22;0.0;7.612;2.91;51.82
1981-11-05;9.22;13.14;17.06;6.61;5.195;2.76;39.51
1981-11-06;5.62;12.59;19.56;0.0;10.767;0.71;52.75
1981-11-07;3.56;10.34;17.13;0.0;12.517;0.7;41.48
1981-11-08;8.93;10.49;12.05;5.0;1.994;2.64;70.24
1981-11-09;3.8;9.0;14.2;0.0;4.89;1.36;63.14
1981-11-10;3.25;9.96;16.66;0.0;10.071;1.55;37.86
1981-11-11;4.99;10.86;16.73;0.0;9.012;2.22;42.89
1981-11-12;6.45;10.64;14.83;5.72;7.156;1.91;53.23
1981-11-13;4.34;9.98;15.62;0.0;8.127;1.91;49.39
1981-11-14;4.22;9.91;15.6;1.31;6.896;1.5;52.17
1981-11-15;2.26;8.31;14.37;0.0;9.74;0.9;44.23
1981-11-16;4.68;9.02;13.35;8.55;2.341;2.71;57.09
1981-11-17;3.11;8.02;12.92;1.05;7.182;0.55;55.12
1981-11-18;2.24;7.67;13.11;4.47;7.869;0.91;63.18
1981-11-19;3.89;7.83;11.77;12.1;1.398;0.71;82.66
1981-11-20;0.23;3.3;6.37;0.0;4.427;0.55;54.13
1981-11-21;-1.6;3.56;8.71;12.85;6.401;3.23;61.74
1981-11-22;3.68;7.3;10.93;0.0;4.311;4.12;65.82
1981-11-23;-1.04;3.58;8.2;8.04;2.527;1.93;77.2
1981-11-24;1.51;3.38;5.26;13.02;1.82;0.5;83.88
1981-11-25;1.62;5.59;9.56;0.0;4.639;0.72;59.51
1981-11-26;3.31;8.15;12.99;0.0;7.703;1.2;53.18
1981-11-27;3.08;6.26;9.44;0.0;7.392;1.2;74.2
1981-11-28;0.59;4.17;7.76;0.0;3.314;2.68;62.87
1981-11-29;-3.91;-0.05;3.81;0.0;6.396;2.15;41.92
1981-11-30;-3.6;-0.19;3.22;0.0;8.242;0.91;41.59
1981-12-01;-2.03;1.07;4.17;0.0;6.095;1.32;43.48
1981-12-02;1.2;3.88;6.56;0.0;4.574;1.1;69.11
1981-12-03;0.22;4.48;8.73;0.0;8.416;3.59;57.16
1981-12-04;-2.6;2.42;7.45;0.0;6.696;2.04;54.2
1981-12-05;-3.02;2.02;7.06;0.0;8.023;1.54;50.32
1981-12-06;-1.83;2.56;6.95;0.0;4.764;1.31;56.32
1981-12-07;-0.63;2.21;5.04;0.0;6.361;0.91;52.77
1981-12-08;-2.27;2.69;7.65;0.0;4.796;1.09;43.7
1981-12-09;2.39;6.96;11.52;1.42;7.417;2.62;67.98
1981-12-10;-1.69;2.75;7.19;0.0;4.178;2.79;47.47
1981-12-11;-2.51;-0.03;2.44;0.0;6.096;2.8;45.31
1981-12-12;-3.45;-1.26;0.94;1.18;4.031;2.19;52.58
1981-12-13;-5.04;-1.28;2.47;0.0;3.075;3.42;77.76
1981-12-14;-7.08;-4.21;-1.34;0.0;5.451;2.12;55.08
1981-12-15;-9.1;-5.51;-1.93;0.0;4.482;2.66;64.09
1981-12-16;-9.22;-5.39;-1.55;0.0;6.99;1.27;58.78
1981-12-17;-9.28;-5.29;-1.3;0.0;6.795;2.55;52.88
1981-12-18;-5.35;-1.85;1.64;0.0;3.732;3.23;75.06
1981-12-19;-4.1;-0.77;2.55;10.84;2.944;3.49;82.92
1981-12-20;-0.5;1.35;3.2;10.58;3.646;1.54;77.1
1981-12-21;-1.79;0.2;2.18;0.75;4.343;1.9;74.33
1981-12-22;-1.9;0.24;2.38;0.0;4.043;1.81;72.09
1981-12-23;-3.91;-1.08;1.74;0.0;3.988;0.58;66.81
1981-12-24;-2.91;-1.02;0.87;3.38;3.83;2.58;70.34
1981-12-25;-12.18;-7.87;-3.56;0.0;5.861;3.61;63.09
1981-12-26;-12.24;-8.26;-4.28;0.0;7.759;1.99;57.7
1981-12-27;-10.27;-5.77;-1.28;1.47;3.175;3.72;74.8
1981-12-28;-6.77;-2.36;2.04;2.03;2.835;4.33;89.51
1981-12-29;-7.55;-3.27;1.01;0.7;6.153;1.93;48.43
1981-12-30;-7.32;-2.68;1.97;0.0;6.693;2.24;34.7
1981-12-31;-7.17;-1.72;3.72;0.0;8.344;1.45;39.74
1982-01-01;-7.59;-1.82;3.94;0.0;9.25;0.87;48.18
1982-01-02;-4.48;-0.15;4.18;0.72;7.146;1.25;49.93
1982-01-03;-3.24;-0.32;2.61;0.0;9.939;0.99;49.86
1982-01-04;-4.84;-1.13;2.59;0.49;6.221;0.7;75.43
1982-01-05;-5.3;-1.72;1.85;0.0;6.067;1.34;73.76
1982-01-06;-3.49;-0.69;2.12;0.0;6.758;1.93;66.64
1982-01-07;-8.24;-3.31;1.62;0.0;7.994;0.71;63.12
1982-01-08;-8.59;-3.0;2.6;0.0;7.937;0.64;52.75
1982-01-09;-3.03;-0.2;2.63;0.0;6.007;1.24;79.68
1982-01-10;-2.14;2.39;6.92;0.0;7.345;1.24;65.27
1982-01-11;-3.46;1.2;5.86;0.0;9.336;0.33;58.34
1982-01-12;-3.74;1.15;6.04;0.0;8.918;0.78;55.07
1982-01-13;-3.92;0.98;5.88;0.0;8.165;0.35;51.96
1982-01-14;-6.19;0.16;6.51;0.0;8.014;0.45;50.55
1982-01-15;-3.95;0.83;5.61;0.0;9.834;2.98;54.01
1982-01-16;-0.39;2.26;4.9;0.0;8.643;2.63;51.97
1982-01-17;-2.18;1.95;6.07;0.0;5.515;0.58;64.18
1982-01-18;-3.63;1.06;5.76;0.88;5.378;1.07;53.6
1982-01-19;-1.07;1.23;3.54;5.67;2.707;1.18;74.16
1982-01-20;-2.77;2.75;8.26;0.94;5.9;0.87;68.04
1982-01-21;-0.69;3.08;6.86;0.0;5.704;1.29;70.5
1982-01-22;-2.62;1.8;6.22;0.0;6.25;1.38;66.57
1982-01-23;-3.87;1.02;5.9;0.0;8.804;2.98;51.78
1982-01-24;0.16;3.92;7.67;0.0;6.734;2.39;63.66
1982-01-25;1.2;5.0;8.8;0.0;10.203;1.1;57.72
1982-01-26;-0.66;3.63;7.93;0.0;6.235;0.88;56.84
1982-01-27;2.02;4.55;7.08;0.69;5.186;1.5;66.66
1982-01-28;0.76;4.56;8.36;0.0;4.374;0.34;59.76
1982-01-29;1.33;4.78;8.23;0.0;8.731;1.11;55.19
1982-01-30;-1.7;1.19;4.07;1.84;6.347;1.4;68.65
1982-01-31;-5.05;-1.79;1.47;0.0;8.956;2.77;37.4
1982-02-01;-6.98;-3.16;0.67;0.0;8.595;2.2;36.96
1982-02-02;-6.09;-2.9;0.29;0.0;9.361;0.58;45.74
1982-02-03;-5.73;-1.33;3.08;0.0;9.394;2.24;46.07
1982-02-04;-3.17;0.05;3.27;0.0;5.696;3.63;57.69
1982-02-05;-0.26;2.04;4.35;0.0;4.682;1.39;72.29
1982-02-06;-0.45;3.4;7.26;2.56;7.434;2.61;68.19
1982-02-07;-0.35;1.75;3.86;0.0;6.585;3.95;55.48
1982-02-08;-7.42;-2.19;3.05;3.79;6.021;4.31;55.85
1982-02-09;-8.5;-4.38;-0.27;0.8;12.181;2.14;35.2
1982-02-10;-9.72;-7.07;-4.42;0.0;8.127;5.03;34.99
1982-02-11;-16.97;-12.06;-7.15;0.0;8.44;5.67;32.66
1982-02-12;-10.56;-8.42;-6.28;0.0;8.031;3.97;31.79
1982-02-13;-9.47;-7.63;-5.8;0.0;9.311;3.35;32.16
1982-02-14;-11.16;-6.44;-1.72;0.0;12.696;3.01;27.83
1982-02-15;-7.89;-2.57;2.74;2.36;6.019;2.92;57.16
1982-02-16;-4.79;-1.23;2.33;0.0;7.5;1.22;59.38
1982-02-17;-5.87;0.31;6.5;6.62;10.311;4.26;64.88
1982-02-18;-2.17;-0.32;1.53;1.81;9.679;4.61;70.29
1982-02-19;-5.35;-0.73;3.89;0.0;10.537;3.29;47.23
1982-02-20;-3.99;-1.26;1.47;2.57;6.896;1.95;60.06
1982-02-21;-5.29;-3.67;-2.06;5.97;11.952;1.37;63.99
1982-02-22;-7.38;-2.92;1.55;0.0;12.97;2.12;44.11
1982-02-23;-8.6;-4.63;-0.67;1.24;9.44;5.05;47.62
1982-02-24;-5.34;-3.92;-2.5;1.07;11.105;4.47;57.83
1982-02-25;-11.71;-6.34;-0.96;0.0;12.947;2.81;54.48
1982-02-26;-11.6;-7.36;-3.12;0.0;13.082;2.22;38.45
1982-02-27;-11.03;-7.38;-3.74;0.0;13.545;2.01;39.29
1982-02-28;-7.08;-3.73;-0.38;0.0;11.555;4.08;60.15
1982-03-01;-5.04;-1.24;2.56;0.0;14.283;3.05;57.08
1982-03-02;-6.69;-2.95;0.8;0.0;13.773;2.8;52.55
1982-03-03;-6.68;-2.6;1.48;0.0;14.319;2.14;50.27
1982-03-04;-6.21;-2.54;1.13;0.0;14.312;2.7;52.64
1982-03-05;-5.81;-2.51;0.79;0.0;14.644;2.8;51.4
1982-03-06;-6.5;-1.92;2.67;0.0;15.413;3.31;43.24
1982-03-07;-10.01;-5.55;-1.09;0.0;15.163;0.82;38.53
1982-03-08;-13.96;-8.9;-3.84;0.0;19.406;1.53;41.37
1982-03-09;-10.69;-3.95;2.79;1.46;13.499;0.99;41.53
1982-03-10;-11.05;-4.6;1.85;12.29;9.304;2.76;70.35
1982-03-11;-2.06;0.97;4.0;0.0;8.832;1.92;71.62
1982-03-12;-4.7;-0.21;4.28;0.0;13.609;2.4;50.32
1982-03-13;-3.92;0.18;4.28;0.0;14.523;1.0;48.07
1982-03-14;-5.29;-0.68;3.93;0.0;16.279;1.12;43.19
1982-03-15;-4.04;2.39;8.82;7.27;12.346;3.22;49.08
1982-03-16;1.6;6.79;11.99;0.0;14.046;4.87;45.15
1982-03-17;0.31;4.31;8.31;2.94;7.162;4.61;59.48
1982-03-18;-0.76;3.56;7.87;0.0;11.909;4.04;45.88
1982-03-19;-2.9;3.72;10.34;2.47;15.1;4.7;53.73
1982-03-20;4.79;7.51;10.23;2.05;10.503;4.25;58.65
1982-03-21;3.93;11.3;18.67;0.0;14.748;3.44;33.25
1982-03-22;6.96;10.96;14.95;11.88;5.4;4.56;33.55
1982-03-23;7.88;10.82;13.76;4.06;6.191;4.02;59.0
1982-03-24;6.34;13.88;21.41;0.92;14.832;4.64;37.63
1982-03-25;1.0;8.34;15.68;0.0;19.779;3.53;41.89
1982-03-26;-1.66;5.28;12.22;0.0;21.168;1.68;33.38
1982-03-27;0.86;7.17;13.48;0.0;22.254;3.99;37.37
1982-03-28;-2.11;0.19;2.49;2.85;6.159;3.53;67.0
1982-03-29;2.96;9.07;15.18;0.0;19.158;1.67;39.57
1982-03-30;3.66;11.69;19.72;0.0;13.915;3.19;36.94
1982-03-31;5.21;13.19;21.16;3.3;20.032;3.15;36.09
1982-04-01;7.34;14.27;21.19;26.53;6.868;0.28;58.83
1982-04-02;6.21;11.41;16.61;10.95;7.133;2.08;54.18
1982-04-03;8.62;13.47;18.32;3.98;20.549;1.8;41.24
1982-04-04;4.49;8.63;12.76;0.0;18.471;1.91;60.56
1982-04-05;2.75;7.08;11.41;0.0;13.808;2.19;65.43
1982-04-06;2.77;9.72;16.68;0.0;19.599;0.68;39.85
1982-04-07;2.49;10.43;18.36;2.69;21.866;1.2;37.29
1982-04-08;8.8;13.26;17.72;5.88;19.38;1.88;52.06
1982-04-09;4.22;7.81;11.41;6.79;8.706;2.07;68.46
1982-04-10;2.22;6.72;11.22;4.9;8.036;2.46;71.91
1982-04-11;0.87;7.71;14.56;0.0;16.434;0.4;46.99
1982-04-12;6.43;10.3;14.17;2.55;10.419;0.6;57.36
1982-04-13;4.18;8.72;13.27;5.0;6.624;3.01;70.57
1982-04-14;3.12;8.96;14.8;0.0;14.216;2.33;56.21
1982-04-15;4.01;7.66;11.31;2.6;8.135;1.1;62.77
1982-04-16;2.26;6.77;11.29;11.36;9.089;1.55;61.06
1982-04-17;0.1;5.84;11.59;0.0;25.622;1.9;36.94
1982-04-18;4.24;8.25;12.26;0.0;16.894;1.65;46.16
1982-04-19;2.76;7.89;13.02;5.05;19.343;2.83;57.12
1982-04-20;-0.52;5.11;10.74;0.0;16.549;2.49;49.16
1982-04-21;-2.79;4.06;10.92;1.37;29.072;1.39;18.99
1982-04-22;-1.49;6.84;15.17;0.0;26.038;3.34;27.02
1982-04-23;-1.43;6.63;14.69;0.0;26.292;3.48;26.44
1982-04-24;-1.44;6.58;14.61;0.0;26.184;3.51;27.56
1982-04-25;1.45;6.63;11.82;0.0;12.574;2.47;47.73
1982-04-26;4.41;9.12;13.83;0.0;16.052;2.23;50.87
1982-04-27;6.5;12.22;17.95;0.43;19.55;2.23;44.49
1982-04-28;6.58;11.5;16.42;6.77;19.631;1.01;58.65
1982-04-29;7.59;9.41;11.23;11.54;10.271;1.51;68.6
1982-04-30;5.76;10.82;15.88;0.0;17.595;1.74;58.88
1982-05-01;5.86;12.84;19.83;0.0;23.088;1.71;41.41
1982-05-02;4.76;13.29;21.82;0.0;25.027;2.71;31.2
1982-05-03;5.65;12.15;18.65;0.0;24.159;2.94;29.96
1982-05-04;3.82;9.59;15.36;4.12;15.752;2.15;45.18
1982-05-05;8.6;12.55;16.51;10.97;17.588;2.57;63.8
1982-05-06;4.41;9.54;14.67;5.75;7.294;1.44;68.77
1982-05-07;4.07;12.13;20.2;21.72;20.701;2.39;42.24
1982-05-08;10.05;12.78;15.5;1.74;8.197;2.02;75.44
1982-05-09;6.11;9.95;13.79;9.09;13.271;1.12;67.53
1982-05-10;6.63;9.72;12.81;5.01;12.731;1.02;70.57
1982-05-11;4.91;10.56;16.21;15.74;13.723;0.57;62.23
1982-05-12;8.21;12.05;15.88;0.0;15.141;1.07;64.5
1982-05-13;9.12;12.45;15.79;1.05;16.413;1.72;65.2
1982-05-14;8.8;12.46;16.11;0.0;15.997;1.49;67.63
1982-05-15;9.31;13.85;18.39;1.24;21.418;0.55;51.88
1982-05-16;9.66;15.18;20.69;0.8;21.432;1.51;55.57
1982-05-17;10.49;16.07;21.64;2.56;18.373;1.0;58.65
1982-05-18;10.07;16.62;23.16;0.82;25.291;2.04;48.09
1982-05-19;8.16;15.52;22.87;0.0;28.056;2.09;39.33
1982-05-20;7.9;12.74;17.58;0.0;21.505;3.24;46.34
1982-05-21;7.8;12.35;16.89;0.0;16.279;3.64;47.63
1982-05-22;8.28;14.74;21.2;0.0;24.055;3.09;38.02
1982-05-23;8.81;16.57;24.34;0.0;23.401;3.42;42.03
1982-05-24;12.68;17.29;21.89;0.0;24.248;3.07;55.97
1982-05-25;10.29;16.3;22.3;4.07;17.921;3.55;57.38
1982-05-26;4.9;10.91;16.92;2.46;17.553;3.5;46.97
1982-05-27;4.74;9.82;14.9;0.0;15.307;2.89;35.92
1982-05-28;4.74;11.85;18.96;3.1;19.661;1.96;45.76
1982-05-29;6.21;9.6;12.99;1.82;13.042;3.35;66.29
1982-05-30;5.15;11.47;17.79;0.0;17.5;3.35;53.96
1982-05-31;10.71;13.37;16.02;2.74;10.323;3.38;68.7
1982-06-01;12.65;16.34;20.03;0.0;19.495;0.69;58.67
1982-06-02;10.09;17.14;24.19;0.0;21.674;1.41;49.17
1982-06-03;8.75;16.7;24.64;0.0;29.234;0.27;34.19
1982-06-04;10.94;18.91;26.89;0.0;28.455;1.43;32.13
1982-06-05;12.1;19.32;26.54;0.0;26.326;0.96;32.84
1982-06-06;13.19;20.88;28.58;0.0;31.194;0.37;40.33
1982-06-07;15.19;21.21;27.24;0.0;25.351;0.54;50.42
1982-06-08;13.46;20.13;26.8;3.87;22.615;0.84;63.48
1982-06-09;12.62;17.72;22.83;0.0;25.555;1.09;47.22
1982-06-10;8.86;14.55;20.25;4.68;9.646;0.54;42.55
1982-06-11;6.29;10.9;15.51;7.67;9.433;1.24;56.25
1982-06-12;11.82;17.06;22.31;22.85;13.521;0.58;38.05
1982-06-13;11.42;16.71;22.0;5.27;21.324;2.53;52.31
1982-06-14;12.74;17.51;22.28;6.26;13.149;2.35;65.26
1982-06-15;10.36;15.09;19.82;8.72;8.119;1.54;71.87
1982-06-16;10.98;16.11;21.23;1.83;17.548;0.91;59.75
1982-06-17;8.0;15.59;23.18;25.8;19.86;0.36;35.88
1982-06-18;10.99;17.01;23.03;0.0;19.659;1.65;58.41
1982-06-19;9.65;16.05;22.46;0.0;18.998;1.94;44.05
1982-06-20;9.59;16.69;23.78;0.0;26.283;0.58;32.67
1982-06-21;12.6;16.84;21.09;4.45;15.519;1.16;62.99
1982-06-22;12.62;15.42;18.22;3.28;15.52;0.51;73.12
1982-06-23;12.61;17.05;21.5;0.0;22.093;0.59;43.74
1982-06-24;11.18;17.56;23.94;0.0;28.305;0.96;32.6
1982-06-25;11.99;18.46;24.92;0.0;24.494;0.58;32.64
1982-06-26;11.92;19.38;26.83;0.0;29.981;0.95;35.44
1982-06-27;10.02;17.8;25.58;0.0;19.066;1.09;38.91
1982-06-28;14.25;19.74;25.23;0.0;20.675;1.29;51.06
1982-06-29;13.93;21.45;28.98;0.0;27.721;0.71;44.17
1982-06-30;12.81;21.23;29.66;0.0;29.263;1.28;36.12
1982-07-01;13.24;21.46;29.68;0.0;29.251;1.48;35.3
1982-07-02;12.96;21.02;29.09;0.0;28.171;1.97;29.22
1982-07-03;13.89;22.08;30.26;0.0;29.482;1.29;33.57
1982-07-04;16.26;24.18;32.09;0.0;26.409;0.87;28.14
1982-07-05;15.5;22.04;28.58;5.45;17.053;2.13;31.94
1982-07-06;14.93;19.47;24.01;1.51;19.674;2.8;51.8
1982-07-07;13.73;21.06;28.39;0.0;29.004;2.29;35.59
1982-07-08;13.38;21.37;29.35;0.0;28.573;2.29;21.51
1982-07-09;12.97;21.02;29.06;0.0;28.133;3.09;13.81
1982-07-10;13.44;22.54;31.63;0.0;29.393;1.89;15.36
1982-07-11;13.83;22.41;31.0;1.96;22.967;1.99;21.49
1982-07-12;12.01;17.7;23.38;5.53;16.382;2.39;42.43
1982-07-13;8.44;16.54;24.63;0.0;28.584;2.99;19.7
1982-07-14;9.8;18.91;28.02;0.0;26.882;1.89;16.7
1982-07-15;10.7;19.94;29.18;0.0;27.02;1.49;19.77
1982-07-16;13.73;23.15;32.56;0.0;27.214;1.37;14.97
1982-07-17;12.58;22.36;32.14;0.0;26.268;2.71;20.64
1982-07-18;11.95;19.25;26.56;0.0;29.346;3.83;20.74
1982-07-19;10.67;17.88;25.09;0.0;25.771;3.11;20.81
1982-07-20;9.9;19.59;29.28;0.0;27.706;2.29;13.69
1982-07-21;12.03;20.72;29.41;0.0;28.207;2.8;13.96
1982-07-22;13.79;21.54;29.28;0.0;24.698;1.79;25.98
1982-07-23;15.85;24.51;33.17;0.0;26.56;0.98;26.09
1982-07-24;17.85;26.36;34.86;0.0;28.201;0.51;16.97
1982-07-25;20.52;29.63;38.73;0.0;26.335;0.36;10.14
1982-07-26;19.88;28.89;37.9;0.0;25.883;2.39;9.1
1982-07-27;19.07;28.3;37.52;0.0;25.11;2.71;11.04
1982-07-28;19.44;28.47;37.5;0.0;25.025;2.5;10.82
1982-07-29;20.2;28.45;36.7;0.0;23.663;1.6;13.85
1982-07-30;18.39;26.8;35.22;0.0;21.743;3.22;14.32
1982-07-31;18.3;25.84;33.39;0.0;26.015;3.13;16.24
1982-08-01;17.12;25.08;33.03;0.0;26.018;2.61;15.59
1982-08-02;17.8;26.11;34.42;0.0;26.014;2.93;13.38
1982-08-03;17.11;25.29;33.48;0.0;26.303;3.52;15.56
1982-08-04;17.63;25.34;33.04;0.0;26.015;3.52;16.85
1982-08-05;16.27;24.27;32.27;0.0;24.862;2.21;13.23
1982-08-06;15.15;23.71;32.27;0.0;24.637;1.9;14.07
1982-08-07;16.29;24.56;32.83;0.0;24.941;1.81;15.02
1982-08-08;16.27;23.42;30.57;0.0;19.018;2.72;18.99
1982-08-09;16.66;24.2;31.75;0.0;24.125;2.74;19.0
1982-08-10;17.62;24.86;32.09;0.0;24.255;3.16;13.54
1982-08-11;15.36;23.55;31.73;0.0;24.671;3.35;14.28
1982-08-12;15.07;22.82;30.57;0.0;24.945;2.53;11.36
1982-08-13;13.98;22.11;30.23;0.0;24.718;3.05;11.13
1982-08-14;15.48;23.23;30.99;0.0;24.101;3.07;16.11
1982-08-15;15.2;23.13;31.05;0.0;23.712;1.91;13.07
1982-08-16;14.25;23.66;33.07;0.0;23.643;1.75;7.92
1982-08-17;15.35;25.16;34.96;0.0;23.21;0.89;9.59
1982-08-18;14.53;25.05;35.56;0.0;22.188;1.9;11.3
1982-08-19;18.73;25.38;32.03;0.0;22.411;1.8;26.39
1982-08-20;12.3;19.59;26.87;1.48;10.079;3.16;22.03
1982-08-21;12.59;21.02;29.44;0.61;22.7;1.41;13.59
1982-08-22;11.22;21.3;31.39;0.0;22.589;1.2;9.28
1982-08-23;14.33;23.81;33.29;0.0;22.88;1.81;10.51
1982-08-24;15.4;24.46;33.53;0.0;23.2;1.99;18.63
1982-08-25;15.42;23.21;31.01;0.0;21.184;1.3;27.71
1982-08-26;17.46;25.24;33.02;0.0;22.831;0.77;19.76
1982-08-27;17.88;25.57;33.26;0.0;21.553;2.32;16.46
1982-08-28;18.1;24.52;30.93;1.38;19.092;2.72;26.38
1982-08-29;14.86;20.87;26.88;0.0;19.483;1.51;28.61
1982-08-30;10.91;18.86;26.81;2.3;17.766;2.09;28.6
1982-08-31;12.64;21.31;29.99;0.0;22.453;0.63;27.15
1982-09-01;16.72;25.56;34.4;0.0;20.468;1.8;10.06
1982-09-02;16.1;25.05;34.01;0.0;20.59;1.81;10.58
1982-09-03;15.26;24.13;32.99;0.0;20.391;1.61;11.25
1982-09-04;16.72;24.21;31.71;0.0;21.12;2.59;12.51
1982-09-05;14.04;21.52;28.99;1.13;19.887;1.3;19.72
1982-09-06;11.96;18.23;24.5;0.45;12.419;2.41;25.84
1982-09-07;8.72;12.16;15.59;3.49;8.245;4.09;51.36
1982-09-08;6.69;13.04;19.39;0.0;21.666;2.91;18.32
1982-09-09;5.06;14.44;23.82;0.0;23.453;1.1;10.71
1982-09-10;8.31;17.92;27.53;0.0;21.23;1.71;10.72
1982-09-11;9.61;18.41;27.2;0.0;20.877;0.79;14.17
1982-09-12;9.94;19.38;28.83;0.0;20.669;1.38;14.53
1982-09-13;10.47;19.32;28.18;0.0;20.511;1.73;15.4
1982-09-14;11.13;18.36;25.58;0.0;13.442;3.19;33.19
1982-09-15;7.86;16.09;24.32;0.0;19.831;1.99;15.46
1982-09-16;7.65;16.09;24.52;0.0;19.527;1.9;15.1
1982-09-17;7.5;15.94;24.38;0.0;19.065;2.3;18.12
1982-09-18;8.02;16.44;24.86;0.0;18.461;2.4;17.8
1982-09-19;8.49;16.8;25.12;0.0;18.593;2.83;16.52
1982-09-20;10.7;19.75;28.8;0.0;18.3;2.41;19.54
1982-09-21;12.75;20.12;27.48;0.0;17.102;2.1;27.9
1982-09-22;11.91;19.3;26.68;0.0;15.563;3.02;16.39
1982-09-23;11.73;17.95;24.17;0.0;17.028;3.32;27.34
1982-09-24;10.13;17.78;25.43;0.0;16.836;3.49;17.76
1982-09-25;11.85;19.0;26.15;4.58;16.955;1.1;28.23
1982-09-26;12.42;18.91;25.39;1.73;13.23;1.09;28.94
1982-09-27;11.73;19.13;26.54;0.0;15.938;2.2;25.24
1982-09-28;9.29;16.37;23.45;0.0;16.903;2.96;21.04
1982-09-29;9.3;15.62;21.94;0.0;12.877;2.3;21.29
1982-09-30;8.61;14.88;21.15;0.0;16.567;0.65;37.6
1982-10-01;8.85;16.09;23.34;0.0;17.665;0.69;15.06
1982-10-02;8.39;16.63;24.86;0.0;18.227;1.02;13.28
1982-10-03;13.12;18.2;23.29;0.0;8.464;3.98;22.88
1982-10-04;10.47;17.59;24.7;6.21;8.928;3.69;32.83
1982-10-05;9.42;14.8;20.18;0.0;12.264;2.07;42.46
1982-10-06;7.73;14.22;20.72;6.8;8.732;0.83;51.31
1982-10-07;7.76;12.89;18.02;6.1;8.383;0.89;53.69
1982-10-08;8.87;13.43;17.99;0.0;12.854;0.89;52.02
1982-10-09;6.46;13.05;19.64;2.21;11.255;2.57;37.85
1982-10-10;9.32;14.17;19.02;2.22;8.758;3.27;51.96
1982-10-11;11.85;17.05;22.25;0.0;12.39;4.06;32.85
1982-10-12;9.12;14.36;19.6;4.42;6.547;1.69;42.36
1982-10-13;8.2;14.58;20.96;0.0;13.0;1.88;39.02
1982-10-14;7.67;13.09;18.51;4.36;9.972;1.18;47.05
1982-10-15;8.08;13.75;19.41;0.0;11.265;2.09;44.31
1982-10-16;8.24;15.22;22.2;0.0;12.888;2.16;37.41
1982-10-17;9.95;16.58;23.21;0.0;12.622;1.69;34.72
1982-10-18;9.88;17.12;24.36;0.8;10.168;0.98;30.35
1982-10-19;8.3;15.09;21.87;0.0;13.302;0.68;32.98
1982-10-20;8.41;15.6;22.79;0.0;13.911;0.68;30.89
1982-10-21;10.97;17.66;24.34;0.0;13.272;0.46;23.61
1982-10-22;12.07;18.64;25.22;2.29;11.114;0.95;28.43
1982-10-23;9.72;16.96;24.19;0.0;12.267;1.58;27.94
1982-10-24;8.78;15.56;22.34;0.0;11.667;0.98;35.1
1982-10-25;8.31;15.17;22.03;0.0;13.093;1.08;32.49
1982-10-26;9.98;14.94;19.9;0.0;8.141;0.4;42.95
1982-10-27;8.9;13.84;18.77;1.18;6.897;1.08;40.67
1982-10-28;8.12;13.71;19.31;0.0;10.231;0.51;32.68
1982-10-29;5.01;11.96;18.92;0.0;12.731;0.33;32.65
1982-10-30;4.29;11.79;19.29;0.0;11.62;0.6;28.36
1982-10-31;3.85;11.01;18.17;0.3;11.811;0.41;23.65
1982-11-01;7.02;13.96;20.89;0.0;10.996;2.05;26.09
1982-11-02;8.31;12.92;17.53;1.81;6.51;2.79;45.8
1982-11-03;3.18;9.04;14.9;0.0;10.025;2.99;41.6
1982-11-04;-1.0;2.98;6.95;1.56;4.73;2.31;45.0
1982-11-05;-1.5;1.7;4.9;2.29;5.041;2.09;52.55
1982-11-06;-4.64;-1.23;2.18;0.0;4.555;3.88;50.4
1982-11-07;-8.22;-3.42;1.38;0.0;8.548;3.5;34.23
1982-11-08;-10.8;-4.96;0.88;0.0;10.672;1.09;42.8
1982-11-09;-11.52;-5.3;0.91;1.95;6.021;1.97;61.6
1982-11-10;-12.82;-5.33;2.17;0.0;8.457;2.59;26.26
1982-11-11;-8.58;-1.58;5.42;13.87;4.865;2.94;76.49
1982-11-12;-2.84;2.35;7.55;0.0;8.441;2.14;56.07
1982-11-13;-4.46;1.1;6.67;2.58;2.163;2.43;75.08
1982-11-14;6.13;8.98;11.84;3.98;2.18;3.94;71.97
1982-11-15;4.58;7.61;10.63;0.0;7.081;3.28;61.32
1982-11-16;4.04;7.63;11.23;0.0;3.294;3.22;57.85
1982-11-17;1.28;5.11;8.95;2.53;9.176;2.47;55.02
1982-11-18;-1.38;3.53;8.44;8.57;2.44;3.27;73.81
1982-11-19;-5.14;-0.0;5.13;0.0;10.002;1.83;42.48
1982-11-20;-0.65;2.18;5.01;0.0;4.383;1.38;63.53
1982-11-21;-4.04;-0.15;3.75;0.0;9.195;1.95;44.09
1982-11-22;-5.86;-1.72;2.43;0.0;10.108;1.01;33.97
1982-11-23;-6.51;-4.3;-2.09;0.0;5.6;1.3;56.52
1982-11-24;-8.97;-5.43;-1.89;0.0;4.417;1.09;65.38
1982-11-25;-5.78;-2.43;0.93;0.0;7.756;1.56;59.05
1982-11-26;-7.12;-3.21;0.7;0.0;7.865;1.42;60.02
1982-11-27;-7.75;-3.66;0.43;3.43;7.315;3.75;63.03
1982-11-28;-8.57;-4.75;-0.94;2.23;5.19;3.21;65.81
1982-11-29;-11.0;-5.71;-0.41;0.0;7.514;3.01;59.92
1982-11-30;-10.99;-5.84;-0.69;0.0;6.382;2.45;63.05
1982-12-01;-7.7;-4.2;-0.69;0.0;8.05;4.02;68.49
1982-12-02;-11.1;-5.67;-0.23;0.0;6.549;2.45;67.31
1982-12-03;-11.26;-4.27;2.72;0.0;4.514;2.36;72.99
1982-12-04;0.1;2.73;5.36;9.68;4.311;4.1;80.94
1982-12-05;1.95;5.54;9.13;0.0;5.556;3.76;60.85
1982-12-06;0.31;5.63;10.95;0.0;3.523;5.13;75.54
1982-12-07;4.87;7.95;11.02;3.43;3.441;4.69;62.11
1982-12-08;5.75;8.21;10.67;8.64;2.749;3.67;70.36
1982-12-09;-0.28;3.25;6.79;0.0;5.149;3.22;53.61
1982-12-10;-1.82;3.26;8.35;0.0;5.928;2.3;57.33
1982-12-11;0.29;4.55;8.82;0.0;4.773;2.28;64.06
1982-12-12;-1.07;1.65;4.37;0.0;7.459;0.98;60.51
1982-12-13;-4.6;0.69;5.97;0.0;7.011;1.68;55.56
1982-12-14;-0.49;4.01;8.52;0.0;9.135;1.79;54.13
1982-12-15;0.35;5.01;9.68;0.0;3.338;1.38;52.66
1982-12-16;-2.71;2.91;8.54;0.0;7.913;0.73;45.37
1982-12-17;-2.32;2.67;7.65;0.0;9.784;1.04;51.05
1982-12-18;-3.38;1.56;6.49;0.0;8.656;1.07;36.46
1982-12-19;-2.8;1.71;6.21;0.0;8.958;0.84;34.74
1982-12-20;-4.79;0.33;5.46;0.0;6.854;1.74;40.52
1982-12-21;-2.71;1.21;5.14;0.0;4.463;1.48;56.2
1982-12-22;-2.41;2.55;7.52;0.0;6.47;2.14;60.84
1982-12-23;0.25;4.38;8.52;0.0;4.79;2.02;54.34
1982-12-24;-2.28;3.04;8.37;0.0;7.031;1.83;48.51
1982-12-25;-3.02;2.52;8.06;0.0;9.609;1.74;34.93
1982-12-26;-3.58;1.35;6.28;0.0;8.592;0.85;33.79
1982-12-27;-4.03;0.62;5.27;0.0;8.254;2.22;16.26
1982-12-28;-2.68;1.74;6.17;0.0;9.52;2.06;18.59
1982-12-29;-2.81;1.64;6.09;0.0;9.861;3.06;26.11
1982-12-30;-2.83;1.98;6.78;0.0;9.958;2.93;30.86
1982-12-31;-4.78;0.86;6.51;0.0;9.51;0.61;46.88
1983-01-01;-5.12;0.1;5.33;0.0;7.36;1.81;48.61
1983-01-02;-4.96;-0.44;4.07;0.0;7.296;1.5;41.7
1983-01-03;-6.37;-1.61;3.14;0.0;7.935;0.52;45.3
1983-01-04;-5.1;-0.13;4.83;0.4;7.639;1.43;28.78
1983-01-05;-4.86;0.44;5.74;0.0;6.532;1.71;53.47
1983-01-06;-3.94;0.7;5.33;0.0;6.016;1.05;59.0
1983-01-07;-2.6;1.29;5.18;1.87;4.07;0.53;66.45
1983-01-08;-3.81;-0.46;2.89;0.0;7.638;0.84;57.93
1983-01-09;-5.28;0.47;6.22;0.0;6.871;1.71;54.53
1983-01-10;-2.43;2.4;7.23;0.0;9.318;0.96;52.87
1983-01-11;-4.45;0.96;6.37;0.0;8.497;0.5;51.61
1983-01-12;-0.12;2.52;5.17;0.0;5.479;2.36;63.02
1983-01-13;-2.68;0.21;3.1;0.0;6.4;3.24;42.89
1983-01-14;-0.81;3.03;6.86;1.9;6.118;2.48;66.34
1983-01-15;-3.44;0.88;5.19;0.67;4.131;1.28;52.65
1983-01-16;-4.85;0.28;5.41;0.0;8.398;1.65;49.68
1983-01-17;-0.66;2.25;5.17;0.28;5.676;2.18;55.63
1983-01-18;-0.09;2.85;5.78;13.46;3.346;4.96;67.45
1983-01-19;-1.54;1.53;4.6;0.0;9.105;2.75;52.07
1983-01-20;1.39;4.03;6.66;0.0;7.726;3.07;55.32
1983-01-21;0.53;4.44;8.35;0.0;5.052;0.91;53.93
1983-01-22;-1.9;2.86;7.62;0.0;5.527;0.83;48.62
1983-01-23;-0.28;4.06;8.4;0.0;10.447;2.69;45.32
1983-01-24;0.3;4.94;9.58;0.0;9.164;2.5;51.8
1983-01-25;-1.56;3.42;8.41;0.0;11.241;2.78;28.64
1983-01-26;-1.48;3.62;8.72;0.0;9.765;3.67;27.79
1983-01-27;0.01;5.2;10.38;0.0;9.752;2.97;52.53
1983-01-28;1.42;5.51;9.61;0.0;10.204;4.23;63.11
1983-01-29;-0.04;4.08;8.19;0.0;11.05;2.88;42.06
1983-01-30;0.18;3.71;7.25;5.62;4.476;3.71;47.11
1983-01-31;-0.44;3.43;7.31;1.89;6.254;2.98;68.5
1983-02-01;2.91;5.78;8.65;2.38;6.534;3.47;72.35
1983-02-02;1.3;4.52;7.74;4.89;5.078;3.19;63.79
1983-02-03;-1.72;2.27;6.27;0.7;9.987;2.12;41.44
1983-02-04;-2.48;1.63;5.73;0.0;9.863;0.58;48.03
1983-02-05;-3.31;1.21;5.73;0.0;10.876;0.47;42.32
1983-02-06;-3.35;1.3;5.96;0.0;10.944;1.04;37.78
1983-02-07;-1.88;4.45;10.78;0.0;12.257;1.68;40.53
1983-02-08;-1.26;4.87;11.0;0.0;12.267;3.38;39.44
1983-02-09;2.63;7.6;12.57;1.49;6.638;4.6;46.07
1983-02-10;2.05;5.63;9.22;2.3;7.525;1.77;63.66
1983-02-11;-0.29;3.73;7.74;2.03;3.401;3.63;56.19
1983-02-12;-3.09;2.06;7.2;0.0;9.635;3.63;52.73
1983-02-13;-3.95;1.32;6.59;0.0;12.039;2.44;39.74
1983-02-14;-2.4;3.57;9.54;0.0;10.898;3.6;37.66
1983-02-15;0.99;5.88;10.78;0.0;9.466;3.29;37.1
1983-02-16;-0.72;4.29;9.31;0.0;7.594;2.23;46.22
1983-02-17;-2.15;3.26;8.68;0.0;12.956;1.17;42.6
1983-02-18;-2.52;3.94;10.4;0.0;12.696;1.9;41.33
1983-02-19;2.88;8.18;13.47;0.0;10.211;2.21;40.81
1983-02-20;3.23;9.7;16.16;0.0;13.158;3.1;30.79
1983-02-21;2.8;10.01;17.21;1.13;10.84;4.2;32.16
1983-02-22;0.47;2.4;4.33;5.3;3.558;2.31;75.99
1983-02-23;-1.15;2.93;7.01;2.24;11.47;2.28;55.3
1983-02-24;-3.07;0.68;4.42;12.67;6.077;2.31;76.36
1983-02-25;-2.37;-0.03;2.31;8.9;4.768;4.02;76.04
1983-02-26;-3.29;-0.26;2.77;2.01;8.857;2.03;65.67
1983-02-27;-6.42;-1.17;4.07;0.0;13.827;2.42;49.06
1983-02-28;-1.37;4.38;10.12;6.17;11.757;6.65;51.06
1983-03-01;0.05;5.13;10.2;0.0;16.114;2.75;37.18
1983-03-02;-2.35;2.04;6.44;0.0;10.46;2.64;41.59
1983-03-03;-2.67;4.95;12.56;0.0;15.225;2.76;37.2
1983-03-04;0.06;7.47;14.88;0.0;17.005;2.03;37.17
1983-03-05;0.6;7.5;14.41;0.0;18.077;2.14;23.86
1983-03-06;0.53;8.12;15.71;0.67;16.996;3.02;21.2
1983-03-07;1.19;8.65;16.11;0.0;11.156;2.42;34.06
1983-03-08;-1.16;6.18;13.53;0.0;17.996;1.73;34.56
1983-03-09;-1.23;4.97;11.18;0.0;16.825;1.25;44.23
1983-03-10;-1.9;4.98;11.86;0.44;17.278;0.45;41.89
1983-03-11;-0.05;6.94;13.93;0.0;18.119;1.73;29.28
1983-03-12;0.38;7.41;14.44;0.0;17.892;1.52;27.96
1983-03-13;-0.14;7.15;14.45;0.53;13.232;0.5;33.8
1983-03-14;7.13;10.88;14.63;0.0;11.162;0.3;34.11
1983-03-15;2.18;7.65;13.12;0.0;18.266;1.67;28.29
1983-03-16;-0.7;5.47;11.64;0.0;20.301;0.21;18.62
1983-03-17;-0.43;6.27;12.97;0.0;18.561;1.1;22.73
1983-03-18;0.88;8.75;16.62;0.0;19.091;0.75;35.69
1983-03-19;4.8;11.53;18.26;0.0;16.506;0.36;38.86
1983-03-20;5.5;12.44;19.38;0.0;17.568;0.88;37.25
1983-03-21;4.8;10.35;15.89;0.0;9.45;1.95;56.03
1983-03-22;3.17;8.29;13.41;2.47;8.591;1.39;56.01
1983-03-23;4.9;9.7;14.5;0.0;12.264;2.56;45.95
1983-03-24;1.2;5.94;10.69;1.64;6.976;3.49;56.08
1983-03-25;0.46;4.85;9.24;5.0;10.746;2.1;59.9
1983-03-26;-0.57;5.83;12.24;0.0;17.734;1.18;37.25
1983-03-27;1.08;7.08;13.07;0.0;15.802;0.7;37.57
1983-03-28;1.53;8.4;15.27;0.0;19.037;1.46;36.88
1983-03-29;1.79;7.58;13.37;0.0;18.341;2.47;40.4
1983-03-30;1.0;7.96;14.92;0.0;16.911;2.07;34.18
1983-03-31;1.71;9.42;17.13;0.0;19.27;0.41;33.25
1983-04-01;3.22;10.79;18.37;0.0;13.707;0.74;31.17
1983-04-02;2.33;10.23;18.12;0.0;12.013;1.67;30.39
1983-04-03;4.7;8.49;12.28;5.17;12.021;0.55;59.79
1983-04-04;4.79;10.41;16.04;3.12;10.819;1.32;37.79
1983-04-05;2.54;11.28;20.01;0.0;22.238;1.17;30.37
1983-04-06;5.78;14.21;22.65;0.0;17.442;2.72;19.43
1983-04-07;10.03;17.0;23.98;0.0;17.832;3.32;24.38
1983-04-08;2.47;10.08;17.7;0.0;14.313;3.41;34.84
1983-04-09;0.08;5.62;11.16;2.91;17.639;0.86;48.83
1983-04-10;1.25;5.75;10.25;2.29;5.59;2.23;50.16
1983-04-11;-1.29;6.63;14.56;0.0;23.867;1.26;30.32
1983-04-12;3.53;9.52;15.51;0.9;8.681;3.06;52.64
1983-04-13;5.58;12.96;20.35;0.0;20.839;3.02;37.09
1983-04-14;9.73;14.38;19.03;0.0;14.153;1.96;50.11
1983-04-15;8.29;13.62;18.94;4.8;11.376;1.48;38.85
1983-04-16;6.5;11.65;16.8;6.96;13.0;1.78;49.99
1983-04-17;2.8;9.67;16.54;0.0;22.5;1.37;27.81
1983-04-18;3.05;10.82;18.59;0.0;23.185;1.56;25.66
1983-04-19;7.71;14.95;22.18;6.07;16.4;1.97;35.27
1983-04-20;9.13;15.33;21.53;1.53;23.147;0.6;41.4
1983-04-21;11.47;15.95;20.42;4.13;15.106;1.71;54.77
1983-04-22;5.5;12.43;19.36;0.0;20.58;1.71;38.54
1983-04-23;3.05;10.6;18.15;0.0;22.518;1.51;27.43
1983-04-24;4.68;9.7;14.72;16.32;15.511;1.61;50.38
1983-04-25;8.51;13.66;18.81;0.0;23.024;1.91;42.95
1983-04-26;7.48;14.0;20.51;4.88;25.93;3.3;36.1
1983-04-27;3.42;11.27;19.13;32.23;4.8;2.53;45.3
1983-04-28;9.02;14.98;20.94;0.0;22.194;1.41;44.12
1983-04-29;7.45;13.5;19.55;0.0;21.798;2.23;41.44
1983-04-30;8.85;14.54;20.23;2.96;20.034;1.81;53.58
1983-05-01;6.5;13.15;19.81;0.0;24.824;0.39;42.98
1983-05-02;9.87;15.79;21.72;0.0;22.909;0.71;42.97
1983-05-03;11.99;18.46;24.93;0.0;22.728;1.83;37.69
1983-05-04;11.07;16.05;21.03;6.7;15.567;1.83;55.13
1983-05-05;10.78;16.32;21.85;3.6;12.098;3.8;50.33
1983-05-06;5.72;11.42;17.13;0.0;19.831;3.62;41.02
1983-05-07;4.54;10.95;17.36;0.0;20.157;3.61;35.68
1983-05-08;6.82;11.8;16.78;1.44;11.391;3.85;55.8
1983-05-09;10.44;14.98;19.52;1.84;18.22;2.98;56.28
1983-05-10;9.59;13.41;17.23;0.0;17.733;1.06;59.64
1983-05-11;7.85;14.68;21.5;0.74;22.801;2.26;51.19
1983-05-12;9.57;12.41;15.24;17.68;9.786;3.11;51.8
1983-05-13;7.57;11.66;15.76;16.97;9.816;1.73;59.93
1983-05-14;5.82;10.27;14.71;4.52;11.378;1.84;68.38
1983-05-15;5.42;12.3;19.19;0.0;16.63;2.6;56.5
1983-05-16;8.92;14.34;19.77;0.0;21.628;1.42;54.36
1983-05-17;7.94;13.94;19.93;4.18;19.06;2.35;48.67
1983-05-18;7.84;10.71;13.58;6.49;10.591;1.52;58.12
1983-05-19;8.97;15.14;21.32;0.0;24.895;1.31;49.5
1983-05-20;8.8;15.41;22.02;5.14;16.694;0.8;49.11
1983-05-21;13.45;17.94;22.42;7.22;20.715;0.65;59.24
1983-05-22;12.55;18.28;24.01;5.44;23.693;0.21;56.45
1983-05-23;11.49;17.36;23.23;4.42;22.251;0.3;56.6
1983-05-24;11.78;17.18;22.58;1.98;19.499;0.86;54.56
1983-05-25;10.49;17.4;24.31;1.05;22.137;0.59;49.17
1983-05-26;10.49;17.98;25.48;0.0;25.938;1.08;42.69
1983-05-27;13.19;19.19;25.19;0.0;25.256;0.98;51.89
1983-05-28;12.65;19.09;25.54;0.0;25.194;2.04;47.83
1983-05-29;11.77;19.75;27.73;0.0;25.947;1.68;40.01
1983-05-30;12.78;20.11;27.44;0.0;27.918;1.28;36.54
1983-05-31;12.7;18.91;25.11;0.0;24.548;2.05;49.16
1983-06-01;9.36;15.33;21.31;0.0;18.938;2.4;51.34
1983-06-02;9.52;15.67;21.83;0.0;27.829;0.3;31.37
1983-06-03;9.58;18.02;26.46;0.0;25.721;1.11;37.58
1983-06-04;11.07;17.32;23.57;0.0;19.583;1.22;45.75
1983-06-05;10.12;16.63;23.15;6.66;22.128;0.46;53.97
1983-06-06;11.99;18.13;24.27;2.52;20.238;1.06;42.8
1983-06-07;12.11;19.35;26.59;0.0;15.401;1.0;33.81
1983-06-08;12.74;20.27;27.79;0.0;29.269;0.58;36.95
1983-06-09;11.5;19.06;26.62;0.0;23.328;1.55;37.76
1983-06-10;10.14;16.63;23.11;0.0;28.058;0.89;36.39
1983-06-11;7.77;17.32;26.88;0.0;29.651;0.89;26.18
1983-06-12;11.41;20.61;29.8;0.0;27.308;0.64;26.36
1983-06-13;12.84;22.13;31.43;0.0;27.771;0.73;24.19
1983-06-14;12.47;21.63;30.79;0.0;30.915;0.74;17.9
1983-06-15;14.55;23.71;32.87;1.55;28.368;0.81;20.14
1983-06-16;17.4;25.51;33.62;1.37;22.447;1.16;19.62
1983-06-17;13.11;20.45;27.8;2.17;28.789;2.92;32.73
1983-06-18;10.39;16.41;22.43;0.0;28.288;2.27;33.14
1983-06-19;8.8;16.73;24.66;0.0;21.019;1.93;21.29
1983-06-20;9.24;12.35;15.46;15.82;13.32;2.98;42.47
1983-06-21;11.43;13.77;16.1;8.09;11.76;3.13;66.52
1983-06-22;10.04;13.07;16.11;14.1;15.005;3.54;67.41
1983-06-23;10.01;15.18;20.34;0.0;15.558;3.94;38.9
1983-06-24;9.0;16.15;23.3;0.0;22.842;2.78;37.83
1983-06-25;9.81;16.2;22.58;1.81;10.146;1.54;50.68
1983-06-26;9.3;17.33;25.35;0.0;28.763;2.53;39.35
1983-06-27;9.29;19.48;29.67;0.0;24.212;1.67;18.17
1983-06-28;11.83;20.77;29.71;1.57;20.319;2.07;24.43
1983-06-29;14.22;17.39;20.56;3.02;16.504;2.55;71.41
1983-06-30;11.69;19.25;26.81;0.0;25.162;3.34;31.97
1983-07-01;9.31;17.15;24.99;0.0;27.883;3.74;16.41
1983-07-02;9.2;17.09;24.99;0.0;26.98;3.55;20.97
1983-07-03;11.02;18.92;26.82;0.0;23.581;2.71;29.65
1983-07-04;11.75;18.97;26.19;0.0;24.981;3.11;33.57
1983-07-05;9.29;16.79;24.29;0.0;27.408;3.0;32.12
1983-07-06;9.81;17.37;24.93;0.0;25.879;2.5;28.65
1983-07-07;9.65;18.13;26.61;0.0;29.608;2.18;14.69
1983-07-08;10.97;19.8;28.62;0.0;27.092;2.6;16.92
1983-07-09;12.37;20.16;27.96;0.0;28.31;2.91;18.64
1983-07-10;11.77;20.09;28.42;0.0;28.541;3.41;19.86
1983-07-11;12.46;21.37;30.27;0.0;29.371;3.54;14.76
1983-07-12;14.2;23.38;32.56;0.0;21.574;2.5;22.08
1983-07-13;16.33;24.45;32.56;0.0;27.7;1.89;26.73
1983-07-14;15.05;23.8;32.54;0.0;27.986;1.69;22.11
1983-07-15;13.13;22.23;31.33;0.0;26.7;2.7;13.82
1983-07-16;12.64;22.29;31.94;0.0;26.837;2.29;11.43
1983-07-17;19.61;26.65;33.69;0.0;26.12;3.18;17.89
1983-07-18;14.22;22.27;30.33;0.0;21.95;3.22;15.65
1983-07-19;13.01;20.79;28.58;0.0;26.525;2.29;17.03
1983-07-20;14.87;21.72;28.57;0.0;24.394;1.9;27.38
1983-07-21;14.56;21.88;29.19;0.0;21.018;2.61;20.39
1983-07-22;15.25;21.81;28.37;0.0;26.349;1.78;20.35
1983-07-23;13.9;22.44;30.98;0.0;27.499;1.18;13.35
1983-07-24;14.49;24.02;33.54;0.0;26.42;1.16;14.77
1983-07-25;16.6;25.23;33.87;0.0;26.763;1.56;18.06
1983-07-26;17.88;24.93;31.98;0.0;22.799;1.56;25.17
1983-07-27;17.21;24.71;32.22;0.0;26.707;2.66;14.7
1983-07-28;16.5;24.24;31.98;0.0;26.626;1.89;8.75
1983-07-29;13.08;22.44;31.8;0.0;26.677;2.3;10.11
1983-07-30;15.7;22.84;29.98;0.0;25.811;2.72;15.17
1983-07-31;15.84;23.63;31.43;0.0;26.018;1.19;17.81
1983-08-01;13.78;22.7;31.63;0.0;25.877;2.3;11.16
1983-08-02;15.58;23.21;30.84;0.0;25.053;2.39;14.22
1983-08-03;13.43;20.66;27.9;0.0;26.254;3.51;17.28
1983-08-04;10.61;17.25;23.9;0.0;25.313;4.12;20.17
1983-08-05;11.44;16.72;22.0;3.38;19.285;4.42;50.06
1983-08-06;13.74;17.39;21.04;1.65;17.006;5.47;51.22
1983-08-07;13.06;20.01;26.96;1.27;18.11;3.12;39.77
1983-08-08;11.75;17.36;22.96;3.81;13.656;3.35;43.65
1983-08-09;10.14;19.18;28.22;6.55;17.037;2.32;38.9
1983-08-10;11.17;20.68;30.2;0.0;22.566;1.73;24.52
1983-08-11;13.8;21.78;29.76;0.0;23.433;3.07;29.52
1983-08-12;14.73;22.0;29.26;0.0;24.055;4.27;23.62
1983-08-13;11.39;20.93;30.46;0.0;24.245;4.16;13.15
1983-08-14;14.03;23.16;32.3;0.0;24.964;2.84;9.13
1983-08-15;13.89;24.68;35.48;1.8;22.476;1.31;10.75
1983-08-16;17.5;21.28;25.06;0.0;17.429;2.63;52.65
1983-08-17;14.45;19.61;24.76;0.0;17.334;2.86;38.61
1983-08-18;12.52;20.38;28.25;0.0;22.719;2.44;17.03
1983-08-19;11.13;20.27;29.4;0.0;23.659;1.73;14.64
1983-08-20;10.85;20.26;29.67;0.0;22.901;2.82;18.61
1983-08-21;12.12;20.27;28.41;0.0;23.941;3.23;16.44
1983-08-22;11.02;19.29;27.56;0.0;23.673;3.02;10.73
1983-08-23;10.57;17.46;24.35;0.0;23.068;3.32;16.08
1983-08-24;9.24;17.07;24.89;0.0;22.664;3.23;20.44
1983-08-25;8.61;16.05;23.48;0.0;21.718;3.23;19.15
1983-08-26;6.05;14.33;22.61;0.0;22.562;3.04;17.45
1983-08-27;8.09;17.12;26.15;0.0;21.887;0.9;15.58
1983-08-28;9.02;18.61;28.19;0.0;23.155;1.04;9.58
1983-08-29;11.26;20.67;30.08;0.0;21.635;1.28;7.66
1983-08-30;12.66;22.54;32.42;0.0;20.993;2.0;18.33
1983-08-31;12.72;22.41;32.11;0.0;22.685;1.1;16.89
1983-09-01;12.57;22.41;32.26;0.23;21.828;0.6;10.41
1983-09-02;15.42;24.8;34.19;0.0;21.096;0.7;8.95
1983-09-03;16.69;26.55;36.4;0.65;19.945;1.82;8.93
1983-09-04;17.84;25.95;34.05;0.0;20.464;1.99;14.44
1983-09-05;17.31;26.16;35.02;0.0;19.125;1.4;11.16
1983-09-06;16.28;24.55;32.83;0.0;17.633;2.71;13.8
1983-09-07;12.69;20.01;27.33;0.0;19.803;2.71;22.01
1983-09-08;11.71;20.04;28.37;0.0;20.387;2.79;20.87
1983-09-09;11.65;20.25;28.85;0.0;20.433;2.43;15.97
1983-09-10;11.97;20.39;28.8;0.0;20.199;2.39;16.93
1983-09-11;12.24;21.04;29.84;0.0;20.675;1.99;10.82
1983-09-12;10.76;19.07;27.38;0.0;21.004;2.92;12.92
1983-09-13;11.76;19.58;27.4;0.0;19.437;1.9;17.05
1983-09-14;10.43;18.66;26.89;0.0;19.626;1.8;10.06
1983-09-15;9.17;15.59;22.02;0.0;14.949;4.0;30.4
1983-09-16;8.57;15.56;22.55;0.0;19.255;3.49;20.28
1983-09-17;7.61;15.99;24.37;0.0;19.055;1.8;15.76
1983-09-18;9.62;16.93;24.23;0.0;19.09;2.72;17.03
1983-09-19;7.52;15.37;23.22;0.0;19.791;3.37;18.32
1983-09-20;8.84;17.06;25.28;0.0;18.218;2.42;17.81
1983-09-21;11.89;20.7;29.52;0.0;18.366;0.89;15.1
1983-09-22;14.71;23.16;31.6;0.0;18.817;0.7;12.05
1983-09-23;14.61;21.89;29.18;1.43;9.996;1.81;13.28
1983-09-24;13.59;17.93;22.26;1.0;8.257;3.18;42.12
1983-09-25;11.11;19.02;26.93;0.0;16.852;2.64;18.45
1983-09-26;9.03;14.98;20.92;6.5;8.195;2.51;54.0
1983-09-27;7.58;16.18;24.77;0.0;17.095;2.21;26.15
1983-09-28;4.34;12.01;19.68;0.13;10.652;3.69;31.69
1983-09-29;3.83;12.09;20.36;0.0;17.823;0.29;12.97
1983-09-30;5.38;11.91;18.44;0.0;10.426;2.1;31.59
1983-10-01;7.71;14.04;20.38;0.0;15.295;2.3;28.55
1983-10-02;4.78;13.37;21.96;0.0;17.797;2.1;14.92
1983-10-03;3.49;13.99;24.49;0.0;18.448;0.78;8.31
1983-10-04;9.48;18.74;28.0;0.0;17.396;1.39;7.39
1983-10-05;9.66;17.73;25.8;0.0;13.453;2.24;21.71
1983-10-06;10.09;16.69;23.28;0.0;16.084;0.31;32.91
1983-10-07;7.8;16.72;25.65;0.0;17.075;0.89;15.83
1983-10-08;9.05;18.55;28.04;0.0;16.492;1.19;10.04
1983-10-09;7.82;14.63;21.43;1.4;12.012;1.9;31.23
1983-10-10;7.96;13.06;18.16;0.0;11.77;1.75;43.44
1983-10-11;8.4;14.57;20.75;0.0;12.886;1.83;39.47
1983-10-12;10.1;15.59;21.09;0.0;11.643;0.69;38.59
1983-10-13;7.56;15.6;23.65;0.0;13.975;1.39;27.39
1983-10-14;8.15;16.98;25.82;0.0;15.216;1.58;14.12
1983-10-15;8.6;16.54;24.47;0.0;15.914;0.98;14.2
1983-10-16;10.51;18.04;25.56;0.0;13.483;0.38;12.46
1983-10-17;10.29;18.59;26.9;0.0;15.01;0.7;13.78
1983-10-18;9.17;19.09;29.02;0.72;16.707;1.8;6.53
1983-10-19;9.4;16.11;22.82;2.72;8.208;2.37;20.41
1983-10-20;11.97;18.86;25.74;0.0;12.464;2.66;11.44
1983-10-21;6.42;11.82;17.22;3.35;7.9;3.52;38.92
1983-10-22;5.47;12.6;19.73;2.0;13.423;2.47;28.97
1983-10-23;7.11;12.39;17.68;0.0;10.983;1.38;49.93
1983-10-24;7.91;14.74;21.58;0.0;11.743;2.09;36.0
1983-10-25;4.73;12.28;19.82;0.0;13.032;2.31;20.41
1983-10-26;9.89;14.23;18.58;0.0;7.461;2.89;21.39
1983-10-27;7.53;15.02;22.51;1.04;11.318;2.5;16.84
1983-10-28;1.21;10.28;19.35;0.0;15.531;1.19;5.8
1983-10-29;2.87;9.43;15.98;0.0;8.072;2.29;21.53
1983-10-30;5.77;11.8;17.83;1.87;8.171;1.38;31.47
1983-10-31;8.77;14.35;19.92;0.0;12.456;3.76;12.51
1983-11-01;8.9;14.45;20.0;0.0;12.423;3.82;13.74
1983-11-02;5.19;11.33;17.47;0.0;7.525;2.1;43.56
1983-11-03;1.66;9.18;16.69;0.0;12.348;0.6;32.73
1983-11-04;5.75;11.53;17.3;1.13;6.043;2.91;36.01
1983-11-05;5.31;9.1;12.88;13.61;2.963;2.77;40.83
1983-11-06;1.56;8.31;15.06;0.0;12.629;1.2;33.81
1983-11-07;0.54;5.54;10.55;4.49;4.576;2.67;68.66
1983-11-08;3.97;6.91;9.84;7.92;5.073;3.26;72.03
1983-11-09;-1.7;2.9;7.5;0.0;7.052;2.26;58.26
1983-11-10;-3.87;3.34;10.55;0.0;12.342;2.52;24.45
1983-11-11;-2.39;5.14;12.68;0.0;11.083;1.51;38.44
1983-11-12;1.58;7.72;13.86;2.77;10.282;1.91;37.25
1983-11-13;6.22;9.74;13.27;2.3;6.585;3.84;64.43
1983-11-14;4.27;7.77;11.27;0.0;4.573;2.87;59.13
1983-11-15;3.77;9.01;14.25;0.0;7.894;3.27;46.25
1983-11-16;6.22;9.96;13.69;2.52;7.451;4.75;45.17
1983-11-17;3.84;6.25;8.65;4.33;2.147;3.76;76.59
1983-11-18;1.16;5.29;9.43;0.0;8.355;2.67;40.98
1983-11-19;0.97;4.58;8.2;9.02;3.131;2.86;73.23
1983-11-20;2.62;6.81;11.01;0.0;3.904;3.8;75.9
1983-11-21;2.48;6.8;11.12;0.0;7.168;1.73;57.39
1983-11-22;1.3;6.86;12.41;0.0;8.357;0.72;49.49
1983-11-23;-0.59;4.68;9.95;0.0;9.58;1.19;38.59
1983-11-24;1.47;5.97;10.47;0.0;5.219;1.51;58.74
1983-11-25;3.07;5.82;8.56;8.14;3.262;3.3;80.15
1983-11-26;1.61;5.02;8.43;0.0;7.201;2.47;60.45
1983-11-27;1.63;6.45;11.27;0.0;8.973;2.67;39.62
1983-11-28;2.56;6.5;10.43;3.54;3.793;3.73;74.45
1983-11-29;5.52;9.17;12.82;5.85;7.144;3.33;58.51
1983-11-30;3.65;6.5;9.34;0.0;4.121;3.78;71.79
1983-12-01;1.67;5.17;8.66;0.0;2.488;3.48;65.07
1983-12-02;2.17;5.35;8.53;0.0;6.061;3.59;70.83
1983-12-03;1.82;4.53;7.24;2.66;4.1;3.89;70.45
1983-12-04;1.68;5.96;10.25;2.66;2.591;5.13;59.63
1983-12-05;4.22;8.25;12.29;0.0;3.457;4.08;60.76
1983-12-06;4.46;8.2;11.94;7.0;3.895;4.17;71.88
1983-12-07;-1.71;2.96;7.64;0.0;3.07;2.68;59.19
1983-12-08;-2.0;1.79;5.57;1.09;5.234;2.4;67.11
1983-12-09;4.94;7.88;10.83;3.35;3.661;0.78;54.34
1983-12-10;1.78;5.79;9.8;0.0;7.919;3.31;54.33
1983-12-11;-0.95;3.17;7.29;0.0;6.52;2.4;55.49
1983-12-12;-0.84;2.35;5.54;0.0;3.173;2.1;60.36
1983-12-13;-1.1;2.41;5.92;0.0;4.426;1.48;64.15
1983-12-14;-2.91;-0.22;2.47;0.0;6.83;0.2;65.33
1983-12-15;-3.09;1.19;5.46;0.0;3.605;1.38;58.62
1983-12-16;-4.21;-0.69;2.84;0.0;4.673;1.31;44.24
1983-12-17;-5.63;-1.36;2.91;0.0;7.121;2.1;54.77
1983-12-18;0.55;3.83;7.12;14.32;2.916;3.46;85.61
1983-12-19;6.21;9.74;13.27;0.5;7.436;6.32;49.36
1983-12-20;2.91;6.92;10.93;4.08;0.588;6.18;77.38
1983-12-21;1.86;5.0;8.15;1.43;4.461;3.49;66.02
1983-12-22;-1.22;2.32;5.86;0.0;5.238;1.83;60.6
1983-12-23;1.13;6.08;11.03;0.0;8.131;2.49;52.74
1983-12-24;0.43;5.63;10.84;0.0;8.051;2.4;49.98
1983-12-25;0.4;5.41;10.41;0.0;5.863;2.84;55.11
1983-12-26;4.99;9.04;13.1;7.4;5.0;3.69;60.66
1983-12-27;-0.01;4.95;9.91;0.75;6.344;2.55;53.51
1983-12-28;-2.7;2.34;7.38;0.0;7.02;0.56;35.02
1983-12-29;-2.74;2.24;7.22;0.0;7.869;0.71;38.77
1983-12-30;-0.51;3.92;8.36;0.0;7.572;1.81;58.33
1983-12-31;0.93;5.1;9.27;0.75;5.014;3.49;66.49
1984-01-01;4.06;6.81;9.57;6.06;3.44;4.11;71.77
1984-01-02;-1.17;0.91;2.98;2.16;4.238;2.96;58.9
1984-01-03;0.27;5.55;10.83;9.22;4.634;3.29;62.33
1984-01-04;-0.14;3.6;7.34;0.35;4.628;1.51;62.04
1984-01-05;-2.84;2.06;6.97;0.0;8.632;1.71;52.19
1984-01-06;-0.15;4.67;9.49;0.0;8.738;2.3;51.7
1984-01-07;0.51;5.04;9.56;0.0;7.656;1.76;55.34
1984-01-08;1.14;5.17;9.19;0.0;7.997;1.93;57.33
1984-01-09;0.1;4.47;8.85;0.0;7.937;2.26;51.71
1984-01-10;-0.15;3.41;6.97;0.0;8.434;1.9;59.84
1984-01-11;0.06;2.36;4.66;0.0;5.214;0.85;65.02
1984-01-12;-2.71;1.57;5.85;0.0;5.353;0.59;63.82
1984-01-13;-3.9;0.8;5.5;0.0;8.205;0.33;52.21
1984-01-14;-1.61;1.79;5.19;1.07;4.935;0.9;55.7
1984-01-15;-3.27;0.64;4.56;0.49;6.664;0.98;44.12
1984-01-16;-2.62;1.74;6.1;0.0;8.011;1.96;56.95
1984-01-17;-1.54;3.37;8.29;1.16;6.399;1.87;59.88
1984-01-18;0.78;4.13;7.47;1.18;6.115;3.17;63.09
1984-01-19;-1.21;0.77;2.76;0.0;2.931;2.56;67.43
1984-01-20;-1.42;0.27;1.96;3.61;5.02;2.87;73.87
1984-01-21;-0.9;2.12;5.14;0.78;4.266;1.85;53.54
1984-01-22;0.31;4.5;8.69;4.23;6.362;2.16;66.51
1984-01-23;-1.39;1.15;3.69;0.83;4.636;3.29;63.16
1984-01-24;-3.62;-0.37;2.88;0.0;6.103;3.9;51.76
1984-01-25;-4.9;-1.98;0.94;0.61;6.613;2.67;46.52
1984-01-26;0.69;5.27;9.86;3.56;5.958;5.02;49.42
1984-01-27;1.85;4.61;7.37;0.0;3.71;6.3;59.95
1984-01-28;-2.43;0.02;2.48;0.0;4.023;3.68;58.35
1984-01-29;-2.83;0.85;4.53;8.93;5.234;1.01;67.98
1984-01-30;5.1;7.92;10.74;13.98;4.228;6.2;70.16
1984-01-31;5.04;9.45;13.85;25.5;2.8;6.7;61.55
1984-02-01;-1.98;2.5;6.99;0.0;9.623;4.12;47.39
1984-02-02;-5.55;-1.35;2.85;0.0;9.768;3.67;48.53
1984-02-03;-9.9;-6.11;-2.32;1.24;4.486;4.3;30.33
1984-02-04;-8.36;-3.96;0.44;0.0;10.147;3.69;28.65
1984-02-05;-2.52;2.7;7.91;0.0;10.867;2.6;52.56
1984-02-06;-2.88;2.54;7.97;0.0;9.594;2.44;51.7
1984-02-07;-2.68;2.52;7.72;4.88;8.853;3.21;70.72
1984-02-08;0.33;4.5;8.68;0.0;11.944;2.06;44.31
1984-02-09;-0.6;6.24;13.07;0.0;13.752;2.04;38.67
1984-02-10;1.08;6.53;11.98;0.0;11.598;3.62;46.09
1984-02-11;2.55;6.67;10.79;0.0;8.968;1.96;63.21
1984-02-12;0.46;4.35;8.24;0.0;5.924;1.58;63.36
1984-02-13;-2.42;2.89;8.2;0.0;12.862;1.24;37.01
1984-02-14;-1.97;4.92;11.82;0.0;12.461;2.51;45.69
1984-02-15;-0.96;4.62;10.2;0.0;12.684;2.78;39.69
1984-02-16;-1.83;4.26;10.35;0.0;11.936;2.67;37.17
1984-02-17;0.29;6.5;12.71;0.0;13.033;1.56;41.48
1984-02-18;-0.61;6.29;13.18;0.0;12.659;2.13;49.66
1984-02-19;0.18;4.76;9.35;5.04;6.099;3.54;50.51
1984-02-20;0.36;5.34;10.33;18.17;4.043;5.83;48.46
1984-02-21;1.59;5.17;8.75;2.64;8.798;3.97;45.78
1984-02-22;0.47;3.57;6.68;0.0;10.317;1.95;55.45
1984-02-23;-2.11;3.13;8.37;4.19;10.413;3.71;58.94
1984-02-24;-0.56;4.53;9.62;1.88;8.996;4.02;57.08
1984-02-25;-2.05;3.11;8.27;0.0;12.633;2.86;42.91
1984-02-26;-0.73;4.73;10.19;4.49;8.002;5.26;61.97
1984-02-27;-3.62;1.05;5.72;1.11;6.002;2.64;55.1
1984-02-28;-2.72;2.75;8.23;0.0;14.504;2.61;41.94
1984-02-29;0.58;4.83;9.08;1.14;8.37;1.93;63.86
1984-03-01;1.77;7.02;12.28;0.0;12.098;3.72;48.79
1984-03-02;4.84;7.68;10.52;1.05;5.071;4.2;64.77
1984-03-03;-0.27;5.78;11.83;2.04;8.335;2.61;60.7
1984-03-04;-0.66;4.28;9.21;1.3;9.615;0.86;55.99
1984-03-05;1.61;5.0;8.4;10.13;6.122;1.41;71.54
1984-03-06;-3.08;1.76;6.6;2.51;9.636;3.64;49.49
1984-03-07;-5.36;-2.45;0.46;0.0;12.436;3.92;38.51
1984-03-08;-6.02;-3.0;0.01;0.0;12.703;3.8;38.09
1984-03-09;-6.44;-3.15;0.15;0.0;13.207;3.78;37.46
1984-03-10;-7.37;-3.21;0.94;0.0;15.66;2.83;33.18
1984-03-11;-5.7;-0.33;5.05;0.0;14.482;1.83;40.64
1984-03-12;-4.53;1.17;6.88;0.0;19.012;3.03;35.76
1984-03-13;-3.78;3.79;11.37;0.0;19.765;4.13;34.37
1984-03-14;0.74;6.48;12.22;0.0;14.297;2.84;41.74
1984-03-15;-0.77;5.07;10.9;0.0;18.195;0.81;48.75
1984-03-16;1.46;5.24;9.03;0.0;6.496;1.31;57.42
1984-03-17;0.79;5.17;9.55;0.0;12.965;2.92;46.09
1984-03-18;-1.57;2.03;5.63;0.24;10.825;2.6;49.89
1984-03-19;-1.53;3.23;8.0;0.0;18.301;1.28;41.34
1984-03-20;1.0;6.05;11.1;0.0;10.924;1.94;48.93
1984-03-21;6.14;9.74;13.34;0.0;12.476;2.46;51.97
1984-03-22;1.0;6.39;11.78;6.98;6.684;3.3;57.37
1984-03-23;0.79;8.35;15.91;0.0;18.649;2.27;38.24
1984-03-24;4.79;12.28;19.76;0.0;18.62;3.53;30.68
1984-03-25;4.51;11.8;19.1;1.34;16.564;3.42;37.57
1984-03-26;4.66;8.46;12.27;5.34;12.468;1.07;56.99
1984-03-27;-2.61;1.9;6.4;5.05;8.236;3.96;61.14
1984-03-28;-2.55;1.09;4.73;0.0;18.141;2.14;35.15
1984-03-29;0.92;4.58;8.25;1.25;14.85;2.25;49.08
1984-03-30;-0.33;5.41;11.14;0.0;15.056;3.86;39.37
1984-03-31;-1.75;5.2;12.14;0.0;20.983;1.58;31.81
1984-04-01;-2.05;6.42;14.88;0.0;21.318;1.38;34.67
1984-04-02;2.58;10.02;17.45;0.0;21.367;0.89;31.98
1984-04-03;3.48;10.52;17.56;0.0;15.838;0.46;41.24
1984-04-04;5.09;11.79;18.49;0.0;19.487;0.58;37.35
1984-04-05;3.96;11.79;19.61;0.0;22.061;1.17;30.57
1984-04-06;3.92;11.71;19.5;0.0;22.54;2.83;31.9
1984-04-07;-1.54;6.54;14.61;0.0;18.243;2.66;36.21
1984-04-08;-4.02;0.32;4.65;0.0;19.628;2.87;29.68
1984-04-09;-3.6;1.05;5.7;0.0;20.754;1.66;26.56
1984-04-10;-1.72;1.92;5.55;0.0;13.248;0.99;37.05
1984-04-11;-0.99;3.29;7.57;0.6;11.184;2.16;46.29
1984-04-12;2.57;5.55;8.54;4.81;9.15;2.4;60.1
1984-04-13;3.59;8.15;12.71;1.98;15.784;0.4;42.64
1984-04-14;-0.23;7.39;15.02;0.0;23.055;0.99;30.75
1984-04-15;0.83;9.04;17.26;0.0;14.231;0.6;42.89
1984-04-16;5.05;10.07;15.1;0.0;17.791;1.84;57.18
1984-04-17;5.29;9.64;14.0;0.0;13.187;0.99;45.63
1984-04-18;3.79;12.25;20.72;0.0;20.072;3.41;33.74
1984-04-19;12.25;17.66;23.07;0.0;14.254;3.43;33.02
1984-04-20;7.7;16.05;24.4;0.0;17.599;3.37;25.74
1984-04-21;6.23;16.14;26.05;0.0;20.025;1.91;20.34
1984-04-22;12.79;20.26;27.73;0.0;23.123;4.28;18.64
1984-04-23;12.52;18.46;24.4;0.0;13.492;2.62;43.3
1984-04-24;12.83;20.91;28.98;0.0;20.265;2.45;24.56
1984-04-25;8.04;14.16;20.29;3.69;6.679;3.59;30.99
1984-04-26;5.41;12.62;19.82;0.34;25.866;1.67;33.42
1984-04-27;4.39;13.66;22.93;0.0;24.416;1.22;24.14
1984-04-28;10.07;16.09;22.12;0.0;14.004;4.39;32.7
1984-04-29;7.54;11.57;15.61;0.0;8.802;4.99;29.13
1984-04-30;4.44;10.88;17.31;0.0;17.692;3.23;31.63
1984-05-01;4.8;11.08;17.35;0.0;19.27;2.03;34.85
1984-05-02;5.3;11.47;17.65;0.0;18.202;3.36;39.06
1984-05-03;10.67;15.2;19.72;0.0;7.902;4.03;39.82
1984-05-04;10.93;16.39;21.86;2.58;17.436;2.44;37.71
1984-05-05;5.05;10.51;15.97;2.11;17.812;2.88;44.84
1984-05-06;4.27;10.96;17.65;0.0;16.769;3.1;35.71
1984-05-07;9.21;15.35;21.49;0.57;20.314;3.06;44.65
1984-05-08;8.37;16.91;25.44;0.0;20.443;3.17;24.1
1984-05-09;8.41;14.11;19.8;0.0;18.446;1.32;33.45
1984-05-10;7.04;15.04;23.04;0.67;20.272;0.43;27.62
1984-05-11;4.82;13.36;21.89;0.0;29.054;1.89;22.54
1984-05-12;4.75;11.51;18.27;0.0;21.156;2.04;32.51
1984-05-13;4.59;9.7;14.8;2.89;11.971;2.96;39.36
1984-05-14;1.62;9.65;17.68;0.0;24.701;3.1;22.85
1984-05-15;3.4;11.86;20.33;0.0;26.881;3.25;27.58
1984-05-16;5.34;14.0;22.66;0.0;27.784;3.32;31.31
1984-05-17;7.83;15.48;23.14;0.0;26.461;3.19;21.36
1984-05-18;8.3;17.09;25.88;0.51;26.572;1.82;18.53
1984-05-19;7.84;14.65;21.47;2.53;19.018;1.83;41.6
1984-05-20;7.56;13.79;20.01;0.0;22.718;2.76;37.13
1984-05-21;4.42;11.52;18.63;0.0;25.852;3.51;32.38
1984-05-22;4.09;10.48;16.87;0.0;21.432;3.55;32.79
1984-05-23;6.04;12.61;19.18;0.0;23.394;1.67;28.84
1984-05-24;5.6;13.73;21.85;4.72;19.514;2.61;31.28
1984-05-25;5.38;12.87;20.35;0.0;23.816;1.38;28.8
1984-05-26;7.91;14.97;22.03;0.0;24.741;0.23;26.29
1984-05-27;10.46;19.95;29.43;0.0;19.54;1.75;13.97
1984-05-28;10.53;19.29;28.06;5.56;18.693;2.4;22.24
1984-05-29;9.99;18.2;26.41;0.0;26.749;0.96;22.0
1984-05-30;12.71;21.51;30.31;0.0;26.132;0.98;15.63
1984-05-31;15.41;24.09;32.77;0.0;30.74;1.88;15.31
1984-06-01;13.29;23.02;32.74;0.0;30.608;2.61;8.6
1984-06-02;13.33;22.37;31.41;0.0;25.476;1.88;22.75
1984-06-03;11.76;20.77;29.78;0.0;30.557;1.77;15.16
1984-06-04;12.77;20.98;29.18;0.0;29.549;1.55;16.84
1984-06-05;12.36;20.92;29.49;1.37;25.101;0.94;18.62
1984-06-06;11.71;18.5;25.29;0.0;17.425;1.96;25.86
1984-06-07;10.16;16.41;22.66;2.52;16.663;1.84;39.68
1984-06-08;8.71;15.78;22.85;5.09;17.845;2.24;30.23
1984-06-09;10.87;14.71;18.55;0.0;10.657;2.59;49.55
1984-06-10;10.17;11.91;13.64;20.43;11.788;1.66;61.88
1984-06-11;11.6;11.84;12.07;14.79;9.501;1.66;78.6
1984-06-12;9.16;12.54;15.92;5.67;14.839;3.0;64.97
1984-06-13;9.79;13.4;17.01;0.0;15.874;1.45;53.7
1984-06-14;7.3;15.21;23.13;0.0;30.1;1.46;30.26
1984-06-15;8.49;15.65;22.81;0.0;19.939;2.37;27.97
1984-06-16;6.74;13.91;21.08;0.0;26.73;1.45;26.91
1984-06-17;6.01;15.84;25.67;0.0;32.587;0.87;27.38
1984-06-18;10.6;15.94;21.28;0.0;18.293;2.53;49.78
1984-06-19;9.9;16.09;22.27;0.0;27.218;2.18;25.01
1984-06-20;7.52;14.98;22.44;0.0;22.728;1.85;24.39
1984-06-21;8.59;14.92;21.25;0.0;18.573;2.38;32.11
1984-06-22;5.5;13.51;21.52;0.0;23.594;2.37;26.72
1984-06-23;4.31;14.12;23.92;0.34;30.693;0.97;17.47
1984-06-24;9.1;17.96;26.83;0.0;31.782;0.54;17.71
1984-06-25;10.92;20.32;29.72;0.0;30.411;1.93;13.36
1984-06-26;14.25;22.67;31.09;0.0;29.657;1.65;24.7
1984-06-27;12.8;21.1;29.4;0.0;28.679;2.39;20.04
1984-06-28;14.97;22.57;30.17;0.0;30.913;3.51;19.88
1984-06-29;14.5;22.52;30.53;4.53;23.923;2.07;24.9
1984-06-30;13.6;22.55;31.5;0.0;27.716;2.19;23.77
1984-07-01;12.06;21.04;30.02;0.0;30.58;1.57;16.31
1984-07-02;13.09;21.82;30.55;0.0;30.813;1.98;12.2
1984-07-03;13.69;23.0;32.31;0.0;29.614;1.5;14.53
1984-07-04;15.41;24.58;33.75;0.0;28.309;1.79;15.78
1984-07-05;17.3;24.06;30.83;0.0;25.265;2.61;17.42
1984-07-06;14.93;22.69;30.44;0.0;29.208;3.19;18.47
1984-07-07;12.71;20.26;27.8;0.0;30.303;2.29;10.78
1984-07-08;13.52;22.74;31.97;0.0;29.431;1.6;12.05
1984-07-09;14.32;22.14;29.97;0.0;27.97;3.43;19.87
1984-07-10;12.55;20.5;28.44;0.0;27.7;3.11;17.89
1984-07-11;12.41;20.36;28.3;0.0;29.766;2.5;12.93
1984-07-12;12.91;21.63;30.35;0.0;28.809;2.29;10.01
1984-07-13;13.82;23.2;32.57;0.0;27.834;2.18;11.95
1984-07-14;14.75;22.29;29.83;0.0;28.852;2.71;16.12
1984-07-15;14.56;23.61;32.65;0.0;26.04;0.79;18.75
1984-07-16;16.1;24.66;33.23;0.0;26.345;3.2;10.01
1984-07-17;13.01;20.93;28.84;0.0;28.356;3.25;14.82
1984-07-18;11.5;20.86;30.21;0.0;24.906;2.82;14.06
1984-07-19;12.06;18.71;25.35;0.0;15.046;1.79;25.48
1984-07-20;11.91;20.66;29.41;0.0;27.765;1.89;11.87
1984-07-21;15.26;23.13;30.99;0.0;26.182;2.9;14.94
1984-07-22;14.42;21.48;28.53;0.0;26.711;4.51;21.66
1984-07-23;12.72;20.5;28.29;0.0;27.696;1.46;18.03
1984-07-24;15.29;23.93;32.56;0.0;25.856;0.89;14.41
1984-07-25;13.64;24.09;34.53;0.0;26.182;2.18;13.58
1984-07-26;17.22;24.6;31.98;0.0;27.251;2.61;20.97
1984-07-27;16.15;24.86;33.58;0.0;26.279;3.22;15.41
1984-07-28;16.76;25.95;35.14;0.0;26.567;3.16;16.07
1984-07-29;15.01;23.32;31.64;0.0;25.425;2.84;21.94
1984-07-30;14.95;20.97;26.99;0.0;25.936;3.12;27.59
1984-07-31;13.54;21.68;29.82;0.0;26.413;2.52;18.57
1984-08-01;13.56;21.61;29.65;0.0;25.802;2.84;12.39
1984-08-02;15.35;23.21;31.07;0.0;25.687;2.01;12.78
1984-08-03;14.43;24.07;33.7;0.0;26.097;0.65;11.8
1984-08-04;17.98;27.21;36.44;0.0;26.168;1.9;8.61
1984-08-05;18.15;26.25;34.34;0.0;25.334;2.71;13.08
1984-08-06;17.15;24.47;31.79;0.0;25.712;2.85;14.79
1984-08-07;14.24;22.69;31.14;0.0;25.392;3.22;13.32
1984-08-08;14.28;23.35;32.42;0.0;25.402;2.64;11.77
1984-08-09;16.05;26.2;36.34;0.0;25.135;1.73;9.4
1984-08-10;15.14;23.74;32.34;0.0;22.642;3.95;18.93
1984-08-11;14.23;21.98;29.72;0.0;23.344;3.53;21.49
1984-08-12;14.14;21.77;29.39;0.0;24.451;2.86;16.71
1984-08-13;11.63;20.42;29.21;0.0;23.87;2.23;15.42
1984-08-14;12.94;21.11;29.29;0.0;23.91;3.34;16.14
1984-08-15;14.34;22.06;29.79;0.0;23.21;3.5;24.72
1984-08-16;12.36;21.05;29.75;0.0;23.285;3.53;19.84
1984-08-17;14.64;23.35;32.06;0.0;23.152;2.67;26.88
1984-08-18;15.49;24.99;34.49;0.0;23.632;0.8;17.03
1984-08-19;16.63;24.94;33.25;0.0;23.41;2.82;16.25
1984-08-20;13.38;20.14;26.9;0.0;16.577;3.32;26.6
1984-08-21;11.54;18.7;25.87;0.0;24.144;3.3;18.91
1984-08-22;9.7;16.96;24.22;0.0;22.909;3.12;15.62
1984-08-23;9.15;17.02;24.88;0.0;22.942;3.43;19.77
1984-08-24;14.06;19.91;25.77;0.0;14.06;3.12;39.33
1984-08-25;11.22;18.05;24.87;0.0;21.917;4.97;21.7
1984-08-26;6.65;16.18;25.71;0.0;21.448;5.36;16.19
1984-08-27;10.86;17.36;23.85;1.38;12.634;4.64;22.26
1984-08-28;11.08;17.41;23.73;1.83;9.454;3.64;25.87
1984-08-29;11.0;16.09;21.19;3.15;16.565;2.19;41.03
1984-08-30;11.44;17.16;22.88;3.98;10.774;2.87;38.33
1984-08-31;10.72;17.71;24.7;0.0;18.92;2.83;31.23
1984-09-01;7.49;14.48;21.48;0.0;17.634;3.46;27.67
1984-09-02;7.6;14.56;21.52;0.0;22.665;3.48;15.6
1984-09-03;7.44;16.72;26.0;0.0;21.772;2.33;17.15
1984-09-04;10.71;20.42;30.13;0.0;21.583;1.8;14.23
1984-09-05;9.99;18.18;26.37;0.0;18.77;2.31;29.35
1984-09-06;9.38;17.79;26.19;0.0;20.993;1.77;25.23
1984-09-07;8.83;17.32;25.81;0.0;21.388;0.9;23.14
1984-09-08;9.41;18.81;28.21;0.0;21.14;1.71;19.44
1984-09-09;9.79;19.3;28.81;0.0;21.0;1.99;15.1
1984-09-10;10.11;19.3;28.5;0.0;20.626;1.56;15.18
1984-09-11;12.24;19.16;26.09;0.0;19.842;1.6;20.98
1984-09-12;9.02;17.02;25.02;0.0;19.602;1.7;15.32
1984-09-13;9.45;17.3;25.15;0.0;19.044;1.09;12.07
1984-09-14;8.27;16.7;25.12;0.0;20.538;1.3;7.86
1984-09-15;7.8;16.54;25.28;1.03;18.932;2.5;15.65
1984-09-16;6.36;11.5;16.64;4.63;11.134;4.07;46.51
1984-09-17;6.78;11.4;16.01;0.0;12.622;3.7;33.57
1984-09-18;5.58;13.27;20.96;0.0;18.662;4.04;27.59
1984-09-19;7.19;14.54;21.88;0.0;18.89;3.3;25.68
1984-09-20;7.74;15.8;23.87;0.0;18.218;0.5;22.57
1984-09-21;6.83;16.69;26.55;0.0;19.158;2.1;15.01
1984-09-22;3.63;10.98;18.34;0.0;17.993;4.11;38.36
1984-09-23;2.49;10.17;17.85;0.0;17.979;3.42;37.33
1984-09-24;4.94;10.19;15.44;0.0;10.447;3.02;35.47
1984-09-25;2.33;9.76;17.19;0.0;16.531;4.35;33.17
1984-09-26;4.66;11.12;17.57;0.0;16.306;3.37;27.15
1984-09-27;4.91;12.8;20.69;0.0;17.297;3.07;26.41
1984-09-28;5.0;10.69;16.37;1.68;5.568;1.71;52.61
1984-09-29;4.12;13.61;23.1;0.0;14.69;2.3;17.93
1984-09-30;7.61;15.83;24.06;0.0;17.1;0.49;21.19
1984-10-01;8.45;17.31;26.17;0.0;18.007;0.81;13.93
1984-10-02;8.17;18.7;29.22;0.0;16.716;1.69;8.96
1984-10-03;9.47;14.54;19.6;1.37;4.835;1.99;34.21
1984-10-04;6.14;14.77;23.4;0.83;17.828;0.47;19.89
1984-10-05;7.23;17.22;27.21;0.0;18.706;0.77;10.59
1984-10-06;12.61;21.09;29.58;0.0;14.863;0.89;12.28
1984-10-07;9.7;19.48;29.26;0.0;16.22;1.69;12.23
1984-10-08;6.51;13.8;21.09;0.0;15.119;3.17;22.76
1984-10-09;3.94;11.42;18.9;0.0;16.305;2.37;18.8
1984-10-10;7.95;12.75;17.55;1.85;5.274;2.67;40.22
1984-10-11;8.5;12.87;17.24;2.2;8.503;2.68;42.39
1984-10-12;8.14;11.84;15.53;0.0;7.868;2.66;45.45
1984-10-13;5.38;8.91;12.44;0.0;9.011;2.28;42.12
1984-10-14;6.14;9.01;11.88;2.36;8.846;2.36;55.08
1984-10-15;4.3;9.15;14.0;0.82;9.031;2.09;49.01
1984-10-16;6.34;9.33;12.32;1.85;8.119;2.27;57.86
1984-10-17;5.54;10.61;15.67;0.0;9.786;2.4;44.16
1984-10-18;3.97;9.98;15.99;0.0;13.311;0.68;32.59
1984-10-19;5.91;11.78;17.64;0.0;11.912;2.09;23.14
1984-10-20;8.61;13.49;18.37;0.0;9.081;2.15;17.55
1984-10-21;5.49;11.55;17.62;0.0;13.716;0.98;26.1
1984-10-22;3.73;10.28;16.83;0.0;13.42;0.61;28.41
1984-10-23;0.77;9.04;17.31;0.0;13.332;0.98;21.11
1984-10-24;2.62;10.03;17.44;0.0;12.804;1.35;26.48
1984-10-25;2.75;10.18;17.61;0.0;12.25;3.12;31.65
1984-10-26;8.58;13.43;18.27;0.0;12.28;4.03;31.3
1984-10-27;6.1;13.73;21.35;0.0;14.427;5.39;14.8
1984-10-28;7.03;12.88;18.73;0.0;10.997;4.81;17.5
1984-10-29;2.71;9.82;16.92;0.55;8.796;3.19;35.25
1984-10-30;2.78;9.17;15.56;10.95;7.423;3.78;45.09
1984-10-31;1.48;7.46;13.45;0.0;9.056;3.69;42.37
1984-11-01;-0.26;5.23;10.72;0.0;8.967;1.08;38.08
1984-11-02;-2.15;3.88;9.91;1.33;9.085;1.28;54.16
1984-11-03;4.92;10.73;16.55;0.0;7.527;1.9;44.37
1984-11-04;1.54;9.01;16.49;0.0;12.504;0.84;32.14
1984-11-05;5.68;8.93;12.17;4.85;5.174;1.7;58.3
1984-11-06;-0.62;5.05;10.71;0.0;12.385;2.22;27.47
1984-11-07;0.65;5.75;10.86;0.0;8.995;1.2;38.2
1984-11-08;-2.01;5.54;13.09;0.0;11.882;1.07;37.75
1984-11-09;-0.1;3.57;7.23;0.0;8.187;2.97;60.02
1984-11-10;-1.38;3.29;7.96;0.0;8.76;3.1;54.49
1984-11-11;-0.69;2.17;5.02;3.77;4.756;2.88;51.64
1984-11-12;-1.44;3.22;7.88;8.1;2.378;2.75;75.08
1984-11-13;0.87;4.46;8.06;0.0;3.375;0.8;59.9
1984-11-14;1.08;6.62;12.15;0.0;3.332;3.04;57.72
1984-11-15;-0.12;4.67;9.45;10.0;6.162;4.13;61.75
1984-11-16;-2.86;0.92;4.7;0.0;9.329;3.09;31.55
1984-11-17;-2.47;2.8;8.08;0.56;6.129;3.42;55.26
1984-11-18;4.2;7.76;11.31;4.99;4.294;3.8;72.57
1984-11-19;3.85;10.15;16.45;0.0;7.855;2.16;39.78
1984-11-20;2.47;9.44;16.41;0.0;9.151;1.66;35.98
1984-11-21;4.12;11.59;19.05;0.0;9.151;2.41;30.23
1984-11-22;5.38;9.77;14.16;2.3;4.813;2.3;57.69
1984-11-23;3.82;9.08;14.35;0.0;7.917;1.09;49.92
1984-11-24;4.54;9.04;13.54;3.3;4.311;3.11;65.57
1984-11-25;1.7;6.83;11.97;0.0;8.937;1.93;53.73
1984-11-26;1.26;6.59;11.93;5.53;7.626;2.43;62.27
1984-11-27;2.74;3.4;4.05;32.43;1.67;4.16;90.97
1984-11-28;0.6;3.96;7.32;5.53;2.591;3.56;77.13
1984-11-29;-0.17;3.71;7.59;0.0;4.695;2.02;68.53
1984-11-30;0.34;3.29;6.24;9.29;1.12;1.94;77.83
1984-12-01;-2.68;1.2;5.09;0.0;0.779;3.11;74.54
1984-12-02;-1.69;1.93;5.56;0.0;3.898;2.78;64.45
1984-12-03;-4.45;1.0;6.46;0.0;8.811;2.03;44.39
1984-12-04;-1.34;3.12;7.58;0.0;5.176;2.36;71.54
1984-12-05;2.67;3.92;5.17;15.09;0.759;2.52;75.65
1984-12-06;0.91;3.77;6.64;0.0;7.314;2.36;61.73
1984-12-07;1.69;5.81;9.94;12.58;2.261;3.9;75.66
1984-12-08;1.64;4.93;8.22;0.0;4.433;3.52;65.4
1984-12-09;1.1;5.13;9.15;0.79;3.185;4.39;70.89
1984-12-10;-0.11;1.56;3.23;3.33;4.272;4.6;52.54
1984-12-11;-5.99;-1.91;2.17;0.0;6.961;4.01;61.17
1984-12-12;-6.13;-2.08;1.97;0.0;7.684;3.31;46.94
1984-12-13;-2.44;1.18;4.79;1.49;3.509;4.2;71.68
1984-12-14;6.91;9.56;12.21;0.0;3.523;6.25;61.89
1984-12-15;4.11;7.57;11.03;0.0;2.795;4.2;64.57
1984-12-16;6.69;11.03;15.37;2.35;5.695;5.35;47.96
1984-12-17;2.65;3.96;5.27;18.94;1.33;2.62;72.5
1984-12-18;-1.29;2.21;5.72;0.0;4.13;2.4;56.48
1984-12-19;-2.01;2.34;6.69;0.0;9.431;1.34;47.87
1984-12-20;-1.43;3.47;8.37;0.0;9.73;1.17;50.51
1984-12-21;-0.89;3.93;8.74;0.0;9.949;0.3;47.65
1984-12-22;-1.28;3.66;8.6;0.0;5.927;0.44;48.27
1984-12-23;-2.1;3.29;8.67;0.0;7.811;0.31;46.76
1984-12-24;-1.91;3.07;8.05;0.0;9.132;0.67;50.4
1984-12-25;-0.58;3.52;7.61;0.0;8.725;1.54;59.94
1984-12-26;-1.91;3.13;8.16;0.0;7.253;1.34;55.49
1984-12-27;-3.06;2.38;7.83;0.83;6.357;0.32;45.91
1984-12-28;-2.42;2.89;8.2;0.57;6.524;0.93;41.93
1984-12-29;0.1;4.12;8.13;0.0;7.635;1.33;43.28
1984-12-30;-2.2;2.58;7.37;0.0;8.406;1.17;47.52
1984-12-31;-1.14;4.07;9.28;0.0;9.523;0.85;60.58
