iso-date;tmin;tavg;tmax;precip;globrad;wind;relhumid
1980-01-01;-7.82;-4.24;-0.66;0.11;3.56;0.78;44.41
1980-01-02;-3.39;-1.25;0.89;0.0;4.043;1.79;51.01
1980-01-03;-3.9;0.74;5.39;0.0;6.315;2.73;51.3
1980-01-04;1.2;4.22;7.24;0.32;5.969;2.77;52.87
1980-01-05;-0.58;1.04;2.66;0.0;3.757;3.77;59.43
1980-01-06;2.76;4.34;5.93;0.0;3.402;5.0;59.03
1980-01-07;3.03;6.64;10.26;0.0;5.338;4.16;45.43
1980-01-08;5.42;9.02;12.62;0.0;5.025;5.98;37.72
1980-01-09;4.27;5.41;6.55;0.0;4.718;2.5;75.07
1980-01-10;-1.52;3.28;8.07;0.0;3.29;2.13;56.6
1980-01-11;-1.5;3.34;8.18;0.0;6.981;2.78;47.11
1980-01-12;5.44;8.9;12.36;0.0;5.957;3.48;41.56
1980-01-13;5.85;8.77;11.69;0.0;6.21;4.49;37.71
1980-01-14;4.77;8.38;11.98;0.0;6.498;4.99;35.22
1980-01-15;2.47;4.86;7.24;0.0;4.11;3.48;60.94
1980-01-16;-1.8;1.87;5.54;2.15;2.089;4.13;60.84
1980-01-17;-2.82;0.21;3.24;0.72;3.965;1.37;53.25
1980-01-18;-2.76;0.63;4.02;0.0;4.994;1.71;60.86
1980-01-19;0.74;5.79;10.83;0.0;2.846;1.76;54.14
1980-01-20;4.34;4.96;5.57;13.86;0.0;3.42;76.14
1980-01-21;6.07;8.96;11.84;0.0;7.454;4.01;48.09
1980-01-22;4.52;5.6;6.68;4.16;2.153;1.8;88.28
1980-01-23;0.56;2.52;4.48;0.77;3.167;1.22;82.49
1980-01-24;-1.32;1.08;3.47;2.25;3.835;3.99;58.57
1980-01-25;-2.05;0.71;3.47;8.86;2.91;1.01;80.54
1980-01-26;2.6;4.58;6.56;2.36;3.116;0.73;73.02
1980-01-27;1.11;2.64;4.17;0.0;3.806;1.79;67.95
1980-01-28;5.58;6.16;6.74;0.0;3.86;7.84;56.07
1980-01-29;-0.38;4.17;8.73;9.4;3.099;5.4;50.37
1980-01-30;-2.49;0.12;2.73;0.0;5.587;2.68;44.41
1980-01-31;-1.56;2.22;6.0;0.0;7.325;3.58;41.29
1980-02-01;1.88;8.18;14.48;0.94;7.125;4.68;38.19
1980-02-02;-4.12;-0.59;2.94;0.0;4.786;4.04;55.52
1980-02-03;-2.62;-0.07;2.48;0.0;6.851;2.46;51.0
1980-02-04;-2.64;0.89;4.43;0.0;5.676;2.98;48.94
1980-02-05;-3.66;0.55;4.76;0.0;6.291;5.27;45.59
1980-02-06;-3.27;-0.82;1.63;0.0;6.325;2.16;58.71
1980-02-07;-2.32;-0.87;0.58;1.16;3.942;5.42;65.62
1980-02-08;0.14;2.04;3.94;0.0;7.627;1.62;67.57
1980-02-09;-1.85;1.33;4.52;0.0;6.195;2.03;53.26
1980-02-10;-1.95;1.36;4.67;0.0;10.144;2.08;42.04
1980-02-11;-2.05;0.11;2.28;0.0;6.396;2.46;55.58
1980-02-12;-2.01;-0.24;1.53;0.0;6.053;3.71;51.22
1980-02-13;-3.13;-1.41;0.32;9.39;8.887;2.45;56.47
1980-02-14;-7.48;-5.54;-3.59;0.0;6.872;3.38;49.24
1980-02-15;-6.41;-5.12;-3.82;1.23;7.73;2.45;40.98
1980-02-16;-8.17;-5.81;-3.46;0.94;9.847;2.19;28.62
1980-02-17;-7.7;-4.87;-2.03;0.55;9.795;2.85;37.41
1980-02-18;-9.94;-7.89;-5.85;0.49;11.293;3.72;44.82
1980-02-19;-12.15;-9.03;-5.9;1.11;10.899;1.98;42.45
1980-02-20;-13.83;-7.76;-1.69;0.0;10.307;2.08;37.68
1980-02-21;-8.09;-2.45;3.19;0.0;8.836;3.15;51.04
1980-02-22;-3.89;0.05;4.0;0.4;8.84;2.59;57.08
1980-02-23;-1.58;1.67;4.93;0.0;9.221;2.75;36.74
1980-02-24;-5.56;-2.29;0.98;0.0;10.72;5.98;58.02
1980-02-25;-2.44;0.15;2.73;0.0;9.046;6.85;46.83
1980-02-26;-2.47;0.36;3.2;0.0;9.933;6.85;42.96
1980-02-27;-1.69;1.26;4.2;0.0;9.605;5.67;42.37
1980-02-28;0.62;3.91;7.19;4.59;7.786;4.58;46.48
1980-02-29;0.0;0.0;0.0;0.0;0.0;0.0;0.0
1980-03-01;1.8;4.41;7.02;1.94;6.982;3.24;56.97
1980-03-02;0.51;3.16;5.81;2.99;5.202;1.0;74.63
1980-03-03;0.7;3.08;5.47;0.0;6.01;0.49;62.0
1980-03-04;-2.38;1.37;5.12;0.0;10.694;1.95;54.03
1980-03-05;-9.33;-3.83;1.67;0.0;11.686;4.28;37.0
1980-03-06;-11.61;-6.38;-1.15;0.0;11.381;5.89;29.55
1980-03-07;-11.57;-5.37;0.83;10.99;3.044;3.19;86.25
1980-03-08;-0.85;0.32;1.49;3.53;5.127;3.59;73.0
1980-03-09;0.31;1.71;3.1;0.0;6.852;1.57;66.29
1980-03-10;-1.8;0.82;3.44;0.0;8.103;2.3;53.69
1980-03-11;-2.0;1.58;5.15;3.41;7.462;2.74;44.65
1980-03-12;-0.4;3.09;6.58;2.69;4.113;1.38;61.14
1980-03-13;-0.84;4.36;9.56;0.0;14.546;1.1;44.41
1980-03-14;-0.14;3.07;6.28;2.55;7.451;3.99;52.32
1980-03-15;-0.13;1.67;3.46;0.0;7.818;3.2;53.69
1980-03-16;-2.18;-1.53;-0.88;1.36;4.473;3.95;60.78
1980-03-17;-5.07;-2.67;-0.27;0.65;10.722;1.98;47.22
1980-03-18;-3.57;0.51;4.59;0.0;9.99;3.89;51.58
1980-03-19;1.96;6.26;10.55;0.0;12.371;4.84;35.74
1980-03-20;2.98;9.27;15.56;0.0;13.28;6.19;38.35
1980-03-21;-0.49;5.42;11.34;14.2;3.277;4.14;78.68
1980-03-22;-3.8;0.09;3.97;0.0;8.348;4.18;52.43
1980-03-23;-1.69;2.91;7.5;0.0;14.952;1.45;28.43
1980-03-24;-1.36;3.18;7.72;0.0;9.831;1.36;37.1
1980-03-25;3.44;7.36;11.29;0.0;11.483;2.07;45.07
1980-03-26;2.76;8.46;14.16;2.23;15.244;4.29;34.09
1980-03-27;3.96;6.54;9.11;13.71;10.557;2.91;69.03
1980-03-28;3.96;8.21;12.47;0.0;16.168;2.78;44.73
1980-03-29;5.95;12.36;18.77;0.0;20.089;3.33;27.06
1980-03-30;7.08;9.36;11.64;0.94;7.682;3.9;62.01
1980-03-31;4.66;8.01;11.36;0.0;6.482;2.21;62.0
1980-04-01;4.57;9.61;14.64;0.0;14.522;1.28;43.77
1980-04-02;5.46;10.47;15.49;3.39;12.18;3.3;43.62
1980-04-03;6.39;9.5;12.61;0.0;18.094;1.51;39.48
1980-04-04;4.76;12.13;19.5;2.91;19.075;5.26;30.64
1980-04-05;7.52;13.36;19.19;0.0;17.407;3.9;49.46
1980-04-06;7.35;13.59;19.82;0.0;18.195;1.8;40.18
1980-04-07;12.25;18.52;24.79;0.0;17.211;3.6;36.03
1980-04-08;11.46;17.94;24.41;0.0;17.67;2.23;38.06
1980-04-09;10.85;17.36;23.88;0.0;16.634;0.69;37.09
1980-04-10;9.55;15.94;22.32;0.0;18.338;0.5;32.56
1980-04-11;11.63;17.75;23.88;0.0;18.298;1.2;34.94
1980-04-12;8.15;13.77;19.4;0.0;17.743;2.37;44.81
1980-04-13;7.81;12.54;17.27;0.0;19.806;1.3;34.95
1980-04-14;9.99;16.92;23.85;0.0;22.13;3.13;20.39
1980-04-15;7.67;11.93;16.2;5.7;10.301;2.01;59.34
1980-04-16;7.12;10.84;14.55;6.04;10.627;0.71;67.33
1980-04-17;12.57;14.9;17.23;8.31;9.89;0.33;62.21
1980-04-18;12.16;14.23;16.3;8.87;9.425;1.25;70.29
1980-04-19;8.39;10.73;13.06;0.74;6.4;3.47;87.0
1980-04-20;9.33;13.63;17.93;5.45;11.03;0.7;56.91
1980-04-21;9.38;14.21;19.04;0.0;11.259;1.72;43.04
1980-04-22;12.35;18.44;24.53;0.0;17.207;2.83;36.64
1980-04-23;14.24;20.33;26.42;0.0;17.398;1.07;24.95
1980-04-24;12.76;19.52;26.27;0.0;22.785;2.47;32.84
1980-04-25;10.94;13.34;15.74;8.01;7.721;1.16;63.96
1980-04-26;9.44;13.82;18.21;0.0;19.742;1.52;49.24
1980-04-27;8.29;12.27;16.25;0.0;12.208;1.91;43.24
1980-04-28;9.02;15.46;21.91;0.0;23.601;2.83;28.17
1980-04-29;12.59;16.47;20.35;3.89;17.581;3.04;56.19
1980-04-30;12.44;14.96;17.49;10.57;9.078;3.13;60.74
1980-05-01;15.39;18.73;22.06;0.0;21.61;0.8;56.21
1980-05-02;12.87;18.97;25.07;0.0;21.806;2.22;39.36
1980-05-03;11.43;17.82;24.22;0.0;18.881;3.68;38.78
1980-05-04;13.99;16.84;19.69;5.14;10.473;5.16;69.46
1980-05-05;8.53;11.8;15.08;0.8;7.348;2.91;76.51
1980-05-06;9.36;15.5;21.64;0.0;22.571;0.8;45.66
1980-05-07;16.17;20.12;24.07;0.0;15.868;2.22;51.59
1980-05-08;12.83;18.5;24.18;0.0;25.411;3.5;49.71
1980-05-09;15.36;19.95;24.54;0.0;16.354;3.58;44.43
1980-05-10;13.96;19.09;24.22;1.91;17.137;2.22;41.55
1980-05-11;12.77;18.88;25.0;0.0;23.021;1.12;52.35
1980-05-12;9.29;16.66;24.02;0.0;27.606;1.79;36.59
1980-05-13;13.14;16.94;20.73;0.0;17.964;4.05;52.14
1980-05-14;11.63;15.78;19.93;0.0;10.049;2.4;42.71
1980-05-15;10.62;15.7;20.78;0.0;27.087;2.28;29.23
1980-05-16;10.38;15.79;21.19;0.0;25.727;1.49;27.46
1980-05-17;9.43;15.6;21.76;0.0;27.591;0.99;23.77
1980-05-18;13.4;18.74;24.08;0.0;29.086;1.69;28.0
1980-05-19;12.96;18.68;24.39;0.0;25.305;0.78;25.01
1980-05-20;10.64;17.98;25.33;0.0;28.393;1.9;29.57
1980-05-21;15.01;20.75;26.49;0.0;7.345;2.28;30.96
1980-05-22;15.63;20.01;24.39;0.0;21.559;1.1;45.59
1980-05-23;14.72;17.41;20.11;13.56;17.268;1.37;65.41
1980-05-24;17.61;20.23;22.85;1.22;19.241;1.5;68.06
1980-05-25;17.91;20.89;23.88;4.71;17.637;2.21;63.54
1980-05-26;12.16;16.59;21.03;0.0;19.82;2.31;44.58
1980-05-27;10.51;15.71;20.92;0.0;25.231;2.11;30.06
1980-05-28;11.49;16.21;20.94;0.0;23.114;2.44;29.63
1980-05-29;13.17;15.89;18.6;11.58;8.135;0.67;61.96
1980-05-30;9.39;12.81;16.24;12.25;9.112;1.08;82.71
1980-05-31;11.25;15.54;19.83;0.0;16.178;1.81;39.66
1980-06-01;9.13;14.88;20.63;0.0;23.135;2.9;28.64
1980-06-02;13.94;17.47;21.0;0.79;9.668;3.84;46.46
1980-06-03;15.22;20.64;26.05;0.0;23.241;3.67;54.7
1980-06-04;16.68;22.62;28.55;0.0;21.616;3.79;47.61
1980-06-05;16.98;22.05;27.13;0.0;25.765;2.21;51.86
1980-06-06;18.06;23.95;29.83;0.0;30.996;3.11;32.73
1980-06-07;17.24;21.13;25.02;2.6;16.011;2.72;43.98
1980-06-08;18.38;21.29;24.2;0.0;17.468;1.46;52.96
1980-06-09;18.71;21.5;24.29;0.0;15.236;1.8;68.2
1980-06-10;17.83;20.82;23.82;0.0;22.248;2.33;46.26
1980-06-11;16.92;18.03;19.14;0.0;7.05;1.02;40.08
1980-06-12;12.54;16.38;20.22;0.0;21.31;1.5;32.45
1980-06-13;11.94;17.0;22.06;0.0;24.304;2.0;28.89
1980-06-14;13.24;18.28;23.32;0.0;27.564;2.2;28.9
1980-06-15;12.58;18.91;25.23;0.0;29.518;2.89;29.06
1980-06-16;14.4;17.97;21.54;9.06;17.636;2.89;43.01
1980-06-17;14.04;17.89;21.74;9.63;18.294;2.88;38.24
1980-06-18;14.7;17.54;20.37;13.67;9.747;2.2;60.52
1980-06-19;14.02;17.25;20.48;5.59;16.845;2.5;53.97
1980-06-20;14.05;17.78;21.51;0.0;12.709;2.36;46.11
1980-06-21;14.51;20.79;27.06;0.0;25.142;0.77;29.88
1980-06-22;16.64;22.2;27.76;0.0;30.736;1.34;36.51
1980-06-23;16.38;23.24;30.1;0.0;30.079;1.81;25.02
1980-06-24;19.59;22.82;26.06;0.0;21.775;1.23;48.33
1980-06-25;17.74;22.96;28.19;3.02;18.79;1.24;40.93
1980-06-26;17.19;20.45;23.71;9.65;18.512;3.57;59.46
1980-06-27;17.22;21.52;25.83;6.52;20.534;2.15;54.94
1980-06-28;16.84;21.9;26.96;10.07;17.209;2.9;47.48
1980-06-29;13.8;18.87;23.94;0.0;22.144;2.44;37.55
1980-06-30;14.57;21.11;27.64;0.0;30.015;1.21;23.62
1980-07-01;16.97;23.58;30.19;0.0;30.371;2.2;26.11
1980-07-02;18.02;21.67;25.32;3.81;20.541;2.9;42.44
1980-07-03;16.73;21.2;25.67;0.0;22.209;3.02;33.58
1980-07-04;16.5;21.73;26.96;0.0;26.761;3.26;37.85
1980-07-05;16.67;21.5;26.33;0.0;25.109;2.16;23.81
1980-07-06;16.61;22.48;28.36;0.0;26.177;1.72;27.55
1980-07-07;17.16;22.73;28.3;0.0;27.651;1.48;27.53
1980-07-08;17.96;22.77;27.59;0.0;20.959;1.0;28.79
1980-07-09;17.96;22.88;27.79;1.75;21.698;1.65;30.25
1980-07-10;18.1;22.42;26.74;0.0;24.759;1.97;45.41
1980-07-11;18.34;22.8;27.26;0.0;25.281;0.77;37.1
1980-07-12;17.22;21.59;25.96;10.16;18.268;2.16;54.7
1980-07-13;18.97;22.89;26.82;0.0;18.981;2.19;51.21
1980-07-14;18.34;23.77;29.2;0.0;29.138;1.44;35.42
1980-07-15;18.63;22.88;27.14;7.57;20.534;2.04;44.08
1980-07-16;19.2;22.41;25.62;10.52;15.541;2.71;58.2
1980-07-17;20.15;21.99;23.84;13.65;18.378;1.87;74.14
1980-07-18;19.96;24.86;29.75;0.0;24.419;3.11;42.69
1980-07-19;19.55;22.86;26.16;10.22;21.354;2.59;55.08
1980-07-20;20.37;23.4;26.42;0.0;19.276;1.87;53.98
1980-07-21;19.7;24.41;29.11;0.0;23.648;2.16;59.0
1980-07-22;18.48;24.1;29.72;0.0;19.426;2.15;40.82
1980-07-23;19.95;24.44;28.92;4.13;21.024;4.51;37.95
1980-07-24;16.46;21.13;25.8;0.0;19.422;3.15;41.56
1980-07-25;17.87;21.82;25.76;0.0;20.103;1.3;32.11
1980-07-26;18.84;24.45;30.07;0.0;24.938;1.66;23.46
1980-07-27;18.48;24.3;30.11;0.0;18.221;1.56;26.06
1980-07-28;18.06;23.21;28.37;0.0;21.429;3.03;50.56
1980-07-29;17.99;23.1;28.22;0.0;24.424;1.98;26.68
1980-07-30;17.14;23.99;30.84;0.0;24.757;4.08;16.13
1980-07-31;17.75;21.96;26.18;14.89;13.575;1.07;40.82
1980-08-01;18.31;23.95;29.59;0.0;24.001;1.68;25.42
1980-08-02;18.75;24.41;30.08;0.0;23.634;2.39;24.11
1980-08-03;19.27;24.27;29.26;0.0;23.579;1.28;24.12
1980-08-04;19.95;24.66;29.37;0.0;17.743;1.1;30.52
1980-08-05;19.78;24.9;30.02;0.0;20.889;1.19;47.47
1980-08-06;18.93;24.41;29.89;0.0;22.227;1.68;33.61
1980-08-07;20.14;25.36;30.57;0.0;21.964;1.29;32.78
1980-08-08;20.44;25.28;30.12;0.0;18.59;1.99;36.68
1980-08-09;20.35;24.76;29.16;0.0;20.517;1.9;33.99
1980-08-10;19.25;24.44;29.62;2.4;19.353;1.58;32.63
1980-08-11;19.92;25.29;30.66;0.0;22.007;2.39;25.51
1980-08-12;21.29;25.61;29.92;0.0;22.481;2.43;21.85
1980-08-13;20.73;25.48;30.23;0.0;23.325;3.03;19.7
1980-08-14;20.2;25.27;30.35;0.0;22.171;3.6;26.36
1980-08-15;19.15;23.26;27.37;3.14;18.396;2.0;39.89
1980-08-16;18.81;23.41;28.01;0.0;20.54;1.34;29.42
1980-08-17;19.12;24.4;29.67;0.0;20.104;1.38;25.93
1980-08-18;18.88;25.01;31.14;0.0;21.045;2.69;22.32
1980-08-19;21.56;26.24;30.92;0.0;21.127;2.26;23.27
1980-08-20;19.86;25.18;30.5;0.0;20.585;2.01;41.36
1980-08-21;18.55;25.16;31.78;0.0;23.737;2.38;28.69
1980-08-22;16.17;23.02;29.87;0.0;17.789;3.8;33.84
1980-08-23;18.16;22.18;26.19;0.0;9.435;1.71;38.46
1980-08-24;18.62;22.26;25.89;3.67;12.478;1.66;42.97
1980-08-25;20.3;23.5;26.7;2.39;17.628;0.54;50.06
1980-08-26;18.39;22.81;27.24;3.7;12.115;1.3;39.98
1980-08-27;16.95;21.3;25.64;0.0;12.432;2.11;53.65
1980-08-28;16.55;22.11;27.66;0.0;18.455;1.71;29.1
1980-08-29;17.15;23.0;28.85;0.0;18.535;1.5;29.3
1980-08-30;18.22;24.13;30.05;0.0;18.634;1.0;25.85
1980-08-31;17.46;23.9;30.34;0.0;19.52;2.63;21.92
1980-09-01;15.5;22.2;28.91;0.0;22.08;3.82;21.48
1980-09-02;14.58;20.8;27.02;0.0;21.545;2.58;17.21
1980-09-03;14.55;20.68;26.8;0.0;18.448;0.99;18.41
1980-09-04;14.69;20.73;26.76;0.0;18.97;0.79;18.42
1980-09-05;15.54;20.52;25.49;0.0;9.511;3.25;26.32
1980-09-06;16.55;20.59;24.64;0.0;19.794;2.9;27.72
1980-09-07;12.98;17.69;22.39;0.0;19.879;2.58;23.78
1980-09-08;12.69;15.71;18.73;2.93;5.81;1.6;44.21
1980-09-09;16.74;21.21;25.69;0.0;12.819;2.01;41.51
1980-09-10;18.58;21.16;23.75;10.54;14.138;2.88;38.02
1980-09-11;15.78;18.59;21.4;0.0;19.08;2.13;34.46
1980-09-12;11.27;14.55;17.84;4.34;13.603;1.1;44.59
1980-09-13;11.45;15.25;19.06;0.0;16.078;1.26;27.55
1980-09-14;11.51;16.16;20.8;0.0;15.987;1.5;24.94
1980-09-15;12.6;13.12;13.63;6.61;6.221;2.67;76.37
1980-09-16;13.79;16.64;19.49;0.0;12.29;2.18;35.96
1980-09-17;11.45;14.62;17.79;1.39;3.529;3.53;29.14
1980-09-18;13.19;16.24;19.29;2.66;3.739;5.59;29.99
1980-09-19;13.85;16.79;19.73;12.13;8.716;3.18;52.0
1980-09-20;13.38;15.91;18.44;8.73;6.566;3.7;59.44
1980-09-21;12.44;15.32;18.2;0.0;11.727;1.87;53.24
1980-09-22;9.88;13.76;17.64;0.0;11.497;2.3;45.88
1980-09-23;8.27;13.73;19.2;0.0;16.826;1.21;34.61
1980-09-24;11.48;15.59;19.69;0.0;16.163;1.68;31.73
1980-09-25;10.43;15.13;19.83;0.0;16.472;1.5;32.72
1980-09-26;10.13;14.75;19.37;0.0;17.127;1.61;29.55
1980-09-27;8.04;14.97;21.9;0.0;15.737;1.12;32.0
1980-09-28;15.7;19.69;23.68;0.0;15.517;1.11;44.64
1980-09-29;15.76;20.65;25.54;0.0;15.207;5.35;30.67
1980-09-30;16.97;21.35;25.74;0.0;12.704;5.61;27.91
1980-10-01;13.82;18.86;23.9;0.0;7.864;5.61;29.5
1980-10-02;12.65;16.33;20.01;0.0;11.482;2.52;35.69
1980-10-03;9.36;12.88;16.41;0.0;13.668;4.78;37.95
1980-10-04;8.48;15.0;21.52;1.8;15.263;5.5;29.38
1980-10-05;9.63;13.31;16.99;0.0;10.255;3.51;47.24
1980-10-06;7.41;10.19;12.97;0.0;13.147;1.58;30.08
1980-10-07;5.31;10.95;16.59;7.0;4.342;5.79;40.74
1980-10-08;11.38;14.75;18.11;0.0;7.76;3.8;55.2
1980-10-09;7.52;11.29;15.06;7.8;7.682;3.82;53.57
1980-10-10;3.46;7.57;11.69;0.0;12.741;3.67;33.81
1980-10-11;2.67;5.68;8.7;4.88;9.238;3.42;40.04
1980-10-12;3.72;6.97;10.21;0.0;8.445;2.73;28.0
1980-10-13;7.02;9.15;11.28;10.98;4.571;2.73;68.28
1980-10-14;8.34;12.13;15.93;12.52;3.177;2.94;67.49
1980-10-15;5.05;9.68;14.31;0.0;14.193;5.72;34.14
1980-10-16;0.71;4.58;8.45;0.0;13.707;3.72;27.31
1980-10-17;0.61;5.22;9.83;0.0;5.677;2.75;35.7
1980-10-18;8.28;13.33;18.38;2.37;7.985;3.99;51.23
1980-10-19;8.32;11.5;14.69;7.47;3.006;1.7;69.02
1980-10-20;12.31;14.91;17.5;0.0;5.767;2.12;74.56
1980-10-21;13.01;15.69;18.37;0.0;7.665;3.72;53.77
1980-10-22;11.17;14.66;18.15;1.9;3.893;4.55;72.09
1980-10-23;12.24;15.3;18.37;4.64;3.931;2.32;84.61
1980-10-24;11.71;14.86;18.01;0.0;5.606;3.17;56.14
1980-10-25;6.7;9.89;13.09;2.19;5.709;4.78;53.36
1980-10-26;2.47;5.52;8.57;0.0;6.077;3.18;40.6
1980-10-27;2.52;7.71;12.9;3.81;3.918;3.09;51.8
1980-10-28;7.62;10.47;13.33;0.0;9.64;3.27;50.76
1980-10-29;8.48;11.5;14.53;0.0;9.651;2.69;44.05
1980-10-30;6.48;11.13;15.77;2.19;7.377;0.9;46.58
1980-10-31;4.56;11.07;17.59;0.0;9.658;0.8;34.3
1980-11-01;4.49;9.85;15.21;0.0;9.818;1.69;41.08
1980-11-02;6.11;10.03;13.95;0.0;8.387;1.78;50.96
1980-11-03;6.47;10.59;14.71;0.0;8.175;1.5;49.03
1980-11-04;4.9;10.78;16.66;0.0;8.364;1.96;42.53
1980-11-05;6.98;13.44;19.89;0.0;8.694;3.04;36.46
1980-11-06;9.47;13.43;17.39;0.0;7.003;1.66;51.1
1980-11-07;3.74;8.6;13.46;3.55;2.43;3.11;87.45
1980-11-08;6.06;10.27;14.47;0.0;8.084;2.77;45.49
1980-11-09;6.03;11.39;16.75;0.0;7.315;1.96;44.86
1980-11-10;5.07;11.09;17.11;0.0;7.497;1.77;36.67
1980-11-11;6.51;11.23;15.96;0.0;8.21;1.66;33.52
1980-11-12;5.01;11.14;17.26;0.0;7.158;0.61;45.17
1980-11-13;7.35;11.28;15.21;0.0;6.435;1.28;48.99
1980-11-14;5.15;10.64;16.13;0.0;6.614;1.65;45.61
1980-11-15;2.64;5.75;8.87;2.7;3.751;1.33;73.18
1980-11-16;0.52;3.04;5.57;0.57;2.795;2.18;48.65
1980-11-17;3.45;5.25;7.06;0.0;5.129;2.15;77.25
1980-11-18;-3.32;-0.88;1.56;0.0;5.976;6.81;57.73
1980-11-19;-9.14;-6.31;-3.47;0.3;4.982;7.2;46.52
1980-11-20;-9.33;-6.59;-3.85;0.0;4.631;7.86;44.49
1980-11-21;-9.38;-5.65;-1.92;0.29;5.873;7.37;27.68
1980-11-22;-6.3;-3.98;-1.67;0.08;5.913;5.38;37.47
1980-11-23;-7.79;-4.79;-1.79;0.0;5.263;4.13;47.5
1980-11-24;-10.11;-3.34;3.43;0.0;5.103;1.38;53.95
1980-11-25;-2.36;0.18;2.72;1.06;4.783;3.71;59.09
1980-11-26;-0.68;1.7;4.09;0.45;2.693;1.31;76.35
1980-11-27;-0.02;3.26;6.53;0.0;6.153;2.96;58.4
1980-11-28;1.05;4.85;8.64;0.0;5.688;5.53;50.31
1980-11-29;1.99;2.18;2.37;15.99;0.496;4.15;63.5
1980-11-30;-2.06;0.88;3.82;0.0;4.619;3.94;44.36
1980-12-01;-2.38;0.4;3.17;0.0;5.138;5.89;61.41
1980-12-02;2.65;7.14;11.63;1.49;3.8;2.96;49.79
1980-12-03;8.6;11.81;15.02;0.41;2.827;3.08;49.91
1980-12-04;11.11;14.79;18.47;0.0;6.009;3.07;36.13
1980-12-05;10.92;14.89;18.85;0.0;5.867;4.02;37.64
1980-12-06;6.68;11.16;15.63;0.0;4.934;2.35;51.89
1980-12-07;6.47;10.79;15.1;0.4;4.48;1.88;52.28
1980-12-08;8.93;11.94;14.95;0.39;4.569;2.09;57.16
1980-12-09;6.3;9.82;13.35;2.2;3.013;1.07;74.66
1980-12-10;5.11;9.06;13.01;0.29;4.98;1.66;52.92
1980-12-11;2.75;7.02;11.29;0.0;5.628;1.49;50.63
1980-12-12;1.62;5.04;8.47;0.0;4.682;2.3;50.23
1980-12-13;1.98;5.59;9.2;0.0;3.988;3.51;49.93
1980-12-14;2.87;6.1;9.33;0.0;2.442;2.17;54.39
1980-12-15;2.44;5.6;8.77;0.0;4.481;0.71;55.11
1980-12-16;3.41;5.55;7.7;3.71;2.543;2.51;85.96
1980-12-17;1.94;3.38;4.83;0.4;2.582;3.13;59.11
1980-12-18;3.38;4.31;5.25;9.02;2.1;4.69;81.29
1980-12-19;-0.53;1.03;2.59;0.0;2.888;3.77;76.41
1980-12-20;-2.5;-0.94;0.63;1.04;3.615;1.8;63.5
1980-12-21;-4.37;-1.06;2.26;0.0;1.791;4.84;73.94
1980-12-22;-1.83;1.65;5.14;0.0;4.367;2.9;60.29
1980-12-23;3.97;5.9;7.82;1.32;3.646;4.85;75.4
1980-12-24;2.71;3.67;4.62;2.35;3.459;4.05;76.41
1980-12-25;2.21;3.43;4.65;0.0;3.648;3.61;61.94
1980-12-26;3.22;5.07;6.92;0.28;6.321;0.88;65.94
1980-12-27;1.58;6.63;11.69;7.66;2.395;2.8;76.21
1980-12-28;7.5;9.68;11.86;5.33;3.337;3.93;79.92
1980-12-29;4.16;7.95;11.74;0.37;5.44;3.15;52.99
1980-12-30;3.65;5.82;7.99;1.61;2.287;2.88;73.29
1980-12-31;-2.57;0.13;2.82;0.0;3.142;5.46;56.79
1981-01-01;-4.9;-2.37;0.16;0.0;6.036;7.02;17.29
1981-01-02;-5.98;-3.93;-1.88;0.0;4.533;6.57;27.83
1981-01-03;-7.31;-4.88;-2.46;0.0;2.75;1.64;37.11
1981-01-04;-7.9;-6.36;-4.81;0.0;2.503;2.21;60.58
1981-01-05;-7.68;-5.03;-2.38;0.0;3.955;1.9;55.85
1981-01-06;-8.34;-6.33;-4.32;0.46;4.118;1.11;52.44
1981-01-07;-11.12;-8.47;-5.82;0.0;4.83;5.5;45.32
1981-01-08;-13.99;-11.52;-9.04;0.11;2.405;4.27;49.05
1981-01-09;-12.34;-7.95;-3.55;0.0;5.618;2.32;33.9
1981-01-10;-5.62;-2.06;1.5;7.01;1.784;2.49;83.69
1981-01-11;-5.33;-2.67;-0.01;0.0;4.04;0.9;79.85
1981-01-12;-5.25;-2.71;-0.17;0.46;4.046;1.14;74.09
1981-01-13;-6.46;-4.12;-1.77;0.0;3.472;0.89;61.46
1981-01-14;-8.45;-5.92;-3.39;0.0;4.863;2.0;63.66
1981-01-15;-9.96;-6.98;-4.0;0.0;2.841;3.52;65.71
1981-01-16;-12.5;-9.7;-6.89;0.0;4.4;1.8;68.33
1981-01-17;-11.17;-6.68;-2.19;0.0;5.597;2.56;62.73
1981-01-18;-5.13;-2.44;0.26;1.23;2.322;2.86;87.33
1981-01-19;-6.98;-3.33;0.32;0.0;4.764;1.32;66.84
1981-01-20;0.34;1.76;3.19;14.55;4.74;5.04;60.6
1981-01-21;5.19;7.0;8.81;1.09;3.965;6.55;62.03
1981-01-22;1.48;4.41;7.34;0.0;3.961;4.87;68.23
1981-01-23;0.15;4.08;8.0;0.0;3.612;2.08;55.94
1981-01-24;-1.43;3.67;8.76;0.0;6.035;2.09;55.63
1981-01-25;-1.1;2.88;6.85;0.0;6.029;2.77;51.51
1981-01-26;2.08;5.86;9.63;3.19;7.081;3.19;53.75
1981-01-27;0.41;2.38;4.35;5.31;3.828;2.85;84.42
1981-01-28;-1.18;1.31;3.79;10.15;2.709;1.59;83.34
1981-01-29;1.78;5.02;8.27;10.11;4.838;3.18;67.44
1981-01-30;-5.91;0.21;6.33;31.72;0.585;1.89;88.07
1981-01-31;8.0;11.51;15.02;0.0;5.75;2.39;41.0
1981-02-01;0.4;3.18;5.95;2.51;4.399;5.36;59.61
1981-02-02;-0.96;0.92;2.79;7.64;5.822;0.84;62.25
1981-02-03;4.29;7.93;11.57;4.61;4.29;3.23;52.68
1981-02-04;-0.94;5.0;10.94;0.0;6.377;3.03;54.87
1981-02-05;-0.35;2.88;6.1;0.0;6.633;0.83;52.9
1981-02-06;-1.48;3.4;8.28;1.15;6.674;3.11;45.52
1981-02-07;-2.56;-0.32;1.92;0.0;4.767;3.73;50.17
1981-02-08;-4.97;-3.33;-1.7;3.11;3.882;1.04;67.65
1981-02-09;-6.65;-4.54;-2.43;2.2;6.189;1.11;48.65
1981-02-10;-6.48;-3.68;-0.87;8.78;2.613;0.97;78.51
1981-02-11;-1.85;2.94;7.73;0.0;9.574;3.35;54.8
1981-02-12;-0.41;2.14;4.69;5.38;3.503;1.04;74.92
1981-02-13;-2.75;-1.46;-0.17;0.69;6.197;4.77;56.86
1981-02-14;-3.88;-1.72;0.44;0.0;5.243;2.68;53.87
1981-02-15;-3.55;-0.65;2.25;0.52;4.222;2.87;56.77
1981-02-16;0.21;1.65;3.08;1.98;3.711;1.88;84.49
1981-02-17;-3.92;-2.24;-0.56;0.89;4.241;2.77;66.2
1981-02-18;-7.88;-5.76;-3.65;0.0;8.509;3.15;50.01
1981-02-19;-7.67;-5.63;-3.6;0.61;8.298;1.15;50.28
1981-02-20;-5.15;-2.39;0.37;0.0;9.374;1.17;46.51
1981-02-21;-4.3;-1.39;1.52;0.0;5.767;2.46;58.7
1981-02-22;-0.32;1.05;2.41;5.8;5.352;4.76;77.29
1981-02-23;-2.54;-0.17;2.21;0.0;4.569;2.5;66.4
1981-02-24;-1.2;0.46;2.13;4.27;6.97;4.22;67.38
1981-02-25;-1.11;-0.1;0.91;3.31;4.013;3.26;67.71
1981-02-26;-4.09;-1.54;1.0;0.0;9.282;5.74;45.44
1981-02-27;0.91;2.33;3.75;2.08;6.623;3.25;70.85
1981-02-28;1.8;4.91;8.01;2.08;6.625;4.79;54.09
1981-03-01;-8.04;-3.58;0.88;22.5;3.219;3.47;84.36
1981-03-02;-2.66;0.53;3.72;10.37;4.327;2.17;56.74
1981-03-03;-3.26;2.57;8.4;19.91;3.562;2.76;67.53
1981-03-04;0.56;3.66;6.76;5.58;8.376;4.74;48.52
1981-03-05;0.56;4.33;8.11;1.3;10.596;5.11;50.78
1981-03-06;0.67;4.07;7.46;1.24;8.923;4.41;46.77
1981-03-07;0.24;4.8;9.37;0.0;10.204;7.14;46.84
1981-03-08;4.72;7.81;10.9;2.75;11.967;6.0;50.44
1981-03-09;6.37;8.59;10.81;3.64;7.459;2.79;67.47
1981-03-10;5.83;8.27;10.7;0.86;8.355;4.28;50.6
1981-03-11;5.83;9.09;12.35;4.93;13.269;4.68;41.83
1981-03-12;5.84;9.82;13.81;3.94;4.95;3.17;58.27
1981-03-13;2.87;7.52;12.16;5.55;14.259;4.69;45.37
1981-03-14;1.6;5.31;9.02;0.95;13.916;3.28;33.65
1981-03-15;-2.11;0.8;3.7;5.62;6.934;1.51;61.64
1981-03-16;4.49;9.38;14.26;0.0;7.141;3.06;47.89
1981-03-17;5.28;7.15;9.02;0.0;5.141;4.49;63.71
1981-03-18;2.75;5.82;8.88;2.29;6.051;4.96;56.24
1981-03-19;1.41;6.08;10.76;13.42;5.768;1.28;60.02
1981-03-20;3.96;9.44;14.92;0.0;15.247;3.18;45.95
1981-03-21;3.44;6.17;8.9;3.23;6.75;1.34;57.76
1981-03-22;1.35;4.46;7.56;0.91;4.97;2.9;63.64
1981-03-23;2.1;5.62;9.13;3.19;5.689;2.97;50.18
1981-03-24;-0.47;1.9;4.26;0.0;8.34;3.31;63.97
1981-03-25;0.04;6.17;12.3;3.46;14.961;3.89;33.05
1981-03-26;3.48;4.51;5.54;9.84;14.851;1.67;41.13
1981-03-27;0.64;1.96;3.28;3.54;10.271;2.71;57.87
1981-03-28;-0.48;2.99;6.46;0.0;10.718;4.03;39.41
1981-03-29;1.26;4.33;7.4;0.0;10.127;2.71;38.29
1981-03-30;1.11;3.01;4.9;2.77;8.392;3.51;70.93
1981-03-31;0.47;2.69;4.91;0.0;8.413;4.4;61.71
1981-04-01;0.64;5.3;9.96;1.21;15.319;2.54;44.44
1981-04-02;2.79;4.48;6.17;0.0;11.86;2.31;54.85
1981-04-03;0.56;4.87;9.17;0.0;17.909;1.78;35.62
1981-04-04;1.8;5.69;9.57;2.44;6.401;4.6;49.18
1981-04-05;2.38;7.43;12.47;0.0;19.017;3.17;30.73
1981-04-06;5.08;8.28;11.47;4.61;5.912;3.71;44.88
1981-04-07;7.07;10.77;14.46;0.76;12.499;4.28;47.16
1981-04-08;8.04;13.59;19.14;0.0;22.662;4.39;35.95
1981-04-09;8.57;13.97;19.38;0.0;23.353;4.35;33.92
1981-04-10;9.05;14.24;19.43;0.0;21.317;3.69;27.25
1981-04-11;11.27;17.09;22.9;2.35;21.753;3.5;28.62
1981-04-12;6.84;12.27;17.7;0.0;18.858;2.31;44.97
1981-04-13;7.09;15.49;23.89;0.0;16.964;3.66;23.3
1981-04-14;15.19;19.97;24.75;0.0;21.942;4.5;34.6
1981-04-15;9.45;14.9;20.35;0.97;14.69;2.25;44.06
1981-04-16;5.51;9.33;13.15;0.99;10.797;1.62;63.3
1981-04-17;4.96;9.46;13.96;0.0;17.171;1.61;45.93
1981-04-18;3.25;8.22;13.2;0.0;15.371;2.51;40.79
1981-04-19;5.54;8.79;12.04;1.64;10.878;2.54;48.0
1981-04-20;4.59;6.19;7.79;1.25;6.4;1.44;77.85
1981-04-21;7.78;10.12;12.46;0.0;7.608;1.51;56.63
1981-04-22;5.41;10.12;14.83;3.2;12.639;2.23;44.43
1981-04-23;9.76;11.64;13.52;9.12;10.705;2.92;55.14
1981-04-24;6.5;7.05;7.61;10.79;7.118;1.46;76.61
1981-04-25;8.77;11.46;14.16;1.77;11.597;2.29;47.56
1981-04-26;10.4;13.02;15.64;2.52;6.583;3.38;68.25
1981-04-27;12.18;15.58;18.99;0.0;15.123;2.01;49.14
1981-04-28;11.03;13.63;16.24;0.0;10.836;5.04;60.97
1981-04-29;8.56;14.42;20.28;6.94;26.369;6.96;56.67
1981-04-30;6.81;10.45;14.09;18.25;24.62;5.38;59.65
1981-05-01;8.43;12.33;16.24;0.0;15.002;4.97;49.82
1981-05-02;8.44;12.22;16.0;18.02;5.627;5.49;42.38
1981-05-03;7.44;10.26;13.07;0.0;9.58;4.28;53.38
1981-05-04;7.22;11.61;16.0;0.0;23.104;3.39;37.93
1981-05-05;8.04;12.7;17.35;0.0;22.099;3.01;43.06
1981-05-06;6.52;13.99;21.47;0.0;24.506;2.73;25.84
1981-05-07;9.23;17.25;25.26;0.0;18.082;3.04;20.08
1981-05-08;12.81;18.07;23.32;0.0;23.568;2.44;52.35
1981-05-09;12.24;17.75;23.27;0.0;27.22;3.21;35.5
1981-05-10;8.99;15.52;22.05;0.0;24.392;4.64;42.7
1981-05-11;10.02;16.99;23.96;0.0;23.879;2.03;29.32
1981-05-12;9.6;15.4;21.2;0.0;22.576;3.76;35.18
1981-05-13;10.07;11.31;12.55;6.91;8.164;3.72;69.85
1981-05-14;8.45;11.96;15.48;0.0;22.29;3.33;34.78
1981-05-15;7.14;11.93;16.71;0.0;26.264;2.39;34.03
1981-05-16;7.17;13.13;19.08;0.0;28.566;2.1;33.76
1981-05-17;8.24;16.45;24.66;0.0;27.238;1.1;21.53
1981-05-18;10.64;18.21;25.79;0.0;30.072;1.5;25.23
1981-05-19;8.56;13.57;18.57;4.6;15.195;4.0;44.75
1981-05-20;9.04;15.49;21.94;0.0;25.906;2.9;36.92
1981-05-21;8.17;12.98;17.78;6.17;15.042;2.67;41.48
1981-05-22;6.44;13.93;21.41;4.46;26.662;3.95;29.19
1981-05-23;11.3;14.51;17.71;3.64;13.841;4.54;55.57
1981-05-24;11.52;17.14;22.77;0.0;26.555;1.81;35.47
1981-05-25;12.34;16.63;20.91;1.89;10.363;3.94;48.86
1981-05-26;13.43;17.2;20.96;3.28;13.198;0.81;48.13
1981-05-27;12.26;17.57;22.89;0.0;17.943;2.31;42.26
1981-05-28;14.84;18.52;22.21;0.0;19.353;2.71;63.58
1981-05-29;12.88;16.89;20.9;0.0;20.481;1.3;44.64
1981-05-30;11.19;17.48;23.77;0.0;28.771;1.6;36.02
1981-05-31;13.38;18.63;23.88;0.0;20.457;1.3;45.61
1981-06-01;12.62;17.34;22.07;12.64;11.33;1.51;58.86
1981-06-02;13.17;16.67;20.17;0.07;9.132;1.95;57.06
1981-06-03;13.05;19.04;25.03;3.24;20.456;2.41;40.23
1981-06-04;16.32;18.59;20.87;3.04;15.569;2.3;69.04
1981-06-05;14.93;18.91;22.89;0.0;19.662;2.59;66.81
1981-06-06;14.96;18.43;21.89;0.0;14.361;2.77;60.73
1981-06-07;15.1;18.95;22.81;0.0;20.726;2.37;46.26
1981-06-08;14.16;18.45;22.75;0.0;22.341;3.79;43.77
1981-06-09;15.79;20.18;24.58;0.0;14.426;4.4;50.36
1981-06-10;16.56;21.36;26.16;0.0;25.308;1.36;40.18
1981-06-11;16.62;22.9;29.17;0.0;28.276;2.98;33.58
1981-06-12;17.88;23.41;28.93;7.44;21.667;2.21;46.24
1981-06-13;17.74;19.7;21.65;12.66;22.939;0.61;78.14
1981-06-14;18.37;20.84;23.31;10.31;19.396;1.4;62.48
1981-06-15;17.03;20.43;23.83;0.0;18.797;0.95;64.21
1981-06-16;16.65;20.11;23.58;0.0;16.201;0.81;62.72
1981-06-17;15.81;20.52;25.24;0.0;26.612;1.73;39.06
1981-06-18;16.89;22.3;27.72;0.0;24.694;2.0;51.96
1981-06-19;17.67;23.7;29.74;0.0;31.125;2.8;45.86
1981-06-20;16.76;17.81;18.86;27.51;11.28;5.47;79.58
1981-06-21;19.84;22.77;25.69;0.0;22.664;2.01;65.38
1981-06-22;17.87;18.89;19.91;11.49;11.938;2.89;81.89
1981-06-23;16.99;19.22;21.45;0.0;12.169;2.64;78.18
1981-06-24;16.03;18.13;20.22;0.0;9.232;2.12;66.67
1981-06-25;15.67;20.09;24.51;0.0;25.79;0.95;39.67
1981-06-26;16.94;20.21;23.48;6.67;19.214;2.15;48.06
1981-06-27;15.14;19.98;24.82;17.66;15.125;1.4;54.13
1981-06-28;17.1;20.09;23.07;8.22;17.373;1.85;65.01
1981-06-29;17.26;19.41;21.55;0.0;22.148;2.06;57.35
1981-06-30;16.77;21.79;26.8;0.0;26.618;2.24;38.34
1981-07-01;18.69;22.52;26.34;0.0;24.462;1.58;53.24
1981-07-02;14.85;18.16;21.48;6.67;12.893;3.02;80.26
1981-07-03;15.1;18.32;21.54;0.0;23.22;1.97;41.48
1981-07-04;15.05;19.57;24.09;0.0;21.377;1.96;34.37
1981-07-05;17.23;19.39;21.55;1.73;20.091;2.06;53.23
1981-07-06;16.5;20.38;24.27;0.97;24.513;1.94;40.12
1981-07-07;14.56;22.31;30.06;0.0;30.277;4.38;23.35
1981-07-08;16.38;19.78;23.18;14.74;15.961;3.47;52.62
1981-07-09;17.08;21.63;26.18;0.0;20.919;2.97;44.89
1981-07-10;18.83;20.81;22.79;12.39;17.102;5.15;63.98
1981-07-11;17.29;19.88;22.47;27.36;16.147;4.3;59.49
1981-07-12;18.65;19.84;21.04;8.29;15.554;2.24;75.04
1981-07-13;18.64;21.52;24.39;0.0;22.626;2.16;53.16
1981-07-14;16.96;21.03;25.1;0.0;24.576;4.53;36.53
1981-07-15;17.23;19.52;21.81;7.48;15.04;4.77;45.84
1981-07-16;17.99;21.64;25.3;0.96;20.154;2.56;42.82
1981-07-17;17.56;22.59;27.62;0.0;24.463;2.06;40.27
1981-07-18;18.28;23.69;29.09;0.0;25.82;1.68;35.74
1981-07-19;17.35;23.4;29.45;0.0;25.919;0.99;35.25
1981-07-20;20.23;25.44;30.64;5.11;26.368;0.65;28.81
1981-07-21;17.62;20.83;24.04;17.24;16.054;2.7;60.61
1981-07-22;18.82;22.96;27.1;0.0;24.888;1.08;41.34
1981-07-23;18.22;24.46;30.71;0.0;26.661;3.98;33.22
1981-07-24;18.99;24.55;30.12;0.0;27.48;4.62;27.62
1981-07-25;19.89;26.5;33.11;0.0;27.469;6.3;27.22
1981-07-26;20.57;29.39;38.2;0.0;26.629;3.92;26.85
1981-07-27;19.32;24.71;30.11;0.0;19.749;2.17;48.75
1981-07-28;22.86;26.11;29.35;11.98;17.945;0.84;60.66
1981-07-29;20.94;25.53;30.12;0.0;23.926;2.71;34.75
1981-07-30;20.25;25.71;31.17;0.0;25.201;2.92;22.53
1981-07-31;19.27;25.57;31.87;0.0;24.508;3.04;24.12
1981-08-01;20.23;25.16;30.1;0.0;24.094;2.84;24.27
1981-08-02;18.1;24.11;30.12;0.0;25.688;3.85;18.54
1981-08-03;18.76;24.14;29.51;0.0;24.501;2.4;20.11
1981-08-04;17.37;22.8;28.23;7.61;16.901;1.68;32.32
1981-08-05;18.77;22.33;25.89;0.0;19.274;1.56;38.13
1981-08-06;17.9;22.88;27.86;0.0;22.363;3.51;24.12
1981-08-07;17.61;22.69;27.76;0.0;23.338;4.34;31.28
1981-08-08;17.69;21.34;24.98;0.0;21.349;3.55;25.87
1981-08-09;17.09;20.66;24.24;0.0;21.856;2.58;21.31
1981-08-10;17.31;22.25;27.2;0.0;22.092;2.39;18.64
1981-08-11;17.09;22.77;28.46;0.0;21.537;2.0;18.68
1981-08-12;18.88;24.17;29.47;0.0;21.931;1.49;23.27
1981-08-13;18.27;24.35;30.43;0.0;22.256;2.62;20.68
1981-08-14;18.04;22.89;27.74;0.0;21.456;3.94;24.47
1981-08-15;16.71;22.5;28.28;0.0;22.258;4.5;19.45
1981-08-16;17.51;23.48;29.44;0.0;22.324;3.11;20.66
1981-08-17;18.74;24.7;30.66;0.0;22.223;0.93;23.17
1981-08-18;17.36;24.52;31.68;0.0;21.923;1.33;24.58
1981-08-19;18.56;24.37;30.17;0.0;20.472;2.0;39.55
1981-08-20;20.24;23.86;27.49;14.01;17.679;1.5;39.27
1981-08-21;20.03;21.41;22.79;0.0;15.32;1.3;63.2
1981-08-22;17.53;21.78;26.03;0.0;21.406;3.8;42.67
1981-08-23;15.03;19.13;23.23;2.39;8.952;3.06;48.25
1981-08-24;15.03;20.43;25.82;0.0;21.1;2.02;28.54
1981-08-25;15.45;21.88;28.32;0.0;18.77;4.42;38.11
1981-08-26;18.62;23.26;27.9;0.0;21.29;3.84;44.44
1981-08-27;16.51;22.12;27.73;0.0;19.134;2.58;40.49
1981-08-28;15.5;21.56;27.62;0.0;20.795;1.09;26.22
1981-08-29;15.65;23.2;30.75;0.0;21.117;1.5;17.91
1981-08-30;17.49;24.84;32.2;0.0;20.093;1.29;21.79
1981-08-31;20.99;27.13;33.28;0.0;17.208;1.09;21.77
1981-09-01;19.28;23.35;27.42;0.0;14.709;1.9;42.16
1981-09-02;19.06;23.22;27.38;7.98;16.038;1.61;43.52
1981-09-03;16.42;20.89;25.35;3.57;3.935;3.18;68.46
1981-09-04;17.88;22.97;28.06;0.0;18.378;1.59;32.87
1981-09-05;17.35;24.7;32.04;0.0;19.195;2.0;27.95
1981-09-06;17.03;21.68;26.33;2.54;13.827;2.3;50.46
1981-09-07;19.36;21.06;22.77;0.0;9.919;2.48;54.02
1981-09-08;18.39;22.11;25.83;0.0;17.723;0.79;33.98
1981-09-09;16.67;19.87;23.07;4.88;10.491;2.48;59.44
1981-09-10;13.67;16.5;19.33;3.79;9.918;2.0;48.36
1981-09-11;13.45;17.61;21.77;0.0;11.174;2.66;36.91
1981-09-12;13.5;17.77;22.03;0.0;9.996;2.08;33.14
1981-09-13;13.34;19.27;25.19;0.0;18.057;1.4;27.79
1981-09-14;12.23;20.04;27.84;0.0;18.313;1.58;32.03
1981-09-15;12.57;18.62;24.66;0.0;17.76;1.85;27.2
1981-09-16;11.53;18.62;25.71;0.0;17.752;0.48;21.48
1981-09-17;12.92;19.69;26.46;0.0;14.214;0.47;24.24
1981-09-18;14.9;21.71;28.52;0.0;18.057;2.05;25.46
1981-09-19;18.81;24.62;30.42;0.0;14.034;0.6;25.62
1981-09-20;17.18;21.45;25.73;7.47;9.501;3.36;34.44
1981-09-21;12.36;18.37;24.37;0.0;12.093;2.08;36.91
1981-09-22;11.3;17.63;23.96;0.0;18.173;0.46;22.61
1981-09-23;11.75;19.12;26.48;0.0;16.8;2.19;32.88
1981-09-24;11.93;18.16;24.38;0.0;17.917;1.23;26.84
1981-09-25;11.18;18.28;25.38;0.0;17.383;0.63;19.5
1981-09-26;12.83;22.72;32.62;0.0;12.997;1.67;18.32
1981-09-27;18.62;27.81;37.0;0.0;16.257;2.13;14.56
1981-09-28;15.61;23.66;31.72;0.0;14.888;1.98;22.45
1981-09-29;13.61;22.42;31.23;0.0;14.214;1.5;20.75
1981-09-30;11.95;19.99;28.03;0.0;15.737;1.6;26.44
1981-10-01;13.73;19.66;25.59;0.0;16.35;1.68;24.22
1981-10-02;11.48;18.42;25.36;0.0;15.476;2.55;20.76
1981-10-03;15.01;22.63;30.25;0.0;16.03;2.73;17.77
1981-10-04;13.4;19.09;24.79;0.0;16.292;5.6;22.16
1981-10-05;14.5;22.68;30.85;0.0;15.771;3.71;17.44
1981-10-06;13.05;19.49;25.93;2.99;2.824;1.44;28.58
1981-10-07;14.3;20.14;25.99;0.0;14.892;0.74;27.99
1981-10-08;14.98;22.26;29.53;0.0;10.761;3.22;22.31
1981-10-09;12.36;18.17;23.99;0.83;11.684;1.73;36.93
1981-10-10;11.47;17.71;23.95;0.0;14.045;1.74;24.59
1981-10-11;8.91;14.89;20.87;0.56;12.729;2.21;22.94
1981-10-12;7.81;13.31;18.81;0.0;12.692;3.42;23.55
1981-10-13;7.01;14.16;21.31;0.0;12.917;2.95;31.27
1981-10-14;3.64;8.97;14.31;0.0;13.961;4.29;28.21
1981-10-15;2.89;8.0;13.1;0.0;13.182;3.06;22.04
1981-10-16;1.52;8.08;14.64;0.0;13.916;3.81;19.83
1981-10-17;8.3;10.32;12.35;11.95;5.975;2.41;62.89
1981-10-18;5.26;8.63;11.99;0.0;7.645;2.01;45.11
1981-10-19;5.24;11.75;18.25;0.0;12.488;3.97;32.86
1981-10-20;12.72;16.18;19.63;0.0;5.202;3.74;51.95
1981-10-21;5.29;9.7;14.1;0.0;6.021;3.4;41.07
1981-10-22;4.18;6.13;8.08;0.0;5.247;3.22;38.78
1981-10-23;2.77;4.86;6.94;0.06;3.179;1.3;45.92
1981-10-24;4.27;7.74;11.21;0.0;3.761;2.99;55.57
1981-10-25;4.64;10.95;17.26;0.0;7.092;2.72;40.46
1981-10-26;4.15;9.11;14.06;0.0;8.065;1.2;51.9
1981-10-27;1.53;7.61;13.69;0.0;11.223;3.96;33.65
1981-10-28;7.1;11.39;15.68;8.55;4.288;2.55;64.26
1981-10-29;2.2;6.56;10.93;0.0;5.487;3.09;50.48
1981-10-30;0.37;3.77;7.18;0.0;8.929;2.29;34.74
1981-10-31;-1.5;3.02;7.54;0.0;8.698;2.94;40.57
1981-11-01;-1.89;2.91;7.71;0.0;13.053;5.77;21.07
1981-11-02;3.05;5.0;6.96;4.61;2.156;2.1;63.31
1981-11-03;5.37;9.81;14.25;0.0;5.378;2.88;57.29
1981-11-04;8.75;14.27;19.79;2.51;3.658;1.69;44.61
1981-11-05;9.12;12.09;15.07;2.13;5.237;1.13;63.23
1981-11-06;3.59;7.5;11.41;0.0;4.751;1.36;54.37
1981-11-07;3.2;7.82;12.45;0.4;4.974;0.74;47.5
1981-11-08;2.56;5.14;7.72;14.72;1.701;1.2;82.91
1981-11-09;2.89;5.98;9.07;0.0;6.368;3.24;61.02
1981-11-10;1.79;5.49;9.2;0.0;6.859;2.54;50.15
1981-11-11;-0.37;4.83;10.02;0.0;6.702;1.2;50.95
1981-11-12;4.96;8.13;11.29;0.0;8.196;2.09;53.52
1981-11-13;4.5;8.37;12.24;1.03;3.894;1.57;62.54
1981-11-14;7.96;8.64;9.33;5.9;2.7;0.74;81.78
1981-11-15;6.8;7.87;8.93;0.96;2.477;0.62;86.61
1981-11-16;6.06;9.63;13.2;0.0;5.81;1.1;62.92
1981-11-17;3.31;8.61;13.9;0.0;7.608;2.28;44.11
1981-11-18;4.52;10.05;15.58;0.0;7.455;2.33;43.44
1981-11-19;5.51;10.64;15.77;0.0;6.205;1.53;57.68
1981-11-20;4.82;7.91;11.0;0.0;4.807;0.33;56.17
1981-11-21;4.37;9.4;14.44;0.0;6.289;1.86;55.98
1981-11-22;6.72;8.99;11.27;6.27;2.603;0.87;79.7
1981-11-23;0.21;5.34;10.46;0.0;5.399;3.04;54.34
1981-11-24;-1.09;4.97;11.04;1.91;6.313;3.13;46.78
1981-11-25;8.15;11.54;14.92;7.41;2.831;1.87;78.18
1981-11-26;7.29;10.2;13.11;5.49;5.351;3.47;70.58
1981-11-27;0.98;5.46;9.93;0.0;3.222;3.58;68.87
1981-11-28;2.93;5.67;8.4;1.24;3.459;0.68;61.92
1981-11-29;3.45;5.18;6.91;0.59;3.545;2.42;67.28
1981-11-30;0.61;4.5;8.4;3.1;2.92;3.84;50.08
1981-12-01;10.41;14.63;18.85;0.0;6.369;4.08;41.76
1981-12-02;4.46;9.76;15.05;3.92;0.509;4.77;48.57
1981-12-03;-1.37;2.23;5.84;6.11;2.034;2.82;56.91
1981-12-04;-0.74;1.74;4.22;0.0;5.633;2.45;52.29
1981-12-05;-2.58;0.15;2.87;0.28;5.248;1.87;56.51
1981-12-06;3.06;6.4;9.74;0.0;4.882;5.06;56.47
1981-12-07;7.37;8.43;9.48;0.36;3.617;3.66;71.17
1981-12-08;5.68;8.88;12.07;4.13;2.106;2.2;78.72
1981-12-09;8.22;11.09;13.95;0.0;5.414;3.48;73.05
1981-12-10;8.26;11.6;14.94;0.0;5.207;3.0;71.14
1981-12-11;9.36;11.21;13.05;0.0;6.74;2.72;70.86
1981-12-12;2.43;5.73;9.04;8.53;1.337;2.28;88.24
1981-12-13;-0.88;1.97;4.82;0.0;2.093;4.59;64.79
1981-12-14;-1.26;3.18;7.61;4.97;3.576;2.72;60.25
1981-12-15;3.39;5.46;7.52;0.0;3.789;3.31;70.37
1981-12-16;1.83;4.97;8.11;1.15;1.874;5.82;75.75
1981-12-17;8.94;9.93;10.93;2.29;2.374;6.94;82.15
1981-12-18;8.26;11.01;13.76;4.01;3.859;6.06;53.6
1981-12-19;-1.75;2.29;6.33;12.0;1.617;2.26;66.86
1981-12-20;-5.69;-3.39;-1.08;0.0;6.267;3.94;39.81
1981-12-21;-6.2;-3.88;-1.56;0.0;4.592;1.91;45.21
1981-12-22;-2.43;-0.66;1.11;8.37;1.647;3.37;82.66
1981-12-23;2.09;3.68;5.27;4.77;2.956;2.81;84.86
1981-12-24;-1.92;-0.04;1.83;0.0;3.266;4.24;50.14
1981-12-25;-1.31;-0.43;0.45;0.77;5.197;1.56;48.49
1981-12-26;-5.14;-4.0;-2.85;0.0;4.467;3.17;52.61
1981-12-27;-3.11;0.2;3.51;5.07;1.348;3.28;79.76
1981-12-28;-0.12;2.06;4.24;3.1;1.991;3.64;75.42
1981-12-29;3.98;5.0;6.01;0.27;4.431;2.51;61.76
1981-12-30;3.04;5.93;8.81;2.57;1.526;3.93;77.92
1981-12-31;2.77;6.21;9.66;0.0;3.34;3.93;71.29
1982-01-01;0.35;4.26;8.18;0.0;4.854;3.67;59.48
1982-01-02;0.49;4.73;8.97;2.15;4.92;0.96;38.7
1982-01-03;1.2;4.47;7.75;12.86;2.593;5.59;86.35
1982-01-04;-4.18;-0.83;2.51;0.0;3.196;3.54;51.51
1982-01-05;-7.51;-4.28;-1.05;0.0;6.448;6.28;36.84
1982-01-06;-9.52;-5.96;-2.39;0.0;4.16;2.65;49.55
1982-01-07;-6.47;-1.73;3.0;3.1;3.273;4.36;62.64
1982-01-08;-3.15;-0.94;1.26;0.11;2.684;1.59;68.22
1982-01-09;-2.54;0.79;4.11;0.0;6.375;2.95;58.5
1982-01-10;1.79;2.99;4.19;8.74;2.233;3.86;86.92
1982-01-11;4.85;8.05;11.25;11.15;0.588;4.57;52.88
1982-01-12;-2.77;0.55;3.88;0.0;5.106;2.1;52.14
1982-01-13;2.03;7.09;12.15;0.0;5.95;5.38;54.12
1982-01-14;5.2;8.96;12.71;0.0;6.497;5.96;41.38
1982-01-15;0.39;4.68;8.96;4.88;3.816;3.37;63.06
1982-01-16;-2.02;2.34;6.7;0.0;6.208;3.33;56.87
1982-01-17;4.7;7.86;11.01;2.14;4.892;5.03;59.02
1982-01-18;-3.36;0.36;4.09;0.0;5.928;3.75;42.92
1982-01-19;-4.56;-1.86;0.84;0.52;4.58;1.89;43.04
1982-01-20;-2.22;-0.32;1.59;10.4;1.998;2.64;69.44
1982-01-21;-2.84;-0.74;1.36;0.52;5.578;2.37;51.88
1982-01-22;-8.64;-5.91;-3.18;0.0;3.316;5.19;58.07
1982-01-23;-15.2;-10.81;-6.42;0.0;5.25;8.39;39.08
1982-01-24;-15.16;-10.44;-5.71;0.0;5.942;7.71;39.0
1982-01-25;-11.24;-6.64;-2.04;0.0;8.79;6.89;28.25
1982-01-26;-10.23;-8.07;-5.9;0.0;5.537;1.33;50.99
1982-01-27;-10.27;-6.83;-3.4;0.0;5.826;1.21;55.3
1982-01-28;-8.15;-4.16;-0.16;0.0;5.849;1.58;53.76
1982-01-29;-6.71;-3.88;-1.06;9.11;2.372;4.3;84.29
1982-01-30;-5.92;-3.69;-1.46;0.0;4.698;1.79;54.98
1982-01-31;-6.72;-3.44;-0.15;0.0;5.479;2.39;58.36
1982-02-01;-7.27;-3.67;-0.07;0.0;9.023;6.19;39.86
1982-02-02;-6.74;-2.68;1.39;0.63;6.898;4.39;59.71
1982-02-03;-1.32;1.13;3.57;1.86;8.421;5.59;47.9
1982-02-04;-6.61;-2.5;1.62;0.0;7.015;8.26;40.73
1982-02-05;-7.96;-6.76;-5.56;0.0;3.516;8.97;40.55
1982-02-06;-8.56;-7.08;-5.59;0.0;8.309;8.53;37.22
1982-02-07;-7.66;-7.25;-6.83;0.0;7.595;8.44;35.99
1982-02-08;-6.86;-2.89;1.08;0.0;9.762;7.37;43.59
1982-02-09;-7.91;-4.64;-1.38;0.0;9.609;5.9;39.51
1982-02-10;-8.95;-5.01;-1.08;0.0;8.594;2.61;49.73
1982-02-11;-9.83;-5.06;-0.29;0.0;8.614;1.69;58.68
1982-02-12;-6.7;-3.27;0.16;0.0;7.989;0.9;58.58
1982-02-13;-9.92;-5.48;-1.04;0.0;7.59;3.3;59.84
1982-02-14;-13.59;-8.6;-3.61;0.0;8.058;1.1;44.77
1982-02-15;-13.51;-9.4;-5.3;2.34;3.933;1.78;59.94
1982-02-16;-9.94;-6.76;-3.58;2.59;4.71;3.07;66.08
1982-02-17;-9.5;-7.87;-6.24;0.0;6.027;3.67;62.01
1982-02-18;-11.91;-6.32;-0.72;0.0;5.073;3.07;52.77
1982-02-19;-10.9;-4.23;2.44;0.0;5.988;2.43;61.28
1982-02-20;-0.92;1.13;3.18;7.82;4.697;4.28;81.33
1982-02-21;-3.67;-1.33;1.0;0.0;6.922;2.55;55.2
1982-02-22;-3.49;-1.44;0.62;3.44;9.816;2.76;62.06
1982-02-23;-5.77;-2.71;0.34;0.0;3.603;2.07;72.31
1982-02-24;-5.21;-2.74;-0.27;0.0;10.659;1.29;44.66
1982-02-25;-4.77;-2.48;-0.2;0.0;10.292;2.76;61.12
1982-02-26;-6.35;-3.64;-0.94;0.0;6.623;2.45;52.57
1982-02-27;-4.07;-1.04;1.99;5.02;5.208;2.15;53.28
1982-02-28;-0.51;6.4;13.3;1.63;9.929;4.16;51.09
1982-03-01;-1.37;1.15;3.67;0.0;7.45;5.25;58.53
1982-03-02;-2.48;-0.23;2.03;2.09;7.522;2.62;67.47
1982-03-03;-2.87;0.39;3.64;0.0;11.385;1.17;60.17
1982-03-04;-3.62;0.5;4.62;0.0;12.016;2.37;57.06
1982-03-05;-4.92;-0.64;3.64;0.0;11.214;2.05;49.82
1982-03-06;-4.21;0.04;4.3;1.08;12.4;0.29;50.57
1982-03-07;-2.46;1.0;4.45;0.0;12.214;0.87;48.56
1982-03-08;-2.4;2.43;7.26;0.0;6.893;4.9;53.49
1982-03-09;-3.75;-1.18;1.39;9.66;5.127;3.88;66.55
1982-03-10;-1.69;1.09;3.87;0.31;12.214;1.77;47.6
1982-03-11;2.68;5.27;7.86;4.59;11.172;2.49;53.07
1982-03-12;1.15;4.37;7.59;0.0;12.46;1.39;50.05
1982-03-13;-0.47;2.07;4.61;0.0;6.579;1.17;64.07
1982-03-14;0.13;4.29;8.45;4.08;13.99;3.58;46.18
1982-03-15;1.1;2.79;4.47;4.89;8.314;2.89;55.48
1982-03-16;-2.02;-0.84;0.34;2.14;4.728;4.4;60.15
1982-03-17;-2.3;-0.04;2.21;0.0;7.062;2.87;54.74
1982-03-18;-2.04;1.9;5.84;0.0;13.265;1.57;45.68
1982-03-19;-2.39;2.09;6.57;0.0;12.869;2.43;47.8
1982-03-20;-1.09;2.74;6.57;0.0;14.832;6.5;37.56
1982-03-21;-2.34;-0.34;1.65;0.0;4.244;7.24;62.77
1982-03-22;-1.71;-1.09;-0.48;5.05;4.089;3.21;78.68
1982-03-23;-2.53;-0.02;2.49;1.4;4.906;1.04;65.8
1982-03-24;-1.09;3.74;8.57;0.0;14.957;0.59;46.65
1982-03-25;1.3;6.86;12.41;0.0;16.978;0.9;43.43
1982-03-26;2.59;10.19;17.78;0.0;16.648;2.95;31.31
1982-03-27;5.45;10.46;15.47;0.0;18.177;2.69;38.3
1982-03-28;4.5;9.7;14.9;0.0;14.71;2.72;47.15
1982-03-29;4.24;8.09;11.94;0.0;9.333;1.21;61.05
1982-03-30;4.72;10.91;17.1;0.0;16.94;0.38;44.43
1982-03-31;7.07;13.09;19.1;0.0;14.06;0.89;38.04
1982-04-01;6.75;13.38;20.0;0.0;15.579;1.24;39.91
1982-04-02;8.15;13.64;19.14;0.0;17.264;1.49;38.73
1982-04-03;7.98;13.8;19.62;0.0;17.606;3.53;37.99
1982-04-04;7.68;14.55;21.42;0.0;17.366;3.95;37.01
1982-04-05;8.17;14.62;21.07;0.0;16.394;3.82;38.03
1982-04-06;12.25;17.04;21.83;0.0;11.159;1.96;36.69
1982-04-07;11.62;17.65;23.68;0.0;16.864;3.0;38.67
1982-04-08;8.73;14.41;20.09;0.0;18.974;3.51;35.27
1982-04-09;5.36;11.38;17.39;0.0;23.026;3.0;33.07
1982-04-10;5.07;12.21;19.34;0.0;18.941;3.74;38.77
1982-04-11;5.43;11.21;16.99;0.0;18.305;1.98;45.89
1982-04-12;2.84;10.49;18.14;0.0;21.386;1.81;38.2
1982-04-13;7.94;10.68;13.42;3.94;9.343;3.48;60.94
1982-04-14;6.71;9.68;12.64;1.09;19.573;7.6;36.95
1982-04-15;4.63;8.35;12.07;0.0;17.419;7.17;36.78
1982-04-16;5.82;7.47;9.12;0.0;5.572;4.57;56.79
1982-04-17;6.02;9.09;12.15;0.82;11.763;2.74;47.96
1982-04-18;5.07;10.25;15.42;0.0;20.603;3.13;40.65
1982-04-19;4.95;10.31;15.68;0.0;21.503;2.27;37.95
1982-04-20;4.92;10.76;16.6;0.36;19.062;1.1;35.68
1982-04-21;5.25;12.02;18.79;0.0;19.228;1.33;28.62
1982-04-22;6.76;12.79;18.83;0.0;19.869;3.39;30.63
1982-04-23;10.22;15.0;19.77;0.0;11.102;5.5;41.96
1982-04-24;9.93;15.21;20.48;0.0;22.492;2.28;38.55
1982-04-25;7.31;12.34;17.37;8.91;5.584;5.49;51.64
1982-04-26;7.59;11.43;15.26;5.15;13.319;4.96;40.35
1982-04-27;4.99;8.48;11.96;0.0;13.546;4.49;35.57
1982-04-28;5.01;10.2;15.39;1.07;20.041;3.44;32.98
1982-04-29;7.3;8.58;9.87;17.76;10.247;1.71;69.92
1982-04-30;5.07;9.0;12.94;4.72;11.513;3.08;46.49
1982-05-01;6.53;10.5;14.46;0.0;11.981;1.21;47.01
1982-05-02;9.83;13.19;16.55;0.0;16.466;0.6;43.75
1982-05-03;9.97;12.57;15.17;0.75;7.957;0.7;56.45
1982-05-04;10.64;14.64;18.65;0.0;16.387;0.51;58.69
1982-05-05;9.72;11.01;12.3;5.79;6.012;0.73;82.03
1982-05-06;5.57;11.64;17.72;0.0;26.36;3.33;34.56
1982-05-07;5.25;11.01;16.76;0.0;27.427;2.76;28.42
1982-05-08;4.17;11.14;18.11;0.0;28.609;2.54;24.29
1982-05-09;4.47;12.21;19.96;0.0;27.331;1.01;24.17
1982-05-10;9.02;15.18;21.34;0.0;28.937;2.36;28.83
1982-05-11;11.28;12.84;14.41;12.06;5.015;3.18;77.23
1982-05-12;12.11;17.5;22.9;0.0;23.549;1.98;53.79
1982-05-13;12.8;17.0;21.19;0.0;21.57;2.69;51.12
1982-05-14;10.51;16.02;21.54;0.0;27.838;2.05;33.05
1982-05-15;13.94;15.87;17.8;4.22;10.508;5.09;69.88
1982-05-16;12.72;13.12;13.52;0.0;3.701;0.36;85.4
1982-05-17;14.16;16.86;19.56;2.31;17.337;0.4;63.56
1982-05-18;10.98;15.03;19.07;14.51;7.384;1.3;47.63
1982-05-19;9.74;14.44;19.14;6.12;10.971;1.57;48.75
1982-05-20;10.63;15.61;20.58;0.0;14.194;1.94;40.75
1982-05-21;12.59;17.06;21.54;0.0;16.819;1.1;43.25
1982-05-22;10.82;16.95;23.07;0.0;18.74;2.28;36.21
1982-05-23;16.96;18.87;20.78;5.36;7.646;0.88;45.55
1982-05-24;15.16;17.66;20.15;5.91;13.888;1.82;68.97
1982-05-25;14.57;17.64;20.72;0.0;16.791;2.36;62.84
1982-05-26;11.53;16.39;21.26;0.0;20.788;2.71;45.44
1982-05-27;11.62;16.14;20.67;0.0;20.525;2.37;40.75
1982-05-28;9.89;15.29;20.69;0.0;25.853;2.32;30.9
1982-05-29;11.89;16.97;22.05;0.0;17.829;2.21;45.75
1982-05-30;13.99;19.8;25.61;0.0;21.229;1.3;40.83
1982-05-31;12.88;19.09;25.31;0.0;24.816;1.14;44.56
1982-06-01;12.4;19.91;27.42;0.0;26.674;1.61;38.89
1982-06-02;12.78;19.63;26.48;0.0;27.352;2.21;40.5
1982-06-03;12.36;19.24;26.13;0.0;23.097;1.42;39.37
1982-06-04;17.05;20.47;23.89;9.41;16.151;1.6;64.09
1982-06-05;16.79;19.48;22.16;0.0;16.699;0.9;71.34
1982-06-06;15.53;20.19;24.85;13.67;19.69;1.8;59.06
1982-06-07;15.11;20.48;25.85;0.0;25.637;2.78;42.24
1982-06-08;16.33;18.64;20.96;14.34;17.635;3.82;68.66
1982-06-09;15.47;19.3;23.12;4.7;13.351;3.81;63.87
1982-06-10;14.23;17.8;21.36;0.0;12.689;4.23;42.01
1982-06-11;14.01;18.41;22.82;0.0;24.495;2.4;42.34
1982-06-12;12.43;17.06;21.7;0.0;17.512;2.45;44.36
1982-06-13;11.36;16.22;21.08;0.0;27.484;2.5;30.55
1982-06-14;11.1;15.25;19.39;2.36;13.087;3.19;38.09
1982-06-15;13.18;15.22;17.27;8.47;14.814;3.95;52.27
1982-06-16;13.99;17.07;20.16;0.0;16.213;2.39;45.53
1982-06-17;14.51;18.11;21.7;0.0;14.785;3.65;45.89
1982-06-18;15.32;21.11;26.9;0.0;24.933;1.91;32.92
1982-06-19;15.75;22.76;29.76;0.0;28.536;0.71;37.85
1982-06-20;16.38;20.94;25.5;1.31;7.34;2.2;51.49
1982-06-21;14.62;17.73;20.84;7.39;15.765;5.93;56.22
1982-06-22;14.09;17.8;21.51;7.76;17.525;4.78;54.22
1982-06-23;15.83;16.48;17.14;10.84;13.591;3.11;71.03
1982-06-24;14.9;16.21;17.51;0.0;10.746;2.05;78.44
1982-06-25;13.38;17.43;21.48;6.79;17.029;3.4;37.03
1982-06-26;16.68;19.38;22.09;1.54;24.234;1.98;43.76
1982-06-27;14.09;18.14;22.19;4.19;20.378;2.16;47.15
1982-06-28;14.08;18.41;22.73;0.0;27.762;1.66;24.09
1982-06-29;14.26;20.57;26.87;0.0;27.258;2.66;25.56
1982-06-30;16.16;22.65;29.14;0.0;26.895;2.08;30.73
1982-07-01;18.66;23.68;28.7;5.94;22.069;2.06;32.21
1982-07-02;19.12;23.63;28.15;0.0;25.357;0.91;50.67
1982-07-03;19.86;24.13;28.39;0.0;23.22;1.37;54.01
1982-07-04;19.35;23.75;28.14;0.0;24.231;1.4;52.66
1982-07-05;20.17;24.19;28.2;10.06;17.699;0.71;59.81
1982-07-06;19.94;23.05;26.17;10.99;19.098;1.02;72.88
1982-07-07;21.52;24.14;26.77;3.07;20.161;1.38;75.08
1982-07-08;19.54;23.34;27.14;0.0;24.983;1.19;58.5
1982-07-09;18.78;23.2;27.63;0.0;25.758;1.29;40.98
1982-07-10;18.63;22.77;26.91;0.0;25.714;1.38;44.8
1982-07-11;18.62;23.91;29.19;0.0;26.679;0.84;40.23
1982-07-12;20.36;25.36;30.35;0.0;25.309;1.38;29.7
1982-07-13;19.9;24.44;28.98;0.0;25.801;2.98;41.58
1982-07-14;19.98;24.13;28.27;0.0;23.655;1.38;54.24
1982-07-15;18.0;22.09;26.17;7.9;16.146;2.15;54.53
1982-07-16;18.64;22.21;25.79;0.0;18.015;2.16;39.04
1982-07-17;17.36;23.77;30.17;3.08;26.809;4.13;28.7
1982-07-18;18.73;22.35;25.97;0.0;24.161;2.82;42.07
1982-07-19;20.62;23.51;26.4;0.0;24.443;0.72;32.39
1982-07-20;18.36;24.01;29.66;0.0;26.35;1.32;22.6
1982-07-21;19.85;26.17;32.49;0.0;24.936;0.77;23.23
1982-07-22;22.7;28.78;34.87;0.0;22.728;0.9;20.59
1982-07-23;26.8;30.79;34.78;0.0;22.831;1.86;12.24
1982-07-24;22.22;25.95;29.67;0.0;9.247;2.81;29.02
1982-07-25;20.6;24.5;28.4;4.97;19.889;3.43;50.91
1982-07-26;19.81;24.43;29.06;0.0;22.188;2.48;53.32
1982-07-27;20.9;24.11;27.32;0.0;23.563;0.99;43.86
1982-07-28;18.43;22.34;26.24;6.17;19.202;1.56;40.58
1982-07-29;17.95;21.5;25.06;3.89;15.049;2.02;59.12
1982-07-30;17.79;22.05;26.3;0.0;22.981;1.48;36.8
1982-07-31;17.23;22.59;27.95;0.0;21.024;1.67;43.36
1982-08-01;17.98;25.67;33.37;0.0;24.49;4.45;41.87
1982-08-02;22.15;26.49;30.83;0.0;21.235;3.03;49.39
1982-08-03;21.38;24.94;28.5;0.0;20.509;1.99;46.97
1982-08-04;20.9;25.24;29.59;0.0;21.851;2.62;46.27
1982-08-05;18.32;22.71;27.1;5.31;13.737;1.78;51.11
1982-08-06;18.21;22.25;26.29;0.0;20.823;1.12;41.12
1982-08-07;17.97;23.68;29.39;0.0;22.638;1.21;27.16
1982-08-08;19.7;21.7;23.7;9.81;15.177;0.9;58.71
1982-08-09;18.3;22.89;27.49;0.0;17.355;0.36;49.75
1982-08-10;20.84;24.21;27.58;0.0;22.941;1.86;49.72
1982-08-11;19.15;23.25;27.36;2.06;18.392;3.11;38.96
1982-08-12;16.6;21.34;26.08;4.47;16.367;3.05;42.78
1982-08-13;16.54;20.74;24.95;0.0;15.847;2.48;31.68
1982-08-14;18.45;22.62;26.78;0.0;13.726;1.68;39.01
1982-08-15;17.61;22.5;27.4;0.0;20.61;1.71;20.6
1982-08-16;17.16;23.75;30.34;0.0;22.247;3.11;18.7
1982-08-17;19.91;25.54;31.16;0.0;20.933;2.22;24.35
1982-08-18;17.89;24.52;31.15;0.3;21.165;3.55;32.99
1982-08-19;18.68;21.7;24.71;0.0;16.464;2.55;48.11
1982-08-20;17.15;20.45;23.74;5.88;11.675;1.92;37.51
1982-08-21;14.74;19.85;24.96;0.0;18.617;2.63;30.18
1982-08-22;14.39;20.73;27.07;0.0;23.193;1.19;24.97
1982-08-23;16.06;23.26;30.46;0.0;21.816;2.68;18.36
1982-08-24;16.02;23.63;31.24;0.0;22.677;2.68;26.09
1982-08-25;18.16;22.46;26.76;6.3;13.033;2.6;42.21
1982-08-26;18.01;20.95;23.9;2.81;13.327;4.87;38.18
1982-08-27;16.15;19.92;23.7;2.69;15.957;3.04;33.23
1982-08-28;14.97;19.04;23.1;0.0;17.264;3.28;38.44
1982-08-29;16.82;18.88;20.95;0.0;5.775;1.58;71.16
1982-08-30;16.79;21.36;25.92;0.0;21.223;2.48;24.74
1982-08-31;14.85;20.9;26.95;0.0;21.552;2.77;19.23
1982-09-01;20.43;22.91;25.4;8.59;13.128;1.7;41.68
1982-09-02;15.39;20.67;25.95;1.2;11.68;1.7;54.17
1982-09-03;14.03;19.54;25.06;0.0;18.809;1.3;28.47
1982-09-04;14.22;20.86;27.49;0.0;19.393;0.81;18.72
1982-09-05;15.84;21.77;27.7;0.0;19.056;1.2;21.35
1982-09-06;15.81;22.34;28.86;0.0;18.554;0.94;21.58
1982-09-07;15.8;22.84;29.87;0.0;18.383;2.2;22.39
1982-09-08;17.87;22.71;27.55;0.0;18.903;2.58;21.59
1982-09-09;18.03;24.5;30.96;0.0;12.466;2.32;24.75
1982-09-10;16.55;23.56;30.57;0.0;19.821;4.03;29.86
1982-09-11;17.11;23.06;29.02;2.83;19.128;4.06;29.42
1982-09-12;16.97;19.34;21.71;0.0;13.997;3.32;37.0
1982-09-13;15.85;20.4;24.95;0.0;17.597;1.58;27.2
1982-09-14;14.46;21.38;28.29;0.0;16.504;1.69;20.63
1982-09-15;12.55;19.16;25.77;0.0;18.495;2.58;30.62
1982-09-16;13.82;15.55;17.29;13.41;4.606;1.6;83.29
1982-09-17;11.15;14.49;17.83;12.15;10.626;1.62;53.02
1982-09-18;12.07;15.41;18.75;0.0;11.585;1.5;46.62
1982-09-19;10.74;15.82;20.91;0.0;17.042;0.9;27.1
1982-09-20;12.19;17.73;23.28;0.0;17.008;0.8;29.66
1982-09-21;12.92;20.47;28.02;0.0;15.935;1.88;28.71
1982-09-22;12.86;15.99;19.13;1.64;6.716;1.68;51.79
1982-09-23;11.51;13.21;14.9;4.48;3.434;2.92;78.53
1982-09-24;9.29;12.18;15.07;0.0;8.604;3.28;38.33
1982-09-25;7.13;11.52;15.9;0.0;10.725;1.92;35.06
1982-09-26;6.45;12.56;18.67;0.0;9.115;3.16;36.01
1982-09-27;13.95;18.8;23.65;0.0;14.742;4.7;50.73
1982-09-28;11.64;17.61;23.58;2.78;15.239;4.22;44.87
1982-09-29;17.43;17.68;17.93;2.35;9.549;1.88;83.14
1982-09-30;17.37;20.08;22.79;0.0;8.419;2.5;70.4
1982-10-01;15.12;20.68;26.24;0.0;13.035;3.68;43.76
1982-10-02;10.39;15.04;19.69;0.0;16.101;5.61;26.44
1982-10-03;8.78;13.46;18.14;0.0;13.954;6.03;25.06
1982-10-04;8.43;13.58;18.73;0.0;13.838;6.41;25.16
1982-10-05;6.95;12.2;17.45;0.0;15.504;5.85;20.35
1982-10-06;8.29;14.17;20.06;0.0;15.6;5.01;21.39
1982-10-07;10.26;16.31;22.36;0.0;14.598;3.37;21.53
1982-10-08;10.81;17.64;24.46;0.0;14.892;3.63;22.43
1982-10-09;10.13;15.94;21.75;0.0;15.212;5.12;18.72
1982-10-10;10.88;16.3;21.72;0.0;13.891;1.31;25.94
1982-10-11;9.6;14.79;19.97;0.0;13.105;0.79;27.23
1982-10-12;7.51;13.0;18.49;0.0;12.46;2.73;34.29
1982-10-13;9.99;13.71;17.43;0.0;7.791;3.74;38.6
1982-10-14;7.13;12.34;17.55;0.0;13.294;5.14;32.41
1982-10-15;7.48;13.6;19.72;0.0;15.233;6.34;27.89
1982-10-16;9.11;14.31;19.51;0.0;14.647;6.44;24.86
1982-10-17;9.54;15.17;20.81;0.0;13.866;5.9;22.6
1982-10-18;7.8;13.09;18.38;0.0;12.761;3.81;29.11
1982-10-19;7.12;12.05;16.98;0.0;12.571;3.51;31.16
1982-10-20;6.13;10.54;14.96;0.0;11.272;1.34;29.13
1982-10-21;10.02;14.14;18.27;0.08;4.38;2.3;56.4
1982-10-22;12.69;15.02;17.36;11.4;3.05;1.19;60.24
1982-10-23;9.67;11.2;12.73;6.43;5.33;3.81;59.16
1982-10-24;4.99;7.8;10.61;0.0;5.537;3.25;52.1
1982-10-25;5.45;7.03;8.6;0.0;4.726;3.06;48.15
1982-10-26;2.84;6.54;10.24;0.0;8.673;2.88;35.15
1982-10-27;1.25;5.58;9.9;0.0;5.907;3.29;49.44
1982-10-28;-0.56;4.33;9.21;0.0;10.467;2.3;41.61
1982-10-29;-0.32;4.37;9.05;0.0;10.594;2.79;41.8
1982-10-30;0.44;4.22;8.0;0.0;10.031;3.7;26.01
1982-10-31;-0.75;3.76;8.27;0.0;10.004;3.56;44.67
1982-11-01;-0.75;3.79;8.34;0.0;9.434;3.09;45.4
1982-11-02;3.34;7.43;11.52;0.0;7.832;4.2;38.65
1982-11-03;6.9;9.8;12.71;0.0;5.391;5.71;37.25
1982-11-04;8.84;9.68;10.53;6.65;2.176;3.3;43.66
1982-11-05;4.57;9.95;15.33;0.0;11.117;1.81;17.3
1982-11-06;3.64;10.55;17.47;0.0;9.206;2.55;34.63
1982-11-07;7.74;11.61;15.48;0.0;7.395;1.57;44.3
1982-11-08;6.6;7.68;8.76;6.72;3.332;3.24;84.27
1982-11-09;8.58;11.09;13.6;18.4;4.306;1.7;84.53
1982-11-10;6.7;10.02;13.33;2.94;5.509;3.44;61.63
1982-11-11;6.98;9.15;11.32;1.18;4.668;2.64;71.97
1982-11-12;8.29;10.82;13.35;8.08;2.6;2.13;60.03
1982-11-13;10.18;14.44;18.69;0.0;6.928;2.17;47.4
1982-11-14;8.93;10.67;12.41;10.21;1.275;0.3;89.6
1982-11-15;8.94;9.11;9.28;0.0;4.565;1.96;76.97
1982-11-16;6.05;8.58;11.11;0.0;7.29;2.08;65.34
1982-11-17;3.08;5.34;7.6;0.0;6.897;4.15;69.55
1982-11-18;3.07;5.83;8.58;0.0;3.665;1.14;65.1
1982-11-19;0.1;2.68;5.27;4.8;2.824;5.63;72.99
1982-11-20;5.24;6.44;7.64;0.0;6.275;1.49;74.59
1982-11-21;6.44;8.2;9.95;2.7;2.14;2.86;72.68
1982-11-22;6.51;10.04;13.56;0.0;6.591;1.39;58.99
1982-11-23;7.03;7.88;8.74;3.58;3.064;0.8;81.72
1982-11-24;1.91;4.02;6.14;10.09;2.603;2.16;90.88
1982-11-25;3.07;4.99;6.91;0.3;4.016;2.19;81.64
1982-11-26;-1.12;1.16;3.44;0.19;5.499;5.03;50.68
1982-11-27;-1.66;1.71;5.07;0.0;5.584;4.83;50.05
1982-11-28;-1.19;0.0;1.19;3.99;1.323;2.56;80.38
1982-11-29;1.44;4.94;8.45;0.0;6.205;3.75;57.33
1982-11-30;2.37;4.5;6.64;0.54;2.447;2.75;68.22
1982-12-01;-1.78;1.17;4.13;0.08;2.35;4.8;77.18
1982-12-02;-2.72;-1.47;-0.22;0.0;3.145;3.15;54.71
1982-12-03;-6.21;-3.48;-0.74;0.0;2.1;1.6;46.78
1982-12-04;-4.52;-1.46;1.6;0.83;4.947;2.57;45.85
1982-12-05;-4.26;-0.71;2.83;0.57;4.425;2.04;57.42
1982-12-06;0.17;4.0;7.83;0.0;6.293;2.67;58.13
1982-12-07;2.42;5.42;8.42;0.0;5.376;3.25;51.33
1982-12-08;2.16;5.03;7.9;0.72;1.754;3.35;75.11
1982-12-09;5.44;9.44;13.43;0.0;3.796;3.74;59.61
1982-12-10;9.24;10.73;12.22;3.49;4.08;4.34;59.08
1982-12-11;1.57;5.15;8.73;0.39;3.469;1.69;64.48
1982-12-12;0.44;3.31;6.17;0.0;3.635;0.64;54.66
1982-12-13;0.74;4.22;7.71;0.0;3.973;2.9;72.87
1982-12-14;1.04;4.89;8.74;6.68;0.686;1.7;87.72
1982-12-15;0.12;4.08;8.05;0.0;6.235;1.59;68.46
1982-12-16;-0.11;3.1;6.32;0.0;6.413;1.2;65.84
1982-12-17;-0.55;2.6;5.75;12.77;0.403;1.6;80.14
1982-12-18;-0.09;2.4;4.89;0.0;2.19;0.87;86.85
1982-12-19;-1.19;2.17;5.52;0.0;4.336;0.57;60.46
1982-12-20;1.66;4.89;8.12;0.28;2.529;0.47;42.35
1982-12-21;0.99;4.66;8.32;0.36;2.773;0.89;57.66
1982-12-22;3.46;6.26;9.05;0.0;4.043;2.7;64.61
1982-12-23;4.52;6.21;7.9;0.0;4.253;2.08;76.23
1982-12-24;5.33;6.23;7.13;0.77;4.137;1.6;85.55
1982-12-25;-2.7;1.59;5.89;0.0;4.717;1.7;74.69
1982-12-26;-2.85;0.13;3.11;0.66;4.132;0.76;49.93
1982-12-27;-2.35;1.49;5.32;0.0;4.133;1.8;64.62
1982-12-28;1.16;4.05;6.95;0.62;3.552;2.87;63.14
1982-12-29;1.23;4.94;8.65;2.0;2.811;3.38;80.95
1982-12-30;-1.12;3.47;8.05;8.74;4.048;0.47;74.58
1982-12-31;-1.93;1.66;5.25;0.0;4.067;2.31;58.5
1983-01-01;-2.42;-0.42;1.58;0.0;4.486;2.09;59.28
1983-01-02;-2.79;0.67;4.14;3.96;3.067;2.77;63.82
1983-01-03;-6.29;-3.48;-0.68;0.0;4.297;3.29;57.76
1983-01-04;-6.21;-4.29;-2.38;0.0;6.175;6.2;23.1
1983-01-05;-7.57;-5.44;-3.3;0.0;6.124;5.22;14.19
1983-01-06;-7.22;-4.55;-1.89;0.0;4.828;6.93;29.14
1983-01-07;-3.28;-0.08;3.11;0.0;3.832;4.25;78.21
1983-01-08;-5.95;-1.21;3.54;10.74;0.14;3.45;98.4
1983-01-09;-2.37;-0.84;0.68;3.34;2.868;1.59;84.58
1983-01-10;-2.79;-1.17;0.45;0.9;2.982;1.38;70.21
1983-01-11;-3.62;1.34;6.3;0.0;7.185;2.79;53.92
1983-01-12;0.52;3.49;6.46;0.0;4.112;2.56;57.07
1983-01-13;-1.27;2.2;5.67;0.0;6.187;2.48;51.73
1983-01-14;-0.41;1.52;3.45;0.0;2.811;2.37;70.01
1983-01-15;0.14;1.34;2.55;4.28;3.466;2.21;79.34
1983-01-16;0.67;2.52;4.37;0.0;4.397;1.15;65.15
1983-01-17;-1.34;1.04;3.41;0.0;4.504;3.39;71.47
1983-01-18;-1.82;1.05;3.92;5.78;1.537;4.89;71.09
1983-01-19;-1.53;0.83;3.18;2.23;2.199;0.96;78.42
1983-01-20;-2.95;0.02;2.99;0.0;4.35;2.93;62.05
1983-01-21;-4.43;-1.66;1.1;6.0;4.2;5.41;71.7
1983-01-22;-9.65;-6.76;-3.87;0.0;4.069;3.98;73.11
1983-01-23;-12.12;-9.9;-7.69;0.0;5.92;2.68;51.89
1983-01-24;-12.17;-9.0;-5.83;0.0;6.78;2.09;52.62
1983-01-25;-7.25;-4.48;-1.71;0.0;5.748;2.76;59.18
1983-01-26;-7.19;-2.83;1.53;0.0;6.636;3.87;60.45
1983-01-27;-1.48;-0.28;0.91;0.0;3.146;6.1;89.91
1983-01-28;1.08;3.78;6.48;0.0;6.756;4.65;47.01
1983-01-29;3.16;4.96;6.75;0.0;3.457;5.1;58.73
1983-01-30;4.77;8.7;12.62;0.22;6.901;5.2;38.44
1983-01-31;4.95;8.89;12.83;0.0;7.142;6.14;43.01
1983-02-01;0.74;4.55;8.37;0.0;5.233;3.76;59.41
1983-02-02;-1.91;1.94;5.78;0.0;7.417;3.15;50.59
1983-02-03;-7.65;-4.8;-1.95;0.0;10.428;7.65;25.83
1983-02-04;-7.66;-5.26;-2.86;0.0;11.36;6.58;19.09
1983-02-05;-11.06;-6.5;-1.95;0.0;10.565;5.81;21.01
1983-02-06;-12.21;-7.64;-3.07;0.75;10.96;2.74;19.61
1983-02-07;-10.31;-4.79;0.73;2.22;8.297;2.73;28.65
1983-02-08;-3.84;-0.15;3.55;1.5;4.021;3.11;65.59
1983-02-09;4.71;6.27;7.82;1.16;2.946;5.58;75.62
1983-02-10;5.44;7.2;8.95;2.59;3.57;5.73;76.23
1983-02-11;4.22;7.8;11.39;0.0;8.904;5.18;54.87
1983-02-12;4.96;8.8;12.64;0.0;7.577;6.49;42.43
1983-02-13;4.83;8.82;12.82;0.0;8.574;5.53;37.12
1983-02-14;-1.6;4.1;9.8;4.63;3.863;4.11;48.41
1983-02-15;-4.1;-1.95;0.2;0.0;7.709;3.05;41.04
1983-02-16;-4.95;-2.58;-0.2;1.1;6.619;0.36;43.58
1983-02-17;-1.21;2.4;6.01;3.9;5.235;2.65;46.98
1983-02-18;1.54;6.47;11.4;5.85;5.88;3.99;60.66
1983-02-19;3.35;6.42;9.49;15.88;2.441;4.77;76.63
1983-02-20;0.84;4.49;8.13;1.14;5.293;1.6;78.46
1983-02-21;0.92;4.03;7.13;0.0;9.539;1.21;50.77
1983-02-22;-0.61;1.56;3.72;1.1;6.004;3.26;68.58
1983-02-23;1.79;2.48;3.17;7.34;7.868;2.65;65.01
1983-02-24;-2.73;-0.2;2.33;10.25;4.047;1.8;83.69
1983-02-25;-5.22;-2.81;-0.41;0.0;7.298;3.06;51.45
1983-02-26;-7.29;-5.29;-3.29;0.0;6.305;1.69;50.55
1983-02-27;-10.31;-5.9;-1.48;0.0;9.909;5.11;35.7
1983-02-28;-14.81;-10.47;-6.13;0.0;12.027;5.24;34.74
1983-03-01;-16.29;-11.49;-6.7;0.0;12.063;1.41;36.33
1983-03-02;-9.1;-3.16;2.78;2.59;5.905;5.55;49.62
1983-03-03;-3.54;0.22;3.98;0.43;5.8;3.44;60.15
1983-03-04;-2.99;1.62;6.23;0.0;11.355;2.17;44.87
1983-03-05;-1.93;5.34;12.61;0.0;11.17;4.75;39.62
1983-03-06;-4.26;1.54;7.34;0.0;9.914;4.22;43.22
1983-03-07;-5.68;0.27;6.22;1.22;13.546;1.86;30.63
1983-03-08;-1.17;2.87;6.91;0.0;11.554;0.55;34.32
1983-03-09;0.08;6.17;12.26;0.0;12.874;2.69;32.16
1983-03-10;1.89;8.69;15.49;0.0;13.409;1.77;37.95
1983-03-11;3.92;7.39;10.86;2.27;9.856;0.52;55.22
1983-03-12;2.41;5.02;7.63;11.67;4.876;0.48;81.63
1983-03-13;-0.56;2.16;4.87;0.0;8.561;4.04;53.75
1983-03-14;-3.4;1.26;5.91;0.0;12.811;2.57;51.88
1983-03-15;-0.27;1.36;3.0;0.97;7.862;1.43;62.47
1983-03-16;-1.55;0.15;1.84;2.23;8.913;2.49;66.49
1983-03-17;0.54;2.26;3.98;0.0;10.317;1.61;43.77
1983-03-18;-2.54;1.52;5.57;16.2;3.618;3.96;77.4
1983-03-19;2.53;4.25;5.98;0.75;6.481;3.4;61.4
1983-03-20;-1.71;4.04;9.79;14.4;2.989;3.56;71.5
1983-03-21;-0.66;0.78;2.22;6.48;5.774;3.39;71.33
1983-03-22;1.17;2.83;4.48;0.0;8.438;1.94;52.69
1983-03-23;-1.31;1.06;3.44;0.0;9.997;2.22;50.74
1983-03-24;-0.05;5.44;10.93;6.96;16.808;2.99;28.65
1983-03-25;-4.11;1.45;7.02;0.0;4.885;5.06;59.42
1983-03-26;-0.49;4.75;10.0;0.0;17.682;2.19;35.94
1983-03-27;-0.07;7.42;14.9;0.0;15.804;4.2;29.72
1983-03-28;4.72;12.29;19.87;0.0;20.656;3.31;29.77
1983-03-29;4.62;9.35;14.08;0.0;9.935;2.09;58.99
1983-03-30;6.17;8.23;10.29;0.96;8.206;2.08;65.68
1983-03-31;3.04;8.16;13.29;0.0;14.548;7.0;34.12
1983-04-01;2.03;5.3;8.58;0.0;14.797;7.2;28.65
1983-04-02;1.03;5.19;9.35;0.0;15.194;6.84;31.01
1983-04-03;0.85;6.89;12.93;0.76;16.832;6.5;34.51
1983-04-04;4.06;8.66;13.27;0.0;15.858;6.77;34.08
1983-04-05;3.51;8.83;14.15;0.0;14.316;5.97;37.45
1983-04-06;3.54;8.64;13.74;0.0;17.129;4.92;42.65
1983-04-07;2.65;7.7;12.74;0.0;11.671;5.69;46.91
1983-04-08;4.61;5.1;5.58;0.0;6.204;2.76;76.81
1983-04-09;2.27;3.33;4.38;0.78;4.427;3.9;70.25
1983-04-10;4.64;6.38;8.11;3.51;12.868;6.95;53.79
1983-04-11;1.06;2.65;4.24;0.0;8.357;4.78;86.13
1983-04-12;0.84;4.0;7.17;0.0;7.849;2.56;78.89
1983-04-13;1.71;6.13;10.55;0.0;6.928;2.75;58.86
1983-04-14;2.37;5.08;7.8;0.0;8.395;3.37;54.89
1983-04-15;-0.36;4.64;9.63;0.8;8.254;0.57;45.69
1983-04-16;2.99;7.28;11.57;0.0;14.038;3.04;38.38
1983-04-17;3.09;8.44;13.79;0.0;22.028;3.98;30.67
1983-04-18;5.34;11.57;17.8;0.0;21.632;3.85;25.14
1983-04-19;5.07;11.27;17.46;0.0;19.842;6.65;26.11
1983-04-20;4.56;9.11;13.66;0.43;21.193;6.33;34.26
1983-04-21;5.9;11.52;17.14;2.52;9.334;3.17;41.85
1983-04-22;7.88;13.47;19.06;0.0;19.994;1.82;46.19
1983-04-23;5.69;10.74;15.79;3.11;10.835;2.11;59.7
1983-04-24;9.02;10.54;12.07;13.01;5.554;1.21;70.0
1983-04-25;9.35;10.75;12.14;3.47;7.749;1.42;83.41
1983-04-26;8.95;10.31;11.67;2.83;8.098;1.82;79.72
1983-04-27;9.32;11.05;12.79;0.0;8.014;1.91;53.3
1983-04-28;7.36;10.82;14.29;25.74;4.564;4.0;71.24
1983-04-29;8.31;13.39;18.47;0.0;16.955;3.74;56.6
1983-04-30;8.08;12.63;17.17;0.0;8.535;2.53;51.73
1983-05-01;8.52;11.56;14.61;0.0;9.873;3.52;52.41
1983-05-02;8.08;11.07;14.05;5.39;19.494;4.07;54.79
1983-05-03;5.5;9.09;12.67;0.0;21.948;4.47;54.23
1983-05-04;6.91;10.64;14.37;0.0;17.734;1.82;47.0
1983-05-05;8.41;9.53;10.65;9.34;6.703;2.37;81.63
1983-05-06;11.97;14.11;16.24;2.98;9.622;4.3;67.52
1983-05-07;12.54;14.04;15.55;11.15;4.862;3.59;73.12
1983-05-08;11.05;13.8;16.55;6.72;16.682;3.24;64.3
1983-05-09;9.99;14.36;18.73;0.0;18.233;2.46;53.99
1983-05-10;10.01;13.13;16.24;0.0;9.488;4.17;56.39
1983-05-11;13.53;17.2;20.86;0.0;17.601;2.46;63.86
1983-05-12;13.24;17.39;21.55;0.0;12.233;1.56;64.25
1983-05-13;15.02;18.74;22.46;0.0;19.799;3.4;55.82
1983-05-14;15.05;18.22;21.39;0.0;23.241;3.81;52.1
1983-05-15;12.62;15.65;18.68;0.0;11.323;4.18;60.51
1983-05-16;12.72;16.78;20.84;0.0;19.028;2.1;43.25
1983-05-17;12.45;17.39;22.33;0.0;22.102;2.19;44.42
1983-05-18;14.48;18.41;22.34;0.0;24.597;1.6;44.39
1983-05-19;12.6;18.43;24.27;0.0;27.232;2.73;43.78
1983-05-20;13.56;18.29;23.02;0.0;23.452;2.1;44.66
1983-05-21;12.58;19.25;25.91;21.88;22.505;2.39;36.94
1983-05-22;13.76;17.86;21.97;4.46;19.482;4.13;71.13
1983-05-23;8.76;13.61;18.47;0.0;27.241;4.67;48.59
1983-05-24;10.68;14.76;18.84;1.45;22.436;2.7;39.22
1983-05-25;8.99;15.07;21.15;0.0;26.579;2.42;34.64
1983-05-26;10.97;16.16;21.34;0.0;24.135;2.1;45.35
1983-05-27;13.37;17.16;20.95;0.0;17.131;0.65;61.86
1983-05-28;12.78;18.38;23.99;0.0;22.296;0.69;46.09
1983-05-29;15.6;20.16;24.72;0.0;24.175;0.9;48.75
1983-05-30;14.66;19.05;23.45;7.2;16.248;1.1;48.19
1983-05-31;15.82;21.01;26.19;2.73;18.626;2.93;54.88
1983-06-01;14.3;19.09;23.88;17.93;15.962;1.98;47.01
1983-06-02;18.29;21.68;25.07;0.0;21.755;0.49;63.89
1983-06-03;17.24;20.61;23.98;0.0;26.506;1.91;70.4
1983-06-04;14.8;17.59;20.39;0.0;12.758;2.97;69.52
1983-06-05;14.51;17.0;19.49;0.0;17.497;2.21;66.64
1983-06-06;12.95;16.52;20.08;0.0;13.236;1.5;76.41
1983-06-07;12.85;16.45;20.06;0.0;14.329;1.31;52.11
1983-06-08;13.21;16.66;20.11;0.0;13.321;1.64;57.05
1983-06-09;16.18;18.41;20.64;14.29;13.351;1.22;64.27
1983-06-10;16.08;17.8;19.52;22.9;4.451;1.6;58.44
1983-06-11;14.23;16.34;18.45;14.3;11.366;1.31;76.72
1983-06-12;14.67;17.46;20.26;10.24;6.978;0.1;55.83
1983-06-13;15.96;18.7;21.43;0.0;17.492;0.55;68.54
1983-06-14;16.35;18.8;21.25;7.65;19.88;0.42;80.11
1983-06-15;16.04;18.44;20.84;14.36;10.609;1.41;81.49
1983-06-16;18.53;19.72;20.91;0.0;11.378;0.73;79.66
1983-06-17;18.7;21.14;23.58;0.0;16.896;0.94;74.43
1983-06-18;16.73;20.64;24.55;0.0;23.561;3.69;65.65
1983-06-19;16.51;21.32;26.12;0.0;23.565;5.41;48.17
1983-06-20;17.26;20.59;23.92;7.41;10.638;3.4;57.2
1983-06-21;17.22;20.96;24.7;13.06;19.856;2.3;51.73
1983-06-22;18.56;21.4;24.24;0.0;18.319;1.62;78.68
1983-06-23;18.55;21.2;23.86;3.83;16.207;1.51;78.88
1983-06-24;18.56;22.27;25.97;0.0;22.646;1.47;62.05
1983-06-25;12.76;17.57;22.38;0.0;16.854;4.62;61.64
1983-06-26;14.73;20.66;26.59;0.0;24.75;2.31;43.98
1983-06-27;14.05;18.98;23.92;0.0;22.833;2.7;63.34
1983-06-28;15.13;20.59;26.04;0.0;27.278;1.27;53.83
1983-06-29;16.66;21.86;27.05;0.0;26.321;1.69;51.45
1983-06-30;14.22;21.52;28.83;0.0;28.732;2.62;47.99
1983-07-01;19.1;24.76;30.42;0.0;29.886;3.44;37.3
1983-07-02;22.37;26.66;30.95;0.0;29.608;1.46;38.37
1983-07-03;21.69;23.23;24.76;6.16;13.571;1.3;65.86
1983-07-04;21.23;24.05;26.87;5.27;19.822;1.11;72.41
1983-07-05;21.28;25.98;30.68;0.0;30.17;1.86;50.56
1983-07-06;18.53;23.87;29.2;0.0;28.093;0.71;40.3
1983-07-07;17.29;23.38;29.48;1.81;20.154;1.47;43.06
1983-07-08;18.82;22.45;26.09;2.93;21.894;1.08;58.5
1983-07-09;18.31;21.38;24.45;11.24;12.962;0.7;60.54
1983-07-10;18.65;23.23;27.81;0.0;24.725;1.09;51.2
1983-07-11;20.48;22.38;24.29;7.36;21.206;1.42;77.68
1983-07-12;17.29;21.34;25.39;14.26;19.085;0.9;51.31
1983-07-13;18.84;22.51;26.17;7.48;21.98;0.62;60.97
1983-07-14;20.62;24.15;27.67;0.0;24.681;0.45;64.15
1983-07-15;18.29;21.6;24.91;12.4;17.621;0.5;52.42
1983-07-16;19.43;21.16;22.88;12.05;13.249;0.99;74.55
1983-07-17;17.92;21.13;24.33;10.02;12.547;0.8;58.59
1983-07-18;16.84;20.51;24.18;15.3;18.63;1.76;65.25
1983-07-19;16.72;21.06;25.41;0.0;24.312;2.27;41.3
1983-07-20;16.43;22.31;28.2;0.0;30.343;4.99;36.17
1983-07-21;18.7;23.99;29.28;0.0;28.848;5.04;29.49
1983-07-22;20.65;24.88;29.11;0.0;23.878;2.8;37.55
1983-07-23;19.8;24.85;29.9;0.0;24.03;3.94;47.47
1983-07-24;19.99;24.61;29.23;0.0;25.012;5.99;39.03
1983-07-25;19.32;23.26;27.19;6.93;5.33;3.12;33.74
1983-07-26;19.12;23.02;26.93;13.68;19.357;1.47;56.33
1983-07-27;22.3;24.63;26.96;1.84;21.972;0.27;72.35
1983-07-28;19.75;22.79;25.83;11.9;18.935;0.48;62.2
1983-07-29;20.3;23.29;26.28;9.77;18.327;0.43;59.16
1983-07-30;22.16;25.88;29.61;0.0;23.947;0.14;68.66
1983-07-31;21.34;24.61;27.87;4.07;14.804;0.38;66.14
1983-08-01;22.11;24.66;27.2;0.0;23.945;0.39;72.65
1983-08-02;19.58;24.13;28.69;0.0;23.446;1.29;60.07
1983-08-03;22.02;25.38;28.75;0.0;23.505;0.48;53.05
1983-08-04;19.57;25.86;32.14;0.0;23.64;1.78;30.21
1983-08-05;21.53;25.42;29.31;0.0;11.807;0.48;57.38
1983-08-06;20.54;25.89;31.25;0.0;20.775;1.0;35.9
1983-08-07;20.54;26.63;32.73;0.0;22.139;1.51;34.41
1983-08-08;20.7;25.29;29.88;0.0;21.641;1.51;49.14
1983-08-09;19.7;24.67;29.64;0.0;22.497;1.14;37.16
1983-08-10;17.49;23.95;30.4;0.0;22.435;1.56;23.27
1983-08-11;18.6;23.55;28.49;0.0;22.423;2.39;33.46
1983-08-12;18.06;23.39;28.73;0.0;23.101;3.29;21.47
1983-08-13;17.16;23.27;29.37;0.0;23.062;4.27;20.86
1983-08-14;16.82;23.5;30.17;0.0;23.441;5.05;20.3
1983-08-15;19.71;27.01;34.31;0.0;23.366;5.48;18.84
1983-08-16;20.39;26.61;32.82;0.0;21.66;3.82;19.79
1983-08-17;22.28;26.36;30.43;0.0;22.482;0.48;33.15
1983-08-18;20.25;25.51;30.76;0.0;20.202;2.32;27.09
1983-08-19;16.99;23.66;30.34;0.0;21.435;2.8;18.93
1983-08-20;14.66;22.64;30.62;0.0;25.142;2.4;16.03
1983-08-21;18.55;23.7;28.85;0.0;22.214;3.24;21.91
1983-08-22;18.0;22.91;27.83;0.0;16.71;2.57;21.29
1983-08-23;18.51;23.66;28.82;0.0;20.761;2.11;26.46
1983-08-24;18.96;23.63;28.3;0.0;13.896;1.09;44.6
1983-08-25;21.07;24.74;28.41;13.9;14.416;1.71;38.71
1983-08-26;19.29;22.62;25.95;5.28;22.015;1.09;49.88
1983-08-27;17.31;22.38;27.46;0.0;19.598;0.73;34.42
1983-08-28;18.29;23.89;29.5;0.0;17.579;1.92;25.73
1983-08-29;18.67;24.41;30.15;0.0;20.638;3.04;27.19
1983-08-30;18.28;24.48;30.67;0.0;19.528;2.41;30.03
1983-08-31;19.07;25.51;31.94;0.0;20.339;1.71;32.61
1983-09-01;21.23;23.71;26.19;0.0;15.287;2.66;48.98
1983-09-02;19.87;23.58;27.28;0.0;14.964;1.15;58.19
1983-09-03;19.42;25.35;31.28;0.0;19.466;0.46;37.85
1983-09-04;15.9;20.98;26.07;0.0;17.129;5.72;42.83
1983-09-05;17.63;20.15;22.67;0.0;14.769;1.8;28.69
1983-09-06;17.71;21.49;25.27;0.0;18.035;3.29;28.87
1983-09-07;15.51;19.61;23.71;2.33;3.189;2.97;32.16
1983-09-08;12.48;18.98;25.47;0.0;20.404;2.29;25.43
1983-09-09;12.24;19.38;26.51;3.5;16.255;2.58;30.05
1983-09-10;14.97;20.54;26.11;13.98;9.909;4.79;31.75
1983-09-11;10.82;16.19;21.55;0.0;18.669;2.38;28.34
1983-09-12;11.22;15.26;19.3;0.0;17.762;1.2;24.64
1983-09-13;11.25;16.2;21.15;0.0;18.268;1.3;25.53
1983-09-14;11.57;13.55;15.53;13.75;2.956;2.96;81.37
1983-09-15;9.24;12.72;16.2;0.0;17.485;4.36;36.72
1983-09-16;7.34;11.43;15.52;0.0;17.636;4.06;25.47
1983-09-17;9.56;13.18;16.79;0.0;16.02;2.22;32.17
1983-09-18;9.07;12.13;15.18;5.96;10.504;1.2;69.41
1983-09-19;5.57;12.95;20.32;0.14;14.186;0.96;41.42
1983-09-20;10.17;14.73;19.3;0.0;16.491;2.09;31.03
1983-09-21;10.59;14.85;19.11;12.33;13.094;3.54;41.64
1983-09-22;8.52;12.21;15.9;0.0;16.182;4.21;34.47
1983-09-23;11.37;13.85;16.33;0.0;8.383;3.44;59.28
1983-09-24;12.45;14.76;17.08;0.0;4.258;2.3;67.81
1983-09-25;11.13;14.5;17.88;4.35;5.677;2.3;60.04
1983-09-26;8.36;12.69;17.01;0.0;16.229;2.76;33.84
1983-09-27;9.88;14.71;19.55;0.0;16.262;4.6;29.98
1983-09-28;10.43;16.17;21.91;0.0;15.562;1.88;34.52
1983-09-29;8.58;11.41;14.23;6.89;5.124;1.6;66.83
1983-09-30;8.32;11.95;15.57;5.15;11.205;4.0;37.75
1983-10-01;3.21;8.99;14.78;0.0;15.502;4.65;31.38
1983-10-02;3.9;9.29;14.69;0.0;9.628;2.67;31.78
1983-10-03;2.04;5.94;9.83;0.0;12.272;2.85;26.11
1983-10-04;1.62;6.02;10.41;0.0;10.31;4.07;35.2
1983-10-05;11.17;12.71;14.26;0.0;3.888;2.63;68.54
1983-10-06;11.57;14.63;17.69;4.29;3.977;1.27;68.21
1983-10-07;10.26;13.79;17.32;11.89;3.579;3.8;87.91
1983-10-08;10.13;13.5;16.88;0.0;13.526;0.67;51.7
1983-10-09;7.89;12.95;18.0;0.0;13.745;1.61;40.96
1983-10-10;12.04;15.1;18.16;0.0;7.787;3.59;54.41
1983-10-11;9.97;12.53;15.08;6.63;4.262;3.43;67.33
1983-10-12;11.14;14.51;17.88;11.67;3.441;4.27;78.86
1983-10-13;13.4;16.31;19.22;0.0;12.441;2.49;45.84
1983-10-14;12.35;13.87;15.39;25.45;3.156;3.91;81.22
1983-10-15;6.99;9.93;12.87;0.0;9.465;3.3;57.05
1983-10-16;3.96;7.29;10.61;0.0;5.388;1.92;53.41
1983-10-17;2.7;7.11;11.52;0.0;13.241;4.21;34.34
1983-10-18;2.93;8.07;13.21;0.0;10.657;0.9;40.73
1983-10-19;3.17;9.46;15.75;0.0;12.501;4.21;41.32
1983-10-20;6.3;10.84;15.38;6.03;9.926;2.72;53.06
1983-10-21;8.7;11.04;13.37;4.83;8.431;1.9;44.21
1983-10-22;9.73;11.22;12.71;6.47;5.167;1.7;63.95
1983-10-23;9.36;12.52;15.69;13.81;3.038;2.03;58.8
1983-10-24;9.66;10.98;12.3;11.28;2.621;2.22;79.82
1983-10-25;7.29;10.76;14.23;0.0;9.753;2.01;65.46
1983-10-26;11.02;15.57;20.13;0.0;10.68;2.78;37.62
1983-10-27;8.74;12.27;15.79;0.0;8.897;4.54;41.27
1983-10-28;9.54;11.48;13.42;0.0;4.898;2.01;68.58
1983-10-29;9.55;12.14;14.72;0.0;7.224;2.76;47.52
1983-10-30;6.63;10.95;15.26;0.0;10.146;2.2;46.46
1983-10-31;5.21;10.47;15.74;0.0;10.147;2.69;41.65
1983-11-01;8.27;12.33;16.39;6.88;6.03;2.95;44.52
1983-11-02;6.48;11.2;15.91;4.71;9.815;4.99;48.88
1983-11-03;0.39;6.46;12.53;0.0;11.193;4.15;44.86
1983-11-04;0.43;5.09;9.76;1.29;9.955;2.23;36.69
1983-11-05;0.82;1.22;1.63;23.36;0.3;6.31;88.9
1983-11-06;-3.81;0.89;5.6;0.0;7.92;6.66;37.1
1983-11-07;0.75;2.0;3.24;0.0;3.296;7.34;54.97
1983-11-08;7.29;12.48;17.67;3.13;4.848;4.19;51.92
1983-11-09;4.43;6.33;8.24;2.22;2.941;2.84;67.64
1983-11-10;3.21;4.46;5.7;1.67;3.62;1.1;77.32
1983-11-11;3.01;6.59;10.18;0.0;4.182;3.24;69.08
1983-11-12;8.04;10.84;13.63;3.13;5.899;4.19;60.85
1983-11-13;5.7;6.93;8.16;6.16;1.477;2.64;85.14
1983-11-14;6.49;8.17;9.85;0.0;4.526;2.41;65.26
1983-11-15;4.07;8.62;13.17;2.64;2.963;4.47;55.61
1983-11-16;2.43;8.04;13.64;0.0;7.36;2.86;51.94
1983-11-17;5.87;7.92;9.96;4.97;3.414;5.77;66.71
1983-11-18;9.03;11.16;13.3;20.74;2.821;2.01;78.41
1983-11-19;0.4;7.46;14.51;25.82;1.344;4.29;60.96
1983-11-20;3.24;4.96;6.68;0.0;6.73;2.42;46.21
1983-11-21;3.88;6.34;8.8;3.26;1.701;5.49;56.86
1983-11-22;9.16;11.46;13.77;0.0;2.157;6.45;79.29
1983-11-23;9.91;14.07;18.23;0.0;7.067;2.86;50.61
1983-11-24;8.64;12.71;16.79;0.0;6.504;3.15;49.5
1983-11-25;9.09;11.37;13.65;1.45;4.235;1.4;54.82
1983-11-26;8.12;11.89;15.66;0.0;5.886;1.68;50.13
1983-11-27;5.52;7.19;8.87;2.74;0.482;2.18;66.01
1983-11-28;9.95;12.63;15.3;0.0;3.349;5.4;53.36
1983-11-29;5.42;10.22;15.02;0.0;6.052;3.07;58.77
1983-11-30;3.15;5.91;8.67;0.27;2.84;1.27;66.98
1983-12-01;2.32;6.02;9.72;0.0;6.009;2.25;59.1
1983-12-02;5.58;9.41;13.25;0.0;7.071;3.02;53.57
1983-12-03;6.63;8.87;11.11;5.64;2.5;3.26;81.19
1983-12-04;8.63;10.41;12.18;1.98;3.283;2.61;81.46
1983-12-05;8.58;11.16;13.74;0.0;2.933;5.4;55.25
1983-12-06;8.39;9.38;10.37;20.73;1.187;1.79;90.15
1983-12-07;1.01;4.99;8.97;0.0;5.115;2.24;75.06
1983-12-08;0.06;2.03;4.01;0.43;3.304;0.5;67.9
1983-12-09;-1.48;1.98;5.44;5.18;3.116;4.1;64.91
1983-12-10;6.2;8.06;9.93;6.7;3.174;1.3;81.64
1983-12-11;5.45;8.84;12.22;15.61;0.6;2.3;83.55
1983-12-12;-4.24;-0.68;2.88;0.34;2.871;4.41;43.14
1983-12-13;-10.65;-8.48;-6.32;0.0;3.985;7.61;22.29
1983-12-14;-10.02;-7.51;-5.01;0.0;6.039;8.73;19.17
1983-12-15;-6.07;-1.08;3.92;3.27;4.079;5.39;41.62
1983-12-16;-0.1;3.81;7.71;0.0;4.895;5.25;58.53
1983-12-17;-1.02;1.72;4.47;4.46;1.368;5.09;86.14
1983-12-18;4.87;6.65;8.43;5.54;2.131;1.92;53.26
1983-12-19;2.39;3.69;4.98;1.7;2.961;0.7;58.03
1983-12-20;-1.19;1.5;4.19;0.0;4.043;1.4;71.61
1983-12-21;0.55;3.71;6.88;3.03;2.481;1.81;53.01
1983-12-22;6.38;10.69;15.0;11.06;2.302;4.72;85.6
1983-12-23;7.25;10.54;13.82;6.9;1.639;3.64;81.44
1983-12-24;8.35;10.63;12.9;9.33;1.617;4.28;82.69
1983-12-25;2.23;5.24;8.24;3.01;2.377;2.31;88.33
1983-12-26;5.43;7.15;8.87;7.09;2.421;0.52;85.26
1983-12-27;5.22;9.55;13.88;18.66;1.566;3.36;73.64
1983-12-28;-10.27;-4.18;1.91;9.08;1.864;6.31;53.25
1983-12-29;-14.24;-11.57;-8.91;2.78;2.273;9.3;49.77
1983-12-30;-13.02;-11.71;-10.39;0.49;4.062;5.92;48.02
1983-12-31;-15.69;-13.54;-11.38;0.0;2.888;4.29;51.62
1984-01-01;-12.19;-10.03;-7.87;0.0;5.028;2.98;57.69
1984-01-02;-14.82;-13.06;-11.3;1.99;2.37;5.06;50.69
1984-01-03;-14.93;-13.3;-11.67;1.97;2.451;4.08;50.38
1984-01-04;-11.86;-6.29;-0.72;0.49;4.051;2.55;50.29
1984-01-05;-4.07;-0.5;3.07;3.65;2.748;2.69;88.95
1984-01-06;-4.98;-3.11;-1.24;3.1;5.618;4.27;85.71
1984-01-07;-6.71;-2.63;1.45;14.4;1.761;4.56;84.61
1984-01-08;-12.13;-7.08;-2.02;0.0;5.178;4.9;47.15
1984-01-09;-15.06;-9.34;-3.61;3.01;2.601;0.9;67.26
1984-01-10;-12.11;-7.85;-3.59;1.5;4.176;3.97;54.18
1984-01-11;-4.43;-0.91;2.6;1.71;3.177;4.57;79.7
1984-01-12;-7.59;-4.75;-1.9;0.0;3.764;5.06;65.57
1984-01-13;-12.51;-9.64;-6.77;0.0;4.746;2.15;70.08
1984-01-14;-13.06;-10.07;-7.09;0.0;4.946;3.66;68.37
1984-01-15;-19.99;-13.7;-7.41;3.51;4.396;2.95;73.15
1984-01-16;-24.2;-15.22;-6.24;0.0;2.812;0.91;68.06
1984-01-17;-12.29;-5.32;1.65;0.0;6.998;3.28;43.84
1984-01-18;-0.37;1.39;3.15;5.01;4.453;4.16;96.57
1984-01-19;-4.51;-1.37;1.77;0.8;2.307;3.55;81.21
1984-01-20;-12.11;-6.87;-1.63;0.0;4.396;4.49;51.77
1984-01-21;-12.96;-8.27;-3.58;0.0;5.702;2.34;48.82
1984-01-22;-7.14;-4.5;-1.85;0.0;5.144;4.07;56.65
1984-01-23;-7.97;-5.38;-2.8;0.0;4.066;1.26;72.33
1984-01-24;-7.26;-4.35;-1.45;1.53;3.848;0.78;76.15
1984-01-25;-7.27;-3.98;-0.69;0.0;5.537;1.0;74.74
1984-01-26;-6.73;-2.19;2.35;0.43;5.743;3.27;86.48
1984-01-27;-6.74;-2.67;1.41;4.72;2.316;2.68;81.43
1984-01-28;-6.45;-2.87;0.71;0.0;5.628;2.48;67.89
1984-01-29;-4.0;-1.0;2.0;0.0;5.801;2.68;62.02
1984-01-30;-3.44;-2.13;-0.83;0.0;4.883;3.15;75.96
1984-01-31;-2.58;0.04;2.66;15.26;2.114;5.41;84.67
1984-02-01;-5.17;-2.61;-0.05;0.0;5.332;5.03;48.4
1984-02-02;-5.89;-4.33;-2.78;0.0;4.669;2.97;44.69
1984-02-03;-10.92;-7.0;-3.07;0.0;3.383;0.98;65.84
1984-02-04;-6.68;-4.28;-1.87;3.36;6.62;3.53;69.17
1984-02-05;-8.95;-3.99;0.96;0.43;2.129;1.98;78.58
1984-02-06;-7.65;-4.24;-0.82;1.26;6.563;3.42;76.64
1984-02-07;-0.2;2.83;5.87;0.0;7.521;2.72;64.42
1984-02-08;-1.52;1.13;3.77;0.0;5.46;3.73;57.94
1984-02-09;-3.34;-2.33;-1.33;0.99;5.188;3.99;61.69
1984-02-10;-5.07;-2.89;-0.7;0.0;8.169;1.3;50.75
1984-02-11;-4.72;-2.26;0.2;0.69;5.573;3.03;54.8
1984-02-12;-10.19;-6.06;-1.94;0.0;7.349;3.11;64.11
1984-02-13;-9.47;-6.42;-3.37;0.0;7.182;5.12;42.78
1984-02-14;-13.85;-10.04;-6.22;0.0;10.658;7.67;38.91
1984-02-15;-15.65;-10.63;-5.61;0.0;9.185;5.94;44.0
1984-02-16;-13.85;-10.27;-6.68;7.19;2.728;2.18;67.16
1984-02-17;-13.43;-11.39;-9.36;2.63;10.372;2.96;70.19
1984-02-18;-11.6;-6.36;-1.12;3.52;4.158;2.95;80.22
1984-02-19;-14.57;-6.79;0.98;3.49;10.358;2.77;70.46
1984-02-20;0.5;2.75;4.99;10.85;4.447;4.78;78.6
1984-02-21;-4.9;-1.5;1.91;0.0;5.09;4.09;67.77
1984-02-22;-4.35;1.58;7.5;1.21;9.555;1.88;49.61
1984-02-23;-2.84;0.09;3.03;20.5;3.672;2.15;89.6
1984-02-24;-4.9;-0.86;3.19;0.0;10.06;4.55;46.86
1984-02-25;-4.39;0.46;5.3;0.0;9.933;4.62;35.43
1984-02-26;-2.28;-1.49;-0.71;4.4;4.096;1.72;65.64
1984-02-27;-3.92;-0.69;2.54;0.0;5.213;2.78;65.52
1984-02-28;-4.78;-1.0;2.78;0.0;11.051;3.96;53.64
1984-02-29;0.0;0.0;0.0;0.0;0.0;0.0;0.0
1984-03-01;-8.45;-4.3;-0.15;0.0;10.921;6.29;36.98
1984-03-02;-11.09;-6.25;-1.4;0.0;9.666;5.24;35.65
1984-03-03;-10.27;-6.71;-3.14;0.0;8.427;0.85;46.84
1984-03-04;-2.79;-1.61;-0.44;4.9;5.205;2.63;71.82
1984-03-05;-0.15;2.91;5.97;0.0;6.006;2.46;70.52
1984-03-06;-2.78;2.0;6.78;0.0;14.218;3.96;52.32
1984-03-07;-3.44;0.99;5.41;0.0;10.986;5.71;46.08
1984-03-08;-6.78;-1.23;4.32;0.0;4.126;6.18;64.27
1984-03-09;0.24;2.06;3.88;2.99;5.147;2.97;76.0
1984-03-10;1.05;1.21;1.38;6.1;3.147;4.69;77.88
1984-03-11;-3.14;-1.65;-0.15;0.99;3.821;5.7;64.17
1984-03-12;-3.39;-1.38;0.63;0.85;3.55;6.84;62.84
1984-03-13;-1.99;2.17;6.32;0.0;10.911;5.4;43.19
1984-03-14;-2.52;2.81;8.14;0.0;12.469;4.18;36.23
1984-03-15;-2.75;3.22;9.19;0.0;15.721;1.57;31.67
1984-03-16;-2.01;3.75;9.51;0.0;14.974;2.09;33.65
1984-03-17;-1.99;3.76;9.51;0.0;14.641;1.98;39.84
1984-03-18;-0.65;5.02;10.69;0.0;14.467;1.38;43.33
1984-03-19;-0.36;6.46;13.28;0.0;14.493;2.99;27.13
1984-03-20;0.62;7.74;14.86;0.0;14.204;3.48;29.86
1984-03-21;1.0;7.56;14.12;0.0;14.126;2.4;35.58
1984-03-22;0.7;4.18;7.66;2.8;5.302;1.38;67.01
1984-03-23;2.52;5.92;9.32;0.0;7.848;2.11;63.93
1984-03-24;1.93;6.64;11.36;0.0;13.305;1.9;50.01
1984-03-25;0.77;5.59;10.42;0.0;15.63;0.9;41.95
1984-03-26;-0.57;7.79;16.15;0.0;15.947;1.47;26.19
1984-03-27;9.31;15.88;22.45;0.0;12.15;1.67;26.53
1984-03-28;7.35;12.36;17.36;0.09;15.238;2.2;38.67
1984-03-29;8.55;12.93;17.3;0.0;10.585;2.65;41.85
1984-03-30;5.95;10.26;14.56;0.0;9.609;2.21;44.73
1984-03-31;6.23;10.2;14.17;0.0;16.119;2.0;39.3
1984-04-01;5.13;9.54;13.95;0.0;15.399;1.49;42.69
1984-04-02;4.11;8.64;13.17;0.0;12.865;0.89;47.28
1984-04-03;5.4;10.48;15.55;0.0;7.323;2.37;38.0
1984-04-04;5.51;11.21;16.91;5.51;7.856;2.61;40.78
1984-04-05;4.72;10.01;15.3;1.75;14.671;0.68;43.23
1984-04-06;3.62;9.71;15.81;0.0;14.85;0.94;46.83
1984-04-07;5.28;10.14;15.01;0.0;14.56;0.97;43.16
1984-04-08;5.83;10.5;15.16;0.0;17.277;1.08;42.34
1984-04-09;6.25;12.63;19.02;2.0;11.126;3.07;41.43
1984-04-10;8.05;11.59;15.12;7.66;17.604;4.2;47.16
1984-04-11;8.19;12.7;17.2;2.66;11.292;5.31;56.0
1984-04-12;7.75;11.73;15.71;0.0;16.214;2.84;41.6
1984-04-13;6.74;11.93;17.13;0.0;21.663;5.32;48.1
1984-04-14;8.58;11.66;14.74;11.17;16.574;3.85;47.72
1984-04-15;10.41;12.88;15.34;0.0;8.268;2.88;67.38
1984-04-16;9.96;15.5;21.03;0.0;20.13;2.54;39.39
1984-04-17;8.87;13.12;17.37;2.07;9.628;4.25;54.28
1984-04-18;7.54;11.58;15.62;0.0;20.391;1.72;43.01
1984-04-19;6.72;8.86;10.99;5.04;8.694;1.51;54.24
1984-04-20;7.02;9.9;12.79;0.0;16.051;2.11;42.07
1984-04-21;5.78;8.02;10.25;1.47;6.362;1.01;68.45
1984-04-22;5.33;9.85;14.37;1.07;9.943;1.73;45.4
1984-04-23;8.11;10.25;12.39;7.33;8.197;5.05;62.89
1984-04-24;6.82;9.7;12.58;0.0;8.79;3.14;58.71
1984-04-25;5.53;9.86;14.18;0.61;11.022;2.59;55.21
1984-04-26;6.75;12.3;17.85;0.0;24.29;2.01;37.02
1984-04-27;7.7;15.17;22.64;0.0;23.622;2.53;28.62
1984-04-28;8.81;15.39;21.98;0.0;18.314;3.03;46.37
1984-04-29;8.15;13.36;18.58;0.0;23.612;4.85;46.18
1984-04-30;8.97;12.68;16.4;1.47;11.416;2.23;43.59
1984-05-01;10.41;15.36;20.3;0.0;21.17;3.35;38.14
1984-05-02;12.99;17.41;21.83;4.74;21.794;3.13;42.41
1984-05-03;8.32;14.12;19.92;0.0;24.284;2.11;49.19
1984-05-04;8.13;12.84;17.55;1.96;22.475;0.52;43.91
1984-05-05;9.56;12.32;15.07;12.78;6.706;3.88;63.74
1984-05-06;9.49;10.5;11.5;7.34;5.013;2.37;78.91
1984-05-07;7.46;9.29;11.11;1.63;6.62;1.37;54.67
1984-05-08;6.64;11.59;16.53;0.0;18.789;0.9;41.08
1984-05-09;5.12;11.9;18.67;0.0;22.795;3.59;39.75
1984-05-10;7.95;12.36;16.77;0.0;23.014;3.59;53.48
1984-05-11;9.46;13.72;17.99;4.44;25.872;2.44;38.64
1984-05-12;10.92;16.48;22.03;2.52;13.764;5.26;54.75
1984-05-13;14.01;16.54;19.07;0.27;10.259;4.49;75.55
1984-05-14;9.82;15.4;20.99;0.0;26.81;1.3;42.43
1984-05-15;8.81;14.75;20.7;0.0;27.074;2.1;32.76
1984-05-16;8.29;12.68;17.07;1.62;15.193;2.78;37.4
1984-05-17;8.47;12.29;16.11;0.0;20.249;3.2;31.54
1984-05-18;7.73;13.84;19.94;0.0;25.494;4.43;35.88
1984-05-19;11.25;16.36;21.47;0.0;27.588;5.0;40.44
1984-05-20;13.68;18.2;22.73;0.0;26.444;4.21;44.4
1984-05-21;16.37;21.16;25.96;0.0;23.337;1.6;43.15
1984-05-22;15.03;21.03;27.03;0.0;27.238;3.77;47.59
1984-05-23;17.11;20.23;23.36;0.0;24.286;5.35;43.69
1984-05-24;14.42;19.18;23.95;0.0;25.729;4.11;34.8
1984-05-25;14.05;19.83;25.61;0.0;26.106;3.21;36.33
1984-05-26;14.94;21.13;27.31;0.0;26.986;2.01;36.43
1984-05-27;12.79;17.81;22.83;0.0;21.241;2.49;53.81
1984-05-28;15.99;17.69;19.39;9.71;17.69;1.1;66.16
1984-05-29;11.56;14.34;17.13;1.69;9.489;2.32;52.28
1984-05-30;10.19;13.54;16.88;1.7;17.662;2.48;39.22
1984-05-31;8.16;14.12;20.08;0.0;19.793;1.2;28.49
1984-06-01;8.84;15.16;21.48;0.0;31.681;0.81;33.32
1984-06-02;11.33;17.51;23.69;0.0;18.716;1.81;32.23
1984-06-03;16.6;20.77;24.94;0.0;25.28;2.18;36.32
1984-06-04;14.98;20.41;25.83;0.0;24.513;2.21;39.77
1984-06-05;16.28;21.54;26.8;0.0;24.536;1.8;39.87
1984-06-06;16.61;22.84;29.07;0.0;28.452;3.63;28.38
1984-06-07;17.4;23.66;29.93;0.0;31.357;3.59;29.1
1984-06-08;17.17;23.59;30.02;0.0;29.506;3.71;27.79
1984-06-09;18.34;23.88;29.43;3.13;26.61;3.46;25.3
1984-06-10;17.84;23.95;30.07;0.0;27.245;3.19;25.07
1984-06-11;20.09;24.52;28.95;0.0;23.317;3.16;33.54
1984-06-12;19.07;24.27;29.46;0.0;24.09;0.61;33.57
1984-06-13;18.29;24.14;30.0;0.0;23.07;0.74;33.79
1984-06-14;18.62;23.77;28.93;0.0;25.874;1.41;33.6
1984-06-15;16.73;21.86;26.99;0.0;16.356;2.7;33.38
1984-06-16;15.87;21.25;26.62;0.0;27.411;3.12;20.68
1984-06-17;14.63;21.91;29.19;0.0;29.477;2.44;19.66
1984-06-18;17.35;24.2;31.05;0.0;30.187;1.51;21.33
1984-06-19;17.11;23.16;29.22;0.0;26.828;2.39;28.49
1984-06-20;16.51;21.24;25.97;0.0;25.458;3.41;29.45
1984-06-21;15.42;20.25;25.08;0.0;22.23;2.96;23.34
1984-06-22;14.69;19.74;24.79;0.0;26.201;2.3;19.56
1984-06-23;13.19;19.94;26.69;0.0;28.306;1.98;22.43
1984-06-24;16.23;21.19;26.15;0.0;22.602;2.58;24.78
1984-06-25;15.15;20.14;25.13;0.0;27.487;2.16;24.69
1984-06-26;15.72;20.05;24.37;0.0;6.279;2.45;48.23
1984-06-27;17.12;23.13;29.15;0.0;27.495;1.96;23.87
1984-06-28;16.37;23.41;30.44;0.0;31.151;1.12;25.41
1984-06-29;18.67;23.95;29.24;9.53;23.629;1.97;26.6
1984-06-30;21.67;24.1;26.53;4.03;19.927;1.05;70.32
1984-07-01;17.85;21.81;25.77;2.1;16.177;0.83;57.69
1984-07-02;16.66;21.27;25.87;0.0;23.096;1.96;28.2
1984-07-03;17.19;20.77;24.36;0.0;21.292;1.96;29.29
1984-07-04;17.65;21.77;25.9;0.0;15.839;2.78;28.88
1984-07-05;18.47;22.67;26.88;0.0;15.957;2.15;49.12
1984-07-06;18.3;23.73;29.15;0.0;26.636;1.1;26.12
1984-07-07;18.65;23.99;29.34;0.0;26.714;1.46;30.87
1984-07-08;18.81;25.75;32.69;0.0;29.683;3.46;26.7
1984-07-09;18.84;21.99;25.14;12.79;9.003;2.24;58.93
1984-07-10;19.3;24.01;28.72;0.0;24.16;0.79;51.22
1984-07-11;19.95;23.2;26.45;10.06;10.227;1.19;51.17
1984-07-12;19.85;22.02;24.18;9.3;20.152;2.17;71.13
1984-07-13;17.97;21.45;24.92;10.14;20.933;3.52;56.06
1984-07-14;19.05;21.95;24.86;0.0;22.505;1.68;57.26
1984-07-15;16.58;17.64;18.7;15.26;4.39;2.15;80.09
1984-07-16;18.63;20.62;22.61;16.68;12.86;1.78;61.37
1984-07-17;17.21;20.86;24.5;2.48;14.744;3.5;74.59
1984-07-18;19.64;22.75;25.86;0.0;25.081;2.68;57.73
1984-07-19;18.86;20.79;22.71;12.17;17.41;1.37;65.93
1984-07-20;19.4;23.38;27.37;0.0;24.372;2.3;58.2
1984-07-21;18.19;20.2;22.21;4.81;12.553;2.15;57.1
1984-07-22;16.97;22.97;28.97;0.0;23.662;3.52;32.85
1984-07-23;21.94;25.27;28.61;4.43;20.244;0.99;57.16
1984-07-24;21.03;24.82;28.61;0.0;26.544;2.27;69.83
1984-07-25;20.37;24.28;28.19;0.0;21.076;2.49;60.29
1984-07-26;20.62;24.21;27.8;0.0;24.276;0.93;42.78
1984-07-27;18.23;24.17;30.11;0.0;23.863;1.86;29.16
1984-07-28;19.27;23.09;26.91;0.0;19.851;2.81;50.26
1984-07-29;19.28;22.6;25.92;0.0;25.174;1.88;41.53
1984-07-30;18.77;21.94;25.1;0.0;19.438;1.78;40.58
1984-07-31;18.22;22.65;27.08;0.0;22.452;1.77;32.78
1984-08-01;18.95;21.99;25.03;1.31;15.771;1.68;42.9
1984-08-02;18.76;23.73;28.7;0.0;23.259;1.38;28.43
1984-08-03;18.04;23.13;28.22;9.1;17.171;0.8;36.02
1984-08-04;16.61;23.42;30.23;0.0;19.685;4.25;41.4
1984-08-05;16.73;20.3;23.87;0.0;19.243;3.12;35.75
1984-08-06;14.76;19.67;24.58;0.0;15.075;4.86;39.88
1984-08-07;15.68;20.32;24.97;0.0;21.955;2.5;30.13
1984-08-08;16.8;19.73;22.65;4.54;12.774;2.95;45.24
1984-08-09;15.92;18.91;21.9;0.0;11.734;2.51;38.96
1984-08-10;13.73;16.94;20.14;8.02;9.803;1.1;59.68
1984-08-11;15.59;19.15;22.71;0.0;13.217;2.09;51.44
1984-08-12;16.11;20.69;25.26;0.0;20.465;1.22;33.48
1984-08-13;16.55;21.96;27.38;0.0;20.966;1.07;24.9
1984-08-14;15.56;21.66;27.77;0.0;21.085;2.0;31.6
1984-08-15;17.11;20.98;24.84;2.95;9.85;2.19;34.7
1984-08-16;15.24;19.3;23.35;0.98;12.728;2.59;30.82
1984-08-17;15.36;19.91;24.45;2.61;12.493;2.73;30.42
1984-08-18;16.55;19.56;22.57;0.0;18.649;3.11;44.76
1984-08-19;17.56;19.76;21.96;1.79;12.26;1.94;33.8
1984-08-20;15.83;19.52;23.2;0.0;14.772;2.99;26.34
1984-08-21;13.75;17.57;21.4;0.37;14.068;2.36;33.23
1984-08-22;13.47;19.04;24.61;0.0;22.96;1.5;20.74
1984-08-23;13.66;20.8;27.95;0.0;21.299;3.69;20.61
1984-08-24;15.63;21.44;27.25;0.0;22.267;4.51;24.55
1984-08-25;15.64;21.54;27.44;0.0;20.066;1.92;22.78
1984-08-26;14.42;17.91;21.4;10.27;8.488;3.47;43.0
1984-08-27;6.9;7.82;8.74;13.11;12.821;1.71;66.61
1984-08-28;7.63;10.93;14.23;1.1;19.999;3.55;38.63
1984-08-29;11.2;16.5;21.81;8.83;9.45;4.6;44.28
1984-08-30;12.46;16.45;20.44;0.0;12.307;1.59;42.32
1984-08-31;11.75;17.77;23.8;0.0;18.759;1.5;32.75
1984-09-01;14.12;16.95;19.79;3.27;11.16;0.79;43.99
1984-09-02;13.06;18.42;23.78;0.0;19.819;2.58;23.04
1984-09-03;12.59;18.92;25.25;0.0;19.764;2.37;20.97
1984-09-04;13.51;19.82;26.14;0.0;19.813;2.58;20.85
1984-09-05;15.44;20.52;25.6;0.0;17.822;2.72;22.0
1984-09-06;15.15;20.05;24.95;0.0;18.941;2.38;18.69
1984-09-07;15.15;20.72;26.29;0.0;18.098;0.99;18.4
1984-09-08;14.97;20.96;26.94;0.0;17.829;1.59;21.44
1984-09-09;16.91;21.11;25.3;8.31;13.222;1.8;35.59
1984-09-10;16.54;22.07;27.6;0.0;15.772;2.75;38.36
1984-09-11;18.02;22.71;27.4;0.0;16.4;0.76;31.31
1984-09-12;15.43;22.13;28.82;0.0;17.734;2.4;26.16
1984-09-13;9.48;13.67;17.85;0.0;19.294;4.49;33.55
1984-09-14;11.15;16.02;20.9;0.0;17.754;2.38;23.89
1984-09-15;16.22;20.75;25.28;0.0;17.46;3.08;23.54
1984-09-16;18.76;21.33;23.9;0.0;10.224;1.1;37.69
1984-09-17;18.39;22.89;27.39;0.0;11.715;0.65;29.86
1984-09-18;15.06;20.44;25.82;0.0;17.145;1.69;31.26
1984-09-19;16.49;21.11;25.73;0.0;18.084;3.93;34.12
1984-09-20;13.45;15.18;16.91;7.48;5.543;5.16;48.22
1984-09-21;11.69;16.45;21.2;2.7;12.168;2.39;31.39
1984-09-22;14.45;16.96;19.48;8.67;3.465;3.56;59.62
1984-09-23;9.27;13.25;17.24;0.0;5.281;2.9;47.82
1984-09-24;9.29;14.31;19.33;0.0;15.625;1.1;34.5
1984-09-25;9.33;16.06;22.79;0.0;16.276;2.53;31.37
1984-09-26;11.31;16.63;21.95;0.0;15.482;1.88;29.16
1984-09-27;15.47;20.36;25.25;0.0;5.797;1.99;46.99
1984-09-28;15.02;20.92;26.83;2.83;15.202;4.92;30.82
1984-09-29;12.03;14.86;17.7;0.0;12.218;3.51;49.94
1984-09-30;10.21;13.53;16.85;0.0;15.302;2.83;30.42
1984-10-01;3.25;8.68;14.1;0.0;16.458;4.95;23.36
1984-10-02;4.85;9.59;14.33;0.0;13.922;2.85;31.19
1984-10-03;6.07;8.32;10.58;14.82;5.339;0.64;77.48
1984-10-04;11.39;14.96;18.53;2.95;3.442;2.0;69.19
1984-10-05;4.47;9.35;14.23;0.0;9.489;3.21;41.19
1984-10-06;2.47;8.52;14.56;0.0;13.373;2.45;36.63
1984-10-07;1.72;5.81;9.89;0.0;2.815;2.2;45.66
1984-10-08;11.2;14.57;17.94;0.0;7.17;1.61;54.33
1984-10-09;11.82;14.39;16.97;0.0;7.088;0.39;65.31
1984-10-10;8.97;11.75;14.54;13.92;2.313;2.21;77.67
1984-10-11;9.61;12.43;15.25;0.0;7.763;1.81;57.71
1984-10-12;7.53;10.87;14.2;4.11;10.622;1.31;47.51
1984-10-13;6.09;9.86;13.62;0.0;8.06;1.19;57.18
1984-10-14;4.36;8.15;11.94;0.0;8.046;0.72;59.14
1984-10-15;9.01;10.93;12.86;0.0;7.172;3.22;51.4
1984-10-16;7.71;11.04;14.36;0.0;12.397;2.73;42.05
1984-10-17;5.92;10.59;15.26;0.0;13.052;3.12;39.33
1984-10-18;5.23;9.65;14.07;0.0;11.756;2.01;41.66
1984-10-19;4.55;9.15;13.76;0.0;12.076;2.62;40.52
1984-10-20;4.6;8.88;13.16;0.0;11.79;2.24;40.12
1984-10-21;5.97;10.32;14.67;5.32;10.022;1.9;37.47
1984-10-22;8.2;9.73;11.27;0.0;3.442;3.04;68.57
1984-10-23;3.82;5.64;7.47;0.0;3.922;3.22;63.77
1984-10-24;2.81;6.08;9.34;0.0;9.608;2.98;42.34
1984-10-25;1.21;5.49;9.77;1.29;10.62;2.79;36.39
1984-10-26;-1.78;4.41;10.59;0.0;9.58;1.47;42.23
1984-10-27;6.35;9.55;12.75;0.64;6.841;0.46;46.03
1984-10-28;3.52;7.6;11.68;0.0;8.662;1.3;49.4
1984-10-29;4.68;9.25;13.81;8.12;3.33;2.79;68.12
1984-10-30;1.48;4.79;8.1;0.0;5.471;1.41;47.58
1984-10-31;1.11;4.74;8.37;0.0;6.582;0.91;49.68
1984-11-01;1.72;6.15;10.57;0.0;8.604;1.55;41.24
1984-11-02;1.48;7.29;13.1;0.0;9.571;2.7;37.73
1984-11-03;5.22;10.89;16.57;0.0;6.627;4.5;40.57
1984-11-04;10.09;13.96;17.82;0.0;5.197;2.32;43.33
1984-11-05;9.13;11.32;13.51;5.47;1.805;1.28;75.15
1984-11-06;9.39;14.06;18.74;0.0;7.894;1.25;42.92
1984-11-07;9.84;13.65;17.46;0.0;5.505;0.6;42.23
1984-11-08;9.08;12.0;14.92;1.44;5.906;1.89;70.52
1984-11-09;9.27;11.65;14.04;0.0;6.225;2.72;65.98
1984-11-10;8.21;13.32;18.42;2.74;7.76;3.95;52.75
1984-11-11;7.79;11.11;14.43;0.0;7.896;2.09;61.0
1984-11-12;3.96;6.6;9.23;0.0;4.608;1.54;62.42
1984-11-13;2.06;6.37;10.67;0.0;6.465;3.58;51.41
1984-11-14;3.27;7.72;12.18;0.0;6.367;4.11;51.51
1984-11-15;3.08;7.63;12.17;0.0;7.238;3.29;50.42
1984-11-16;2.54;7.39;12.25;0.0;7.194;2.73;48.17
1984-11-17;3.9;9.34;14.79;0.0;7.919;2.51;37.48
1984-11-18;10.28;14.31;18.34;0.0;6.166;1.49;37.34
1984-11-19;10.28;12.87;15.46;0.0;5.401;1.39;44.19
1984-11-20;6.05;9.9;13.75;0.0;5.5;1.77;60.59
1984-11-21;3.99;8.94;13.88;0.0;7.173;2.16;42.25
1984-11-22;2.69;6.27;9.85;0.0;5.2;0.68;50.14
1984-11-23;3.07;6.04;9.0;1.49;3.137;1.73;66.99
1984-11-24;8.56;10.2;11.83;0.82;2.837;1.45;81.83
1984-11-25;2.7;6.56;10.43;0.0;2.725;2.53;63.11
1984-11-26;3.5;4.9;6.31;1.61;2.944;0.91;66.39
1984-11-27;2.38;5.63;8.87;0.0;4.231;5.69;55.55
1984-11-28;5.59;7.75;9.91;11.04;3.139;2.96;68.36
1984-11-29;-0.25;2.71;5.67;2.34;2.476;4.2;53.6
1984-11-30;-0.26;1.15;2.55;0.29;2.442;1.78;44.33
1984-12-01;-2.25;2.06;6.37;10.33;0.982;2.13;82.22
1984-12-02;4.59;6.39;8.2;0.26;2.507;3.31;70.25
1984-12-03;-5.24;-1.17;2.91;0.87;2.938;6.03;49.86
1984-12-04;-11.62;-9.94;-8.26;0.0;5.719;3.85;31.6
1984-12-05;-8.84;-4.96;-1.07;0.0;5.85;2.26;40.7
1984-12-06;-1.53;1.26;4.05;1.31;2.835;1.43;79.03
1984-12-07;-5.34;-1.42;2.51;0.0;4.101;1.06;72.23
1984-12-08;-0.89;2.71;6.31;0.0;4.488;3.29;70.04
1984-12-09;2.97;6.56;10.15;0.0;6.75;2.96;63.12
1984-12-10;4.04;6.45;8.85;0.0;5.043;2.6;54.8
1984-12-11;0.43;4.22;8.02;0.0;5.705;2.71;51.15
1984-12-12;-0.43;3.29;7.0;0.0;6.361;1.7;51.32
1984-12-13;-0.27;3.91;8.09;0.0;6.913;2.68;41.7
1984-12-14;1.21;3.42;5.64;0.4;3.878;1.71;70.31
1984-12-15;0.82;3.31;5.79;0.4;2.973;0.57;67.52
1984-12-16;-0.02;3.18;6.37;0.0;3.607;1.71;53.25
1984-12-17;0.13;3.23;6.34;0.99;3.655;5.3;70.92
1984-12-18;0.45;2.96;5.47;8.17;4.485;2.8;62.62
1984-12-19;-1.45;3.66;8.77;0.0;4.165;3.85;52.18
1984-12-20;5.4;6.04;6.69;2.37;2.536;6.13;74.07
1984-12-21;7.82;10.3;12.78;0.0;3.476;6.92;60.33
1984-12-22;2.82;5.66;8.49;3.41;2.105;4.19;76.01
1984-12-23;0.64;4.66;8.67;0.0;5.356;5.28;50.6
1984-12-24;5.75;8.17;10.59;1.98;5.434;3.4;72.35
1984-12-25;7.33;8.59;9.86;8.14;2.306;4.51;79.06
1984-12-26;1.41;3.69;5.97;6.18;4.429;3.13;49.93
1984-12-27;-2.02;0.34;2.7;0.0;4.137;2.63;58.09
1984-12-28;-3.7;-1.32;1.06;0.45;3.421;2.2;50.21
1984-12-29;-4.89;-3.21;-1.52;0.0;5.537;1.44;64.06
1984-12-30;-5.75;-4.32;-2.89;0.26;5.441;3.47;50.84
1984-12-31;-6.56;-2.57;1.41;15.59;2.009;3.89;83.22
