iso-date;tmin;tavg;tmax;precip;globrad;wind;relhumid
1980-01-01;-1.02;3.36;7.73;0.0;3.976;3.23;49.66
1980-01-02;-2.14;2.18;6.5;0.0;3.982;1.89;58.11
1980-01-03;-4.21;0.04;4.29;0.0;3.456;1.42;65.2
1980-01-04;-5.7;-0.23;5.25;0.0;5.319;1.49;62.19
1980-01-05;-7.47;-2.25;2.98;0.0;6.134;1.53;72.8
1980-01-06;-7.36;-2.75;1.87;0.0;6.451;3.27;71.16
1980-01-07;-0.42;3.16;6.74;0.0;7.034;4.41;65.94
1980-01-08;-0.22;3.15;6.51;0.0;6.104;3.82;56.89
1980-01-09;-1.36;2.21;5.79;0.0;5.596;1.89;63.92
1980-01-10;-1.36;1.47;4.3;0.0;3.285;0.99;66.6
1980-01-11;-2.43;1.03;4.48;0.0;6.625;1.15;68.77
1980-01-12;-8.62;-3.08;2.45;0.0;4.603;2.91;74.36
1980-01-13;0.64;3.22;5.81;0.0;6.045;3.73;58.62
1980-01-14;-1.18;2.32;5.82;0.0;3.854;4.59;41.82
1980-01-15;-6.61;-4.74;-2.86;0.73;5.13;4.34;38.63
1980-01-16;-9.22;-5.46;-1.7;0.84;4.999;3.86;37.13
1980-01-17;-4.33;-1.29;1.75;0.36;4.79;4.66;63.25
1980-01-18;-1.09;2.27;5.64;0.0;6.39;4.6;58.81
1980-01-19;1.03;4.38;7.72;0.0;5.529;4.01;55.37
1980-01-20;-0.75;3.33;7.41;0.0;7.463;1.58;62.98
1980-01-21;-1.78;1.66;5.1;0.0;4.222;0.49;74.58
1980-01-22;-0.84;2.55;5.94;0.0;6.19;0.77;66.67
1980-01-23;-0.6;4.58;9.77;1.93;6.001;3.03;46.8
1980-01-24;-2.39;0.8;3.99;0.0;6.216;2.83;44.36
1980-01-25;-6.59;-1.99;2.61;0.0;5.868;1.3;44.65
1980-01-26;-4.63;0.09;4.81;0.0;6.708;2.53;45.1
1980-01-27;-0.75;5.21;11.17;1.6;6.936;3.54;47.96
1980-01-28;1.22;3.39;5.56;0.0;7.5;3.95;57.83
1980-01-29;1.55;4.51;7.47;0.0;6.349;3.44;39.36
1980-01-30;0.02;3.69;7.37;0.0;5.487;3.06;43.42
1980-01-31;-0.04;2.5;5.03;0.0;6.892;3.88;43.27
1980-02-01;-1.57;2.38;6.34;0.0;7.378;3.56;37.58
1980-02-02;0.04;3.06;6.09;0.38;6.496;2.85;69.27
1980-02-03;-0.16;2.29;4.73;0.0;6.801;4.42;44.5
1980-02-04;-0.26;4.29;8.85;0.0;6.774;4.7;33.88
1980-02-05;3.71;8.87;14.03;0.0;6.374;6.16;38.34
1980-02-06;5.88;10.91;15.95;0.09;7.956;4.86;35.08
1980-02-07;6.15;11.43;16.72;0.84;6.307;5.01;28.21
1980-02-08;6.03;9.02;12.0;0.0;2.348;5.35;46.07
1980-02-09;3.62;9.41;15.2;1.44;9.179;2.75;45.33
1980-02-10;8.51;13.13;17.74;0.0;8.802;3.34;45.03
1980-02-11;3.56;10.41;17.27;0.47;7.868;2.84;32.77
1980-02-12;2.86;9.95;17.04;0.0;9.512;2.02;37.7
1980-02-13;0.15;8.16;16.18;0.0;8.94;0.79;39.05
1980-02-14;0.98;9.35;17.72;0.0;9.615;1.85;33.14
1980-02-15;1.94;6.33;10.73;0.0;9.478;3.34;40.89
1980-02-16;-0.64;5.48;11.61;0.12;8.468;2.19;32.36
1980-02-17;0.53;7.49;14.45;0.0;9.668;3.34;38.67
1980-02-18;1.28;7.49;13.7;0.0;9.524;2.46;38.62
1980-02-19;-0.69;6.4;13.49;0.0;10.195;2.6;38.62
1980-02-20;0.81;7.74;14.67;0.0;10.344;2.31;41.63
1980-02-21;1.26;8.0;14.74;0.0;10.414;1.86;37.94
1980-02-22;0.25;7.72;15.2;0.0;12.259;1.93;37.7
1980-02-23;1.56;8.31;15.07;0.0;11.209;2.17;39.57
1980-02-24;4.52;11.29;18.05;4.54;7.617;3.85;43.81
1980-02-25;3.17;8.87;14.57;0.0;10.65;3.03;46.57
1980-02-26;-0.28;3.93;8.14;0.0;9.771;3.68;41.42
1980-02-27;-0.43;4.71;9.84;0.0;11.343;2.53;28.18
1980-02-28;-0.45;7.04;14.54;0.0;12.064;2.32;39.85
1980-02-29;2.72;10.65;18.59;0.0;12.153;2.32;35.65
1980-03-01;3.93;13.19;22.45;0.0;12.921;2.61;32.75
1980-03-02;4.66;14.85;25.03;0.77;11.957;2.96;27.25
1980-03-03;4.57;10.8;17.03;0.0;13.337;3.14;35.28
1980-03-04;2.1;8.17;14.24;0.0;13.363;1.59;32.65
1980-03-05;1.03;9.2;17.37;1.41;13.11;1.58;24.64
1980-03-06;2.22;10.91;19.61;1.06;14.279;1.28;26.1
1980-03-07;3.68;12.38;21.08;0.0;12.236;1.23;34.46
1980-03-08;5.09;13.91;22.73;0.0;12.251;1.31;29.57
1980-03-09;4.11;12.96;21.81;0.0;12.599;1.66;27.84
1980-03-10;4.39;12.91;21.42;0.0;12.937;1.54;30.12
1980-03-11;4.39;12.91;21.43;0.0;13.889;1.32;30.68
1980-03-12;5.34;12.96;20.58;0.0;13.743;3.62;34.94
1980-03-13;5.68;13.13;20.57;0.78;13.431;3.53;38.06
1980-03-14;4.42;9.18;13.94;0.0;7.283;1.07;55.6
1980-03-15;3.6;9.75;15.9;0.86;15.173;0.72;26.35
1980-03-16;2.56;11.39;20.23;0.09;14.337;4.01;27.3
1980-03-17;8.86;16.71;24.57;1.06;13.829;2.64;26.1
1980-03-18;10.48;19.86;29.24;0.87;12.254;2.45;21.71
1980-03-19;11.65;18.35;25.05;0.0;10.675;1.3;31.91
1980-03-20;10.74;18.05;25.36;0.0;9.66;0.61;32.14
1980-03-21;8.57;15.88;23.19;0.0;15.176;1.0;36.32
1980-03-22;10.12;15.68;21.23;0.0;7.023;0.48;42.6
1980-03-23;9.44;16.55;23.67;0.0;15.705;0.36;30.37
1980-03-24;7.74;15.64;23.53;0.0;15.72;0.7;26.48
1980-03-25;9.14;14.53;19.91;0.0;9.656;0.7;40.84
1980-03-26;9.73;15.51;21.29;0.0;7.998;0.32;31.18
1980-03-27;7.75;15.88;24.01;0.0;17.987;2.49;24.55
1980-03-28;9.53;15.45;21.36;0.0;16.486;0.23;31.3
1980-03-29;7.8;14.71;21.63;0.7;16.485;1.36;23.74
1980-03-30;7.38;15.14;22.9;1.06;16.685;0.71;22.39
1980-03-31;6.97;15.66;24.36;0.94;15.671;0.81;23.08
1980-04-01;10.24;16.88;23.51;0.0;15.328;3.41;34.42
1980-04-02;8.25;11.64;15.03;3.88;4.461;3.77;65.19
1980-04-03;8.24;14.06;19.88;7.1;10.676;3.5;48.17
1980-04-04;8.77;14.49;20.21;0.0;11.705;2.6;38.46
1980-04-05;8.03;12.85;17.67;2.06;5.944;2.29;52.55
1980-04-06;4.92;11.63;18.33;0.0;18.592;1.42;45.65
1980-04-07;8.24;13.88;19.52;2.85;9.934;2.5;45.37
1980-04-08;6.98;13.8;20.63;0.0;19.958;3.32;33.02
1980-04-09;5.06;12.46;19.85;0.0;17.272;1.12;30.96
1980-04-10;5.28;12.57;19.85;0.0;19.146;1.61;31.33
1980-04-11;4.72;13.33;21.95;0.0;20.275;1.52;23.86
1980-04-12;9.31;15.03;20.75;0.0;13.085;2.62;28.6
1980-04-13;7.86;13.38;18.89;0.0;11.11;2.22;43.54
1980-04-14;10.95;17.4;23.85;0.0;18.323;2.32;35.91
1980-04-15;7.88;14.1;20.32;4.62;5.578;4.42;40.17
1980-04-16;7.81;14.09;20.37;0.0;19.922;3.86;41.18
1980-04-17;6.43;13.35;20.27;0.0;23.416;2.62;30.84
1980-04-18;4.32;11.61;18.9;0.3;12.893;1.22;34.96
1980-04-19;3.2;8.49;13.79;5.48;7.251;1.32;70.23
1980-04-20;4.84;11.95;19.06;0.0;20.937;1.51;41.76
1980-04-21;5.8;12.21;18.63;1.47;9.898;2.0;44.6
1980-04-22;11.08;15.84;20.59;7.54;19.031;3.2;47.92
1980-04-23;7.82;14.6;21.38;0.0;19.894;3.04;39.87
1980-04-24;5.46;14.29;23.12;0.0;21.775;1.16;31.33
1980-04-25;11.03;18.34;25.65;0.0;22.409;2.41;34.66
1980-04-26;9.6;14.82;20.04;1.53;11.566;2.33;43.16
1980-04-27;10.29;16.06;21.84;0.71;21.73;2.46;38.77
1980-04-28;6.24;12.02;17.79;1.08;15.066;2.51;34.23
1980-04-29;7.77;13.58;19.39;0.0;13.301;3.24;39.76
1980-04-30;8.54;15.04;21.55;0.0;21.235;2.01;34.66
1980-05-01;7.8;14.51;21.21;0.0;18.491;3.7;35.45
1980-05-02;9.06;16.84;24.62;1.86;21.863;3.54;32.09
1980-05-03;9.25;15.67;22.09;0.66;10.859;2.85;44.41
1980-05-04;10.76;18.43;26.11;2.09;19.45;2.94;16.37
1980-05-05;12.93;19.39;25.86;0.0;14.899;1.5;29.41
1980-05-06;8.91;17.51;26.1;2.0;22.759;1.1;16.76
1980-05-07;13.42;20.77;28.12;0.64;21.377;3.12;22.84
1980-05-08;14.64;22.16;29.69;0.0;22.929;3.68;28.72
1980-05-09;14.39;21.21;28.03;0.0;22.281;4.31;28.5
1980-05-10;11.88;18.07;24.25;0.88;23.169;3.27;22.51
1980-05-11;9.67;16.39;23.1;0.0;18.866;1.82;24.52
1980-05-12;12.71;18.98;25.26;1.1;19.936;2.1;22.29
1980-05-13;12.51;18.52;24.52;0.0;17.279;2.91;24.15
1980-05-14;13.95;19.37;24.79;1.64;17.175;6.21;19.91
1980-05-15;14.93;20.82;26.71;0.0;19.023;3.55;25.98
1980-05-16;14.96;20.07;25.17;4.63;13.586;3.1;47.8
1980-05-17;12.87;18.55;24.23;0.0;14.881;2.11;35.61
1980-05-18;11.72;18.04;24.36;1.13;24.977;1.29;22.14
1980-05-19;11.08;16.55;22.03;0.0;11.016;1.08;31.88
1980-05-20;12.87;18.78;24.69;1.51;22.264;1.39;21.87
1980-05-21;9.3;16.6;23.9;1.65;22.592;1.09;20.24
1980-05-22;9.29;15.3;21.31;0.0;8.834;1.09;26.81
1980-05-23;12.53;17.61;22.7;0.0;11.895;0.9;35.74
1980-05-24;12.14;19.18;26.22;0.0;23.51;1.42;21.73
1980-05-25;12.0;19.12;26.23;1.7;22.84;2.06;17.74
1980-05-26;12.46;19.61;26.76;1.58;22.28;1.81;18.76
1980-05-27;12.64;19.76;26.87;1.35;21.81;0.9;19.67
1980-05-28;11.42;18.71;26.01;2.78;16.277;0.6;25.09
1980-05-29;10.54;18.8;27.06;3.25;18.654;1.61;20.74
1980-05-30;12.5;20.64;28.79;1.8;23.306;1.11;18.19
1980-05-31;12.67;21.13;29.59;3.33;21.756;2.38;13.67
1980-06-01;14.38;20.04;25.7;11.61;11.618;2.33;32.97
1980-06-02;13.89;20.56;27.23;0.98;26.184;1.71;21.39
1980-06-03;12.49;20.05;27.62;5.27;27.061;2.2;19.31
1980-06-04;15.89;22.05;28.21;3.07;26.844;2.1;30.03
1980-06-05;11.9;19.29;26.67;4.74;26.184;1.8;19.35
1980-06-06;14.84;20.98;27.12;0.0;28.534;1.6;29.09
1980-06-07;11.19;16.54;21.88;2.9;17.701;3.34;38.1
1980-06-08;11.83;17.17;22.51;0.0;16.68;3.59;34.03
1980-06-09;12.71;20.42;28.13;0.08;24.969;2.69;19.56
1980-06-10;12.72;19.55;26.38;3.05;19.08;4.6;31.75
1980-06-11;12.33;17.92;23.51;0.0;29.864;2.09;21.93
1980-06-12;9.76;15.74;21.72;0.0;14.332;2.16;37.15
1980-06-13;13.76;21.14;28.51;0.0;22.892;1.2;29.25
1980-06-14;13.53;21.57;29.6;0.0;25.263;1.1;17.33
1980-06-15;14.89;24.19;33.49;0.25;25.552;1.62;14.51
1980-06-16;17.12;21.8;26.49;0.0;18.604;1.12;25.81
1980-06-17;16.66;22.16;27.67;0.0;24.551;1.09;20.07
1980-06-18;14.56;21.57;28.59;0.0;27.154;0.93;15.59
1980-06-19;14.8;21.48;28.17;4.62;18.551;1.54;24.79
1980-06-20;15.15;20.77;26.39;0.0;16.93;1.52;44.79
1980-06-21;16.11;22.63;29.14;0.0;27.016;0.78;29.82
1980-06-22;15.95;22.48;29.02;0.0;27.093;0.5;20.41
1980-06-23;14.06;21.2;28.33;0.0;22.593;0.71;14.62
1980-06-24;15.85;26.01;36.17;1.12;25.385;2.92;13.74
1980-06-25;18.61;25.66;32.72;1.13;26.638;1.01;18.13
1980-06-26;14.81;25.55;36.28;0.0;24.941;1.52;13.43
1980-06-27;21.27;30.17;39.08;0.0;24.912;2.48;14.17
1980-06-28;22.13;28.94;35.74;0.0;26.119;1.08;21.22
1980-06-29;18.77;28.65;38.52;0.0;24.591;4.23;14.22
1980-06-30;16.98;23.36;29.74;0.0;29.238;1.59;22.61
1980-07-01;11.95;18.99;26.04;0.92;18.617;3.41;15.21
1980-07-02;16.32;23.12;29.91;0.0;26.941;2.45;25.52
1980-07-03;14.71;20.29;25.87;0.0;15.895;1.29;28.98
1980-07-04;17.37;23.11;28.85;0.0;19.131;0.54;18.8
1980-07-05;18.16;24.99;31.83;4.46;18.777;1.91;19.37
1980-07-06;12.96;18.26;23.56;3.9;5.549;2.67;29.65
1980-07-07;17.38;21.54;25.69;22.66;15.634;1.14;52.54
1980-07-08;16.04;22.89;29.74;3.81;23.36;0.93;50.55
1980-07-09;15.01;21.48;27.95;5.69;19.94;2.67;44.81
1980-07-10;18.44;23.01;27.58;10.87;17.19;3.07;52.44
1980-07-11;19.94;27.44;34.94;0.0;24.293;1.92;42.8
1980-07-12;17.76;21.75;25.74;9.51;14.387;3.1;52.32
1980-07-13;17.12;22.96;28.8;1.43;27.315;3.92;35.28
1980-07-14;13.5;20.87;28.23;0.0;26.067;2.88;24.05
1980-07-15;13.11;20.76;28.41;0.0;24.629;2.22;21.84
1980-07-16;15.1;22.19;29.28;0.0;24.424;1.17;23.73
1980-07-17;16.96;23.7;30.44;0.0;24.622;0.39;27.0
1980-07-18;16.3;23.52;30.73;2.73;23.505;0.5;22.12
1980-07-19;15.97;22.31;28.65;0.0;18.444;0.67;23.39
1980-07-20;17.55;23.33;29.11;3.12;18.772;0.88;29.12
1980-07-21;16.77;24.41;32.06;0.0;23.871;0.48;24.05
1980-07-22;17.76;24.11;30.45;9.62;21.159;2.08;30.72
1980-07-23;15.56;21.28;27.0;0.0;18.584;1.28;32.61
1980-07-24;14.24;21.92;29.6;0.29;24.701;0.64;21.55
1980-07-25;17.12;24.84;32.55;0.0;23.7;2.77;19.65
1980-07-26;19.74;26.58;33.42;0.0;24.513;1.01;19.86
1980-07-27;16.94;24.43;31.91;0.0;24.723;1.73;15.33
1980-07-28;15.33;24.67;34.01;2.33;25.471;0.66;15.01
1980-07-29;19.76;24.81;29.86;0.0;14.803;0.69;49.6
1980-07-30;13.73;16.56;19.4;64.02;3.4;0.2;69.62
1980-07-31;15.67;20.51;25.35;0.0;22.914;1.98;59.19
1980-08-01;14.34;20.77;27.21;0.0;23.124;0.84;48.63
1980-08-02;15.08;22.45;29.81;0.0;22.494;1.12;44.16
1980-08-03;15.8;23.85;31.9;0.0;22.675;1.2;33.35
1980-08-04;15.8;25.18;34.56;0.0;22.733;2.91;24.5
1980-08-05;15.29;22.05;28.8;0.0;24.356;1.07;26.84
1980-08-06;12.3;21.73;31.17;0.0;24.481;2.08;18.23
1980-08-07;13.7;22.54;31.38;0.0;23.405;1.67;17.89
1980-08-08;15.97;24.17;32.37;0.0;23.368;1.38;20.59
1980-08-09;17.88;24.51;31.14;0.0;22.904;0.78;20.51
1980-08-10;16.27;23.66;31.06;0.0;23.366;1.29;19.34
1980-08-11;14.52;23.41;32.29;0.0;22.956;1.59;17.57
1980-08-12;18.64;24.07;29.5;0.0;17.431;1.12;35.93
1980-08-13;17.17;24.13;31.08;0.0;21.998;0.78;22.55
1980-08-14;14.96;23.2;31.45;0.0;21.988;0.38;20.29
1980-08-15;15.04;23.69;32.34;0.0;18.006;0.69;17.45
1980-08-16;16.75;25.08;33.41;0.0;21.292;0.58;16.39
1980-08-17;18.38;25.33;32.27;0.0;21.106;1.78;22.77
1980-08-18;16.14;23.91;31.67;0.0;21.112;0.58;18.45
1980-08-19;18.2;26.4;34.59;0.0;21.542;2.49;17.03
1980-08-20;17.89;25.73;33.58;0.0;21.502;2.9;17.64
1980-08-21;17.9;24.96;32.03;0.0;21.158;1.89;22.53
1980-08-22;16.39;23.86;31.33;0.0;21.505;0.8;20.2
1980-08-23;13.83;22.75;31.68;0.0;21.346;1.2;15.81
1980-08-24;14.25;23.99;33.73;0.0;21.127;1.38;15.39
1980-08-25;15.53;20.73;25.94;4.33;11.273;2.45;35.78
1980-08-26;12.73;18.67;24.61;0.0;21.125;1.89;22.72
1980-08-27;9.76;16.86;23.96;0.0;20.871;2.09;20.94
1980-08-28;11.06;16.52;21.98;15.64;18.582;3.43;23.83
1980-08-29;14.58;18.87;23.16;3.51;18.732;1.96;51.15
1980-08-30;11.57;15.74;19.91;0.0;10.51;2.55;47.11
1980-08-31;10.55;15.91;21.27;0.0;20.299;2.93;30.68
1980-09-01;8.89;17.0;25.1;0.0;19.779;1.21;26.81
1980-09-02;10.39;18.8;27.22;0.0;18.961;0.58;24.63
1980-09-03;11.99;20.13;28.26;0.0;18.77;0.56;25.88
1980-09-04;14.87;20.91;26.96;0.68;15.906;1.91;24.9
1980-09-05;11.46;18.8;26.14;0.0;19.977;3.01;17.32
1980-09-06;12.49;19.2;25.91;0.0;19.428;3.49;18.48
1980-09-07;9.99;17.3;24.6;0.0;21.477;3.35;12.93
1980-09-08;9.92;17.7;25.48;0.0;19.162;3.31;17.59
1980-09-09;12.99;19.45;25.9;0.0;18.375;2.93;20.43
1980-09-10;11.76;18.68;25.6;0.0;19.159;1.95;19.13
1980-09-11;10.65;18.02;25.4;0.0;18.373;1.72;20.54
1980-09-12;10.86;17.8;24.73;2.25;15.262;1.0;28.12
1980-09-13;7.89;13.64;19.4;12.95;11.978;3.27;32.5
1980-09-14;8.46;12.73;17.0;0.0;17.334;2.94;39.66
1980-09-15;6.02;11.63;17.23;0.0;17.435;2.46;30.04
1980-09-16;10.75;11.0;11.25;17.07;2.045;0.2;86.13
1980-09-17;11.87;16.09;20.32;0.12;15.211;0.5;56.15
1980-09-18;9.31;10.2;11.08;28.56;1.26;2.79;87.34
1980-09-19;13.32;15.6;17.88;4.87;4.617;2.54;79.04
1980-09-20;8.12;11.7;15.27;0.0;16.623;2.33;41.21
1980-09-21;6.65;12.28;17.91;0.0;16.339;2.21;35.7
1980-09-22;4.99;12.05;19.1;0.0;18.49;1.02;31.88
1980-09-23;7.99;14.3;20.62;0.0;15.968;0.33;45.85
1980-09-24;6.63;14.51;22.39;0.0;16.093;1.9;36.33
1980-09-25;12.56;18.18;23.8;0.0;9.514;2.62;38.96
1980-09-26;12.82;15.96;19.1;18.34;3.81;2.77;61.15
1980-09-27;11.5;17.0;22.5;0.0;14.48;4.18;45.37
1980-09-28;9.58;13.44;17.3;0.29;5.801;2.36;58.92
1980-09-29;7.18;13.31;19.45;0.0;14.845;1.81;36.07
1980-09-30;9.11;14.46;19.8;1.87;12.687;2.21;45.76
1980-10-01;6.82;12.11;17.4;0.0;14.751;2.42;35.62
1980-10-02;6.81;12.49;18.17;0.0;14.439;2.49;36.4
1980-10-03;5.76;13.18;20.6;0.0;14.356;2.58;29.42
1980-10-04;9.37;16.62;23.87;0.0;14.83;2.58;29.68
1980-10-05;10.52;15.46;20.39;5.62;3.261;3.26;47.5
1980-10-06;10.59;16.32;22.05;0.0;13.874;2.59;46.85
1980-10-07;6.12;11.85;17.57;0.0;13.576;2.11;43.2
1980-10-08;2.07;7.67;13.26;8.15;4.68;2.63;46.34
1980-10-09;8.2;11.34;14.48;15.45;2.366;1.4;75.19
1980-10-10;7.96;10.04;12.11;1.11;3.377;1.4;75.51
1980-10-11;6.36;11.82;17.28;0.0;12.714;2.21;51.85
1980-10-12;7.01;13.64;20.27;0.0;11.952;2.42;51.49
1980-10-13;8.1;15.01;21.92;0.0;12.792;0.99;48.42
1980-10-14;7.69;14.49;21.29;0.0;12.621;1.32;41.45
1980-10-15;8.14;14.04;19.95;0.0;12.245;1.4;42.99
1980-10-16;6.37;10.93;15.48;0.0;3.866;1.1;53.1
1980-10-17;9.52;15.42;21.32;0.0;11.845;1.19;49.69
1980-10-18;11.02;16.8;22.59;0.0;11.749;2.36;47.86
1980-10-19;8.45;12.11;15.78;0.0;3.477;2.1;69.52
1980-10-20;5.44;10.14;14.85;0.0;11.654;4.09;36.36
1980-10-21;1.43;4.62;7.8;0.0;3.37;1.88;31.86
1980-10-22;4.66;8.91;13.16;0.0;3.354;0.6;41.17
1980-10-23;2.39;6.83;11.26;0.0;10.902;1.69;32.07
1980-10-24;-0.08;6.03;12.13;0.0;11.134;0.99;34.34
1980-10-25;0.78;7.88;14.97;0.0;10.434;2.4;35.44
1980-10-26;4.9;9.5;14.1;0.0;3.986;1.38;54.9
1980-10-27;5.58;11.89;18.19;0.0;8.37;0.89;43.44
1980-10-28;7.37;13.96;20.55;0.0;8.948;1.74;37.12
1980-10-29;6.01;13.27;20.53;0.0;8.859;2.19;36.1
1980-10-30;8.21;14.96;21.7;0.0;9.842;1.54;34.43
1980-10-31;8.18;14.93;21.67;0.0;10.181;2.46;33.2
1980-11-01;7.89;13.71;19.52;0.0;8.861;2.19;44.16
1980-11-02;7.92;12.67;17.42;0.0;3.461;2.17;52.05
1980-11-03;7.23;12.06;16.89;0.0;5.089;2.79;56.53
1980-11-04;9.81;13.29;16.76;0.0;2.76;2.47;71.09
1980-11-05;8.34;11.73;15.13;5.08;3.838;2.23;55.0
1980-11-06;4.76;10.61;16.47;0.0;8.468;2.81;65.3
1980-11-07;4.43;8.09;11.76;0.0;2.824;2.41;51.7
1980-11-08;-0.31;3.43;7.17;0.0;7.609;1.43;34.23
1980-11-09;-2.62;1.52;5.67;0.0;7.98;2.47;30.06
1980-11-10;2.66;6.59;10.53;0.0;3.726;4.12;47.66
1980-11-11;6.46;10.09;13.72;0.0;7.448;3.14;45.15
1980-11-12;3.92;7.37;10.82;0.0;7.264;0.97;38.39
1980-11-13;6.73;11.57;16.41;1.0;6.397;2.55;37.74
1980-11-14;-1.78;2.27;6.33;4.58;1.902;2.29;58.29
1980-11-15;-3.3;1.7;6.7;0.0;7.564;1.58;38.52
1980-11-16;-0.33;4.63;9.58;0.0;7.367;1.97;59.26
1980-11-17;-1.82;2.46;6.73;0.0;6.934;1.27;57.87
1980-11-18;-4.59;-0.68;3.22;0.0;5.526;1.05;65.66
1980-11-19;-7.46;-2.36;2.74;0.0;7.368;1.03;49.92
1980-11-20;-8.19;-2.21;3.77;0.0;7.954;1.5;45.06
1980-11-21;-7.82;-3.5;0.83;0.0;6.585;1.97;71.45
1980-11-22;-7.16;-3.0;1.15;0.0;6.17;1.79;71.29
1980-11-23;-5.22;-1.02;3.18;0.0;5.763;1.36;55.41
1980-11-24;-2.21;1.15;4.52;0.0;5.703;3.02;56.66
1980-11-25;-3.71;0.18;4.07;0.0;5.496;1.66;50.89
1980-11-26;-3.98;-0.46;3.06;0.0;6.61;1.08;50.76
1980-11-27;-0.34;3.23;6.79;0.0;3.122;1.48;44.97
1980-11-28;-3.16;0.38;3.92;0.0;6.096;1.0;44.58
1980-11-29;-3.73;-0.39;2.96;0.0;5.175;0.8;57.57
1980-11-30;-5.19;-1.02;3.15;0.0;5.803;1.6;48.94
1980-12-01;-3.44;0.18;3.8;0.0;4.899;1.28;55.09
1980-12-02;-2.18;0.54;3.27;0.75;3.187;2.4;79.5
1980-12-03;0.69;2.79;4.88;0.0;2.846;0.59;75.43
1980-12-04;-3.06;0.82;4.7;0.0;3.831;2.9;68.21
1980-12-05;-1.13;3.11;7.35;0.0;4.403;2.3;51.29
1980-12-06;-0.68;2.52;5.71;1.19;2.151;1.18;71.88
1980-12-07;-5.51;-1.0;3.51;0.0;6.317;0.92;61.79
1980-12-08;-6.61;-1.44;3.73;0.0;6.53;1.9;66.6
1980-12-09;-5.49;-0.87;3.75;0.0;4.914;1.52;66.42
1980-12-10;-6.87;-2.06;2.74;0.0;3.682;1.52;71.56
1980-12-11;-7.22;-2.35;2.51;0.0;3.695;1.35;70.9
1980-12-12;-4.6;0.15;4.89;0.0;6.116;1.43;68.44
1980-12-13;-5.81;-1.38;3.05;0.0;3.385;1.84;71.64
1980-12-14;-6.0;-1.28;3.44;0.0;3.567;2.47;71.78
1980-12-15;-5.57;-1.98;1.61;0.0;4.616;1.52;65.48
1980-12-16;-10.83;-7.71;-4.59;0.0;5.988;0.5;32.31
1980-12-17;-11.91;-6.83;-1.76;0.0;7.123;1.22;30.12
1980-12-18;-6.27;-1.7;2.86;0.0;3.389;4.33;68.85
1980-12-19;1.64;5.64;9.64;0.0;3.936;4.31;62.2
1980-12-20;-2.13;0.35;2.83;2.31;2.028;2.03;63.83
1980-12-21;-3.48;-1.01;1.46;0.0;3.69;4.24;45.77
1980-12-22;-0.94;1.88;4.7;0.0;7.439;3.55;43.51
1980-12-23;-2.16;0.33;2.83;0.0;4.704;2.38;48.55
1980-12-24;-3.09;0.52;4.13;0.0;3.931;2.65;54.19
1980-12-25;2.04;8.22;14.41;0.0;5.108;4.82;42.9
1980-12-26;1.01;4.62;8.22;0.35;3.921;3.45;46.62
1980-12-27;-2.52;0.38;3.28;0.0;3.768;1.4;48.58
1980-12-28;-1.58;2.81;7.19;0.0;6.924;1.7;48.68
1980-12-29;-2.23;2.2;6.63;0.0;3.65;3.17;46.03
1980-12-30;-3.2;3.1;9.4;3.26;2.071;4.56;45.37
1980-12-31;-2.13;1.73;5.6;0.0;4.775;1.88;44.69
1981-01-01;-1.67;1.33;4.33;8.23;1.6;3.46;70.35
1981-01-02;-3.03;0.4;3.83;0.0;4.909;1.24;62.08
1981-01-03;-7.06;-3.5;0.05;0.0;3.898;1.01;74.49
1981-01-04;-10.43;-5.84;-1.25;0.0;3.893;3.06;76.54
1981-01-05;-7.54;-4.2;-0.86;0.0;5.227;1.79;49.07
1981-01-06;-10.1;-6.32;-2.55;0.0;5.34;1.61;39.21
1981-01-07;-8.37;-5.1;-1.84;0.0;5.631;2.49;47.17
1981-01-08;-8.45;-5.13;-1.82;0.0;6.028;2.49;61.11
1981-01-09;-9.21;-5.02;-0.82;0.0;5.765;3.62;51.83
1981-01-10;-5.76;-3.02;-0.28;1.13;7.13;2.48;56.96
1981-01-11;-8.98;-5.92;-2.85;0.0;4.342;2.9;47.63
1981-01-12;-6.95;-3.81;-0.68;1.28;5.485;2.81;53.53
1981-01-13;-3.51;-0.8;1.9;0.0;2.986;3.27;73.4
1981-01-14;-1.1;1.62;4.35;0.0;5.85;4.17;56.1
1981-01-15;-0.4;2.17;4.73;0.0;5.586;3.72;51.16
1981-01-16;-0.47;3.71;7.88;0.36;4.844;4.6;41.01
1981-01-17;-0.47;1.82;4.11;0.73;5.41;4.02;38.79
1981-01-18;-3.09;0.5;4.08;0.36;4.925;2.52;40.63
1981-01-19;-1.98;1.99;5.95;0.0;6.042;2.2;49.56
1981-01-20;-2.65;2.13;6.91;0.0;6.079;1.58;55.79
1981-01-21;-3.17;2.27;7.72;0.0;4.903;1.8;53.09
1981-01-22;-0.57;5.13;10.83;0.0;6.743;2.02;45.54
1981-01-23;-0.65;5.42;11.5;0.0;5.999;1.78;46.74
1981-01-24;-1.07;3.5;8.07;0.0;6.483;2.24;63.23
1981-01-25;-0.38;4.63;9.63;0.0;4.055;3.27;60.25
1981-01-26;0.01;3.57;7.13;1.2;3.37;3.99;69.23
1981-01-27;-2.62;2.12;6.86;7.56;7.238;3.37;57.46
1981-01-28;-1.83;2.22;6.27;0.42;7.485;4.51;71.41
1981-01-29;-1.59;2.73;7.06;0.0;6.151;2.33;49.19
1981-01-30;0.6;4.37;8.14;2.22;2.496;3.42;55.14
1981-01-31;1.7;4.53;7.36;0.0;7.052;2.63;44.36
1981-02-01;2.97;5.89;8.8;2.02;6.899;4.43;43.88
1981-02-02;2.19;5.63;9.06;6.33;2.218;5.95;43.29
1981-02-03;-1.37;1.32;4.02;0.0;6.084;4.52;39.15
1981-02-04;-3.65;-1.46;0.72;0.85;5.856;4.02;28.14
1981-02-05;-6.34;-3.15;0.03;0.0;6.585;2.7;36.3
1981-02-06;-6.58;-3.14;0.31;0.0;7.601;1.41;34.9
1981-02-07;-8.59;-3.85;0.88;0.0;5.869;1.3;41.21
1981-02-08;-3.06;2.08;7.22;0.0;8.467;2.6;60.96
1981-02-09;-1.51;3.76;9.04;0.0;9.212;2.5;58.32
1981-02-10;-3.15;2.3;7.76;0.0;7.759;0.83;59.03
1981-02-11;-4.02;2.51;9.04;0.0;8.594;2.02;54.63
1981-02-12;1.36;6.88;12.41;0.0;8.259;4.26;40.63
1981-02-13;2.36;5.89;9.43;0.0;9.556;3.1;36.41
1981-02-14;0.31;5.94;11.56;0.0;6.47;3.8;44.76
1981-02-15;2.33;6.54;10.76;0.0;8.918;3.29;33.93
1981-02-16;-0.95;4.83;10.61;0.0;9.194;3.26;37.9
1981-02-17;-0.46;6.38;13.21;0.0;9.482;2.09;40.9
1981-02-18;0.87;7.9;14.94;0.0;9.585;2.93;36.98
1981-02-19;4.3;10.95;17.6;8.36;3.496;4.3;43.36
1981-02-20;1.56;7.47;13.38;0.0;12.395;0.65;65.29
1981-02-21;1.08;5.05;9.02;0.25;4.666;3.88;66.6
1981-02-22;-0.72;1.29;3.31;0.0;4.665;5.32;73.86
1981-02-23;-1.56;1.22;4.01;0.0;4.991;2.99;65.66
1981-02-24;-1.36;3.82;9.01;0.0;13.313;1.93;40.88
1981-02-25;-4.2;2.35;8.91;0.0;7.087;1.86;49.08
1981-02-26;-0.78;3.44;7.65;0.0;7.305;0.6;62.01
1981-02-27;-0.69;5.98;12.64;0.0;12.399;3.21;40.12
1981-02-28;-0.57;3.29;7.16;0.72;11.957;1.78;27.21
1981-03-01;2.53;8.67;14.81;0.0;12.779;4.67;31.04
1981-03-02;3.9;11.3;18.71;0.0;12.459;4.3;34.57
1981-03-03;3.06;9.24;15.42;0.0;8.829;4.75;37.69
1981-03-04;0.13;4.83;9.52;0.0;14.312;1.28;31.97
1981-03-05;-0.26;4.78;9.82;1.59;13.06;1.79;24.15
1981-03-06;-3.43;2.86;9.15;0.93;13.598;1.28;25.96
1981-03-07;-3.36;4.31;11.98;0.87;13.588;1.53;26.01
1981-03-08;-1.63;3.34;8.3;0.0;13.621;1.84;42.8
1981-03-09;-1.58;3.58;8.73;0.0;12.086;0.5;42.46
1981-03-10;-0.93;5.63;12.19;0.0;13.686;1.55;34.07
1981-03-11;4.9;10.07;15.23;0.0;10.445;2.82;36.42
1981-03-12;5.19;8.67;12.15;0.0;6.595;2.71;38.12
1981-03-13;3.44;7.92;12.41;0.0;12.062;2.96;34.55
1981-03-14;2.2;7.96;13.72;4.53;8.308;2.73;38.32
1981-03-15;2.67;6.27;9.87;3.51;6.456;4.44;57.16
1981-03-16;1.26;6.43;11.61;0.0;15.364;3.21;36.9
1981-03-17;-0.97;4.5;9.97;0.0;15.819;1.49;34.11
1981-03-18;-1.95;3.11;8.17;0.0;10.333;2.56;43.74
1981-03-19;-0.87;2.67;6.2;0.0;6.515;5.07;56.26
1981-03-20;2.45;7.12;11.78;0.0;16.656;5.29;30.22
1981-03-21;0.53;6.25;11.97;0.6;15.382;3.33;22.73
1981-03-22;-0.94;4.17;9.29;0.0;14.958;2.39;31.89
1981-03-23;-0.14;4.55;9.24;0.0;8.786;1.7;36.26
1981-03-24;0.87;7.43;14.0;0.0;16.464;1.58;29.99
1981-03-25;-0.18;7.58;15.34;0.0;17.164;1.79;26.3
1981-03-26;-0.85;7.72;16.28;0.0;17.788;2.39;29.49
1981-03-27;-0.95;7.11;15.16;0.0;18.318;1.23;32.59
1981-03-28;-0.29;8.97;18.23;0.0;17.306;1.76;24.21
1981-03-29;0.85;10.86;20.86;1.04;17.452;2.24;21.22
1981-03-30;3.64;12.56;21.49;0.0;17.24;2.29;28.85
1981-03-31;4.95;13.98;23.01;0.0;17.41;2.29;28.83
1981-04-01;6.99;15.32;23.66;0.0;16.256;1.89;31.71
1981-04-02;7.76;15.7;23.64;0.0;16.26;1.08;32.59
1981-04-03;10.28;17.09;23.91;0.0;18.147;2.4;32.55
1981-04-04;7.31;14.56;21.82;0.0;20.527;2.5;29.89
1981-04-05;7.31;14.59;21.88;0.0;20.416;1.68;32.85
1981-04-06;6.16;14.03;21.9;0.0;19.207;1.78;28.84
1981-04-07;5.39;14.45;23.5;1.34;19.295;1.59;17.81
1981-04-08;4.84;13.62;22.4;0.48;19.716;2.2;25.49
1981-04-09;4.46;13.92;23.37;1.33;20.339;1.59;15.7
1981-04-10;2.37;12.15;21.92;0.0;18.56;1.81;14.46
1981-04-11;5.46;14.29;23.12;0.0;19.742;1.87;25.67
1981-04-12;8.3;14.08;19.86;3.0;5.731;0.8;45.92
1981-04-13;10.15;13.62;17.09;0.0;2.6;1.88;40.06
1981-04-14;7.89;14.7;21.5;0.0;17.119;2.22;26.38
1981-04-15;6.08;13.87;21.66;0.0;19.5;0.72;23.57
1981-04-16;9.04;15.7;22.35;0.0;17.869;1.02;29.68
1981-04-17;8.25;15.86;23.47;0.0;17.27;0.82;31.18
1981-04-18;9.54;17.62;25.69;0.0;21.191;2.32;23.65
1981-04-19;7.49;12.05;16.62;4.98;4.232;3.22;59.58
1981-04-20;2.72;6.8;10.88;8.92;11.259;3.33;46.64
1981-04-21;0.43;6.34;12.26;0.0;21.705;1.92;24.59
1981-04-22;-0.22;7.83;15.89;0.0;21.519;2.21;25.61
1981-04-23;2.35;11.82;21.29;0.0;20.904;1.98;25.09
1981-04-24;11.24;18.8;26.35;0.0;21.697;3.4;28.58
1981-04-25;10.78;17.33;23.88;1.64;16.742;3.54;32.16
1981-04-26;8.72;12.69;16.66;2.07;11.216;0.32;69.92
1981-04-27;5.74;13.07;20.4;0.0;21.808;1.51;32.16
1981-04-28;6.51;15.16;23.81;0.0;15.79;3.15;28.7
1981-04-29;11.01;15.7;20.38;13.94;13.053;0.48;61.74
1981-04-30;9.54;15.98;22.43;1.57;16.016;3.03;48.65
1981-05-01;7.2;12.25;17.31;0.0;18.961;1.51;39.99
1981-05-02;3.92;9.65;15.38;0.0;16.854;0.8;41.8
1981-05-03;2.0;7.67;13.34;0.0;12.112;1.3;40.52
1981-05-04;1.86;9.74;17.63;0.0;22.75;1.19;27.4
1981-05-05;3.71;12.25;20.78;0.0;21.964;0.68;30.7
1981-05-06;5.16;13.33;21.5;0.0;22.303;0.9;24.53
1981-05-07;6.01;14.43;22.86;1.2;21.562;1.6;20.83
1981-05-08;11.26;18.52;25.79;0.9;24.116;2.32;22.25
1981-05-09;14.12;21.32;28.52;0.0;26.514;1.92;24.41
1981-05-10;13.35;20.52;27.69;1.17;22.241;1.4;33.16
1981-05-11;8.62;18.35;28.08;1.99;21.093;3.53;27.26
1981-05-12;11.82;19.3;26.79;1.21;22.521;3.79;20.61
1981-05-13;13.61;20.98;28.34;0.16;26.198;4.06;22.94
1981-05-14;13.61;21.02;28.43;2.43;22.624;2.42;29.98
1981-05-15;12.37;19.43;26.48;1.5;17.379;2.11;40.35
1981-05-16;11.74;19.82;27.9;4.71;22.616;2.12;35.39
1981-05-17;10.36;16.17;21.99;15.05;11.821;1.73;51.63
1981-05-18;10.29;15.88;21.48;0.0;24.263;2.5;37.75
1981-05-19;5.09;11.43;17.77;0.0;23.8;1.8;23.72
1981-05-20;6.16;13.19;20.22;0.0;17.263;3.38;30.02
1981-05-21;9.68;16.21;22.75;0.0;16.047;1.93;42.21
1981-05-22;8.2;15.79;23.38;0.0;14.375;1.37;38.98
1981-05-23;14.79;21.83;28.87;1.17;20.374;0.8;45.63
1981-05-24;13.18;18.54;23.9;9.71;11.904;1.84;58.88
1981-05-25;18.66;25.02;31.37;0.0;24.907;1.21;49.88
1981-05-26;13.61;19.85;26.09;13.94;15.168;3.03;44.83
1981-05-27;15.87;21.5;27.12;3.8;19.2;1.31;50.78
1981-05-28;14.47;20.27;26.07;0.0;20.726;3.28;38.56
1981-05-29;11.49;18.79;26.09;3.48;21.58;2.82;32.38
1981-05-30;10.82;18.66;26.51;0.0;28.339;1.2;32.0
1981-05-31;11.25;16.67;22.09;0.85;14.745;0.71;45.71
1981-06-01;11.51;18.82;26.12;0.0;27.238;1.31;27.8
1981-06-02;8.66;17.69;26.71;1.95;28.669;0.53;18.39
1981-06-03;12.88;20.82;28.75;1.2;25.256;1.61;20.61
1981-06-04;12.11;18.65;25.19;6.49;17.583;2.29;22.38
1981-06-05;13.96;21.43;28.89;0.0;27.172;0.81;35.15
1981-06-06;9.85;17.66;25.47;3.34;17.291;1.72;32.41
1981-06-07;12.11;20.04;27.96;0.72;22.327;1.0;39.7
1981-06-08;14.13;21.64;29.14;2.27;26.419;2.29;29.07
1981-06-09;15.74;22.58;29.42;3.13;24.347;2.99;35.64
1981-06-10;13.97;15.26;16.55;42.11;5.004;0.81;75.68
1981-06-11;14.56;21.18;27.81;0.0;30.572;1.78;41.83
1981-06-12;11.77;19.95;28.12;0.0;26.501;1.9;30.0
1981-06-13;16.75;23.63;30.52;0.0;26.013;1.21;36.22
1981-06-14;17.85;25.09;32.33;2.63;23.662;2.1;34.05
1981-06-15;21.07;27.22;33.37;8.95;19.951;3.0;40.9
1981-06-16;18.61;24.77;30.94;2.76;19.025;1.62;49.23
1981-06-17;17.22;22.81;28.4;9.55;15.945;1.94;54.04
1981-06-18;17.02;19.5;21.99;2.96;7.086;0.31;77.88
1981-06-19;13.61;16.59;19.57;30.2;2.644;0.8;75.59
1981-06-20;15.35;20.3;25.26;0.87;20.093;2.32;64.96
1981-06-21;17.32;23.39;29.47;0.0;28.471;2.41;44.48
1981-06-22;14.49;22.48;30.48;0.0;22.411;2.84;28.43
1981-06-23;16.63;25.71;34.8;0.0;25.786;1.61;22.5
1981-06-24;19.49;27.28;35.08;2.16;25.818;0.84;23.99
1981-06-25;14.67;21.7;28.74;0.0;23.651;2.86;21.25
1981-06-26;14.1;20.44;26.78;0.0;29.741;2.71;26.52
1981-06-27;12.04;19.16;26.28;0.0;29.327;2.48;22.18
1981-06-28;11.87;20.2;28.54;0.0;26.051;2.1;19.81
1981-06-29;14.4;21.0;27.61;0.0;18.574;2.38;23.28
1981-06-30;12.91;17.76;22.61;9.66;7.428;3.41;36.15
1981-07-01;15.25;22.07;28.9;1.16;28.389;2.2;24.03
1981-07-02;11.58;19.17;26.76;0.0;19.951;2.1;21.95
1981-07-03;15.58;24.48;33.38;0.0;23.75;1.39;16.75
1981-07-04;17.49;24.25;31.01;0.0;22.351;2.31;19.55
1981-07-05;15.62;21.54;27.46;0.8;28.356;1.65;20.94
1981-07-06;11.64;17.63;23.63;1.0;20.896;2.1;28.52
1981-07-07;13.03;19.7;26.36;1.14;28.647;1.59;28.12
1981-07-08;11.74;19.12;26.5;0.21;28.586;1.57;18.56
1981-07-09;12.16;19.84;27.52;0.0;27.558;1.39;18.48
1981-07-10;13.24;20.92;28.6;0.0;26.802;1.59;17.61
1981-07-11;12.71;20.82;28.92;0.0;26.632;0.89;16.63
1981-07-12;12.96;21.8;30.64;0.0;26.033;1.06;16.8
1981-07-13;15.51;20.68;25.85;7.44;15.473;2.1;45.57
1981-07-14;14.27;20.72;27.17;8.89;15.771;1.55;45.5
1981-07-15;16.08;22.75;29.43;0.0;26.645;2.22;26.53
1981-07-16;11.89;20.24;28.59;0.0;27.338;1.39;16.97
1981-07-17;15.03;24.05;33.07;0.0;24.122;1.96;14.87
1981-07-18;15.09;22.68;30.26;0.54;17.678;2.47;22.87
1981-07-19;15.59;23.77;31.96;0.0;24.93;0.57;19.97
1981-07-20;19.04;27.55;36.07;0.0;24.843;1.67;16.85
1981-07-21;19.95;26.96;33.98;3.68;22.914;0.38;27.22
1981-07-22;17.65;25.57;33.49;8.19;21.1;0.77;29.15
1981-07-23;16.96;22.36;27.76;5.4;11.826;1.59;47.36
1981-07-24;17.78;23.84;29.9;0.0;26.073;1.48;36.14
1981-07-25;16.4;19.99;23.58;12.37;11.84;1.39;53.97
1981-07-26;13.19;17.32;21.44;20.23;10.469;2.38;59.83
1981-07-27;13.36;20.12;26.87;0.75;22.85;2.22;45.58
1981-07-28;14.69;20.99;27.29;0.0;23.509;1.67;30.04
1981-07-29;14.13;21.39;28.66;0.7;24.191;0.58;28.06
1981-07-30;14.62;23.02;31.42;0.0;24.504;0.93;21.04
1981-07-31;18.15;25.79;33.42;0.0;23.53;1.81;20.2
1981-08-01;17.61;23.22;28.83;0.0;16.347;1.77;41.51
1981-08-02;14.02;20.87;27.71;3.64;15.194;1.66;24.69
1981-08-03;17.41;22.88;28.34;0.0;23.064;1.87;33.29
1981-08-04;15.35;20.52;25.68;0.0;17.245;3.12;48.94
1981-08-05;12.75;19.16;25.58;0.0;24.186;2.56;27.01
1981-08-06;9.29;18.31;27.33;0.0;24.339;1.63;18.24
1981-08-07;12.01;20.33;28.65;0.0;23.993;2.06;17.59
1981-08-08;12.18;20.96;29.74;0.0;24.017;1.78;14.88
1981-08-09;13.33;22.09;30.84;0.0;23.122;2.08;20.19
1981-08-10;15.54;21.41;27.28;0.19;22.429;3.13;27.38
1981-08-11;11.79;19.23;26.66;0.0;23.451;1.73;19.57
1981-08-12;11.71;20.41;29.12;0.0;22.794;1.68;15.36
1981-08-13;14.23;22.36;30.49;0.0;23.147;2.28;17.28
1981-08-14;13.26;21.64;30.03;0.0;17.787;2.86;18.73
1981-08-15;14.51;18.82;23.13;20.54;10.842;1.34;58.36
1981-08-16;13.82;17.74;21.66;4.02;16.012;1.73;58.06
1981-08-17;13.29;18.33;23.37;0.0;21.984;3.32;33.24
1981-08-18;13.6;19.23;24.86;0.0;21.11;2.38;35.92
1981-08-19;11.61;18.88;26.14;0.0;20.699;2.09;29.48
1981-08-20;13.51;20.81;28.11;0.0;21.481;1.2;24.31
1981-08-21;15.04;22.05;29.05;0.0;21.133;1.2;24.34
1981-08-22;15.55;22.59;29.64;0.0;21.826;1.3;22.21
1981-08-23;15.98;23.19;30.39;0.0;24.489;1.2;21.23
1981-08-24;14.21;21.27;28.34;0.0;22.302;1.89;22.73
1981-08-25;13.04;20.84;28.65;0.0;24.74;1.2;19.11
1981-08-26;13.16;21.01;28.85;0.0;20.87;2.9;20.82
1981-08-27;14.76;20.16;25.56;0.0;19.005;3.5;37.96
1981-08-28;10.17;16.2;22.24;0.0;14.894;2.9;39.22
1981-08-29;8.12;14.57;21.01;0.0;11.548;1.21;35.42
1981-08-30;9.66;16.32;22.99;0.0;16.928;2.34;34.97
1981-08-31;9.86;17.23;24.59;0.0;17.126;0.81;31.9
1981-09-01;13.14;20.19;27.24;0.0;20.383;1.31;21.91
1981-09-02;14.16;16.11;18.06;12.82;2.284;2.52;75.19
1981-09-03;13.92;14.98;16.05;5.99;2.283;2.1;78.76
1981-09-04;10.92;17.14;23.37;0.0;13.243;1.06;36.63
1981-09-05;10.57;17.59;24.62;0.0;19.065;0.59;29.54
1981-09-06;9.21;18.05;26.88;0.0;18.4;1.52;21.08
1981-09-07;11.81;19.86;27.91;0.0;18.401;2.7;23.65
1981-09-08;13.74;19.46;25.17;0.0;7.938;3.7;19.32
1981-09-09;13.96;20.08;26.2;0.0;15.555;2.52;32.59
1981-09-10;12.93;19.8;26.67;0.0;16.706;1.7;29.98
1981-09-11;13.35;19.64;25.93;0.0;17.889;1.91;28.07
1981-09-12;10.8;18.05;25.31;0.0;17.29;0.69;28.38
1981-09-13;11.15;18.74;26.33;0.0;17.468;1.62;22.71
1981-09-14;12.29;19.3;26.32;0.0;16.425;1.62;29.28
1981-09-15;11.2;18.42;25.64;0.0;17.428;1.41;27.9
1981-09-16;11.39;19.72;28.05;0.0;16.677;2.76;19.45
1981-09-17;12.22;15.75;19.28;11.92;2.698;1.86;49.64
1981-09-18;11.16;17.36;23.55;0.0;16.62;2.54;30.42
1981-09-19;8.16;15.35;22.54;0.0;16.691;2.36;28.41
1981-09-20;10.54;14.06;17.59;2.33;7.224;3.65;47.02
1981-09-21;6.63;12.41;18.2;4.29;8.815;3.49;37.91
1981-09-22;12.01;18.48;24.96;0.0;15.975;1.82;36.69
1981-09-23;9.05;18.43;27.8;0.0;16.127;1.51;25.05
1981-09-24;9.65;19.95;30.25;0.0;16.687;1.1;20.81
1981-09-25;11.44;20.3;29.16;0.0;15.645;2.82;26.94
1981-09-26;14.84;20.96;27.08;0.0;16.81;2.52;26.68
1981-09-27;8.92;16.36;23.79;0.0;16.789;1.82;23.1
1981-09-28;6.3;15.21;24.13;0.0;15.415;1.63;18.98
1981-09-29;9.67;17.94;26.21;0.0;15.581;1.81;21.42
1981-09-30;10.92;18.6;26.28;0.0;12.802;0.7;28.27
1981-10-01;12.18;19.31;26.44;0.0;10.452;0.38;26.51
1981-10-02;16.74;21.49;26.24;0.0;6.553;0.2;26.88
1981-10-03;15.89;22.2;28.5;0.0;12.855;0.89;26.37
1981-10-04;11.27;18.9;26.53;0.0;13.183;1.71;28.33
1981-10-05;12.28;17.5;22.71;0.0;12.619;0.89;36.15
1981-10-06;10.99;16.92;22.85;0.0;13.439;1.09;28.79
1981-10-07;9.41;15.76;22.1;0.0;13.225;1.51;30.08
1981-10-08;6.99;13.05;19.12;1.24;12.744;2.0;34.77
1981-10-09;3.07;10.46;17.84;0.0;12.978;0.68;23.57
1981-10-10;2.58;10.81;19.04;0.0;12.83;0.89;23.14
1981-10-11;2.59;11.21;19.84;0.0;12.514;1.61;19.99
1981-10-12;4.39;12.42;20.44;0.0;12.347;1.08;25.74
1981-10-13;5.25;13.39;21.54;0.0;10.534;2.03;26.18
1981-10-14;10.05;17.44;24.83;6.24;12.137;2.99;30.01
1981-10-15;12.75;18.66;24.56;0.0;13.306;1.71;41.09
1981-10-16;8.43;14.86;21.28;0.0;9.45;1.98;33.63
1981-10-17;6.39;10.14;13.9;1.12;2.58;3.28;59.49
1981-10-18;1.68;5.09;8.5;0.0;11.045;1.41;30.49
1981-10-19;-1.35;2.83;7.0;0.0;11.391;0.8;29.83
1981-10-20;-3.15;1.62;6.39;0.0;11.255;0.6;27.13
1981-10-21;-1.22;2.48;6.18;7.97;2.335;3.98;50.87
1981-10-22;8.45;15.64;22.83;0.0;10.905;3.3;51.65
1981-10-23;6.92;13.21;19.5;1.58;6.902;3.3;49.18
1981-10-24;2.37;6.32;10.27;0.0;8.324;3.19;38.93
1981-10-25;-1.44;3.7;8.84;0.0;10.674;0.69;34.55
1981-10-26;-2.58;3.41;9.4;0.0;10.305;1.28;34.85
1981-10-27;-1.43;4.28;9.99;0.0;10.168;2.07;34.83
1981-10-28;0.45;6.77;13.1;0.0;9.505;2.27;36.01
1981-10-29;0.93;8.06;15.2;0.0;9.891;2.46;31.98
1981-10-30;8.03;14.36;20.68;0.0;8.744;2.18;30.93
1981-10-31;7.24;11.81;16.38;0.0;3.682;1.41;56.32
1981-11-01;6.6;10.9;15.2;0.0;3.803;0.59;73.78
1981-11-02;5.85;11.37;16.89;0.0;5.739;0.85;51.7
1981-11-03;4.61;10.26;15.9;0.0;3.433;3.49;54.51
1981-11-04;8.92;14.0;19.08;1.33;7.199;4.15;50.61
1981-11-05;3.83;8.81;13.79;0.0;9.385;1.77;34.42
1981-11-06;0.11;4.9;9.69;0.0;8.68;0.66;31.86
1981-11-07;-1.5;5.17;11.83;0.0;9.332;1.55;28.2
1981-11-08;0.46;5.0;9.54;0.0;8.173;1.27;38.22
1981-11-09;-2.31;3.76;9.83;0.0;8.521;1.83;34.58
1981-11-10;-2.76;3.44;9.63;0.0;7.603;1.95;34.51
1981-11-11;2.14;7.08;12.03;4.14;2.128;2.65;37.69
1981-11-12;3.0;4.83;6.65;2.15;2.108;0.67;84.72
1981-11-13;-0.76;4.78;10.32;0.0;5.726;1.87;53.16
1981-11-14;3.81;10.4;16.99;0.0;6.175;2.31;42.11
1981-11-15;6.42;12.16;17.91;0.0;7.468;2.57;43.89
1981-11-16;5.67;10.66;15.64;0.0;8.059;3.88;53.33
1981-11-17;7.43;11.18;14.94;5.44;1.915;2.62;74.67
1981-11-18;2.39;4.63;6.86;3.22;2.268;1.17;83.66
1981-11-19;6.54;8.38;10.22;0.47;2.464;0.47;80.67
1981-11-20;6.32;7.49;8.65;1.88;1.935;0.49;81.6
1981-11-21;2.96;5.33;7.71;0.0;2.42;0.46;77.62
1981-11-22;0.91;4.63;8.36;0.0;4.25;0.98;67.58
1981-11-23;-0.46;3.44;7.35;0.0;3.478;2.07;68.33
1981-11-24;0.76;4.56;8.36;0.0;5.311;1.11;66.47
1981-11-25;-1.93;2.71;7.35;0.0;5.197;1.46;65.26
1981-11-26;-4.52;0.17;4.85;0.0;4.996;1.15;65.43
1981-11-27;-4.63;-0.11;4.41;0.0;6.623;0.89;56.85
1981-11-28;-3.95;0.18;4.31;0.0;7.703;3.54;65.6
1981-11-29;0.71;3.76;6.81;0.0;5.81;4.5;58.28
1981-11-30;3.19;5.88;8.56;0.0;5.687;4.28;58.74
1981-12-01;4.09;7.46;10.82;0.0;7.211;5.6;51.42
1981-12-02;6.34;9.06;11.79;0.0;5.947;5.58;65.1
1981-12-03;4.33;7.89;11.45;0.0;4.544;4.2;56.09
1981-12-04;1.77;6.85;11.94;0.0;4.598;2.4;50.52
1981-12-05;4.39;10.04;15.69;3.88;3.98;3.77;44.18
1981-12-06;3.55;6.85;10.14;0.0;5.957;1.24;45.17
1981-12-07;-0.19;3.29;6.77;3.67;2.19;2.7;47.69
1981-12-08;-3.58;-1.14;1.31;0.0;6.418;2.82;47.92
1981-12-09;-6.41;-4.47;-2.53;0.0;3.161;0.27;47.75
1981-12-10;-1.31;-0.47;0.38;3.99;1.863;1.02;71.89
1981-12-11;1.19;2.99;4.78;0.0;2.499;0.92;76.84
1981-12-12;-1.7;1.38;4.45;0.0;3.158;1.63;68.65
1981-12-13;-4.31;-0.62;3.07;0.0;4.616;1.43;68.41
1981-12-14;-3.42;-1.17;1.07;0.46;2.496;1.21;79.19
1981-12-15;-2.71;-0.08;2.54;0.0;3.547;1.58;77.13
1981-12-16;-3.6;-1.23;1.14;0.0;2.496;1.42;78.05
1981-12-17;-3.99;-0.14;3.71;2.02;4.806;3.64;72.27
1981-12-18;0.61;4.04;7.47;4.05;5.094;1.74;70.24
1981-12-19;-1.06;5.22;11.51;2.22;2.786;6.0;54.44
1981-12-20;1.15;3.62;6.09;0.35;4.927;2.08;68.24
1981-12-21;-0.18;5.87;11.91;0.0;4.692;2.46;61.49
1981-12-22;-1.1;1.7;4.5;0.0;3.697;1.08;67.81
1981-12-23;-4.82;-0.52;3.78;0.0;4.32;1.78;65.58
1981-12-24;-3.13;0.94;5.01;0.0;3.602;1.19;59.54
1981-12-25;-0.65;1.8;4.25;1.47;2.796;2.57;75.92
1981-12-26;-3.25;-0.33;2.58;0.0;3.764;1.8;62.7
1981-12-27;-4.34;-1.19;1.97;0.0;4.855;2.18;70.23
1981-12-28;-4.01;-1.02;1.97;0.0;4.555;2.08;66.49
1981-12-29;-4.18;-1.32;1.53;1.94;3.72;2.15;81.32
1981-12-30;-3.3;-1.22;0.85;0.0;4.649;3.8;55.28
1981-12-31;-10.16;-5.92;-1.68;0.0;5.2;1.5;46.7
1982-01-01;-17.72;-14.7;-11.67;1.17;5.596;1.39;15.75
1982-01-02;-19.45;-14.67;-9.89;0.91;4.798;0.99;22.48
1982-01-03;-17.73;-12.02;-6.3;0.53;5.445;2.11;30.59
1982-01-04;-14.84;-8.96;-3.08;0.0;4.569;2.69;46.85
1982-01-05;-7.38;-4.83;-2.29;1.44;3.298;0.92;87.71
1982-01-06;-10.71;-6.97;-3.22;0.0;6.638;1.21;77.23
1982-01-07;-11.32;-6.71;-2.1;0.0;5.962;1.89;73.03
1982-01-08;-10.63;-7.16;-3.69;0.0;4.395;1.5;82.08
1982-01-09;-12.27;-7.58;-2.89;0.0;5.417;3.05;76.26
1982-01-10;-11.48;-7.08;-2.67;0.0;7.01;1.99;74.24
1982-01-11;-12.29;-7.29;-2.29;0.0;6.924;3.02;67.16
1982-01-12;-9.67;-3.53;2.61;0.0;6.55;3.95;65.86
1982-01-13;-2.41;0.83;4.08;0.0;6.572;1.79;75.52
1982-01-14;-6.23;-3.15;-0.07;0.0;6.564;2.41;71.9
1982-01-15;-7.11;-2.57;1.98;0.0;5.399;1.9;67.77
1982-01-16;-1.57;3.13;7.82;0.0;5.702;3.31;54.19
1982-01-17;-3.09;1.62;6.32;0.0;4.596;2.82;61.19
1982-01-18;-2.12;1.6;5.33;0.0;6.045;1.9;49.99
1982-01-19;-2.7;2.25;7.2;0.0;6.041;3.8;48.95
1982-01-20;-0.34;3.08;6.51;4.94;3.321;2.91;69.69
1982-01-21;-4.0;-0.15;3.71;0.0;7.291;2.12;65.83
1982-01-22;-7.55;-3.46;0.62;0.0;3.802;0.78;71.81
1982-01-23;-5.1;-1.33;2.43;0.0;4.416;0.79;69.16
1982-01-24;-6.99;-2.02;2.95;0.0;6.261;1.36;57.95
1982-01-25;-6.05;-1.07;3.9;0.0;6.97;0.88;64.96
1982-01-26;-3.02;1.81;6.64;0.55;7.028;2.46;52.72
1982-01-27;-1.74;2.16;6.06;0.0;7.265;1.62;71.2
1982-01-28;-1.47;3.56;8.58;0.0;7.524;4.25;60.46
1982-01-29;0.68;3.0;5.32;0.0;4.493;4.34;76.67
1982-01-30;0.18;3.05;5.93;0.0;6.488;2.54;71.54
1982-01-31;-1.02;2.61;6.24;0.46;5.058;3.86;70.56
1982-02-01;-0.9;0.68;2.25;10.88;3.838;3.14;77.48
1982-02-02;0.43;2.54;4.66;0.0;4.498;2.97;71.53
1982-02-03;1.44;5.93;10.42;0.0;7.234;2.14;61.79
1982-02-04;2.07;8.02;13.96;0.0;8.482;2.91;45.98
1982-02-05;-0.21;4.89;10.0;0.0;7.969;3.91;61.77
1982-02-06;-0.42;4.3;9.03;0.0;7.821;2.12;52.11
1982-02-07;2.44;8.21;13.99;0.0;7.379;3.5;44.69
1982-02-08;3.18;9.77;16.36;0.0;8.943;3.69;41.76
1982-02-09;2.98;9.28;15.57;0.0;8.653;3.36;44.24
1982-02-10;0.81;4.5;8.2;5.31;3.999;3.73;75.37
1982-02-11;-0.06;3.09;6.24;0.0;7.543;3.43;70.35
1982-02-12;0.82;4.77;8.72;0.0;9.212;2.81;50.9
1982-02-13;-2.74;2.19;7.12;2.14;4.4;2.04;67.05
1982-02-14;-1.18;2.85;6.88;0.0;6.763;1.64;60.79
1982-02-15;-1.42;2.98;7.38;0.0;9.478;1.64;40.39
1982-02-16;-4.29;1.88;8.05;0.0;9.896;1.42;41.04
1982-02-17;-1.51;3.83;9.17;0.0;10.181;0.45;53.74
1982-02-18;-2.64;3.74;10.12;0.0;10.604;0.66;52.62
1982-02-19;-2.09;4.82;11.73;0.0;10.462;1.15;46.05
1982-02-20;-3.09;4.19;11.46;0.0;10.921;0.68;49.96
1982-02-21;-3.01;4.25;11.51;0.0;11.07;0.94;45.43
1982-02-22;-2.76;4.03;10.82;0.0;11.44;1.18;46.68
1982-02-23;-1.83;4.96;11.76;0.0;12.091;1.52;47.88
1982-02-24;-0.59;6.14;12.87;0.0;11.033;1.93;48.24
1982-02-25;2.19;5.65;9.11;3.32;10.212;2.8;55.33
1982-02-26;0.38;5.81;11.24;0.0;11.352;2.32;40.5
1982-02-27;2.35;9.11;15.86;3.52;4.735;3.32;43.16
1982-02-28;0.78;6.4;12.03;0.0;12.37;3.14;43.57
1982-03-01;-1.34;4.93;11.2;0.0;9.418;2.27;41.93
1982-03-02;-1.04;4.14;9.32;0.0;12.754;1.38;42.56
1982-03-03;-1.64;3.77;9.17;0.0;13.445;1.59;41.61
1982-03-04;-2.27;3.49;9.24;0.0;13.967;1.27;35.23
1982-03-05;-3.23;2.74;8.71;0.0;14.088;0.9;35.35
1982-03-06;-3.26;2.84;8.94;0.0;14.127;1.17;37.39
1982-03-07;-2.62;3.49;9.6;0.0;15.205;1.28;36.06
1982-03-08;-2.47;4.26;11.0;0.0;13.505;1.43;37.02
1982-03-09;-2.74;4.1;10.94;0.89;12.736;3.35;46.0
1982-03-10;2.44;6.13;9.81;0.0;7.629;2.69;50.46
1982-03-11;-0.97;4.98;10.94;0.0;14.13;1.3;40.36
1982-03-12;-3.2;3.68;10.56;0.0;14.265;0.87;39.07
1982-03-13;-0.37;8.31;16.99;0.0;15.713;2.14;32.05
1982-03-14;5.34;11.91;18.48;0.0;9.774;3.2;39.59
1982-03-15;7.05;14.12;21.19;0.0;14.226;2.86;32.41
1982-03-16;7.38;14.91;22.44;0.0;14.571;3.04;32.54
1982-03-17;4.47;12.78;21.09;2.72;16.401;2.73;38.23
1982-03-18;5.04;11.26;17.49;3.73;9.645;1.66;48.53
1982-03-19;4.36;10.11;15.85;0.0;12.522;3.27;31.78
1982-03-20;7.1;13.04;18.99;2.23;14.747;3.82;30.73
1982-03-21;5.32;11.73;18.15;0.95;14.085;2.2;38.25
1982-03-22;4.35;10.32;16.29;0.29;6.109;4.43;52.7
1982-03-23;5.91;14.55;23.19;0.0;17.366;3.99;29.7
1982-03-24;10.21;17.11;24.01;2.74;12.804;2.39;30.89
1982-03-25;7.71;15.58;23.45;0.0;18.536;0.7;32.73
1982-03-26;6.39;14.3;22.22;0.0;17.704;0.61;39.12
1982-03-27;6.83;14.87;22.91;0.0;17.768;0.8;35.5
1982-03-28;5.86;13.73;21.61;4.22;13.91;1.23;41.76
1982-03-29;9.09;13.14;17.19;0.0;5.994;2.8;46.74
1982-03-30;8.65;13.7;18.74;0.0;10.592;0.85;41.34
1982-03-31;7.15;12.38;17.61;0.0;10.091;1.3;48.94
1982-04-01;7.96;12.85;17.74;0.0;10.83;2.39;38.33
1982-04-02;6.35;14.13;21.9;0.0;17.201;4.15;30.57
1982-04-03;9.38;15.71;22.05;0.0;15.352;3.11;34.24
1982-04-04;6.53;14.21;21.88;0.0;18.52;0.75;33.05
1982-04-05;10.32;16.13;21.94;0.0;10.05;4.39;41.5
1982-04-06;8.03;14.91;21.78;0.0;20.594;3.66;35.02
1982-04-07;8.54;14.96;21.38;0.0;11.336;2.87;39.2
1982-04-08;9.3;14.76;20.21;1.05;7.803;3.41;44.26
1982-04-09;3.37;6.71;10.04;18.99;5.419;4.66;63.81
1982-04-10;3.55;5.28;7.01;5.87;6.654;4.18;70.72
1982-04-11;1.27;7.27;13.27;0.0;20.718;1.3;30.8
1982-04-12;1.38;7.35;13.31;0.0;14.458;3.49;34.14
1982-04-13;-1.02;4.08;9.18;0.0;20.616;1.15;29.61
1982-04-14;0.64;7.71;14.77;0.0;18.633;4.2;34.23
1982-04-15;1.62;7.49;13.37;0.0;13.295;2.32;39.6
1982-04-16;0.87;7.95;15.04;0.0;20.047;0.8;32.22
1982-04-17;2.65;8.92;15.19;0.0;19.128;1.18;35.39
1982-04-18;2.71;10.08;17.45;0.0;23.001;1.42;30.47
1982-04-19;5.96;12.45;18.93;0.0;24.341;1.44;28.39
1982-04-20;3.7;11.52;19.34;0.0;21.491;1.01;28.31
1982-04-21;5.69;10.98;16.27;1.76;7.429;2.94;47.82
1982-04-22;4.95;12.23;19.51;0.0;21.125;3.54;32.27
1982-04-23;4.59;12.23;19.88;1.02;17.074;1.54;41.92
1982-04-24;11.12;15.3;19.49;7.31;5.648;1.21;67.67
1982-04-25;11.66;18.41;25.15;3.07;18.776;2.66;47.21
1982-04-26;9.12;15.47;21.83;13.7;13.837;2.0;47.81
1982-04-27;11.64;16.65;21.66;0.0;22.559;4.28;41.18
1982-04-28;8.05;14.69;21.33;3.13;19.361;2.62;37.95
1982-04-29;9.14;14.92;20.69;0.0;19.538;2.41;45.76
1982-04-30;7.41;13.61;19.81;0.0;19.905;2.38;41.18
1982-05-01;7.09;12.55;18.01;0.0;15.955;3.16;39.95
1982-05-02;4.29;12.46;20.62;0.0;21.062;1.91;35.35
1982-05-03;6.87;12.39;17.91;6.79;9.123;1.6;59.23
1982-05-04;8.01;14.83;21.65;3.41;19.113;2.61;49.69
1982-05-05;7.59;11.87;16.15;0.0;16.483;2.98;44.75
1982-05-06;4.2;9.59;14.97;0.0;25.093;1.21;26.36
1982-05-07;3.4;8.98;14.57;0.36;13.508;2.85;46.89
1982-05-08;6.98;11.18;15.38;12.43;9.47;3.19;61.93
1982-05-09;7.77;13.65;19.53;2.57;12.197;2.61;63.27
1982-05-10;9.06;14.43;19.81;0.0;15.461;4.7;55.34
1982-05-11;12.06;17.34;22.62;0.0;24.656;3.81;42.08
1982-05-12;10.96;17.58;24.19;0.0;27.17;2.32;39.23
1982-05-13;8.3;17.46;26.62;0.0;24.155;1.33;38.17
1982-05-14;12.21;17.32;22.43;1.54;9.387;3.59;47.21
1982-05-15;14.96;22.64;30.33;0.0;24.03;1.7;40.58
1982-05-16;14.57;20.95;27.32;0.0;25.008;2.4;35.86
1982-05-17;13.1;18.34;23.57;0.0;21.085;3.56;41.26
1982-05-18;10.58;16.48;22.37;0.0;23.123;2.51;39.3
1982-05-19;8.82;14.77;20.71;0.0;19.149;2.59;38.1
1982-05-20;8.91;17.62;26.32;0.0;27.5;1.09;30.91
1982-05-21;10.92;17.63;24.34;4.67;15.146;2.0;39.02
1982-05-22;13.61;18.62;23.63;0.0;19.866;3.9;51.09
1982-05-23;11.33;18.05;24.77;0.0;13.623;1.84;45.98
1982-05-24;13.68;20.73;27.77;0.0;22.377;1.11;40.57
1982-05-25;15.17;21.29;27.41;0.0;25.342;2.34;38.91
1982-05-26;9.62;17.84;26.06;0.0;21.114;2.46;28.07
1982-05-27;12.43;19.24;26.06;1.12;25.452;1.21;29.59
1982-05-28;13.61;19.89;26.17;0.0;20.958;3.36;31.4
1982-05-29;12.14;20.05;27.97;0.0;20.127;2.93;23.41
1982-05-30;16.36;24.07;31.78;2.22;22.732;3.56;16.43
1982-05-31;10.18;16.14;22.11;17.41;6.639;3.97;33.09
1982-06-01;12.14;18.27;24.4;1.0;23.409;2.03;50.11
1982-06-02;7.76;12.55;17.34;1.05;14.687;1.05;60.52
1982-06-03;8.27;14.56;20.86;0.0;27.591;2.93;32.27
1982-06-04;6.84;14.81;22.79;0.0;27.889;2.3;24.39
1982-06-05;7.46;14.83;22.19;2.03;17.758;3.16;35.46
1982-06-06;12.44;18.21;23.99;0.0;23.896;3.24;38.75
1982-06-07;8.7;17.21;25.73;0.0;24.521;1.71;26.16
1982-06-08;13.67;19.7;25.73;0.0;19.813;1.69;40.47
1982-06-09;13.45;19.82;26.19;0.0;28.913;1.7;21.31
1982-06-10;12.71;19.91;27.12;0.0;28.261;2.98;21.03
1982-06-11;13.97;21.14;28.3;0.0;28.276;3.16;21.98
1982-06-12;14.32;19.9;25.48;5.37;15.841;3.39;41.66
1982-06-13;16.68;22.64;28.6;0.0;29.258;3.01;24.91
1982-06-14;12.26;17.26;22.26;0.0;17.969;1.77;30.0
1982-06-15;11.69;18.73;25.76;0.0;29.881;1.11;22.29
1982-06-16;8.39;16.02;23.65;1.23;18.562;1.93;17.44
1982-06-17;15.79;20.45;25.11;9.66;13.671;1.01;46.99
1982-06-18;17.1;24.64;32.18;0.0;31.336;1.83;26.61
1982-06-19;14.51;20.29;26.06;2.93;20.73;1.83;38.53
1982-06-20;13.56;21.18;28.8;0.0;26.117;0.6;29.65
1982-06-21;14.53;22.68;30.83;0.0;24.405;0.6;20.43
1982-06-22;15.92;23.21;30.5;6.97;20.685;1.53;31.86
1982-06-23;17.28;23.79;30.3;2.91;22.346;0.69;46.04
1982-06-24;15.72;21.87;28.01;3.5;20.517;0.9;50.22
1982-06-25;15.08;23.0;30.93;0.0;25.941;1.1;31.04
1982-06-26;15.28;23.13;30.99;0.0;27.031;2.1;15.61
1982-06-27;12.65;19.51;26.37;0.0;19.627;2.97;18.25
1982-06-28;15.75;22.79;29.83;0.0;26.049;2.1;17.7
1982-06-29;15.7;23.11;30.51;0.0;27.324;0.72;18.27
1982-06-30;14.13;20.96;27.78;4.43;19.445;0.68;32.87
1982-07-01;16.05;24.09;32.14;2.77;24.365;0.38;30.58
1982-07-02;16.77;22.14;27.51;6.22;16.476;0.29;44.47
1982-07-03;16.34;22.94;29.53;5.52;20.341;0.88;48.37
1982-07-04;15.99;21.95;27.91;14.39;16.182;1.29;52.01
1982-07-05;17.76;25.43;33.09;4.4;24.08;0.46;51.84
1982-07-06;16.86;24.37;31.87;4.65;23.069;0.67;47.05
1982-07-07;15.42;24.71;34.0;0.0;25.783;1.18;28.91
1982-07-08;15.16;24.07;32.98;2.33;21.534;1.66;22.94
1982-07-09;19.44;28.49;37.54;0.0;26.398;0.84;29.46
1982-07-10;18.79;27.54;36.3;4.26;23.43;0.67;25.31
1982-07-11;20.27;28.58;36.88;3.05;23.41;1.03;36.83
1982-07-12;16.54;21.16;25.78;6.53;10.262;0.56;48.16
1982-07-13;17.14;25.39;33.64;3.05;23.93;2.16;29.66
1982-07-14;16.79;20.38;23.98;0.0;10.787;2.87;29.48
1982-07-15;14.57;20.12;25.67;0.0;15.117;2.65;12.07
1982-07-16;15.9;24.09;32.28;0.0;27.213;2.2;10.54
1982-07-17;11.22;17.16;23.11;2.51;7.195;2.57;13.7
1982-07-18;14.48;20.62;26.76;2.78;12.369;0.98;19.86
1982-07-19;17.97;24.19;30.41;3.28;17.672;0.6;26.59
1982-07-20;15.48;22.48;29.48;3.12;16.838;1.78;27.39
1982-07-21;17.97;25.79;33.62;0.0;24.856;1.69;28.54
1982-07-22;18.47;25.19;31.91;0.0;23.602;1.07;31.63
1982-07-23;17.11;24.21;31.31;0.0;23.7;0.59;21.09
1982-07-24;16.94;23.44;29.94;0.0;19.392;0.38;21.39
1982-07-25;16.65;24.44;32.23;0.0;23.515;0.38;19.86
1982-07-26;17.65;26.18;34.7;0.0;22.141;1.27;21.48
1982-07-27;18.99;26.6;34.21;0.0;21.73;0.28;22.09
1982-07-28;18.24;27.52;36.81;0.0;23.022;0.35;17.74
1982-07-29;20.12;27.95;35.77;0.0;23.758;0.98;20.71
1982-07-30;20.13;27.96;35.79;0.0;23.698;0.57;22.33
1982-07-31;20.18;27.32;34.46;0.0;22.907;1.38;25.85
1982-08-01;18.65;25.36;32.06;0.0;23.757;0.67;21.14
1982-08-02;16.7;24.87;33.04;0.0;23.98;0.98;17.45
1982-08-03;19.53;27.78;36.02;0.0;28.168;2.06;14.13
1982-08-04;18.2;25.19;32.17;0.0;17.978;1.54;26.45
1982-08-05;17.99;23.95;29.91;0.0;23.465;1.23;22.02
1982-08-06;14.61;22.38;30.16;0.0;24.758;2.26;16.79
1982-08-07;14.85;22.68;30.51;0.0;24.2;2.43;18.46
1982-08-08;13.26;22.54;31.83;0.0;23.79;2.09;13.23
1982-08-09;14.4;23.63;32.85;0.0;22.007;3.15;17.0
1982-08-10;18.55;24.86;31.16;0.0;23.745;2.18;21.91
1982-08-11;16.76;23.09;29.41;0.0;24.084;1.29;19.22
1982-08-12;13.82;20.05;26.29;0.0;14.894;2.57;18.93
1982-08-13;12.96;19.23;25.51;0.0;23.173;2.28;21.92
1982-08-14;11.27;19.59;27.9;0.0;22.041;2.08;20.04
1982-08-15;14.27;21.91;29.54;0.0;20.558;0.58;21.25
1982-08-16;16.26;23.72;31.17;0.0;21.998;0.98;18.89
1982-08-17;16.84;24.6;32.37;0.0;21.599;1.19;17.68
1982-08-18;14.33;21.88;29.43;0.0;15.355;0.69;22.23
1982-08-19;17.7;24.32;30.94;0.0;19.432;1.38;25.31
1982-08-20;15.56;23.37;31.18;0.0;21.89;1.48;17.22
1982-08-21;12.78;21.54;30.29;0.0;22.049;1.81;14.11
1982-08-22;13.17;22.05;30.92;0.0;21.777;2.3;14.41
1982-08-23;14.35;22.59;30.84;0.0;21.5;2.3;17.78
1982-08-24;13.48;21.26;29.03;0.0;21.5;2.34;14.92
1982-08-25;10.23;18.95;27.68;0.87;21.392;2.71;9.85
1982-08-26;8.98;18.22;27.46;1.56;21.045;2.48;8.37
1982-08-27;11.74;20.82;29.91;0.0;20.647;2.3;11.75
1982-08-28;11.98;21.41;30.83;0.43;20.445;2.4;10.21
1982-08-29;12.78;22.25;31.72;0.34;20.022;2.49;11.17
1982-08-30;16.4;24.98;33.57;0.0;19.999;1.49;17.52
1982-08-31;19.37;26.25;33.13;0.0;19.024;2.21;23.11
1982-09-01;16.51;21.73;26.96;0.0;17.114;0.91;31.31
1982-09-02;14.9;20.52;26.14;0.0;19.586;0.81;25.44
1982-09-03;12.19;18.07;23.95;0.0;16.575;0.91;25.67
1982-09-04;12.48;18.55;24.61;0.0;19.357;0.81;24.1
1982-09-05;11.89;18.26;24.62;0.0;17.907;1.61;34.75
1982-09-06;15.63;16.04;16.45;9.33;1.401;0.24;88.23
1982-09-07;11.82;16.84;21.87;2.97;3.757;0.84;59.52
1982-09-08;10.07;17.3;24.52;0.0;18.316;1.21;27.04
1982-09-09;8.55;16.55;24.55;0.0;18.401;1.91;24.27
1982-09-10;9.99;17.88;25.76;0.0;17.501;3.01;25.35
1982-09-11;9.78;15.04;20.29;0.0;19.19;2.26;23.05
1982-09-12;7.71;14.86;22.01;0.0;17.303;3.5;23.07
1982-09-13;6.49;12.81;19.13;0.0;18.23;0.8;24.02
1982-09-14;5.16;13.34;21.52;0.0;17.785;1.41;20.25
1982-09-15;8.22;16.04;23.85;0.0;17.4;1.71;22.16
1982-09-16;8.24;16.6;24.96;0.0;17.188;1.4;21.05
1982-09-17;9.64;17.19;24.73;0.0;16.811;1.0;24.54
1982-09-18;8.61;17.2;25.8;0.0;16.885;1.89;18.52
1982-09-19;11.47;18.77;26.07;1.66;16.03;2.93;20.54
1982-09-20;9.28;14.36;19.44;8.0;14.541;2.8;45.69
1982-09-21;5.13;9.82;14.52;7.66;13.946;1.99;31.88
1982-09-22;6.51;12.74;18.97;1.74;15.888;2.97;35.83
1982-09-23;7.15;11.89;16.62;2.0;9.049;2.9;46.78
1982-09-24;5.59;12.14;18.7;0.0;16.017;0.99;33.83
1982-09-25;5.44;12.87;20.3;0.0;16.53;0.8;32.61
1982-09-26;8.88;14.56;20.24;0.0;9.588;0.59;48.84
1982-09-27;6.51;13.41;20.31;16.79;8.573;4.29;41.51
1982-09-28;8.33;12.64;16.96;0.48;13.424;4.99;60.59
1982-09-29;5.67;10.09;14.52;0.0;14.697;4.7;31.41
1982-09-30;4.32;9.43;14.54;0.0;14.443;3.64;30.25
1982-10-01;4.3;9.37;14.43;0.0;14.697;3.17;30.94
1982-10-02;5.43;10.98;16.53;0.0;12.715;2.9;38.0
1982-10-03;3.6;10.35;17.09;0.0;14.59;1.9;33.0
1982-10-04;4.03;11.36;18.69;0.0;13.878;2.2;30.2
1982-10-05;6.11;12.57;19.04;0.0;7.708;2.2;33.84
1982-10-06;6.41;14.06;21.72;0.0;13.367;2.21;33.21
1982-10-07;9.12;16.12;23.12;0.0;13.097;2.69;34.36
1982-10-08;10.51;16.56;22.61;0.0;13.116;2.49;38.03
1982-10-09;7.96;15.59;23.21;0.0;12.286;2.69;30.67
1982-10-10;11.0;17.8;24.59;0.0;11.997;2.24;30.02
1982-10-11;8.43;16.21;24.0;0.0;11.935;0.89;30.37
1982-10-12;7.52;15.8;24.08;0.0;11.796;1.41;26.64
1982-10-13;8.71;15.91;23.1;0.0;11.74;1.51;29.52
1982-10-14;8.73;15.68;22.63;0.0;12.083;0.88;37.07
1982-10-15;7.42;15.02;22.61;0.0;11.661;1.78;28.76
1982-10-16;7.41;12.7;17.98;1.58;3.264;3.3;45.03
1982-10-17;7.98;13.62;19.26;0.0;11.853;2.37;36.21
1982-10-18;7.0;10.82;14.64;2.67;2.545;3.48;62.1
1982-10-19;10.97;17.45;23.93;0.9;12.576;1.17;50.78
1982-10-20;7.49;14.02;20.54;0.0;11.292;0.8;44.97
1982-10-21;9.14;15.55;21.97;0.0;9.602;2.54;43.94
1982-10-22;7.34;14.19;21.04;0.0;10.36;1.4;39.43
1982-10-23;4.74;11.73;18.72;0.0;9.786;0.55;37.11
1982-10-24;4.53;11.61;18.69;0.0;9.615;1.09;37.53
1982-10-25;6.78;12.98;19.18;0.0;5.257;2.25;37.73
1982-10-26;7.92;11.54;15.17;6.49;2.242;2.38;67.36
1982-10-27;8.69;12.33;15.97;0.0;6.028;2.47;49.9
1982-10-28;4.5;9.64;14.79;0.0;10.013;2.68;38.56
1982-10-29;2.53;8.13;13.72;1.91;9.812;2.07;43.42
1982-10-30;8.28;12.1;15.92;1.8;2.69;3.76;63.45
1982-10-31;5.85;9.88;13.92;0.0;8.402;2.51;34.43
1982-11-01;7.23;10.89;14.56;0.0;3.285;2.77;43.2
1982-11-02;1.74;6.92;12.11;0.0;9.504;1.28;35.65
1982-11-03;-0.46;6.82;14.11;0.0;8.399;3.09;32.86
1982-11-04;5.19;9.62;14.05;1.83;2.993;4.06;53.99
1982-11-05;0.3;5.46;10.62;0.0;8.977;1.75;30.96
1982-11-06;-1.56;2.89;7.35;2.47;2.627;0.86;45.23
1982-11-07;-2.31;3.08;8.48;0.0;6.093;2.15;49.07
1982-11-08;-0.91;5.91;12.73;0.0;7.732;2.06;44.27
1982-11-09;1.49;8.5;15.51;0.0;9.312;1.36;38.31
1982-11-10;5.31;6.32;7.34;0.97;2.151;1.42;81.78
1982-11-11;3.96;6.18;8.4;2.89;2.147;4.31;77.98
1982-11-12;4.99;6.75;8.52;9.83;1.535;3.12;81.4
1982-11-13;5.84;9.43;13.01;0.0;4.169;3.97;78.6
1982-11-14;7.73;9.75;11.77;0.0;2.806;5.49;81.96
1982-11-15;2.27;2.62;2.97;7.72;1.616;3.97;82.1
1982-11-16;4.46;5.92;7.39;1.97;1.939;2.79;83.28
1982-11-17;5.01;8.16;11.32;0.0;5.64;1.86;76.54
1982-11-18;5.97;8.32;10.67;3.08;1.917;1.15;83.16
1982-11-19;9.99;14.79;19.58;0.0;3.019;4.02;52.05
1982-11-20;3.99;7.45;10.9;12.25;1.349;3.18;75.75
1982-11-21;0.01;4.55;9.1;3.62;4.399;2.8;52.19
1982-11-22;1.91;4.9;7.89;4.87;6.125;5.86;63.02
1982-11-23;-5.32;-0.57;4.18;0.0;6.517;5.07;26.29
1982-11-24;-7.85;-4.26;-0.68;0.0;6.264;2.19;9.31
1982-11-25;-13.18;-7.96;-2.73;0.0;5.981;0.63;10.46
1982-11-26;-15.17;-7.88;-0.58;0.0;5.867;1.8;21.45
1982-11-27;-14.14;-7.75;-1.36;0.0;6.617;2.95;31.94
1982-11-28;-10.64;-4.57;1.5;0.0;5.934;3.73;45.24
1982-11-29;-6.41;-1.86;2.68;0.0;6.993;3.1;71.74
1982-11-30;-2.45;2.11;6.67;0.71;7.249;5.49;67.19
1982-12-01;0.01;4.88;9.74;0.61;6.649;2.7;65.47
1982-12-02;0.54;2.64;4.73;1.09;5.537;2.18;72.14
1982-12-03;1.83;8.51;15.19;0.0;4.364;4.7;45.13
1982-12-04;1.3;5.11;8.92;0.0;7.134;3.32;68.59
1982-12-05;-1.3;1.95;5.2;0.0;4.685;1.38;59.82
1982-12-06;-3.26;0.74;4.74;0.0;4.48;1.98;67.75
1982-12-07;-2.04;1.22;4.48;0.0;4.506;2.81;66.2
1982-12-08;-3.14;1.29;5.72;0.0;5.945;1.63;58.68
1982-12-09;-0.17;5.1;10.37;0.0;3.215;3.52;52.44
1982-12-10;-0.39;5.42;11.23;0.0;3.238;4.97;46.86
1982-12-11;-0.36;2.26;4.89;0.0;6.331;4.3;54.08
1982-12-12;-0.22;1.95;4.12;0.0;4.908;4.64;60.84
1982-12-13;-0.25;2.25;4.75;0.0;5.94;4.18;55.13
1982-12-14;-2.01;1.27;4.54;0.0;4.321;2.4;64.69
1982-12-15;-0.93;1.86;4.66;0.0;4.018;2.81;56.69
1982-12-16;1.97;4.67;7.36;3.07;2.051;4.26;52.44
1982-12-17;-1.83;1.71;5.24;1.12;5.308;3.94;41.68
1982-12-18;-3.77;-0.06;3.65;0.0;5.122;1.93;59.26
1982-12-19;-2.59;-0.13;2.34;0.0;4.431;2.15;60.23
1982-12-20;0.34;5.6;10.86;0.0;6.628;3.31;50.87
1982-12-21;-1.53;0.46;2.45;0.0;4.463;4.41;42.02
1982-12-22;-4.52;-3.1;-1.68;0.0;4.392;3.8;39.91
1982-12-23;-7.51;-5.1;-2.69;0.0;4.531;2.57;44.7
1982-12-24;-10.65;-8.07;-5.48;1.94;2.88;0.92;48.03
1982-12-25;-0.37;3.77;7.92;0.6;7.684;1.8;56.8
1982-12-26;-5.64;-2.05;1.53;0.63;4.811;4.11;55.28
1982-12-27;-5.78;-1.17;3.45;0.0;4.045;2.87;55.0
1982-12-28;-1.54;4.13;9.81;6.24;2.777;3.39;55.54
1982-12-29;-0.75;1.64;4.03;0.0;3.567;2.01;79.36
1982-12-30;-5.95;-3.49;-1.02;0.0;5.606;3.01;59.91
1982-12-31;-13.13;-9.34;-5.55;13.61;3.123;2.17;67.08
1983-01-01;-3.0;-1.43;0.15;2.44;2.694;2.89;82.08
1983-01-02;-6.55;-4.96;-3.37;0.0;5.409;4.4;63.95
1983-01-03;-7.1;-2.54;2.02;1.25;3.688;4.91;66.23
1983-01-04;0.2;3.0;5.81;0.0;4.438;3.6;62.19
1983-01-05;-0.54;2.54;5.63;0.0;4.569;2.25;70.3
1983-01-06;-1.48;1.74;4.95;0.0;5.093;1.89;71.95
1983-01-07;-4.58;-0.12;4.35;0.0;5.319;1.19;67.83
1983-01-08;-5.47;0.25;5.96;0.0;7.746;1.51;69.26
1983-01-09;0.04;1.61;3.19;0.81;3.166;1.14;84.05
1983-01-10;0.02;2.95;5.88;0.0;3.508;1.38;77.32
1983-01-11;-2.29;2.13;6.56;4.41;6.014;2.09;61.54
1983-01-12;-1.4;0.6;2.61;0.36;6.073;3.75;77.34
1983-01-13;-3.54;-0.71;2.12;0.0;4.627;2.61;77.25
1983-01-14;-2.25;0.18;2.61;1.2;5.779;2.82;67.93
1983-01-15;-1.99;-0.23;1.52;0.0;3.826;0.67;69.13
1983-01-16;-4.06;-0.27;3.51;0.0;6.311;0.65;67.06
1983-01-17;-7.73;-2.55;2.63;0.0;6.569;1.02;72.97
1983-01-18;-7.48;-2.67;2.14;0.0;6.905;1.19;77.28
1983-01-19;-7.91;-2.49;2.94;0.0;6.567;1.21;72.28
1983-01-20;-3.99;0.82;5.64;0.0;7.693;0.78;71.73
1983-01-21;0.88;2.04;3.21;0.0;3.807;0.35;81.3
1983-01-22;-2.24;0.99;4.22;0.0;4.11;0.49;72.98
1983-01-23;-4.63;0.02;4.67;0.0;6.431;1.92;64.14
1983-01-24;-0.52;3.58;7.69;0.0;7.523;2.14;50.36
1983-01-25;-4.11;-2.97;-1.83;0.27;3.748;2.64;90.35
1983-01-26;-2.87;0.17;3.21;0.0;6.948;2.15;56.48
1983-01-27;-6.98;-2.41;2.17;0.0;7.929;2.03;66.4
1983-01-28;-5.46;-2.23;0.99;0.64;3.935;1.97;73.91
1983-01-29;-2.21;1.16;4.53;0.0;7.915;3.05;64.36
1983-01-30;-7.22;-1.81;3.59;0.0;8.534;1.2;68.49
1983-01-31;-8.56;-2.48;3.61;0.0;8.84;1.2;67.31
1983-02-01;-7.37;-1.44;4.49;0.0;8.529;1.9;64.45
1983-02-02;-1.86;3.31;8.48;0.0;5.282;3.28;59.35
1983-02-03;2.29;8.23;14.17;0.0;4.399;4.11;51.41
1983-02-04;2.4;8.2;13.99;0.0;9.212;2.22;63.74
1983-02-05;3.19;8.83;14.46;1.17;6.748;2.13;59.94
1983-02-06;2.95;7.68;12.4;0.0;9.225;4.33;61.12
1983-02-07;-0.4;3.3;7.0;0.0;8.029;2.02;59.94
1983-02-08;-2.29;0.5;3.29;0.0;5.649;3.09;71.18
1983-02-09;-2.53;1.1;4.73;0.0;7.912;2.22;49.64
1983-02-10;-8.59;-4.38;-0.16;0.0;5.962;0.41;72.25
1983-02-11;-7.67;-2.38;2.91;0.0;10.157;0.7;63.78
1983-02-12;-8.47;-2.27;3.94;0.0;10.149;0.7;54.76
1983-02-13;-7.56;-3.34;0.88;0.0;8.599;3.34;54.51
1983-02-14;-5.86;-2.19;1.49;0.0;9.214;4.04;33.44
1983-02-15;-7.21;-2.96;1.28;0.0;9.222;4.04;43.22
1983-02-16;-5.86;-1.18;3.51;0.0;9.268;3.44;37.32
1983-02-17;-4.07;-0.61;2.85;0.81;10.74;2.83;26.99
1983-02-18;-7.39;-2.81;1.76;0.12;10.368;1.56;32.17
1983-02-19;-4.87;0.03;4.93;0.92;9.612;2.92;26.83
1983-02-20;-1.92;3.12;8.15;0.0;10.46;2.89;46.37
1983-02-21;-1.07;4.34;9.76;0.0;10.46;1.72;48.68
1983-02-22;-2.12;3.85;9.83;0.0;10.956;1.92;47.23
1983-02-23;-0.59;4.21;9.02;0.0;10.893;1.84;44.39
1983-02-24;-2.88;1.25;5.37;0.0;12.23;1.56;39.43
1983-02-25;-4.26;0.25;4.76;0.0;10.931;1.28;27.85
1983-02-26;-5.75;0.04;5.82;0.0;10.99;2.46;36.55
1983-02-27;-3.26;3.12;9.49;0.0;13.55;2.73;42.88
1983-02-28;-1.45;3.09;7.64;0.0;11.236;0.8;54.24
1983-03-01;-2.77;2.96;8.69;0.0;13.37;0.89;40.14
1983-03-02;-2.77;4.77;12.3;0.0;13.419;2.03;34.47
1983-03-03;-1.67;6.08;13.82;0.0;13.719;1.77;40.52
1983-03-04;-0.28;7.61;15.49;0.0;14.31;1.78;35.16
1983-03-05;1.49;8.66;15.83;0.0;13.764;2.01;39.27
1983-03-06;2.2;9.58;16.96;0.0;13.781;2.53;37.84
1983-03-07;3.17;11.21;19.26;0.0;14.424;2.72;38.82
1983-03-08;6.53;13.53;20.52;0.0;7.128;1.82;37.25
1983-03-09;6.34;12.39;18.45;4.53;8.757;3.61;39.89
1983-03-10;-0.22;2.93;6.07;2.84;4.964;2.64;63.7
1983-03-11;-0.41;2.27;4.94;0.0;7.199;0.68;62.98
1983-03-12;2.8;6.38;9.96;7.58;4.534;1.45;63.82
1983-03-13;1.46;5.28;9.09;0.0;8.936;2.14;56.99
1983-03-14;1.27;4.38;7.48;0.0;8.133;0.76;61.22
1983-03-15;0.45;3.56;6.66;0.0;8.298;2.64;61.1
1983-03-16;2.8;7.81;12.82;0.0;15.602;3.35;40.64
1983-03-17;0.7;6.29;11.88;0.0;12.339;3.12;46.18
1983-03-18;1.48;6.92;12.37;0.0;14.71;2.75;45.26
1983-03-19;0.5;6.88;13.27;0.0;13.761;2.6;41.28
1983-03-20;-0.72;6.5;13.71;0.0;16.333;1.59;35.99
1983-03-21;-0.85;7.23;15.31;0.0;16.152;1.89;33.84
1983-03-22;-0.84;7.33;15.5;0.0;17.323;2.5;37.81
1983-03-23;0.51;8.14;15.78;0.0;16.717;3.37;41.2
1983-03-24;1.45;8.86;16.27;0.0;18.054;3.44;41.63
1983-03-25;1.99;9.19;16.39;0.0;18.497;2.9;33.15
1983-03-26;2.31;9.13;15.95;0.0;16.751;1.4;37.09
1983-03-27;1.58;9.53;17.48;0.0;17.553;0.7;31.72
1983-03-28;1.2;10.25;19.3;0.0;18.961;1.4;29.64
1983-03-29;2.72;11.6;20.48;0.0;17.692;1.27;29.78
1983-03-30;7.16;13.08;19.0;0.0;9.749;1.21;37.62
1983-03-31;4.26;10.95;17.63;0.0;17.455;1.58;34.31
1983-04-01;6.93;12.75;18.57;0.0;9.875;1.58;39.33
1983-04-02;4.01;9.57;15.13;0.0;12.872;2.92;35.58
1983-04-03;2.18;8.33;14.48;1.35;18.122;2.2;17.84
1983-04-04;1.68;7.2;12.72;1.11;18.948;1.59;20.83
1983-04-05;-0.8;7.39;15.59;0.0;19.615;2.93;28.98
1983-04-06;8.03;13.77;19.5;0.0;11.493;2.18;42.68
1983-04-07;7.49;15.13;22.76;0.0;18.871;3.58;35.61
1983-04-08;8.95;15.65;22.35;0.0;14.56;2.6;37.56
1983-04-09;9.04;16.02;23.0;0.0;11.261;3.49;34.6
1983-04-10;9.61;16.39;23.18;0.0;12.925;3.49;34.56
1983-04-11;6.87;13.35;19.82;4.64;9.414;3.26;48.62
1983-04-12;4.6;12.29;19.99;0.0;19.441;1.93;34.9
1983-04-13;2.12;7.88;13.65;13.35;10.625;2.76;47.93
1983-04-14;7.11;11.36;15.6;1.09;5.739;2.21;61.39
1983-04-15;6.54;12.88;19.22;0.0;18.723;2.12;43.02
1983-04-16;2.76;5.31;7.87;21.9;6.161;2.38;75.11
1983-04-17;6.27;8.93;11.6;11.48;7.025;6.2;75.79
1983-04-18;5.94;8.9;11.87;10.66;6.394;6.08;75.8
1983-04-19;8.37;12.2;16.04;2.72;6.369;2.22;72.15
1983-04-20;7.73;13.88;20.04;1.69;19.309;3.09;53.4
1983-04-21;5.52;10.2;14.87;0.0;21.419;2.0;37.55
1983-04-22;1.72;4.74;7.76;0.0;21.559;0.32;38.13
1983-04-23;0.16;6.55;12.95;0.0;16.171;1.84;45.65
1983-04-24;3.54;8.53;13.52;1.02;7.998;1.51;65.76
1983-04-25;3.13;9.04;14.96;2.36;14.687;3.04;57.56
1983-04-26;5.26;5.29;5.31;16.57;4.292;3.42;79.19
1983-04-27;5.75;6.28;6.81;7.55;9.441;1.91;74.66
1983-04-28;4.66;10.79;16.93;0.0;25.37;0.81;44.19
1983-04-29;1.76;9.01;16.26;0.0;18.287;1.12;45.07
1983-04-30;4.54;12.61;20.67;0.0;24.03;1.58;43.31
1983-05-01;9.95;15.74;21.54;0.0;18.649;1.92;46.79
1983-05-02;9.33;16.59;23.86;0.0;26.165;0.71;47.35
1983-05-03;6.58;14.59;22.61;0.0;24.236;1.29;40.88
1983-05-04;7.68;14.62;21.56;0.0;19.129;1.6;42.89
1983-05-05;8.96;16.05;23.14;0.0;25.088;1.82;38.67
1983-05-06;6.92;13.25;19.57;0.0;11.642;1.2;43.46
1983-05-07;8.2;14.81;21.43;1.32;17.213;1.6;51.52
1983-05-08;7.84;15.21;22.59;0.0;21.417;1.5;43.52
1983-05-09;8.21;15.34;22.46;0.0;19.154;1.6;42.05
1983-05-10;8.92;16.47;24.02;2.72;20.523;1.1;49.27
1983-05-11;9.29;16.21;23.14;0.0;21.233;1.6;51.5
1983-05-12;8.76;13.93;19.11;0.0;17.077;1.01;47.8
1983-05-13;7.36;9.7;12.04;16.2;5.048;2.0;73.45
1983-05-14;9.32;13.38;17.44;6.28;13.782;2.18;65.38
1983-05-15;8.21;11.7;15.18;0.0;13.368;4.64;59.51
1983-05-16;7.7;13.09;18.49;0.0;14.263;3.29;51.01
1983-05-17;9.16;15.14;21.13;0.0;23.781;2.11;46.36
1983-05-18;7.13;12.66;18.19;0.0;21.448;1.5;46.35
1983-05-19;5.02;12.97;20.92;0.0;25.833;1.11;40.23
1983-05-20;9.0;15.98;22.96;0.0;25.183;2.0;42.81
1983-05-21;8.98;14.44;19.89;0.0;12.157;0.98;60.0
1983-05-22;12.84;20.06;27.29;0.0;25.71;0.3;47.77
1983-05-23;9.52;18.23;26.95;0.0;26.632;1.16;35.85
1983-05-24;14.53;20.89;27.26;0.0;21.796;2.22;45.68
1983-05-25;13.96;20.59;27.23;0.0;23.596;1.08;43.84
1983-05-26;12.73;18.96;25.2;0.0;16.577;2.21;48.99
1983-05-27;13.05;17.39;21.74;0.0;8.374;3.28;51.12
1983-05-28;16.39;22.47;28.55;0.0;23.067;4.02;39.97
1983-05-29;13.05;18.72;24.39;0.94;13.366;3.28;40.97
1983-05-30;14.93;22.57;30.21;0.0;29.308;1.93;29.55
1983-05-31;19.02;25.73;32.43;0.0;29.172;0.3;35.9
1983-06-01;17.82;24.21;30.6;2.41;22.689;0.4;38.6
1983-06-02;16.34;23.89;31.44;4.53;22.286;1.33;44.1
1983-06-03;18.01;24.27;30.52;4.34;20.934;1.66;52.67
1983-06-04;15.57;19.12;22.67;25.23;8.577;0.97;65.86
1983-06-05;17.96;23.87;29.77;0.0;24.132;0.48;52.31
1983-06-06;16.66;22.68;28.69;5.28;21.794;1.3;46.17
1983-06-07;16.01;22.55;29.1;0.0;23.191;0.7;44.27
1983-06-08;19.93;24.52;29.11;0.0;21.635;1.4;50.25
1983-06-09;13.97;15.96;17.96;0.0;7.519;1.59;69.95
1983-06-10;9.28;15.28;21.28;0.78;15.911;1.5;43.8
1983-06-11;7.93;16.71;25.5;0.0;22.373;1.48;30.75
1983-06-12;12.83;19.25;25.66;0.0;16.897;1.0;36.29
1983-06-13;14.25;20.44;26.63;0.0;15.291;0.33;44.79
1983-06-14;15.11;20.85;26.59;0.0;12.836;1.1;48.93
1983-06-15;16.45;22.25;28.05;5.49;21.425;2.49;41.14
1983-06-16;16.48;22.41;28.35;0.0;27.743;1.1;43.16
1983-06-17;12.25;19.17;26.09;3.3;22.204;2.39;31.01
1983-06-18;12.15;17.46;22.78;0.0;15.872;1.21;44.99
1983-06-19;15.42;21.89;28.37;0.0;26.05;0.7;29.87
1983-06-20;16.2;23.25;30.31;3.02;23.725;2.87;33.96
1983-06-21;17.21;23.91;30.6;0.0;29.36;1.31;42.82
1983-06-22;12.37;20.27;28.17;0.0;28.783;1.1;19.22
1983-06-23;13.05;20.83;28.61;0.0;28.865;0.7;16.5
1983-06-24;13.5;19.41;25.31;3.02;14.515;2.59;36.23
1983-06-25;16.28;23.11;29.94;4.7;21.478;2.02;37.55
1983-06-26;15.56;23.02;30.47;0.0;26.378;2.33;38.33
1983-06-27;14.53;23.36;32.19;0.0;26.131;0.88;23.71
1983-06-28;15.7;22.59;29.48;8.29;15.836;2.01;32.4
1983-06-29;17.64;26.21;34.79;0.0;27.078;1.49;25.25
1983-06-30;18.91;24.99;31.08;0.0;27.849;2.2;22.1
1983-07-01;16.47;23.03;29.59;0.0;28.009;1.91;23.67
1983-07-02;12.37;22.44;32.51;0.0;27.802;1.49;14.97
1983-07-03;15.87;25.52;35.17;0.0;25.087;2.68;15.64
1983-07-04;19.94;26.49;33.05;0.0;24.406;1.39;20.81
1983-07-05;15.93;23.39;30.86;0.0;27.426;0.59;15.55
1983-07-06;14.67;22.3;29.92;4.68;22.366;3.56;15.62
1983-07-07;15.3;20.88;26.45;0.0;27.87;3.3;32.86
1983-07-08;13.03;20.31;27.59;0.0;28.947;2.67;20.06
1983-07-09;12.69;20.84;28.99;0.0;27.338;1.28;17.64
1983-07-10;12.83;22.53;32.23;0.0;25.838;1.52;15.53
1983-07-11;19.52;26.43;33.34;0.0;24.525;2.3;25.47
1983-07-12;16.83;23.37;29.91;0.0;26.135;0.45;22.9
1983-07-13;14.44;23.29;32.13;0.0;25.641;1.15;16.63
1983-07-14;18.18;27.72;37.26;0.0;24.818;1.28;15.13
1983-07-15;18.38;28.55;38.72;2.63;23.433;2.09;15.1
1983-07-16;17.5;23.13;28.76;0.0;27.288;3.16;29.33
1983-07-17;12.92;19.96;27.0;0.0;25.725;2.5;19.53
1983-07-18;16.4;23.32;30.25;0.0;24.089;1.98;26.65
1983-07-19;17.13;25.77;34.4;0.0;24.465;1.27;18.63
1983-07-20;17.79;26.23;34.67;0.0;23.906;1.48;19.35
1983-07-21;19.38;26.87;34.36;0.0;24.274;1.16;19.87
1983-07-22;18.53;26.38;34.22;0.0;25.213;1.67;17.7
1983-07-23;16.86;25.03;33.2;0.0;25.909;2.38;17.71
1983-07-24;16.19;24.29;32.38;0.0;25.998;1.58;16.59
1983-07-25;15.71;24.07;32.43;0.0;24.799;2.47;18.53
1983-07-26;18.07;23.14;28.22;0.0;22.51;0.84;36.39
1983-07-27;14.04;21.4;28.76;0.0;23.893;0.59;20.17
1983-07-28;15.25;24.43;33.62;0.0;23.306;1.77;15.19
1983-07-29;17.65;24.69;31.73;0.0;23.757;1.08;24.05
1983-07-30;14.54;24.99;35.44;0.0;26.225;1.58;12.64
1983-07-31;18.61;27.07;35.53;0.0;25.504;2.31;14.89
1983-08-01;17.66;26.62;35.57;0.0;24.542;3.09;18.72
1983-08-02;17.7;23.25;28.8;11.25;15.098;3.87;35.85
1983-08-03;19.16;24.27;29.39;0.0;21.957;4.55;41.87
1983-08-04;15.9;21.75;27.59;0.0;24.196;1.98;23.24
1983-08-05;13.19;20.61;28.02;0.0;24.225;1.57;19.4
1983-08-06;14.2;22.92;31.64;2.39;22.013;2.06;17.48
1983-08-07;16.1;24.8;33.51;0.0;22.054;0.83;18.77
1983-08-08;18.43;26.48;34.54;1.34;22.196;1.67;16.89
1983-08-09;17.79;26.0;34.22;0.0;23.054;0.98;17.46
1983-08-10;17.7;25.63;33.56;0.0;22.491;0.78;19.89
1983-08-11;19.56;26.21;32.86;0.0;23.499;1.2;31.39
1983-08-12;18.67;24.94;31.21;0.0;22.004;1.88;20.93
1983-08-13;16.54;23.38;30.22;0.0;22.891;2.27;16.96
1983-08-14;13.9;20.16;26.41;0.0;13.958;3.5;24.28
1983-08-15;15.94;23.02;30.09;0.0;24.147;0.96;34.97
1983-08-16;15.95;24.01;32.07;0.0;22.353;2.57;24.52
1983-08-17;17.48;22.52;27.57;7.08;15.402;0.91;56.01
1983-08-18;16.05;23.47;30.89;0.0;19.834;0.82;40.94
1983-08-19;14.18;22.45;30.72;3.86;16.116;1.67;21.44
1983-08-20;18.11;21.91;25.7;8.72;6.193;0.35;61.14
1983-08-21;16.37;23.27;30.18;6.08;19.856;2.48;29.63
1983-08-22;15.02;22.75;30.48;3.7;20.089;2.4;31.94
1983-08-23;15.39;23.08;30.77;0.0;18.416;3.01;22.0
1983-08-24;16.56;23.28;30.0;0.0;19.431;0.5;30.41
1983-08-25;13.19;21.04;28.89;0.0;20.834;0.99;21.42
1983-08-26;11.99;20.11;28.24;0.0;21.125;1.7;18.15
1983-08-27;15.53;21.23;26.92;0.0;15.601;2.6;37.74
1983-08-28;15.16;21.53;27.9;0.0;19.499;1.99;36.93
1983-08-29;14.79;21.45;28.12;0.0;19.503;1.36;26.58
1983-08-30;13.73;20.95;28.16;0.0;19.194;2.7;22.45
1983-08-31;13.58;19.63;25.67;0.0;20.326;3.91;24.23
1983-09-01;11.95;18.81;25.67;0.0;18.274;1.81;23.07
1983-09-02;13.23;21.09;28.94;0.0;19.533;1.98;20.79
1983-09-03;11.35;20.31;29.27;0.0;19.281;1.21;21.91
1983-09-04;13.58;19.22;24.86;8.29;10.188;3.49;41.9
1983-09-05;14.34;17.84;21.34;14.1;8.224;3.51;59.59
1983-09-06;11.98;14.35;16.71;19.9;3.614;3.03;65.43
1983-09-07;10.0;12.51;15.02;19.21;2.468;2.98;68.93
1983-09-08;10.64;16.48;22.32;7.13;11.998;1.7;62.81
1983-09-09;13.01;18.43;23.86;1.56;6.146;1.75;62.74
1983-09-10;10.88;18.31;25.74;0.0;16.928;1.02;42.65
1983-09-11;14.35;14.45;14.55;18.22;1.731;0.54;86.13
1983-09-12;11.33;16.53;21.73;0.32;17.677;2.84;57.91
1983-09-13;8.56;12.58;16.6;0.0;17.281;4.13;44.15
1983-09-14;8.01;14.49;20.97;0.0;16.362;2.87;43.31
1983-09-15;10.66;17.01;23.35;0.0;13.979;1.51;52.25
1983-09-16;12.15;19.11;26.07;0.41;13.953;2.9;41.22
1983-09-17;13.93;19.63;25.32;0.0;17.194;2.64;44.56
1983-09-18;11.17;15.77;20.37;0.0;14.36;3.36;45.03
1983-09-19;9.24;13.08;16.92;0.0;9.048;2.92;44.6
1983-09-20;5.92;13.75;21.58;0.0;15.403;2.68;31.19
1983-09-21;9.16;16.89;24.63;2.28;16.361;2.92;24.3
1983-09-22;11.86;18.76;25.66;0.0;15.991;2.94;39.24
1983-09-23;8.58;17.42;26.26;0.0;16.766;1.57;30.86
1983-09-24;9.85;17.52;25.2;0.48;14.495;0.96;38.16
1983-09-25;12.55;16.91;21.26;12.64;5.422;2.02;59.57
1983-09-26;13.91;18.64;23.38;0.12;12.065;1.09;56.81
1983-09-27;13.71;18.87;24.03;0.0;13.558;1.1;44.43
1983-09-28;15.25;19.2;23.15;5.24;5.136;3.31;59.5
1983-09-29;16.46;21.49;26.52;0.0;9.626;2.9;48.33
1983-09-30;16.49;21.59;26.69;0.0;8.343;1.78;46.09
1983-10-01;16.45;22.37;28.28;0.0;13.239;2.01;36.14
1983-10-02;14.17;22.12;30.07;0.0;13.335;2.42;27.22
1983-10-03;13.26;19.82;26.39;0.0;13.878;0.97;29.63
1983-10-04;9.78;17.91;26.04;0.0;13.219;1.61;26.1
1983-10-05;14.17;21.38;28.59;0.0;13.588;1.51;26.64
1983-10-06;13.38;21.03;28.68;1.45;12.675;2.32;30.68
1983-10-07;15.73;22.52;29.3;0.0;11.188;2.97;30.0
1983-10-08;11.29;16.89;22.49;0.0;13.22;2.31;28.7
1983-10-09;9.0;15.04;21.07;0.0;12.951;1.6;30.87
1983-10-10;8.33;13.66;18.98;1.24;5.213;3.17;29.97
1983-10-11;7.41;13.26;19.1;0.0;12.486;2.2;28.76
1983-10-12;5.41;12.84;20.26;0.0;13.008;2.31;28.64
1983-10-13;8.07;12.88;17.69;1.17;7.932;3.3;45.46
1983-10-14;6.96;12.37;17.77;0.0;11.585;0.69;33.94
1983-10-15;4.02;10.63;17.25;0.0;12.596;1.41;32.99
1983-10-16;5.06;11.23;17.41;0.0;7.349;4.12;32.92
1983-10-17;13.1;18.61;24.13;1.72;11.846;2.87;40.71
1983-10-18;9.79;18.16;26.52;3.28;10.873;3.44;31.51
1983-10-19;12.61;17.84;23.08;5.62;4.056;2.34;44.55
1983-10-20;14.14;17.98;21.83;4.91;3.546;2.18;65.61
1983-10-21;13.08;17.93;22.77;3.54;6.203;2.07;53.18
1983-10-22;11.35;16.76;22.17;1.54;6.347;2.47;58.9
1983-10-23;13.51;17.45;21.39;0.0;5.632;3.43;53.48
1983-10-24;13.21;17.2;21.19;2.44;5.646;3.58;56.29
1983-10-25;12.5;15.69;18.87;0.41;3.198;2.18;71.98
1983-10-26;6.72;9.45;12.17;9.31;1.483;1.56;77.69
1983-10-27;8.45;12.75;17.06;0.0;11.583;2.77;58.2
1983-10-28;5.94;10.07;14.2;0.0;10.083;1.15;54.23
1983-10-29;6.51;11.3;16.1;2.39;3.154;3.06;43.98
1983-10-30;4.43;8.64;12.85;8.2;2.089;1.12;63.89
1983-10-31;3.13;8.71;14.28;0.0;9.21;1.07;51.84
1983-11-01;4.49;10.82;17.15;0.0;10.465;2.37;46.35
1983-11-02;4.2;8.7;13.19;0.0;9.209;1.45;57.44
1983-11-03;4.61;9.92;15.22;0.0;8.772;2.77;41.38
1983-11-04;2.3;6.73;11.17;0.0;8.324;1.66;47.22
1983-11-05;6.53;9.36;12.19;0.0;2.82;0.14;53.12
1983-11-06;7.85;10.72;13.59;0.0;2.596;0.16;69.29
1983-11-07;1.92;7.03;12.14;0.0;8.449;0.77;68.15
1983-11-08;1.65;6.41;11.17;0.0;7.895;0.69;57.83
1983-11-09;0.52;4.52;8.52;0.0;7.263;1.15;76.39
1983-11-10;0.3;5.25;10.19;0.0;6.903;1.83;55.56
1983-11-11;1.49;6.54;11.59;0.0;7.254;2.48;55.61
1983-11-12;3.19;7.51;11.83;0.0;7.099;2.78;50.16
1983-11-13;-0.19;4.27;8.73;0.0;6.955;2.47;38.11
1983-11-14;-3.46;0.6;4.65;0.0;7.106;0.57;40.17
1983-11-15;-3.99;0.01;4.02;0.0;6.891;1.37;40.66
1983-11-16;1.21;5.06;8.91;0.17;2.671;1.95;44.51
1983-11-17;-1.55;1.73;5.01;0.0;7.106;2.19;52.3
1983-11-18;-4.69;-2.12;0.45;0.0;6.011;1.8;74.39
1983-11-19;-4.08;-1.43;1.22;0.0;6.542;1.27;71.02
1983-11-20;-5.81;-3.16;-0.51;0.0;7.054;1.66;70.41
1983-11-21;-8.18;-4.3;-0.43;0.0;7.052;1.27;60.99
1983-11-22;-5.79;-2.65;0.49;0.0;6.592;4.5;43.31
1983-11-23;-8.11;-3.9;0.31;0.0;6.013;2.19;28.51
1983-11-24;-11.22;-5.7;-0.17;0.0;6.65;0.89;33.0
1983-11-25;-10.47;-4.11;2.26;0.0;5.763;1.77;36.26
1983-11-26;-1.75;3.09;7.93;5.49;1.976;3.03;52.5
1983-11-27;2.83;6.12;9.41;11.32;2.049;2.28;79.45
1983-11-28;2.01;3.55;5.1;0.44;4.273;3.06;69.57
1983-11-29;-3.18;-1.54;0.1;5.64;1.936;0.89;80.99
1983-11-30;-6.82;-4.73;-2.64;0.0;6.259;0.2;44.28
1983-12-01;-8.57;-4.91;-1.24;0.0;5.712;0.54;42.99
1983-12-02;-9.94;-6.49;-3.05;0.0;7.7;1.11;42.08
1983-12-03;-8.95;-4.63;-0.32;0.0;3.425;2.9;49.34
1983-12-04;-8.88;-5.06;-1.24;0.0;6.84;4.24;57.57
1983-12-05;-5.3;-2.5;0.29;0.0;3.112;5.54;75.68
1983-12-06;-5.27;-1.98;1.31;0.0;4.512;4.93;69.46
1983-12-07;-4.48;-1.39;1.71;0.0;5.296;4.93;75.87
1983-12-08;-4.33;-1.85;0.63;0.0;4.763;1.93;73.45
1983-12-09;-8.12;-4.02;0.07;0.0;5.74;1.44;57.43
1983-12-10;-6.96;-2.66;1.64;0.0;5.31;2.8;66.28
1983-12-11;-4.33;-1.13;2.08;0.0;5.517;1.94;59.12
1983-12-12;-1.93;0.17;2.27;0.0;4.418;1.64;55.79
1983-12-13;-2.31;0.84;3.99;0.0;4.327;1.55;63.57
1983-12-14;-3.14;-0.08;2.97;0.0;4.822;1.93;66.53
1983-12-15;-1.64;1.97;5.58;0.35;6.761;3.34;67.56
1983-12-16;-1.13;0.58;2.3;13.29;1.109;2.21;93.79
1983-12-17;-7.48;-4.0;-0.51;5.11;1.755;3.48;75.89
1983-12-18;-17.18;-13.78;-10.38;17.78;0.912;5.59;64.76
1983-12-19;-16.91;-12.71;-8.51;16.5;3.027;4.37;81.42
1983-12-20;-11.1;-6.81;-2.53;4.02;2.373;3.22;82.69
1983-12-21;-28.26;-21.34;-14.42;0.0;6.864;4.78;48.66
1983-12-22;-28.11;-19.93;-11.76;0.0;6.755;5.56;63.86
1983-12-23;-17.25;-11.96;-6.66;0.0;5.611;5.6;66.3
1983-12-24;-13.18;-8.74;-4.31;0.0;5.611;4.86;75.8
1983-12-25;-16.05;-10.04;-4.03;0.0;8.136;4.45;76.94
1983-12-26;-16.95;-10.34;-3.74;0.26;3.496;3.43;73.21
1983-12-27;-7.68;-4.44;-1.2;0.0;3.95;2.66;85.95
1983-12-28;-7.55;-2.67;2.22;0.0;7.439;4.92;82.15
1983-12-29;-6.55;-2.01;2.52;0.0;8.426;3.08;85.51
1983-12-30;-4.73;-1.16;2.42;0.0;5.506;3.11;95.28
1983-12-31;-12.14;-6.47;-0.8;0.0;6.49;4.98;82.27
1984-01-01;-17.72;-11.13;-4.53;0.0;6.42;3.87;65.78
1984-01-02;-7.34;-3.44;0.45;1.98;8.473;2.35;87.66
1984-01-03;-7.92;-4.41;-0.9;0.0;6.604;3.53;83.43
1984-01-04;-16.3;-10.23;-4.17;0.0;6.335;4.5;68.22
1984-01-05;-17.04;-9.59;-2.15;0.0;6.001;6.43;69.58
1984-01-06;-6.33;-2.77;0.8;0.0;7.527;4.89;78.55
1984-01-07;-7.66;-3.83;0.01;0.0;5.886;5.25;80.9
1984-01-08;-4.0;-2.1;-0.21;0.0;6.861;6.34;72.45
1984-01-09;-8.05;-4.14;-0.22;0.09;7.797;5.28;79.08
1984-01-10;-0.39;0.01;0.4;0.0;4.848;3.51;92.23
1984-01-11;-5.73;-3.02;-0.31;0.0;6.031;3.97;83.98
1984-01-12;-8.97;-5.12;-1.27;0.0;7.195;5.0;81.28
1984-01-13;-7.43;-4.61;-1.79;0.0;7.703;4.16;84.92
1984-01-14;-8.53;-4.82;-1.12;0.0;7.308;3.42;81.54
1984-01-15;-2.94;-1.83;-0.72;0.0;5.367;3.67;78.93
1984-01-16;-2.66;-0.66;1.34;1.78;7.982;3.52;82.86
1984-01-17;-3.89;-1.93;0.03;0.0;6.667;4.4;69.39
1984-01-18;-7.07;-3.56;-0.04;0.0;6.457;3.43;64.44
1984-01-19;-8.38;-5.13;-1.88;2.98;8.159;3.16;74.64
1984-01-20;-4.99;-2.27;0.46;0.0;7.851;3.3;73.09
1984-01-21;-8.25;-4.17;-0.08;0.0;6.89;3.3;69.26
1984-01-22;-10.46;-6.45;-2.43;0.0;7.593;2.82;68.97
1984-01-23;-6.04;-2.76;0.52;0.4;8.679;3.46;76.42
1984-01-24;-10.89;-6.94;-2.98;0.0;7.431;1.93;71.04
1984-01-25;-10.74;-6.36;-1.98;0.42;3.393;3.54;60.1
1984-01-26;-8.74;-4.12;0.5;0.0;9.247;2.65;75.73
1984-01-27;-8.15;-4.49;-0.83;0.0;5.804;3.26;77.54
1984-01-28;-4.8;-1.88;1.05;0.0;5.613;3.07;76.6
1984-01-29;-2.71;0.61;3.93;0.0;7.132;3.56;67.52
1984-01-30;-2.97;0.14;3.25;0.0;7.523;4.18;50.73
1984-01-31;-5.3;-1.35;2.6;0.0;7.913;3.07;61.19
1984-02-01;-7.25;-5.0;-2.76;2.64;3.087;3.37;76.07
1984-02-02;-6.53;-2.92;0.69;0.0;9.101;2.27;51.1
1984-02-03;-8.66;-4.61;-0.56;0.0;7.619;2.5;54.32
1984-02-04;-5.84;-1.66;2.52;0.0;6.845;2.6;67.04
1984-02-05;-9.27;-3.5;2.26;0.0;8.831;1.82;69.83
1984-02-06;-4.95;-0.23;4.5;0.0;8.704;1.61;68.17
1984-02-07;-8.59;-2.27;4.06;0.0;8.973;0.69;70.2
1984-02-08;-8.09;-2.0;4.08;0.0;8.625;1.0;69.98
1984-02-09;-5.5;-0.54;4.42;0.0;9.806;0.89;71.73
1984-02-10;-7.29;-4.11;-0.93;0.0;5.651;1.43;75.37
1984-02-11;-8.59;-3.61;1.36;0.0;10.498;0.67;69.86
1984-02-12;-7.29;-2.55;2.18;0.0;9.647;0.42;71.38
1984-02-13;-5.97;-1.13;3.7;0.0;10.422;1.5;69.87
1984-02-14;-7.88;-3.31;1.26;0.0;8.415;1.56;67.93
1984-02-15;-9.96;-6.02;-2.08;0.0;5.74;1.87;72.3
1984-02-16;-7.68;-3.21;1.26;0.52;8.982;3.02;29.58
1984-02-17;-8.14;-3.21;1.73;0.0;10.166;2.43;46.48
1984-02-18;-7.83;-4.16;-0.49;0.0;6.203;1.25;72.32
1984-02-19;-4.75;0.96;6.67;0.0;11.358;2.2;62.11
1984-02-20;-5.15;-2.46;0.23;0.0;6.181;3.13;73.72
1984-02-21;-7.1;-3.35;0.4;0.0;10.741;3.85;63.35
1984-02-22;-8.03;-3.47;1.09;0.0;6.737;4.19;66.81
1984-02-23;-3.46;-0.45;2.56;0.0;12.353;3.43;62.96
1984-02-24;-5.6;-1.59;2.42;0.0;11.106;1.36;56.64
1984-02-25;-6.03;-1.61;2.81;0.0;11.024;3.21;56.44
1984-02-26;-2.85;0.23;3.31;0.0;12.164;1.87;44.15
1984-02-27;-4.38;-1.46;1.47;0.62;9.547;1.67;50.79
1984-02-28;-3.77;-1.61;0.55;3.36;4.472;1.67;72.51
1984-02-29;-9.66;-3.38;2.91;0.0;12.586;0.71;64.93
1984-03-01;-3.73;1.66;7.06;0.0;13.728;1.85;51.71
1984-03-02;-1.15;3.89;8.94;0.0;13.594;2.91;45.75
1984-03-03;-1.15;3.25;7.64;0.0;10.117;2.31;58.4
1984-03-04;-2.14;5.0;12.14;0.0;14.269;0.8;57.04
1984-03-05;-1.89;5.81;13.52;0.0;15.006;1.08;48.85
1984-03-06;-1.04;7.39;15.83;0.0;14.528;1.78;43.02
1984-03-07;3.09;10.52;17.94;0.0;13.419;2.4;40.28
1984-03-08;3.21;10.49;17.76;0.0;13.93;2.01;41.16
1984-03-09;3.7;11.8;19.9;0.0;13.901;2.64;38.29
1984-03-10;4.72;8.49;12.27;1.99;5.557;0.6;65.36
1984-03-11;6.59;13.55;20.52;0.0;15.901;2.19;47.12
1984-03-12;8.8;15.49;22.17;0.0;11.347;2.4;41.41
1984-03-13;4.12;10.45;16.77;0.0;14.553;2.82;43.76
1984-03-14;1.38;7.83;14.29;0.0;14.31;1.83;43.43
1984-03-15;0.19;6.72;13.26;0.0;17.692;2.3;41.12
1984-03-16;-0.48;6.08;12.65;0.0;15.742;1.92;42.26
1984-03-17;2.93;8.2;13.46;4.72;4.954;3.98;47.38
1984-03-18;2.25;7.53;12.8;0.29;12.23;3.5;45.15
1984-03-19;4.35;10.94;17.53;0.0;17.391;3.52;41.67
1984-03-20;3.97;9.96;15.96;0.29;6.877;2.48;50.33
1984-03-21;5.41;12.98;20.56;0.0;17.359;1.7;45.89
1984-03-22;5.47;13.39;21.31;0.0;18.739;1.5;41.85
1984-03-23;6.44;14.36;22.27;0.0;19.389;2.04;41.87
1984-03-24;5.1;12.96;20.82;0.0;19.59;3.29;40.79
1984-03-25;5.33;11.36;17.38;0.0;10.041;3.44;48.75
1984-03-26;0.98;7.98;14.98;10.44;11.313;2.19;51.91
1984-03-27;2.74;8.16;13.57;2.21;11.937;3.97;53.54
1984-03-28;-0.53;5.54;11.6;0.0;18.884;1.39;35.93
1984-03-29;-2.18;5.67;13.51;0.0;17.22;1.59;37.48
1984-03-30;0.43;8.03;15.62;0.0;14.174;1.58;42.27
1984-03-31;3.56;6.62;9.68;1.8;9.946;2.12;53.62
1984-04-01;1.61;5.51;9.42;0.0;14.985;1.64;33.92
1984-04-02;-1.04;4.44;9.92;0.0;18.603;2.76;36.79
1984-04-03;0.42;6.34;12.27;0.0;18.251;2.81;39.79
1984-04-04;2.32;7.92;13.51;0.0;20.046;3.16;39.19
1984-04-05;0.88;7.45;14.02;0.0;19.622;4.44;39.81
1984-04-06;4.03;9.79;15.55;0.0;10.956;3.84;46.25
1984-04-07;4.5;10.11;15.72;0.0;18.825;1.68;42.16
1984-04-08;2.1;9.1;16.09;0.0;21.455;1.89;36.58
1984-04-09;2.62;9.71;16.79;0.0;17.487;2.72;39.47
1984-04-10;2.87;8.48;14.09;6.22;15.09;1.14;48.29
1984-04-11;1.46;9.12;16.78;0.0;17.012;3.02;40.89
1984-04-12;1.47;5.64;9.81;0.0;20.607;1.93;31.57
1984-04-13;-1.71;3.4;8.51;0.0;21.636;0.64;30.24
1984-04-14;-1.92;4.62;11.15;0.0;22.922;2.17;28.53
1984-04-15;-0.06;6.35;12.77;0.0;21.571;2.24;27.35
1984-04-16;0.85;8.82;16.79;0.0;21.443;2.32;32.96
1984-04-17;7.54;14.72;21.91;0.0;20.428;4.97;36.23
1984-04-18;4.98;9.99;15.0;15.09;6.16;3.41;53.66
1984-04-19;3.78;10.29;16.79;3.19;10.296;3.13;48.49
1984-04-20;5.81;10.3;14.8;0.0;9.761;3.37;49.72
1984-04-21;3.53;9.52;15.51;0.0;11.614;1.91;50.63
1984-04-22;4.18;11.79;19.41;0.0;19.553;2.0;44.41
1984-04-23;5.06;13.15;21.25;0.0;21.53;0.75;44.27
1984-04-24;10.23;17.25;24.27;0.0;22.415;1.91;43.01
1984-04-25;8.79;16.82;24.86;0.0;23.465;2.59;36.92
1984-04-26;6.03;15.53;25.03;0.0;25.71;1.34;32.27
1984-04-27;14.58;20.3;26.01;0.0;15.794;3.17;29.32
1984-04-28;14.74;20.25;25.75;1.13;23.156;1.97;38.83
1984-04-29;11.23;18.23;25.23;0.0;23.057;1.6;35.46
1984-04-30;8.9;16.95;25.0;0.0;18.903;2.1;30.92
1984-05-01;9.26;16.9;24.54;0.0;22.559;1.19;30.1
1984-05-02;7.08;15.54;24.0;4.27;18.632;1.67;30.87
1984-05-03;11.27;18.66;26.04;1.76;19.409;2.31;43.4
1984-05-04;8.59;15.72;22.85;0.0;24.271;0.8;35.27
1984-05-05;11.15;16.5;21.84;2.99;9.511;3.12;39.16
1984-05-06;11.17;16.84;22.51;0.0;8.572;3.45;48.22
1984-05-07;12.86;18.52;24.17;1.84;10.705;3.95;42.13
1984-05-08;11.01;17.07;23.13;6.79;11.835;1.4;53.23
1984-05-09;8.08;16.88;25.68;0.0;24.29;1.0;30.31
1984-05-10;13.77;20.24;26.72;0.0;20.366;1.81;35.38
1984-05-11;10.99;18.48;25.96;1.46;19.103;1.61;39.47
1984-05-12;13.7;18.27;22.83;4.36;11.624;0.6;64.66
1984-05-13;12.13;19.7;27.27;0.0;24.831;1.49;40.36
1984-05-14;9.85;18.07;26.28;1.58;20.003;2.2;42.42
1984-05-15;13.75;19.05;24.35;10.14;15.394;2.71;51.19
1984-05-16;9.85;15.43;21.02;3.66;10.981;0.54;65.63
1984-05-17;8.7;15.84;22.98;3.98;17.466;1.29;56.71
1984-05-18;11.96;19.62;27.28;0.0;24.487;1.09;47.01
1984-05-19;12.91;20.87;28.83;0.0;25.764;0.98;40.86
1984-05-20;12.62;21.74;30.86;4.59;23.297;0.75;44.72
1984-05-21;17.95;25.05;32.14;0.0;28.267;1.6;47.77
1984-05-22;15.35;22.35;29.35;0.0;25.628;2.0;36.68
1984-05-23;15.9;22.91;29.92;0.0;24.189;0.71;43.58
1984-05-24;14.38;21.89;29.4;0.0;24.494;0.9;34.52
1984-05-25;11.97;20.18;28.38;0.0;24.508;1.01;23.67
1984-05-26;11.83;20.31;28.79;0.0;22.577;0.81;22.41
1984-05-27;12.73;21.13;29.54;1.15;21.8;1.01;20.29
1984-05-28;16.08;23.64;31.2;10.26;21.121;1.93;36.85
1984-05-29;20.01;26.78;33.55;0.0;25.541;2.46;44.44
1984-05-30;14.53;21.68;28.83;0.0;24.85;1.93;28.34
1984-05-31;14.71;22.73;30.75;0.0;29.77;1.1;25.77
1984-06-01;13.5;21.19;28.87;0.0;25.13;1.09;24.03
1984-06-02;15.2;20.66;26.12;5.94;14.804;2.64;53.26
1984-06-03;13.77;18.66;23.55;0.0;13.537;1.9;53.84
1984-06-04;15.44;21.82;28.19;0.0;22.111;1.79;38.66
1984-06-05;17.47;23.27;29.06;0.0;23.596;1.9;34.68
1984-06-06;14.14;20.93;27.71;0.0;23.579;2.1;23.46
1984-06-07;13.43;20.98;28.54;0.0;25.669;1.6;19.92
1984-06-08;14.21;21.66;29.12;0.0;25.798;1.9;20.06
1984-06-09;15.0;22.53;30.06;0.0;25.35;1.8;20.58
1984-06-10;15.12;22.64;30.16;5.72;19.581;2.05;31.49
1984-06-11;16.44;23.21;29.98;2.6;22.589;1.7;41.81
1984-06-12;13.42;20.45;27.49;0.0;18.759;0.91;39.89
1984-06-13;13.97;17.71;21.44;2.32;9.125;0.6;64.4
1984-06-14;16.07;21.4;26.73;0.0;22.801;1.41;44.86
1984-06-15;15.18;21.91;28.64;3.3;29.609;1.72;29.3
1984-06-16;14.78;19.29;23.79;19.35;14.386;1.52;50.48
1984-06-17;15.56;18.77;21.98;21.91;10.606;0.5;69.46
1984-06-18;15.41;21.11;26.8;0.0;25.675;1.31;52.16
1984-06-19;15.16;21.21;27.26;0.0;28.483;2.23;39.78
1984-06-20;12.18;18.26;24.34;0.0;21.641;1.83;39.77
1984-06-21;13.12;21.09;29.07;0.0;26.393;2.12;25.52
1984-06-22;16.01;21.33;26.64;6.62;17.738;2.44;41.69
1984-06-23;16.67;23.31;29.95;0.0;26.996;1.21;32.02
1984-06-24;14.28;22.29;30.31;3.5;24.46;1.61;22.01
1984-06-25;17.32;23.16;28.99;4.76;20.372;2.02;34.57
1984-06-26;15.83;22.95;30.08;0.0;29.609;2.1;20.54
1984-06-27;14.09;21.19;28.28;0.0;29.723;1.59;21.1
1984-06-28;11.55;19.82;28.09;0.0;25.847;1.91;17.9
1984-06-29;17.1;22.83;28.55;0.0;24.932;1.59;28.06
1984-06-30;13.84;20.49;27.14;1.62;28.484;2.05;18.62
1984-07-01;11.62;19.61;27.59;0.24;28.795;1.39;14.94
1984-07-02;14.11;22.71;31.31;0.0;26.181;2.37;13.83
1984-07-03;16.18;21.94;27.69;0.0;18.988;1.82;15.06
1984-07-04;12.86;18.55;24.24;0.84;17.143;3.57;22.81
1984-07-05;14.28;20.82;27.36;0.0;26.971;3.8;26.42
1984-07-06;15.31;20.82;26.33;0.0;24.351;3.28;31.7
1984-07-07;14.51;21.95;29.39;0.0;28.022;2.3;22.66
1984-07-08;15.33;25.15;34.98;0.0;26.056;1.96;16.64
1984-07-09;18.46;25.95;33.43;0.0;27.626;2.71;22.39
1984-07-10;12.69;21.68;30.66;0.0;26.659;1.49;15.17
1984-07-11;16.7;27.77;38.83;0.0;26.319;2.16;11.88
1984-07-12;22.77;31.15;39.53;0.0;24.721;2.87;13.11
1984-07-13;16.5;23.51;30.52;0.0;27.237;2.1;16.9
1984-07-14;13.31;22.07;30.84;0.0;26.937;1.59;13.57
1984-07-15;18.8;27.6;36.4;3.71;23.03;2.68;14.73
1984-07-16;18.99;24.84;30.68;0.0;25.076;2.0;27.11
1984-07-17;16.4;23.15;29.9;0.0;27.43;1.35;17.82
1984-07-18;13.95;23.02;32.08;0.0;27.251;1.87;15.14
1984-07-19;15.92;22.69;29.46;7.67;17.925;2.38;29.61
1984-07-20;16.45;21.76;27.07;0.0;21.845;4.22;47.82
1984-07-21;15.24;21.55;27.87;0.0;25.987;2.8;27.31
1984-07-22;11.54;18.01;24.48;3.13;11.528;2.47;23.23
1984-07-23;17.65;24.37;31.09;0.0;24.316;2.08;30.71
1984-07-24;13.92;23.46;33.01;0.0;24.976;1.27;16.82
1984-07-25;19.07;25.57;32.07;0.0;23.579;2.07;21.99
1984-07-26;16.62;22.21;27.8;0.0;22.043;1.28;28.51
1984-07-27;12.91;20.44;27.97;0.0;24.362;0.96;17.85
1984-07-28;16.2;24.18;32.16;0.0;24.747;1.27;17.9
1984-07-29;18.01;25.91;33.8;0.0;24.691;1.67;17.29
1984-07-30;18.0;26.07;34.13;0.0;27.537;1.43;13.74
1984-07-31;15.58;24.77;33.96;0.0;24.9;1.07;16.58
1984-08-01;17.95;25.96;33.98;0.0;24.414;1.18;18.51
1984-08-02;16.84;26.66;36.48;0.0;24.933;2.06;13.4
1984-08-03;19.73;28.59;37.44;0.0;24.298;1.76;15.43
1984-08-04;17.85;24.48;31.1;0.0;24.903;1.58;18.59
1984-08-05;16.4;23.74;31.08;0.0;23.764;1.39;18.94
1984-08-06;16.76;24.4;32.04;0.0;23.954;1.87;17.82
1984-08-07;15.26;23.9;32.54;0.0;23.774;1.97;14.76
1984-08-08;15.44;24.45;33.46;0.0;24.519;1.38;13.27
1984-08-09;14.96;24.91;34.86;0.0;23.78;1.67;13.61
1984-08-10;17.29;26.2;35.1;0.0;23.746;3.3;14.26
1984-08-11;17.76;24.29;30.82;3.68;14.073;4.28;24.73
1984-08-12;18.16;25.52;32.87;3.82;21.916;2.09;28.57
1984-08-13;17.07;21.88;26.68;5.71;8.364;1.25;56.57
1984-08-14;17.26;24.76;32.26;0.0;21.101;1.09;29.02
1984-08-15;17.57;25.86;34.16;0.0;21.637;1.09;19.89
1984-08-16;16.63;25.65;34.67;1.12;21.064;0.69;17.3
1984-08-17;18.38;26.03;33.69;6.4;19.601;1.68;23.32
1984-08-18;18.5;26.04;33.57;0.0;19.167;0.99;31.58
1984-08-19;18.94;26.74;34.54;1.56;20.863;1.59;24.07
1984-08-20;19.21;27.6;35.99;0.0;21.286;1.99;18.93
1984-08-21;19.92;26.51;33.09;0.0;21.149;2.09;19.23
1984-08-22;16.47;22.63;28.78;1.71;21.667;2.4;16.93
1984-08-23;13.83;21.43;29.02;0.0;21.698;3.1;15.47
1984-08-24;13.06;21.12;29.18;1.43;21.187;2.8;15.86
1984-08-25;13.12;21.07;29.01;0.0;21.144;2.18;16.22
1984-08-26;11.69;21.34;30.98;0.25;20.866;2.4;11.42
1984-08-27;11.69;22.38;33.06;0.0;20.519;2.6;11.49
1984-08-28;17.42;25.8;34.18;0.0;20.563;1.89;15.56
1984-08-29;16.76;23.88;31.0;0.0;14.291;0.7;21.25
1984-08-30;15.49;23.81;32.13;0.0;20.548;0.63;18.05
1984-08-31;16.79;24.09;31.38;0.0;19.837;0.71;21.14
1984-09-01;13.59;20.93;28.26;0.68;10.003;1.51;21.8
1984-09-02;17.17;24.27;31.37;0.0;13.126;0.91;18.89
1984-09-03;16.0;23.99;31.98;0.0;18.944;0.91;20.92
1984-09-04;15.32;24.53;33.74;0.0;19.193;2.1;16.72
1984-09-05;18.17;24.77;31.37;0.0;19.127;2.42;18.21
1984-09-06;14.78;21.13;27.49;4.91;16.128;2.43;30.66
1984-09-07;13.59;21.16;28.74;0.0;19.361;2.83;24.69
1984-09-08;12.51;18.95;25.4;0.0;19.478;1.36;18.32
1984-09-09;9.99;17.29;24.58;0.0;18.655;1.31;19.8
1984-09-10;11.27;18.18;25.09;0.0;18.756;0.71;22.25
1984-09-11;9.4;17.61;25.81;0.0;18.719;1.31;19.45
1984-09-12;12.25;18.52;24.78;0.0;18.957;1.66;24.5
1984-09-13;8.76;15.64;22.51;0.0;19.823;1.82;17.55
1984-09-14;6.65;12.92;19.19;0.0;17.897;2.01;21.45
1984-09-15;5.63;13.82;22.01;0.0;17.677;1.62;18.51
1984-09-16;7.16;15.56;23.96;0.0;17.38;2.03;19.51
1984-09-17;8.38;16.5;24.63;0.0;17.11;1.72;22.58
1984-09-18;8.74;16.82;24.9;0.0;16.699;2.11;22.9
1984-09-19;9.49;17.23;24.96;0.0;16.702;2.45;21.22
1984-09-20;9.62;17.17;24.72;0.0;16.55;3.03;22.61
1984-09-21;10.38;17.62;24.85;0.0;17.442;1.52;22.31
1984-09-22;8.42;16.83;25.24;0.0;16.823;0.61;18.78
1984-09-23;9.18;18.05;26.92;0.0;16.888;1.81;19.1
1984-09-24;13.5;21.41;29.31;0.0;15.779;2.82;22.02
1984-09-25;14.94;21.75;28.55;0.0;16.158;2.82;22.08
1984-09-26;11.94;20.58;29.22;0.0;17.148;2.71;24.05
1984-09-27;12.62;17.93;23.25;0.0;15.227;3.64;34.29
1984-09-28;9.18;14.49;19.8;0.0;14.442;1.91;31.61
1984-09-29;6.65;13.86;21.07;0.0;14.774;1.62;29.72
1984-09-30;7.66;15.43;23.2;0.0;15.375;2.23;18.08
1984-10-01;9.29;15.67;22.05;0.0;9.749;1.09;26.72
1984-10-02;9.61;16.74;23.88;0.0;13.879;0.89;25.0
1984-10-03;9.36;16.73;24.09;0.0;13.897;0.79;24.01
1984-10-04;8.45;16.56;24.68;0.0;14.401;0.97;21.18
1984-10-05;7.84;15.96;24.09;0.0;13.69;0.59;22.64
1984-10-06;9.37;16.34;23.32;0.0;13.91;1.79;27.1
1984-10-07;6.45;12.76;19.08;11.67;12.778;0.45;27.98
1984-10-08;5.31;7.71;10.12;19.33;1.465;5.27;75.52
1984-10-09;5.31;8.41;11.52;1.47;4.067;4.96;51.73
1984-10-10;5.69;9.61;13.53;0.0;10.618;3.6;42.34
1984-10-11;4.54;9.05;13.57;0.0;11.874;2.41;42.93
1984-10-12;3.55;8.23;12.91;0.0;8.472;1.9;45.18
1984-10-13;1.11;8.31;15.52;0.0;13.983;1.21;31.92
1984-10-14;6.35;12.21;18.07;0.0;12.18;0.8;46.11
1984-10-15;4.89;12.04;19.18;0.0;11.978;2.08;39.11
1984-10-16;4.85;11.47;18.09;0.0;12.208;0.9;39.0
1984-10-17;3.51;11.64;19.76;0.0;11.667;1.4;37.51
1984-10-18;4.22;12.31;20.41;0.0;11.702;1.2;38.3
1984-10-19;5.01;12.77;20.54;0.0;10.427;1.4;37.7
1984-10-20;7.22;14.27;21.32;0.0;11.214;1.31;35.51
1984-10-21;5.69;9.65;13.61;4.39;3.587;0.9;72.91
1984-10-22;3.03;7.43;11.83;3.59;3.254;3.96;57.74
1984-10-23;2.24;5.76;9.29;0.0;10.31;3.87;42.72
1984-10-24;-1.5;3.62;8.74;0.0;10.856;1.29;38.17
1984-10-25;-3.61;1.64;6.88;0.0;10.901;1.07;38.12
1984-10-26;-3.42;1.25;5.91;0.0;5.352;0.96;44.56
1984-10-27;-3.29;2.31;7.9;0.0;11.139;0.68;36.07
1984-10-28;-1.56;3.33;8.23;0.0;4.037;2.37;52.92
1984-10-29;3.44;6.45;9.46;0.0;3.844;0.83;63.09
1984-10-30;-0.41;4.02;8.45;0.0;9.518;0.68;40.52
1984-10-31;-2.23;2.88;7.98;0.0;4.668;2.82;53.0
1984-11-01;2.76;8.47;14.18;0.0;6.737;2.9;51.73
1984-11-02;-0.37;4.56;9.49;0.0;9.243;0.99;44.95
1984-11-03;1.94;9.08;16.22;0.0;8.584;3.87;38.8
1984-11-04;6.03;12.46;18.88;0.0;9.939;2.05;44.94
1984-11-05;3.51;10.36;17.2;0.0;8.281;1.26;51.28
1984-11-06;3.44;10.33;17.21;0.0;8.694;1.11;47.4
1984-11-07;2.8;9.49;16.18;0.0;8.566;2.05;44.9
1984-11-08;2.34;8.12;13.89;0.0;7.78;1.09;58.32
1984-11-09;2.22;8.1;13.98;0.0;9.011;0.97;51.01
1984-11-10;2.71;8.51;14.31;0.0;7.671;1.06;50.07
1984-11-11;6.11;9.68;13.24;0.0;3.424;0.27;70.99
1984-11-12;4.3;9.1;13.89;0.0;5.107;0.73;56.21
1984-11-13;1.31;6.89;12.46;0.0;6.748;0.88;54.76
1984-11-14;2.65;8.07;13.5;0.0;2.992;0.53;45.25
1984-11-15;4.28;8.39;12.5;0.0;3.581;1.74;55.68
1984-11-16;8.85;10.46;12.07;1.72;2.241;2.08;76.57
1984-11-17;8.16;9.58;11.0;5.38;1.921;3.4;81.62
1984-11-18;6.45;7.78;9.1;8.05;1.528;2.4;84.79
1984-11-19;3.68;7.79;11.91;0.41;7.152;2.76;77.45
1984-11-20;5.84;9.54;13.25;5.36;6.45;3.7;76.29
1984-11-21;3.7;7.21;10.72;0.0;6.951;4.22;70.66
1984-11-22;0.6;4.16;7.72;0.0;3.767;2.51;74.13
1984-11-23;1.52;5.26;9.01;0.0;5.705;3.14;64.37
1984-11-24;0.32;3.53;6.74;0.0;2.919;1.86;69.45
1984-11-25;2.28;5.71;9.14;0.0;4.9;1.72;38.51
1984-11-26;-0.61;3.71;8.04;0.98;3.219;3.14;58.23
1984-11-27;7.46;9.21;10.97;0.0;2.303;3.59;70.26
1984-11-28;5.53;9.17;12.81;0.0;4.858;3.41;48.62
1984-11-29;1.57;6.16;10.74;0.0;7.026;1.48;53.62
1984-11-30;2.09;6.22;10.36;0.0;5.462;2.61;52.55
1984-12-01;5.77;9.62;13.47;0.0;5.41;3.1;50.49
1984-12-02;5.56;9.39;13.23;0.0;6.229;3.51;55.43
1984-12-03;4.86;9.01;13.16;0.0;4.426;3.77;58.2
1984-12-04;2.15;4.88;7.62;0.0;2.573;0.87;75.93
1984-12-05;0.21;5.3;10.38;0.0;2.603;1.29;55.0
1984-12-06;3.07;7.66;12.24;0.0;3.928;2.08;46.76
1984-12-07;4.83;6.08;7.33;0.0;2.261;1.91;50.43
1984-12-08;0.38;3.64;6.9;0.0;3.3;1.97;51.41
1984-12-09;-5.68;-2.94;-0.2;0.0;6.281;5.89;30.06
1984-12-10;-6.46;-3.68;-0.9;0.0;5.26;1.52;42.82
1984-12-11;-2.12;1.54;5.2;0.0;4.714;2.51;53.48
1984-12-12;4.93;5.14;5.35;8.31;1.227;0.57;85.96
1984-12-13;-2.98;0.31;3.61;0.0;2.593;3.33;65.73
1984-12-14;-4.18;-1.8;0.58;0.0;4.427;3.66;64.44
1984-12-15;-3.93;0.12;4.17;0.0;4.9;2.82;65.52
1984-12-16;-1.83;1.33;4.48;4.82;1.779;4.49;61.69
1984-12-17;-3.02;-0.92;1.19;0.0;4.502;2.62;47.34
1984-12-18;-7.22;-3.93;-0.64;0.0;5.215;1.4;57.51
1984-12-19;-9.02;-5.49;-1.96;0.0;2.652;1.98;49.56
1984-12-20;-5.01;-1.74;1.52;0.0;4.198;1.39;69.93
1984-12-21;-4.32;-1.06;2.21;0.0;4.046;1.98;65.66
1984-12-22;-7.09;-3.28;0.53;0.0;4.825;1.6;76.2
1984-12-23;-8.12;-4.03;0.05;0.0;5.169;1.3;77.27
1984-12-24;-8.33;-4.38;-0.44;0.0;4.682;2.08;78.88
1984-12-25;-9.98;-5.37;-0.76;0.0;4.811;2.87;75.63
1984-12-26;-8.52;-4.26;0.0;0.0;4.319;1.77;71.52
1984-12-27;-2.97;-0.45;2.07;0.0;3.248;0.6;82.01
1984-12-28;-3.26;0.93;5.11;0.0;7.507;1.63;64.13
1984-12-29;-3.61;0.33;4.27;0.0;6.582;2.39;75.52
1984-12-30;-1.67;0.67;3.0;2.96;2.194;2.16;79.41
1984-12-31;0.16;1.5;2.83;1.8;2.421;1.17;79.34
