iso-date;tmin;tavg;tmax;precip;globrad;wind;relhumid
1980-01-01;14.82;22.39;29.96;0.0;10.676;3.33;19.2
1980-01-02;9.97;15.79;21.61;0.0;12.811;3.01;4.34
1980-01-03;7.2;14.45;21.69;0.0;13.988;3.94;8.97
1980-01-04;8.69;16.58;24.47;0.0;15.009;3.54;14.63
1980-01-05;7.51;15.96;24.41;0.0;14.628;3.28;13.47
1980-01-06;10.06;18.34;26.61;0.0;14.535;2.61;16.5
1980-01-07;12.26;20.25;28.24;0.0;15.009;2.14;16.72
1980-01-08;10.24;18.78;27.32;0.0;15.03;2.61;12.6
1980-01-09;9.65;18.04;26.43;0.0;14.016;2.51;9.03
1980-01-10;11.62;19.94;28.26;0.0;14.153;1.6;11.07
1980-01-11;12.46;20.86;29.25;0.0;14.424;0.48;12.25
1980-01-12;13.11;21.23;29.35;0.0;15.496;1.22;19.28
1980-01-13;13.62;20.88;28.15;0.0;11.713;3.22;24.87
1980-01-14;8.54;14.73;20.92;0.0;15.6;4.06;16.16
1980-01-15;6.89;14.37;21.84;0.0;15.495;3.73;16.57
1980-01-16;10.33;18.52;26.72;0.0;16.361;3.44;13.76
1980-01-17;12.12;19.7;27.27;0.3;14.412;3.0;14.04
1980-01-18;11.46;20.2;28.94;0.0;16.092;2.71;11.97
1980-01-19;13.5;19.54;25.57;0.0;15.79;2.6;17.57
1980-01-20;10.39;17.26;24.13;0.0;15.535;3.54;16.93
1980-01-21;10.66;17.8;24.95;0.0;15.796;3.22;18.73
1980-01-22;11.85;18.95;26.06;0.0;15.79;2.81;17.34
1980-01-23;9.99;18.57;27.15;0.0;15.844;3.04;21.05
1980-01-24;15.28;23.96;32.63;0.0;17.188;2.63;25.9
1980-01-25;16.44;24.45;32.45;0.0;18.238;2.26;22.97
1980-01-26;15.67;23.04;30.4;0.0;16.387;2.12;20.15
1980-01-27;11.62;19.89;28.17;0.0;15.989;2.63;13.01
1980-01-28;10.85;19.3;27.76;0.0;15.778;2.73;10.02
1980-01-29;10.35;18.5;26.65;0.11;15.617;2.8;10.15
1980-01-30;12.91;19.4;25.89;0.0;16.611;2.86;16.89
1980-01-31;9.81;17.36;24.9;0.0;17.188;3.13;19.02
1980-02-01;9.32;17.8;26.29;0.0;17.08;3.15;17.1
1980-02-02;9.82;18.72;27.62;0.0;18.92;2.08;14.26
1980-02-03;10.53;19.1;27.67;0.0;16.579;0.62;12.59
1980-02-04;11.09;19.38;27.67;0.0;16.772;1.34;14.7
1980-02-05;11.21;19.97;28.73;0.0;18.016;2.12;15.11
1980-02-06;13.42;20.16;26.9;0.0;18.115;2.78;19.06
1980-02-07;10.77;17.46;24.15;0.0;17.698;3.86;11.86
1980-02-08;7.38;13.18;18.98;0.0;18.706;4.25;15.11
1980-02-09;5.65;12.36;19.07;0.0;18.702;4.17;14.83
1980-02-10;3.02;11.44;19.85;0.0;18.704;4.17;17.49
1980-02-11;6.86;13.41;19.97;0.0;18.706;4.49;19.8
1980-02-12;6.82;13.21;19.61;0.0;18.866;4.36;12.32
1980-02-13;5.85;12.7;19.54;0.0;19.235;4.27;12.92
1980-02-14;5.48;13.21;20.94;0.0;18.682;4.22;13.13
1980-02-15;6.64;14.79;22.93;0.0;18.99;3.31;16.73
1980-02-16;8.63;16.77;24.9;0.0;18.83;3.31;18.67
1980-02-17;9.8;17.83;25.86;0.0;19.181;2.94;19.01
1980-02-18;9.59;17.51;25.42;0.0;19.415;3.0;17.6
1980-02-19;9.26;17.72;26.18;0.0;19.5;0.78;13.1
1980-02-20;10.5;19.34;28.19;0.0;19.293;3.52;8.87
1980-02-21;11.34;18.27;25.2;0.0;19.692;3.51;10.56
1980-02-22;9.65;17.27;24.9;0.0;19.687;3.94;13.86
1980-02-23;11.9;19.83;27.76;0.0;19.871;4.11;12.41
1980-02-24;12.8;20.93;29.06;0.0;20.071;3.93;12.27
1980-02-25;11.99;20.43;28.88;0.0;19.543;3.18;11.07
1980-02-26;11.96;20.2;28.44;0.0;19.688;3.18;10.89
1980-02-27;12.75;19.7;26.65;0.3;19.068;3.68;11.51
1980-02-28;9.39;16.8;24.2;0.0;20.795;3.94;11.6
1980-02-29;0.0;0.0;0.0;0.0;0.0;0.0;0.0
1980-03-01;7.16;15.67;24.17;0.0;21.107;2.57;12.52
1980-03-02;9.6;17.43;25.25;0.0;21.393;2.1;15.29
1980-03-03;12.68;21.38;30.09;0.0;20.852;4.04;7.5
1980-03-04;12.81;20.07;27.32;0.0;21.13;3.61;9.68
1980-03-05;9.88;17.39;24.89;0.0;21.577;3.93;11.29
1980-03-06;10.33;17.77;25.22;0.0;21.529;3.71;10.87
1980-03-07;10.11;18.34;26.57;0.0;21.426;3.41;13.61
1980-03-08;12.47;20.21;27.96;0.0;23.221;2.96;11.62
1980-03-09;14.53;23.16;31.8;0.0;20.974;4.04;6.6
1980-03-10;13.74;21.36;28.98;0.0;21.333;2.77;9.7
1980-03-11;12.94;22.08;31.22;0.0;21.342;2.97;8.78
1980-03-12;15.31;22.41;29.52;0.0;21.805;3.42;9.67
1980-03-13;12.46;20.37;28.27;0.0;21.904;1.23;10.87
1980-03-14;17.9;26.96;36.03;0.0;21.911;3.53;7.06
1980-03-15;20.7;27.98;35.26;0.0;22.212;2.0;12.42
1980-03-16;16.13;22.84;29.54;0.0;22.489;3.52;11.79
1980-03-17;12.54;18.95;25.35;0.0;23.157;4.39;11.18
1980-03-18;10.83;18.36;25.88;0.0;23.483;3.68;9.39
1980-03-19;12.74;20.8;28.85;0.3;23.3;3.24;8.1
1980-03-20;17.5;26.34;35.19;0.0;24.283;4.33;4.25
1980-03-21;15.32;23.23;31.13;0.0;23.021;3.46;6.15
1980-03-22;15.39;22.06;28.73;0.0;22.926;4.04;9.27
1980-03-23;13.29;19.68;26.07;0.3;22.374;4.34;6.75
1980-03-24;11.53;19.41;27.28;0.0;24.012;3.46;12.4
1980-03-25;14.0;22.11;30.22;0.0;23.888;2.69;11.75
1980-03-26;17.98;27.17;36.36;0.2;23.0;4.76;5.49
1980-03-27;16.95;23.6;30.25;0.0;23.12;4.07;12.61
1980-03-28;12.83;19.35;25.87;0.0;23.8;4.58;10.24
1980-03-29;10.83;16.82;22.8;0.0;24.32;4.67;10.35
1980-03-30;8.27;16.67;25.07;0.0;24.595;2.4;9.03
1980-03-31;13.18;21.74;30.31;0.0;24.71;2.72;10.61
1980-04-01;17.82;27.38;36.94;0.0;25.144;4.33;4.41
1980-04-02;18.21;23.88;29.56;0.0;17.969;3.86;13.91
1980-04-03;16.21;21.76;27.31;0.0;17.347;4.06;10.65
1980-04-04;15.73;22.52;29.31;0.0;26.004;3.75;8.12
1980-04-05;13.41;21.92;30.43;0.0;25.396;2.09;6.02
1980-04-06;18.02;27.67;37.32;0.0;22.782;4.18;7.94
1980-04-07;21.65;29.9;38.16;0.0;17.601;2.47;4.6
1980-04-08;21.9;28.8;35.71;0.0;24.71;2.82;6.13
1980-04-09;19.93;27.88;35.83;0.0;27.482;2.45;6.3
1980-04-10;17.82;26.28;34.74;0.0;21.405;3.2;8.67
1980-04-11;22.94;32.63;42.32;0.0;27.468;3.52;4.27
1980-04-12;22.07;32.52;42.98;0.0;26.94;3.39;5.52
1980-04-13;20.13;27.75;35.37;0.0;21.4;3.57;5.77
1980-04-14;18.11;25.64;33.17;0.0;26.903;3.3;6.04
1980-04-15;14.63;23.71;32.79;0.0;25.79;4.01;6.05
1980-04-16;16.65;23.02;29.38;0.0;25.888;4.11;7.78
1980-04-17;13.33;21.18;29.03;0.0;26.61;3.08;6.74
1980-04-18;14.13;23.78;33.43;0.0;25.79;1.97;6.15
1980-04-19;18.41;28.5;38.59;0.0;26.978;2.68;3.9
1980-04-20;19.73;28.45;37.18;0.0;24.649;3.57;9.48
1980-04-21;19.91;27.95;35.98;0.0;24.538;3.69;10.03
1980-04-22;20.92;29.41;37.89;0.0;25.287;2.71;6.01
1980-04-23;25.05;34.32;43.59;0.0;27.351;4.21;4.34
1980-04-24;22.64;30.52;38.41;0.0;21.272;4.26;12.58
1980-04-25;19.76;26.82;33.88;0.0;26.183;4.1;5.66
1980-04-26;16.88;24.65;32.42;0.0;26.446;3.27;7.58
1980-04-27;19.45;28.5;37.55;0.0;27.573;3.72;6.14
1980-04-28;24.9;34.23;43.56;0.0;27.764;2.64;4.33
1980-04-29;25.85;34.09;42.33;0.0;22.468;2.96;8.89
1980-04-30;20.43;27.55;34.68;0.27;24.888;4.63;6.95
1980-05-01;17.17;23.88;30.59;0.0;27.086;5.02;6.63
1980-05-02;17.27;23.96;30.66;0.0;28.083;4.85;7.07
1980-05-03;16.48;23.59;30.69;0.0;26.42;4.41;9.1
1980-05-04;17.55;25.63;33.7;0.0;28.068;2.55;11.05
1980-05-05;22.18;30.55;38.92;0.0;26.103;3.27;6.03
1980-05-06;21.68;30.21;38.74;0.0;23.163;2.25;10.13
1980-05-07;23.45;32.12;40.78;0.0;24.668;1.59;9.95
1980-05-08;28.21;36.28;44.34;0.0;24.9;1.84;6.33
1980-05-09;25.32;32.27;39.21;0.48;20.104;3.45;14.4
1980-05-10;20.33;27.28;34.23;0.0;13.594;3.23;20.0
1980-05-11;21.55;29.35;37.15;0.0;25.283;1.39;16.05
1980-05-12;26.08;34.55;43.02;0.0;26.964;3.43;11.17
1980-05-13;27.9;36.38;44.85;0.0;23.454;5.38;10.03
1980-05-14;25.37;31.59;37.82;0.0;25.803;5.36;18.09
1980-05-15;24.81;31.21;37.62;0.0;29.08;3.69;14.68
1980-05-16;23.06;29.74;36.42;0.0;27.511;4.88;6.5
1980-05-17;20.01;28.09;36.17;0.0;27.714;4.47;6.86
1980-05-18;18.9;27.8;36.7;0.0;27.711;2.2;7.57
1980-05-19;20.41;29.63;38.85;0.0;27.404;2.5;7.47
1980-05-20;23.52;32.33;41.14;0.0;27.577;2.4;10.03
1980-05-21;25.47;34.34;43.22;0.0;28.733;2.5;8.74
1980-05-22;26.09;34.66;43.23;0.0;27.001;2.16;7.37
1980-05-23;25.21;33.47;41.73;0.0;25.617;2.78;6.58
1980-05-24;24.85;33.62;42.39;0.0;27.839;2.48;6.82
1980-05-25;24.51;33.31;42.11;0.0;27.405;1.79;6.08
1980-05-26;26.96;36.41;45.87;0.0;29.168;2.34;5.52
1980-05-27;22.8;28.49;34.19;0.0;13.455;5.35;11.84
1980-05-28;23.28;29.52;35.75;0.0;23.048;3.45;17.5
1980-05-29;22.7;29.4;36.1;0.0;26.09;3.99;11.07
1980-05-30;22.42;28.82;35.23;0.0;26.687;4.61;6.53
1980-05-31;19.24;26.45;33.66;0.0;18.319;4.76;6.55
1980-06-01;20.71;27.98;35.25;0.0;28.944;5.24;7.72
1980-06-02;22.16;29.55;36.95;0.0;27.711;4.72;10.12
1980-06-03;22.54;30.36;38.18;0.0;28.109;4.03;9.91
1980-06-04;21.31;30.19;39.07;0.0;29.722;3.19;6.87
1980-06-05;21.04;29.65;38.26;0.0;28.11;4.34;7.82
1980-06-06;22.56;30.45;38.33;0.0;28.11;3.92;7.69
1980-06-07;22.19;31.02;39.86;0.0;29.76;2.91;8.14
1980-06-08;23.78;32.85;41.92;0.0;30.222;1.38;7.83
1980-06-09;26.43;35.14;43.85;0.0;29.411;1.71;6.68
1980-06-10;27.27;36.74;46.21;0.0;29.652;1.0;5.01
1980-06-11;25.2;34.23;43.25;0.0;27.098;2.69;5.62
1980-06-12;26.11;34.45;42.8;0.0;27.099;3.41;7.63
1980-06-13;25.54;34.06;42.59;0.0;27.402;2.03;7.71
1980-06-14;27.57;36.08;44.58;0.0;26.874;4.61;6.76
1980-06-15;26.96;34.62;42.28;0.0;26.006;4.61;8.54
1980-06-16;24.63;31.45;38.28;0.0;24.552;5.34;11.47
1980-06-17;24.35;30.59;36.82;0.0;24.708;4.67;9.77
1980-06-18;24.34;30.63;36.91;0.0;25.695;3.89;9.33
1980-06-19;24.33;30.79;37.25;0.0;26.589;3.63;7.58
1980-06-20;23.74;30.84;37.93;0.0;26.495;4.03;6.65
1980-06-21;25.08;32.6;40.12;0.0;27.546;4.04;6.05
1980-06-22;26.13;33.75;41.37;0.0;28.192;4.3;5.55
1980-06-23;26.31;34.08;41.84;0.0;28.811;4.14;5.87
1980-06-24;25.93;33.34;40.76;0.0;28.397;4.22;8.11
1980-06-25;24.59;32.3;40.01;0.0;27.278;5.0;9.18
1980-06-26;24.44;32.58;40.72;0.0;28.094;3.95;6.68
1980-06-27;22.35;31.41;40.46;0.0;28.61;2.81;6.33
1980-06-28;23.73;31.73;39.74;0.0;26.893;3.55;10.11
1980-06-29;23.5;31.75;40.0;0.0;27.293;3.25;9.4
1980-06-30;22.67;31.48;40.3;0.0;27.58;3.81;8.84
1980-07-01;24.74;32.95;41.15;0.0;27.486;3.66;7.74
1980-07-02;25.98;33.56;41.15;0.0;26.311;3.44;8.72
1980-07-03;26.97;34.39;41.82;0.0;26.847;2.7;7.73
1980-07-04;26.29;34.31;42.33;0.0;27.999;2.51;5.6
1980-07-05;25.83;34.09;42.36;0.0;28.899;2.33;5.5
1980-07-06;25.76;34.22;42.67;0.0;28.839;3.64;7.77
1980-07-07;26.85;33.63;40.4;0.0;27.505;3.79;9.14
1980-07-08;26.15;33.05;39.95;0.0;28.69;3.52;7.87
1980-07-09;25.08;31.8;38.52;0.0;28.107;4.04;7.04
1980-07-10;23.26;31.65;40.04;0.0;28.71;4.69;7.31
1980-07-11;24.2;32.91;41.63;0.0;27.841;3.11;9.36
1980-07-12;24.47;32.55;40.63;0.0;27.204;3.98;8.64
1980-07-13;23.43;30.98;38.54;0.0;27.706;4.25;7.7
1980-07-14;22.53;30.62;38.7;0.0;26.92;3.42;8.92
1980-07-15;23.54;31.92;40.3;0.0;26.335;2.26;9.65
1980-07-16;24.15;32.73;41.32;0.0;26.813;2.66;9.39
1980-07-17;24.69;32.84;41.0;0.0;26.815;3.82;8.28
1980-07-18;23.89;32.01;40.13;0.0;27.467;3.61;6.7
1980-07-19;23.66;31.96;40.26;0.0;26.919;4.03;8.76
1980-07-20;24.14;32.57;41.0;0.0;26.518;2.89;9.49
1980-07-21;24.56;33.41;42.27;0.0;27.018;4.01;8.09
1980-07-22;25.77;34.46;43.15;0.0;27.861;4.01;6.47
1980-07-23;26.54;34.59;42.65;0.0;26.79;3.62;5.17
1980-07-24;26.89;34.95;43.0;0.0;26.247;3.92;5.02
1980-07-25;28.35;35.67;43.0;0.0;26.121;3.93;5.39
1980-07-26;27.65;34.68;41.71;0.0;25.462;4.7;7.44
1980-07-27;27.05;34.15;41.25;0.0;26.018;4.32;8.56
1980-07-28;26.83;35.03;43.23;0.0;27.435;3.39;9.15
1980-07-29;27.04;35.1;43.16;0.0;25.847;3.18;7.93
1980-07-30;27.28;35.67;44.07;0.0;26.133;3.38;7.52
1980-07-31;27.86;36.52;45.18;0.0;26.05;3.19;7.37
1980-08-01;29.21;38.28;47.36;0.0;26.53;3.82;6.46
1980-08-02;29.96;38.81;47.67;0.0;23.373;2.76;5.19
1980-08-03;32.33;40.44;48.55;0.0;24.958;1.7;7.14
1980-08-04;29.4;38.82;48.24;0.0;26.13;3.78;6.33
1980-08-05;29.21;37.8;46.38;0.0;26.072;3.28;5.59
1980-08-06;27.62;35.85;44.08;0.0;25.666;2.82;6.34
1980-08-07;27.46;35.1;42.74;0.0;25.759;3.59;8.77
1980-08-08;27.73;34.67;41.61;0.0;26.526;3.35;10.83
1980-08-09;25.74;32.95;40.17;0.0;26.954;3.35;9.48
1980-08-10;24.2;32.19;40.18;0.0;27.008;4.49;8.23
1980-08-11;24.69;32.82;40.95;0.1;28.2;4.61;7.02
1980-08-12;25.2;32.92;40.64;0.0;26.716;3.77;7.07
1980-08-13;24.95;32.77;40.6;0.0;26.033;3.48;7.09
1980-08-14;24.72;33.25;41.79;0.0;25.625;3.77;6.35
1980-08-15;25.65;34.27;42.9;0.0;25.917;3.84;4.86
1980-08-16;27.16;35.4;43.63;0.0;26.526;3.42;4.78
1980-08-17;27.38;35.78;44.18;0.0;25.934;4.27;7.16
1980-08-18;27.61;35.76;43.91;0.0;25.333;4.08;8.43
1980-08-19;27.5;35.75;44.0;0.0;24.632;3.45;7.15
1980-08-20;26.87;35.22;43.56;0.0;24.443;3.45;7.17
1980-08-21;26.34;34.8;43.27;0.0;24.195;3.34;6.29
1980-08-22;26.31;34.74;43.17;0.0;24.135;3.56;5.5
1980-08-23;27.55;35.64;43.73;0.0;24.572;4.35;6.6
1980-08-24;28.1;36.57;45.04;0.0;25.305;4.75;8.44
1980-08-25;28.26;37.06;45.87;0.0;24.775;4.34;7.67
1980-08-26;26.01;35.09;44.17;0.0;24.439;3.75;6.05
1980-08-27;25.31;34.46;43.62;0.0;24.552;2.89;6.59
1980-08-28;24.38;33.8;43.21;0.0;24.859;2.27;7.76
1980-08-29;24.97;34.19;43.41;0.0;24.65;3.44;9.17
1980-08-30;26.14;35.0;43.85;0.18;24.526;4.06;9.04
1980-08-31;26.75;34.5;42.26;0.0;25.144;4.28;7.51
1980-09-01;25.76;33.13;40.51;0.0;25.153;4.74;6.79
1980-09-02;23.81;30.91;38.0;0.0;25.146;4.04;8.23
1980-09-03;22.6;31.11;39.62;0.0;24.928;3.67;8.35
1980-09-04;23.1;32.31;41.52;0.0;23.812;3.04;6.52
1980-09-05;25.3;34.34;43.39;0.0;23.397;3.02;7.24
1980-09-06;26.09;35.14;44.19;0.0;24.113;3.95;8.36
1980-09-07;27.83;35.66;43.48;0.0;24.743;4.55;8.68
1980-09-08;26.61;34.13;41.66;0.0;23.491;3.45;7.53
1980-09-09;25.72;34.05;42.37;1.58;23.655;3.05;7.35
1980-09-10;24.25;32.67;41.1;0.0;24.205;2.75;7.31
1980-09-11;24.26;32.79;41.31;0.0;23.934;3.99;8.91
1980-09-12;24.95;32.8;40.66;0.0;23.795;4.1;9.15
1980-09-13;24.95;32.21;39.47;0.0;23.588;4.17;9.54
1980-09-14;24.34;31.15;37.96;0.0;23.288;3.98;12.01
1980-09-15;23.23;30.08;36.92;0.0;23.207;4.09;11.0
1980-09-16;22.57;29.63;36.68;0.0;23.3;3.9;10.34
1980-09-17;21.42;28.8;36.17;0.0;23.409;4.32;10.15
1980-09-18;20.05;28.02;35.98;0.0;23.598;4.96;8.14
1980-09-19;20.03;28.16;36.29;0.0;23.609;5.09;7.2
1980-09-20;20.6;29.14;37.68;0.0;23.817;4.41;6.04
1980-09-21;21.84;30.36;38.88;0.0;23.093;4.29;8.57
1980-09-22;24.1;32.33;40.55;0.0;22.524;3.89;9.0
1980-09-23;25.54;33.78;42.03;0.0;22.306;3.98;8.16
1980-09-24;27.22;35.15;43.08;0.0;22.095;3.81;8.2
1980-09-25;27.24;35.27;43.29;0.0;21.975;2.96;8.7
1980-09-26;26.43;34.53;42.63;0.0;21.96;2.07;8.09
1980-09-27;24.39;33.67;42.95;0.0;22.548;1.25;5.89
1980-09-28;23.82;33.12;42.42;0.0;22.715;3.1;6.21
1980-09-29;23.63;33.24;42.85;0.0;23.065;3.63;5.99
1980-09-30;23.27;32.55;41.82;0.0;22.855;3.19;6.29
1980-10-01;22.6;32.02;41.44;0.0;22.549;2.3;5.71
1980-10-02;23.31;33.11;42.91;0.21;21.971;3.04;4.9
1980-10-03;23.75;33.0;42.26;0.26;21.81;3.2;4.7
1980-10-04;23.5;32.73;41.95;0.4;21.947;3.14;3.63
1980-10-05;23.23;32.65;42.07;0.0;21.519;3.69;7.66
1980-10-06;24.41;33.31;42.21;0.0;21.424;3.9;9.09
1980-10-07;25.99;33.24;40.49;0.0;20.393;3.69;12.33
1980-10-08;24.57;31.36;38.15;0.0;20.396;3.2;12.09
1980-10-09;23.22;29.79;36.37;0.0;20.354;3.29;10.84
1980-10-10;20.65;27.65;34.65;0.0;20.603;3.69;9.05
1980-10-11;19.13;27.02;34.9;0.0;20.435;3.79;11.42
1980-10-12;18.99;26.96;34.93;0.0;20.39;3.76;10.93
1980-10-13;17.15;25.65;34.16;0.0;19.874;3.31;6.2
1980-10-14;18.82;27.93;37.04;1.58;19.094;3.87;4.29
1980-10-15;20.8;30.16;39.53;0.0;19.935;3.69;8.71
1980-10-16;22.31;31.37;40.43;0.0;20.014;3.59;11.2
1980-10-17;22.72;31.49;40.26;0.0;19.586;3.3;10.55
1980-10-18;23.62;31.91;40.21;0.0;19.231;2.81;12.35
1980-10-19;23.9;31.58;39.26;0.0;19.017;2.41;12.2
1980-10-20;23.33;31.16;38.99;0.0;18.954;3.0;11.96
1980-10-21;23.95;30.99;38.03;0.0;18.691;2.91;13.82
1980-10-22;22.74;31.31;39.88;0.0;18.943;3.8;11.37
1980-10-23;22.0;30.59;39.17;0.0;18.69;4.09;13.74
1980-10-24;21.05;29.58;38.1;0.0;18.576;3.42;11.91
1980-10-25;20.79;28.74;36.69;0.0;18.292;2.99;11.26
1980-10-26;21.58;29.83;38.08;0.0;18.599;3.19;16.26
1980-10-27;21.22;29.42;37.62;0.0;18.377;3.38;14.96
1980-10-28;23.12;30.74;38.37;0.0;18.287;1.73;20.15
1980-10-29;21.67;29.2;36.72;0.0;17.45;3.39;18.36
1980-10-30;20.97;26.12;31.26;0.0;12.991;3.49;20.19
1980-10-31;18.21;23.45;28.7;0.0;17.526;4.11;16.93
1980-11-01;15.53;21.59;27.64;0.0;18.173;3.9;18.26
1980-11-02;14.26;21.04;27.82;0.0;18.169;3.34;20.18
1980-11-03;14.2;21.64;29.09;0.0;18.168;2.83;23.44
1980-11-04;14.94;22.42;29.9;0.0;17.761;2.3;19.34
1980-11-05;15.5;22.57;29.64;0.0;17.379;3.09;15.62
1980-11-06;15.14;22.05;28.95;0.0;17.311;3.28;14.72
1980-11-07;13.37;20.54;27.7;0.0;17.214;3.19;14.1
1980-11-08;12.3;19.86;27.41;0.0;17.649;2.99;13.94
1980-11-09;13.49;21.05;28.62;0.0;17.397;2.3;18.81
1980-11-10;13.2;21.08;28.96;0.0;17.004;2.49;15.94
1980-11-11;13.49;20.98;28.46;0.0;16.724;3.91;16.28
1980-11-12;13.33;19.69;26.05;0.0;17.245;4.57;20.16
1980-11-13;12.78;19.67;26.56;0.27;17.11;4.52;21.96
1980-11-14;13.02;20.69;28.36;0.0;17.311;4.04;26.6
1980-11-15;12.57;20.18;27.79;0.0;17.128;3.46;17.44
1980-11-16;13.79;20.8;27.82;0.0;16.699;4.82;17.33
1980-11-17;10.85;16.39;21.94;0.2;17.76;5.74;19.03
1980-11-18;9.9;15.82;21.75;0.0;17.101;4.83;19.85
1980-11-19;9.72;15.79;21.85;0.0;18.014;4.0;19.37
1980-11-20;9.29;16.31;23.33;0.0;17.147;3.58;28.42
1980-11-21;9.74;17.22;24.7;0.0;17.994;3.18;21.63
1980-11-22;13.52;20.63;27.75;0.0;16.107;2.7;19.96
1980-11-23;12.14;19.73;27.32;0.0;15.616;3.37;16.42
1980-11-24;11.53;19.32;27.11;0.0;15.305;3.78;13.61
1980-11-25;11.39;18.88;26.37;0.0;15.714;3.68;13.61
1980-11-26;11.51;19.18;26.84;0.0;16.193;3.19;11.64
1980-11-27;10.0;17.73;25.45;0.0;15.578;3.64;11.21
1980-11-28;9.6;17.48;25.36;0.0;15.072;3.06;11.45
1980-11-29;9.6;17.86;26.11;0.0;14.947;2.56;11.25
1980-11-30;12.24;19.95;27.66;0.0;14.916;3.37;14.56
1980-12-01;13.13;19.81;26.49;0.0;15.161;3.06;21.86
1980-12-02;11.67;18.14;24.62;0.0;15.172;3.02;20.38
1980-12-03;11.27;17.92;24.57;0.0;15.232;3.14;22.11
1980-12-04;9.7;16.79;23.88;0.0;15.11;1.58;24.28
1980-12-05;8.73;16.48;24.24;0.0;14.817;2.51;16.97
1980-12-06;9.13;16.92;24.71;0.0;14.501;2.31;13.02
1980-12-07;13.35;20.68;28.01;0.0;14.111;3.99;9.58
1980-12-08;11.91;17.27;22.62;0.0;11.867;3.9;28.57
1980-12-09;10.26;17.03;23.8;0.0;15.041;3.3;22.01
1980-12-10;10.35;18.16;25.96;0.0;14.836;3.09;25.35
1980-12-11;14.23;22.13;30.03;0.0;16.858;2.68;24.27
1980-12-12;13.83;20.75;27.67;0.0;14.626;1.36;21.85
1980-12-13;12.18;20.51;28.84;0.0;15.905;1.82;15.36
1980-12-14;11.89;20.8;29.72;0.0;15.676;2.11;10.23
1980-12-15;10.31;17.63;24.95;0.0;14.065;2.8;8.93
1980-12-16;8.17;15.14;22.1;0.0;13.376;2.7;13.26
1980-12-17;7.82;14.69;21.56;0.0;13.92;3.3;16.54
1980-12-18;8.34;14.56;20.79;0.0;14.268;4.21;23.03
1980-12-19;8.96;15.33;21.69;0.0;14.419;4.35;23.17
1980-12-20;6.93;14.3;21.67;0.0;14.444;4.52;18.47
1980-12-21;7.75;14.99;22.24;0.0;14.722;4.45;16.15
1980-12-22;7.54;14.98;22.42;0.0;14.722;4.27;16.36
1980-12-23;6.43;14.06;21.7;0.0;14.715;4.22;17.54
1980-12-24;5.57;13.32;21.08;0.0;14.021;3.78;14.29
1980-12-25;7.94;16.38;24.83;0.0;15.822;3.32;14.92
1980-12-26;9.63;17.84;26.06;0.0;15.632;2.9;15.09
1980-12-27;8.21;15.97;23.74;0.0;14.411;1.64;15.93
1980-12-28;7.38;15.38;23.37;0.0;13.922;2.41;14.53
1980-12-29;6.84;14.91;22.98;0.0;14.016;2.8;10.68
1980-12-30;9.99;16.39;22.79;0.0;14.712;3.53;25.36
1980-12-31;6.41;13.41;20.41;0.0;14.933;3.09;19.39
1981-01-01;7.87;14.62;21.36;0.0;13.109;4.79;19.36
1981-01-02;5.61;9.93;14.25;0.0;15.437;4.39;18.06
1981-01-03;5.47;11.65;17.83;0.0;15.106;4.7;21.09
1981-01-04;6.33;12.95;19.58;0.3;15.043;4.32;24.92
1981-01-05;5.87;12.8;19.73;0.0;15.011;3.45;18.73
1981-01-06;6.07;12.9;19.73;0.0;14.828;4.55;18.97
1981-01-07;6.6;13.27;19.95;0.0;15.2;4.05;18.14
1981-01-08;5.85;13.2;20.55;0.0;15.073;4.17;17.42
1981-01-09;7.54;15.2;22.85;0.0;15.489;3.58;24.74
1981-01-10;9.36;17.15;24.94;0.0;15.498;2.51;23.41
1981-01-11;9.36;17.36;25.35;0.0;15.34;1.81;20.83
1981-01-12;8.14;15.79;23.43;0.0;14.894;2.42;16.98
1981-01-13;8.19;15.24;22.29;0.0;14.634;3.73;14.54
1981-01-14;8.66;15.46;22.26;0.0;16.094;4.34;18.51
1981-01-15;8.3;15.91;23.52;0.0;16.432;3.82;20.01
1981-01-16;9.46;17.66;25.85;0.0;18.798;3.41;16.69
1981-01-17;10.27;18.29;26.3;0.0;17.668;3.01;14.72
1981-01-18;9.87;17.58;25.29;0.0;15.088;3.45;13.09
1981-01-19;9.72;18.7;27.68;0.0;15.496;4.46;15.74
1981-01-20;12.12;20.54;28.95;0.0;15.722;4.02;17.76
1981-01-21;13.06;21.3;29.55;0.0;15.791;3.9;18.48
1981-01-22;13.6;21.65;29.7;0.0;15.985;3.84;18.0
1981-01-23;12.99;20.89;28.8;0.0;15.795;4.02;18.25
1981-01-24;11.71;20.2;28.7;0.0;15.979;3.24;18.25
1981-01-25;12.6;20.59;28.59;0.0;16.184;2.34;18.64
1981-01-26;12.99;21.13;29.27;0.0;15.994;2.13;18.53
1981-01-27;13.18;21.3;29.41;0.0;15.992;1.88;18.31
1981-01-28;13.42;21.43;29.44;0.0;15.886;2.03;16.58
1981-01-29;13.01;20.52;28.02;0.0;16.286;2.3;13.74
1981-01-30;8.97;16.26;23.55;0.3;15.975;2.1;11.11
1981-01-31;9.15;17.36;25.58;0.0;16.184;2.65;7.74
1981-02-01;10.56;17.25;23.94;0.3;16.073;3.54;9.32
1981-02-02;11.62;17.76;23.9;0.0;16.986;3.04;10.16
1981-02-03;9.86;16.57;23.29;0.0;16.767;3.87;15.18
1981-02-04;9.34;16.23;23.13;0.0;17.197;3.03;15.42
1981-02-05;8.31;15.71;23.12;0.0;17.401;3.39;14.71
1981-02-06;8.65;16.06;23.47;0.0;18.909;3.02;14.6
1981-02-07;8.83;16.45;24.06;0.0;18.204;2.92;12.49
1981-02-08;8.11;15.56;23.02;0.0;18.11;2.63;12.42
1981-02-09;6.88;15.04;23.2;0.0;18.202;2.22;9.4
1981-02-10;8.39;16.57;24.75;0.0;18.208;2.84;13.96
1981-02-11;10.13;18.84;27.55;0.0;19.252;2.74;11.78
1981-02-12;12.69;21.36;30.03;0.0;19.683;2.13;11.45
1981-02-13;14.22;20.89;27.55;0.0;18.49;3.29;7.32
1981-02-14;7.72;14.51;21.3;0.0;19.173;4.12;10.58
1981-02-15;5.56;13.48;21.41;0.0;19.975;3.1;9.65
1981-02-16;8.84;16.03;23.22;0.0;20.115;4.23;10.81
1981-02-17;5.99;12.52;19.05;0.0;19.564;4.64;19.37
1981-02-18;4.02;11.21;18.4;0.0;19.963;3.95;18.85
1981-02-19;4.36;11.52;18.68;0.09;19.655;4.07;16.87
1981-02-20;6.22;13.75;21.29;0.0;19.494;3.94;11.36
1981-02-21;6.34;14.09;21.84;0.0;19.684;4.11;14.37
1981-02-22;6.71;14.59;22.47;0.0;20.617;4.11;10.8
1981-02-23;7.19;15.61;24.03;0.0;20.6;4.03;12.25
1981-02-24;8.46;17.16;25.87;0.0;20.306;3.39;9.21
1981-02-25;10.75;19.37;27.99;0.0;21.13;1.23;7.33
1981-02-26;11.94;20.39;28.84;0.0;20.284;2.41;10.72
1981-02-27;11.3;19.27;27.25;0.0;20.201;2.38;9.57
1981-02-28;9.25;18.21;27.18;0.0;21.14;2.18;8.25
1981-03-01;10.84;19.62;28.39;0.0;21.518;2.49;9.26
1981-03-02;14.52;23.49;32.46;0.3;21.654;3.03;10.29
1981-03-03;19.05;28.49;37.94;0.0;22.078;3.62;6.2
1981-03-04;15.59;22.63;29.66;0.0;22.993;3.39;8.32
1981-03-05;11.78;17.89;24.0;0.0;21.926;4.7;17.72
1981-03-06;9.89;17.18;24.46;0.0;21.812;4.25;12.89
1981-03-07;9.09;16.68;24.26;0.0;22.101;3.93;11.97
1981-03-08;9.49;17.2;24.9;0.0;21.709;3.51;11.84
1981-03-09;8.5;16.88;25.26;0.0;22.811;2.07;10.1
1981-03-10;10.7;19.25;27.8;0.0;21.804;2.07;10.62
1981-03-11;11.19;20.3;29.42;0.0;22.103;1.96;6.86
1981-03-12;11.84;20.46;29.08;0.0;23.522;2.96;6.2
1981-03-13;12.43;20.62;28.8;0.0;22.687;3.73;10.61
1981-03-14;12.57;19.58;26.59;0.0;22.489;3.87;10.08
1981-03-15;10.15;18.24;26.33;0.0;22.812;3.19;10.45
1981-03-16;10.63;18.59;26.55;0.0;22.705;3.51;13.94
1981-03-17;11.63;19.23;26.82;0.0;22.814;3.95;12.81
1981-03-18;12.24;19.93;27.61;0.0;23.21;3.07;11.86
1981-03-19;13.98;22.85;31.72;0.0;23.752;4.19;8.11
1981-03-20;19.49;26.99;34.5;0.0;13.598;2.63;7.62
1981-03-21;14.4;21.02;27.65;0.0;22.89;4.64;8.71
1981-03-22;10.81;17.09;23.37;0.0;23.444;4.64;11.06
1981-03-23;10.56;16.57;22.57;0.0;23.475;4.5;11.83
1981-03-24;9.55;16.46;23.37;0.0;23.7;4.8;11.59
1981-03-25;11.05;17.55;24.05;0.0;23.752;4.91;11.53
1981-03-26;10.51;18.33;26.15;0.0;23.907;4.9;10.15
1981-03-27;10.26;18.88;27.5;0.0;24.167;4.64;8.89
1981-03-28;10.26;19.43;28.61;0.0;24.514;4.33;8.72
1981-03-29;12.46;21.94;31.42;0.0;26.378;3.86;7.81
1981-03-30;18.04;27.39;36.74;0.0;25.529;3.25;8.26
1981-03-31;21.03;30.5;39.98;0.0;25.512;4.09;7.93
1981-04-01;17.96;25.67;33.38;0.34;27.097;3.88;1.87
1981-04-02;14.62;22.82;31.03;0.0;25.894;3.56;6.15
1981-04-03;12.89;21.28;29.67;0.0;24.964;3.66;6.79
1981-04-04;12.91;22.11;31.3;0.0;25.033;4.26;4.3
1981-04-05;13.91;23.63;33.34;0.0;24.822;3.04;4.3
1981-04-06;17.42;26.77;36.11;0.0;24.929;1.88;6.35
1981-04-07;19.63;28.62;37.6;0.0;25.686;1.23;2.97
1981-04-08;20.0;29.43;38.86;0.0;25.589;1.12;3.58
1981-04-09;23.13;32.27;41.4;0.31;27.067;3.28;1.96
1981-04-10;22.05;32.02;41.99;0.62;25.47;3.55;1.94
1981-04-11;15.89;23.91;31.94;0.0;13.281;3.29;13.2
1981-04-12;21.68;28.77;35.86;0.0;27.2;4.24;9.99
1981-04-13;17.4;24.59;31.77;0.0;25.184;4.1;6.6
1981-04-14;14.32;22.33;30.34;0.0;25.984;4.28;6.15
1981-04-15;13.17;21.32;29.48;0.0;25.986;3.29;6.05
1981-04-16;13.38;22.76;32.14;0.0;26.203;2.18;7.84
1981-04-17;17.11;26.79;36.47;0.0;27.778;1.79;3.74
1981-04-18;19.41;29.24;39.07;0.0;27.987;3.29;3.71
1981-04-19;19.62;28.31;37.01;0.0;24.545;3.06;10.71
1981-04-20;18.1;26.77;35.44;0.0;27.079;2.04;4.44
1981-04-21;15.93;25.53;35.13;0.0;26.278;1.87;4.78
1981-04-22;18.55;27.88;37.2;0.0;26.111;2.07;6.28
1981-04-23;20.22;29.64;39.07;0.0;26.848;3.07;5.35
1981-04-24;21.19;30.91;40.63;0.0;25.992;2.44;6.95
1981-04-25;22.66;29.73;36.81;0.0;26.078;4.54;7.71
1981-04-26;18.69;25.61;32.53;0.0;26.652;4.69;6.42
1981-04-27;16.69;24.32;31.95;0.0;26.654;3.9;5.01
1981-04-28;14.89;24.39;33.88;0.0;26.363;2.65;6.11
1981-04-29;17.52;26.26;34.99;0.0;25.424;2.07;11.15
1981-04-30;18.22;26.41;34.61;0.0;25.277;1.87;17.1
1981-05-01;19.48;27.84;36.2;0.0;26.01;1.77;15.73
1981-05-02;21.12;29.3;37.49;0.0;27.788;3.24;11.1
1981-05-03;22.75;31.86;40.96;0.0;28.156;2.25;5.93
1981-05-04;23.51;32.31;41.12;0.0;28.345;3.54;6.34
1981-05-05;23.32;31.53;39.74;0.0;25.476;3.79;8.78
1981-05-06;23.6;31.21;38.81;0.0;26.349;3.77;6.92
1981-05-07;22.69;30.59;38.48;0.0;26.35;3.89;6.15
1981-05-08;22.81;30.8;38.8;0.0;28.07;3.56;7.17
1981-05-09;22.7;30.83;38.95;0.0;25.12;3.13;9.97
1981-05-10;20.9;28.59;36.28;0.0;26.841;3.24;7.98
1981-05-11;18.5;26.86;35.23;0.0;27.49;2.58;5.75
1981-05-12;17.68;26.41;35.14;0.0;27.588;2.74;5.65
1981-05-13;18.48;27.54;36.59;0.0;27.21;2.21;5.35
1981-05-14;19.61;29.73;39.84;0.0;27.002;4.29;6.0
1981-05-15;23.93;32.95;41.98;0.0;26.042;4.19;10.06
1981-05-16;26.1;32.67;39.24;1.27;23.63;4.28;16.18
1981-05-17;24.98;32.02;39.06;0.41;17.813;1.24;14.8
1981-05-18;24.23;32.5;40.77;0.46;20.088;3.94;13.61
1981-05-19;23.52;32.53;41.55;0.0;25.771;3.45;12.95
1981-05-20;24.69;33.41;42.12;0.0;21.47;3.5;9.3
1981-05-21;25.12;33.41;41.7;0.0;14.568;1.04;6.32
1981-05-22;25.8;34.59;43.37;0.0;26.285;2.09;4.75
1981-05-23;23.89;33.35;42.81;0.0;26.786;2.47;4.41
1981-05-24;23.19;32.08;40.96;0.0;27.308;3.8;5.13
1981-05-25;22.38;31.34;40.31;0.0;27.844;3.99;6.15
1981-05-26;21.73;30.46;39.19;0.0;28.403;3.9;7.24
1981-05-27;21.96;30.57;39.17;0.0;28.631;3.47;6.85
1981-05-28;21.84;31.52;41.21;0.0;27.993;3.99;6.04
1981-05-29;22.31;32.27;42.22;0.0;28.089;3.26;6.08
1981-05-30;22.95;32.77;42.6;0.0;27.81;4.04;6.14
1981-05-31;25.27;33.83;42.39;0.0;27.511;3.9;6.45
1981-06-01;24.74;32.66;40.59;0.0;27.918;3.8;5.42
1981-06-02;24.08;32.28;40.49;0.0;27.969;4.09;4.85
1981-06-03;23.73;32.66;41.58;0.0;28.313;3.99;4.67
1981-06-04;23.6;33.3;42.99;0.0;27.702;4.34;5.41
1981-06-05;25.81;34.42;43.04;0.0;28.518;3.6;4.85
1981-06-06;25.46;34.59;43.73;0.0;27.599;3.41;4.04
1981-06-07;27.54;36.88;46.22;0.0;27.401;4.56;4.13
1981-06-08;28.07;37.11;46.15;0.0;26.898;4.9;4.53
1981-06-09;28.72;37.59;46.46;0.0;27.801;4.23;5.29
1981-06-10;28.72;37.62;46.52;0.0;28.409;3.82;5.72
1981-06-11;28.77;37.98;47.18;0.0;29.308;2.8;6.36
1981-06-12;28.39;37.78;47.17;0.0;29.465;1.71;5.66
1981-06-13;28.17;37.44;46.7;0.0;28.518;1.69;4.59
1981-06-14;28.69;36.55;44.41;0.0;27.4;3.05;7.19
1981-06-15;27.77;35.18;42.59;0.0;29.03;3.09;7.01
1981-06-16;25.08;32.45;39.81;0.0;28.807;3.51;6.64
1981-06-17;24.32;31.97;39.62;0.0;28.811;3.92;7.46
1981-06-18;25.8;34.3;42.79;0.0;30.122;3.5;8.11
1981-06-19;24.73;32.77;40.81;0.0;28.81;3.43;8.72
1981-06-20;25.53;33.16;40.79;0.0;29.029;2.55;7.66
1981-06-21;24.4;32.82;41.24;0.0;29.304;3.32;8.29
1981-06-22;24.73;33.6;42.47;0.0;29.272;1.62;8.56
1981-06-23;24.51;33.73;42.94;0.0;29.048;1.47;8.11
1981-06-24;25.35;34.77;44.19;0.0;29.107;2.36;7.52
1981-06-25;24.63;33.2;41.76;0.0;27.321;3.32;7.28
1981-06-26;26.89;34.7;42.51;0.0;26.813;3.03;7.61
1981-06-27;27.44;35.27;43.09;0.0;26.53;3.13;7.75
1981-06-28;27.85;35.89;43.94;0.0;26.847;3.34;6.96
1981-06-29;28.31;36.71;45.11;0.0;27.748;3.3;6.1
1981-06-30;28.17;36.51;44.85;0.0;27.073;3.85;6.13
1981-07-01;28.26;36.98;45.71;0.0;27.452;3.96;6.28
1981-07-02;28.07;36.48;44.9;0.0;26.99;3.96;6.1
1981-07-03;28.16;36.48;44.8;0.0;27.178;3.57;5.98
1981-07-04;27.82;35.89;43.95;0.0;26.87;3.53;5.67
1981-07-05;27.38;35.47;43.56;0.0;26.686;3.64;6.36
1981-07-06;27.1;34.98;42.86;0.0;26.341;4.32;8.19
1981-07-07;26.76;34.85;42.94;0.0;26.813;4.25;7.92
1981-07-08;26.74;34.94;43.13;0.0;26.813;4.25;7.7
1981-07-09;27.88;35.86;43.84;0.0;27.11;3.9;8.16
1981-07-10;28.23;36.27;44.3;0.0;27.603;3.42;9.08
1981-07-11;26.97;34.44;41.9;0.0;26.341;3.9;9.21
1981-07-12;26.37;34.12;41.87;0.0;27.401;3.51;7.6
1981-07-13;26.43;34.19;41.94;0.0;28.014;3.98;7.87
1981-07-14;27.92;35.28;42.63;0.0;26.811;4.03;10.31
1981-07-15;27.56;34.65;41.74;0.0;26.336;3.6;10.02
1981-07-16;26.89;34.45;42.01;0.0;26.811;2.63;9.2
1981-07-17;27.0;35.34;43.67;0.0;29.484;2.42;5.97
1981-07-18;25.65;33.75;41.85;0.0;27.187;3.54;7.67
1981-07-19;26.52;34.34;42.17;0.0;27.121;3.52;7.77
1981-07-20;25.83;33.72;41.6;0.0;27.025;4.14;7.06
1981-07-21;25.56;33.09;40.63;0.0;27.429;3.62;6.66
1981-07-22;24.71;31.8;38.9;0.0;27.429;4.34;6.66
1981-07-23;23.8;31.77;39.73;0.0;27.33;3.93;9.64
1981-07-24;24.71;32.8;40.89;0.0;27.531;3.0;8.12
1981-07-25;23.91;32.3;40.69;0.0;27.427;3.52;6.38
1981-07-26;25.09;33.62;42.14;0.0;28.496;3.31;6.25
1981-07-27;24.69;33.55;42.42;0.0;28.248;2.27;5.85
1981-07-28;23.71;30.21;36.7;0.0;19.468;3.81;11.57
1981-07-29;25.96;34.81;43.66;0.0;26.182;2.12;10.73
1981-07-30;26.13;34.5;42.87;0.0;26.523;4.28;6.33
1981-07-31;27.24;35.08;42.92;0.0;26.74;3.68;8.14
1981-08-01;26.28;34.06;41.85;0.0;27.68;3.07;5.32
1981-08-02;24.59;32.98;41.38;0.0;27.875;3.78;6.81
1981-08-03;27.93;35.45;42.96;0.0;27.241;3.99;7.83
1981-08-04;27.2;34.89;42.58;0.0;26.738;4.58;7.6
1981-08-05;27.74;34.85;41.97;0.0;26.236;5.09;10.23
1981-08-06;27.24;34.43;41.62;0.0;27.237;5.11;9.24
1981-08-07;27.5;35.28;43.07;0.0;27.435;5.33;8.14
1981-08-08;28.48;36.7;44.93;0.0;26.044;5.7;9.06
1981-08-09;29.47;38.27;47.07;0.0;26.805;4.17;7.86
1981-08-10;29.78;38.36;46.94;0.0;27.051;3.21;8.05
1981-08-11;29.3;37.49;45.68;0.0;25.009;2.86;9.57
1981-08-12;27.72;36.52;45.32;0.0;25.625;4.23;9.59
1981-08-13;29.04;36.84;44.65;0.0;26.133;3.67;8.97
1981-08-14;28.67;35.98;43.3;0.0;26.2;3.17;8.36
1981-08-15;27.16;34.44;41.72;0.0;25.928;2.86;6.76
1981-08-16;25.34;33.26;41.17;0.0;25.879;2.79;5.86
1981-08-17;25.67;33.88;42.08;0.92;26.8;3.77;5.89
1981-08-18;24.62;32.79;40.96;0.0;27.115;3.61;6.64
1981-08-19;23.95;32.3;40.65;0.0;26.291;4.08;9.05
1981-08-20;23.24;31.88;40.52;0.0;25.817;3.24;7.8
1981-08-21;21.78;31.14;40.51;0.0;26.019;2.68;9.31
1981-08-22;23.72;32.37;41.02;0.0;25.207;2.05;10.73
1981-08-23;24.15;32.7;41.25;0.0;25.474;3.56;9.72
1981-08-24;24.98;33.24;41.51;0.65;25.038;3.56;8.42
1981-08-25;24.68;32.48;40.28;0.0;25.409;4.25;10.25
1981-08-26;24.04;31.75;39.47;0.0;26.032;3.55;9.57
1981-08-27;23.33;31.12;38.91;0.0;25.332;3.57;10.87
1981-08-28;23.48;31.76;40.04;0.0;25.027;3.95;9.84
1981-08-29;23.49;31.88;40.28;0.0;24.98;4.07;10.88
1981-08-30;23.76;31.59;39.43;0.0;26.143;3.45;9.69
1981-08-31;23.15;31.7;40.26;0.0;25.611;3.33;7.98
1981-09-01;23.96;33.2;42.43;0.0;25.186;3.67;6.98
1981-09-02;26.58;35.17;43.76;0.0;25.31;4.62;9.7
1981-09-03;27.97;35.86;43.75;0.0;24.791;4.96;8.91
1981-09-04;27.15;35.15;43.15;0.0;25.406;4.57;7.58
1981-09-05;26.43;34.25;42.06;0.0;24.657;3.1;8.25
1981-09-06;24.66;33.73;42.79;0.0;24.216;2.93;6.79
1981-09-07;24.59;34.1;43.61;0.0;23.814;2.35;5.93
1981-09-08;25.4;34.89;44.39;0.0;23.385;3.32;5.97
1981-09-09;27.42;35.84;44.25;0.0;23.162;4.68;7.54
1981-09-10;27.2;34.83;42.46;0.0;23.355;4.18;9.6
1981-09-11;26.64;34.95;43.26;0.0;23.902;3.27;7.51
1981-09-12;25.41;34.57;43.73;0.0;23.902;2.64;6.67
1981-09-13;24.61;34.38;44.15;0.0;23.512;1.65;7.73
1981-09-14;24.61;34.38;44.16;0.0;23.511;1.7;7.73
1981-09-15;24.71;34.47;44.22;0.0;23.808;1.93;6.04
1981-09-16;24.39;34.33;44.27;0.0;23.808;1.5;5.89
1981-09-17;24.88;34.6;44.32;0.0;23.712;2.25;5.45
1981-09-18;25.66;34.72;43.77;0.0;23.204;3.47;7.04
1981-09-19;26.33;34.33;42.33;0.0;22.622;4.0;9.22
1981-09-20;25.65;32.59;39.54;0.0;22.09;3.71;13.97
1981-09-21;24.01;30.72;37.43;0.2;22.795;3.38;13.13
1981-09-22;23.75;31.68;39.6;0.0;22.914;3.09;11.26
1981-09-23;24.31;33.03;41.75;0.0;22.602;3.19;10.51
1981-09-24;26.24;34.73;43.23;0.0;22.8;3.29;9.88
1981-09-25;27.24;34.93;42.62;0.0;22.289;3.2;10.22
1981-09-26;26.62;33.92;41.22;0.0;21.821;3.19;10.09
1981-09-27;25.34;32.87;40.39;0.0;21.898;3.29;9.49
1981-09-28;25.04;32.38;39.73;0.2;21.611;3.46;9.35
1981-09-29;23.75;30.95;38.14;0.2;21.683;3.6;9.01
1981-09-30;22.68;30.41;38.14;0.0;22.095;4.09;8.29
1981-10-01;24.26;31.91;39.55;0.0;21.819;4.3;10.74
1981-10-02;24.68;31.86;39.05;0.0;21.504;4.56;11.35
1981-10-03;24.1;31.61;39.12;0.0;21.839;4.28;11.05
1981-10-04;24.57;32.45;40.32;0.0;21.625;4.28;9.82
1981-10-05;24.86;32.77;40.68;0.0;20.877;4.0;10.09
1981-10-06;24.85;32.7;40.56;0.0;20.733;3.59;9.31
1981-10-07;24.1;32.22;40.34;0.0;20.961;3.3;9.54
1981-10-08;23.73;31.83;39.93;0.0;20.599;3.41;9.62
1981-10-09;24.44;31.72;39.0;0.0;20.503;3.59;8.52
1981-10-10;22.77;29.83;36.88;0.0;20.396;3.2;10.5
1981-10-11;21.15;28.78;36.41;0.0;20.396;3.0;10.69
1981-10-12;20.36;28.27;36.17;0.0;20.273;3.1;10.83
1981-10-13;21.09;28.75;36.41;0.0;19.867;3.39;12.29
1981-10-14;21.51;28.59;35.68;0.0;20.159;3.31;14.48
1981-10-15;20.51;27.49;34.47;0.0;20.092;3.1;13.81
1981-10-16;19.14;26.32;33.5;0.0;20.106;3.39;11.01
1981-10-17;18.79;26.13;33.48;0.0;20.024;3.31;12.73
1981-10-18;19.72;26.64;33.56;0.0;20.023;3.2;15.07
1981-10-19;18.63;25.87;33.11;0.0;19.723;3.39;13.2
1981-10-20;17.59;24.76;31.93;0.0;19.269;3.39;12.23
1981-10-21;17.16;24.62;32.07;0.0;20.21;3.31;14.37
1981-10-22;16.78;24.34;31.89;0.0;19.254;3.69;17.52
1981-10-23;18.07;24.51;30.95;0.0;19.1;3.9;16.63
1981-10-24;15.54;22.65;29.76;0.0;19.106;3.8;19.32
1981-10-25;15.13;21.87;28.6;0.0;19.234;3.78;17.83
1981-10-26;13.29;20.67;28.05;0.0;18.785;3.39;15.83
1981-10-27;12.47;20.21;27.94;0.0;18.441;3.39;15.26
1981-10-28;13.13;20.82;28.52;0.0;18.469;3.9;16.53
1981-10-29;14.21;21.41;28.6;0.0;18.674;3.78;18.77
1981-10-30;13.57;21.08;28.59;0.0;18.541;4.05;22.01
1981-10-31;14.53;21.07;27.62;0.0;18.173;4.0;17.43
1981-11-01;12.94;20.28;27.62;0.0;18.173;3.78;17.48
1981-11-02;11.37;19.13;26.9;0.0;17.654;3.67;14.31
1981-11-03;10.83;18.91;26.98;0.0;17.213;3.29;12.56
1981-11-04;12.22;20.32;28.41;0.0;17.23;3.09;14.03
1981-11-05;13.74;21.7;29.66;0.0;17.32;2.91;13.64
1981-11-06;13.72;21.79;29.86;0.0;17.32;3.0;13.96
1981-11-07;14.48;21.7;28.93;0.0;17.134;3.49;14.92
1981-11-08;13.03;19.95;26.88;0.0;16.824;3.49;11.99
1981-11-09;12.39;19.3;26.22;0.0;17.213;4.6;15.2
1981-11-10;13.62;19.63;25.64;0.0;17.97;5.0;20.89
1981-11-11;12.08;18.83;25.58;0.0;17.213;4.68;18.49
1981-11-12;10.24;16.7;23.15;0.0;16.304;3.79;10.86
1981-11-13;7.25;14.99;22.73;0.0;15.811;3.6;8.19
1981-11-14;7.46;15.38;23.29;0.0;15.711;3.19;8.39
1981-11-15;10.5;18.86;27.22;0.0;15.927;2.74;13.57
1981-11-16;15.65;23.39;31.14;0.0;16.529;3.08;18.59
1981-11-17;18.33;25.59;32.84;0.0;16.637;2.7;15.1
1981-11-18;15.52;22.55;29.58;0.0;14.71;2.89;9.01
1981-11-19;14.44;20.94;27.44;0.0;15.337;3.55;10.47
1981-11-20;14.11;21.1;28.09;0.0;16.109;3.66;17.61
1981-11-21;13.95;21.42;28.9;0.0;16.048;3.37;19.1
1981-11-22;14.27;21.79;29.3;0.0;15.814;2.79;17.8
1981-11-23;14.02;21.66;29.3;0.0;15.619;2.6;16.15
1981-11-24;13.94;21.41;28.87;0.0;15.617;2.3;17.43
1981-11-25;13.2;20.37;27.54;0.0;15.373;2.79;14.69
1981-11-26;13.88;20.63;27.37;0.0;15.622;3.46;19.32
1981-11-27;12.06;20.14;28.23;0.0;17.016;3.27;20.27
1981-11-28;12.75;21.37;29.99;0.0;15.48;3.92;17.89
1981-11-29;16.55;23.77;31.0;0.0;15.365;3.96;19.68
1981-11-30;15.52;23.23;30.93;0.0;15.196;3.95;16.92
1981-12-01;14.78;22.61;30.45;0.0;15.11;3.77;18.59
1981-12-02;14.16;21.98;29.8;0.0;15.955;2.45;18.32
1981-12-03;13.99;21.5;29.0;0.0;14.975;2.99;18.14
1981-12-04;12.02;20.11;28.2;0.0;15.028;3.45;17.07
1981-12-05;11.76;19.76;27.76;0.0;14.71;3.66;12.79
1981-12-06;11.96;19.93;27.9;0.0;14.852;3.87;15.13
1981-12-07;12.16;20.37;28.57;0.0;14.602;4.51;15.45
1981-12-08;12.13;20.67;29.21;0.0;14.74;3.64;15.33
1981-12-09;11.17;19.18;27.19;0.0;14.811;3.2;14.89
1981-12-10;11.17;18.8;26.44;0.0;14.621;2.9;15.71
1981-12-11;13.07;19.13;25.2;0.0;14.71;2.86;19.9
1981-12-12;10.43;16.7;22.97;0.0;14.811;3.3;19.62
1981-12-13;9.91;16.96;24.02;0.0;14.516;3.49;24.63
1981-12-14;9.0;16.41;23.81;0.0;14.594;3.6;19.01
1981-12-15;7.15;14.68;22.21;0.0;14.621;3.7;13.66
1981-12-16;5.93;13.68;21.43;0.0;14.322;3.41;10.94
1981-12-17;6.78;14.27;21.76;0.0;13.821;3.8;11.63
1981-12-18;9.29;15.84;22.39;0.0;13.318;4.47;15.85
1981-12-19;10.92;17.71;24.5;0.0;15.915;3.79;24.69
1981-12-20;10.48;16.65;22.82;0.0;15.36;3.9;21.52
1981-12-21;8.94;15.02;21.1;0.0;11.844;3.81;28.51
1981-12-22;9.12;15.59;22.05;0.0;12.943;3.2;24.78
1981-12-23;8.24;14.42;20.6;0.0;14.116;3.43;14.57
1981-12-24;7.55;14.04;20.52;0.0;14.611;3.7;12.97
1981-12-25;5.7;13.11;20.52;0.0;13.97;3.9;15.06
1981-12-26;6.67;14.18;21.7;0.0;14.812;3.43;13.0
1981-12-27;7.55;13.79;20.02;0.3;14.065;3.7;20.97
1981-12-28;6.92;13.25;19.58;0.17;14.221;3.79;26.34
1981-12-29;7.31;12.55;17.79;0.0;14.819;4.2;26.03
1981-12-30;5.23;10.62;16.01;0.0;15.222;4.7;20.65
1981-12-31;5.67;12.37;19.07;0.0;14.932;5.12;21.22
1982-01-01;6.25;13.31;20.38;0.0;14.715;4.32;19.35
1982-01-02;5.32;12.74;20.16;0.0;14.824;3.78;16.72
1982-01-03;4.69;11.83;18.97;0.0;14.304;3.36;12.23
1982-01-04;3.67;11.05;18.42;0.0;14.013;2.52;7.52
1982-01-05;3.87;11.64;19.41;0.0;13.697;1.8;7.31
1982-01-06;7.04;15.88;24.71;0.0;16.252;1.81;8.12
1982-01-07;11.39;20.21;29.04;0.0;16.337;3.11;8.81
1982-01-08;11.49;18.73;25.96;0.0;14.418;2.02;6.08
1982-01-09;7.91;14.88;21.85;0.0;13.55;2.95;5.83
1982-01-10;9.73;18.08;26.43;0.0;15.34;3.13;8.22
1982-01-11;15.37;23.54;31.72;0.0;14.714;3.22;18.17
1982-01-12;16.98;24.77;32.57;0.0;12.944;2.38;11.94
1982-01-13;15.8;22.61;29.42;0.0;12.925;1.6;7.87
1982-01-14;12.51;17.99;23.47;0.0;14.401;2.7;11.47
1982-01-15;9.65;16.0;22.35;0.0;15.79;3.9;22.03
1982-01-16;9.33;16.11;22.89;0.0;15.778;4.36;24.18
1982-01-17;8.3;15.61;22.92;0.0;15.79;4.12;22.07
1982-01-18;8.39;16.15;23.91;0.0;15.6;4.03;18.03
1982-01-19;8.73;16.66;24.59;0.0;16.253;4.21;14.63
1982-01-20;8.55;16.83;25.11;0.0;15.493;4.21;14.58
1982-01-21;9.21;17.51;25.81;0.0;15.535;4.05;14.53
1982-01-22;9.74;18.18;26.62;0.0;15.385;3.9;12.9
1982-01-23;9.48;17.83;26.18;0.0;17.26;2.18;13.54
1982-01-24;10.45;19.1;27.75;0.0;17.312;2.22;10.21
1982-01-25;12.06;19.02;25.98;0.0;16.558;2.74;12.38
1982-01-26;10.28;17.2;24.12;0.0;16.384;2.76;11.69
1982-01-27;9.55;16.41;23.26;0.0;16.574;3.14;10.51
1982-01-28;6.62;13.45;20.28;0.0;16.728;4.45;13.33
1982-01-29;6.65;13.11;19.56;0.0;17.484;4.33;25.57
1982-01-30;6.61;13.81;21.01;0.0;17.379;4.67;21.76
1982-01-31;7.68;15.2;22.71;0.0;17.487;4.96;23.66
1982-02-01;8.3;15.8;23.31;0.0;17.481;4.15;21.06
1982-02-02;7.62;15.07;22.52;0.0;17.404;3.69;14.97
1982-02-03;8.5;15.59;22.68;0.0;16.944;3.87;12.33
1982-02-04;8.11;15.8;23.5;0.0;18.264;3.66;10.18
1982-02-05;8.49;16.93;25.38;0.0;17.333;2.43;8.32
1982-02-06;10.2;19.45;28.71;0.0;18.197;3.05;4.33
1982-02-07;10.57;19.42;28.27;0.0;18.814;4.02;10.69
1982-02-08;11.32;19.93;28.53;0.0;17.841;3.88;11.59
1982-02-09;11.55;20.06;28.58;0.0;17.895;3.86;8.55
1982-02-10;12.67;19.38;26.09;0.0;18.204;3.81;14.53
1982-02-11;9.83;17.19;24.55;0.0;18.702;3.96;12.08
1982-02-12;8.3;16.38;24.47;0.0;18.752;3.45;9.24
1982-02-13;8.38;17.19;26.0;0.0;18.492;2.43;7.87
1982-02-14;9.29;18.12;26.94;0.0;18.594;2.74;9.31
1982-02-15;10.53;19.16;27.79;0.0;18.713;3.0;11.53
1982-02-16;12.09;20.39;28.69;0.3;18.665;2.34;11.2
1982-02-17;12.28;21.03;29.78;0.0;18.789;2.31;9.22
1982-02-18;15.03;21.45;27.88;0.0;18.779;3.2;6.66
1982-02-19;11.3;18.12;24.94;0.0;19.233;3.62;9.36
1982-02-20;9.85;16.29;22.73;0.0;19.985;4.03;10.21
1982-02-21;7.27;14.84;22.41;0.0;20.071;3.76;10.65
1982-02-22;6.62;15.01;23.4;0.0;19.974;2.1;10.24
1982-02-23;8.12;17.34;26.55;0.0;19.866;2.6;6.56
1982-02-24;10.17;17.09;24.0;0.0;20.668;3.76;9.62
1982-02-25;7.79;15.29;22.8;0.0;22.355;3.6;11.53
1982-02-26;6.77;15.07;23.38;0.0;22.362;3.38;11.53
1982-02-27;7.73;16.2;24.68;0.0;21.374;2.09;10.08
1982-02-28;7.83;18.0;28.18;0.0;21.436;2.74;5.5
1982-03-01;11.15;18.1;25.05;0.0;21.526;4.12;9.32
1982-03-02;9.09;17.02;24.94;0.0;21.543;3.82;11.57
1982-03-03;9.46;18.02;26.59;0.0;21.435;3.71;10.72
1982-03-04;10.84;19.59;28.33;0.3;20.085;3.24;7.0
1982-03-05;9.95;18.97;27.99;0.0;21.22;1.93;6.47
1982-03-06;9.43;19.23;29.02;0.0;21.799;0.88;8.5
1982-03-07;11.26;21.38;31.49;0.0;21.737;1.08;7.3
1982-03-08;12.4;21.8;31.21;0.0;20.859;2.06;6.16
1982-03-09;15.04;21.98;28.93;0.0;20.955;3.62;4.83
1982-03-10;12.43;18.98;25.53;0.0;21.806;4.03;7.26
1982-03-11;10.22;17.3;24.38;0.0;22.364;3.93;10.61
1982-03-12;8.29;16.66;25.03;0.0;22.492;2.77;10.6
1982-03-13;10.59;19.52;28.46;0.0;22.4;3.51;5.75
1982-03-14;13.49;20.38;27.26;0.0;22.176;4.15;8.2
1982-03-15;11.52;18.16;24.8;0.0;23.211;4.43;12.08
1982-03-16;9.61;16.95;24.3;0.0;26.166;4.4;12.8
1982-03-17;9.61;17.34;25.07;0.0;26.888;4.33;13.1
1982-03-18;11.88;19.21;26.55;0.0;23.801;4.6;12.4
1982-03-19;11.84;18.79;25.74;0.0;22.76;5.45;12.07
1982-03-20;11.24;19.22;27.2;0.0;22.823;4.99;10.5
1982-03-21;11.03;19.57;28.1;0.0;23.181;4.95;9.26
1982-03-22;12.87;22.09;31.32;0.0;22.836;4.66;10.49
1982-03-23;16.37;24.97;33.57;0.0;23.3;3.12;8.11
1982-03-24;16.39;25.24;34.09;0.0;23.197;1.21;7.32
1982-03-25;17.33;24.23;31.13;0.0;22.709;3.97;12.31
1982-03-26;13.16;20.62;28.08;0.0;24.622;3.68;4.42
1982-03-27;11.9;19.99;28.08;0.0;24.807;3.79;3.31
1982-03-28;11.97;20.13;28.28;0.0;24.212;3.77;5.71
1982-03-29;11.18;20.44;29.69;0.0;25.086;2.29;5.3
1982-03-30;12.59;22.02;31.46;0.0;24.532;2.31;5.21
1982-03-31;14.48;23.2;31.91;0.0;24.31;4.71;6.26
1982-04-01;13.74;19.9;26.06;0.0;24.418;5.35;11.22
1982-04-02;12.11;18.54;24.97;0.0;24.511;5.21;13.04
1982-04-03;11.93;19.3;26.66;0.0;24.511;4.86;11.99
1982-04-04;11.04;18.92;26.8;0.0;25.5;4.48;6.33
1982-04-05;10.38;18.55;26.72;0.0;26.055;4.11;4.23
1982-04-06;11.33;19.36;27.38;0.0;25.499;3.66;5.15
1982-04-07;10.9;19.47;28.04;0.0;25.43;2.09;5.27
1982-04-08;11.98;20.52;29.06;0.0;25.415;3.56;6.47
1982-04-09;12.95;21.91;30.88;0.0;25.585;4.27;5.25
1982-04-10;14.25;22.71;31.18;0.0;25.187;4.91;5.73
1982-04-11;13.97;23.25;32.52;0.0;25.043;3.4;6.15
1982-04-12;15.71;25.34;34.98;0.0;24.862;1.48;6.06
1982-04-13;17.47;27.14;36.82;0.0;25.1;1.07;5.18
1982-04-14;19.1;28.51;37.92;0.0;24.869;1.06;8.09
1982-04-15;19.77;29.59;39.4;0.0;25.183;2.3;4.97
1982-04-16;19.77;27.38;34.98;0.0;25.58;5.03;5.77
1982-04-17;16.52;23.14;29.77;0.0;26.418;5.1;6.77
1982-04-18;13.86;22.42;30.98;0.0;26.487;5.04;6.45
1982-04-19;14.96;23.16;31.35;0.0;26.703;4.61;6.06
1982-04-20;14.97;23.77;32.57;0.0;26.512;2.78;6.22
1982-04-21;15.78;24.89;34.0;0.0;25.978;2.03;5.46
1982-04-22;16.17;25.71;35.25;0.0;25.992;3.07;5.24
1982-04-23;17.21;26.73;36.24;0.0;25.93;3.01;3.29
1982-04-24;17.77;27.55;37.32;0.39;26.085;2.2;2.15
1982-04-25;16.7;26.56;36.42;0.0;26.356;2.41;4.15
1982-04-26;18.55;27.55;36.56;0.0;26.187;3.58;5.47
1982-04-27;18.63;27.52;36.41;0.0;26.438;4.28;4.34
1982-04-28;19.64;28.4;37.16;0.0;26.542;4.53;5.46
1982-04-29;19.11;27.88;36.64;0.0;28.39;4.19;3.95
1982-04-30;15.65;26.14;36.63;0.71;27.295;3.59;2.14
1982-05-01;18.12;28.48;38.83;0.29;26.96;3.18;2.24
1982-05-02;19.47;29.21;38.95;0.0;26.355;4.09;4.66
1982-05-03;20.49;29.81;39.13;0.0;26.716;3.26;6.72
1982-05-04;20.93;30.14;39.34;0.0;27.002;3.13;9.61
1982-05-05;20.91;29.41;37.92;0.52;27.155;2.85;11.04
1982-05-06;20.27;28.89;37.51;0.0;26.065;2.2;9.63
1982-05-07;25.11;32.8;40.5;0.0;25.851;1.09;6.26
1982-05-08;22.57;31.04;39.5;0.0;26.056;0.8;6.93
1982-05-09;21.81;30.73;39.64;0.0;26.284;1.36;8.1
1982-05-10;21.31;30.7;40.09;0.0;27.877;1.83;7.35
1982-05-11;22.84;31.66;40.48;0.0;26.662;1.96;4.92
1982-05-12;21.84;31.42;41.01;0.0;26.653;1.98;2.79
1982-05-13;22.6;32.84;43.08;0.0;25.154;1.52;3.02
1982-05-14;24.54;34.84;45.13;0.15;26.964;0.8;2.85
1982-05-15;26.08;35.59;45.1;0.0;28.603;3.59;3.72
1982-05-16;26.74;35.34;43.93;0.0;28.0;3.78;4.75
1982-05-17;25.8;33.99;42.18;0.0;26.592;4.49;4.8
1982-05-18;25.16;33.13;41.1;0.29;26.731;4.39;2.78
1982-05-19;22.46;31.68;40.89;0.57;26.799;3.69;2.71
1982-05-20;23.07;32.53;41.99;0.0;26.9;2.98;4.44
1982-05-21;23.45;33.12;42.79;0.0;26.844;2.44;5.73
1982-05-22;25.01;34.52;44.02;0.0;27.161;3.05;9.36
1982-05-23;26.93;36.0;45.08;0.0;26.592;2.87;7.94
1982-05-24;27.56;36.72;45.88;0.0;25.943;1.54;4.4
1982-05-25;27.79;35.79;43.79;0.0;22.307;1.79;6.14
1982-05-26;26.89;34.35;41.81;0.0;27.111;4.39;8.39
1982-05-27;24.74;31.7;38.67;0.0;27.606;4.09;4.86
1982-05-28;22.08;29.7;37.31;0.0;27.711;3.9;5.59
1982-05-29;19.44;28.44;37.44;0.0;28.833;3.58;6.08
1982-05-30;21.21;30.14;39.06;0.0;28.631;2.79;5.62
1982-05-31;24.95;33.82;42.69;0.0;28.978;2.8;4.47
1982-06-01;26.32;35.32;44.32;0.0;27.607;2.27;4.05
1982-06-02;25.64;35.16;44.69;0.0;27.111;2.38;4.8
1982-06-03;26.11;35.66;45.22;0.0;27.918;1.8;3.97
1982-06-04;27.54;36.5;45.47;0.0;28.005;3.4;5.7
1982-06-05;28.04;36.59;45.15;0.0;27.098;3.29;6.64
1982-06-06;27.95;36.0;44.05;0.0;26.603;3.19;7.74
1982-06-07;27.56;35.84;44.13;0.0;27.044;3.19;6.76
1982-06-08;27.47;36.05;44.63;0.0;26.5;3.29;7.26
1982-06-09;27.03;36.57;46.11;0.0;27.093;3.5;5.29
1982-06-10;26.82;36.48;46.14;0.0;27.044;3.5;4.77
1982-06-11;28.76;37.63;46.49;0.0;27.4;4.55;7.14
1982-06-12;29.31;38.52;47.74;0.0;29.572;4.56;5.78
1982-06-13;28.51;37.18;45.85;0.0;27.271;4.45;4.85
1982-06-14;28.75;37.77;46.79;0.0;28.922;3.6;4.69
1982-06-15;29.81;38.87;47.92;0.0;29.68;2.43;4.4
1982-06-16;28.79;38.04;47.29;0.0;29.209;2.43;3.88
1982-06-17;28.12;37.19;46.25;0.0;29.074;2.05;3.88
1982-06-18;27.21;36.58;45.95;0.0;28.807;1.74;4.59
1982-06-19;27.18;36.47;45.76;0.0;28.496;2.04;4.94
1982-06-20;28.49;37.61;46.73;0.0;28.498;3.64;5.64
1982-06-21;28.16;36.73;45.29;0.0;27.556;3.53;4.82
1982-06-22;27.68;35.79;43.9;0.0;27.574;2.91;5.03
1982-06-23;27.74;36.19;44.64;0.0;28.296;2.37;6.06
1982-06-24;24.82;34.17;43.52;0.0;27.371;1.37;6.79
1982-06-25;26.32;34.22;42.12;0.37;27.832;2.42;7.86
1982-06-26;25.88;33.74;41.61;0.0;27.189;2.64;7.75
1982-06-27;24.94;33.35;41.76;0.0;27.893;2.81;6.97
1982-06-28;25.54;34.3;43.06;0.0;28.614;3.34;6.38
1982-06-29;26.02;34.23;42.45;0.0;27.796;3.63;6.69
1982-06-30;25.69;34.05;42.41;0.0;28.104;3.74;6.57
1982-07-01;24.9;33.53;42.16;0.0;28.2;3.34;5.09
1982-07-02;27.24;35.52;43.8;0.0;27.178;4.4;6.88
1982-07-03;28.62;36.8;44.98;0.0;28.801;3.57;5.46
1982-07-04;27.35;34.9;42.45;0.0;27.484;3.64;5.55
1982-07-05;26.13;33.76;41.39;0.0;26.686;3.96;7.24
1982-07-06;25.18;33.27;41.37;0.0;26.465;3.26;6.29
1982-07-07;25.74;34.23;42.72;0.0;26.719;3.66;8.17
1982-07-08;27.14;35.55;43.97;0.0;28.726;3.01;8.09
1982-07-09;26.16;34.09;42.03;0.0;28.203;3.11;6.16
1982-07-10;25.14;33.3;41.46;0.0;27.601;3.7;7.56
1982-07-11;25.21;33.66;42.12;0.0;26.813;2.26;9.75
1982-07-12;25.3;33.37;41.43;0.0;26.366;2.76;10.04
1982-07-13;24.9;32.91;40.92;0.0;26.714;3.11;9.66
1982-07-14;24.8;32.99;41.19;0.0;28.433;4.33;7.98
1982-07-15;26.75;34.84;42.94;0.0;28.907;3.8;8.03
1982-07-16;26.36;33.66;40.97;0.0;27.709;3.0;6.17
1982-07-17;25.03;33.41;41.8;0.0;28.108;2.76;5.64
1982-07-18;24.39;33.0;41.62;0.0;26.618;2.79;7.76
1982-07-19;25.52;34.56;43.6;0.0;28.611;2.27;7.58
1982-07-20;26.05;34.81;43.57;0.0;28.667;2.68;7.13
1982-07-21;26.43;34.96;43.49;0.0;28.959;2.83;6.64
1982-07-22;24.94;33.78;42.62;0.0;29.177;2.14;4.64
1982-07-23;24.13;33.27;42.42;0.0;28.841;1.84;4.72
1982-07-24;25.58;34.26;42.94;0.0;27.346;1.78;6.38
1982-07-25;25.7;34.63;43.55;0.0;27.429;1.1;7.01
1982-07-26;26.8;36.05;45.31;0.0;28.863;3.22;5.86
1982-07-27;28.17;35.67;43.18;0.0;26.412;4.03;7.25
1982-07-28;26.55;34.48;42.41;0.0;26.062;4.43;7.06
1982-07-29;26.83;35.41;44.0;0.0;26.339;3.78;7.62
1982-07-30;29.23;38.14;47.05;0.0;26.234;4.51;6.38
1982-07-31;32.99;41.0;49.01;0.0;26.234;2.47;5.14
1982-08-01;32.61;39.71;46.81;0.0;26.628;2.47;6.44
1982-08-02;29.22;36.39;43.56;0.0;26.832;2.77;6.89
1982-08-03;26.05;33.32;40.59;0.0;25.786;1.74;5.13
1982-08-04;25.45;33.55;41.65;0.0;25.541;3.28;8.24
1982-08-05;25.6;33.09;40.58;0.0;25.542;2.97;8.64
1982-08-06;24.25;31.99;39.73;0.0;26.399;3.48;8.93
1982-08-07;23.85;31.77;39.68;0.0;27.038;4.26;8.42
1982-08-08;24.77;32.3;39.83;0.0;26.234;3.98;9.59
1982-08-09;24.62;32.67;40.72;0.0;26.806;3.07;9.79
1982-08-10;25.11;33.17;41.23;0.0;26.265;2.97;10.86
1982-08-11;25.15;33.05;40.96;0.0;25.828;3.78;10.06
1982-08-12;25.18;32.8;40.42;0.0;26.025;4.48;9.27
1982-08-13;25.13;32.73;40.33;0.0;25.722;4.06;9.34
1982-08-14;25.28;33.72;42.16;0.0;25.723;4.25;10.16
1982-08-15;27.02;35.65;44.27;0.0;26.609;2.75;9.14
1982-08-16;27.61;36.3;44.98;0.0;25.229;1.8;10.76
1982-08-17;27.39;35.73;44.07;0.0;24.357;1.27;10.99
1982-08-18;25.65;34.22;42.79;0.0;25.432;2.86;8.2
1982-08-19;25.15;33.65;42.15;0.0;26.007;3.16;9.26
1982-08-20;24.33;32.95;41.57;0.0;25.622;2.73;8.82
1982-08-21;24.0;32.59;41.19;0.0;25.411;2.61;7.5
1982-08-22;24.29;32.86;41.42;0.0;23.498;2.31;9.59
1982-08-23;24.33;32.87;41.41;0.0;24.891;2.46;8.87
1982-08-24;23.8;32.31;40.83;0.0;24.939;3.85;8.21
1982-08-25;24.35;32.38;40.4;0.0;25.418;3.67;8.1
1982-08-26;25.39;33.17;40.95;0.0;25.027;3.57;11.11
1982-08-27;24.72;32.54;40.36;0.0;25.307;3.14;9.65
1982-08-28;23.45;31.78;40.11;0.0;25.053;3.23;9.44
1982-08-29;23.02;31.62;40.22;0.0;24.779;3.33;10.04
1982-08-30;23.74;32.12;40.5;0.0;24.38;3.49;11.02
1982-08-31;24.52;32.41;40.29;0.0;24.662;3.14;11.09
1982-09-01;24.36;32.23;40.1;0.0;25.001;4.05;14.75
1982-09-02;24.68;31.73;38.78;0.0;25.098;3.77;11.27
1982-09-03;24.2;31.55;38.91;0.0;25.023;3.52;10.29
1982-09-04;24.2;32.6;41.0;0.0;24.219;3.77;10.06
1982-09-05;25.66;34.48;43.31;0.0;23.6;3.53;8.93
1982-09-06;27.56;36.02;44.49;0.0;23.299;4.27;8.07
1982-09-07;27.85;36.05;44.25;0.0;24.431;4.44;6.25
1982-09-08;27.84;36.05;44.27;0.0;23.812;4.07;6.28
1982-09-09;25.74;34.41;43.08;0.0;24.678;2.14;5.61
1982-09-10;25.44;34.5;43.56;0.0;24.424;1.88;5.47
1982-09-11;33.5;40.9;48.3;0.0;7.0;0.7;5.24
1982-09-12;28.87;36.84;44.82;0.0;24.606;2.1;5.07
1982-09-13;26.85;35.16;43.48;0.0;23.823;2.33;5.71
1982-09-14;25.9;34.59;43.28;0.0;24.007;2.58;6.52
1982-09-15;27.11;34.98;42.86;0.0;23.115;2.25;7.82
1982-09-16;25.65;33.39;41.13;0.0;22.505;2.96;9.93
1982-09-17;24.48;32.05;39.63;0.0;23.203;3.04;9.1
1982-09-18;22.78;30.58;38.38;0.0;22.958;2.96;10.96
1982-09-19;22.21;30.52;38.82;0.0;22.298;2.73;12.58
1982-09-20;23.55;31.97;40.39;0.0;21.886;2.2;11.64
1982-09-21;24.96;33.42;41.89;0.0;22.106;2.65;9.31
1982-09-22;24.93;33.59;42.25;0.0;22.99;3.19;6.95
1982-09-23;22.75;31.82;40.89;0.0;23.632;3.55;6.74
1982-09-24;21.85;30.73;39.62;0.0;23.237;3.81;6.75
1982-09-25;20.53;30.01;39.49;0.0;23.386;3.98;5.53
1982-09-26;21.87;31.41;40.96;0.0;22.969;3.58;6.23
1982-09-27;23.68;32.7;41.72;0.0;22.308;3.98;7.56
1982-09-28;24.52;32.71;40.9;0.0;21.082;2.87;13.49
1982-09-29;25.52;32.66;39.81;0.12;20.498;1.82;14.32
1982-09-30;22.46;30.55;38.64;0.0;21.411;2.24;12.16
1982-10-01;22.27;30.95;39.62;0.0;21.504;2.56;10.97
1982-10-02;22.88;31.47;40.06;0.0;21.2;2.87;11.37
1982-10-03;23.53;31.94;40.35;0.0;21.201;1.72;11.6
1982-10-04;24.23;32.8;41.38;0.0;21.11;2.22;11.54
1982-10-05;24.21;32.64;41.06;0.0;20.686;2.81;10.76
1982-10-06;22.52;30.52;38.52;0.0;21.01;2.91;10.49
1982-10-07;23.45;30.88;38.3;0.0;20.686;2.83;12.12
1982-10-08;22.42;30.07;37.72;0.0;20.592;2.62;10.66
1982-10-09;21.17;30.2;39.23;0.0;20.337;2.72;10.53
1982-10-10;21.76;31.16;40.55;0.0;20.014;0.95;13.92
1982-10-11;23.26;32.2;41.14;0.0;19.741;1.56;14.58
1982-10-12;24.06;32.91;41.75;0.0;19.749;2.03;13.4
1982-10-13;24.34;32.6;40.86;0.0;19.698;2.11;12.25
1982-10-14;25.52;34.05;42.58;0.0;20.333;1.69;18.19
1982-10-15;25.59;33.31;41.04;0.0;18.929;2.26;11.29
1982-10-16;25.92;33.99;42.06;0.0;19.187;2.54;12.19
1982-10-17;24.77;32.76;40.75;0.0;19.1;2.41;13.85
1982-10-18;23.59;31.42;39.25;0.0;19.037;2.41;12.51
1982-10-19;23.93;31.95;39.96;0.0;17.138;1.81;11.46
1982-10-20;25.48;32.91;40.34;0.0;17.085;1.75;14.35
1982-10-21;25.55;30.8;36.04;0.0;8.0;1.44;14.77
1982-10-22;29.2;37.0;44.8;37.7;23.7;0.52;30.42
1982-10-23;22.54;30.16;37.77;0.0;18.855;1.21;37.73
1982-10-24;19.86;28.16;36.47;0.0;18.811;1.07;22.56
1982-10-25;18.45;27.19;35.93;0.0;18.69;1.03;15.39
1982-10-26;19.63;28.13;36.63;0.0;18.174;1.36;14.86
1982-10-27;22.11;29.8;37.5;0.0;18.363;2.0;28.69
1982-10-28;22.43;29.71;36.99;0.0;18.631;1.52;31.58
1982-10-29;22.85;29.77;36.68;0.0;18.897;2.55;36.09
1982-10-30;21.86;28.28;34.7;0.0;18.897;2.61;36.02
1982-10-31;19.39;25.93;32.46;0.0;18.647;2.4;28.69
1982-11-01;15.66;22.82;29.99;0.0;17.938;2.79;15.86
1982-11-02;14.01;21.98;29.95;0.0;17.524;2.5;15.94
1982-11-03;16.12;23.73;31.35;0.0;17.443;2.2;18.53
1982-11-04;16.97;24.5;32.03;0.0;17.442;1.7;18.63
1982-11-05;19.51;26.48;33.45;0.0;18.29;2.09;17.64
1982-11-06;20.5;28.23;35.96;0.0;17.324;2.41;18.42
1982-11-07;22.55;29.65;36.74;0.07;17.857;2.61;35.39
1982-11-08;23.42;29.27;35.11;0.4;17.398;2.42;36.19
1982-11-09;20.95;27.9;34.84;0.0;17.942;2.49;28.86
1982-11-10;19.49;26.43;33.37;0.0;17.211;1.48;21.17
1982-11-11;19.71;26.95;34.18;0.0;16.835;2.7;17.08
1982-11-12;19.09;26.65;34.21;0.0;17.286;2.82;14.35
1982-11-13;17.88;25.85;33.83;0.0;16.825;3.09;14.08
1982-11-14;17.9;26.36;34.81;0.0;17.311;3.39;14.12
1982-11-15;17.99;26.13;34.26;0.0;16.642;3.57;14.34
1982-11-16;18.8;26.34;33.87;0.0;15.911;2.9;12.61
1982-11-17;19.07;26.5;33.93;0.0;16.711;2.4;18.58
1982-11-18;19.85;26.89;33.93;0.0;15.914;2.35;18.56
1982-11-19;20.26;28.09;35.92;0.0;16.569;1.78;23.04
1982-11-20;19.44;26.48;33.52;0.0;16.111;2.52;19.88
1982-11-21;17.58;24.09;30.61;0.0;17.238;3.2;12.92
1982-11-22;16.6;23.02;29.43;0.0;15.622;2.89;19.51
1982-11-23;13.23;20.15;27.07;0.0;15.803;3.07;15.7
1982-11-24;10.85;18.52;26.19;0.0;15.513;3.18;13.55
1982-11-25;10.78;18.66;26.54;0.0;15.25;3.08;13.5
1982-11-26;11.96;19.82;27.68;0.0;15.021;3.0;14.1
1982-11-27;13.03;21.27;29.52;0.0;15.072;2.99;11.41
1982-11-28;13.15;20.89;28.64;0.0;15.026;2.6;9.58
1982-11-29;12.32;20.17;28.02;0.0;15.022;2.4;10.21
1982-11-30;12.35;20.43;28.52;0.0;15.811;1.59;13.32
1982-12-01;12.26;20.39;28.51;0.0;14.816;0.93;13.32
1982-12-02;11.73;20.09;28.45;0.0;15.226;2.32;14.53
1982-12-03;12.64;20.11;27.58;0.0;14.818;2.81;13.71
1982-12-04;12.26;18.57;24.89;0.0;14.821;2.7;17.88
1982-12-05;10.21;17.36;24.5;0.0;14.924;2.9;19.71
1982-12-06;9.65;17.32;25.0;0.0;15.723;1.8;18.62
1982-12-07;10.88;18.67;26.46;0.0;14.507;2.24;16.2
1982-12-08;13.51;21.29;29.06;0.0;14.811;2.1;17.01
1982-12-09;14.64;22.3;29.96;0.0;14.065;1.83;11.86
1982-12-10;14.59;22.27;29.96;0.0;14.418;1.9;13.81
1982-12-11;12.03;20.27;28.52;0.0;13.56;3.35;13.02
1982-12-12;13.54;19.38;25.23;0.0;13.92;3.2;16.64
1982-12-13;11.06;16.84;22.61;0.0;14.065;3.41;17.71
1982-12-14;9.86;15.8;21.74;0.0;14.12;3.41;23.03
1982-12-15;8.7;15.14;21.58;0.0;14.227;3.41;20.33
1982-12-16;6.02;13.1;20.17;0.0;14.456;3.07;14.72
1982-12-17;4.99;12.38;19.76;0.3;14.621;3.31;15.7
1982-12-18;5.99;13.31;20.63;0.0;14.019;1.9;20.09
1982-12-19;7.31;14.0;20.7;0.0;14.065;4.74;28.27
1982-12-20;10.14;16.01;21.87;0.0;14.419;3.6;35.99
1982-12-21;7.25;13.53;19.81;0.32;13.839;2.7;28.97
1982-12-22;6.65;13.28;19.91;0.0;13.92;3.52;24.06
1982-12-23;5.72;12.4;19.08;0.0;13.922;3.42;20.63
1982-12-24;5.57;11.81;18.05;0.0;13.093;3.72;26.56
1982-12-25;5.83;12.57;19.31;0.0;14.512;2.83;21.81
1982-12-26;7.47;16.16;24.85;0.21;16.569;3.32;18.15
1982-12-27;10.0;17.14;24.28;0.0;13.311;4.1;11.5
1982-12-28;9.12;15.14;21.17;0.0;14.317;3.43;28.32
1982-12-29;6.44;12.67;18.9;0.0;14.022;3.09;19.34
1982-12-30;7.58;15.14;22.69;0.0;14.838;2.9;27.43
1982-12-31;11.51;19.79;28.08;0.0;16.394;2.49;22.09
1983-01-01;15.0;23.04;31.08;0.0;15.792;2.63;19.3
1983-01-02;15.62;22.97;30.33;0.0;10.93;2.7;23.08
1983-01-03;13.94;21.32;28.71;0.0;9.693;2.32;24.85
1983-01-04;11.53;18.25;24.98;0.0;12.811;2.92;7.66
1983-01-05;5.87;11.82;17.77;0.0;13.304;2.79;3.78
1983-01-06;4.48;11.38;18.27;0.0;13.808;2.93;6.91
1983-01-07;5.39;12.96;20.53;0.0;13.961;3.22;11.07
1983-01-08;9.06;15.4;21.74;0.0;14.535;3.23;16.61
1983-01-09;8.32;15.28;22.24;0.0;14.628;2.71;15.12
1983-01-10;10.13;17.87;25.6;0.0;14.908;2.61;19.78
1983-01-11;11.7;19.82;27.95;0.0;14.824;2.51;16.84
1983-01-12;11.89;20.32;28.75;0.0;14.666;1.28;17.94
1983-01-13;11.12;19.63;28.15;0.0;14.894;0.8;14.0
1983-01-14;11.92;20.04;28.15;0.0;14.326;2.2;17.4
1983-01-15;10.83;18.75;26.68;0.0;14.839;2.6;14.61
1983-01-16;10.67;19.39;28.1;0.0;15.094;3.33;15.94
1983-01-17;11.01;19.69;28.37;0.0;15.138;3.01;17.12
1983-01-18;12.59;21.21;29.84;0.0;14.998;0.71;14.75
1983-01-19;13.02;21.89;30.76;0.0;15.614;0.3;15.49
1983-01-20;14.25;22.91;31.58;0.0;15.092;0.67;15.13
1983-01-21;16.29;22.68;29.08;0.0;15.387;2.19;17.36
1983-01-22;12.31;18.19;24.07;0.0;15.188;2.4;11.89
1983-01-23;9.3;16.07;22.84;0.0;15.479;2.63;10.09
1983-01-24;9.31;16.82;24.34;0.0;15.698;2.63;17.92
1983-01-25;10.45;18.08;25.71;0.0;16.224;3.58;20.24
1983-01-26;10.32;18.52;26.71;0.0;16.295;3.94;18.03
1983-01-27;11.94;20.73;29.51;0.0;15.587;3.57;15.28
1983-01-28;12.99;22.42;31.85;0.0;16.196;3.76;15.26
1983-01-29;15.84;24.08;32.32;0.0;16.71;2.74;21.92
1983-01-30;13.12;21.63;30.13;0.0;18.191;1.52;14.94
1983-01-31;12.66;21.77;30.88;0.0;16.607;2.64;13.7
1983-02-01;12.79;18.82;24.86;0.0;17.302;3.24;18.61
1983-02-02;8.24;13.74;19.24;0.0;17.052;4.52;25.16
1983-02-03;5.53;10.41;15.29;0.0;17.895;4.82;17.52
1983-02-04;4.53;10.13;15.73;0.0;17.931;4.17;18.34
1983-02-05;3.45;11.13;18.81;0.0;17.858;4.18;18.38
1983-02-06;5.27;11.63;17.99;0.29;17.535;5.09;23.77
1983-02-07;6.88;13.21;19.53;0.0;18.49;4.92;18.28
1983-02-08;6.07;13.3;20.54;0.0;18.212;4.96;19.47
1983-02-09;6.98;14.32;21.66;0.0;18.242;4.86;16.74
1983-02-10;7.04;15.08;23.13;0.0;20.235;4.53;16.83
1983-02-11;9.13;17.25;25.37;0.0;18.648;4.54;19.2
1983-02-12;10.05;18.59;27.12;0.0;18.825;4.27;17.17
1983-02-13;9.83;18.73;27.63;0.0;18.824;3.96;14.55
1983-02-14;10.47;19.1;27.73;0.0;18.795;3.72;12.42
1983-02-15;10.54;18.84;27.14;0.0;18.992;3.4;12.48
1983-02-16;10.06;18.34;26.63;0.0;19.186;2.6;11.98
1983-02-17;9.72;18.75;27.79;0.0;18.789;1.37;7.65
1983-02-18;11.36;18.75;26.15;0.0;18.715;4.21;10.52
1983-02-19;8.19;13.74;19.29;0.0;19.58;4.56;12.46
1983-02-20;4.98;10.09;15.2;0.0;20.404;5.6;16.08
1983-02-21;5.05;11.74;18.42;0.0;20.19;5.83;15.92
1983-02-22;6.48;14.17;21.86;0.0;19.951;5.9;16.52
1983-02-23;8.39;16.38;24.36;0.0;20.198;4.93;15.82
1983-02-24;9.04;17.63;26.22;0.0;20.267;4.55;13.88
1983-02-25;8.55;16.75;24.95;0.0;20.487;3.11;13.05
1983-02-26;8.45;17.38;26.32;0.0;20.301;2.48;9.31
1983-02-27;12.01;19.02;26.04;0.0;20.2;3.71;7.93
1983-02-28;9.91;17.43;24.95;0.0;20.636;4.02;13.36
1983-03-01;10.21;18.86;27.51;0.0;20.788;3.38;7.26
1983-03-02;10.82;20.4;29.98;0.0;20.79;3.17;6.12
1983-03-03;11.94;21.38;30.82;0.0;20.803;3.17;6.63
1983-03-04;11.99;20.34;28.69;0.0;21.09;3.82;8.75
1983-03-05;10.26;19.0;27.73;0.0;21.207;2.5;7.24
1983-03-06;10.25;19.67;29.09;0.0;21.376;1.29;6.56
1983-03-07;11.16;20.55;29.94;0.0;21.068;3.27;5.53
1983-03-08;11.66;17.89;24.13;0.0;21.692;4.4;10.04
1983-03-09;9.15;14.31;19.47;0.0;22.22;4.68;13.61
1983-03-10;7.36;15.27;23.17;0.0;22.41;4.31;14.88
1983-03-11;8.06;16.05;24.04;0.0;22.433;3.64;11.31
1983-03-12;5.55;15.58;25.61;0.17;21.083;2.58;6.07
1983-03-13;7.09;16.79;26.49;0.0;21.794;2.09;6.07
1983-03-14;10.7;18.62;26.54;0.0;22.498;2.77;14.93
1983-03-15;12.02;19.77;27.52;0.0;23.043;2.36;18.29
1983-03-16;12.45;20.42;28.4;0.0;22.729;1.98;11.13
1983-03-17;13.46;21.89;30.33;0.0;23.175;0.62;8.04
1983-03-18;13.79;22.93;32.07;0.0;22.494;2.07;6.61
1983-03-19;12.77;22.28;31.79;0.0;24.167;1.1;5.87
1983-03-20;13.38;22.7;32.01;0.0;24.133;2.48;6.69
1983-03-21;16.65;25.38;34.11;0.0;23.007;2.71;5.3
1983-03-22;14.01;23.66;33.32;0.0;23.876;2.47;5.41
1983-03-23;16.38;26.04;35.7;0.0;23.258;4.19;11.58
1983-03-24;19.28;28.59;37.9;0.0;24.619;3.87;9.53
1983-03-25;19.78;29.05;38.32;0.0;25.702;2.45;4.32
1983-03-26;16.59;27.28;37.97;0.0;25.882;2.9;3.65
1983-03-27;16.63;27.3;37.97;0.0;27.407;3.01;5.06
1983-03-28;19.74;28.98;38.21;0.0;25.907;2.9;5.84
1983-03-29;20.0;29.38;38.75;0.0;24.464;2.29;8.13
1983-03-30;21.68;30.27;38.85;0.0;24.433;3.57;18.22
1983-03-31;18.03;26.02;34.01;0.0;23.208;3.25;9.49
1983-04-01;14.63;23.36;32.08;0.0;24.964;1.8;5.88
1983-04-02;17.37;27.24;37.12;0.0;26.247;1.23;5.06
1983-04-03;17.67;27.46;37.24;0.0;24.007;2.4;4.59
1983-04-04;21.07;28.48;35.88;0.0;23.28;1.79;6.45
1983-04-05;18.99;26.68;34.37;0.0;17.797;1.89;8.9
1983-04-06;17.82;25.9;33.98;0.0;17.168;3.65;14.14
1983-04-07;17.22;24.68;32.13;0.0;16.738;4.49;25.76
1983-04-08;21.2;29.57;37.94;0.0;25.861;3.05;18.65
1983-04-09;17.95;25.63;33.32;0.0;24.914;3.46;11.46
1983-04-10;14.88;23.05;31.23;0.0;26.709;2.09;9.88
1983-04-11;19.34;28.1;36.87;0.0;24.427;5.65;6.59
1983-04-12;17.08;23.39;29.71;0.0;24.966;4.63;8.57
1983-04-13;14.3;21.62;28.94;0.0;26.251;4.13;6.01
1983-04-14;15.47;24.09;32.7;0.0;25.396;4.53;9.89
1983-04-15;17.03;26.11;35.19;0.0;25.79;2.48;5.97
1983-04-16;18.31;28.32;38.33;0.0;27.785;3.08;3.6
1983-04-17;20.81;31.02;41.23;0.2;27.593;3.46;2.09
1983-04-18;21.96;31.18;40.4;0.0;26.611;4.33;8.87
1983-04-19;22.72;30.63;38.55;0.0;26.75;4.53;11.96
1983-04-20;21.33;29.23;37.14;0.0;24.962;3.7;8.0
1983-04-21;21.92;29.55;37.17;0.0;24.613;4.0;4.67
1983-04-22;20.93;29.44;37.95;0.39;27.283;3.31;2.15
1983-04-23;19.34;28.95;38.55;0.0;25.856;2.49;4.44
1983-04-24;19.92;29.69;39.46;0.0;24.888;1.76;5.45
1983-04-25;22.69;32.34;41.99;0.0;25.856;1.76;5.65
1983-04-26;23.39;33.09;42.78;0.0;26.223;1.87;10.37
1983-04-27;25.0;34.3;43.6;0.0;25.591;3.11;6.96
1983-04-28;24.36;32.1;39.84;0.0;24.734;4.19;12.4
1983-04-29;22.97;30.79;38.62;0.0;25.955;4.1;5.65
1983-04-30;21.93;30.39;38.86;0.0;26.277;3.69;4.69
1983-05-01;21.53;30.38;39.23;0.0;27.372;1.87;4.46
1983-05-02;22.36;32.09;41.82;0.0;25.471;2.83;6.65
1983-05-03;26.3;34.33;42.36;0.0;25.647;3.05;7.35
1983-05-04;24.55;31.95;39.34;0.0;26.691;3.99;8.37
1983-05-05;24.41;31.45;38.48;0.0;27.779;4.09;6.2
1983-05-06;22.83;29.91;37.0;0.0;25.472;3.38;6.48
1983-05-07;20.88;29.23;37.59;0.0;26.878;2.14;5.31
1983-05-08;21.79;29.68;37.56;0.0;26.666;2.06;6.37
1983-05-09;21.8;29.51;37.22;0.0;26.056;1.71;7.31
1983-05-10;23.4;29.9;36.4;0.0;24.242;0.8;11.28
1983-05-11;19.47;26.66;33.85;0.0;23.392;0.93;19.3
1983-05-12;18.42;26.37;34.31;0.0;26.355;1.49;17.24
1983-05-13;23.16;30.84;38.52;0.0;27.001;2.09;8.02
1983-05-14;21.97;30.75;39.52;0.0;27.828;1.79;5.58
1983-05-15;23.66;32.62;41.58;0.0;27.408;2.23;7.0
1983-05-16;24.99;34.05;43.1;0.0;27.002;2.0;5.03
1983-05-17;26.43;34.24;42.05;0.0;28.092;4.08;10.58
1983-05-18;26.14;33.86;41.58;0.0;27.896;4.74;12.52
1983-05-19;24.54;32.0;39.47;0.0;26.459;4.12;14.17
1983-05-20;26.72;34.13;41.54;0.47;27.619;2.35;13.61
1983-05-21;25.59;33.4;41.2;0.44;20.017;2.29;16.04
1983-05-22;20.75;28.7;36.66;0.0;14.482;1.74;19.38
1983-05-23;23.75;31.2;38.64;0.0;16.851;3.93;15.41
1983-05-24;24.78;32.03;39.28;0.0;26.65;3.26;12.63
1983-05-25;23.05;30.98;38.92;0.0;28.883;3.86;9.71
1983-05-26;24.97;33.28;41.6;0.0;29.68;2.28;10.66
1983-05-27;25.26;32.98;40.69;0.8;27.969;5.03;11.69
1983-05-28;23.8;31.66;39.51;0.0;26.114;3.47;12.77
1983-05-29;24.82;31.77;38.71;0.0;27.311;3.99;9.78
1983-05-30;22.26;29.4;36.54;0.0;29.008;4.08;8.47
1983-05-31;19.67;27.97;36.27;0.0;29.038;4.48;8.95
1983-06-01;20.61;29.39;38.18;0.0;27.917;4.52;8.15
1983-06-02;22.3;31.0;39.7;0.0;27.629;3.69;7.59
1983-06-03;24.33;33.37;42.41;0.0;27.281;4.22;7.47
1983-06-04;25.08;33.94;42.8;0.0;27.271;2.7;7.99
1983-06-05;26.89;35.62;44.34;0.0;27.295;1.22;7.4
1983-06-06;26.84;34.87;42.9;0.0;25.444;3.19;6.94
1983-06-07;24.91;32.95;40.99;0.0;26.603;3.72;6.77
1983-06-08;25.59;33.07;40.55;0.0;26.45;3.5;9.46
1983-06-09;26.12;34.02;41.93;0.0;26.148;3.41;8.47
1983-06-10;28.75;37.09;45.42;0.0;30.026;3.01;11.41
1983-06-11;29.26;37.98;46.69;0.0;29.957;2.13;11.35
1983-06-12;27.56;35.33;43.09;0.0;27.292;2.91;9.88
1983-06-13;26.38;34.44;42.49;0.0;26.898;3.32;7.6
1983-06-14;26.75;35.14;43.52;0.0;29.027;2.76;6.9
1983-06-15;24.61;32.46;40.31;0.0;27.68;2.84;6.25
1983-06-16;23.24;32.56;41.88;0.0;28.711;4.24;6.1
1983-06-17;23.48;33.47;43.45;0.0;28.603;5.22;5.03
1983-06-18;26.93;34.96;42.99;0.0;27.88;3.73;6.25
1983-06-19;25.04;33.39;41.74;0.0;27.22;2.22;6.43
1983-06-20;24.73;33.76;42.79;0.0;26.453;3.09;8.11
1983-06-21;26.67;35.23;43.8;0.0;26.575;1.75;6.03
1983-06-22;25.73;33.98;42.23;0.4;27.227;3.02;5.67
1983-06-23;25.27;34.54;43.81;0.0;27.984;3.85;4.92
1983-06-24;25.49;32.55;39.6;0.0;25.592;4.61;9.65
1983-06-25;25.08;32.19;39.29;0.0;28.711;2.37;6.76
1983-06-26;22.65;30.34;38.02;0.0;27.645;3.13;10.3
1983-06-27;22.57;30.61;38.65;0.0;27.488;4.5;10.25
1983-06-28;22.56;30.89;39.23;0.0;27.896;3.92;8.94
1983-06-29;22.56;31.28;40.0;0.0;28.108;3.43;7.18
1983-06-30;22.7;31.83;40.96;0.0;28.094;3.8;6.69
1983-07-01;25.28;33.25;41.21;0.0;27.893;4.44;7.09
1983-07-02;27.07;34.58;42.09;0.0;27.348;4.38;9.44
1983-07-03;27.59;34.98;42.37;0.0;27.892;3.56;7.61
1983-07-04;26.12;33.77;41.43;0.0;26.981;4.15;6.69
1983-07-05;26.41;34.38;42.34;0.0;26.777;4.3;6.66
1983-07-06;26.67;34.41;42.14;0.0;25.81;4.54;6.77
1983-07-07;27.42;35.03;42.63;0.0;26.416;4.53;7.07
1983-07-08;26.71;33.78;40.84;0.0;26.594;4.36;6.85
1983-07-09;26.46;33.4;40.34;0.0;26.624;4.65;8.33
1983-07-10;26.15;33.17;40.19;0.0;26.434;4.72;10.29
1983-07-11;26.48;33.02;39.55;0.0;27.505;4.14;11.48
1983-07-12;24.51;30.42;36.33;0.0;27.51;4.13;9.91
1983-07-13;23.37;29.82;36.27;0.0;27.402;4.69;10.16
1983-07-14;24.47;31.3;38.13;0.0;28.41;4.08;9.95
1983-07-15;24.47;31.4;38.33;0.0;27.203;4.43;10.32
1983-07-16;25.07;32.16;39.26;0.0;27.52;3.7;9.48
1983-07-17;24.56;32.45;40.35;0.0;28.349;2.88;7.78
1983-07-18;25.12;33.04;40.95;0.0;28.716;2.99;6.94
1983-07-19;25.24;33.02;40.8;0.0;28.718;3.03;6.47
1983-07-20;24.6;31.38;38.16;0.0;26.511;4.52;8.97
1983-07-21;24.24;30.95;37.65;0.0;26.21;4.7;11.32
1983-07-22;24.1;30.56;37.02;0.0;26.99;4.66;11.74
1983-07-23;24.99;30.8;36.62;0.0;26.914;4.22;11.6
1983-07-24;23.95;29.69;35.42;0.0;27.72;4.31;11.02
1983-07-25;24.55;31.3;38.06;0.0;28.069;4.39;10.58
1983-07-26;24.45;31.69;38.93;0.0;27.776;3.52;10.75
1983-07-27;23.69;31.66;39.64;0.0;27.734;2.57;9.65
1983-07-28;22.55;31.0;39.45;0.0;26.914;2.68;9.04
1983-07-29;22.83;31.52;40.21;0.0;26.738;2.47;9.1
1983-07-30;24.53;33.13;41.73;0.0;26.934;4.2;9.78
1983-07-31;26.37;34.52;42.67;0.0;28.115;3.79;9.46
1983-08-01;25.61;33.84;42.08;0.0;28.198;3.39;9.32
1983-08-02;24.81;33.12;41.43;0.0;26.594;3.16;10.72
1983-08-03;24.0;32.28;40.56;0.0;26.234;3.18;9.24
1983-08-04;24.01;32.38;40.74;0.0;25.444;3.18;9.25
1983-08-05;24.57;33.2;41.83;0.0;25.896;3.18;8.93
1983-08-06;24.94;33.7;42.45;0.0;26.411;4.62;7.98
1983-08-07;26.31;34.49;42.67;0.0;27.626;4.26;6.44
1983-08-08;26.4;33.8;41.21;0.0;25.736;4.09;9.06
1983-08-09;26.09;33.59;41.09;0.0;25.828;3.57;10.37
1983-08-10;25.23;32.94;40.64;0.0;25.824;3.28;8.23
1983-08-11;24.63;32.62;40.6;0.0;25.345;3.58;7.55
1983-08-12;25.56;33.27;40.99;1.8;24.496;4.36;6.24
1983-08-13;24.21;32.31;40.41;0.0;25.825;3.59;6.88
1983-08-14;23.08;31.77;40.47;0.0;26.414;4.41;7.49
1983-08-15;22.77;31.37;39.96;0.0;26.126;4.88;7.63
1983-08-16;22.68;31.5;40.31;0.0;26.412;3.98;9.71
1983-08-17;23.05;31.4;39.74;0.0;25.521;3.87;10.57
1983-08-18;23.87;31.76;39.64;0.0;25.436;3.71;10.82
1983-08-19;25.09;32.59;40.09;0.0;26.919;4.07;9.87
1983-08-20;24.75;32.89;41.03;0.0;25.421;3.96;8.98
1983-08-21;25.54;33.38;41.21;0.0;24.932;3.68;7.4
1983-08-22;25.21;32.81;40.41;0.0;24.853;4.07;7.4
1983-08-23;25.31;32.68;40.05;0.0;26.411;4.06;9.1
1983-08-24;24.82;32.5;40.19;0.0;25.912;4.25;9.57
1983-08-25;24.92;32.98;41.03;0.0;25.819;4.35;9.01
1983-08-26;25.84;33.23;40.62;0.0;26.64;4.35;8.42
1983-08-27;24.55;32.03;39.51;0.0;25.528;3.96;9.69
1983-08-28;23.45;31.09;38.72;0.0;24.759;3.29;8.0
1983-08-29;22.72;30.84;38.97;0.0;25.421;3.88;9.5
1983-08-30;22.79;30.93;39.07;0.16;25.11;4.25;10.37
1983-08-31;23.37;31.11;38.85;0.0;25.232;4.09;8.93
1983-09-01;23.22;30.54;37.85;0.0;25.069;3.83;6.94
1983-09-02;22.62;30.2;37.78;0.0;24.942;4.1;6.51
1983-09-03;23.22;31.19;39.16;0.0;24.214;4.14;6.26
1983-09-04;24.04;32.25;40.45;0.0;24.214;4.09;5.78
1983-09-05;24.52;32.77;41.01;0.0;24.532;4.26;6.01
1983-09-06;24.96;32.54;40.12;0.0;24.424;4.09;6.94
1983-09-07;23.52;31.26;38.99;0.0;24.522;3.81;6.0
1983-09-08;22.28;30.85;39.42;0.0;24.327;2.89;7.15
1983-09-09;20.53;30.82;41.1;0.0;23.808;3.15;5.62
1983-09-10;23.48;33.21;42.94;0.07;23.011;2.22;4.22
1983-09-11;26.18;35.89;45.61;0.0;23.705;2.06;6.28
1983-09-12;26.55;36.06;45.57;0.0;23.598;3.77;9.47
1983-09-13;28.6;37.2;45.8;0.0;23.502;3.61;5.73
1983-09-14;27.66;36.56;45.46;0.0;23.454;1.87;6.11
1983-09-15;26.1;35.74;45.38;0.0;23.895;2.15;5.43
1983-09-16;27.55;36.65;45.74;0.47;24.786;2.76;5.83
1983-09-17;27.26;36.13;45.01;0.0;24.875;2.61;5.38
1983-09-18;27.43;36.59;45.76;0.0;23.514;2.94;5.02
1983-09-19;28.26;36.93;45.6;0.0;22.903;4.68;6.44
1983-09-20;26.8;35.76;44.72;0.0;22.67;4.2;7.25
1983-09-21;25.63;34.47;43.31;0.0;23.203;1.66;6.35
1983-09-22;27.47;36.34;45.2;0.0;22.813;2.05;7.08
1983-09-23;28.41;37.07;45.73;0.0;22.798;2.27;7.4
1983-09-24;26.04;35.38;44.72;0.0;22.8;3.14;7.77
1983-09-25;28.03;36.13;44.22;0.0;22.34;3.29;7.67
1983-09-26;28.04;35.68;43.32;0.0;21.821;3.48;9.97
1983-09-27;26.83;33.88;40.93;0.0;21.708;3.27;10.85
1983-09-28;25.13;31.85;38.58;0.0;21.411;2.92;11.54
1983-09-29;22.72;30.04;37.36;0.0;21.899;3.3;9.4
1983-09-30;21.12;29.15;37.18;0.0;21.898;3.48;9.79
1983-10-01;20.46;28.85;37.24;0.0;21.708;1.79;10.42
1983-10-02;22.27;31.24;40.21;0.0;21.094;2.26;12.42
1983-10-03;24.92;33.73;42.53;0.0;20.564;1.29;13.24
1983-10-04;25.94;34.77;43.61;0.0;20.606;2.41;8.58
1983-10-05;25.56;34.35;43.15;0.0;21.177;3.59;5.62
1983-10-06;26.14;34.38;42.62;0.0;20.672;3.68;5.92
1983-10-07;24.29;32.8;41.3;0.0;20.651;3.2;5.41
1983-10-08;23.57;32.7;41.83;0.0;20.644;3.01;6.13
1983-10-09;24.24;33.64;43.05;0.0;20.502;3.6;10.21
1983-10-10;24.54;33.38;42.22;0.0;20.393;3.49;9.31
1983-10-11;24.34;33.23;42.13;0.0;20.391;3.8;8.93
1983-10-12;23.99;32.95;41.91;0.0;20.288;3.8;11.19
1983-10-13;24.56;33.38;42.21;0.0;20.392;3.49;11.59
1983-10-14;24.28;33.56;42.84;0.0;21.185;3.5;10.85
1983-10-15;23.24;31.91;40.58;0.0;19.837;3.0;9.93
1983-10-16;22.6;31.25;39.9;0.0;19.824;2.7;10.45
1983-10-17;23.65;31.33;39.01;0.0;19.309;3.2;10.98
1983-10-18;24.12;31.27;38.42;0.0;19.173;3.11;15.02
1983-10-19;24.05;30.69;37.33;0.0;19.089;2.81;18.34
1983-10-20;23.46;29.87;36.27;0.0;18.694;2.61;20.5
1983-10-21;22.08;28.88;35.69;0.0;18.77;2.43;23.15
1983-10-22;21.28;28.43;35.57;0.0;18.694;2.42;19.11
1983-10-23;20.79;28.32;35.85;0.0;18.172;2.42;15.29
1983-10-24;20.78;29.21;37.64;0.0;18.02;1.79;13.37
1983-10-25;22.43;30.64;38.86;0.0;18.265;3.19;13.4
1983-10-26;24.06;31.78;39.51;0.0;18.37;3.37;14.4
1983-10-27;24.73;32.26;39.78;0.0;17.749;1.9;19.24
1983-10-28;24.48;31.88;39.28;0.0;17.344;2.56;14.75
1983-10-29;24.08;31.66;39.25;0.0;17.209;2.63;12.96
1983-10-30;22.15;29.61;37.08;0.0;16.906;3.0;13.58
1983-10-31;20.79;26.2;31.62;0.0;16.815;3.94;11.44
1983-11-01;17.32;22.6;27.88;0.0;17.506;4.38;11.09
1983-11-02;16.17;22.02;27.87;0.0;17.344;4.23;14.85
1983-11-03;16.31;23.14;29.98;0.0;20.029;4.33;15.46
1983-11-04;16.86;22.74;28.63;0.0;17.355;4.21;16.41
1983-11-05;15.44;21.49;27.54;0.0;17.655;4.36;17.33
1983-11-06;12.55;18.55;24.54;0.0;17.748;4.6;18.22
1983-11-07;10.3;17.11;23.91;0.0;17.398;3.69;14.76
1983-11-08;9.55;17.37;25.18;0.0;17.217;2.21;14.12
1983-11-09;9.25;17.11;24.97;0.0;16.279;2.41;8.52
1983-11-10;9.71;18.31;26.91;0.0;16.716;3.1;12.76
1983-11-11;14.28;21.18;28.07;0.0;17.213;3.91;22.07
1983-11-12;13.13;19.58;26.03;0.0;17.575;3.91;23.42
1983-11-13;10.39;16.97;23.55;0.0;17.417;3.69;22.21
1983-11-14;9.67;16.39;23.12;0.0;17.238;3.82;22.28
1983-11-15;11.31;18.49;25.67;0.0;17.249;4.24;25.88
1983-11-16;12.36;19.41;26.47;0.0;17.462;3.57;24.89
1983-11-17;10.93;18.27;25.61;0.0;16.724;3.27;19.82
1983-11-18;9.65;17.04;24.43;0.0;16.449;4.54;18.01
1983-11-19;9.8;16.45;23.11;0.0;17.136;3.57;23.96
1983-11-20;7.31;14.66;22.02;0.0;16.703;3.37;21.82
1983-11-21;8.8;15.91;23.02;0.0;16.699;4.12;24.29
1983-11-22;9.69;15.23;20.77;0.0;17.142;3.81;26.69
1983-11-23;6.7;13.06;19.42;0.0;15.909;4.01;17.46
1983-11-24;6.89;13.68;20.46;0.0;15.811;4.01;16.25
1983-11-25;7.03;13.9;20.76;0.0;15.914;3.68;18.39
1983-11-26;6.77;14.24;21.71;0.0;16.335;3.58;19.48
1983-11-27;6.96;14.54;22.13;0.0;15.616;2.9;15.87
1983-11-28;7.91;15.05;22.2;0.0;15.619;4.32;20.42
1983-11-29;8.4;15.27;22.13;0.0;15.22;3.17;17.91
1983-11-30;7.01;14.41;21.8;0.0;15.026;3.36;14.53
1983-12-01;6.86;13.97;21.09;0.0;15.212;3.75;11.15
1983-12-02;6.92;14.39;21.85;0.12;15.728;3.46;19.68
1983-12-03;7.48;14.96;22.45;0.0;15.11;3.14;20.39
1983-12-04;8.26;15.97;23.68;0.0;15.232;3.64;19.97
1983-12-05;9.94;16.36;22.78;0.0;13.916;3.13;22.1
1983-12-06;7.47;13.98;20.49;0.0;15.022;3.51;19.9
1983-12-07;4.54;11.96;19.39;0.0;14.635;2.9;17.87
1983-12-08;6.11;13.91;21.72;0.0;15.02;2.44;17.09
1983-12-09;7.68;15.28;22.88;0.0;14.71;2.9;18.71
1983-12-10;8.11;15.89;23.67;0.0;14.422;1.69;16.75
1983-12-11;8.74;16.57;24.39;0.0;14.515;4.0;16.61
1983-12-12;11.01;17.38;23.75;0.0;14.831;3.7;23.91
1983-12-13;8.67;15.67;22.67;0.0;14.626;4.05;21.05
1983-12-14;8.64;15.76;22.88;0.0;14.196;4.1;16.07
1983-12-15;8.99;16.69;24.39;0.0;13.92;4.47;16.54
1983-12-16;10.45;17.85;25.25;0.0;13.922;4.46;18.21
1983-12-17;10.83;18.15;25.47;0.0;13.421;3.8;20.25
1983-12-18;10.59;18.02;25.44;0.0;13.15;3.3;22.64
1983-12-19;10.36;17.99;25.63;0.0;14.022;3.0;19.43
1983-12-20;10.92;16.86;22.81;0.0;14.013;3.2;15.13
1983-12-21;9.97;17.44;24.91;0.0;16.449;3.31;19.69
1983-12-22;9.12;15.31;21.5;0.0;13.721;3.52;23.61
1983-12-23;8.24;14.98;21.73;0.0;14.065;3.42;24.25
1983-12-24;8.9;16.65;24.4;0.0;16.624;2.79;18.0
1983-12-25;5.57;12.52;19.47;0.0;14.268;2.52;16.48
1983-12-26;4.17;11.78;19.39;0.0;14.725;2.32;16.18
1983-12-27;5.08;12.32;19.55;0.0;12.911;3.72;18.92
1983-12-28;7.23;13.11;18.99;0.0;13.311;3.9;18.81
1983-12-29;5.93;11.89;17.86;0.0;15.622;4.01;22.79
1983-12-30;3.04;8.32;13.61;0.0;15.01;4.47;16.74
1983-12-31;4.37;10.34;16.31;0.0;14.884;4.27;18.89
1984-01-01;6.24;13.32;20.4;0.0;14.918;3.45;27.12
1984-01-02;5.89;13.38;20.86;0.0;14.435;4.17;21.46
1984-01-03;6.36;12.94;19.51;0.0;15.106;3.83;21.04
1984-01-04;6.07;12.55;19.04;0.0;15.34;4.16;26.32
1984-01-05;3.43;9.43;15.43;0.0;15.896;3.55;25.38
1984-01-06;3.35;10.12;16.89;0.3;16.41;2.12;19.7
1984-01-07;5.11;12.0;18.9;0.0;14.424;3.41;12.59
1984-01-08;5.75;12.63;19.5;0.0;15.144;4.34;18.56
1984-01-09;6.09;12.95;19.81;0.0;15.594;3.13;22.04
1984-01-10;4.22;11.4;18.59;0.0;15.34;3.72;15.73
1984-01-11;4.86;12.87;20.88;0.0;16.832;3.54;11.55
1984-01-12;7.17;14.8;22.44;0.0;15.273;3.02;24.29
1984-01-13;6.18;13.81;21.44;0.0;14.999;2.82;16.19
1984-01-14;7.64;15.37;23.09;0.0;15.394;3.02;21.45
1984-01-15;8.95;15.86;22.76;0.0;15.289;3.64;19.47
1984-01-16;7.41;14.23;21.05;0.0;15.09;2.99;14.79
1984-01-17;6.18;13.83;21.48;0.0;14.897;2.91;12.97
1984-01-18;8.43;16.3;24.18;0.0;15.492;2.71;18.67
1984-01-19;9.88;18.13;26.37;0.27;15.983;3.49;23.6
1984-01-20;10.48;18.93;27.37;0.0;16.305;2.72;22.56
1984-01-21;10.67;18.93;27.19;0.0;17.595;1.6;17.02
1984-01-22;9.93;18.05;26.18;0.0;15.493;3.63;14.74
1984-01-23;10.6;16.77;22.93;0.0;15.854;3.24;18.93
1984-01-24;8.1;14.7;21.3;0.0;15.682;2.74;13.4
1984-01-25;6.07;13.77;21.47;0.0;15.66;1.44;7.96
1984-01-26;6.98;15.26;23.53;0.0;15.79;2.31;10.77
1984-01-27;9.51;18.14;26.78;0.0;16.363;3.05;15.27
1984-01-28;14.79;23.3;31.81;0.0;16.394;3.62;20.09
1984-01-29;9.32;16.76;24.2;0.0;16.291;3.71;9.26
1984-01-30;5.91;12.93;19.95;0.0;16.925;3.36;5.87
1984-01-31;6.62;14.96;23.31;0.0;17.036;3.49;13.57
1984-02-01;8.06;16.16;24.26;0.3;16.439;2.3;13.16
1984-02-02;10.54;19.33;28.12;0.0;16.896;2.66;12.0
1984-02-03;11.06;19.97;28.88;0.0;16.856;2.49;19.12
1984-02-04;15.01;22.98;30.96;0.0;16.823;2.04;24.16
1984-02-05;15.86;24.15;32.44;0.0;16.856;2.09;20.35
1984-02-06;15.71;24.12;32.52;0.0;17.398;2.13;12.97
1984-02-07;14.23;23.22;32.21;0.0;17.7;1.77;11.63
1984-02-08;13.13;22.71;32.28;0.0;17.695;2.63;9.85
1984-02-09;14.86;22.81;30.76;0.0;17.992;2.92;14.54
1984-02-10;13.47;21.02;28.57;0.0;17.895;2.63;8.57
1984-02-11;11.54;17.47;23.4;0.3;17.858;3.43;7.53
1984-02-12;9.13;15.57;22.02;0.0;18.991;4.06;13.95
1984-02-13;7.89;14.95;22.01;0.0;18.99;4.17;12.99
1984-02-14;6.71;14.27;21.82;0.0;19.042;4.23;13.52
1984-02-15;6.54;14.44;22.34;0.0;19.404;3.31;11.56
1984-02-16;6.74;14.77;22.8;0.0;18.985;4.03;10.45
1984-02-17;9.2;15.25;21.31;0.0;19.336;4.75;17.53
1984-02-18;5.67;11.08;16.49;0.3;19.468;4.49;12.08
1984-02-19;5.21;11.82;18.43;0.0;19.575;4.11;12.04
1984-02-20;5.05;12.77;20.49;0.0;19.631;3.84;10.97
1984-02-21;7.17;15.14;23.11;0.0;19.685;4.15;15.93
1984-02-22;9.97;18.53;27.09;0.0;19.779;4.11;10.19
1984-02-23;9.58;18.59;27.61;0.0;19.741;3.3;7.06
1984-02-24;9.77;16.36;22.94;0.0;20.5;3.94;11.34
1984-02-25;6.13;14.41;22.7;0.0;20.361;3.5;11.44
1984-02-26;6.49;15.68;24.87;0.0;20.408;3.38;9.06
1984-02-27;10.84;17.84;24.84;0.0;20.106;3.72;10.35
1984-02-28;9.84;17.42;25.0;0.0;20.404;3.93;10.48
1984-02-29;0.0;0.0;0.0;0.0;0.0;0.0;0.0
1984-03-01;9.15;17.32;25.5;0.0;20.964;3.6;11.26
1984-03-02;10.24;18.88;27.52;0.0;20.793;2.77;8.62
1984-03-03;12.12;21.11;30.09;0.0;20.667;2.28;7.05
1984-03-04;11.3;19.4;27.5;0.0;21.11;2.37;11.52
1984-03-05;11.28;20.25;29.22;0.0;21.536;1.53;13.4
1984-03-06;14.36;23.52;32.69;0.0;21.174;2.77;6.96
1984-03-07;15.89;25.27;34.64;0.0;22.571;3.91;4.37
1984-03-08;14.24;23.01;31.78;0.0;23.707;3.07;7.94
1984-03-09;15.99;23.61;31.22;0.0;21.709;3.15;13.17
1984-03-10;12.86;20.86;28.85;0.0;22.302;2.37;8.43
1984-03-11;11.39;20.42;29.45;0.0;21.708;2.96;6.76
1984-03-12;14.63;21.14;27.64;0.3;21.012;4.24;14.68
1984-03-13;11.89;18.24;24.59;0.0;22.412;4.15;12.33
1984-03-14;11.41;18.17;24.93;0.0;22.876;4.46;13.46
1984-03-15;10.97;19.11;27.25;0.0;22.712;4.6;13.59
1984-03-16;11.55;20.29;29.03;0.0;22.599;4.31;10.61
1984-03-17;13.07;22.1;31.13;0.3;21.817;3.89;9.26
1984-03-18;12.75;21.65;30.55;0.0;22.731;2.21;8.13
1984-03-19;13.38;22.12;30.86;0.0;21.965;2.3;11.92
1984-03-20;14.39;22.81;31.24;0.0;22.634;3.84;9.16
1984-03-21;14.41;21.64;28.87;0.0;22.966;3.98;8.14
1984-03-22;13.46;20.43;27.39;0.0;23.362;4.54;8.76
1984-03-23;12.3;19.6;26.9;0.0;23.475;4.26;8.87
1984-03-24;11.53;19.45;27.37;0.0;23.381;3.46;9.34
1984-03-25;12.14;20.31;28.49;0.0;23.484;2.8;10.45
1984-03-26;12.38;21.12;29.86;0.0;24.799;1.34;10.29
1984-03-27;13.17;22.47;31.77;0.0;23.836;2.19;6.56
1984-03-28;14.0;23.45;32.9;0.0;24.106;0.93;4.29
1984-03-29;13.93;23.77;33.61;0.0;23.993;3.05;4.42
1984-03-30;14.92;22.33;29.74;0.0;23.948;4.57;6.63
1984-03-31;12.45;19.7;26.95;0.0;24.32;4.36;10.02
1984-04-01;11.69;19.61;27.54;0.0;23.839;3.85;12.84
1984-04-02;12.5;21.5;30.5;0.0;24.418;3.05;8.14
1984-04-03;14.08;23.49;32.91;0.0;24.595;1.79;5.73
1984-04-04;15.9;25.7;35.51;0.0;25.044;1.6;3.21
1984-04-05;18.76;28.84;38.93;0.0;25.502;2.81;4.2
1984-04-06;20.0;30.39;40.77;0.0;25.42;3.86;4.35
1984-04-07;19.14;26.77;34.41;0.0;24.419;4.53;9.88
1984-04-08;15.51;22.08;28.65;0.0;25.457;4.69;7.45
1984-04-09;12.85;20.22;27.59;0.0;24.968;4.59;7.24
1984-04-10;13.28;21.34;29.4;0.0;25.392;2.77;7.56
1984-04-11;18.01;27.08;36.14;0.0;24.852;4.6;5.79
1984-04-12;18.55;25.79;33.02;0.0;25.045;4.48;6.63
1984-04-13;15.71;21.93;28.15;0.0;25.194;5.12;11.75
1984-04-14;13.06;20.05;27.04;0.0;25.394;4.57;8.28
1984-04-15;13.17;21.07;28.98;0.0;25.489;3.6;7.34
1984-04-16;16.73;25.53;34.33;0.0;25.617;2.48;9.74
1984-04-17;19.42;29.05;38.69;0.0;27.455;2.04;6.19
1984-04-18;21.04;28.41;35.79;0.0;24.674;4.33;10.89
1984-04-19;17.8;25.3;32.8;0.0;26.317;4.24;6.7
1984-04-20;15.42;23.94;32.45;0.0;27.571;3.48;5.91
1984-04-21;16.87;25.94;35.01;0.0;26.821;2.06;4.82
1984-04-22;18.93;28.7;38.47;0.0;26.276;1.68;4.65
1984-04-23;20.34;30.09;39.85;0.0;24.494;1.76;4.88
1984-04-24;20.33;29.13;37.92;0.0;24.494;2.96;9.04
1984-04-25;19.79;28.25;36.71;0.0;26.276;2.96;6.26
1984-04-26;20.99;30.02;39.06;0.0;27.147;2.17;7.09
1984-04-27;25.66;35.23;44.81;0.0;24.707;2.75;4.18
1984-04-28;29.18;36.39;43.61;0.0;20.705;1.03;10.17
1984-04-29;25.63;34.38;43.14;0.0;21.461;2.64;9.32
1984-04-30;25.06;32.67;40.29;0.0;20.764;1.62;15.31
1984-05-01;20.16;26.84;33.52;0.0;12.284;0.92;21.01
1984-05-02;20.69;28.02;35.35;0.0;16.244;0.7;17.68
1984-05-03;22.25;30.57;38.9;0.0;28.115;1.96;11.41
1984-05-04;21.02;28.92;36.82;0.0;21.288;3.37;11.04
1984-05-05;20.62;28.46;36.3;0.0;26.026;3.24;10.93
1984-05-06;20.49;27.71;34.93;0.0;28.401;3.98;4.34
1984-05-07;17.92;24.61;31.3;0.0;28.276;4.64;6.6
1984-05-08;16.5;23.87;31.23;0.0;27.184;4.21;7.07
1984-05-09;15.02;23.77;32.51;0.0;27.38;3.77;8.84
1984-05-10;18.13;26.63;35.13;0.0;26.65;2.17;8.59
1984-05-11;21.05;30.2;39.34;0.0;26.26;3.68;6.2
1984-05-12;22.4;31.12;39.84;0.0;25.256;2.59;6.46
1984-05-13;25.15;33.97;42.79;0.0;28.005;3.17;6.72
1984-05-14;28.1;36.75;45.41;0.0;27.157;3.98;4.6
1984-05-15;26.98;35.06;43.14;0.0;28.705;4.6;9.0
1984-05-16;25.76;33.51;41.26;0.0;29.54;2.56;10.03
1984-05-17;25.24;32.33;39.42;0.0;28.458;3.06;7.02
1984-05-18;25.4;32.63;39.86;0.0;27.724;1.99;5.03
1984-05-19;22.97;30.95;38.92;0.0;22.354;2.49;4.07
1984-05-20;21.97;30.91;39.85;0.0;27.212;2.89;3.59
1984-05-21;20.72;29.84;38.97;0.0;27.513;2.59;5.35
1984-05-22;22.8;31.87;40.94;0.0;27.404;2.88;6.1
1984-05-23;22.66;31.39;40.12;0.0;24.097;3.06;6.04
1984-05-24;24.34;33.45;42.56;0.0;26.925;2.58;5.0
1984-05-25;25.35;34.38;43.4;0.0;28.506;1.56;3.85
1984-05-26;25.2;34.94;44.68;0.0;28.949;2.26;5.61
1984-05-27;25.81;35.51;45.21;0.0;27.814;1.98;3.56
1984-05-28;25.78;35.17;44.56;0.0;27.016;4.39;5.91
1984-05-29;27.56;35.26;42.95;0.0;24.806;4.93;11.17
1984-05-30;25.92;33.06;40.2;0.0;27.306;4.5;5.82
1984-05-31;23.84;30.58;37.32;0.0;28.917;5.35;6.97
1984-06-01;22.92;29.57;36.23;0.0;28.715;5.23;8.17
1984-06-02;22.17;28.8;35.43;0.0;28.048;4.61;8.51
1984-06-03;21.47;28.79;36.11;0.0;28.411;4.22;7.91
1984-06-04;20.49;28.19;35.89;0.0;28.928;4.66;9.02
1984-06-05;20.47;29.3;38.13;0.1;29.257;3.72;9.23
1984-06-06;20.49;29.45;38.4;0.0;27.496;3.59;7.69
1984-06-07;23.03;31.45;39.86;0.0;26.898;3.71;8.19
1984-06-08;24.39;32.66;40.94;0.0;27.295;4.34;7.06
1984-06-09;24.27;32.41;40.55;0.0;28.0;4.77;4.1
1984-06-10;22.59;30.88;39.18;0.0;28.714;3.67;3.93
1984-06-11;20.74;31.19;41.64;0.0;27.9;2.69;3.12
1984-06-12;23.48;33.45;43.43;0.0;27.494;1.79;3.4
1984-06-13;24.43;34.61;44.8;0.0;27.3;0.7;3.33
1984-06-14;26.32;36.04;45.76;0.0;28.395;4.63;4.25
1984-06-15;28.42;37.22;46.02;0.0;27.879;4.24;5.99
1984-06-16;28.44;36.88;45.33;0.0;27.78;4.04;6.15
1984-06-17;27.64;35.27;42.91;0.0;27.179;3.94;7.16
1984-06-18;26.95;34.64;42.33;0.0;28.708;3.32;5.24
1984-06-19;27.01;35.76;44.51;0.0;28.807;4.61;6.35
1984-06-20;27.81;35.89;43.98;0.0;27.989;4.57;9.32
1984-06-21;26.32;33.3;40.28;0.0;27.367;3.51;9.1
1984-06-22;24.7;32.63;40.56;0.0;27.988;3.84;7.79
1984-06-23;24.05;32.6;41.16;0.0;27.784;4.04;6.03
1984-06-24;25.75;34.92;44.1;0.0;29.16;3.52;6.25
1984-06-25;25.22;33.19;41.15;0.0;28.501;3.95;6.67
1984-06-26;24.63;32.89;41.15;0.0;28.398;4.38;7.58
1984-06-27;24.29;32.14;40.0;0.0;27.289;4.56;8.49
1984-06-28;24.55;32.52;40.48;0.0;28.814;3.66;5.92
1984-06-29;24.16;32.1;40.04;0.0;28.0;4.06;7.88
1984-06-30;23.72;31.66;39.6;0.0;27.489;4.38;9.22
1984-07-01;22.56;30.34;38.13;0.0;28.3;4.38;7.42
1984-07-02;21.81;29.95;38.1;0.0;28.706;4.25;6.76
1984-07-03;21.5;30.57;39.63;0.0;28.609;3.82;7.36
1984-07-04;22.65;31.5;40.36;0.0;28.679;3.24;8.2
1984-07-05;22.7;31.59;40.49;0.0;28.102;3.43;7.07
1984-07-06;23.37;31.83;40.28;0.0;28.193;3.8;6.26
1984-07-07;26.14;34.18;42.22;0.0;29.056;3.21;7.27
1984-07-08;26.6;34.32;42.04;0.0;28.907;2.77;7.61
1984-07-09;25.76;33.97;42.18;0.0;29.127;2.32;6.59
1984-07-10;24.3;33.65;43.0;0.0;28.869;2.98;6.44
1984-07-11;23.51;32.91;42.32;0.0;28.615;3.42;5.21
1984-07-12;24.59;33.24;41.89;0.0;28.026;3.76;6.92
1984-07-13;25.83;34.24;42.66;0.0;28.722;4.2;8.72
1984-07-14;27.0;33.88;40.75;0.0;28.608;3.48;9.1
1984-07-15;26.01;32.63;39.26;0.0;27.9;3.97;10.3
1984-07-16;25.13;32.53;39.94;0.0;28.318;3.69;7.78
1984-07-17;25.28;32.85;40.42;0.0;26.209;4.41;9.16
1984-07-18;27.55;35.86;44.17;0.0;28.293;3.87;8.97
1984-07-19;28.38;36.19;43.99;0.0;28.132;3.62;8.35
1984-07-20;27.74;35.29;42.84;0.0;27.018;4.22;8.3
1984-07-21;27.28;34.51;41.74;0.0;25.724;4.81;9.23
1984-07-22;27.07;33.8;40.53;0.0;27.018;4.31;8.11
1984-07-23;26.2;32.55;38.9;0.0;27.608;4.53;10.51
1984-07-24;24.64;31.13;37.61;0.0;27.716;3.42;10.78
1984-07-25;23.1;29.63;36.16;0.0;27.121;4.12;10.79
1984-07-26;22.3;30.27;38.25;0.0;27.334;3.55;10.35
1984-07-27;22.74;31.42;40.11;0.0;27.608;2.56;10.12
1984-07-28;24.7;32.66;40.63;0.0;28.423;4.26;9.43
1984-07-29;24.9;32.66;40.43;0.0;28.617;3.38;5.6
1984-07-30;25.48;33.88;42.28;0.0;26.737;4.51;6.81
1984-07-31;27.68;35.51;43.34;0.0;26.621;4.36;8.54
1984-08-01;27.28;34.93;42.58;0.0;27.363;3.49;6.14
1984-08-02;27.77;34.91;42.06;0.0;27.905;3.3;7.61
1984-08-03;27.45;34.67;41.9;0.0;29.081;3.4;9.32
1984-08-04;26.32;33.85;41.38;0.0;28.535;3.03;8.07
1984-08-05;25.39;33.18;40.97;0.0;26.323;3.18;9.21
1984-08-06;25.38;33.35;41.32;0.0;25.849;2.76;8.37
1984-08-07;24.5;32.88;41.26;0.0;25.896;1.93;6.92
1984-08-08;24.55;33.51;42.47;0.0;26.223;1.47;5.98
1984-08-09;26.09;34.88;43.67;0.0;26.033;3.78;6.7
1984-08-10;27.25;35.47;43.68;0.0;28.01;4.2;7.78
1984-08-11;27.17;34.57;41.97;0.0;27.288;3.47;10.67
1984-08-12;25.81;33.02;40.23;0.0;26.181;3.98;11.03
1984-08-13;24.74;31.73;38.71;0.0;25.828;3.27;10.18
1984-08-14;23.79;31.5;39.22;0.0;28.13;5.11;11.14
1984-08-15;24.03;31.27;38.51;0.0;27.387;4.49;10.64
1984-08-16;23.02;30.62;38.21;0.0;26.613;4.08;7.77
1984-08-17;22.22;30.59;38.95;0.0;26.031;2.95;8.24
1984-08-18;22.2;30.9;39.6;0.0;26.144;3.48;9.87
1984-08-19;23.42;32.05;40.68;0.0;26.011;2.22;9.42
1984-08-20;23.7;32.43;41.16;0.0;25.914;2.16;9.41
1984-08-21;24.04;32.61;41.17;0.0;25.791;2.41;9.62
1984-08-22;24.27;32.76;41.25;0.0;25.72;1.91;11.17
1984-08-23;23.89;32.53;41.17;0.0;25.205;1.82;9.76
1984-08-24;23.17;31.99;40.81;0.0;25.821;2.14;8.9
1984-08-25;24.15;32.54;40.93;0.17;24.957;3.44;11.56
1984-08-26;23.98;32.09;40.2;0.0;25.027;2.89;10.42
1984-08-27;23.15;31.53;39.91;0.0;25.818;3.44;10.02
1984-08-28;23.51;31.81;40.11;0.0;25.205;3.95;10.31
1984-08-29;24.42;32.52;40.61;0.0;25.027;4.47;10.56
1984-08-30;25.03;32.88;40.72;0.18;25.154;3.65;8.79
1984-08-31;24.58;32.4;40.22;0.0;25.486;3.55;8.65
1984-09-01;24.29;32.52;40.74;0.0;24.861;3.98;7.46
1984-09-02;25.19;33.08;40.97;0.0;25.071;4.07;7.92
1984-09-03;24.51;32.25;39.99;0.0;25.999;3.77;8.86
1984-09-04;23.8;31.9;39.99;0.0;25.746;3.24;9.01
1984-09-05;22.61;31.43;40.24;0.0;25.79;3.98;7.92
1984-09-06;23.36;31.91;40.46;0.0;24.858;4.06;9.0
1984-09-07;24.35;31.89;39.43;0.0;25.372;3.87;10.42
1984-09-08;23.63;30.73;37.84;0.0;25.434;3.55;13.48
1984-09-09;22.94;30.39;37.84;0.0;24.437;2.93;11.34
1984-09-10;22.03;30.21;38.39;0.0;24.145;3.16;9.44
1984-09-11;20.53;29.35;38.17;0.0;24.007;3.42;10.13
1984-09-12;20.06;29.44;38.81;0.0;24.285;3.97;8.96
1984-09-13;21.8;31.06;40.33;0.0;24.413;5.15;8.66
1984-09-14;24.83;32.72;40.62;0.0;23.764;4.67;11.05
1984-09-15;25.42;33.03;40.63;0.0;23.597;4.2;9.94
1984-09-16;24.95;32.5;40.05;0.0;23.212;3.6;8.07
1984-09-17;22.78;30.66;38.53;0.0;23.206;3.16;8.14
1984-09-18;20.24;29.51;38.78;0.0;23.504;4.2;7.1
1984-09-19;20.33;29.88;39.44;0.0;23.308;4.48;7.09
1984-09-20;22.34;31.36;40.38;0.0;22.798;4.2;6.88
1984-09-21;22.83;31.79;40.74;0.0;23.147;4.08;6.48
1984-09-22;22.08;30.95;39.83;0.0;23.313;4.18;7.11
1984-09-23;21.16;29.36;37.56;0.0;22.99;3.8;8.31
1984-09-24;20.07;28.53;36.99;0.0;22.8;3.98;8.61
1984-09-25;21.1;29.62;38.14;0.0;22.604;4.19;8.79
1984-09-26;24.03;31.55;39.07;0.0;22.297;3.59;9.26
1984-09-27;23.27;31.09;38.92;0.0;22.094;3.59;9.73
1984-09-28;23.27;31.44;39.6;0.0;21.623;3.39;10.4
1984-09-29;24.83;32.78;40.73;0.0;21.1;3.59;9.63
1984-09-30;25.54;33.14;40.75;0.0;21.296;3.29;9.65
1984-10-01;25.01;32.24;39.47;0.0;21.197;3.29;10.3
1984-10-02;23.55;30.42;37.29;0.0;21.19;3.25;12.07
1984-10-03;21.29;28.42;35.55;0.0;21.382;3.16;13.09
1984-10-04;20.1;27.6;35.09;0.0;21.227;3.2;14.51
1984-10-05;19.47;27.41;35.35;0.0;21.036;3.39;14.66
1984-10-06;19.35;27.86;36.36;0.0;21.101;3.38;11.33
1984-10-07;18.99;27.72;36.45;0.0;21.104;3.93;10.23
1984-10-08;21.77;28.81;35.85;0.0;20.38;3.49;15.55
1984-10-09;20.85;28.03;35.2;0.0;20.331;3.79;14.66
1984-10-10;21.08;28.01;34.94;0.0;20.339;4.31;10.84
1984-10-11;21.03;27.96;34.9;0.0;20.288;4.29;11.49
1984-10-12;20.49;27.7;34.9;0.0;20.143;3.98;13.07
1984-10-13;19.96;27.98;36.01;0.0;20.119;3.6;11.24
1984-10-14;20.44;28.57;36.7;0.0;20.087;3.68;9.71
1984-10-15;19.94;28.36;36.78;0.0;19.935;3.4;8.93
1984-10-16;20.11;28.77;37.42;0.25;20.058;3.1;9.53
1984-10-17;19.48;28.84;38.19;0.0;19.535;3.9;7.85
1984-10-18;21.08;30.1;39.12;0.0;19.586;4.19;9.64
1984-10-19;21.31;30.07;38.83;0.0;19.612;4.0;11.11
1984-10-20;20.55;29.05;37.55;0.0;19.307;3.9;9.41
1984-10-21;19.95;28.27;36.59;0.0;19.309;3.2;11.58
1984-10-22;19.38;27.86;36.34;0.0;19.099;3.3;12.05
1984-10-23;18.38;26.89;35.41;0.0;18.9;3.97;11.0
1984-10-24;18.76;26.73;34.7;0.0;18.426;3.29;10.86
1984-10-25;18.88;26.43;33.98;0.0;18.181;2.79;11.5
1984-10-26;17.6;25.96;34.31;0.0;17.848;2.09;11.06
1984-10-27;19.5;27.75;36.0;0.0;17.881;2.91;13.01
1984-10-28;19.7;27.98;36.26;0.0;17.826;3.67;11.27
1984-10-29;17.97;26.7;35.42;0.0;17.881;3.75;11.24
1984-10-30;18.38;26.74;35.1;0.0;17.643;3.77;11.82
1984-10-31;17.53;25.91;34.29;0.0;17.752;3.68;11.9
1984-11-01;16.97;25.21;33.45;0.0;17.76;3.29;13.3
1984-11-02;17.96;25.73;33.49;0.0;17.653;3.0;15.52
1984-11-03;18.12;25.71;33.3;0.0;17.524;2.9;16.36
1984-11-04;18.53;25.54;32.55;0.4;17.347;3.4;14.03
1984-11-05;18.27;25.29;32.31;0.0;17.311;3.39;14.18
1984-11-06;17.25;24.38;31.52;0.0;17.019;2.9;13.97
1984-11-07;15.79;23.39;31.0;0.0;16.616;2.8;12.73
1984-11-08;17.8;24.13;30.45;0.0;16.93;3.57;15.6
1984-11-09;16.94;22.79;28.64;0.0;17.311;3.98;18.1
1984-11-10;16.5;22.35;28.2;0.37;17.81;4.2;27.34
1984-11-11;14.0;21.08;28.16;0.0;17.48;3.3;22.36
1984-11-12;13.01;20.21;27.42;0.0;16.93;2.99;16.76
1984-11-13;11.06;18.72;26.38;0.0;16.214;2.8;11.83
1984-11-14;10.03;18.23;26.43;0.0;16.217;2.49;12.34
1984-11-15;11.08;19.39;27.71;0.0;15.911;2.11;12.85
1984-11-16;12.94;20.13;27.32;0.0;16.34;3.27;15.16
1984-11-17;11.51;17.7;23.9;0.0;16.417;3.26;16.65
1984-11-18;9.4;16.15;22.9;0.0;16.421;3.88;17.84
1984-11-19;11.26;17.78;24.3;0.0;16.718;4.14;21.2
1984-11-20;10.71;17.42;24.13;0.0;16.67;3.61;21.24
1984-11-21;9.3;16.04;22.78;0.0;16.343;3.78;20.44
1984-11-22;7.88;14.46;21.03;0.0;16.597;2.7;24.19
1984-11-23;8.6;16.04;23.49;0.0;16.343;3.91;24.83
1984-11-24;10.0;15.47;20.95;0.0;16.449;3.78;24.87
1984-11-25;6.85;13.64;20.43;0.0;15.811;3.68;16.96
1984-11-26;7.18;14.49;21.8;0.0;15.832;3.67;20.16
1984-11-27;8.19;15.34;22.49;0.0;16.112;3.77;24.9
1984-11-28;9.68;16.36;23.03;0.0;15.632;3.87;25.21
1984-11-29;8.28;15.41;22.55;0.0;15.619;3.64;20.41
1984-11-30;9.35;16.27;23.2;0.0;15.411;4.09;19.68
1984-12-01;10.51;16.38;22.24;0.0;15.411;4.62;23.44
1984-12-02;10.28;16.4;22.52;0.0;15.32;5.4;23.23
1984-12-03;9.45;15.79;22.14;0.0;15.314;4.67;20.67
1984-12-04;6.88;13.8;20.73;0.0;14.947;4.89;13.51
1984-12-05;7.19;13.75;20.3;0.0;15.072;5.27;15.42
1984-12-06;9.59;15.87;22.14;0.0;14.736;3.81;30.37
1984-12-07;9.12;15.89;22.67;0.0;15.212;3.09;27.0
1984-12-08;8.28;14.79;21.31;0.0;15.02;3.21;20.64
1984-12-09;7.35;14.5;21.65;0.0;14.828;2.72;22.22
1984-12-10;6.03;13.54;21.04;0.0;14.92;3.1;18.61
1984-12-11;6.99;14.29;21.58;0.0;15.125;2.99;17.71
1984-12-12;6.42;14.2;21.97;0.0;14.422;2.61;16.81
1984-12-13;7.11;15.76;24.41;0.0;14.911;2.9;11.6
1984-12-14;8.74;17.49;26.24;0.0;16.016;3.6;9.58
1984-12-15;8.05;14.96;21.86;0.0;14.065;3.3;12.52
1984-12-16;5.16;12.59;20.01;0.0;14.621;3.8;13.35
1984-12-17;7.7;13.86;20.02;0.0;14.516;3.6;22.2
1984-12-18;6.42;12.99;19.56;0.0;15.926;3.99;16.13
1984-12-19;8.94;15.81;22.68;0.0;16.53;3.6;20.34
1984-12-20;5.62;12.59;19.56;0.0;14.416;3.09;19.91
1984-12-21;4.12;11.71;19.29;0.0;14.511;2.99;13.32
1984-12-22;5.47;13.27;21.08;0.0;13.721;3.7;12.76
1984-12-23;10.6;17.89;25.19;0.0;13.609;3.94;22.18
1984-12-24;9.76;15.38;20.99;0.0;10.162;4.13;15.75
1984-12-25;10.48;16.11;21.74;0.0;12.315;3.79;11.74
1984-12-26;9.81;15.75;21.69;0.0;14.016;3.7;14.69
1984-12-27;8.78;15.06;21.34;0.0;14.816;3.88;16.3
1984-12-28;7.34;13.52;19.7;0.0;14.419;4.26;23.51
1984-12-29;7.09;15.28;23.47;0.0;15.816;4.3;21.91
1984-12-30;11.14;19.7;28.27;0.0;16.872;3.99;20.66
1984-12-31;11.65;19.57;27.49;0.0;15.913;2.8;22.39
